0 0
0 221
0 285
1 1
1 8
1 227
1 297
2 2
2 94
2 165
3 3
3 125
3 258
4 4
4 82
4 227
5 5
5 108
5 212
6 6
6 44
6 64
7 7
7 37
7 116
7 118
7 198
7 210
7 266
8 8
8 221
9 9
9 48
9 105
9 215
9 302
10 10
10 121
10 123
11 11
11 24
11 79
12 12
12 89
12 293
13 13
13 79
13 244
14 14
14 23
14 85
14 136
14 164
14 303
15 15
15 56
15 276
16 16
16 222
16 230
17 17
17 250
17 288
18 18
18 200
18 235
19 19
19 121
19 140
20 20
20 74
20 272
21 21
21 26
21 226
22 22
22 33
22 88
23 23
23 186
24 24
24 157
24 192
24 288
24 304
25 25
25 201
25 249
26 26
26 68
27 27
27 32
27 139
28 28
28 53
28 237
29 29
29 148
29 153
30 30
30 95
30 96
30 307
31 31
31 156
31 270
32 32
32 227
33 33
33 47
33 135
33 165
33 166
33 195
33 309
34 34
34 369
35 35
35 264
35 280
36 36
36 67
36 276
37 37
37 104
38 38
38 103
38 266
39 39
39 123
39 292
40 40
40 97
40 213
41 41
41 263
42 42
42 263
42 286
43 43
43 66
43 74
43 145
43 187
44 44
44 209
44 233
45 45
45 80
45 276
46 46
46 181
46 200
47 47
47 285
48 48
48 211
49 49
49 170
49 184
50 50
50 167
50 271
51 51
51 236
51 271
52 52
52 317
53 53
53 107
54 54
54 205
54 289
55 55
55 131
55 148
55 150
55 175
56 56
56 191
57 57
57 124
57 231
57 237
57 283
57 318
58 58
58 107
58 281
59 59
59 276
60 60
60 145
60 223
61 61
61 151
61 189
62 62
62 112
62 183
63 63
63 321
64 64
64 142
65 65
65 202
65 252
66 66
66 295
67 67
67 280
68 68
68 213
68 261
68 325
69 69
69 74
69 197
70 70
70 74
70 196
71 71
71 116
71 141
72 72
72 128
72 141
73 73
73 99
73 112
73 132
73 216
74 74
74 240
74 327
75 75
75 233
75 254
76 76
76 117
77 77
77 141
77 143
78 78
78 214
78 293
79 79
80 80
80 225
81 81
81 216
81 251
82 82
82 123
83 83
83 117
83 194
84 84
84 138
84 195
85 85
85 200
86 86
86 330
87 87
87 160
87 196
88 88
88 292
89 89
89 135
90 90
90 332
91 91
91 336
92 92
92 215
92 263
93 93
93 166
93 246
94 94
94 245
95 95
95 226
96 96
96 287
97 97
97 169
97 287
98 98
98 209
99 99
100 100
100 220
100 232
101 101
101 228
101 272
102 102
102 342
103 103
103 252
104 104
104 290
105 105
105 190
106 106
106 134
106 192
106 250
107 107
107 120
107 201
107 343
108 108
108 270
109 109
109 161
109 188
110 110
110 218
110 263
111 111
111 201
111 283
112 112
112 264
112 274
112 344
113 113
113 170
113 228
114 114
114 133
114 193
115 115
115 128
115 199
116 116
117 117
117 346
118 118
118 119
118 198
119 119
119 141
120 120
120 133
121 121
121 151
121 154
121 347
122 122
122 223
122 261
123 123
123 238
124 124
124 155
125 125
125 167
126 126
126 348
127 127
127 154
127 191
128 128
129 129
129 143
129 220
130 130
130 276
130 280
131 131
131 286
132 132
132 275
133 133
134 134
134 250
134 276
135 135
136 136
136 207
137 137
137 141
137 260
138 138
138 291
139 139
139 191
140 140
140 222
141 141
141 356
142 142
142 214
142 291
142 357
143 143
144 144
144 358
145 145
145 187
145 223
145 366
146 146
146 236
146 368
147 147
147 219
147 245
147 258
147 259
148 148
149 149
149 223
149 240
150 150
150 212
151 151
152 152
152 375
153 153
153 293
154 154
155 155
155 193
155 205
155 274
155 277
155 284
156 156
156 229
157 157
157 275
158 158
158 202
158 232
159 159
159 192
159 276
160 160
160 252
161 161
161 253
162 162
162 244
162 279
163 163
163 381
164 164
164 208
164 254
164 345
165 165
166 166
167 167
168 168
168 172
168 259
169 169
169 228
170 170
170 185
170 239
170 382
171 171
171 221
171 271
172 172
172 271
173 173
173 280
174 174
174 232
175 175
175 238
176 176
176 384
177 177
177 244
177 248
178 178
178 387
179 179
179 206
180 180
180 206
181 181
181 207
182 182
182 190
182 200
183 183
183 257
184 184
184 206
185 185
185 206
186 186
186 241
187 187
188 188
188 191
189 189
189 229
190 190
191 191
191 289
192 192
193 193
194 194
194 206
195 195
196 196
197 197
197 269
198 198
198 210
198 283
198 388
199 199
199 232
199 243
200 200
201 201
201 260
202 202
202 204
202 243
202 390
203 203
203 205
203 280
204 204
204 252
205 205
205 257
205 282
205 391
206 206
207 207
207 208
208 208
209 209
210 210
211 211
211 286
212 212
212 230
213 213
214 214
215 215
215 265
216 216
217 217
217 394
218 218
218 270
219 219
219 268
219 395
220 220
221 221
222 222
223 223
224 224
224 400
225 225
225 244
226 226
227 227
227 279
228 228
228 269
228 401
229 229
229 230
230 230
230 402
231 231
232 232
232 295
233 233
233 234
233 267
233 403
234 234
234 294
235 235
235 265
236 236
237 237
238 238
239 239
240 240
241 241
241 267
241 286
242 242
242 405
243 243
244 244
244 253
244 406
245 245
246 246
246 268
247 247
247 413
248 248
248 414
249 249
249 281
250 250
251 251
251 415
252 252
252 290
252 416
253 253
254 254
255 255
255 417
256 256
256 418
257 257
258 258
259 259
260 260
261 261
262 262
262 422
263 263
263 423
264 264
265 265
266 266
267 267
268 268
269 269
270 270
271 271
271 424
272 272
273 273
273 426
274 274
275 275
276 276
276 427
277 277
277 282
277 284
278 278
278 428
279 279
280 280
281 281
282 282
283 283
284 284
285 285
286 286
287 287
288 288
289 289
290 290
291 291
292 292
292 293
293 293
293 294
294 294
295 295
296 296
296 447
297 297
297 311
297 312
297 406
298 298
298 299
298 335
298 338
298 342
299 299
300 300
300 370
301 301
301 371
302 302
302 303
302 423
303 303
303 345
304 304
304 344
304 365
304 393
304 406
304 419
304 427
304 435
305 305
305 306
305 307
305 308
305 377
305 378
305 433
306 306
306 380
307 307
307 418
307 420
308 308
308 320
308 325
308 327
308 331
308 340
308 341
308 421
309 309
309 310
309 311
309 369
309 409
309 425
310 310
310 644
311 311
312 312
313 313
313 314
313 412
314 314
314 321
314 342
314 385
315 315
315 379
315 419
316 316
316 376
316 431
317 317
317 358
317 360
317 394
317 422
318 318
318 323
318 441
319 319
319 335
320 320
320 417
321 321
321 376
321 385
321 429
322 322
322 392
322 455
323 323
323 388
323 416
324 324
324 330
324 428
325 325
325 331
325 457
326 326
326 356
326 578
327 327
327 436
328 328
328 428
329 329
329 432
330 330
330 417
330 434
331 331
331 366
332 332
332 333
332 334
332 375
333 333
333 384
333 413
334 334
334 384
334 413
335 335
335 385
336 336
336 387
336 428
336 447
337 337
337 339
337 399
337 431
338 338
338 339
338 399
339 339
340 340
341 341
342 342
342 376
342 431
343 343
343 502
344 344
344 405
344 415
344 441
345 345
345 403
346 346
346 382
346 444
346 447
347 347
347 350
347 355
347 393
347 491
348 348
348 349
348 397
349 349
349 381
349 400
350 350
350 425
351 351
351 374
351 400
351 420
352 352
352 423
352 571
353 353
353 369
354 354
354 357
354 426
355 355
355 402
356 356
356 383
356 388
357 357
357 403
358 358
358 359
358 384
358 422
359 359
359 384
359 387
360 360
360 361
360 414
361 361
362 362
362 363
362 384
362 414
363 363
364 364
364 422
364 435
365 365
365 422
366 366
366 367
366 389
367 367
368 368
368 408
368 413
369 369
369 409
369 426
370 370
370 381
371 371
371 398
372 372
372 374
372 420
373 373
373 374
373 420
374 374
375 375
375 413
376 376
377 377
377 433
377 647
378 378
378 440
378 649
379 379
379 427
380 380
380 381
380 430
381 381
381 397
381 418
381 442
382 382
382 401
382 434
383 383
383 416
384 384
384 385
384 386
384 394
385 385
386 386
387 387
387 405
387 441
388 388
389 389
389 390
389 416
390 390
391 391
391 441
392 392
392 393
392 407
392 412
392 440
392 565
393 393
393 427
394 394
394 408
394 413
395 395
395 409
396 396
396 397
396 398
396 399
397 397
397 400
397 431
398 398
398 428
399 399
399 429
400 400
400 420
401 401
401 421
402 402
402 423
403 403
404 404
404 420
405 405
405 415
406 406
407 407
407 410
407 412
407 565
407 617
408 408
408 409
409 409
409 411
409 413
410 410
411 411
411 414
412 412
412 413
413 413
413 424
414 414
415 415
415 441
416 416
416 434
416 436
416 437
417 417
418 418
419 419
420 420
420 421
420 442
421 421
421 444
422 422
423 423
424 424
425 425
425 426
426 426
427 427
428 428
428 429
429 429
430 430
430 431
430 612
431 431
431 432
432 432
433 433
433 434
433 570
434 434
434 437
435 435
436 436
436 438
437 437
437 438
438 438
438 439
439 439
440 440
440 441
441 441
442 442
442 443
443 443
444 444
444 445
445 445
445 446
446 446
447 447
448 448
448 501
448 561
449 449
449 524
449 532
450 450
450 483
450 499
451 451
451 465
451 485
452 452
452 554
452 572
453 453
453 532
453 552
453 558
454 454
454 560
454 583
455 455
455 456
455 517
455 543
455 563
455 570
456 456
456 507
456 522
456 535
456 551
456 556
456 574
457 457
457 584
458 458
458 533
458 579
459 459
459 509
459 577
460 460
460 535
460 559
461 461
461 469
461 478
462 462
462 574
463 463
463 474
463 507
463 557
463 564
463 581
464 464
464 475
464 534
464 555
464 584
465 465
465 568
466 466
466 481
466 544
467 467
467 545
468 468
468 481
468 523
468 527
469 469
469 474
469 556
470 470
470 513
470 542
470 547
470 548
470 575
470 578
471 471
471 510
471 561
471 582
472 472
472 488
472 500
473 473
473 489
473 492
473 503
473 562
473 568
474 474
474 499
474 557
474 564
475 475
475 542
476 476
476 528
476 569
477 477
477 488
477 504
477 516
477 520
477 526
478 478
478 479
479 479
479 490
479 496
479 499
479 536
479 564
479 581
479 583
480 480
480 535
481 481
481 487
481 511
481 520
481 541
482 482
482 514
482 516
483 483
483 496
483 506
483 528
484 484
484 518
484 539
485 485
485 495
486 486
486 508
486 566
487 487
487 515
487 518
487 575
488 488
488 544
488 566
488 579
489 489
490 490
490 512
491 491
491 508
492 492
492 577
493 493
493 574
494 494
494 501
494 545
495 495
495 538
496 496
497 497
497 505
497 508
498 498
498 548
498 574
499 499
499 538
499 581
500 500
500 508
500 516
501 501
501 521
501 553
502 502
502 518
503 503
503 554
504 504
504 537
505 505
505 539
506 506
507 507
508 508
508 566
508 585
509 509
509 532
510 510
510 569
511 511
511 579
512 512
512 583
513 513
513 574
514 514
514 558
515 515
515 574
516 516
516 554
516 571
517 517
517 525
517 563
517 565
518 518
519 519
519 554
519 568
520 520
521 521
521 532
522 522
522 531
523 523
524 524
524 572
525 525
525 563
526 526
527 527
527 538
527 557
528 528
529 529
529 530
529 561
530 530
531 531
531 573
532 532
533 533
533 554
534 534
535 535
535 551
535 573
535 574
536 536
537 537
537 554
538 538
539 539
540 540
540 549
540 572
541 541
542 542
543 543
543 650
543 658
544 544
545 545
546 546
546 550
546 552
547 547
547 584
548 548
549 549
550 550
550 553
551 551
552 552
553 553
554 554
554 580
555 555
555 584
556 556
557 557
558 558
559 559
559 581
560 560
560 569
561 561
562 562
563 563
563 564
564 564
564 581
565 565
565 566
565 567
566 566
566 571
566 580
567 567
567 568
568 568
568 576
569 569
569 582
570 570
571 571
572 572
573 573
574 574
575 575
576 576
576 580
577 577
578 578
579 579
580 580
580 585
581 581
582 582
583 583
584 584
585 585
586 586
586 589
586 627
587 587
587 594
587 607
588 588
588 609
588 639
589 589
589 590
589 607
589 631
589 633
590 590
590 661
591 591
591 603
592 592
592 593
592 595
592 600
592 618
592 627
592 646
593 593
593 641
593 645
594 594
594 627
594 631
594 638
595 595
595 618
595 642
596 596
596 597
596 601
596 609
596 634
597 597
597 601
597 609
597 610
597 622
597 626
597 634
597 638
598 598
598 605
598 613
599 599
599 611
599 628
600 600
600 627
600 632
601 601
602 602
602 608
603 603
603 610
603 639
604 604
604 625
604 628
604 632
605 605
605 621
606 606
606 615
606 625
606 637
607 607
607 627
608 608
608 632
609 609
609 610
609 626
609 639
610 610
610 639
611 611
611 630
612 612
612 613
612 643
613 613
614 614
614 621
614 641
614 645
615 615
615 616
616 616
616 638
617 617
617 618
618 618
618 619
618 644
619 619
620 620
620 621
620 642
621 621
622 622
623 623
623 639
623 660
624 624
624 638
625 625
625 630
626 626
627 627
627 629
627 631
628 628
628 638
629 629
630 630
631 631
632 632
633 633
633 659
634 634
635 635
635 636
635 637
636 636
637 637
638 638
639 639
639 640
640 640
641 641
642 642
642 643
643 643
644 644
644 645
644 646
645 645
646 646
647 647
647 648
647 654
648 648
649 649
649 654
650 650
650 651
651 651
651 655
651 656
651 658
652 652
652 653
652 655
652 657
652 658
652 659
652 661
653 653
653 654
653 655
653 656
653 657
654 654
654 657
654 659
654 660
654 661
655 655
655 657
655 659
655 660
656 656
656 657
656 658
657 657
657 658
657 661
658 658
659 659
659 660
659 661
660 660
660 661
661 661
