0 0
0 5
0 13
0 27
0 31
0 82
0 83
0 85
0 86
0 95
0 98
0 161
0 162
0 163
0 165
0 167
0 173
0 175
0 234
0 235
0 236
0 479
0 482
0 639
0 640
0 789
0 790
0 943
0 944
0 1438
0 1597
0 1598
0 1747
0 1748
0 1901
0 1902
1 1
1 1437
1 1440
2 2
2 7
2 8
2 10
2 13
2 14
2 15
2 16
2 17
2 18
2 19
2 21
2 27
2 29
2 31
2 33
2 87
2 88
2 89
2 95
2 98
2 100
2 101
2 483
2 486
2 505
2 506
2 511
2 512
2 645
2 646
2 663
2 664
2 1442
2 1463
2 1464
2 1467
2 1468
2 1469
2 1470
2 1603
2 1604
2 1621
2 1622
3 3
3 1441
3 1444
4 4
4 487
4 490
5 5
5 13
5 27
5 31
5 82
5 85
5 86
5 95
5 98
5 161
5 165
5 166
5 167
5 173
5 175
5 179
5 234
5 235
5 488
5 795
5 796
5 939
5 940
5 1445
5 1448
5 1753
5 1754
5 1897
5 1898
6 6
6 491
6 494
7 7
7 13
7 19
7 26
7 27
7 87
7 88
7 95
7 98
7 99
7 100
7 101
7 492
7 531
7 532
7 641
7 642
7 667
7 668
7 1449
7 1452
7 1489
7 1490
7 1599
7 1600
7 1625
7 1626
8 8
8 10
8 13
8 17
8 19
8 21
8 22
8 24
8 27
8 29
8 31
8 33
8 36
8 38
8 39
8 40
8 41
8 42
8 43
8 45
8 53
8 56
8 59
8 64
8 66
8 67
8 77
8 79
8 88
8 90
8 92
8 93
8 94
8 95
8 98
8 100
8 119
8 129
8 132
8 136
8 140
8 146
8 157
8 165
8 175
8 178
8 179
8 191
8 195
8 197
8 204
8 208
8 217
8 220
8 227
8 237
8 240
8 244
8 245
8 249
8 250
8 253
8 255
8 256
8 264
8 268
8 270
8 271
8 275
8 286
8 288
8 292
8 305
8 318
8 330
8 338
8 341
8 346
8 355
8 357
8 378
8 390
8 395
8 420
8 495
8 498
8 561
8 562
8 563
8 564
8 967
8 968
8 1454
8 1517
8 1519
8 1520
8 1521
8 1522
8 1923
8 1924
8 1925
8 1926
9 9
9 1453
9 1456
10 10
10 12
10 13
10 17
10 19
10 21
10 27
10 29
10 31
10 33
10 77
10 88
10 90
10 92
10 93
10 94
10 95
10 96
10 98
10 100
10 104
10 111
10 114
10 116
10 129
10 140
10 165
10 175
10 179
10 182
10 183
10 184
10 186
10 189
10 191
10 193
10 194
10 195
10 237
10 240
10 253
10 499
10 502
10 503
10 504
10 655
10 656
10 827
10 828
10 853
10 854
10 1458
10 1461
10 1462
10 1613
10 1614
10 1785
10 1786
10 1811
10 1812
11 11
11 1457
11 1460
12 12
12 13
12 30
12 31
12 504
12 539
12 540
12 1462
12 1497
12 1498
13 13
13 14
13 15
13 17
13 19
13 21
13 27
13 29
13 30
13 31
13 33
13 85
13 88
13 90
13 93
13 95
13 97
13 98
13 100
13 161
13 165
13 173
13 175
13 179
13 235
13 237
13 240
13 253
13 505
13 508
13 537
13 538
13 659
13 660
13 1463
13 1464
13 1495
13 1496
13 1617
13 1618
14 14
14 15
14 16
14 17
14 19
14 21
14 29
14 507
14 508
14 515
14 518
14 519
14 520
14 1465
14 1466
14 1474
14 1477
14 1478
15 15
15 1463
15 1466
16 16
16 17
16 19
16 29
16 509
16 512
16 513
16 514
16 1468
16 1471
16 1472
17 17
17 18
17 19
17 21
17 27
17 29
17 31
17 33
17 77
17 88
17 90
17 92
17 93
17 95
17 98
17 100
17 103
17 104
17 107
17 108
17 109
17 111
17 112
17 113
17 114
17 116
17 129
17 140
17 165
17 175
17 186
17 191
17 195
17 237
17 240
17 253
17 509
17 510
17 546
17 683
17 684
17 689
17 690
17 691
17 692
17 1467
17 1468
17 1503
17 1506
17 1641
17 1642
17 1647
17 1648
17 1649
17 1650
18 18
18 1467
18 1470
19 19
19 21
19 26
19 27
19 29
19 31
19 33
19 88
19 95
19 98
19 100
19 514
19 529
19 530
19 1472
19 1487
19 1488
20 20
20 1473
20 1476
21 21
21 27
21 29
21 31
21 33
21 77
21 88
21 90
21 92
21 93
21 95
21 98
21 100
21 104
21 108
21 110
21 111
21 112
21 113
21 114
21 115
21 116
21 129
21 140
21 165
21 175
21 186
21 191
21 195
21 237
21 240
21 253
21 520
21 685
21 687
21 688
21 691
21 693
21 694
21 695
21 696
21 1478
21 1645
21 1646
21 1651
21 1652
21 1653
21 1654
22 22
22 24
22 29
22 36
22 45
22 66
22 90
22 92
22 93
22 119
22 120
22 121
22 521
22 524
22 705
22 706
22 709
22 710
22 1480
22 1663
22 1664
22 1667
22 1668
23 23
23 1479
23 1482
24 24
24 29
24 36
24 38
24 40
24 41
24 44
24 45
24 47
24 48
24 49
24 50
24 51
24 52
24 56
24 57
24 59
24 60
24 62
24 64
24 66
24 67
24 77
24 79
24 90
24 92
24 93
24 119
24 120
24 121
24 129
24 132
24 136
24 140
24 195
24 525
24 528
24 573
24 574
24 579
24 580
24 589
24 590
24 703
24 704
24 1484
24 1531
24 1532
24 1535
24 1536
24 1537
24 1538
24 1547
24 1548
24 1661
24 1662
25 25
25 1483
25 1486
26 26
26 27
26 529
26 530
26 532
27 27
27 29
27 31
27 33
27 82
27 83
27 84
27 85
27 88
27 90
27 93
27 95
27 98
27 100
27 161
27 165
27 173
27 175
27 179
27 235
27 237
27 240
27 253
27 530
27 633
27 634
27 1487
27 1490
27 1591
27 1592
28 28
28 533
28 536
29 29
29 31
29 33
29 36
29 38
29 39
29 40
29 41
29 43
29 45
29 53
29 55
29 56
29 59
29 64
29 66
29 67
29 77
29 79
29 88
29 90
29 92
29 93
29 95
29 98
29 100
29 119
29 129
29 132
29 136
29 140
29 146
29 157
29 165
29 175
29 191
29 195
29 204
29 237
29 240
29 253
29 534
29 557
29 558
29 585
29 586
29 1491
29 1494
29 1515
29 1516
29 1543
29 1544
30 30
30 31
30 537
30 538
30 540
31 31
31 33
31 86
31 88
31 90
31 92
31 93
31 95
31 98
31 100
31 161
31 162
31 163
31 165
31 167
31 169
31 170
31 173
31 175
31 176
31 179
31 235
31 237
31 240
31 253
31 538
31 787
31 788
31 811
31 812
31 1495
31 1498
31 1745
31 1746
31 1769
31 1770
32 32
32 541
32 544
33 33
33 77
33 88
33 90
33 92
33 93
33 95
33 98
33 100
33 104
33 111
33 129
33 140
33 165
33 175
33 184
33 185
33 186
33 187
33 191
33 195
33 237
33 240
33 253
33 542
33 657
33 658
33 833
33 834
33 837
33 838
33 839
33 840
33 1499
33 1502
33 1615
33 1616
33 1791
33 1792
33 1797
33 1798
34 34
34 545
34 548
35 35
35 549
35 552
36 36
36 38
36 40
36 41
36 44
36 45
36 47
36 48
36 49
36 50
36 51
36 53
36 56
36 57
36 59
36 62
36 64
36 66
36 67
36 68
36 70
36 71
36 75
36 76
36 77
36 79
36 80
36 81
36 90
36 92
36 93
36 119
36 121
36 129
36 132
36 136
36 137
36 140
36 146
36 148
36 154
36 157
36 158
36 165
36 191
36 195
36 197
36 204
36 208
36 217
36 220
36 227
36 237
36 240
36 253
36 268
36 270
36 271
36 275
36 318
36 357
36 378
36 550
36 571
36 572
36 619
36 620
36 623
36 624
36 629
36 630
36 1507
36 1510
36 1529
36 1530
36 1577
36 1578
36 1581
36 1582
36 1587
36 1588
37 37
37 553
37 556
38 38
38 40
38 41
38 44
38 45
38 48
38 50
38 51
38 56
38 57
38 59
38 60
38 61
38 62
38 64
38 66
38 67
38 77
38 79
38 92
38 129
38 132
38 136
38 554
38 575
38 576
38 593
38 594
38 595
38 597
38 598
38 1511
38 1514
38 1533
38 1534
38 1551
38 1552
38 1555
38 1556
39 39
39 40
39 41
39 557
39 558
39 560
39 561
40 40
40 41
40 45
40 53
40 59
40 64
40 66
40 67
40 77
40 79
40 90
40 92
40 93
40 122
40 126
40 129
40 132
40 136
40 137
40 140
40 146
40 148
40 157
40 165
40 191
40 195
40 197
40 201
40 204
40 208
40 217
40 219
40 220
40 227
40 237
40 240
40 253
40 268
40 270
40 271
40 275
40 286
40 288
40 305
40 318
40 354
40 357
40 363
40 366
40 378
40 382
40 390
40 395
40 442
40 443
40 558
40 1171
40 1172
40 1515
40 1517
40 1518
40 2129
40 2130
41 41
41 42
41 44
41 45
41 46
41 47
41 56
41 57
41 59
41 62
41 64
41 66
41 77
41 92
41 129
41 132
41 136
41 559
41 560
41 565
41 568
41 569
41 570
41 1517
41 1518
41 1523
41 1524
41 1527
41 1528
42 42
42 1517
42 1520
43 43
43 55
43 56
43 77
43 564
43 587
43 588
43 1522
43 1545
43 1546
44 44
44 45
44 46
44 62
44 565
44 566
44 595
44 596
44 1523
44 1524
44 1553
44 1556
45 45
45 46
45 56
45 59
45 62
45 64
45 66
45 67
45 77
45 79
45 90
45 92
45 93
45 119
45 121
45 129
45 132
45 136
45 140
45 195
45 567
45 568
45 708
45 1525
45 1526
45 1666
46 46
46 1523
46 1526
47 47
47 56
47 57
47 66
47 77
47 92
47 128
47 129
47 131
47 132
47 133
47 570
47 733
47 734
47 1528
47 1691
47 1692
48 48
48 49
48 59
48 62
48 64
48 66
48 77
48 92
48 136
48 571
48 574
48 741
48 742
48 1530
48 1699
48 1700
49 49
49 1529
49 1530
49 1532
50 50
50 51
50 52
50 576
50 577
50 578
50 1534
50 1535
50 1536
51 51
51 59
51 66
51 67
51 68
51 70
51 71
51 72
51 73
51 75
51 76
51 77
51 79
51 577
51 580
51 613
51 614
51 615
51 616
51 1536
51 1571
51 1572
51 1573
51 1574
52 52
52 1535
52 1538
53 53
53 59
53 64
53 66
53 67
53 77
53 79
53 90
53 92
53 93
53 129
53 132
53 136
53 137
53 140
53 146
53 148
53 154
53 157
53 158
53 165
53 191
53 195
53 197
53 204
53 208
53 210
53 211
53 217
53 220
53 227
53 237
53 240
53 253
53 268
53 270
53 271
53 275
53 279
53 280
53 281
53 286
53 288
53 305
53 318
53 357
53 378
53 385
53 387
53 390
53 395
53 443
53 446
53 456
53 457
53 458
53 459
53 460
53 461
53 466
53 581
53 584
53 1021
53 1022
53 1383
53 1384
53 1389
53 1390
53 1540
53 1977
53 1978
53 1979
53 1980
53 2341
53 2342
53 2347
53 2348
54 54
54 1539
54 1542
55 55
55 56
55 585
55 588
56 56
56 57
56 59
56 66
56 77
56 92
56 127
56 128
56 129
56 130
56 131
56 132
56 585
56 586
56 727
56 728
56 729
56 730
56 1543
56 1546
56 1685
56 1686
56 1687
56 1688
57 57
57 58
57 59
57 60
57 66
57 77
57 92
57 127
57 128
57 129
57 130
57 132
57 590
57 593
57 594
57 725
57 726
57 1547
57 1548
57 1683
57 1684
58 58
58 59
58 591
58 594
59 59
59 60
59 62
59 64
59 65
59 66
59 67
59 68
59 69
59 70
59 71
59 72
59 73
59 75
59 77
59 79
59 90
59 92
59 93
59 129
59 132
59 136
59 140
59 142
59 146
59 157
59 195
59 204
59 591
59 592
59 594
59 604
59 611
59 612
59 1549
59 1550
59 1561
59 1563
59 1564
59 1569
59 1570
60 60
60 1547
60 1550
60 1551
61 61
61 62
61 595
61 598
62 62
62 64
62 66
62 77
62 92
62 136
62 595
62 596
62 742
62 1553
62 1554
62 1700
63 63
63 599
63 602
64 64
64 66
64 67
64 77
64 79
64 90
64 92
64 93
64 129
64 132
64 136
64 137
64 140
64 146
64 148
64 157
64 165
64 191
64 195
64 197
64 204
64 208
64 217
64 220
64 227
64 237
64 240
64 253
64 268
64 270
64 271
64 275
64 277
64 279
64 280
64 286
64 288
64 305
64 318
64 357
64 378
64 385
64 387
64 390
64 395
64 443
64 446
64 456
64 458
64 461
64 462
64 464
64 465
64 466
64 600
64 1017
64 1018
64 1399
64 1400
64 1403
64 1405
64 1406
64 1557
64 1560
64 1975
64 1976
64 2357
64 2358
64 2363
64 2364
65 65
65 66
65 67
65 68
65 603
65 604
65 606
65 607
66 66
66 67
66 68
66 71
66 75
66 77
66 78
66 79
66 80
66 81
66 90
66 92
66 93
66 119
66 129
66 132
66 136
66 137
66 140
66 142
66 146
66 148
66 154
66 157
66 158
66 165
66 191
66 195
66 197
66 204
66 208
66 217
66 220
66 227
66 237
66 240
66 253
66 268
66 270
66 271
66 275
66 318
66 357
66 378
66 603
66 604
66 627
66 628
66 631
66 632
66 710
66 1561
66 1562
66 1585
66 1586
66 1589
66 1590
66 1668
67 67
67 68
67 69
67 75
67 77
67 79
67 81
67 90
67 92
67 93
67 129
67 132
67 136
67 137
67 139
67 140
67 142
67 143
67 146
67 148
67 154
67 157
67 158
67 165
67 191
67 195
67 197
67 204
67 208
67 214
67 217
67 220
67 227
67 237
67 240
67 253
67 268
67 270
67 271
67 275
67 316
67 317
67 318
67 319
67 357
67 378
67 605
67 606
67 893
67 896
67 1097
67 1098
67 1563
67 1564
67 1852
67 2055
67 2056
68 68
68 69
68 70
68 71
68 75
68 77
68 607
68 608
68 624
68 1565
68 1566
68 1582
69 69
69 1563
69 1566
70 70
70 71
70 73
70 74
70 75
70 76
70 609
70 610
70 616
70 619
70 620
70 1567
70 1568
70 1574
71 71
71 72
71 73
71 75
71 77
71 610
71 613
71 614
71 621
71 622
71 1567
71 1568
71 1579
71 1580
72 72
72 611
72 614
73 73
73 1567
73 1570
73 1571
74 74
74 75
74 617
74 620
75 75
75 76
75 77
75 78
75 79
75 617
75 618
75 620
75 626
75 1575
75 1576
75 1583
75 1586
76 76
76 1573
76 1574
76 1576
76 1577
77 77
77 79
77 88
77 90
77 92
77 93
77 100
77 104
77 111
77 116
77 118
77 119
77 122
77 129
77 132
77 136
77 137
77 140
77 146
77 148
77 157
77 165
77 175
77 186
77 191
77 193
77 195
77 197
77 204
77 208
77 217
77 220
77 227
77 237
77 240
77 253
77 254
77 255
77 256
77 258
77 261
77 264
77 268
77 270
77 271
77 275
77 286
77 288
77 292
77 294
77 305
77 318
77 330
77 338
77 341
77 346
77 347
77 355
77 357
77 378
77 390
77 395
77 420
77 425
77 622
77 1580
78 78
78 79
78 625
78 626
78 628
79 79
79 81
79 90
79 92
79 93
79 129
79 132
79 136
79 137
79 139
79 140
79 142
79 144
79 146
79 148
79 152
79 154
79 155
79 157
79 158
79 159
79 165
79 191
79 195
79 197
79 204
79 208
79 217
79 220
79 227
79 231
79 237
79 240
79 253
79 268
79 270
79 271
79 275
79 317
79 318
79 357
79 378
79 478
79 625
79 626
79 768
79 1433
79 1434
79 1583
79 1584
79 1725
79 1728
79 2391
79 2392
80 80
80 81
80 629
80 630
80 632
81 81
81 136
81 146
81 154
81 155
81 157
81 158
81 204
81 230
81 231
81 316
81 317
81 318
81 319
81 357
81 378
81 478
81 630
81 1099
81 1100
81 1433
81 1435
81 1436
81 1587
81 1590
81 2055
81 2056
81 2057
81 2058
81 2393
81 2394
82 82
82 83
82 85
82 161
82 234
82 235
82 236
82 633
82 636
82 785
82 786
82 941
82 942
82 1591
82 1592
82 1743
82 1744
82 1899
82 1900
83 83
83 84
83 85
83 635
83 636
83 638
83 1591
83 1593
83 1594
83 1596
84 84
84 1591
84 1594
85 85
85 95
85 97
85 161
85 235
85 637
85 638
85 660
85 1595
85 1596
85 1617
85 1620
86 86
86 166
86 167
86 640
86 795
86 796
86 797
86 798
86 1598
86 1755
86 1756
87 87
87 88
87 89
87 642
87 643
87 644
87 1600
87 1601
87 1602
88 88
88 89
88 90
88 92
88 93
88 94
88 95
88 98
88 100
88 103
88 104
88 106
88 108
88 109
88 111
88 129
88 140
88 165
88 175
88 179
88 191
88 195
88 237
88 240
88 253
88 643
88 646
88 677
88 678
88 679
88 680
88 1602
88 1635
88 1636
88 1637
88 1638
89 89
89 1601
89 1602
89 1604
90 90
90 92
90 93
90 95
90 98
90 100
90 104
90 111
90 112
90 116
90 118
90 119
90 121
90 122
90 126
90 129
90 132
90 134
90 136
90 137
90 139
90 140
90 141
90 142
90 143
90 146
90 148
90 157
90 165
90 175
90 179
90 186
90 191
90 195
90 197
90 201
90 204
90 208
90 214
90 217
90 220
90 227
90 237
90 240
90 241
90 244
90 245
90 248
90 253
90 255
90 256
90 264
90 268
90 270
90 271
90 275
90 286
90 288
90 292
90 305
90 318
90 330
90 338
90 341
90 346
90 355
90 357
90 378
90 390
90 395
90 420
90 647
90 650
90 701
90 702
90 747
90 748
90 895
90 896
90 963
90 964
90 1606
90 1659
90 1660
90 1705
90 1706
90 1853
90 1854
90 1919
90 1920
90 1921
90 1922
91 91
91 1605
91 1608
92 92
92 93
92 95
92 100
92 104
92 108
92 111
92 112
92 116
92 119
92 121
92 129
92 132
92 136
92 139
92 140
92 142
92 143
92 144
92 146
92 149
92 150
92 157
92 165
92 175
92 186
92 191
92 195
92 204
92 237
92 240
92 253
92 651
92 652
92 670
92 763
92 764
92 767
92 768
92 769
92 770
92 1609
92 1610
92 1627
92 1630
92 1721
92 1722
92 1727
92 1728
93 93
93 94
93 95
93 98
93 100
93 104
93 111
93 114
93 116
93 119
93 121
93 124
93 129
93 132
93 136
93 140
93 146
93 157
93 165
93 175
93 178
93 179
93 186
93 189
93 191
93 195
93 197
93 204
93 208
93 217
93 220
93 227
93 237
93 240
93 241
93 244
93 245
93 248
93 253
93 255
93 256
93 264
93 268
93 270
93 271
93 275
93 286
93 288
93 292
93 305
93 318
93 330
93 338
93 341
93 346
93 355
93 357
93 378
93 390
93 395
93 420
93 652
93 717
93 718
93 961
93 962
93 1610
93 1675
93 1676
93 1919
93 1920
94 94
94 95
94 96
94 100
94 175
94 177
94 178
94 179
94 180
94 181
94 653
94 656
94 819
94 820
94 823
94 824
94 1612
94 1777
94 1778
94 1781
94 1782
95 95
95 96
95 97
95 98
95 100
95 161
95 165
95 173
95 175
95 179
95 235
95 237
95 240
95 253
95 653
95 654
95 658
95 661
95 662
95 1611
95 1612
95 1616
95 1619
95 1620
96 96
96 1611
96 1612
96 1614
97 97
97 659
97 660
97 662
98 98
98 99
98 100
98 101
98 161
98 165
98 167
98 169
98 172
98 173
98 174
98 175
98 179
98 235
98 237
98 240
98 253
98 664
98 667
98 668
98 807
98 808
98 1622
98 1765
98 1766
99 99
99 100
99 665
99 668
100 100
100 101
100 103
100 104
100 105
100 106
100 108
100 111
100 112
100 114
100 115
100 116
100 117
100 129
100 140
100 165
100 175
100 179
100 186
100 189
100 191
100 195
100 237
100 240
100 253
100 665
100 666
100 675
100 676
100 678
100 696
100 1623
100 1624
100 1633
100 1634
100 1653
100 1656
101 101
101 1621
101 1622
101 1624
101 1625
102 102
102 669
102 672
103 103
103 104
103 106
103 107
103 108
103 109
103 673
103 674
103 680
103 683
103 684
103 1631
103 1632
103 1638
104 104
104 105
104 106
104 108
104 111
104 129
104 140
104 175
104 186
104 191
104 195
104 253
104 674
104 677
104 678
104 973
104 974
104 1632
104 1931
104 1932
105 105
105 675
105 678
106 106
106 1631
106 1632
106 1634
106 1635
107 107
107 108
107 681
107 684
108 108
108 109
108 111
108 681
108 682
108 685
108 686
108 1639
108 1640
108 1643
108 1646
109 109
109 1637
109 1638
109 1640
109 1641
110 110
110 111
110 685
110 688
111 111
111 114
111 116
111 129
111 175
111 184
111 186
111 188
111 189
111 191
111 685
111 686
111 838
111 841
111 842
111 1643
111 1644
111 1795
111 1798
111 1799
111 1800
112 112
112 115
112 116
112 117
112 690
112 699
112 700
112 1648
112 1657
112 1658
113 113
113 691
113 694
114 114
114 116
114 129
114 186
114 188
114 189
114 190
114 191
114 192
114 691
114 692
114 841
114 842
114 843
114 844
114 849
114 850
114 1649
114 1652
114 1801
114 1802
114 1807
114 1808
115 115
115 116
115 695
115 696
115 698
115 699
116 116
116 117
116 129
116 186
116 189
116 190
116 191
116 192
116 193
116 194
116 697
116 698
116 847
116 848
116 851
116 854
116 1655
116 1656
116 1805
116 1806
116 1810
117 117
117 1655
117 1656
117 1658
118 118
118 119
118 129
118 195
118 215
118 702
118 897
118 898
118 899
118 900
118 1660
118 1857
118 1858
119 119
119 120
119 121
119 124
119 129
119 140
119 195
119 215
119 703
119 706
119 715
119 716
119 897
119 898
119 1662
119 1673
119 1674
119 1855
119 1856
120 120
120 1661
120 1662
120 1664
121 121
121 124
121 707
121 708
121 716
121 1665
121 1666
121 1673
121 1676
122 122
122 126
122 129
122 132
122 134
122 136
122 137
122 140
122 146
122 148
122 157
122 197
122 199
122 201
122 202
122 203
122 204
122 205
122 206
122 208
122 217
122 219
122 220
122 222
122 227
122 268
122 270
122 271
122 275
122 711
122 714
122 867
122 868
122 873
122 874
122 877
122 878
122 909
122 910
122 1670
122 1825
122 1826
122 1831
122 1832
122 1833
122 1834
122 1835
122 1836
122 1867
122 1868
123 123
123 1669
123 1672
124 124
124 715
124 716
124 718
125 125
125 719
125 722
126 126
126 129
126 132
126 134
126 136
126 137
126 140
126 146
126 148
126 157
126 197
126 199
126 200
126 201
126 204
126 205
126 208
126 217
126 218
126 219
126 220
126 222
126 227
126 268
126 270
126 271
126 275
126 720
126 879
126 880
126 905
126 907
126 908
126 913
126 914
126 1677
126 1680
126 1837
126 1838
126 1865
126 1866
126 1871
126 1872
127 127
127 128
127 129
127 723
127 726
127 727
128 128
128 129
128 131
128 132
128 133
128 723
128 724
128 730
128 1681
128 1682
128 1687
128 1690
129 129
129 130
129 132
129 134
129 136
129 137
129 140
129 146
129 148
129 157
129 165
129 175
129 184
129 186
129 189
129 191
129 193
129 195
129 197
129 201
129 204
129 208
129 217
129 220
129 227
129 237
129 240
129 244
129 245
129 251
129 253
129 254
129 255
129 256
129 258
129 259
129 261
129 264
129 268
129 270
129 271
129 275
129 286
129 288
129 292
129 294
129 305
129 318
129 322
129 323
129 324
129 330
129 333
129 338
129 341
129 346
129 355
129 357
129 378
129 390
129 395
129 403
129 405
129 420
129 723
129 724
129 1681
129 1684
130 130
130 1683
130 1684
130 1686
131 131
131 132
131 729
131 730
131 732
131 733
132 132
132 133
132 134
132 136
132 137
132 140
132 146
132 148
132 157
132 165
132 191
132 195
132 196
132 197
132 201
132 204
132 208
132 217
132 220
132 227
132 237
132 240
132 253
132 268
132 270
132 271
132 275
132 318
132 357
132 378
132 731
132 732
132 857
132 860
132 1689
132 1690
132 1816
133 133
133 1689
133 1690
133 1692
134 134
134 136
134 140
134 146
134 201
134 202
134 735
134 738
134 739
134 740
134 869
134 870
134 1694
134 1697
134 1698
134 1825
134 1826
134 1827
134 1828
135 135
135 1693
135 1696
136 136
136 137
136 139
136 140
136 142
136 144
136 146
136 148
136 151
136 152
136 153
136 154
136 155
136 156
136 157
136 158
136 159
136 165
136 191
136 195
136 197
136 201
136 204
136 208
136 217
136 220
136 227
136 237
136 240
136 253
136 268
136 270
136 271
136 275
136 318
136 357
136 378
136 740
136 773
136 774
136 775
136 776
136 777
136 778
136 779
136 780
136 1698
136 1731
136 1732
136 1735
136 1736
136 1737
136 1738
137 137
137 140
137 146
137 148
137 154
137 157
137 158
137 197
137 201
137 204
137 207
137 208
137 209
137 210
137 211
137 212
137 213
137 217
137 219
137 220
137 227
137 268
137 270
137 271
137 273
137 274
137 275
137 276
137 318
137 357
137 378
137 743
137 746
137 881
137 882
137 891
137 892
137 1007
137 1008
137 1011
137 1012
137 1702
137 1839
137 1840
137 1849
137 1850
137 1965
137 1966
137 1969
137 1970
138 138
138 1701
138 1704
139 139
139 140
139 141
139 142
139 144
139 747
139 750
139 753
139 754
139 1706
139 1711
139 1712
140 140
140 141
140 142
140 146
140 148
140 149
140 157
140 165
140 175
140 191
140 195
140 196
140 197
140 201
140 204
140 208
140 217
140 220
140 227
140 237
140 238
140 239
140 240
140 241
140 242
140 243
140 244
140 245
140 247
140 253
140 255
140 256
140 264
140 268
140 270
140 271
140 275
140 284
140 286
140 288
140 292
140 305
140 318
140 330
140 338
140 341
140 346
140 355
140 357
140 378
140 390
140 395
140 420
140 749
140 750
140 763
140 765
140 766
140 859
140 860
140 951
140 952
140 960
140 1027
140 1028
140 1029
140 1030
140 1707
140 1708
140 1723
140 1724
140 1817
140 1818
140 1907
140 1908
140 1909
140 1910
140 1918
140 1987
140 1988
141 141
141 1705
141 1706
141 1708
142 142
142 143
142 146
142 157
142 204
142 751
142 752
142 763
142 764
142 1709
142 1710
142 1721
142 1724
143 143
143 146
143 157
143 204
143 214
143 752
143 893
143 894
143 1710
143 1851
143 1852
144 144
144 150
144 754
144 767
144 768
144 1712
144 1725
144 1726
145 145
145 755
145 758
146 146
146 148
146 151
146 152
146 154
146 155
146 157
146 158
146 159
146 165
146 191
146 195
146 197
146 199
146 201
146 203
146 204
146 208
146 217
146 219
146 220
146 227
146 230
146 231
146 237
146 240
146 253
146 268
146 270
146 271
146 275
146 317
146 318
146 321
146 357
146 378
146 756
146 771
146 772
146 871
146 872
146 1101
146 1102
146 1107
146 1108
146 1713
146 1716
146 1729
146 1730
146 1829
146 1830
146 2059
146 2060
146 2065
146 2066
147 147
147 759
147 762
148 148
148 154
148 157
148 158
148 197
148 199
148 201
148 204
148 205
148 208
148 210
148 211
148 217
148 219
148 220
148 223
148 224
148 227
148 268
148 270
148 271
148 273
148 274
148 275
148 318
148 357
148 378
148 760
148 915
148 916
148 919
148 921
148 922
148 1005
148 1006
148 1717
148 1720
148 1873
148 1874
148 1879
148 1880
148 1963
148 1964
149 149
149 763
149 766
150 150
150 767
150 770
151 151
151 152
151 771
151 774
152 152
152 154
152 157
152 158
152 204
152 225
152 226
152 227
152 228
152 229
152 771
152 772
152 927
152 928
152 929
152 931
152 932
152 1729
152 1732
152 1885
152 1886
152 1889
152 1890
153 153
153 154
153 775
153 778
154 154
154 155
154 157
154 158
154 204
154 208
154 210
154 211
154 225
154 226
154 227
154 229
154 318
154 357
154 378
154 775
154 776
154 919
154 920
154 929
154 930
154 1733
154 1734
154 1877
154 1880
154 1887
154 1888
155 155
155 157
155 158
155 204
155 230
155 231
155 320
155 321
155 378
155 776
155 1105
155 1106
155 1108
155 1733
155 1736
155 2063
155 2064
156 156
156 157
156 158
156 159
156 779
156 782
156 783
157 157
157 158
157 159
157 165
157 191
157 195
157 197
157 204
157 208
157 217
157 220
157 221
157 222
157 227
157 230
157 231
157 232
157 233
157 237
157 240
157 253
157 268
157 270
157 271
157 275
157 318
157 357
157 378
157 779
157 780
157 911
157 912
157 914
157 935
157 936
157 938
157 1737
157 1740
157 1869
157 1870
157 1893
157 1894
158 158
158 159
158 160
158 204
158 208
158 211
158 212
158 213
158 225
158 227
158 228
158 318
158 357
158 378
158 781
158 782
158 889
158 892
158 925
158 926
158 1739
158 1740
158 1848
158 1883
158 1884
159 159
159 160
159 783
159 784
159 1102
159 1739
159 1740
159 1741
159 1742
159 2060
160 160
160 1739
160 1742
161 161
161 165
161 167
161 168
161 169
161 170
161 171
161 173
161 175
161 235
161 786
161 803
161 804
161 1744
161 1761
161 1762
162 162
162 163
162 165
162 787
162 790
162 793
162 794
162 1746
162 1751
162 1752
163 163
163 1745
163 1746
163 1748
164 164
164 791
164 794
165 165
165 173
165 175
165 179
165 191
165 195
165 197
165 204
165 208
165 217
165 220
165 227
165 235
165 237
165 240
165 244
165 245
165 253
165 255
165 256
165 264
165 268
165 270
165 271
165 275
165 286
165 288
165 292
165 305
165 318
165 322
165 323
165 324
165 326
165 327
165 328
165 329
165 330
165 333
165 335
165 338
165 341
165 346
165 355
165 357
165 378
165 390
165 395
165 403
165 405
165 420
165 792
165 794
165 1117
165 1118
165 1131
165 1132
165 1749
165 1752
165 2075
165 2076
165 2089
165 2090
166 166
166 795
166 798
167 167
167 168
167 169
167 170
167 172
167 173
167 174
167 175
167 796
167 799
167 800
167 809
167 810
167 1753
167 1756
167 1757
167 1758
167 1767
167 1768
168 168
168 169
168 170
168 799
168 800
168 802
168 803
169 169
169 170
169 171
169 172
169 173
169 175
169 800
169 805
169 806
169 1757
169 1760
169 1763
169 1764
170 170
170 171
170 173
170 175
170 801
170 802
170 811
170 814
170 1759
170 1760
170 1769
170 1770
171 171
171 1759
171 1760
171 1762
172 172
172 173
172 805
172 806
172 808
172 809
173 173
173 174
173 175
173 179
173 235
173 240
173 253
173 806
173 1763
173 1766
174 174
174 1765
174 1766
174 1768
175 175
175 176
175 177
175 178
175 179
175 180
175 181
175 182
175 183
175 184
175 185
175 186
175 191
175 195
175 235
175 237
175 240
175 253
175 813
175 814
175 816
175 821
175 822
175 823
175 824
175 825
175 826
175 829
175 830
175 833
175 834
175 835
175 836
175 1769
175 1771
175 1772
175 1774
175 1779
175 1780
175 1783
175 1784
175 1787
175 1788
175 1793
175 1794
176 176
176 1769
176 1772
177 177
177 178
177 179
177 817
177 820
177 821
178 178
178 179
178 817
178 818
178 824
178 1775
178 1776
178 1781
178 1784
179 179
179 180
179 235
179 237
179 240
179 253
179 817
179 818
179 1775
179 1778
180 180
180 1777
180 1778
180 1780
181 181
181 823
181 826
182 182
182 183
182 184
182 827
182 830
182 831
182 832
182 1786
182 1789
182 1790
183 183
183 1785
183 1786
183 1788
184 184
184 186
184 187
184 832
184 837
184 838
184 1790
184 1795
184 1796
185 185
185 833
185 836
186 186
186 189
186 191
186 193
186 834
186 855
186 856
186 1791
186 1794
186 1813
186 1814
187 187
187 837
187 840
188 188
188 841
188 844
189 189
189 190
189 191
189 842
189 845
189 846
189 1799
189 1802
189 1803
189 1804
190 190
190 191
190 845
190 846
190 848
190 849
191 191
191 192
191 195
191 197
191 204
191 208
191 217
191 220
191 227
191 237
191 240
191 244
191 245
191 251
191 253
191 255
191 256
191 264
191 268
191 270
191 271
191 275
191 286
191 288
191 292
191 305
191 318
191 322
191 323
191 324
191 330
191 333
191 338
191 341
191 346
191 355
191 357
191 378
191 390
191 395
191 403
191 405
191 420
191 846
191 1803
191 1806
192 192
192 1805
192 1806
192 1808
193 193
193 194
193 851
193 852
193 856
193 1809
193 1810
193 1814
194 194
194 1809
194 1810
194 1812
195 195
195 196
195 197
195 204
195 208
195 217
195 220
195 227
195 237
195 240
195 244
195 245
195 249
195 250
195 253
195 255
195 256
195 264
195 268
195 270
195 271
195 275
195 286
195 288
195 292
195 305
195 318
195 330
195 338
195 341
195 346
195 355
195 357
195 378
195 390
195 395
195 420
195 857
195 858
195 898
195 965
195 966
195 1815
195 1816
195 1855
195 1858
195 1923
195 1924
196 196
196 1815
196 1816
196 1818
197 197
197 201
197 204
197 208
197 217
197 219
197 220
197 227
197 237
197 240
197 253
197 268
197 270
197 271
197 272
197 273
197 275
197 286
197 288
197 305
197 318
197 357
197 367
197 378
197 381
197 382
197 383
197 385
197 390
197 395
197 443
197 861
197 864
197 1003
197 1004
197 1197
197 1198
197 1233
197 1234
197 1820
197 1961
197 1962
197 2155
197 2156
197 2189
197 2191
197 2192
198 198
198 1819
198 1822
199 199
199 200
199 201
199 203
199 219
199 227
199 865
199 866
199 871
199 874
199 1823
199 1824
199 1830
200 200
200 218
200 219
200 866
200 905
200 906
200 1824
200 1863
200 1864
201 201
201 217
201 219
201 227
201 266
201 268
201 270
201 271
201 273
201 274
201 275
201 295
201 296
201 867
201 870
201 1055
201 1056
201 1059
201 1060
201 1826
201 2013
201 2014
201 2017
201 2018
202 202
202 1825
202 1828
203 203
203 1829
203 1830
203 1832
204 204
204 205
204 208
204 217
204 220
204 227
204 230
204 231
204 233
204 237
204 240
204 253
204 268
204 270
204 271
204 275
204 318
204 321
204 357
204 378
204 875
204 878
204 937
204 938
204 1103
204 1104
204 1834
204 1895
204 1896
204 2061
204 2062
205 205
205 206
205 208
205 227
205 875
205 876
205 880
205 1833
205 1834
205 1838
206 206
206 1833
206 1836
207 207
207 208
207 209
207 210
207 211
207 881
207 884
207 885
207 886
207 1840
207 1843
207 1844
208 208
208 209
208 210
208 211
208 217
208 220
208 223
208 227
208 237
208 240
208 253
208 268
208 270
208 271
208 275
208 277
208 278
208 286
208 288
208 305
208 318
208 357
208 363
208 366
208 378
208 382
208 385
208 387
208 390
208 395
208 442
208 443
208 444
208 447
208 448
208 449
208 450
208 451
208 883
208 884
208 915
208 916
208 917
208 918
208 1015
208 1016
208 1196
208 1371
208 1372
208 1375
208 1376
208 1841
208 1842
208 1875
208 1876
208 1971
208 1972
208 1973
208 1974
208 2154
208 2329
208 2330
208 2333
208 2334
209 209
209 1839
209 1840
209 1842
210 210
210 211
210 224
210 227
210 886
210 919
210 920
210 1844
210 1877
210 1878
211 211
211 212
211 227
211 887
211 888
211 916
211 1845
211 1846
211 1873
211 1876
212 212
212 213
212 888
212 889
212 890
212 1846
212 1847
212 1848
213 213
213 1847
213 1848
213 1850
214 214
214 1851
214 1852
214 1854
215 215
215 897
215 900
216 216
216 901
216 904
217 217
217 219
217 220
217 227
217 237
217 240
217 253
217 266
217 268
217 270
217 271
217 273
217 275
217 286
217 288
217 305
217 318
217 357
217 367
217 378
217 381
217 382
217 384
217 385
217 390
217 395
217 443
217 902
217 1229
217 1230
217 1235
217 1236
217 1859
217 1862
217 2187
217 2188
217 2193
217 2194
218 218
218 905
218 908
219 219
219 227
219 266
219 267
219 268
219 269
219 270
219 271
219 273
219 275
219 905
219 906
219 997
219 998
219 1863
219 1866
219 1955
219 1956
220 220
220 221
220 222
220 227
220 237
220 240
220 253
220 268
220 270
220 271
220 275
220 279
220 280
220 286
220 288
220 305
220 318
220 357
220 378
220 385
220 387
220 389
220 390
220 391
220 395
220 443
220 910
220 913
220 914
220 1247
220 1248
220 1868
220 2205
220 2206
221 221
221 911
221 914
222 222
222 1867
222 1868
222 1870
222 1871
223 223
223 915
223 918
224 224
224 919
224 922
225 225
225 226
225 227
225 923
225 926
225 927
226 226
226 227
226 923
226 924
226 929
226 930
226 1881
226 1882
226 1887
226 1890
227 227
227 228
227 237
227 240
227 253
227 255
227 256
227 258
227 264
227 268
227 270
227 271
227 275
227 286
227 288
227 292
227 294
227 305
227 318
227 330
227 338
227 341
227 346
227 347
227 350
227 352
227 355
227 357
227 378
227 390
227 395
227 420
227 423
227 425
227 434
227 923
227 924
227 1881
227 1884
228 228
228 1883
228 1884
228 1886
229 229
229 929
229 932
230 230
230 231
230 233
230 320
230 321
230 933
230 934
230 1104
230 1107
230 1108
230 1891
230 1892
230 2062
231 231
231 232
231 233
231 378
231 934
231 937
231 938
231 1219
231 1220
231 1892
231 2177
231 2178
232 232
232 935
232 938
233 233
233 1891
233 1892
233 1894
233 1895
234 234
234 235
234 939
234 942
234 943
235 235
235 236
235 237
235 240
235 253
235 939
235 940
235 945
235 946
235 1897
235 1900
235 1903
235 1904
236 236
236 1899
236 1900
236 1902
237 237
237 240
237 244
237 245
237 253
237 255
237 256
237 264
237 268
237 270
237 271
237 275
237 286
237 288
237 292
237 305
237 318
237 322
237 323
237 324
237 326
237 327
237 328
237 329
237 330
237 333
237 335
237 338
237 341
237 346
237 355
237 357
237 378
237 390
237 395
237 403
237 405
237 420
237 946
237 1119
237 1120
237 1129
237 1130
237 1904
237 2077
237 2078
237 2087
237 2088
238 238
238 239
238 240
238 241
238 947
238 950
238 951
239 239
239 240
239 241
239 947
239 948
239 1028
239 1905
239 1906
239 1985
239 1988
240 240
240 241
240 244
240 245
240 251
240 253
240 255
240 256
240 264
240 268
240 270
240 271
240 275
240 286
240 288
240 292
240 305
240 318
240 322
240 323
240 324
240 326
240 329
240 330
240 331
240 332
240 333
240 337
240 338
240 341
240 344
240 346
240 355
240 357
240 378
240 390
240 395
240 403
240 405
240 420
240 947
240 948
240 1905
240 1908
241 241
241 242
241 244
241 245
241 284
241 292
241 949
241 950
241 961
241 964
241 1027
241 1028
241 1907
241 1908
241 1920
241 1985
241 1986
242 242
242 1907
242 1910
243 243
243 244
243 245
243 247
243 953
243 956
243 957
243 958
243 1912
243 1915
243 1916
244 244
244 245
244 246
244 249
244 253
244 255
244 256
244 264
244 286
244 287
244 288
244 292
244 305
244 322
244 323
244 324
244 326
244 327
244 328
244 330
244 333
244 338
244 341
244 346
244 355
244 390
244 403
244 405
244 420
244 953
244 954
244 1035
244 1036
244 1116
244 1119
244 1911
244 1912
244 1993
244 1994
244 2074
245 245
245 246
245 249
245 253
245 255
245 256
245 264
245 285
245 286
245 288
245 292
245 305
245 323
245 324
245 330
245 333
245 338
245 341
245 346
245 355
245 390
245 401
245 403
245 405
245 408
245 420
245 955
245 956
245 1031
245 1032
245 1285
245 1286
245 1911
245 1912
245 1913
245 1914
245 1989
245 1990
245 2243
245 2245
245 2246
246 246
246 1911
246 1914
247 247
247 958
247 959
247 960
247 1916
247 1917
247 1918
248 248
248 1919
248 1922
249 249
249 285
249 286
249 287
249 288
249 292
249 965
249 968
249 1033
249 1034
249 1035
249 1036
249 1037
249 1038
249 1924
249 1991
249 1992
249 1995
249 1996
250 250
250 1923
250 1926
251 251
251 253
251 256
251 264
251 286
251 288
251 292
251 323
251 333
251 337
251 338
251 339
251 340
251 341
251 969
251 972
251 1139
251 1140
251 1143
251 1144
251 1928
251 2095
251 2096
251 2097
251 2098
251 2101
251 2102
252 252
252 1927
252 1930
253 253
253 255
253 256
253 258
253 261
253 264
253 268
253 270
253 271
253 275
253 286
253 288
253 292
253 294
253 305
253 318
253 323
253 330
253 333
253 338
253 341
253 346
253 355
253 357
253 378
253 390
253 395
253 420
253 974
253 1932
254 254
254 255
254 256
254 258
254 261
254 263
254 264
254 288
254 292
254 294
254 305
254 338
254 975
254 978
254 989
254 990
254 1934
254 1947
254 1948
255 255
255 256
255 257
255 258
255 261
255 264
255 286
255 288
255 292
255 294
255 305
255 318
255 323
255 330
255 333
255 338
255 341
255 343
255 344
255 345
255 346
255 355
255 357
255 378
255 390
255 395
255 403
255 405
255 420
255 422
255 425
255 426
255 427
255 975
255 976
255 1040
255 1149
255 1150
255 1153
255 1154
255 1323
255 1324
255 1933
255 1934
255 1997
255 2000
255 2107
255 2108
255 2111
255 2112
255 2281
255 2282
256 256
256 257
256 258
256 259
256 260
256 261
256 264
256 286
256 288
256 292
256 294
256 305
256 318
256 323
256 330
256 333
256 337
256 338
256 339
256 340
256 341
256 344
256 346
256 355
256 357
256 358
256 378
256 390
256 395
256 403
256 405
256 420
256 977
256 978
256 981
256 982
256 985
256 988
256 1137
256 1138
256 1173
256 1174
256 1933
256 1934
256 1935
256 1936
256 1937
256 1938
256 1939
256 1940
256 1944
256 2095
256 2096
256 2131
256 2132
257 257
257 1933
257 1936
258 258
258 259
258 261
258 264
258 286
258 288
258 292
258 294
258 305
258 318
258 330
258 338
258 341
258 346
258 355
258 357
258 378
258 390
258 395
258 420
258 422
258 423
258 425
258 427
258 429
258 979
258 982
258 1319
258 1320
258 1329
258 1330
258 1938
258 2277
258 2278
258 2287
258 2288
259 259
259 260
259 261
259 292
259 979
259 980
259 984
259 1937
259 1938
259 1942
260 260
260 1937
260 1940
261 261
261 263
261 264
261 286
261 288
261 291
261 292
261 294
261 305
261 338
261 355
261 356
261 357
261 358
261 983
261 984
261 1044
261 1047
261 1048
261 1049
261 1050
261 1177
261 1178
261 1941
261 1942
261 2001
261 2004
261 2007
261 2008
261 2135
261 2136
262 262
262 1943
262 1946
263 263
263 291
263 292
263 990
263 1047
263 1048
263 1948
263 2005
263 2006
264 264
264 286
264 288
264 292
264 294
264 305
264 318
264 323
264 330
264 333
264 337
264 338
264 340
264 341
264 346
264 347
264 348
264 350
264 351
264 352
264 353
264 355
264 357
264 378
264 390
264 395
264 420
264 991
264 994
264 1141
264 1142
264 1157
264 1158
264 1161
264 1162
264 1169
264 1170
264 1950
264 2099
264 2100
264 2113
264 2115
264 2116
264 2119
264 2120
264 2125
264 2127
264 2128
265 265
265 1949
265 1952
266 266
266 267
266 268
266 273
266 995
266 996
266 1055
266 1056
266 1953
266 1954
266 2013
266 2016
267 267
267 268
267 269
267 996
267 999
267 1000
267 1954
267 1955
267 1956
267 1957
267 1958
268 268
268 270
268 271
268 273
268 275
268 277
268 286
268 288
268 305
268 318
268 357
268 367
268 368
268 378
268 381
268 382
268 383
268 385
268 387
268 390
268 395
268 443
268 997
268 1000
268 1199
268 1200
268 1231
268 1232
268 1956
268 2157
268 2158
268 2189
268 2190
269 269
269 1955
269 1958
270 270
270 271
270 272
270 273
270 275
270 286
270 288
270 305
270 318
270 357
270 363
270 366
270 378
270 382
270 390
270 395
270 442
270 443
270 444
270 448
270 1001
270 1004
270 1361
270 1362
270 1960
270 2319
270 2320
271 271
271 272
271 273
271 274
271 275
271 277
271 278
271 286
271 288
271 296
271 305
271 318
271 357
271 378
271 385
271 387
271 390
271 395
271 443
271 1001
271 1002
271 1013
271 1014
271 1059
271 1060
271 1959
271 1960
271 1971
271 1972
271 2017
271 2020
272 272
272 1959
272 1960
272 1962
273 273
273 275
273 276
273 295
273 1006
273 1009
273 1010
273 1055
273 1057
273 1058
273 1964
273 1967
273 1968
273 2015
273 2016
274 274
274 296
274 1008
274 1061
274 1062
274 1966
274 2019
274 2020
275 275
275 276
275 286
275 288
275 305
275 318
275 357
275 363
275 367
275 378
275 382
275 385
275 390
275 395
275 442
275 443
275 444
275 447
275 448
275 449
275 450
275 451
275 1009
275 1012
275 1369
275 1370
275 1373
275 1374
275 1968
275 2327
275 2328
275 2331
275 2332
276 276
276 1967
276 1968
276 1970
277 277
277 305
277 318
277 357
277 368
277 385
277 386
277 387
277 388
277 1013
277 1016
277 1241
277 1242
277 1972
277 2199
277 2200
278 278
278 1971
278 1974
279 279
279 280
279 281
279 1018
279 1019
279 1020
279 1976
279 1977
279 1978
280 280
280 305
280 318
280 357
280 378
280 385
280 387
280 390
280 395
280 443
280 446
280 452
280 453
280 454
280 455
280 458
280 461
280 463
280 466
280 1019
280 1022
280 1379
280 1380
280 1395
280 1396
280 1978
280 2337
280 2338
280 2353
280 2354
281 281
281 1977
281 1980
282 282
282 298
282 299
282 301
282 302
282 305
282 306
282 309
282 310
282 318
282 369
282 370
282 371
282 372
282 1023
282 1026
282 1067
282 1068
282 1205
282 1206
282 1209
282 1210
282 1982
282 2025
282 2026
282 2161
282 2163
282 2164
282 2167
282 2168
283 283
283 1981
283 1984
284 284
284 1027
284 1030
285 285
285 286
285 1031
285 1034
286 286
286 288
286 292
286 294
286 305
286 318
286 323
286 330
286 333
286 337
286 338
286 341
286 345
286 346
286 354
286 355
286 357
286 362
286 363
286 364
286 365
286 366
286 378
286 379
286 382
286 390
286 395
286 420
286 442
286 443
286 1031
286 1032
286 1189
286 1190
286 1221
286 1222
286 1989
286 1992
286 2147
286 2148
286 2179
286 2180
287 287
287 1035
287 1038
288 288
288 292
288 294
288 305
288 318
288 323
288 330
288 333
288 338
288 341
288 346
288 354
288 355
288 357
288 363
288 365
288 366
288 378
288 380
288 382
288 390
288 395
288 420
288 435
288 436
288 437
288 440
288 442
288 443
288 444
288 1036
288 1225
288 1226
288 1351
288 1353
288 1354
288 1993
288 1996
288 2183
288 2184
288 2311
288 2312
289 289
289 1039
289 1042
290 290
290 1043
290 1046
291 291
291 1047
291 1050
292 292
292 294
292 305
292 318
292 323
292 330
292 331
292 332
292 333
292 334
292 337
292 338
292 341
292 346
292 355
292 357
292 378
292 390
292 395
292 420
292 1048
292 1125
292 1126
292 2005
292 2008
292 2083
292 2084
293 293
293 1051
293 1054
294 294
294 305
294 318
294 330
294 338
294 346
294 347
294 349
294 350
294 352
294 355
294 357
294 361
294 378
294 390
294 395
294 420
294 431
294 434
294 438
294 1052
294 1165
294 1166
294 1185
294 1186
294 1345
294 1346
294 2009
294 2012
294 2123
294 2124
294 2143
294 2144
294 2303
294 2304
295 295
295 1055
295 1058
296 296
296 1059
296 1062
297 297
297 1063
297 1066
298 298
298 299
298 301
298 302
298 305
298 310
298 318
298 1064
298 1071
298 1072
298 1201
298 1202
298 2021
298 2024
298 2029
298 2030
298 2159
298 2160
299 299
299 300
299 301
299 302
299 303
299 304
299 305
299 306
299 307
299 309
299 310
299 318
299 371
299 1068
299 1071
299 1072
299 1075
299 1076
299 2026
299 2033
299 2034
300 300
300 301
300 1069
300 1072
301 301
301 302
301 305
301 310
301 318
301 357
301 369
301 371
301 374
301 376
301 378
301 392
301 393
301 395
301 458
301 466
301 469
301 470
301 1069
301 1070
301 1072
301 1251
301 1252
301 1413
301 1414
301 2027
301 2028
301 2209
301 2210
301 2371
301 2373
301 2374
302 302
302 2025
302 2026
302 2028
302 2029
303 303
303 304
303 305
303 306
303 1073
303 1074
303 1076
303 1077
304 304
304 305
304 306
304 308
304 309
304 310
304 1073
304 1074
304 1079
304 1080
304 2031
304 2032
304 2037
304 2040
305 305
305 306
305 307
305 309
305 310
305 318
305 323
305 330
305 333
305 338
305 341
305 344
305 346
305 347
305 355
305 357
305 369
305 371
305 374
305 378
305 385
305 387
305 390
305 395
305 403
305 405
305 414
305 420
305 443
305 458
305 466
305 1074
305 2031
305 2034
306 306
306 307
306 308
306 309
306 310
306 313
306 318
306 371
306 1077
306 1078
306 1079
306 1080
306 1086
306 2035
306 2036
306 2037
306 2038
306 2043
306 2046
307 307
307 2033
307 2034
307 2036
308 308
308 309
308 310
308 1079
308 1082
308 1083
309 309
309 310
309 311
309 318
309 371
309 372
309 1081
309 1082
309 1207
309 1210
309 2039
309 2040
309 2165
309 2166
310 310
310 311
310 318
310 357
310 369
310 370
310 371
310 374
310 393
310 395
310 1083
310 1084
310 1202
310 1203
310 1204
310 2039
310 2040
310 2041
310 2042
310 2160
310 2161
310 2162
311 311
311 2039
311 2042
312 312
312 313
312 1085
312 1088
312 1089
313 313
313 1085
313 1086
313 1092
313 2043
313 2044
313 2049
313 2052
314 314
314 2045
314 2048
315 315
315 1091
315 1094
316 316
316 317
316 318
316 1095
316 1096
316 1098
316 1099
317 317
317 318
317 357
317 378
317 1095
317 1096
317 1433
317 1434
317 2053
317 2054
317 2391
317 2394
318 318
318 330
318 338
318 341
318 346
318 350
318 352
318 355
318 357
318 369
318 371
318 374
318 378
318 385
318 387
318 390
318 395
318 420
318 423
318 425
318 431
318 434
318 443
318 458
318 466
318 1096
318 2053
318 2056
319 319
319 2055
319 2058
320 320
320 1105
320 1108
321 321
321 2061
321 2062
321 2064
321 2065
322 322
322 323
322 324
322 326
322 1109
322 1112
322 1113
322 1114
322 2068
322 2071
322 2072
323 323
323 324
323 325
323 326
323 330
323 333
323 337
323 338
323 340
323 341
323 342
323 344
323 346
323 355
323 390
323 403
323 405
323 411
323 412
323 414
323 420
323 1109
323 1110
323 1145
323 1146
323 1293
323 1294
323 2067
323 2068
323 2103
323 2106
323 2251
323 2252
324 324
324 325
324 333
324 355
324 399
324 401
324 403
324 405
324 408
324 409
324 1111
324 1112
324 1265
324 1268
324 1269
324 1270
324 1289
324 1290
324 2067
324 2068
324 2069
324 2070
324 2224
324 2227
324 2228
324 2245
324 2247
324 2248
325 325
325 2067
325 2070
326 326
326 328
326 1114
326 1115
326 1116
326 2072
326 2073
326 2074
327 327
327 1117
327 1119
327 1120
328 328
328 2073
328 2074
328 2076
328 2077
329 329
329 330
329 335
329 1121
329 1122
329 1129
329 1130
329 2079
329 2080
329 2087
329 2090
330 330
330 333
330 338
330 341
330 344
330 346
330 347
330 349
330 350
330 351
330 352
330 355
330 357
330 361
330 378
330 390
330 395
330 403
330 405
330 411
330 412
330 414
330 420
330 430
330 431
330 432
330 433
330 434
330 439
330 1122
330 1163
330 1164
330 1187
330 1188
330 1295
330 1296
330 1335
330 1336
330 1349
330 1350
330 2080
330 2119
330 2121
330 2122
330 2145
330 2146
330 2253
330 2254
330 2293
330 2294
330 2307
330 2308
331 331
331 332
331 333
331 337
331 338
331 1123
331 1124
331 1133
331 1134
331 2081
331 2082
331 2091
331 2094
332 332
332 333
332 334
332 1124
332 1127
332 1128
332 2082
332 2083
332 2084
332 2085
332 2086
333 333
333 337
333 338
333 341
333 344
333 346
333 355
333 390
333 401
333 403
333 405
333 408
333 409
333 410
333 411
333 414
333 420
333 1125
333 1128
333 1287
333 1288
333 1291
333 1292
333 2084
333 2245
333 2246
333 2249
333 2250
334 334
334 2083
334 2086
335 335
335 1129
335 1132
336 336
336 337
336 338
336 1133
336 1136
337 337
337 338
337 340
337 342
337 1133
337 1134
337 1137
337 1140
337 1145
337 1146
337 2091
337 2092
337 2096
337 2103
337 2104
338 338
338 341
338 346
338 352
338 353
338 355
338 357
338 378
338 390
338 395
338 420
338 1133
338 1135
338 1136
338 1166
338 1167
338 1168
338 2093
338 2094
338 2124
338 2125
338 2126
339 339
339 2095
339 2098
340 340
340 342
340 1142
340 1147
340 1148
340 2100
340 2105
340 2106
341 341
341 343
341 344
341 345
341 346
341 355
341 357
341 359
341 378
341 390
341 395
341 403
341 405
341 420
341 421
341 422
341 425
341 1144
341 1149
341 1151
341 1152
341 1179
341 1180
341 1313
341 1315
341 1316
341 2102
341 2109
341 2110
341 2137
341 2138
341 2273
341 2274
342 342
342 1145
342 1148
343 343
343 1149
343 1152
344 344
344 346
344 355
344 390
344 403
344 405
344 413
344 414
344 415
344 416
344 419
344 420
344 1149
344 1150
344 1301
344 1302
344 1311
344 1312
344 2107
344 2110
344 2259
344 2260
344 2269
344 2270
345 345
345 346
345 357
345 359
345 360
345 1154
345 1183
345 1184
345 2112
345 2139
345 2141
345 2142
346 346
346 347
346 355
346 357
346 359
346 360
346 378
346 390
346 395
346 403
346 405
346 413
346 414
346 415
346 416
346 420
346 1155
346 1158
346 1181
346 1182
346 1299
346 1300
346 2113
346 2114
346 2139
346 2140
346 2257
346 2258
347 347
347 348
347 349
347 357
347 390
347 395
347 1155
347 1156
347 1160
347 2113
347 2114
347 2118
348 348
348 2113
348 2116
349 349
349 357
349 361
349 1159
349 1160
349 1185
349 1186
349 2117
349 2118
349 2143
349 2146
350 350
350 352
350 357
350 378
350 390
350 395
350 420
350 431
350 434
350 1161
350 1164
350 1337
350 1338
350 2119
350 2120
350 2295
350 2296
351 351
351 2119
351 2122
352 352
352 357
352 378
352 390
352 395
352 420
352 430
352 431
352 432
352 433
352 434
352 439
352 1167
352 1170
352 1333
352 1334
352 1347
352 1348
352 2125
352 2126
352 2291
352 2292
352 2305
352 2306
353 353
353 2125
353 2128
354 354
354 357
354 362
354 363
354 364
354 365
354 366
354 379
354 1172
354 1189
354 1191
354 1192
354 1221
354 1223
354 1224
354 2130
354 2149
354 2150
354 2181
354 2182
355 355
355 356
355 357
355 358
355 378
355 390
355 395
355 401
355 403
355 404
355 405
355 406
355 407
355 420
355 1174
355 1177
355 1281
355 1282
355 2131
355 2132
355 2239
355 2240
356 356
356 357
356 1175
356 1177
356 1178
357 357
357 358
357 359
357 363
357 365
357 366
357 367
357 368
357 369
357 371
357 373
357 374
357 375
357 376
357 378
357 382
357 385
357 387
357 390
357 393
357 395
357 420
357 423
357 425
357 428
357 429
357 431
357 434
357 436
357 437
357 442
357 443
357 444
357 446
357 448
357 453
357 456
357 458
357 459
357 461
357 462
357 466
357 472
357 474
357 1175
357 1176
357 1179
357 1180
357 1327
357 1328
357 1330
357 2133
357 2134
357 2137
357 2139
357 2140
357 2285
357 2286
358 358
358 2131
358 2134
358 2135
359 359
359 1179
359 1182
359 1183
360 360
360 2139
360 2142
361 361
361 1185
361 1188
362 362
362 1189
362 1192
363 363
363 366
363 378
363 382
363 390
363 395
363 436
363 437
363 442
363 443
363 444
363 1189
363 1190
363 1341
363 1342
363 2147
363 2150
363 2299
363 2300
364 364
364 365
364 1193
364 1194
364 1221
364 1222
364 2151
364 2152
364 2179
364 2182
365 365
365 366
365 380
365 1194
365 1225
365 1227
365 1228
365 2152
365 2185
365 2186
366 366
366 390
366 442
366 1195
366 1196
366 1225
366 1226
366 2153
366 2154
366 2183
366 2186
367 367
367 384
367 385
367 390
367 395
367 1198
367 1235
367 1237
367 1238
367 2156
367 2195
367 2196
368 368
368 385
368 386
368 387
368 388
368 1200
368 1243
368 1244
368 2158
368 2199
368 2201
368 2202
369 369
369 371
369 374
369 392
369 393
369 394
369 395
369 396
369 1203
369 1206
369 1251
369 1253
369 1254
369 1259
369 1260
369 2161
369 2162
369 2211
369 2212
369 2215
369 2217
369 2218
370 370
370 2161
370 2164
371 371
371 372
371 374
371 376
371 378
371 393
371 394
371 395
371 396
371 458
371 466
371 467
371 468
371 1207
371 1208
371 1257
371 1258
371 1408
371 1411
371 2165
371 2166
371 2215
371 2216
371 2365
371 2366
372 372
372 2165
372 2168
373 373
373 374
373 375
373 376
373 1211
373 1212
373 1215
373 1218
373 2169
373 2170
373 2174
374 374
374 375
374 376
374 378
374 393
374 395
374 458
374 466
374 467
374 468
374 469
374 471
374 472
374 1212
374 1411
374 1412
374 1413
374 1414
374 1421
374 1422
374 2170
374 2369
374 2370
374 2371
374 2372
374 2379
374 2380
375 375
375 376
375 378
375 458
375 466
375 471
375 472
375 1213
375 1214
375 1262
375 1419
375 1420
375 2171
375 2172
375 2219
375 2222
375 2377
375 2378
376 376
376 378
376 458
376 466
376 468
376 469
376 470
376 1214
376 1407
376 1408
376 1417
376 1418
376 2172
376 2365
376 2366
376 2375
376 2376
377 377
377 2173
377 2176
378 378
378 382
378 385
378 387
378 390
378 395
378 420
378 423
378 425
378 431
378 434
378 435
378 436
378 437
378 442
378 443
378 444
378 446
378 448
378 453
378 456
378 458
378 459
378 461
378 462
378 466
378 472
378 474
378 1220
378 2178
379 379
379 1221
379 1224
380 380
380 1225
380 1228
381 381
381 382
381 1229
381 1232
381 1233
382 382
382 390
382 395
382 442
382 443
382 444
382 448
382 1229
382 1230
382 1363
382 1364
382 2187
382 2189
382 2190
382 2321
382 2322
383 383
383 2189
383 2192
384 384
384 1235
384 1238
385 385
385 386
385 387
385 389
385 390
385 391
385 395
385 443
385 1235
385 1236
385 1239
385 1240
385 1249
385 1250
385 2193
385 2196
385 2197
385 2198
385 2205
385 2207
385 2208
386 386
386 387
386 1239
386 1242
386 1243
387 387
387 389
387 390
387 395
387 443
387 458
387 461
387 466
387 1239
387 1240
387 1245
387 1246
387 2197
387 2199
387 2200
387 2203
387 2204
388 388
388 2199
388 2202
389 389
389 390
389 1245
389 1248
389 1249
390 390
390 395
390 403
390 405
390 414
390 420
390 434
390 442
390 443
390 458
390 461
390 466
390 1245
390 1246
390 2203
390 2205
390 2206
391 391
391 2205
391 2208
392 392
392 1251
392 1254
393 393
393 394
393 395
393 1251
393 1252
393 1255
393 1256
393 2209
393 2212
393 2213
393 2214
394 394
394 395
394 1255
394 1258
394 1259
395 395
395 420
395 425
395 434
395 442
395 443
395 458
395 461
395 466
395 1255
395 1256
395 2213
395 2215
395 2216
396 396
396 2215
396 2218
397 397
397 1261
397 1264
398 398
398 2223
398 2226
399 399
399 401
399 402
399 403
399 1270
399 1275
399 1276
399 1277
399 1278
399 2228
399 2235
399 2236
400 400
400 1271
400 1274
401 401
401 402
401 403
401 405
401 408
401 1272
401 1275
401 1276
401 1285
401 1286
401 2229
401 2232
401 2233
401 2234
401 2243
401 2244
402 402
402 1275
402 1278
403 403
403 404
403 405
403 406
403 407
403 410
403 411
403 414
403 417
403 420
403 1276
403 1283
403 1284
403 1303
403 1304
403 2233
403 2236
403 2239
403 2241
403 2242
403 2261
403 2262
404 404
404 405
404 406
404 1279
404 1280
404 1282
404 1283
405 405
405 406
405 410
405 411
405 414
405 417
405 418
405 420
405 1279
405 1280
405 1303
405 1304
405 2237
405 2238
405 2261
405 2263
405 2264
406 406
406 1280
406 2237
406 2239
406 2240
407 407
407 2239
407 2242
408 408
408 1285
408 1288
408 1289
409 409
409 2245
409 2248
410 410
410 411
410 414
410 417
410 418
410 1292
410 1307
410 1308
410 2250
410 2265
410 2266
411 411
411 412
411 414
411 417
411 418
411 1293
411 1296
411 1305
411 1306
411 2251
411 2252
411 2263
411 2264
412 412
412 2251
412 2254
413 413
413 414
413 415
413 1297
413 1298
413 1300
413 1301
414 414
414 415
414 419
414 420
414 1297
414 1298
414 1309
414 1310
414 2255
414 2256
414 2267
414 2270
415 415
415 416
415 1298
415 2255
415 2257
415 2258
416 416
416 2257
416 2260
417 417
417 1303
417 1306
417 1307
418 418
418 2263
418 2266
419 419
419 420
419 1309
419 1312
420 420
420 421
420 422
420 423
420 425
420 431
420 434
420 438
420 1309
420 1310
420 1313
420 1314
420 1343
420 1344
420 2267
420 2268
420 2271
420 2272
420 2301
420 2304
421 421
421 1313
421 1316
422 422
422 425
422 426
422 427
422 1313
422 1314
422 1321
422 1322
422 2271
422 2274
422 2279
422 2280
423 423
423 425
423 428
423 429
423 1317
423 1318
423 1326
423 1329
423 1330
423 2275
423 2276
423 2283
423 2284
424 424
424 1318
424 2276
425 425
425 426
425 427
425 429
425 1320
425 1323
425 1325
425 1326
425 2277
425 2278
425 2283
425 2284
426 426
426 1321
426 1323
426 1324
427 427
427 2277
427 2280
427 2281
428 428
428 1327
428 1330
429 429
429 2283
429 2286
429 2287
430 430
430 431
430 432
430 1331
430 1334
430 1335
431 431
431 432
431 434
431 439
431 1331
431 1332
431 1348
431 2289
431 2290
431 2305
431 2308
432 432
432 433
432 1331
432 1332
432 2289
432 2291
432 2292
433 433
433 2291
433 2294
434 434
434 438
434 1338
434 1343
434 1344
434 2296
434 2301
434 2302
435 435
435 436
435 437
435 1339
435 1340
435 1351
435 1352
435 2297
435 2298
435 2309
435 2312
436 436
436 437
436 441
436 442
436 443
436 444
436 445
436 1340
436 1357
436 1358
436 2298
436 2315
436 2316
437 437
437 440
437 1342
437 1351
437 1352
437 2300
437 2309
437 2310
438 438
438 1343
438 1346
439 439
439 1347
439 1348
439 1350
440 440
440 1351
440 1354
441 441
441 442
441 443
441 444
441 1355
441 1358
441 1359
442 442
442 443
442 444
442 448
442 1355
442 1356
442 1364
442 2313
442 2314
442 2322
443 443
443 444
443 445
443 446
443 448
443 458
443 461
443 466
443 1355
443 1356
443 1365
443 1366
443 2313
443 2315
443 2316
443 2323
443 2324
444 444
444 445
444 448
444 1359
444 1360
444 1362
444 2317
444 2318
444 2320
445 445
445 2315
445 2318
446 446
446 452
446 453
446 454
446 455
446 456
446 457
446 458
446 459
446 461
446 463
446 464
446 466
446 1366
446 1381
446 1382
446 1385
446 1386
446 1397
446 1398
446 1401
446 1402
446 2324
446 2337
446 2339
446 2340
446 2343
446 2344
446 2355
446 2356
446 2359
446 2360
447 447
447 448
447 449
447 1367
447 1368
447 1370
447 1371
448 448
448 449
448 451
448 1367
448 1368
448 1373
448 1374
448 2325
448 2326
448 2331
448 2334
449 449
449 450
449 1368
449 2325
449 2327
449 2328
450 450
450 2327
450 2330
451 451
451 1373
451 1376
452 452
452 453
452 454
452 1377
452 1378
452 1380
452 1381
453 453
453 454
453 463
453 1377
453 1378
453 1396
453 2335
453 2336
453 2353
453 2356
454 454
454 1378
454 2335
454 2337
454 2338
455 455
455 2337
455 2340
456 456
456 457
456 458
456 459
456 461
456 462
456 466
456 1383
456 1386
456 1393
456 1394
456 2341
456 2342
456 2351
456 2352
457 457
457 2341
457 2344
458 458
458 459
458 460
458 461
458 466
458 469
458 470
458 472
458 473
458 474
458 475
458 476
458 1387
458 1390
458 1415
458 1416
458 1425
458 1426
458 2345
458 2346
458 2373
458 2374
458 2383
458 2384
459 459
459 460
459 461
459 1387
459 1388
459 1392
459 2345
459 2346
459 2350
460 460
460 2345
460 2348
461 461
461 464
461 466
461 1391
461 1392
461 1400
461 2349
461 2350
461 2357
461 2360
462 462
462 465
462 466
462 1394
462 1403
462 1404
462 2352
462 2361
462 2362
463 463
463 1395
463 1396
463 1398
464 464
464 1399
464 1400
464 1402
465 465
465 1403
465 1406
466 466
466 467
466 468
466 472
466 474
466 477
466 1403
466 1404
466 1409
466 1410
466 1429
466 1430
466 2361
466 2364
466 2367
466 2368
466 2387
466 2388
467 467
467 1409
467 1411
467 1412
468 468
468 2365
468 2368
468 2369
469 469
469 1413
469 1416
469 1417
470 470
470 2373
470 2376
471 471
471 472
471 1419
471 1422
472 472
472 473
472 474
472 475
472 476
472 477
472 1419
472 1420
472 1427
472 1428
472 1431
472 1432
472 2377
472 2380
472 2385
472 2386
472 2389
472 2390
473 473
473 474
473 475
473 1423
473 1426
473 1427
474 474
474 475
474 477
474 1423
474 1424
474 1429
474 1430
474 2381
474 2382
474 2387
474 2390
475 475
475 476
475 1423
475 1424
475 2381
475 2383
475 2384
476 476
476 2383
476 2386
477 477
477 1429
477 1432
478 478
478 1433
478 1436
479 479
479 480
480 480
481 481
481 482
482 482
483 483
483 484
484 484
485 485
485 486
486 486
487 487
487 488
488 488
489 489
489 490
490 490
491 491
491 492
492 492
493 493
493 494
494 494
495 495
495 496
496 496
497 497
497 498
498 498
499 499
499 500
500 500
501 501
501 502
502 502
503 503
503 504
504 504
505 505
505 506
506 506
507 507
507 508
508 508
509 509
509 510
510 510
511 511
511 512
512 512
513 513
513 514
514 514
515 515
515 516
516 516
517 517
517 518
518 518
519 519
519 520
520 520
521 521
521 522
522 522
523 523
523 524
524 524
525 525
525 526
526 526
527 527
527 528
528 528
529 529
529 530
530 530
531 531
531 532
532 532
533 533
533 534
534 534
535 535
535 536
536 536
537 537
537 538
538 538
539 539
539 540
540 540
541 541
541 542
542 542
543 543
543 544
544 544
545 545
545 546
546 546
547 547
547 548
548 548
549 549
549 550
550 550
551 551
551 552
552 552
553 553
553 554
554 554
555 555
555 556
556 556
557 557
557 558
558 558
559 559
559 560
560 560
561 561
561 562
562 562
563 563
563 564
564 564
565 565
565 566
566 566
567 567
567 568
568 568
569 569
569 570
570 570
571 571
571 572
572 572
573 573
573 574
574 574
575 575
575 576
576 576
577 577
577 578
578 578
579 579
579 580
580 580
581 581
581 582
582 582
583 583
583 584
584 584
585 585
585 586
586 586
587 587
587 588
588 588
589 589
589 590
590 590
591 591
591 592
592 592
593 593
593 594
594 594
595 595
595 596
596 596
597 597
597 598
598 598
599 599
599 600
600 600
601 601
601 602
602 602
603 603
603 604
604 604
605 605
605 606
606 606
607 607
607 608
608 608
609 609
609 610
610 610
611 611
611 612
612 612
613 613
613 614
614 614
615 615
615 616
616 616
617 617
617 618
618 618
619 619
619 620
620 620
621 621
621 622
622 622
623 623
623 624
624 624
625 625
625 626
626 626
627 627
627 628
628 628
629 629
629 630
630 630
631 631
631 632
632 632
633 633
633 634
634 634
635 635
635 636
636 636
637 637
637 638
638 638
639 639
639 640
640 640
641 641
641 642
642 642
643 643
643 644
644 644
645 645
645 646
646 646
647 647
647 648
648 648
649 649
649 650
650 650
651 651
651 652
652 652
653 653
653 654
654 654
655 655
655 656
656 656
657 657
657 658
658 658
659 659
659 660
660 660
661 661
661 662
662 662
663 663
663 664
664 664
665 665
665 666
666 666
667 667
667 668
668 668
669 669
669 670
670 670
671 671
671 672
672 672
673 673
673 674
674 674
675 675
675 676
676 676
677 677
677 678
678 678
679 679
679 680
680 680
681 681
681 682
682 682
683 683
683 684
684 684
685 685
685 686
686 686
687 687
687 688
688 688
689 689
689 690
690 690
691 691
691 692
692 692
693 693
693 694
694 694
695 695
695 696
696 696
697 697
697 698
698 698
699 699
699 700
700 700
701 701
701 702
702 702
703 703
703 704
704 704
705 705
705 706
706 706
707 707
707 708
708 708
709 709
709 710
710 710
711 711
711 712
712 712
713 713
713 714
714 714
715 715
715 716
716 716
717 717
717 718
718 718
719 719
719 720
720 720
721 721
721 722
722 722
723 723
723 724
724 724
725 725
725 726
726 726
727 727
727 728
728 728
729 729
729 730
730 730
731 731
731 732
732 732
733 733
733 734
734 734
735 735
735 736
736 736
737 737
737 738
738 738
739 739
739 740
740 740
741 741
741 742
742 742
743 743
743 744
744 744
745 745
745 746
746 746
747 747
747 748
748 748
749 749
749 750
750 750
751 751
751 752
752 752
753 753
753 754
754 754
755 755
755 756
756 756
757 757
757 758
758 758
759 759
759 760
760 760
761 761
761 762
762 762
763 763
763 764
764 764
765 765
765 766
766 766
767 767
767 768
768 768
769 769
769 770
770 770
771 771
771 772
772 772
773 773
773 774
774 774
775 775
775 776
776 776
777 777
777 778
778 778
779 779
779 780
780 780
781 781
781 782
782 782
783 783
783 784
784 784
785 785
785 786
786 786
787 787
787 788
788 788
789 789
789 790
790 790
791 791
791 792
791 794
792 792
792 794
793 793
793 794
794 794
795 795
795 796
796 796
797 797
797 798
798 798
799 799
799 800
800 800
801 801
801 802
802 802
803 803
803 804
804 804
805 805
805 806
806 806
807 807
807 808
808 808
809 809
809 810
810 810
811 811
811 812
812 812
813 813
813 814
814 814
815 815
815 816
816 816
817 817
817 818
818 818
819 819
819 820
820 820
821 821
821 822
822 822
823 823
823 824
824 824
825 825
825 826
826 826
827 827
827 828
828 828
829 829
829 830
830 830
831 831
831 832
832 832
833 833
833 834
834 834
835 835
835 836
836 836
837 837
837 838
838 838
839 839
839 840
840 840
841 841
841 842
842 842
843 843
843 844
844 844
845 845
845 846
846 846
847 847
847 848
848 848
849 849
849 850
850 850
851 851
851 852
852 852
853 853
853 854
854 854
855 855
855 856
856 856
857 857
857 858
858 858
859 859
859 860
860 860
861 861
861 862
862 862
863 863
863 864
864 864
865 865
865 866
866 866
867 867
867 868
868 868
869 869
869 870
870 870
871 871
871 872
872 872
873 873
873 874
874 874
875 875
875 876
876 876
877 877
877 878
878 878
879 879
879 880
880 880
881 881
881 882
882 882
883 883
883 884
884 884
885 885
885 886
886 886
887 887
887 888
888 888
889 889
889 890
890 890
891 891
891 892
892 892
893 893
893 894
894 894
895 895
895 896
896 896
897 897
897 898
898 898
899 899
899 900
900 900
901 901
901 902
902 902
903 903
903 904
904 904
905 905
905 906
906 906
907 907
907 908
908 908
909 909
909 910
910 910
911 911
911 912
912 912
913 913
913 914
914 914
915 915
915 916
916 916
917 917
917 918
918 918
919 919
919 920
920 920
921 921
921 922
922 922
923 923
923 924
924 924
925 925
925 926
926 926
927 927
927 928
928 928
929 929
929 930
930 930
931 931
931 932
932 932
933 933
933 934
934 934
935 935
935 936
936 936
937 937
937 938
938 938
939 939
939 940
940 940
941 941
941 942
942 942
943 943
943 944
944 944
945 945
945 946
946 946
947 947
947 948
948 948
949 949
949 950
950 950
951 951
951 952
952 952
953 953
953 954
954 954
955 955
955 956
956 956
957 957
957 958
958 958
959 959
959 960
960 960
961 961
961 962
962 962
963 963
963 964
964 964
965 965
965 966
966 966
967 967
967 968
968 968
969 969
969 970
970 970
971 971
971 972
972 972
973 973
973 974
974 974
975 975
975 976
976 976
977 977
977 978
978 978
979 979
979 980
980 980
981 981
981 982
982 982
983 983
983 984
984 984
985 985
985 986
986 986
987 987
987 988
988 988
989 989
989 990
990 990
991 991
991 992
992 992
993 993
993 994
994 994
995 995
995 996
996 996
997 997
997 998
998 998
999 999
999 1000
1000 1000
1001 1001
1001 1002
1002 1002
1003 1003
1003 1004
1004 1004
1005 1005
1005 1006
1006 1006
1007 1007
1007 1008
1008 1008
1009 1009
1009 1010
1010 1010
1011 1011
1011 1012
1012 1012
1013 1013
1013 1014
1014 1014
1015 1015
1015 1016
1016 1016
1017 1017
1017 1018
1018 1018
1019 1019
1019 1020
1020 1020
1021 1021
1021 1022
1022 1022
1023 1023
1023 1024
1024 1024
1025 1025
1025 1026
1026 1026
1027 1027
1027 1028
1028 1028
1029 1029
1029 1030
1030 1030
1031 1031
1031 1032
1032 1032
1033 1033
1033 1034
1034 1034
1035 1035
1035 1036
1036 1036
1037 1037
1037 1038
1038 1038
1039 1039
1039 1040
1040 1040
1041 1041
1041 1042
1042 1042
1043 1043
1043 1044
1044 1044
1045 1045
1045 1046
1046 1046
1047 1047
1047 1048
1048 1048
1049 1049
1049 1050
1050 1050
1051 1051
1051 1052
1052 1052
1053 1053
1053 1054
1054 1054
1055 1055
1055 1056
1056 1056
1057 1057
1057 1058
1058 1058
1059 1059
1059 1060
1060 1060
1061 1061
1061 1062
1062 1062
1063 1063
1063 1064
1064 1064
1065 1065
1065 1066
1066 1066
1067 1067
1067 1068
1068 1068
1069 1069
1069 1070
1070 1070
1071 1071
1071 1072
1072 1072
1073 1073
1073 1074
1074 1074
1075 1075
1075 1076
1076 1076
1077 1077
1077 1078
1078 1078
1079 1079
1079 1080
1080 1080
1081 1081
1081 1082
1082 1082
1083 1083
1083 1084
1084 1084
1085 1085
1085 1086
1086 1086
1087 1087
1087 1088
1088 1088
1089 1089
1089 1090
1090 1090
1091 1091
1091 1092
1092 1092
1093 1093
1093 1094
1094 1094
1095 1095
1095 1096
1096 1096
1097 1097
1097 1098
1098 1098
1099 1099
1099 1100
1100 1100
1101 1101
1101 1102
1102 1102
1103 1103
1103 1104
1104 1104
1105 1105
1105 1106
1106 1106
1107 1107
1107 1108
1108 1108
1109 1109
1109 1110
1110 1110
1111 1111
1111 1112
1112 1112
1113 1113
1113 1114
1114 1114
1115 1115
1115 1116
1116 1116
1117 1117
1117 1118
1118 1118
1119 1119
1119 1120
1120 1120
1121 1121
1121 1122
1122 1122
1123 1123
1123 1124
1124 1124
1125 1125
1125 1126
1126 1126
1127 1127
1127 1128
1128 1128
1129 1129
1129 1130
1130 1130
1131 1131
1131 1132
1132 1132
1133 1133
1133 1134
1134 1134
1135 1135
1135 1136
1136 1136
1137 1137
1137 1138
1138 1138
1139 1139
1139 1140
1140 1140
1141 1141
1141 1142
1142 1142
1143 1143
1143 1144
1144 1144
1145 1145
1145 1146
1146 1146
1147 1147
1147 1148
1148 1148
1149 1149
1149 1150
1150 1150
1151 1151
1151 1152
1152 1152
1153 1153
1153 1154
1154 1154
1155 1155
1155 1156
1156 1156
1157 1157
1157 1158
1158 1158
1159 1159
1159 1160
1160 1160
1161 1161
1161 1162
1162 1162
1163 1163
1163 1164
1164 1164
1165 1165
1165 1166
1166 1166
1167 1167
1167 1168
1168 1168
1169 1169
1169 1170
1170 1170
1171 1171
1171 1172
1172 1172
1173 1173
1173 1174
1174 1174
1175 1175
1175 1176
1176 1176
1177 1177
1177 1178
1178 1178
1179 1179
1179 1180
1180 1180
1181 1181
1181 1182
1182 1182
1183 1183
1183 1184
1184 1184
1185 1185
1185 1186
1186 1186
1187 1187
1187 1188
1188 1188
1189 1189
1189 1190
1190 1190
1191 1191
1191 1192
1192 1192
1193 1193
1193 1194
1194 1194
1195 1195
1195 1196
1196 1196
1197 1197
1197 1198
1198 1198
1199 1199
1199 1200
1200 1200
1201 1201
1201 1202
1202 1202
1203 1203
1203 1204
1204 1204
1205 1205
1205 1206
1206 1206
1207 1207
1207 1208
1208 1208
1209 1209
1209 1210
1210 1210
1211 1211
1211 1212
1212 1212
1213 1213
1213 1214
1214 1214
1215 1215
1215 1216
1216 1216
1217 1217
1217 1218
1218 1218
1219 1219
1219 1220
1220 1220
1221 1221
1221 1222
1222 1222
1223 1223
1223 1224
1224 1224
1225 1225
1225 1226
1226 1226
1227 1227
1227 1228
1228 1228
1229 1229
1229 1230
1230 1230
1231 1231
1231 1232
1232 1232
1233 1233
1233 1234
1234 1234
1235 1235
1235 1236
1236 1236
1237 1237
1237 1238
1238 1238
1239 1239
1239 1240
1240 1240
1241 1241
1241 1242
1242 1242
1243 1243
1243 1244
1244 1244
1245 1245
1245 1246
1246 1246
1247 1247
1247 1248
1248 1248
1249 1249
1249 1250
1250 1250
1251 1251
1251 1252
1252 1252
1253 1253
1253 1254
1254 1254
1255 1255
1255 1256
1256 1256
1257 1257
1257 1258
1258 1258
1259 1259
1259 1260
1260 1260
1261 1261
1261 1262
1262 1262
1263 1263
1263 1264
1264 1264
1265 1265
1265 1266
1266 1266
1267 1267
1267 1268
1268 1268
1269 1269
1269 1270
1270 1270
1271 1271
1271 1272
1272 1272
1273 1273
1273 1274
1274 1274
1275 1275
1275 1276
1276 1276
1277 1277
1277 1278
1278 1278
1279 1279
1279 1280
1280 1280
1281 1281
1281 1282
1282 1282
1283 1283
1283 1284
1284 1284
1285 1285
1285 1286
1286 1286
1287 1287
1287 1288
1288 1288
1289 1289
1289 1290
1290 1290
1291 1291
1291 1292
1292 1292
1293 1293
1293 1294
1294 1294
1295 1295
1295 1296
1296 1296
1297 1297
1297 1298
1298 1298
1299 1299
1299 1300
1300 1300
1301 1301
1301 1302
1302 1302
1303 1303
1303 1304
1304 1304
1305 1305
1305 1306
1306 1306
1307 1307
1307 1308
1308 1308
1309 1309
1309 1310
1310 1310
1311 1311
1311 1312
1312 1312
1313 1313
1313 1314
1314 1314
1315 1315
1315 1316
1316 1316
1317 1317
1317 1318
1318 1318
1318 2276
1319 1319
1319 1320
1320 1320
1321 1321
1321 1322
1322 1322
1323 1323
1323 1324
1324 1324
1325 1325
1325 1326
1326 1326
1327 1327
1327 1328
1328 1328
1329 1329
1329 1330
1330 1330
1331 1331
1331 1332
1332 1332
1333 1333
1333 1334
1334 1334
1335 1335
1335 1336
1336 1336
1337 1337
1337 1338
1338 1338
1339 1339
1339 1340
1340 1340
1341 1341
1341 1342
1342 1342
1343 1343
1343 1344
1344 1344
1345 1345
1345 1346
1346 1346
1347 1347
1347 1348
1348 1348
1349 1349
1349 1350
1350 1350
1351 1351
1351 1352
1352 1352
1353 1353
1353 1354
1354 1354
1355 1355
1355 1356
1356 1356
1357 1357
1357 1358
1358 1358
1359 1359
1359 1360
1360 1360
1361 1361
1361 1362
1362 1362
1363 1363
1363 1364
1364 1364
1365 1365
1365 1366
1366 1366
1367 1367
1367 1368
1368 1368
1369 1369
1369 1370
1370 1370
1371 1371
1371 1372
1372 1372
1373 1373
1373 1374
1374 1374
1375 1375
1375 1376
1376 1376
1377 1377
1377 1378
1378 1378
1379 1379
1379 1380
1380 1380
1381 1381
1381 1382
1382 1382
1383 1383
1383 1384
1384 1384
1385 1385
1385 1386
1386 1386
1387 1387
1387 1388
1388 1388
1389 1389
1389 1390
1390 1390
1391 1391
1391 1392
1392 1392
1393 1393
1393 1394
1394 1394
1395 1395
1395 1396
1396 1396
1397 1397
1397 1398
1398 1398
1399 1399
1399 1400
1400 1400
1401 1401
1401 1402
1402 1402
1403 1403
1403 1404
1404 1404
1405 1405
1405 1406
1406 1406
1407 1407
1407 1408
1408 1408
1409 1409
1409 1410
1410 1410
1411 1411
1411 1412
1412 1412
1413 1413
1413 1414
1414 1414
1415 1415
1415 1416
1416 1416
1417 1417
1417 1418
1418 1418
1419 1419
1419 1420
1420 1420
1421 1421
1421 1422
1422 1422
1423 1423
1423 1424
1424 1424
1425 1425
1425 1426
1426 1426
1427 1427
1427 1428
1428 1428
1429 1429
1429 1430
1430 1430
1431 1431
1431 1432
1432 1432
1433 1433
1433 1434
1434 1434
1435 1435
1435 1436
1436 1436
1437 1437
1437 1438
1438 1438
1439 1439
1439 1440
1440 1440
1441 1441
1441 1442
1442 1442
1443 1443
1443 1444
1444 1444
1445 1445
1445 1446
1446 1446
1447 1447
1447 1448
1448 1448
1449 1449
1449 1450
1450 1450
1451 1451
1451 1452
1452 1452
1453 1453
1453 1454
1454 1454
1455 1455
1455 1456
1456 1456
1457 1457
1457 1458
1458 1458
1459 1459
1459 1460
1460 1460
1461 1461
1461 1462
1462 1462
1463 1463
1463 1464
1464 1464
1465 1465
1465 1466
1466 1466
1467 1467
1467 1468
1468 1468
1469 1469
1469 1470
1470 1470
1471 1471
1471 1472
1472 1472
1473 1473
1473 1474
1474 1474
1475 1475
1475 1476
1476 1476
1477 1477
1477 1478
1478 1478
1479 1479
1479 1480
1480 1480
1481 1481
1481 1482
1482 1482
1483 1483
1483 1484
1484 1484
1485 1485
1485 1486
1486 1486
1487 1487
1487 1488
1488 1488
1489 1489
1489 1490
1490 1490
1491 1491
1491 1492
1492 1492
1493 1493
1493 1494
1494 1494
1495 1495
1495 1496
1496 1496
1497 1497
1497 1498
1498 1498
1499 1499
1499 1500
1500 1500
1501 1501
1501 1502
1502 1502
1503 1503
1503 1504
1504 1504
1505 1505
1505 1506
1506 1506
1507 1507
1507 1508
1508 1508
1509 1509
1509 1510
1510 1510
1511 1511
1511 1512
1512 1512
1513 1513
1513 1514
1514 1514
1515 1515
1515 1516
1516 1516
1517 1517
1517 1518
1518 1518
1519 1519
1519 1520
1520 1520
1521 1521
1521 1522
1522 1522
1523 1523
1523 1524
1524 1524
1525 1525
1525 1526
1526 1526
1527 1527
1527 1528
1528 1528
1529 1529
1529 1530
1530 1530
1531 1531
1531 1532
1532 1532
1533 1533
1533 1534
1534 1534
1535 1535
1535 1536
1536 1536
1537 1537
1537 1538
1538 1538
1539 1539
1539 1540
1540 1540
1541 1541
1541 1542
1542 1542
1543 1543
1543 1544
1544 1544
1545 1545
1545 1546
1546 1546
1547 1547
1547 1548
1548 1548
1549 1549
1549 1550
1550 1550
1551 1551
1551 1552
1552 1552
1553 1553
1553 1554
1554 1554
1555 1555
1555 1556
1556 1556
1557 1557
1557 1558
1558 1558
1559 1559
1559 1560
1560 1560
1561 1561
1561 1562
1562 1562
1563 1563
1563 1564
1564 1564
1565 1565
1565 1566
1566 1566
1567 1567
1567 1568
1568 1568
1569 1569
1569 1570
1570 1570
1571 1571
1571 1572
1572 1572
1573 1573
1573 1574
1574 1574
1575 1575
1575 1576
1576 1576
1577 1577
1577 1578
1578 1578
1579 1579
1579 1580
1580 1580
1581 1581
1581 1582
1582 1582
1583 1583
1583 1584
1584 1584
1585 1585
1585 1586
1586 1586
1587 1587
1587 1588
1588 1588
1589 1589
1589 1590
1590 1590
1591 1591
1591 1592
1592 1592
1593 1593
1593 1594
1594 1594
1595 1595
1595 1596
1596 1596
1597 1597
1597 1598
1598 1598
1599 1599
1599 1600
1600 1600
1601 1601
1601 1602
1602 1602
1603 1603
1603 1604
1604 1604
1605 1605
1605 1606
1606 1606
1607 1607
1607 1608
1608 1608
1609 1609
1609 1610
1610 1610
1611 1611
1611 1612
1612 1612
1613 1613
1613 1614
1614 1614
1615 1615
1615 1616
1616 1616
1617 1617
1617 1618
1618 1618
1619 1619
1619 1620
1620 1620
1621 1621
1621 1622
1622 1622
1623 1623
1623 1624
1624 1624
1625 1625
1625 1626
1626 1626
1627 1627
1627 1628
1628 1628
1629 1629
1629 1630
1630 1630
1631 1631
1631 1632
1632 1632
1633 1633
1633 1634
1634 1634
1635 1635
1635 1636
1636 1636
1637 1637
1637 1638
1638 1638
1639 1639
1639 1640
1640 1640
1641 1641
1641 1642
1642 1642
1643 1643
1643 1644
1644 1644
1645 1645
1645 1646
1646 1646
1647 1647
1647 1648
1648 1648
1649 1649
1649 1650
1650 1650
1651 1651
1651 1652
1652 1652
1653 1653
1653 1654
1654 1654
1655 1655
1655 1656
1656 1656
1657 1657
1657 1658
1658 1658
1659 1659
1659 1660
1660 1660
1661 1661
1661 1662
1662 1662
1663 1663
1663 1664
1664 1664
1665 1665
1665 1666
1666 1666
1667 1667
1667 1668
1668 1668
1669 1669
1669 1670
1670 1670
1671 1671
1671 1672
1672 1672
1673 1673
1673 1674
1674 1674
1675 1675
1675 1676
1676 1676
1677 1677
1677 1678
1678 1678
1679 1679
1679 1680
1680 1680
1681 1681
1681 1682
1682 1682
1683 1683
1683 1684
1684 1684
1685 1685
1685 1686
1686 1686
1687 1687
1687 1688
1688 1688
1689 1689
1689 1690
1690 1690
1691 1691
1691 1692
1692 1692
1693 1693
1693 1694
1694 1694
1695 1695
1695 1696
1696 1696
1697 1697
1697 1698
1698 1698
1699 1699
1699 1700
1700 1700
1701 1701
1701 1702
1702 1702
1703 1703
1703 1704
1704 1704
1705 1705
1705 1706
1706 1706
1707 1707
1707 1708
1708 1708
1709 1709
1709 1710
1710 1710
1711 1711
1711 1712
1712 1712
1713 1713
1713 1714
1714 1714
1715 1715
1715 1716
1716 1716
1717 1717
1717 1718
1718 1718
1719 1719
1719 1720
1720 1720
1721 1721
1721 1722
1722 1722
1723 1723
1723 1724
1724 1724
1725 1725
1725 1726
1726 1726
1727 1727
1727 1728
1728 1728
1729 1729
1729 1730
1730 1730
1731 1731
1731 1732
1732 1732
1733 1733
1733 1734
1734 1734
1735 1735
1735 1736
1736 1736
1737 1737
1737 1738
1738 1738
1739 1739
1739 1740
1740 1740
1741 1741
1741 1742
1742 1742
1743 1743
1743 1744
1744 1744
1745 1745
1745 1746
1746 1746
1747 1747
1747 1748
1748 1748
1749 1749
1749 1750
1750 1750
1751 1751
1751 1752
1752 1752
1753 1753
1753 1754
1754 1754
1755 1755
1755 1756
1756 1756
1757 1757
1757 1758
1758 1758
1759 1759
1759 1760
1760 1760
1761 1761
1761 1762
1762 1762
1763 1763
1763 1764
1764 1764
1765 1765
1765 1766
1766 1766
1767 1767
1767 1768
1768 1768
1769 1769
1769 1770
1770 1770
1771 1771
1771 1772
1772 1772
1773 1773
1773 1774
1774 1774
1775 1775
1775 1776
1776 1776
1777 1777
1777 1778
1778 1778
1779 1779
1779 1780
1780 1780
1781 1781
1781 1782
1782 1782
1783 1783
1783 1784
1784 1784
1785 1785
1785 1786
1786 1786
1787 1787
1787 1788
1788 1788
1789 1789
1789 1790
1790 1790
1791 1791
1791 1792
1792 1792
1793 1793
1793 1794
1794 1794
1795 1795
1795 1796
1796 1796
1797 1797
1797 1798
1798 1798
1799 1799
1799 1800
1800 1800
1801 1801
1801 1802
1802 1802
1803 1803
1803 1804
1804 1804
1805 1805
1805 1806
1806 1806
1807 1807
1807 1808
1808 1808
1809 1809
1809 1810
1810 1810
1811 1811
1811 1812
1812 1812
1813 1813
1813 1814
1814 1814
1815 1815
1815 1816
1816 1816
1817 1817
1817 1818
1818 1818
1819 1819
1819 1820
1820 1820
1821 1821
1821 1822
1822 1822
1823 1823
1823 1824
1824 1824
1825 1825
1825 1826
1826 1826
1827 1827
1827 1828
1828 1828
1829 1829
1829 1830
1830 1830
1831 1831
1831 1832
1832 1832
1833 1833
1833 1834
1834 1834
1835 1835
1835 1836
1836 1836
1837 1837
1837 1838
1838 1838
1839 1839
1839 1840
1840 1840
1841 1841
1841 1842
1842 1842
1843 1843
1843 1844
1844 1844
1845 1845
1845 1846
1846 1846
1847 1847
1847 1848
1848 1848
1849 1849
1849 1850
1850 1850
1851 1851
1851 1852
1852 1852
1853 1853
1853 1854
1854 1854
1855 1855
1855 1856
1856 1856
1857 1857
1857 1858
1858 1858
1859 1859
1859 1860
1860 1860
1861 1861
1861 1862
1862 1862
1863 1863
1863 1864
1864 1864
1865 1865
1865 1866
1866 1866
1867 1867
1867 1868
1868 1868
1869 1869
1869 1870
1870 1870
1871 1871
1871 1872
1872 1872
1873 1873
1873 1874
1874 1874
1875 1875
1875 1876
1876 1876
1877 1877
1877 1878
1878 1878
1879 1879
1879 1880
1880 1880
1881 1881
1881 1882
1882 1882
1883 1883
1883 1884
1884 1884
1885 1885
1885 1886
1886 1886
1887 1887
1887 1888
1888 1888
1889 1889
1889 1890
1890 1890
1891 1891
1891 1892
1892 1892
1893 1893
1893 1894
1894 1894
1895 1895
1895 1896
1896 1896
1897 1897
1897 1898
1898 1898
1899 1899
1899 1900
1900 1900
1901 1901
1901 1902
1902 1902
1903 1903
1903 1904
1904 1904
1905 1905
1905 1906
1906 1906
1907 1907
1907 1908
1908 1908
1909 1909
1909 1910
1910 1910
1911 1911
1911 1912
1912 1912
1913 1913
1913 1914
1914 1914
1915 1915
1915 1916
1916 1916
1917 1917
1917 1918
1918 1918
1919 1919
1919 1920
1920 1920
1921 1921
1921 1922
1922 1922
1923 1923
1923 1924
1924 1924
1925 1925
1925 1926
1926 1926
1927 1927
1927 1928
1928 1928
1929 1929
1929 1930
1930 1930
1931 1931
1931 1932
1932 1932
1933 1933
1933 1934
1934 1934
1935 1935
1935 1936
1936 1936
1937 1937
1937 1938
1938 1938
1939 1939
1939 1940
1940 1940
1941 1941
1941 1942
1942 1942
1943 1943
1943 1944
1944 1944
1945 1945
1945 1946
1946 1946
1947 1947
1947 1948
1948 1948
1949 1949
1949 1950
1950 1950
1951 1951
1951 1952
1952 1952
1953 1953
1953 1954
1954 1954
1955 1955
1955 1956
1956 1956
1957 1957
1957 1958
1958 1958
1959 1959
1959 1960
1960 1960
1961 1961
1961 1962
1962 1962
1963 1963
1963 1964
1964 1964
1965 1965
1965 1966
1966 1966
1967 1967
1967 1968
1968 1968
1969 1969
1969 1970
1970 1970
1971 1971
1971 1972
1972 1972
1973 1973
1973 1974
1974 1974
1975 1975
1975 1976
1976 1976
1977 1977
1977 1978
1978 1978
1979 1979
1979 1980
1980 1980
1981 1981
1981 1982
1982 1982
1983 1983
1983 1984
1984 1984
1985 1985
1985 1986
1986 1986
1987 1987
1987 1988
1988 1988
1989 1989
1989 1990
1990 1990
1991 1991
1991 1992
1992 1992
1993 1993
1993 1994
1994 1994
1995 1995
1995 1996
1996 1996
1997 1997
1997 1998
1998 1998
1999 1999
1999 2000
2000 2000
2001 2001
2001 2002
2002 2002
2003 2003
2003 2004
2004 2004
2005 2005
2005 2006
2006 2006
2007 2007
2007 2008
2008 2008
2009 2009
2009 2010
2010 2010
2011 2011
2011 2012
2012 2012
2013 2013
2013 2014
2014 2014
2015 2015
2015 2016
2016 2016
2017 2017
2017 2018
2018 2018
2019 2019
2019 2020
2020 2020
2021 2021
2021 2022
2022 2022
2023 2023
2023 2024
2024 2024
2025 2025
2025 2026
2026 2026
2027 2027
2027 2028
2028 2028
2029 2029
2029 2030
2030 2030
2031 2031
2031 2032
2032 2032
2033 2033
2033 2034
2034 2034
2035 2035
2035 2036
2036 2036
2037 2037
2037 2038
2038 2038
2039 2039
2039 2040
2040 2040
2041 2041
2041 2042
2042 2042
2043 2043
2043 2044
2044 2044
2045 2045
2045 2046
2046 2046
2047 2047
2047 2048
2048 2048
2049 2049
2049 2050
2050 2050
2051 2051
2051 2052
2052 2052
2053 2053
2053 2054
2054 2054
2055 2055
2055 2056
2056 2056
2057 2057
2057 2058
2058 2058
2059 2059
2059 2060
2060 2060
2061 2061
2061 2062
2062 2062
2063 2063
2063 2064
2064 2064
2065 2065
2065 2066
2066 2066
2067 2067
2067 2068
2068 2068
2069 2069
2069 2070
2070 2070
2071 2071
2071 2072
2072 2072
2073 2073
2073 2074
2074 2074
2075 2075
2075 2076
2076 2076
2077 2077
2077 2078
2078 2078
2079 2079
2079 2080
2080 2080
2081 2081
2081 2082
2082 2082
2083 2083
2083 2084
2084 2084
2085 2085
2085 2086
2086 2086
2087 2087
2087 2088
2088 2088
2089 2089
2089 2090
2090 2090
2091 2091
2091 2092
2092 2092
2093 2093
2093 2094
2094 2094
2095 2095
2095 2096
2096 2096
2097 2097
2097 2098
2098 2098
2099 2099
2099 2100
2100 2100
2101 2101
2101 2102
2102 2102
2103 2103
2103 2104
2104 2104
2105 2105
2105 2106
2106 2106
2107 2107
2107 2108
2108 2108
2109 2109
2109 2110
2110 2110
2111 2111
2111 2112
2112 2112
2113 2113
2113 2114
2114 2114
2115 2115
2115 2116
2116 2116
2117 2117
2117 2118
2118 2118
2119 2119
2119 2120
2120 2120
2121 2121
2121 2122
2122 2122
2123 2123
2123 2124
2124 2124
2125 2125
2125 2126
2126 2126
2127 2127
2127 2128
2128 2128
2129 2129
2129 2130
2130 2130
2131 2131
2131 2132
2132 2132
2133 2133
2133 2134
2134 2134
2135 2135
2135 2136
2136 2136
2137 2137
2137 2138
2138 2138
2139 2139
2139 2140
2140 2140
2141 2141
2141 2142
2142 2142
2143 2143
2143 2144
2144 2144
2145 2145
2145 2146
2146 2146
2147 2147
2147 2148
2148 2148
2149 2149
2149 2150
2150 2150
2151 2151
2151 2152
2152 2152
2153 2153
2153 2154
2154 2154
2155 2155
2155 2156
2156 2156
2157 2157
2157 2158
2158 2158
2159 2159
2159 2160
2160 2160
2161 2161
2161 2162
2162 2162
2163 2163
2163 2164
2164 2164
2165 2165
2165 2166
2166 2166
2167 2167
2167 2168
2168 2168
2169 2169
2169 2170
2170 2170
2171 2171
2171 2172
2172 2172
2173 2173
2173 2174
2174 2174
2175 2175
2175 2176
2176 2176
2177 2177
2177 2178
2178 2178
2179 2179
2179 2180
2180 2180
2181 2181
2181 2182
2182 2182
2183 2183
2183 2184
2184 2184
2185 2185
2185 2186
2186 2186
2187 2187
2187 2188
2188 2188
2189 2189
2189 2190
2190 2190
2191 2191
2191 2192
2192 2192
2193 2193
2193 2194
2194 2194
2195 2195
2195 2196
2196 2196
2197 2197
2197 2198
2198 2198
2199 2199
2199 2200
2200 2200
2201 2201
2201 2202
2202 2202
2203 2203
2203 2204
2204 2204
2205 2205
2205 2206
2206 2206
2207 2207
2207 2208
2208 2208
2209 2209
2209 2210
2210 2210
2211 2211
2211 2212
2212 2212
2213 2213
2213 2214
2214 2214
2215 2215
2215 2216
2216 2216
2217 2217
2217 2218
2218 2218
2219 2219
2219 2220
2220 2220
2221 2221
2221 2222
2222 2222
2223 2223
2223 2224
2224 2224
2225 2225
2225 2226
2226 2226
2227 2227
2227 2228
2228 2228
2229 2229
2229 2230
2230 2230
2231 2231
2231 2232
2232 2232
2233 2233
2233 2234
2234 2234
2235 2235
2235 2236
2236 2236
2237 2237
2237 2238
2238 2238
2239 2239
2239 2240
2240 2240
2241 2241
2241 2242
2242 2242
2243 2243
2243 2244
2244 2244
2245 2245
2245 2246
2246 2246
2247 2247
2247 2248
2248 2248
2249 2249
2249 2250
2250 2250
2251 2251
2251 2252
2252 2252
2253 2253
2253 2254
2254 2254
2255 2255
2255 2256
2256 2256
2257 2257
2257 2258
2258 2258
2259 2259
2259 2260
2260 2260
2261 2261
2261 2262
2262 2262
2263 2263
2263 2264
2264 2264
2265 2265
2265 2266
2266 2266
2267 2267
2267 2268
2268 2268
2269 2269
2269 2270
2270 2270
2271 2271
2271 2272
2272 2272
2273 2273
2273 2274
2274 2274
2275 2275
2275 2276
2276 2276
2277 2277
2277 2278
2278 2278
2279 2279
2279 2280
2280 2280
2281 2281
2281 2282
2282 2282
2283 2283
2283 2284
2284 2284
2285 2285
2285 2286
2286 2286
2287 2287
2287 2288
2288 2288
2289 2289
2289 2290
2290 2290
2291 2291
2291 2292
2292 2292
2293 2293
2293 2294
2294 2294
2295 2295
2295 2296
2296 2296
2297 2297
2297 2298
2298 2298
2299 2299
2299 2300
2300 2300
2301 2301
2301 2302
2302 2302
2303 2303
2303 2304
2304 2304
2305 2305
2305 2306
2306 2306
2307 2307
2307 2308
2308 2308
2309 2309
2309 2310
2310 2310
2311 2311
2311 2312
2312 2312
2313 2313
2313 2314
2314 2314
2315 2315
2315 2316
2316 2316
2317 2317
2317 2318
2318 2318
2319 2319
2319 2320
2320 2320
2321 2321
2321 2322
2322 2322
2323 2323
2323 2324
2324 2324
2325 2325
2325 2326
2326 2326
2327 2327
2327 2328
2328 2328
2329 2329
2329 2330
2330 2330
2331 2331
2331 2332
2332 2332
2333 2333
2333 2334
2334 2334
2335 2335
2335 2336
2336 2336
2337 2337
2337 2338
2338 2338
2339 2339
2339 2340
2340 2340
2341 2341
2341 2342
2342 2342
2343 2343
2343 2344
2344 2344
2345 2345
2345 2346
2346 2346
2347 2347
2347 2348
2348 2348
2349 2349
2349 2350
2350 2350
2351 2351
2351 2352
2352 2352
2353 2353
2353 2354
2354 2354
2355 2355
2355 2356
2356 2356
2357 2357
2357 2358
2358 2358
2359 2359
2359 2360
2360 2360
2361 2361
2361 2362
2362 2362
2363 2363
2363 2364
2364 2364
2365 2365
2365 2366
2366 2366
2367 2367
2367 2368
2368 2368
2369 2369
2369 2370
2370 2370
2371 2371
2371 2372
2372 2372
2373 2373
2373 2374
2374 2374
2375 2375
2375 2376
2376 2376
2377 2377
2377 2378
2378 2378
2379 2379
2379 2380
2380 2380
2381 2381
2381 2382
2382 2382
2383 2383
2383 2384
2384 2384
2385 2385
2385 2386
2386 2386
2387 2387
2387 2388
2388 2388
2389 2389
2389 2390
2390 2390
2391 2391
2391 2392
2392 2392
2393 2393
2393 2394
2394 2394
