0 0
0 1
0 2
0 3
0 4
0 5
0 6
0 7
0 8
0 9
0 10
0 11
0 12
0 13
0 14
0 16
0 17
0 18
0 19
0 25
0 30
0 35
0 40
0 45
0 50
0 55
0 60
0 65
0 70
0 75
0 80
0 85
0 90
0 95
0 100
0 105
0 110
0 115
0 120
0 125
0 15
1 1
1 2
1 3
1 4
1 5
1 6
1 7
1 8
1 9
1 10
1 11
1 12
1 13
1 14
1 16
1 17
1 18
1 19
1 25
1 26
1 30
1 31
1 35
1 36
1 40
1 41
1 45
1 46
1 50
1 51
1 55
1 56
1 60
1 61
1 65
1 66
1 70
1 71
1 75
1 76
1 80
1 81
1 85
1 86
1 90
1 91
1 95
1 96
1 100
1 101
1 105
1 106
1 110
1 111
1 115
1 116
1 120
1 121
1 125
1 126
1 15
2 2
2 3
2 4
2 5
2 6
2 7
2 8
2 9
2 10
2 11
2 12
2 13
2 14
2 16
2 17
2 18
2 19
2 26
2 27
2 31
2 32
2 36
2 37
2 41
2 42
2 46
2 47
2 51
2 52
2 56
2 57
2 61
2 62
2 66
2 67
2 71
2 72
2 76
2 77
2 81
2 82
2 86
2 87
2 91
2 92
2 96
2 97
2 101
2 102
2 106
2 107
2 111
2 112
2 116
2 117
2 121
2 122
2 126
2 127
2 15
3 3
3 4
3 5
3 6
3 7
3 8
3 9
3 10
3 11
3 12
3 13
3 14
3 16
3 17
3 18
3 19
3 27
3 28
3 32
3 33
3 37
3 38
3 42
3 43
3 47
3 48
3 52
3 53
3 57
3 58
3 62
3 63
3 67
3 68
3 72
3 73
3 77
3 78
3 82
3 83
3 87
3 88
3 92
3 93
3 97
3 98
3 102
3 103
3 107
3 108
3 112
3 113
3 117
3 118
3 122
3 123
3 127
3 128
3 15
4 4
4 5
4 6
4 7
4 8
4 9
4 10
4 11
4 12
4 13
4 14
4 16
4 17
4 18
4 19
4 28
4 29
4 33
4 34
4 38
4 39
4 43
4 44
4 48
4 49
4 53
4 54
4 58
4 59
4 63
4 64
4 68
4 69
4 73
4 74
4 78
4 79
4 83
4 84
4 88
4 89
4 93
4 94
4 98
4 99
4 103
4 104
4 108
4 109
4 113
4 114
4 118
4 119
4 123
4 124
4 128
4 129
4 15
5 5
5 6
5 7
5 8
5 9
5 10
5 11
5 12
5 13
5 14
5 16
5 17
5 18
5 19
5 29
5 34
5 39
5 44
5 49
5 54
5 59
5 64
5 69
5 74
5 79
5 84
5 89
5 94
5 99
5 104
5 109
5 114
5 119
5 124
5 129
5 15
6 6
6 7
6 8
6 9
6 10
6 11
6 12
6 13
6 14
6 16
6 17
6 18
6 19
7 7
7 8
7 9
7 10
7 11
7 12
7 13
7 14
7 16
7 17
7 18
7 19
8 8
8 11
8 12
8 13
8 14
8 16
8 17
8 18
8 19
9 9
9 10
9 11
9 13
9 14
9 16
9 17
9 18
9 19
10 10
10 11
10 13
10 14
10 16
10 17
10 18
10 19
10 12
10 25
10 27
10 28
10 30
10 32
10 33
10 35
10 42
10 43
10 47
10 50
10 54
10 55
10 60
10 62
10 65
10 67
10 72
10 74
11 11
11 12
11 13
11 14
11 17
11 18
11 19
12 12
12 13
12 14
12 17
12 18
12 19
13 13
13 14
13 16
13 17
13 18
13 19
14 14
14 17
14 19
15 15
15 17
15 19
16 16
16 17
16 19
17 17
17 18
17 19
17 25
17 26
17 27
17 28
17 29
17 30
17 31
17 32
17 33
17 34
17 35
17 36
17 37
17 38
17 39
17 40
17 41
17 42
17 43
17 44
17 45
17 46
17 47
17 48
17 49
17 50
17 51
17 52
17 53
17 54
17 55
17 56
17 57
17 58
17 59
17 60
17 61
17 62
17 63
17 64
17 65
17 66
17 67
17 68
17 69
17 70
17 71
17 72
17 73
17 74
17 75
17 76
17 77
17 78
17 79
17 80
17 81
17 82
17 83
17 84
17 85
17 86
17 87
17 88
17 89
17 90
17 91
17 92
17 93
17 94
17 95
17 96
17 97
17 98
17 99
17 100
17 101
17 102
17 103
17 104
17 105
17 106
17 107
17 108
17 109
17 110
17 111
17 112
17 113
17 114
17 115
17 116
17 117
17 118
17 119
17 120
17 121
17 122
17 123
17 124
17 125
17 126
17 127
17 128
17 129
18 18
18 19
19 19
19 25
19 26
19 27
19 28
19 29
19 30
19 31
19 32
19 33
19 34
19 35
19 36
19 37
19 38
19 39
19 40
19 41
19 42
19 43
19 44
19 45
19 46
19 47
19 48
19 49
19 50
19 51
19 52
19 53
19 54
19 55
19 56
19 57
19 58
19 59
19 60
19 61
19 62
19 63
19 64
19 65
19 66
19 67
19 68
19 69
19 70
19 71
19 72
19 73
19 74
19 75
19 76
19 77
19 78
19 79
19 80
19 81
19 82
19 83
19 84
19 85
19 86
19 87
19 88
19 89
19 90
19 91
19 92
19 93
19 94
19 95
19 96
19 97
19 98
19 99
19 100
19 101
19 102
19 103
19 104
19 105
19 106
19 107
19 108
19 109
19 110
19 111
19 112
19 113
19 114
19 115
19 116
19 117
19 118
19 119
19 120
19 121
19 122
19 123
19 124
19 125
19 126
19 127
19 128
19 129
20 20
20 25
20 30
20 35
20 40
20 45
20 50
20 55
20 60
20 65
20 70
20 75
20 80
20 85
20 90
20 95
20 100
20 105
20 110
20 115
20 120
20 125
21 21
21 26
21 31
21 36
21 41
21 46
21 51
21 56
21 61
21 66
21 71
21 76
21 81
21 86
21 91
21 96
21 101
21 106
21 111
21 116
21 121
21 126
22 22
22 27
22 32
22 37
22 42
22 47
22 52
22 57
22 62
22 67
22 72
22 77
22 82
22 87
22 92
22 97
22 102
22 107
22 112
22 117
22 122
22 127
23 23
23 28
23 33
23 38
23 43
23 48
23 53
23 58
23 63
23 68
23 73
23 78
23 83
23 88
23 93
23 98
23 103
23 108
23 113
23 118
23 123
23 128
24 24
24 29
24 34
24 39
24 44
24 49
24 54
24 59
24 64
24 69
24 74
24 79
24 84
24 89
24 94
24 99
24 104
24 109
24 114
24 119
24 124
24 129
25 25
26 26
27 27
28 28
29 29
30 30
31 31
32 32
33 33
34 34
35 35
36 36
37 37
38 38
39 39
40 40
41 41
42 42
43 43
44 44
45 45
46 46
47 47
48 48
49 49
50 50
51 51
52 52
53 53
54 54
55 55
56 56
57 57
58 58
59 59
60 60
61 61
62 62
63 63
64 64
65 65
66 66
67 67
68 68
69 69
70 70
71 71
72 72
73 73
74 74
75 75
76 76
77 77
78 78
79 79
80 80
81 81
82 82
83 83
84 84
85 85
86 86
87 87
88 88
89 89
90 90
91 91
92 92
93 93
94 94
95 95
96 96
97 97
98 98
99 99
100 100
101 101
102 102
103 103
104 104
105 105
106 106
107 107
108 108
109 109
110 110
111 111
112 112
113 113
114 114
115 115
116 116
117 117
118 118
119 119
120 120
121 121
122 122
123 123
124 124
125 125
126 126
127 127
128 128
129 129
