0 0
0 1
1 1
1 2
2 2
2 5
2 117
3 3
3 4
3 5
4 4
4 13
4 115
5 5
5 114
5 116
6 6
6 7
6 13
7 7
7 8
8 8
8 12
8 116
9 9
9 12
9 116
10 10
10 11
10 13
11 11
11 12
12 12
12 13
12 115
13 13
14 14
14 15
14 25
15 15
15 16
16 16
16 25
16 117
17 17
17 18
17 25
18 18
18 117
19 19
19 25
20 20
20 25
20 116
21 21
21 25
21 108
22 22
22 24
22 108
23 23
23 24
23 117
24 24
24 25
24 117
25 25
26 26
26 35
26 111
27 27
27 30
27 35
27 110
27 114
28 28
28 30
28 107
29 29
29 30
30 30
30 109
31 31
31 34
31 110
32 32
32 33
32 34
32 111
33 33
33 34
33 35
33 111
34 34
34 110
35 35
36 36
36 37
36 39
37 37
37 39
37 52
38 38
38 39
38 113
39 39
39 113
40 40
40 41
40 52
41 41
41 42
41 112
42 42
42 52
42 109
43 43
43 44
43 52
44 44
44 51
45 45
45 46
45 51
46 46
46 48
46 52
47 47
47 50
47 51
47 111
48 48
48 49
49 49
49 50
50 50
50 51
50 52
50 111
51 51
51 111
52 52
52 109
52 110
52 112
53 53
53 55
54 54
54 58
54 74
55 55
55 56
55 58
56 56
56 57
57 57
57 58
57 115
58 58
58 74
58 109
59 59
59 60
59 74
60 60
60 64
61 61
61 62
61 64
62 62
62 107
63 63
63 64
63 73
63 106
64 64
64 74
64 107
64 109
65 65
65 66
65 72
66 66
66 105
67 67
67 71
67 73
68 68
68 71
68 72
69 69
69 70
69 71
70 70
71 71
71 72
71 73
72 72
72 105
73 73
74 74
74 109
75 75
75 77
75 106
76 76
76 77
76 105
77 77
77 92
77 105
77 106
78 78
78 92
78 107
79 79
79 92
79 107
80 80
80 81
80 92
81 81
81 105
82 82
82 91
83 83
83 91
84 84
84 90
84 91
85 85
85 86
85 89
85 92
86 86
86 89
86 91
86 92
87 87
87 88
87 89
87 92
88 88
88 89
89 89
89 90
90 90
91 91
92 92
92 105
93 93
93 94
93 96
94 94
94 97
95 95
95 96
95 116
96 96
96 102
96 108
97 97
97 115
98 98
98 99
98 102
99 99
99 112
100 100
100 101
100 102
101 101
101 113
102 102
102 113
103 103
103 108
103 113
104 104
104 106
104 107
105 105
106 106
106 107
107 107
108 108
108 116
109 109
110 110
111 111
112 112
113 113
113 114
114 114
115 115
116 116
117 117
