0 0
0 1416
1 1
1 1174
2 2
2 1106
3 3
3 1083
4 4
4 598
5 5
5 1504
6 6
6 528
7 7
7 8
8 8
8 90
9 9
9 10
10 10
10 484
11 11
11 13
12 12
12 13
13 13
13 284
14 14
14 597
15 15
15 1641
16 16
16 1641
17 17
17 1648
18 18
18 20
19 19
19 20
20 20
20 596
21 21
21 1581
22 22
22 1581
23 23
23 1568
24 24
24 595
25 25
25 26
26 26
26 27
27 27
27 594
28 28
28 593
29 29
29 31
30 30
30 31
31 31
31 592
32 32
32 33
33 33
33 591
34 34
34 590
35 35
35 1173
36 36
36 1153
37 37
37 488
38 38
38 1410
39 39
39 521
40 40
40 1172
41 41
41 42
42 42
42 589
43 43
43 588
44 44
44 588
45 45
45 46
46 46
46 1121
47 47
47 587
48 48
48 1681
49 49
49 586
50 50
50 1650
51 51
51 1624
52 52
52 1521
53 53
53 585
54 54
54 584
55 55
55 58
56 56
56 1658
57 57
57 58
58 58
58 967
59 59
59 1722
60 60
60 1605
61 61
61 1605
62 62
62 1605
63 63
63 1605
64 64
64 507
65 65
65 1171
66 66
66 1491
67 67
67 1591
68 68
68 69
69 69
69 70
70 70
70 1508
71 71
71 72
72 72
72 486
73 73
73 1168
74 74
74 1097
75 75
75 1167
76 76
76 1459
77 77
77 583
78 78
78 1627
79 79
79 1627
80 80
80 1627
81 81
81 1166
82 82
82 1091
83 83
83 1091
84 84
84 85
85 85
85 1091
86 86
86 1143
87 87
87 88
88 88
88 89
89 89
89 90
90 90
90 706
91 91
91 1540
92 92
92 582
93 93
93 1642
94 94
94 1161
95 95
95 96
96 96
96 481
97 97
97 1642
98 98
98 1565
99 99
99 579
100 100
100 581
101 101
101 1455
102 102
102 1539
103 103
103 1165
104 104
104 578
105 105
105 1163
106 106
106 577
107 107
107 577
108 108
108 111
109 109
109 111
110 110
110 111
111 111
111 112
112 112
112 1376
113 113
113 188
114 114
114 1540
115 115
115 1128
116 116
116 1448
117 117
117 1448
118 118
118 1448
119 119
119 1448
120 120
120 1448
121 121
121 122
122 122
122 1448
123 123
123 1162
124 124
124 125
125 125
125 1584
126 126
126 576
127 127
127 575
128 128
128 572
129 129
129 571
130 130
130 748
131 131
131 748
132 132
132 237
133 133
133 570
134 134
134 569
135 135
135 569
136 136
136 569
137 137
137 1161
138 138
138 1533
139 139
139 1637
140 140
140 1637
141 141
141 1637
142 142
142 1637
143 143
143 1665
144 144
144 1665
145 145
145 1665
146 146
146 566
147 147
147 565
148 148
148 149
149 149
149 1397
150 150
150 151
151 151
151 548
152 152
152 1160
153 153
153 564
154 154
154 1652
155 155
155 1480
156 156
156 1480
157 157
157 1480
158 158
158 1480
159 159
159 1480
160 160
160 563
161 161
161 1159
162 162
162 1159
163 163
163 1159
164 164
164 1689
165 165
165 1689
166 166
166 1689
167 167
167 168
168 168
168 561
169 169
169 170
170 170
170 1158
171 171
171 172
172 172
172 173
173 173
173 1277
173 1308
173 1464
173 1620
173 1679
174 174
174 559
175 175
175 550
176 176
176 1439
177 177
177 1092
178 178
178 557
179 179
179 1540
180 180
180 553
181 181
181 553
182 182
182 769
183 183
183 556
184 184
184 556
185 185
185 1682
186 186
186 187
187 187
187 188
188 188
188 1574
189 189
189 190
190 190
190 1489
191 191
191 554
192 192
192 553
193 193
193 552
194 194
194 1697
195 195
195 551
196 196
196 1157
197 197
197 1157
198 198
198 549
199 199
199 200
200 200
200 547
201 201
201 203
202 202
202 203
203 203
203 546
204 204
204 463
205 205
205 1599
206 206
206 545
207 207
207 544
208 208
208 1638
209 209
209 543
210 210
210 542
211 211
211 1155
212 212
212 539
213 213
213 214
214 214
214 1619
215 215
215 538
216 216
216 463
217 217
217 218
218 218
218 219
219 219
219 352
220 220
220 1153
221 221
221 1154
222 222
222 1067
223 223
223 224
224 224
224 225
225 225
225 226
226 226
226 227
227 227
227 535
228 228
228 1085
229 229
229 230
230 230
230 534
231 231
231 533
232 232
232 233
233 233
233 530
234 234
234 1655
235 235
235 1655
236 236
236 237
237 237
237 748
238 238
238 526
239 239
239 525
240 240
240 1153
241 241
241 1095
242 242
242 1095
243 243
243 524
244 244
244 524
245 245
245 523
246 246
246 248
247 247
247 248
248 248
248 491
249 249
249 522
250 250
250 522
251 251
251 253
252 252
252 253
253 253
253 1453
254 254
254 520
255 255
255 257
256 256
256 257
257 257
257 1152
258 258
258 1447
259 259
259 1447
260 260
260 1105
261 261
261 560
262 262
262 560
263 263
263 264
264 264
264 519
265 265
265 266
266 266
266 518
267 267
267 268
268 268
268 1151
269 269
269 270
270 270
270 1151
271 271
271 516
272 272
272 515
273 273
273 514
274 274
274 1150
275 275
275 276
276 276
276 277
277 277
277 1495
278 278
278 512
279 279
279 1646
280 280
280 1646
281 281
281 511
282 282
282 284
283 283
283 284
284 284
284 285
285 285
285 1376
286 286
286 510
287 287
287 508
288 288
288 506
289 289
289 506
290 290
290 505
291 291
291 503
292 292
292 502
293 293
293 1510
294 294
294 501
295 295
295 1012
296 296
296 297
297 297
297 1012
298 298
298 499
299 299
299 300
300 300
300 301
301 301
301 302
302 302
302 498
303 303
303 1355
304 304
304 1355
305 305
305 496
306 306
306 495
307 307
307 494
308 308
308 493
309 309
309 1149
310 310
310 492
311 311
311 1700
312 312
312 1149
313 313
313 1107
314 314
314 1148
315 315
315 1147
316 316
316 1147
317 317
317 491
318 318
318 491
319 319
319 321
320 320
320 321
321 321
321 489
322 322
322 487
323 323
323 1146
324 324
324 486
325 325
325 485
326 326
326 484
327 327
327 1145
328 328
328 483
329 329
329 483
330 330
330 483
331 331
331 482
332 332
332 482
333 333
333 481
334 334
334 1099
335 335
335 1099
336 336
336 1099
337 337
337 1099
338 338
338 1099
339 339
339 1686
340 340
340 1144
341 341
341 342
342 342
342 1697
343 343
343 1659
344 344
344 1659
345 345
345 1659
346 346
346 347
347 347
347 1659
348 348
348 1702
349 349
349 480
350 350
350 1565
351 351
351 352
352 352
352 353
353 353
353 1143
354 354
354 1612
355 355
355 1612
356 356
356 1415
357 357
357 1415
358 358
358 1658
359 359
359 1458
360 360
360 479
361 361
361 1457
362 362
362 1142
363 363
363 1142
364 364
364 478
365 365
365 1384
366 366
366 368
367 367
367 368
368 368
368 369
369 369
369 477
370 370
370 1709
371 371
371 1709
372 372
372 476
373 373
373 476
374 374
374 497
375 375
375 475
376 376
376 1540
377 377
377 1425
378 378
378 1421
379 379
379 474
380 380
380 1141
381 381
381 1141
382 382
382 1141
383 383
383 1141
384 384
384 473
385 385
385 1595
386 386
386 1140
387 387
387 1140
388 388
388 1139
389 389
389 1567
390 390
390 1567
391 391
391 1138
392 392
392 393
393 393
393 472
394 394
394 395
395 395
395 1438
396 396
396 1170
397 397
397 398
398 398
398 1659
399 399
399 400
400 400
400 1659
401 401
401 1450
402 402
402 1137
403 403
403 471
404 404
404 406
405 405
405 406
406 406
406 433
407 407
407 470
408 408
408 470
409 409
409 469
410 410
410 527
411 411
411 412
412 412
412 1136
413 413
413 1135
414 414
414 468
415 415
415 1450
416 416
416 1090
417 417
417 467
418 418
418 513
419 419
419 1134
420 420
420 1688
421 421
421 1688
422 422
422 466
423 423
423 1093
424 424
424 465
425 425
425 465
426 426
426 1357
427 427
427 428
428 428
428 464
429 429
429 463
430 430
430 1133
431 431
431 728
432 432
432 433
433 433
433 1252
434 434
434 1540
435 435
435 462
436 436
436 437
437 437
437 1531
438 438
438 1495
439 439
439 1132
440 440
440 1132
441 441
441 1131
442 442
442 1534
443 443
443 1534
444 444
444 1130
445 445
445 1130
446 446
446 1129
447 447
447 448
448 448
448 1703
449 449
449 1593
450 450
450 1593
451 451
451 1128
452 452
452 1500
453 453
453 461
454 454
454 461
455 455
455 457
456 456
456 457
457 457
457 460
458 458
458 459
459 459
459 1124
459 1534
460 460
460 618
460 1633
461 461
461 1596
461 1598
462 462
462 612
462 1581
463 463
463 1129
463 1563
464 464
464 1132
464 1654
465 465
465 692
465 1529
466 466
466 478
466 1372
467 467
467 1332
467 1362
468 468
468 1536
468 1652
469 469
469 1512
469 1540
470 470
470 637
470 1117
471 471
471 1259
471 1524
472 472
472 581
472 1642
473 473
473 831
473 1663
474 474
474 552
474 1452
475 475
475 1251
475 1565
476 476
476 1569
476 1709
477 477
477 1411
477 1585
478 478
478 1282
479 479
479 1339
479 1674
480 480
480 561
480 562
481 481
481 508
481 509
482 482
482 1127
482 1580
483 483
483 524
483 641
484 484
484 1211
484 1642
485 485
485 523
485 525
486 486
486 667
486 1114
487 487
487 488
487 1452
488 488
488 1452
489 489
489 490
489 879
490 490
490 879
491 491
491 1447
491 1693
492 492
492 1466
492 1700
493 493
493 934
493 1687
494 494
494 495
494 1139
495 495
495 1531
496 496
496 497
496 1682
497 497
497 1126
497 1682
498 498
498 887
498 897
499 499
499 500
499 640
500 500
500 640
500 1448
501 501
501 1564
501 1696
502 502
502 851
502 1445
503 503
503 504
503 871
504 504
504 591
504 871
505 505
505 920
505 1472
506 506
506 507
506 537
507 507
507 537
508 508
508 1492
509 509
509 1461
509 1492
510 510
510 901
510 1408
511 511
511 1487
511 1489
512 512
512 513
512 1706
513 513
513 565
513 1244
513 1245
513 1253
513 1564
513 1707
514 514
514 515
514 1666
515 515
515 1183
516 516
516 517
516 1421
517 517
517 1125
517 1421
518 518
518 594
518 1341
519 519
519 805
519 1498
520 520
520 521
520 1252
521 521
521 1252
522 522
522 1320
522 1322
523 523
523 1667
524 524
524 1095
525 525
525 1473
526 526
526 527
526 528
527 527
527 528
527 1578
528 528
528 529
528 1578
529 529
529 1455
529 1578
530 530
530 531
530 871
531 531
531 532
531 871
532 532
532 870
532 871
533 533
533 856
533 1491
534 534
534 1124
534 1534
535 535
535 536
535 537
536 536
536 537
537 537
537 598
537 1487
538 538
538 1451
538 1577
539 539
539 540
539 541
540 540
540 541
540 1485
541 541
541 1481
542 542
542 1048
542 1379
543 543
543 643
543 1652
544 544
544 545
544 1599
545 545
545 1436
546 546
546 1629
546 1647
547 547
547 548
547 1348
548 548
548 1348
549 549
549 550
549 1123
550 550
550 1123
551 551
551 1342
551 1697
552 552
552 1033
553 553
553 1067
553 1451
554 554
554 555
554 1122
555 555
555 1122
556 556
556 1552
556 1585
557 557
557 558
557 1092
558 558
558 1092
559 559
559 560
559 1121
560 560
560 582
560 1121
561 561
561 1491
562 562
562 1093
562 1491
563 563
563 1446
563 1693
564 564
564 624
564 1047
565 565
565 1120
566 566
566 567
566 568
567 567
567 568
568 568
568 1699
569 569
569 1227
569 1588
570 570
570 755
570 1109
571 571
571 572
571 573
572 572
572 573
573 573
573 574
574 574
574 1137
574 1397
575 575
575 1119
575 1588
576 576
576 1584
576 1641
577 577
577 879
577 1101
578 578
578 1118
578 1489
579 579
579 580
579 581
580 580
580 581
580 1378
581 581
582 582
582 785
583 583
583 1221
583 1238
584 584
584 967
584 1239
585 585
585 967
585 1239
586 586
586 1111
586 1112
587 587
587 1129
587 1356
588 588
588 795
588 1200
589 589
589 829
589 1624
590 590
590 641
590 687
591 591
591 872
592 592
592 753
592 872
593 593
593 1237
593 1535
594 594
594 664
595 595
595 1237
595 1535
596 596
596 1397
596 1507
597 597
597 1402
597 1490
598 598
598 1054
599 599
599 602
599 922
600 600
600 1370
600 1538
601 601
601 602
601 1324
602 602
603 603
603 1496
603 1691
604 604
604 1511
604 1692
605 605
605 1176
605 1692
606 606
606 722
606 1686
607 607
607 1173
607 1524
608 608
608 1275
608 1613
609 609
609 1059
609 1610
610 610
610 1239
610 1664
611 611
611 815
611 1403
612 612
612 1258
613 613
613 614
613 1158
614 614
614 908
615 615
615 1452
615 1495
616 616
616 1412
616 1500
617 617
617 1457
617 1504
618 618
618 1256
619 619
619 906
619 1283
620 620
620 1483
620 1485
621 621
621 900
621 1037
622 622
622 1235
622 1236
623 623
623 821
623 1576
624 624
624 1490
625 625
625 626
625 1453
626 626
626 1616
627 627
627 1028
627 1074
628 628
628 1004
628 1063
629 629
629 917
629 1544
630 630
630 677
630 1648
631 631
631 990
631 1435
632 632
632 799
632 1183
633 633
633 1087
633 1266
634 634
634 1156
634 1367
635 635
635 1187
635 1206
636 636
636 759
636 912
637 637
637 1062
638 638
638 972
638 1284
639 639
639 640
639 1496
640 640
640 1496
641 641
642 642
642 1190
642 1509
643 643
643 1501
644 644
644 773
644 1210
645 645
645 646
645 1391
646 646
646 1632
647 647
647 694
647 709
648 648
648 1040
648 1532
649 649
649 1089
649 1443
650 650
650 1222
650 1515
651 651
651 1196
651 1704
652 652
652 1117
652 1445
653 653
653 654
653 1627
654 654
654 689
655 655
655 994
655 1656
656 656
656 1086
656 1252
657 657
657 1633
657 1638
658 658
658 965
658 1096
659 659
659 1096
659 1701
660 660
660 1548
660 1701
661 661
661 662
661 1699
662 662
662 1699
663 663
663 1115
663 1116
664 664
664 1646
665 665
665 1455
665 1576
666 666
666 667
666 1114
667 667
667 1508
668 668
668 1114
668 1397
669 669
669 674
669 1508
670 670
670 674
670 1508
671 671
671 674
671 1507
672 672
672 1507
672 1648
673 673
673 674
673 1507
674 674
675 675
675 1111
675 1112
676 676
676 1203
676 1648
677 677
677 1297
678 678
678 728
678 729
679 679
679 1142
679 1521
680 680
680 1104
680 1717
681 681
681 732
681 1106
682 682
682 1620
682 1677
683 683
683 1146
683 1412
684 684
684 1461
684 1721
685 685
685 944
685 1558
686 686
686 687
686 1095
687 687
687 1236
688 688
688 1162
688 1621
689 689
689 1226
690 690
690 1463
690 1722
691 691
691 759
691 1693
692 692
692 1624
693 693
693 910
693 1432
694 694
694 1024
695 695
695 1091
695 1388
696 696
696 1216
696 1368
697 697
697 1085
697 1488
698 698
698 1168
698 1557
699 699
699 700
699 1440
700 700
700 1440
701 701
701 1457
701 1654
702 702
702 1152
702 1627
703 703
703 1428
703 1619
704 704
704 1605
704 1661
705 705
705 706
705 1087
706 706
706 1087
706 1379
707 707
707 1093
707 1615
708 708
708 715
708 1237
709 709
709 887
710 710
710 881
710 1435
711 711
711 841
711 1697
712 712
712 1161
712 1561
713 713
713 1260
713 1565
714 714
714 715
714 1237
715 715
715 777
715 1237
716 716
716 1397
716 1509
717 717
717 788
717 1241
718 718
718 1089
718 1444
719 719
719 720
719 1048
720 720
720 1047
721 721
721 1398
721 1545
722 722
722 1106
723 723
723 891
723 1694
724 724
724 1130
724 1632
725 725
725 968
725 1534
726 726
726 727
726 728
727 727
727 728
727 729
728 728
728 729
729 729
729 1056
729 1347
730 730
730 782
730 1210
731 731
731 1082
731 1449
732 732
732 765
733 733
733 1385
733 1687
734 734
734 735
734 1186
735 735
735 1559
736 736
736 1031
736 1653
737 737
737 816
737 975
738 738
738 928
738 1680
739 739
739 1635
739 1663
740 740
740 1584
740 1674
741 741
741 1110
741 1590
742 742
742 1248
742 1582
743 743
743 1635
743 1663
744 744
744 877
744 1324
745 745
745 791
745 996
746 746
746 1139
746 1701
747 747
747 748
747 1691
748 748
748 1228
748 1691
749 749
749 798
749 1208
750 750
750 1447
750 1700
751 751
751 935
751 1639
752 752
752 995
752 1694
753 753
753 870
754 754
754 755
754 1109
755 755
755 1555
756 756
756 1038
756 1070
757 757
757 1216
757 1478
758 758
758 1086
758 1382
759 759
760 760
760 1108
760 1619
761 761
761 1107
761 1628
762 762
762 1255
762 1584
763 763
763 1148
763 1456
764 764
764 765
764 1106
765 765
765 1681
766 766
766 905
766 924
767 767
767 800
767 1199
768 768
768 769
768 1528
769 769
769 909
769 1528
770 770
770 1086
770 1382
771 771
771 1636
771 1715
772 772
772 1316
772 1460
773 773
773 1207
774 774
774 985
774 1695
775 775
775 986
775 1417
776 776
776 882
776 1266
777 777
777 1235
778 778
778 1576
778 1578
779 779
779 1463
779 1492
780 780
780 1089
780 1443
781 781
781 1388
781 1456
782 782
782 1632
783 783
783 895
783 903
784 784
784 1199
784 1635
785 785
785 1209
786 786
786 1188
786 1575
787 787
787 1591
787 1640
788 788
788 907
789 789
789 833
789 1091
790 790
790 1593
790 1644
791 791
791 1686
792 792
792 1105
792 1644
793 793
793 1077
793 1078
794 794
794 1018
794 1309
795 795
795 1493
796 796
796 854
796 1329
797 797
797 1001
797 1696
798 798
798 1209
799 799
799 1422
800 800
800 1366
801 801
801 834
801 1717
802 802
802 828
802 1666
803 803
803 1591
803 1609
804 804
804 1642
804 1643
805 805
805 1424
806 806
806 1498
806 1666
807 807
807 1659
807 1694
808 808
808 1315
808 1601
809 809
809 1078
809 1082
810 810
810 1372
810 1611
811 811
811 1102
811 1593
812 812
812 1465
812 1485
813 813
813 912
813 1343
814 814
814 1090
814 1550
815 815
815 1176
816 816
816 1283
817 817
817 818
817 819
818 818
818 819
818 1292
819 819
819 1587
820 820
820 1120
820 1669
821 821
821 1455
822 822
822 1304
822 1555
823 823
823 933
823 1571
824 824
824 825
824 1529
825 825
825 1007
825 1529
826 826
826 1278
826 1365
827 827
827 828
827 1638
828 828
829 829
829 1427
830 830
830 1182
830 1598
831 831
831 990
832 832
832 890
832 1621
833 833
833 998
834 834
834 1104
835 835
835 1289
835 1504
836 836
836 837
836 1072
837 837
837 1071
838 838
838 839
838 1454
839 839
839 845
840 840
840 980
840 1360
841 841
841 842
842 842
842 843
843 843
843 1244
844 844
844 1235
844 1238
845 845
845 846
846 846
846 1383
846 1454
847 847
847 1619
847 1665
848 848
848 862
848 1096
849 849
849 1505
849 1685
850 850
850 1154
850 1566
851 851
851 1444
852 852
852 884
852 1495
853 853
853 919
853 1661
854 854
854 1432
855 855
855 989
855 1154
856 856
856 1143
857 857
857 1219
857 1628
858 858
858 859
858 1307
859 859
859 1034
860 860
860 1103
860 1636
861 861
861 1060
861 1485
862 862
862 1549
863 863
863 1433
863 1581
864 864
864 866
864 1501
865 865
865 866
865 989
866 866
867 867
867 868
867 1085
868 868
868 1054
868 1085
869 869
869 1608
869 1683
870 870
871 871
871 1065
872 872
872 963
873 873
873 889
873 1697
874 874
874 875
874 1102
875 875
875 1042
875 1102
876 876
876 877
876 1323
877 877
877 1323
878 878
878 879
878 1101
879 879
879 1471
880 880
880 891
880 1359
881 881
881 1099
882 882
882 1488
883 883
883 1451
883 1495
884 884
884 1577
885 885
885 1335
885 1671
886 886
886 1100
886 1637
887 887
888 888
888 1099
888 1554
889 889
889 1659
890 890
890 1416
891 891
892 892
892 1554
892 1638
893 893
893 1197
893 1394
894 894
894 1113
894 1195
895 895
895 968
896 896
896 1360
896 1676
897 897
897 1540
898 898
898 1025
898 1540
899 899
899 1067
899 1451
900 900
900 1525
901 901
901 1158
902 902
902 903
902 1662
903 903
904 904
904 1302
904 1680
905 905
905 1194
906 906
906 1198
907 907
907 1695
908 908
908 940
909 909
909 1699
910 910
910 1692
911 911
911 1298
911 1471
912 912
913 913
913 1496
913 1691
914 914
914 1144
914 1542
915 915
915 1198
915 1394
916 916
916 946
916 1304
917 917
917 1503
918 918
918 1231
918 1507
919 919
919 920
920 920
921 921
921 1300
921 1327
922 922
922 1327
923 923
923 1554
923 1667
924 924
924 930
925 925
925 1178
925 1530
926 926
926 927
926 1506
927 927
927 937
928 928
928 1608
929 929
929 1016
929 1640
930 930
930 1692
931 931
931 1453
931 1697
932 932
932 1453
932 1697
933 933
933 1501
934 934
934 1525
935 935
935 1472
936 936
936 962
936 1212
937 937
937 1212
938 938
938 979
938 1394
939 939
939 940
939 1675
940 940
941 941
941 1300
941 1515
942 942
942 1300
942 1638
943 943
943 1032
943 1327
944 944
944 1167
945 945
945 1558
945 1634
946 946
946 1366
947 947
947 1006
947 1459
948 948
948 1160
948 1357
949 949
949 1418
949 1420
950 950
950 1222
950 1330
951 951
951 952
951 1459
952 952
952 1634
953 953
953 1315
953 1601
954 954
954 963
954 1484
955 955
955 1021
955 1637
956 956
956 1449
956 1550
957 957
957 1035
957 1382
958 958
958 1077
958 1078
959 959
959 961
959 1669
960 960
960 961
960 1098
961 961
961 1098
962 962
962 1390
963 963
964 964
964 1097
964 1577
965 965
965 1701
966 966
966 967
966 1095
967 967
967 1095
968 968
969 969
969 975
969 1394
970 970
970 1016
970 1504
971 971
971 1314
971 1315
972 972
972 1633
973 973
973 1422
973 1425
974 974
974 1120
974 1616
975 975
976 976
976 1094
976 1438
977 977
977 1043
977 1311
978 978
978 1093
978 1615
979 979
979 1504
980 980
980 1352
981 981
981 1516
981 1656
982 982
982 1516
982 1656
983 983
983 1088
983 1443
984 984
984 1496
984 1691
985 985
985 1390
986 986
986 991
987 987
987 1317
987 1318
988 988
988 1246
988 1384
989 989
990 990
991 991
991 1130
992 992
992 1092
992 1577
993 993
993 994
993 1516
994 994
994 1516
995 995
995 1372
996 996
996 1247
997 997
997 1640
997 1659
998 998
998 1388
999 999
999 1103
999 1366
1000 1000
1000 1090
1000 1496
1001 1001
1001 1611
1002 1002
1002 1084
1002 1449
1003 1003
1003 1144
1003 1653
1004 1004
1004 1330
1005 1005
1005 1460
1005 1642
1006 1006
1006 1631
1007 1007
1007 1591
1008 1008
1008 1009
1008 1549
1009 1009
1009 1545
1009 1549
1010 1010
1010 1523
1010 1573
1011 1011
1011 1012
1011 1088
1012 1012
1012 1088
1012 1444
1013 1013
1013 1246
1013 1676
1014 1014
1014 1115
1014 1430
1015 1015
1015 1331
1015 1356
1016 1016
1017 1017
1017 1635
1017 1636
1018 1018
1018 1135
1019 1019
1019 1410
1019 1651
1020 1020
1020 1051
1020 1284
1021 1021
1021 1109
1022 1022
1022 1333
1022 1549
1023 1023
1023 1024
1023 1025
1024 1024
1024 1025
1025 1025
1026 1026
1026 1087
1026 1488
1027 1027
1027 1294
1027 1618
1028 1028
1028 1336
1029 1029
1029 1247
1029 1688
1030 1030
1030 1301
1030 1505
1031 1031
1031 1403
1032 1032
1032 1637
1033 1033
1033 1495
1034 1034
1034 1699
1035 1035
1035 1086
1036 1036
1036 1249
1036 1699
1037 1037
1037 1689
1038 1038
1038 1506
1039 1039
1039 1124
1039 1535
1040 1040
1040 1124
1041 1041
1041 1316
1041 1516
1042 1042
1042 1614
1043 1043
1043 1463
1044 1044
1044 1262
1044 1615
1045 1045
1045 1046
1045 1047
1046 1046
1046 1048
1047 1047
1048 1048
1048 1379
1049 1049
1049 1157
1049 1684
1050 1050
1050 1223
1050 1225
1051 1051
1051 1635
1052 1052
1052 1481
1052 1483
1053 1053
1053 1430
1053 1482
1054 1054
1055 1055
1055 1056
1055 1348
1056 1056
1056 1348
1057 1057
1057 1084
1057 1496
1058 1058
1058 1406
1058 1476
1059 1059
1059 1525
1060 1060
1060 1337
1061 1061
1061 1118
1061 1379
1062 1062
1062 1687
1063 1063
1063 1631
1064 1064
1064 1600
1064 1687
1065 1065
1065 1116
1066 1066
1066 1067
1066 1451
1067 1067
1067 1580
1068 1068
1068 1346
1068 1699
1069 1069
1069 1256
1069 1619
1070 1070
1070 1613
1071 1071
1071 1083
1072 1072
1072 1083
1072 1364
1073 1073
1073 1504
1073 1654
1074 1074
1074 1382
1075 1075
1075 1480
1075 1586
1076 1076
1076 1077
1076 1078
1077 1077
1077 1082
1078 1078
1079 1079
1079 1177
1079 1560
1080 1080
1080 1081
1080 1584
1081 1081
1081 1177
1081 1584
1082 1082
1082 1450
1082 1550
1083 1083
1083 1175
1083 1362
1084 1084
1084 1448
1084 1496
1085 1085
1085 1486
1085 1487
1086 1086
1086 1251
1087 1087
1087 1488
1088 1088
1088 1089
1089 1089
1089 1441
1089 1444
1090 1090
1090 1450
1090 1496
1090 1550
1091 1091
1091 1493
1091 1716
1092 1092
1092 1439
1092 1440
1092 1577
1093 1093
1093 1402
1094 1094
1094 1438
1094 1481
1094 1482
1095 1095
1095 1236
1095 1237
1096 1096
1096 1548
1097 1097
1097 1437
1097 1577
1097 1579
1098 1098
1098 1436
1098 1671
1099 1099
1099 1554
1099 1666
1100 1100
1100 1325
1100 1326
1100 1637
1101 1101
1101 1551
1101 1596
1102 1102
1102 1528
1103 1103
1103 1555
1103 1636
1104 1104
1104 1434
1104 1685
1105 1105
1105 1433
1105 1563
1105 1644
1106 1106
1106 1432
1107 1107
1107 1218
1107 1219
1107 1628
1108 1108
1108 1607
1108 1619
1108 1636
1109 1109
1109 1431
1110 1110
1110 1536
1110 1590
1110 1651
1111 1111
1111 1113
1111 1297
1112 1112
1112 1195
1112 1297
1113 1113
1113 1295
1114 1114
1114 1137
1114 1397
1115 1115
1115 1116
1115 1485
1116 1116
1116 1485
1117 1117
1117 1429
1117 1445
1118 1118
1118 1214
1118 1489
1119 1119
1119 1164
1119 1588
1119 1604
1120 1120
1120 1672
1121 1121
1121 1210
1121 1556
1122 1122
1122 1319
1122 1428
1122 1639
1123 1123
1123 1427
1123 1557
1123 1658
1124 1124
1125 1125
1125 1418
1125 1419
1125 1421
1126 1126
1126 1620
1126 1621
1126 1682
1127 1127
1127 1451
1127 1579
1127 1580
1128 1128
1128 1526
1128 1613
1128 1700
1129 1129
1129 1357
1130 1130
1130 1534
1131 1131
1131 1416
1131 1533
1131 1620
1132 1132
1132 1599
1132 1657
1133 1133
1133 1511
1133 1569
1133 1710
1134 1134
1134 1143
1134 1401
1134 1490
1135 1135
1135 1308
1135 1677
1136 1136
1136 1415
1136 1645
1136 1702
1137 1137
1137 1172
1138 1138
1138 1414
1138 1567
1138 1621
1139 1139
1139 1574
1140 1140
1140 1492
1140 1595
1140 1674
1141 1141
1141 1142
1141 1660
1141 1663
1142 1142
1142 1660
1143 1143
1143 1401
1144 1144
1144 1686
1145 1145
1145 1249
1145 1413
1145 1593
1146 1146
1146 1586
1146 1587
1147 1147
1147 1223
1147 1224
1147 1226
1148 1148
1148 1559
1148 1627
1149 1149
1149 1506
1149 1661
1149 1700
1150 1150
1150 1513
1150 1540
1150 1570
1151 1151
1151 1411
1151 1666
1151 1667
1152 1152
1152 1551
1152 1598
1153 1153
1153 1171
1153 1531
1153 1691
1154 1154
1154 1410
1155 1155
1155 1156
1155 1603
1155 1604
1156 1156
1156 1603
1156 1604
1157 1157
1157 1409
1157 1502
1158 1158
1158 1600
1159 1159
1159 1466
1159 1498
1159 1664
1160 1160
1160 1358
1160 1359
1161 1161
1161 1640
1161 1694
1162 1162
1162 1407
1162 1553
1163 1163
1163 1164
1163 1588
1163 1604
1164 1164
1164 1227
1165 1165
1165 1406
1165 1478
1165 1539
1166 1166
1166 1509
1166 1579
1166 1580
1167 1167
1167 1532
1167 1630
1168 1168
1168 1169
1168 1170
1169 1169
1169 1170
1169 1557
1170 1170
1170 1622
1170 1656
1171 1171
1171 1405
1171 1691
1172 1172
1172 1397
1172 1649
1173 1173
1173 1404
1173 1623
1174 1174
1174 1523
1174 1575
1174 1690
1175 1175
1175 1364
1175 1608
1176 1176
1176 1720
1177 1177
1177 1562
1178 1178
1178 1615
1178 1674
1179 1179
1179 1650
1179 1678
1179 1680
1180 1180
1180 1401
1180 1402
1180 1719
1181 1181
1181 1400
1181 1596
1181 1625
1182 1182
1182 1625
1182 1626
1183 1183
1183 1340
1184 1184
1184 1527
1184 1641
1184 1657
1185 1185
1185 1568
1185 1650
1185 1677
1186 1186
1186 1399
1186 1606
1187 1187
1187 1398
1187 1503
1188 1188
1188 1496
1188 1690
1189 1189
1189 1248
1189 1582
1189 1584
1190 1190
1190 1397
1190 1507
1191 1191
1191 1529
1191 1609
1191 1622
1192 1192
1192 1396
1192 1513
1192 1617
1193 1193
1193 1528
1193 1594
1193 1689
1194 1194
1194 1403
1194 1610
1195 1195
1195 1296
1196 1196
1196 1367
1196 1517
1197 1197
1197 1198
1197 1371
1198 1198
1198 1371
1199 1199
1199 1284
1200 1200
1200 1606
1200 1665
1201 1201
1201 1392
1201 1393
1201 1684
1202 1202
1202 1355
1202 1544
1202 1545
1203 1203
1203 1297
1203 1386
1204 1204
1204 1230
1204 1231
1204 1232
1205 1205
1205 1419
1205 1420
1205 1425
1206 1206
1206 1503
1206 1543
1207 1207
1207 1209
1207 1391
1208 1208
1208 1210
1208 1391
1209 1209
1210 1210
1211 1211
1211 1527
1211 1595
1212 1212
1212 1661
1213 1213
1213 1375
1213 1377
1213 1420
1214 1214
1214 1489
1214 1491
1215 1215
1215 1462
1215 1463
1215 1492
1216 1216
1216 1290
1217 1217
1217 1389
1217 1560
1217 1583
1218 1218
1218 1219
1218 1473
1219 1219
1219 1473
1219 1625
1219 1628
1220 1220
1220 1461
1220 1462
1220 1601
1221 1221
1221 1239
1221 1630
1222 1222
1222 1630
1223 1223
1223 1226
1224 1224
1224 1225
1224 1388
1225 1225
1225 1388
1226 1226
1227 1227
1227 1526
1228 1228
1228 1387
1228 1690
1229 1229
1229 1404
1229 1518
1229 1624
1230 1230
1230 1232
1230 1386
1231 1231
1231 1232
1231 1386
1231 1507
1232 1232
1232 1386
1232 1698
1233 1233
1233 1354
1233 1471
1233 1596
1234 1234
1234 1470
1234 1538
1234 1539
1235 1235
1236 1236
1236 1238
1237 1237
1238 1238
1239 1239
1239 1535
1240 1240
1240 1612
1240 1645
1240 1679
1241 1241
1241 1385
1241 1645
1242 1242
1242 1414
1242 1567
1242 1568
1243 1243
1243 1566
1243 1571
1243 1703
1244 1244
1244 1245
1245 1245
1245 1359
1246 1246
1246 1383
1247 1247
1247 1525
1248 1248
1248 1641
1249 1249
1249 1593
1250 1250
1250 1589
1250 1651
1250 1652
1251 1251
1251 1252
1252 1252
1252 1565
1252 1690
1253 1253
1253 1358
1253 1564
1254 1254
1254 1381
1254 1571
1254 1703
1255 1255
1255 1380
1255 1582
1256 1256
1256 1638
1257 1257
1257 1258
1257 1543
1257 1581
1258 1258
1258 1546
1259 1259
1259 1537
1259 1591
1260 1260
1260 1523
1260 1574
1261 1261
1261 1293
1261 1367
1261 1517
1262 1262
1262 1652
1262 1671
1263 1263
1263 1517
1263 1522
1263 1603
1264 1264
1264 1442
1264 1443
1264 1446
1265 1265
1265 1321
1265 1323
1265 1326
1266 1266
1266 1489
1267 1267
1267 1378
1267 1582
1267 1583
1268 1268
1268 1519
1268 1589
1268 1672
1269 1269
1269 1645
1269 1695
1269 1702
1270 1270
1270 1437
1270 1494
1270 1576
1271 1271
1271 1410
1271 1566
1271 1570
1272 1272
1272 1374
1272 1376
1272 1420
1273 1273
1273 1371
1273 1395
1273 1611
1274 1274
1274 1599
1274 1655
1274 1697
1275 1275
1275 1521
1275 1605
1276 1276
1276 1601
1276 1656
1276 1721
1277 1277
1277 1408
1277 1676
1278 1278
1278 1363
1278 1608
1279 1279
1279 1373
1279 1520
1279 1592
1280 1280
1280 1390
1280 1661
1280 1702
1281 1281
1281 1520
1281 1675
1281 1683
1282 1282
1282 1283
1282 1371
1283 1283
1284 1284
1285 1285
1285 1638
1285 1664
1285 1665
1286 1286
1286 1456
1286 1493
1286 1559
1287 1287
1287 1519
1287 1590
1287 1651
1288 1288
1288 1514
1288 1539
1288 1586
1289 1289
1289 1395
1289 1654
1290 1290
1290 1369
1290 1478
1291 1291
1291 1518
1291 1537
1291 1622
1292 1292
1292 1470
1292 1662
1293 1293
1293 1367
1293 1603
1294 1294
1294 1513
1294 1540
1295 1295
1295 1297
1295 1508
1296 1296
1296 1297
1296 1508
1297 1297
1298 1298
1298 1354
1298 1649
1299 1299
1299 1499
1299 1688
1299 1699
1300 1300
1301 1301
1301 1542
1301 1685
1302 1302
1302 1567
1302 1568
1303 1303
1303 1419
1303 1421
1303 1423
1304 1304
1304 1633
1305 1305
1305 1332
1305 1361
1305 1365
1306 1306
1306 1348
1306 1596
1306 1649
1307 1307
1307 1572
1307 1617
1308 1308
1308 1309
1309 1309
1309 1408
1310 1310
1310 1423
1310 1424
1310 1666
1311 1311
1311 1670
1311 1722
1312 1312
1312 1360
1312 1695
1312 1702
1313 1313
1313 1314
1313 1315
1313 1516
1314 1314
1314 1516
1314 1601
1315 1315
1315 1316
1316 1316
1316 1601
1317 1317
1317 1319
1317 1634
1318 1318
1318 1319
1318 1634
1319 1319
1319 1634
1320 1320
1320 1321
1320 1326
1321 1321
1321 1323
1322 1322
1322 1323
1322 1324
1322 1326
1323 1323
1324 1324
1324 1325
1325 1325
1325 1327
1326 1326
1327 1327
1328 1328
1328 1541
1328 1617
1328 1703
1329 1329
1329 1610
1329 1686
1330 1330
1330 1515
1331 1331
1331 1358
1331 1564
1332 1332
1332 1365
1333 1333
1333 1334
1333 1547
1334 1334
1334 1355
1334 1549
1335 1335
1335 1618
1335 1709
1336 1336
1336 1565
1336 1578
1337 1337
1337 1486
1337 1673
1338 1338
1338 1609
1338 1655
1338 1659
1339 1339
1339 1590
1339 1615
1340 1340
1340 1424
1340 1666
1341 1341
1341 1612
1341 1679
1342 1342
1342 1453
1342 1562
1343 1343
1343 1547
1343 1581
1344 1344
1344 1375
1344 1376
1344 1425
1345 1345
1345 1514
1345 1538
1345 1602
1346 1346
1346 1594
1346 1703
1347 1347
1347 1354
1347 1596
1348 1348
1348 1354
1348 1649
1349 1349
1349 1512
1349 1570
1349 1572
1350 1350
1350 1597
1350 1598
1350 1668
1351 1351
1351 1511
1351 1541
1351 1617
1352 1352
1352 1676
1352 1704
1353 1353
1353 1510
1353 1644
1353 1696
1354 1354
1354 1647
1355 1355
1355 1547
1355 1549
1356 1356
1356 1357
1357 1357
1357 1564
1358 1358
1359 1359
1360 1360
1361 1361
1361 1363
1361 1364
1362 1362
1362 1363
1363 1363
1364 1364
1364 1684
1365 1365
1365 1682
1366 1366
1367 1367
1368 1368
1368 1369
1368 1370
1368 1480
1369 1369
1369 1370
1369 1477
1369 1480
1370 1370
1370 1477
1371 1371
1372 1372
1373 1373
1373 1675
1373 1680
1374 1374
1374 1375
1374 1377
1375 1375
1376 1376
1376 1420
1376 1422
1377 1377
1377 1422
1377 1423
1378 1378
1378 1643
1379 1379
1380 1380
1380 1562
1380 1583
1381 1381
1381 1540
1381 1618
1382 1382
1382 1565
1382 1701
1383 1383
1383 1682
1384 1384
1384 1454
1384 1682
1384 1704
1385 1385
1385 1600
1386 1386
1387 1387
1387 1561
1387 1611
1388 1388
1388 1456
1389 1389
1389 1616
1389 1641
1390 1390
1391 1391
1391 1556
1391 1619
1391 1660
1392 1392
1392 1505
1392 1608
1393 1393
1393 1505
1393 1681
1394 1394
1394 1395
1394 1504
1395 1395
1396 1396
1396 1512
1396 1572
1397 1397
1398 1398
1398 1548
1399 1399
1399 1626
1399 1629
1400 1400
1400 1597
1400 1628
1401 1401
1402 1402
1403 1403
1404 1404
1404 1518
1405 1405
1405 1531
1405 1573
1405 1576
1405 1691
1406 1406
1406 1480
1407 1407
1407 1620
1407 1679
1408 1408
1409 1409
1409 1681
1409 1686
1410 1410
1411 1411
1411 1552
1412 1412
1412 1588
1413 1413
1413 1499
1413 1594
1414 1414
1414 1677
1415 1415
1415 1612
1415 1646
1416 1416
1416 1677
1417 1417
1417 1532
1417 1558
1418 1418
1418 1423
1419 1419
1420 1420
1421 1421
1421 1424
1422 1422
1423 1423
1424 1424
1424 1425
1425 1425
1425 1426
1426 1426
1427 1427
1427 1623
1428 1428
1428 1556
1429 1429
1429 1446
1429 1447
1430 1430
1430 1483
1431 1431
1431 1631
1431 1634
1432 1432
1433 1433
1433 1497
1434 1434
1434 1592
1434 1675
1435 1435
1435 1639
1436 1436
1436 1672
1437 1437
1437 1494
1438 1438
1438 1484
1438 1486
1439 1439
1439 1468
1439 1579
1440 1440
1440 1468
1440 1550
1441 1441
1441 1442
1441 1446
1442 1442
1442 1444
1442 1446
1442 1614
1443 1443
1443 1445
1444 1444
1445 1445
1446 1446
1446 1447
1446 1614
1446 1693
1447 1447
1448 1448
1448 1449
1448 1550
1448 1576
1449 1449
1449 1450
1449 1576
1450 1450
1450 1576
1451 1451
1451 1495
1451 1577
1452 1452
1452 1455
1452 1494
1452 1576
1453 1453
1453 1560
1454 1454
1454 1553
1454 1682
1455 1455
1455 1494
1455 1578
1456 1456
1456 1627
1457 1457
1457 1504
1457 1640
1457 1697
1458 1458
1458 1595
1458 1656
1458 1657
1458 1674
1459 1459
1459 1558
1459 1630
1460 1460
1460 1516
1460 1658
1461 1461
1461 1601
1462 1462
1462 1721
1463 1463
1464 1464
1464 1676
1464 1682
1464 1702
1465 1465
1465 1481
1465 1482
1465 1483
1466 1466
1466 1552
1466 1664
1467 1467
1467 1543
1467 1544
1467 1547
1467 1581
1468 1468
1468 1575
1468 1579
1469 1469
1469 1483
1469 1484
1469 1489
1469 1670
1470 1470
1470 1538
1470 1587
1471 1471
1471 1551
1472 1472
1472 1693
1472 1705
1473 1473
1473 1606
1474 1474
1474 1625
1474 1626
1474 1627
1474 1628
1475 1475
1475 1530
1475 1536
1475 1590
1475 1615
1476 1476
1476 1477
1476 1480
1476 1539
1477 1477
1477 1478
1477 1539
1478 1478
1479 1479
1479 1646
1479 1678
1479 1681
1479 1685
1480 1480
1480 1514
1480 1538
1480 1539
1480 1714
1481 1481
1481 1483
1481 1485
1482 1482
1482 1483
1483 1483
1484 1484
1484 1487
1485 1485
1485 1670
1486 1486
1487 1487
1487 1670
1488 1488
1489 1489
1489 1670
1490 1490
1491 1491
1492 1492
1493 1493
1494 1494
1494 1495
1495 1495
1496 1496
1496 1691
1497 1497
1497 1563
1497 1564
1497 1696
1498 1498
1498 1552
1498 1648
1499 1499
1499 1688
1499 1696
1500 1500
1500 1588
1500 1603
1500 1604
1501 1501
1502 1502
1502 1612
1502 1678
1503 1503
1503 1546
1504 1504
1505 1505
1506 1506
1507 1507
1508 1508
1509 1509
1509 1648
1510 1510
1510 1594
1510 1614
1510 1688
1511 1511
1512 1512
1512 1513
1513 1513
1514 1514
1515 1515
1515 1631
1515 1636
1516 1516
1516 1601
1516 1643
1516 1658
1517 1517
1517 1605
1518 1518
1518 1524
1519 1519
1519 1669
1520 1520
1520 1650
1521 1521
1521 1662
1522 1522
1522 1602
1522 1604
1522 1605
1523 1523
1524 1524
1525 1525
1526 1526
1526 1602
1527 1527
1527 1656
1528 1528
1529 1529
1529 1659
1530 1530
1530 1536
1530 1589
1531 1531
1531 1573
1531 1691
1532 1532
1533 1533
1533 1621
1533 1650
1533 1684
1534 1534
1535 1535
1535 1662
1536 1536
1537 1537
1537 1609
1537 1654
1538 1538
1539 1539
1540 1540
1541 1541
1541 1569
1541 1618
1542 1542
1542 1681
1543 1543
1543 1546
1544 1544
1544 1546
1545 1545
1545 1548
1546 1546
1546 1549
1546 1718
1547 1547
1548 1548
1549 1549
1550 1550
1550 1576
1551 1551
1551 1597
1552 1552
1552 1585
1553 1553
1553 1682
1554 1554
1554 1637
1555 1555
1556 1556
1556 1607
1557 1557
1557 1658
1557 1674
1558 1558
1559 1559
1560 1560
1560 1583
1561 1561
1561 1655
1562 1562
1563 1563
1564 1564
1565 1565
1565 1573
1565 1578
1566 1566
1566 1572
1567 1567
1567 1568
1567 1683
1567 1708
1568 1568
1568 1683
1569 1569
1569 1618
1569 1692
1570 1570
1571 1571
1571 1652
1571 1671
1572 1572
1572 1703
1573 1573
1573 1578
1574 1574
1574 1578
1575 1575
1575 1576
1575 1579
1575 1690
1576 1576
1577 1577
1578 1578
1579 1579
1580 1580
1580 1647
1581 1581
1582 1582
1583 1583
1583 1584
1584 1584
1584 1641
1584 1659
1584 1674
1585 1585
1585 1629
1585 1647
1585 1648
1586 1586
1586 1587
1587 1587
1588 1588
1588 1602
1588 1613
1589 1589
1590 1590
1591 1591
1591 1659
1592 1592
1592 1678
1593 1593
1593 1594
1593 1644
1594 1594
1595 1595
1595 1721
1596 1596
1596 1597
1597 1597
1598 1598
1599 1599
1599 1657
1600 1600
1600 1646
1601 1601
1601 1642
1602 1602
1602 1700
1603 1603
1604 1604
1605 1605
1605 1700
1606 1606
1607 1607
1607 1633
1607 1635
1607 1639
1608 1608
1608 1684
1609 1609
1609 1657
1610 1610
1611 1611
1612 1612
1613 1613
1614 1614
1614 1689
1615 1615
1615 1652
1615 1674
1616 1616
1616 1641
1616 1697
1616 1706
1617 1617
1618 1618
1619 1619
1619 1636
1620 1620
1620 1677
1621 1621
1621 1650
1622 1622
1622 1623
1623 1623
1624 1624
1624 1697
1625 1625
1625 1629
1626 1626
1626 1627
1627 1627
1628 1628
1628 1629
1629 1629
1630 1630
1630 1660
1630 1665
1631 1631
1632 1632
1632 1634
1633 1633
1633 1638
1633 1639
1633 1664
1634 1634
1635 1635
1635 1636
1635 1639
1636 1636
1637 1637
1638 1638
1639 1639
1640 1640
1641 1641
1641 1643
1642 1642
1642 1643
1643 1643
1643 1674
1644 1644
1645 1645
1646 1646
1647 1647
1648 1648
1649 1649
1650 1650
1651 1651
1652 1652
1653 1653
1653 1717
1654 1654
1654 1655
1655 1655
1655 1657
1656 1656
1657 1657
1658 1658
1659 1659
1660 1660
1661 1661
1662 1662
1663 1663
1663 1700
1664 1664
1664 1665
1665 1665
1666 1666
1667 1667
1668 1668
1669 1669
1670 1670
1671 1671
1672 1672
1673 1673
1674 1674
1674 1711
1675 1675
1676 1676
1677 1677
1678 1678
1679 1679
1680 1680
1681 1681
1681 1686
1682 1682
1683 1683
1684 1684
1685 1685
1686 1686
1686 1712
1687 1687
1688 1688
1689 1689
1689 1713
1690 1690
1691 1691
1692 1692
1693 1693
1694 1694
1695 1695
1696 1696
1697 1697
1698 1698
1699 1699
1700 1700
1701 1701
1702 1702
1703 1703
1704 1704
1705 1705
1706 1706
1707 1707
1708 1708
1709 1709
1710 1710
1711 1711
1712 1712
1713 1713
1714 1714
1715 1715
1716 1716
1717 1717
1718 1718
1719 1719
1720 1720
1721 1721
1721 1722
1722 1722
