0 0
0 280
0 352
1 1
1 2
1 434
1 436
2 2
2 3
2 4
3 3
4 4
5 5
5 9
6 6
6 9
7 7
7 8
8 8
8 19
8 38
9 9
9 19
9 213
10 10
10 107
10 349
11 11
11 176
11 258
12 12
12 201
12 427
13 13
13 15
14 14
14 15
14 51
14 300
15 15
15 265
15 299
16 16
16 27
16 433
17 17
17 205
18 18
18 267
18 271
19 19
19 92
19 184
20 20
20 31
20 288
21 21
21 22
21 399
22 22
22 23
22 265
23 23
23 414
24 24
24 25
25 25
25 201
25 298
25 363
25 423
26 26
26 139
26 174
26 242
26 269
27 27
27 200
27 240
27 307
27 440
28 28
28 111
28 269
29 29
29 176
29 266
29 283
30 30
30 114
30 187
31 31
31 193
32 32
32 252
32 288
33 33
33 110
33 162
33 209
34 34
34 97
34 205
35 35
35 93
35 430
36 36
36 37
36 132
36 305
36 386
36 394
37 37
38 38
38 70
38 213
38 255
39 39
39 381
40 40
40 220
40 221
40 316
40 335
41 41
41 42
42 42
42 43
42 183
43 43
43 44
43 107
43 289
43 290
44 44
44 45
44 46
44 47
44 48
44 65
44 338
45 45
46 46
47 47
48 48
49 49
49 50
49 88
49 241
50 50
50 160
50 242
51 51
51 64
52 52
52 183
52 422
53 53
53 54
53 55
53 175
54 54
55 55
56 56
56 93
56 402
57 57
57 58
57 59
57 60
58 58
58 60
58 84
58 185
58 256
58 279
59 59
60 60
60 215
61 61
61 65
62 62
62 65
63 63
63 65
64 64
64 244
65 65
65 338
65 362
66 66
66 98
66 190
66 212
67 67
67 68
68 68
68 135
68 141
68 210
68 270
69 69
69 285
69 411
70 70
70 92
70 181
70 192
71 71
71 72
71 168
71 325
71 429
72 72
72 249
73 73
73 74
73 164
73 410
74 74
75 75
75 126
75 299
76 76
76 163
76 352
77 77
77 88
77 143
77 286
78 78
78 280
78 352
79 79
79 239
79 311
79 320
79 413
80 80
80 186
80 269
81 81
81 82
82 82
82 162
82 168
83 83
83 213
83 267
83 393
84 84
84 85
85 85
86 86
86 94
86 179
86 182
87 87
87 116
87 191
87 434
88 88
88 89
88 143
88 241
89 89
89 160
89 242
89 287
90 90
90 91
90 198
90 209
91 91
91 199
91 207
91 222
91 223
92 92
92 156
92 170
93 93
93 322
94 94
94 95
94 96
95 95
96 96
97 97
98 98
98 122
99 99
99 100
99 101
99 220
99 263
99 325
99 429
100 100
101 101
102 102
102 106
103 103
103 107
104 104
104 108
105 105
105 106
106 106
106 107
107 107
107 108
107 327
107 433
108 108
108 222
109 109
109 152
109 227
109 312
110 110
110 270
111 111
111 112
111 113
111 174
112 112
112 114
113 113
113 442
114 114
114 348
115 115
115 373
115 376
116 116
116 122
117 117
117 118
117 152
117 233
117 388
118 118
118 337
118 400
119 119
119 120
119 181
120 120
120 393
120 427
121 121
121 365
121 371
121 396
122 122
123 123
123 124
123 230
124 124
124 125
125 125
125 140
125 200
125 361
125 414
126 126
126 230
127 127
127 396
128 128
128 129
128 370
129 129
130 130
130 384
131 131
131 187
131 270
132 132
132 133
132 134
132 261
132 305
133 133
133 291
134 134
134 293
135 135
135 270
136 136
136 300
136 401
137 137
137 138
137 310
137 364
137 375
137 376
138 138
139 139
139 269
140 140
140 200
141 141
141 297
142 142
142 179
142 192
143 143
144 144
144 145
145 145
145 210
146 146
146 147
146 153
146 424
147 147
147 206
147 397
148 148
148 149
149 149
149 209
150 150
150 151
151 151
151 209
152 152
152 154
152 155
152 233
153 153
154 154
155 155
156 156
156 157
156 158
157 157
158 158
159 159
159 160
160 160
161 161
161 162
162 162
163 163
163 164
163 166
163 234
163 345
163 352
163 413
164 164
164 165
165 165
166 166
167 167
167 168
168 168
169 169
169 190
169 252
170 170
170 330
171 171
171 220
171 429
172 172
172 264
173 173
173 231
173 401
174 174
174 287
175 175
175 198
176 176
176 177
176 178
176 226
176 266
176 328
176 337
176 348
177 177
177 249
178 178
179 179
179 181
179 182
179 301
180 180
180 304
180 321
181 181
181 308
182 182
183 183
184 184
184 426
185 185
185 186
185 187
185 205
186 186
187 187
187 189
187 226
187 258
187 389
187 434
188 188
188 189
188 211
189 189
190 190
190 252
190 272
191 191
191 272
192 192
192 213
192 301
193 193
193 391
193 411
194 194
194 195
194 196
194 197
195 195
195 199
195 428
196 196
197 197
198 198
198 199
199 199
199 219
199 223
199 336
199 425
199 428
200 200
200 307
201 201
201 271
201 363
201 423
202 202
202 203
203 203
203 313
204 204
204 399
204 407
205 205
205 348
206 206
206 207
206 210
206 397
207 207
207 235
207 425
208 208
208 327
208 361
209 209
209 210
210 210
210 211
211 211
212 212
212 257
213 213
213 308
213 431
214 214
214 215
214 216
215 215
215 282
215 400
216 216
217 217
217 281
217 284
218 218
218 314
218 428
219 219
219 220
219 221
219 336
220 220
220 255
220 263
220 429
220 431
221 221
221 429
222 222
222 235
222 435
223 223
223 224
223 225
224 224
225 225
226 226
227 227
227 281
228 228
228 288
228 391
229 229
229 259
229 267
229 313
229 326
230 230
231 231
231 296
232 232
232 233
233 233
234 234
234 321
234 409
234 432
235 235
235 236
235 237
235 238
235 435
236 236
237 237
238 238
239 239
239 304
240 240
241 241
241 242
242 242
243 243
243 245
243 327
243 433
244 244
244 407
245 245
245 254
246 246
246 249
247 247
247 249
248 248
248 249
249 249
249 324
249 435
250 250
250 339
250 403
251 251
251 253
252 252
252 253
252 288
253 253
254 254
254 327
254 395
255 255
255 431
256 256
256 346
256 407
257 257
257 391
258 258
258 436
259 259
259 260
259 326
260 260
261 261
261 262
262 262
263 263
264 264
264 265
265 265
266 266
267 267
267 271
267 313
267 393
267 427
268 268
268 269
269 269
269 270
270 270
271 271
272 272
272 274
273 273
273 277
274 274
274 277
274 278
275 275
275 277
275 278
276 276
276 278
277 277
278 278
279 279
280 280
280 352
281 281
281 339
282 282
282 283
282 288
282 295
282 434
283 283
283 288
283 434
284 284
284 340
285 285
285 434
286 286
286 287
287 287
287 439
288 288
288 289
288 290
289 289
290 290
291 291
291 292
291 293
292 292
293 293
293 294
294 294
295 295
295 297
295 437
296 296
296 392
297 297
298 298
298 423
299 299
300 300
301 301
301 302
301 303
302 302
303 303
304 304
304 432
305 305
305 306
305 380
305 386
305 394
305 404
305 419
306 306
306 390
306 425
307 307
308 308
308 309
308 427
309 309
309 428
310 310
310 364
310 375
311 311
311 413
312 312
313 313
314 314
314 315
314 390
314 428
315 315
316 316
316 317
316 318
316 319
316 330
316 335
317 317
318 318
319 319
320 320
320 413
321 321
322 322
322 324
322 347
322 398
323 323
323 324
323 353
324 324
324 338
325 325
325 429
326 326
327 327
327 341
327 342
327 343
327 344
328 328
328 329
328 400
329 329
330 330
331 331
331 334
331 383
332 332
332 333
332 381
333 333
334 334
335 335
335 336
335 426
336 336
337 337
337 338
337 339
337 340
337 402
338 338
339 339
340 340
340 392
341 341
342 342
343 343
344 344
345 345
345 409
346 346
346 347
347 347
347 402
348 348
348 398
348 430
349 349
349 433
350 350
350 352
350 353
350 356
351 351
351 352
351 353
351 357
352 352
352 387
353 353
353 414
353 438
354 354
354 387
355 355
355 387
356 356
357 357
358 358
358 361
359 359
359 361
360 360
360 395
361 361
361 362
362 362
363 363
364 364
364 376
365 365
365 366
365 368
365 369
366 366
366 424
367 367
367 368
367 425
368 368
368 375
369 369
369 370
369 384
369 396
370 370
371 371
371 377
371 382
371 383
372 372
372 373
372 379
373 373
373 374
373 376
373 378
373 404
373 419
374 374
374 425
375 375
375 376
376 376
377 377
377 379
378 378
378 379
379 379
380 380
380 386
381 381
381 382
381 386
382 382
382 385
383 383
384 384
385 385
385 386
386 386
387 387
388 388
389 389
389 434
390 390
390 405
391 391
392 392
392 403
393 393
393 394
394 394
395 395
396 396
397 397
398 398
399 399
400 400
401 401
401 402
402 402
403 403
404 404
404 405
405 405
406 406
406 408
406 409
406 410
407 407
408 408
409 409
410 410
411 411
412 412
412 416
413 413
413 416
413 417
414 414
414 416
414 417
415 415
415 417
416 416
417 417
418 418
418 419
418 420
418 421
419 419
420 420
421 421
422 422
422 437
423 423
424 424
424 425
425 425
426 426
427 427
427 428
428 428
429 429
430 430
431 431
432 432
433 433
434 434
434 435
435 435
435 438
436 436
437 437
438 438
439 439
439 441
440 440
441 441
441 442
442 442
