0 0
0 32
0 143
1 1
1 3
2 2
2 3
2 5
2 155
2 242
3 3
3 4
4 4
5 5
6 6
6 106
6 155
7 7
7 8
8 8
8 9
8 23
8 32
9 9
9 10
9 11
9 157
9 185
10 10
11 11
12 12
12 117
12 239
13 13
13 14
13 225
14 14
14 15
14 157
15 15
15 235
16 16
16 41
16 161
17 17
17 85
17 105
17 142
17 160
18 18
18 75
18 160
19 19
19 106
19 152
19 158
19 176
20 20
20 49
20 166
21 21
21 152
21 180
22 22
22 58
22 117
23 23
23 84
24 24
24 25
25 25
25 26
25 111
26 26
26 27
26 71
26 181
26 182
27 27
27 28
27 38
27 192
28 28
29 29
29 30
29 31
29 54
29 141
30 30
31 31
31 142
32 32
33 33
33 111
33 238
34 34
34 35
34 36
34 50
34 84
34 154
34 165
35 35
36 36
36 122
37 37
37 38
38 38
38 206
39 39
39 77
39 115
39 220
40 40
40 41
41 41
41 86
41 120
41 161
42 42
42 43
42 44
42 45
42 46
42 95
42 231
43 43
44 44
45 45
46 46
47 47
47 127
47 185
48 48
48 54
48 87
48 177
49 49
49 160
50 50
50 51
51 51
51 193
52 52
52 77
52 242
53 53
53 54
54 54
54 55
54 56
54 57
54 87
54 141
55 55
55 142
55 179
56 56
57 57
58 58
58 193
59 59
59 62
59 63
59 137
59 222
59 233
60 60
60 63
61 61
61 63
62 62
63 63
64 64
64 70
65 65
65 70
66 66
66 70
67 67
67 71
68 68
68 72
69 69
69 70
70 70
70 71
70 593
70 1557
71 71
71 72
71 635
71 649
71 1431
72 72
72 125
73 73
73 90
73 126
73 189
74 74
74 75
74 250
75 75
75 105
76 76
76 112
77 77
78 78
78 79
78 90
78 130
78 217
78 221
79 79
79 205
79 226
80 80
80 82
80 83
80 236
80 598
81 81
81 82
81 127
82 82
83 83
83 118
84 84
84 104
85 85
85 160
86 86
86 188
87 87
88 88
88 89
89 89
89 120
89 526
90 90
90 91
90 92
90 130
91 91
92 92
93 93
93 95
93 96
93 99
93 100
93 101
93 144
93 211
93 229
93 233
94 94
94 101
95 95
95 97
95 98
95 101
96 96
97 97
98 98
99 99
100 100
101 101
102 102
102 211
103 103
103 156
104 104
104 128
105 105
105 179
106 106
106 107
106 158
106 201
106 205
107 107
107 108
107 109
107 110
108 108
109 109
110 110
111 111
112 112
112 155
112 242
113 113
113 114
113 121
114 114
115 115
115 152
115 167
116 116
116 196
116 225
116 228
117 117
117 165
117 210
118 118
118 119
118 651
119 119
119 635
120 120
120 121
120 450
120 511
120 521
120 1347
121 121
122 122
122 123
122 175
122 226
123 123
124 124
124 173
124 174
125 125
125 131
125 243
125 1314
126 126
126 173
127 127
128 128
128 184
129 129
129 130
130 130
131 131
131 132
131 133
131 134
131 243
131 405
132 132
133 133
134 134
135 135
135 136
136 136
136 137
136 139
137 137
137 140
137 186
138 138
138 140
139 139
139 140
140 140
141 141
141 142
142 142
143 143
143 228
144 144
144 147
144 186
144 199
144 200
144 240
145 145
145 147
146 146
146 147
147 147
148 148
148 208
148 227
149 149
149 152
150 150
150 152
151 151
151 153
152 152
152 153
152 180
152 210
153 153
154 154
154 196
154 209
154 228
155 155
156 156
156 157
157 157
158 158
159 159
159 160
160 160
160 161
161 161
161 1321
162 162
162 167
163 163
163 167
164 164
164 167
165 165
165 166
166 166
166 171
166 172
167 167
167 169
168 168
168 169
168 171
169 169
169 171
169 172
170 170
170 172
171 171
172 172
173 173
173 208
174 174
174 207
175 175
175 176
175 180
175 183
175 242
175 1550
176 176
176 180
176 242
177 177
177 178
177 179
178 178
179 179
179 248
180 180
180 181
180 182
180 220
181 181
182 182
183 183
183 188
183 238
184 184
184 221
185 185
186 186
186 187
187 187
188 188
189 189
189 190
190 190
191 191
191 196
191 224
192 192
192 193
192 196
193 193
193 194
193 195
193 199
193 209
194 194
195 195
196 196
196 197
196 198
196 200
197 197
198 198
199 199
200 200
201 201
201 202
201 203
201 226
202 202
202 204
203 203
204 204
205 205
205 206
205 207
205 208
206 206
207 207
207 221
208 208
209 209
210 210
210 224
211 211
211 216
211 218
212 212
212 216
212 235
212 244
213 213
213 218
214 214
214 218
215 215
215 216
216 216
217 217
217 219
218 218
219 219
220 220
221 221
221 227
222 222
222 223
222 233
223 223
224 224
225 225
226 226
227 227
228 228
229 229
229 232
229 240
230 230
230 232
231 231
231 232
232 232
233 233
233 237
234 234
234 237
235 235
235 236
235 237
236 236
237 237
238 238
239 239
240 240
240 241
241 241
242 242
242 243
243 243
243 244
244 244
245 245
245 247
246 246
246 247
247 247
247 248
247 249
247 250
248 248
249 249
250 250
251 251
251 252
251 326
252 252
252 283
252 296
253 253
253 289
253 312
253 325
254 254
254 259
254 284
255 255
255 319
255 333
256 256
256 281
256 302
257 257
257 261
257 310
258 258
258 259
258 266
258 291
259 259
259 260
260 260
261 261
261 302
261 306
261 329
262 262
262 283
262 296
263 263
263 296
263 310
264 264
264 265
264 266
265 265
266 266
266 268
266 329
267 267
267 298
267 308
268 268
268 329
269 269
269 286
269 322
270 270
270 277
270 279
270 326
271 271
271 272
271 286
271 326
272 272
273 273
273 320
273 334
274 274
274 275
274 276
274 334
275 275
276 276
277 277
277 279
277 287
277 326
278 278
278 311
278 315
279 279
279 326
280 280
280 281
280 299
281 281
281 329
282 282
282 283
282 299
283 283
283 284
283 285
283 301
283 330
284 284
285 285
285 292
285 303
285 313
285 720
286 286
286 326
287 287
287 288
288 288
289 289
289 290
289 309
289 1602
290 290
291 291
291 292
291 293
291 316
291 319
292 292
292 303
292 334
293 293
294 294
294 295
294 297
295 295
296 296
297 297
297 317
298 298
298 309
298 1587
299 299
299 300
300 300
301 301
301 306
302 302
302 303
302 306
302 310
302 314
303 303
303 313
304 304
304 305
305 305
305 313
306 306
307 307
307 308
308 308
309 309
309 678
310 310
311 311
311 312
312 312
312 313
313 313
314 314
314 330
315 315
315 316
315 321
316 316
317 317
317 318
318 318
318 320
319 319
320 320
321 321
321 324
322 322
322 323
323 323
324 324
324 325
324 331
324 1592
325 325
325 1593
326 326
326 327
327 327
327 328
328 328
329 329
330 330
331 331
331 332
331 1598
332 332
333 333
333 334
333 335
334 334
335 335
336 336
336 337
336 338
336 364
336 377
336 378
337 337
337 347
337 376
338 338
338 339
338 340
338 349
338 358
338 378
338 1416
339 339
340 340
341 341
341 379
342 342
342 384
342 1404
343 343
343 367
344 344
344 345
345 345
345 346
345 348
345 360
345 379
346 346
346 354
346 357
346 375
347 347
347 349
347 351
348 348
348 356
348 387
349 349
349 369
349 1382
349 1449
350 350
350 351
350 1118
350 1121
351 351
351 352
351 353
351 370
351 1405
352 352
353 353
354 354
354 355
354 361
354 382
354 386
355 355
356 356
356 357
356 380
357 357
358 358
358 359
358 369
358 384
359 359
360 360
360 380
361 361
361 362
361 742
362 362
363 363
363 385
363 758
364 364
364 365
364 366
364 377
364 389
365 365
365 375
366 366
367 367
367 368
367 374
367 379
367 389
367 390
368 368
369 369
369 370
370 370
370 1405
371 371
371 386
372 372
372 373
373 373
373 876
374 374
375 375
375 376
376 376
377 377
378 378
379 379
379 387
380 380
380 381
380 385
381 381
382 382
382 383
382 792
383 383
384 384
385 385
385 386
386 386
387 387
387 388
388 388
389 389
390 390
391 391
391 392
391 406
391 415
391 446
392 392
393 393
393 422
393 429
393 447
394 394
394 422
394 429
394 448
395 395
395 447
395 448
396 396
396 397
396 426
397 397
398 398
398 443
399 399
399 442
400 400
400 401
400 416
400 421
400 430
400 432
401 401
402 402
402 403
402 449
402 455
403 403
404 404
404 405
404 449
404 522
405 405
405 456
405 1314
406 406
406 407
406 408
406 415
407 407
407 411
408 408
408 413
409 409
409 410
409 415
410 410
411 411
411 412
411 413
412 412
413 413
413 414
414 414
415 415
415 430
415 438
415 446
415 452
416 416
416 421
416 432
417 417
417 420
417 441
418 418
418 419
418 439
419 419
420 420
421 421
421 433
422 422
422 425
422 427
422 428
423 423
423 432
424 424
424 455
425 425
425 455
426 426
426 427
426 428
427 427
427 442
427 447
428 428
428 442
428 448
429 429
429 436
429 437
429 440
429 441
430 430
430 431
430 433
430 434
430 452
431 431
431 456
432 432
432 433
433 433
434 434
434 435
435 435
435 436
435 437
435 451
436 436
437 437
438 438
438 445
439 439
439 440
439 445
440 440
440 444
441 441
442 442
442 443
443 443
444 444
444 445
445 445
446 446
446 1370
447 447
448 448
449 449
449 450
450 450
451 451
451 452
451 453
451 454
452 452
453 453
454 454
455 455
455 456
456 456
456 1343
457 457
457 458
457 466
457 475
458 458
458 467
458 470
458 476
459 459
459 460
459 463
460 460
461 461
461 462
461 471
461 485
462 462
462 463
462 472
462 483
462 501
463 463
463 476
463 499
463 763
463 1380
464 464
464 486
465 465
465 466
465 467
465 468
465 482
466 466
466 1129
467 467
467 470
467 480
467 1130
468 468
469 469
469 470
469 490
470 470
470 480
470 489
471 471
471 472
471 474
471 484
472 472
472 505
473 473
473 474
474 474
474 486
475 475
475 476
475 505
476 476
477 477
477 486
478 478
478 480
479 479
479 480
480 480
481 481
481 487
481 1564
482 482
483 483
483 493
484 484
484 490
484 491
484 505
485 485
485 491
485 497
486 486
486 487
486 488
486 489
486 490
486 491
486 498
486 500
486 502
487 487
488 488
488 1569
489 489
489 499
490 490
491 491
491 492
492 492
493 493
494 494
494 495
494 496
494 503
494 777
495 495
495 501
496 496
497 497
497 501
497 503
498 498
499 499
499 763
500 500
501 501
502 502
503 503
503 504
503 684
504 504
505 505
506 506
506 537
506 556
506 566
507 507
507 531
507 542
508 508
508 509
508 535
508 540
508 541
509 509
509 515
509 546
510 510
510 528
510 568
511 511
511 514
511 565
512 512
512 530
512 567
513 513
513 540
513 568
514 514
514 517
514 520
514 524
514 528
514 543
514 544
514 545
514 568
515 515
515 518
515 519
515 522
515 553
515 559
516 516
516 553
516 567
517 517
518 518
519 519
520 520
521 521
521 533
521 560
521 562
521 564
522 522
523 523
523 534
523 562
524 524
524 558
524 564
525 525
525 532
525 535
526 526
526 527
526 565
527 527
528 528
528 529
529 529
530 530
530 536
531 531
531 536
532 532
532 556
533 533
533 566
534 534
534 555
535 535
535 554
536 536
537 537
537 549
537 563
538 538
538 539
538 540
538 563
539 539
539 546
539 557
540 540
541 541
541 547
542 542
542 565
543 543
543 558
544 544
544 555
545 545
545 554
546 546
546 548
546 567
547 547
547 568
548 548
548 550
548 551
548 552
549 549
549 566
550 550
551 551
552 552
553 553
554 554
554 568
555 555
555 558
556 556
556 557
557 557
557 559
558 558
558 559
559 559
560 560
560 566
561 561
561 568
562 562
563 563
564 564
565 565
566 566
566 567
567 567
568 568
569 569
569 586
570 570
570 571
570 615
570 647
570 650
571 571
572 572
572 573
572 647
572 651
573 573
573 584
573 648
574 574
574 575
574 601
575 575
575 608
575 649
576 576
576 577
576 578
576 638
576 643
577 577
577 579
577 600
578 578
578 579
578 587
579 579
579 592
579 606
579 607
580 580
580 642
580 647
580 650
581 581
581 584
581 593
582 582
582 583
582 603
583 583
583 585
583 597
584 584
585 585
585 586
585 588
585 605
586 586
586 588
586 601
587 587
587 630
588 588
588 589
588 642
589 589
590 590
590 626
590 627
590 636
591 591
591 602
591 615
591 627
592 592
592 607
593 593
593 594
594 594
595 595
595 615
595 616
595 644
596 596
596 597
596 603
597 597
597 598
598 598
598 605
599 599
599 600
599 638
600 600
600 646
601 601
601 631
602 602
603 603
603 604
604 604
605 605
605 608
606 606
606 631
607 607
607 608
607 609
607 610
607 611
607 612
607 613
607 614
607 631
607 646
608 608
609 609
610 610
611 611
612 612
613 613
614 614
615 615
615 652
616 616
616 617
617 617
617 635
618 618
618 619
618 620
618 621
618 622
619 619
619 623
619 636
619 647
620 620
621 621
622 622
623 623
624 624
624 625
625 625
625 626
625 647
626 626
626 629
626 647
626 652
627 627
627 628
627 647
628 628
629 629
630 630
630 631
630 632
630 633
630 643
631 631
631 634
632 632
633 633
634 634
635 635
635 640
635 641
635 649
636 636
636 637
637 637
637 649
638 638
638 639
639 639
639 646
640 640
641 641
642 642
643 643
644 644
644 645
645 645
645 652
646 646
647 647
647 648
647 649
648 648
649 649
650 650
651 651
652 652
653 653
653 822
653 922
654 654
654 669
654 921
655 655
655 842
656 656
656 657
656 795
656 904
657 657
657 779
657 843
658 658
658 659
658 660
658 733
658 743
658 781
658 881
659 659
659 806
660 660
660 729
660 733
661 661
661 756
661 799
662 662
662 745
662 815
662 862
663 663
663 664
663 665
663 783
663 850
663 857
664 664
664 666
664 668
664 858
665 665
665 666
665 707
666 666
666 708
666 718
666 832
666 878
666 920
667 667
667 719
667 884
668 668
668 827
668 847
669 669
669 745
669 821
669 883
670 670
670 694
670 747
670 823
670 873
670 881
671 671
671 672
671 721
672 672
672 673
672 689
672 694
672 722
672 723
672 724
672 759
672 808
672 813
672 822
672 906
673 673
673 774
674 674
674 725
674 816
675 675
675 676
675 888
675 905
675 906
676 676
677 677
677 730
677 889
677 891
678 678
678 679
678 718
678 878
678 1605
679 679
680 680
680 681
680 706
680 780
681 681
682 682
682 683
682 835
683 683
683 917
684 684
684 846
685 685
685 686
685 832
685 858
686 686
687 687
687 729
687 747
688 688
688 869
688 923
689 689
690 690
690 843
691 691
691 795
691 809
691 828
691 836
691 900
692 692
692 693
693 693
693 868
694 694
695 695
695 696
695 697
695 698
695 708
695 889
696 696
696 699
696 709
696 825
696 887
697 697
698 698
699 699
700 700
700 780
700 845
701 701
701 765
701 777
702 702
702 703
702 830
702 910
703 703
703 708
703 714
703 812
703 869
703 911
704 704
704 744
704 766
704 785
705 705
705 706
706 706
706 794
707 707
707 710
707 713
707 835
708 708
708 709
708 710
708 711
708 822
708 836
708 851
708 920
709 709
709 712
709 756
709 859
710 710
711 711
712 712
713 713
714 714
714 715
714 716
714 736
714 804
714 892
714 898
714 900
714 923
715 715
715 859
716 716
716 859
717 717
717 900
717 901
718 718
719 719
719 720
720 720
720 825
721 721
722 722
723 723
724 724
725 725
726 726
726 732
726 856
727 727
727 792
727 913
728 728
728 736
728 892
729 729
730 730
730 731
730 750
730 871
731 731
732 732
732 733
733 733
733 743
733 748
733 757
734 734
734 735
735 735
735 869
735 887
735 918
736 736
736 741
736 804
737 737
737 738
737 740
738 738
738 739
738 740
739 739
739 839
740 740
740 761
740 764
741 741
741 892
742 742
742 913
743 743
744 744
744 788
745 745
745 746
745 768
745 769
745 770
746 746
746 816
747 747
748 748
748 753
749 749
749 750
750 750
750 889
751 751
751 821
751 841
751 862
752 752
752 753
752 924
753 753
753 897
754 754
754 787
754 813
754 906
755 755
755 774
755 802
755 874
756 756
756 774
756 799
756 840
756 912
757 757
757 897
758 758
758 860
759 759
759 762
760 760
760 761
760 792
760 827
761 761
761 797
762 762
762 816
763 763
763 764
763 788
763 832
764 764
765 765
765 767
766 766
766 767
767 767
768 768
768 771
769 769
769 772
769 879
770 770
770 773
771 771
772 772
773 773
774 774
774 775
774 776
774 806
774 817
774 840
775 775
776 776
777 777
778 778
778 779
778 863
778 894
779 779
779 838
780 780
780 803
781 781
781 782
782 782
782 806
783 783
783 826
783 846
784 784
784 795
784 925
785 785
785 786
785 832
786 786
787 787
787 906
788 788
789 789
789 790
789 797
789 799
790 790
791 791
791 792
791 839
792 792
793 793
793 794
793 796
793 924
794 794
794 820
795 795
796 796
796 856
797 797
797 798
798 798
799 799
799 800
799 817
800 800
801 801
801 802
802 802
802 1064
803 803
804 804
804 805
804 807
804 869
804 880
804 891
804 902
805 805
805 825
805 859
806 806
806 838
806 882
807 807
807 892
808 808
808 861
809 809
809 810
809 828
810 810
811 811
811 864
811 865
811 868
811 910
812 812
812 869
813 813
813 814
813 823
813 886
814 814
814 840
815 815
815 816
815 818
816 816
816 817
816 819
816 870
816 876
816 881
816 914
817 817
818 818
819 819
820 820
820 897
821 821
821 822
821 830
821 883
822 822
822 842
822 851
822 852
822 854
822 909
822 911
823 823
824 824
824 825
824 885
824 890
825 825
826 826
826 827
826 839
827 827
828 828
828 829
829 829
830 830
830 908
831 831
831 884
831 889
832 832
832 833
832 847
833 833
834 834
834 902
835 835
836 836
836 837
836 901
837 837
837 843
838 838
838 840
839 839
840 840
840 907
841 841
841 842
841 908
842 842
843 843
843 859
844 844
844 873
845 845
845 861
846 846
846 847
846 857
847 847
848 848
848 849
848 908
849 849
849 909
849 911
850 850
850 857
851 851
852 852
852 853
852 911
853 853
854 854
854 855
855 855
856 856
857 857
857 858
858 858
859 859
859 887
859 899
859 912
860 860
860 861
861 861
861 873
862 862
862 921
863 863
863 870
863 904
864 864
865 865
865 866
865 910
866 866
867 867
867 869
868 868
868 869
869 869
869 877
870 870
870 888
870 893
870 905
870 925
871 871
871 872
872 872
873 873
873 874
873 875
874 874
875 875
876 876
877 877
878 878
879 879
880 880
880 890
881 881
881 882
882 882
883 883
884 884
884 885
885 885
885 889
886 886
886 894
887 887
888 888
889 889
890 890
890 891
891 891
892 892
892 902
893 893
894 894
894 904
895 895
895 896
895 925
896 896
897 897
898 898
898 899
899 899
900 900
901 901
901 923
902 902
903 903
903 904
904 904
905 905
905 906
906 906
906 907
907 907
908 908
908 909
909 909
910 910
911 911
911 912
911 913
911 915
911 916
912 912
913 913
913 914
914 914
915 915
916 916
917 917
917 918
918 918
918 919
919 919
920 920
921 921
921 922
922 922
923 923
924 924
925 925
926 926
926 1002
926 1066
927 927
927 1057
927 1089
928 928
928 975
928 1012
929 929
929 938
929 984
930 930
930 1018
930 1087
931 931
931 932
932 932
932 943
932 1075
933 933
933 968
933 1058
933 1059
933 1077
933 1081
933 1090
933 1094
934 934
934 1035
934 1057
935 935
935 984
935 1094
936 936
936 937
936 1089
937 937
937 1058
937 1091
938 938
938 975
939 939
939 940
940 940
940 981
940 990
940 1093
941 941
941 943
942 942
942 943
943 943
944 944
944 985
945 945
945 1018
945 1068
946 946
946 955
946 1087
947 947
947 978
948 948
948 1090
949 949
949 1028
949 1037
950 950
950 951
951 951
951 1036
951 1058
952 952
952 953
952 1087
953 953
953 969
953 977
953 996
953 1039
953 1063
953 1071
953 1083
953 1087
953 1096
954 954
954 1058
955 955
955 956
955 957
955 1001
955 1032
955 1087
956 956
956 958
956 1032
956 1077
957 957
958 958
959 959
959 960
959 961
959 976
959 1013
960 960
961 961
962 962
962 963
962 1269
963 963
963 1046
963 1057
963 1267
963 1268
964 964
964 999
964 1037
965 965
965 1002
965 1066
966 966
966 1033
966 1057
967 967
967 968
968 968
968 1081
969 969
969 972
969 985
969 996
969 1034
970 970
970 1045
970 1067
971 971
971 972
971 973
971 978
972 972
972 974
973 973
974 974
975 975
975 976
975 980
975 983
975 1021
975 1037
976 976
976 1000
976 1013
977 977
977 1087
978 978
978 979
978 1046
979 979
979 1055
979 1062
979 1077
980 980
980 1012
981 981
981 985
981 1034
981 1047
981 1059
982 982
982 1037
982 1053
983 983
983 1004
984 984
984 993
984 1006
985 985
985 1058
985 1083
986 986
986 987
986 1075
986 1080
987 987
988 988
988 1072
988 1087
989 989
989 990
990 990
990 1093
991 991
991 1041
992 992
992 996
993 993
993 1037
994 994
994 1012
995 995
995 996
996 996
996 1071
996 1084
997 997
997 1004
998 998
998 1085
998 1087
999 999
999 1000
999 1037
999 1065
999 1086
1000 1000
1000 1013
1000 1026
1000 1078
1001 1001
1001 1032
1002 1002
1002 1003
1002 1014
1002 1066
1003 1003
1003 1067
1004 1004
1004 1053
1005 1005
1005 1006
1006 1006
1006 1090
1007 1007
1007 1021
1008 1008
1008 1009
1008 1016
1008 1028
1008 1030
1008 1031
1008 1032
1008 1069
1009 1009
1009 1026
1009 1078
1010 1010
1010 1011
1011 1011
1011 1055
1012 1012
1012 1013
1012 1021
1013 1013
1013 1377
1014 1014
1014 1066
1015 1015
1015 1077
1015 1086
1016 1016
1016 1031
1016 1069
1017 1017
1017 1078
1017 1088
1018 1018
1018 1045
1018 1067
1018 1072
1019 1019
1019 1021
1020 1020
1020 1021
1021 1021
1022 1022
1022 1023
1022 1029
1022 1030
1023 1023
1024 1024
1024 1030
1025 1025
1025 1026
1026 1026
1026 1028
1027 1027
1027 1028
1028 1028
1029 1029
1030 1030
1030 1037
1031 1031
1032 1032
1032 1067
1032 1077
1033 1033
1033 1035
1034 1034
1034 1093
1035 1035
1035 1036
1035 1038
1036 1036
1036 1075
1037 1037
1038 1038
1038 1057
1039 1039
1039 1063
1040 1040
1040 1041
1041 1041
1041 1063
1042 1042
1042 1063
1043 1043
1043 1063
1044 1044
1044 1045
1044 1048
1045 1045
1045 1049
1045 1050
1045 1051
1045 1052
1045 1068
1045 1072
1045 1077
1046 1046
1047 1047
1047 1093
1048 1048
1049 1049
1050 1050
1051 1051
1052 1052
1053 1053
1054 1054
1054 1055
1055 1055
1056 1056
1056 1067
1056 1077
1057 1057
1057 1058
1057 1095
1058 1058
1058 1061
1058 1062
1058 1075
1059 1059
1059 1060
1059 1073
1060 1060
1061 1061
1062 1062
1063 1063
1063 1064
1064 1064
1064 1076
1065 1065
1066 1066
1066 1067
1067 1067
1068 1068
1069 1069
1070 1070
1070 1071
1071 1071
1071 1083
1072 1072
1073 1073
1073 1077
1074 1074
1074 1075
1075 1075
1075 1076
1075 1080
1076 1076
1076 1078
1076 1088
1077 1077
1077 1078
1077 1083
1077 1091
1078 1078
1079 1079
1079 1080
1080 1080
1081 1081
1081 1082
1082 1082
1083 1083
1084 1084
1085 1085
1085 1087
1086 1086
1087 1087
1087 1088
1087 1096
1088 1088
1089 1089
1089 1095
1090 1090
1091 1091
1092 1092
1092 1093
1093 1093
1094 1094
1095 1095
1096 1096
1097 1097
1097 1121
1097 1128
1098 1098
1098 1125
1098 1420
1099 1099
1099 1113
1099 1122
1099 1127
1100 1100
1100 1102
1100 1469
1101 1101
1101 1103
1101 1114
1101 1120
1102 1102
1102 1103
1102 1104
1102 1474
1103 1103
1103 1105
1103 1106
1103 1115
1103 1507
1104 1104
1105 1105
1106 1106
1107 1107
1107 1121
1107 1530
1108 1108
1108 1109
1108 1130
1109 1109
1109 1116
1110 1110
1110 1122
1110 1130
1111 1111
1111 1121
1111 1125
1112 1112
1112 1119
1112 1507
1113 1113
1113 1114
1114 1114
1115 1115
1115 1117
1116 1116
1116 1124
1117 1117
1117 1118
1118 1118
1119 1119
1119 1123
1120 1120
1120 1124
1120 1128
1121 1121
1122 1122
1123 1123
1123 1127
1124 1124
1124 1509
1125 1125
1126 1126
1126 1127
1127 1127
1128 1128
1129 1129
1129 1130
1130 1130
1130 1578
1131 1131
1131 1178
1132 1132
1132 1185
1133 1133
1133 1161
1133 1167
1134 1134
1134 1181
1134 1458
1134 1514
1135 1135
1135 1136
1135 1163
1135 1170
1136 1136
1136 1154
1136 1165
1137 1137
1137 1139
1137 1172
1138 1138
1138 1139
1139 1139
1139 1158
1139 1166
1140 1140
1140 1141
1141 1141
1141 1177
1142 1142
1142 1173
1142 1174
1143 1143
1143 1144
1143 1146
1143 1147
1143 1148
1143 1159
1143 1175
1143 1182
1143 1465
1144 1144
1145 1145
1145 1146
1146 1146
1146 1176
1146 1179
1147 1147
1148 1148
1149 1149
1149 1157
1149 1167
1149 1478
1150 1150
1150 1151
1150 1152
1150 1169
1151 1151
1152 1152
1152 1156
1152 1171
1153 1153
1153 1154
1153 1174
1154 1154
1154 1155
1154 1171
1155 1155
1156 1156
1156 1168
1156 1171
1156 1179
1156 1185
1157 1157
1157 1158
1157 1172
1158 1158
1159 1159
1159 1160
1159 1182
1160 1160
1160 1186
1161 1161
1161 1162
1162 1162
1162 1168
1162 1177
1163 1163
1164 1164
1164 1165
1165 1165
1166 1166
1166 1176
1166 1184
1166 1185
1167 1167
1167 1168
1167 1173
1168 1168
1168 1495
1169 1169
1169 1171
1170 1170
1170 1171
1170 1174
1171 1171
1171 1488
1171 1551
1172 1172
1173 1173
1173 1178
1173 1537
1174 1174
1175 1175
1175 1176
1175 1182
1175 1188
1176 1176
1177 1177
1177 1521
1177 1526
1177 1555
1178 1178
1179 1179
1179 1181
1180 1180
1180 1181
1181 1181
1181 1184
1181 1187
1181 1490
1182 1182
1182 1183
1182 1465
1183 1183
1184 1184
1185 1185
1186 1186
1186 1187
1186 1491
1186 1498
1187 1187
1187 1456
1188 1188
1189 1189
1189 1193
1189 1205
1190 1190
1190 1205
1190 1211
1191 1191
1191 1204
1191 1211
1192 1192
1192 1221
1192 1229
1193 1193
1193 1195
1193 1196
1193 1200
1193 1214
1193 1217
1194 1194
1194 1197
1194 1199
1194 1213
1195 1195
1196 1196
1197 1197
1198 1198
1198 1199
1198 1200
1198 1201
1199 1199
1199 1212
1200 1200
1201 1201
1201 1205
1202 1202
1202 1203
1202 1210
1203 1203
1204 1204
1204 1209
1205 1205
1206 1206
1206 1207
1206 1208
1206 1215
1207 1207
1207 1224
1208 1208
1208 1224
1209 1209
1209 1224
1210 1210
1210 1211
1210 1230
1211 1211
1211 1212
1211 1214
1211 1224
1212 1212
1212 1213
1212 1218
1213 1213
1214 1214
1215 1215
1215 1219
1215 1230
1216 1216
1216 1217
1216 1218
1217 1217
1217 1221
1218 1218
1218 1222
1219 1219
1220 1220
1220 1221
1220 1229
1221 1221
1221 1222
1222 1222
1222 1372
1223 1223
1223 1224
1223 1225
1224 1224
1224 1226
1224 1227
1224 1228
1225 1225
1226 1226
1227 1227
1228 1228
1229 1229
1230 1230
1231 1231
1231 1243
1231 1250
1232 1232
1232 1283
1233 1233
1233 1234
1233 1238
1233 1242
1233 1248
1233 1271
1234 1234
1234 1242
1235 1235
1235 1236
1235 1285
1236 1236
1236 1255
1236 1267
1236 1276
1236 1288
1237 1237
1237 1238
1238 1238
1238 1253
1239 1239
1239 1242
1240 1240
1240 1242
1241 1241
1241 1243
1242 1242
1242 1266
1243 1243
1244 1244
1244 1245
1244 1246
1244 1290
1245 1245
1246 1246
1247 1247
1247 1250
1247 1277
1248 1248
1249 1249
1249 1270
1249 1275
1250 1250
1251 1251
1251 1266
1251 1271
1252 1252
1252 1253
1252 1286
1253 1253
1253 1266
1253 1288
1254 1254
1254 1255
1255 1255
1255 1279
1256 1256
1256 1271
1256 1289
1257 1257
1257 1259
1257 1286
1258 1258
1258 1287
1259 1259
1259 1288
1260 1260
1260 1261
1260 1262
1260 1271
1260 1290
1261 1261
1262 1262
1263 1263
1263 1264
1264 1264
1264 1278
1265 1265
1265 1266
1266 1266
1267 1267
1268 1268
1268 1276
1269 1269
1269 1275
1270 1270
1270 1275
1271 1271
1271 1272
1271 1273
1271 1274
1271 1283
1272 1272
1273 1273
1274 1274
1275 1275
1275 1284
1275 1287
1276 1276
1277 1277
1277 1430
1278 1278
1278 1279
1278 1280
1278 1287
1279 1279
1279 1281
1279 1282
1279 1290
1280 1280
1281 1281
1282 1282
1283 1283
1283 1289
1284 1284
1284 1285
1285 1285
1285 1287
1286 1286
1287 1287
1288 1288
1289 1289
1290 1290
1291 1291
1291 1295
1292 1292
1292 1295
1293 1293
1293 1294
1294 1294
1294 1298
1294 1302
1295 1295
1295 1298
1295 1348
1296 1296
1296 1344
1296 1348
1296 1376
1297 1297
1297 1360
1297 1361
1298 1298
1298 1315
1298 1340
1298 1375
1299 1299
1299 1300
1300 1300
1300 1344
1300 1362
1300 1369
1301 1301
1301 1321
1301 1333
1301 1347
1302 1302
1302 1307
1302 1348
1302 1356
1303 1303
1303 1350
1303 1351
1303 1372
1303 1375
1304 1304
1304 1305
1304 1306
1304 1336
1305 1305
1306 1306
1307 1307
1307 1315
1307 1338
1307 1341
1308 1308
1308 1335
1308 1367
1308 1378
1309 1309
1309 1310
1310 1310
1310 1333
1310 1335
1311 1311
1311 1348
1311 1360
1311 1370
1312 1312
1312 1316
1312 1337
1312 1339
1313 1313
1313 1314
1313 1342
1313 1347
1314 1314
1314 1343
1314 1352
1315 1315
1315 1329
1315 1368
1316 1316
1316 1317
1316 1318
1317 1317
1318 1318
1319 1319
1319 1320
1319 1350
1319 1359
1319 1367
1319 1378
1320 1320
1321 1321
1322 1322
1322 1323
1322 1338
1323 1323
1323 1370
1323 1376
1324 1324
1324 1337
1324 1341
1325 1325
1325 1326
1326 1326
1326 1347
1327 1327
1327 1328
1328 1328
1328 1347
1329 1329
1329 1330
1329 1331
1330 1330
1331 1331
1332 1332
1332 1333
1333 1333
1334 1334
1334 1335
1335 1335
1336 1336
1336 1342
1337 1337
1337 1338
1337 1339
1337 1363
1338 1338
1338 1366
1339 1339
1340 1340
1340 1375
1341 1341
1341 1348
1341 1363
1342 1342
1342 1343
1343 1343
1343 1349
1343 1352
1343 1377
1344 1344
1344 1361
1344 1369
1344 1374
1345 1345
1345 1346
1346 1346
1346 1371
1347 1347
1348 1348
1348 1366
1348 1379
1349 1349
1349 1350
1349 1351
1350 1350
1350 1359
1350 1375
1350 1378
1351 1351
1351 1356
1351 1375
1351 1378
1351 1379
1352 1352
1352 1353
1352 1354
1353 1353
1354 1354
1355 1355
1355 1357
1355 1360
1355 1371
1356 1356
1356 1379
1357 1357
1357 1358
1358 1358
1359 1359
1360 1360
1360 1361
1360 1370
1360 1371
1360 1376
1361 1361
1362 1362
1362 1374
1363 1363
1363 1364
1363 1365
1364 1364
1365 1365
1366 1366
1366 1376
1367 1367
1367 1378
1368 1368
1368 1372
1368 1375
1369 1369
1370 1370
1371 1371
1372 1372
1372 1373
1373 1373
1374 1374
1375 1375
1376 1376
1376 1377
1377 1377
1378 1378
1379 1379
1380 1380
1380 1382
1381 1381
1381 1382
1381 1404
1382 1382
1383 1383
1383 1450
1383 1560
1384 1384
1384 1385
1384 1387
1384 1410
1384 1434
1384 1441
1384 1451
1385 1385
1385 1420
1385 1444
1386 1386
1386 1404
1386 1414
1387 1387
1387 1451
1388 1388
1388 1389
1388 1444
1389 1389
1389 1413
1389 1425
1389 1436
1389 1438
1389 1445
1390 1390
1390 1392
1391 1391
1391 1392
1392 1392
1392 1437
1392 1450
1393 1393
1393 1417
1393 1424
1394 1394
1394 1395
1395 1395
1395 1413
1395 1436
1396 1396
1396 1397
1396 1400
1396 1417
1396 1443
1397 1397
1397 1398
1397 1399
1397 1446
1398 1398
1399 1399
1400 1400
1401 1401
1401 1402
1401 1408
1401 1415
1402 1402
1403 1403
1403 1404
1403 1428
1403 1440
1404 1404
1404 1405
1404 1407
1404 1433
1404 1439
1405 1405
1406 1406
1406 1407
1406 1418
1406 1426
1406 1448
1407 1407
1408 1408
1408 1409
1408 1424
1408 1437
1408 1442
1409 1409
1410 1410
1410 1451
1411 1411
1411 1413
1412 1412
1412 1413
1413 1413
1413 1431
1413 1438
1414 1414
1415 1415
1415 1443
1416 1416
1416 1451
1417 1417
1417 1447
1418 1418
1419 1419
1419 1424
1419 1447
1420 1420
1420 1421
1420 1422
1420 1423
1420 1449
1421 1421
1422 1422
1423 1423
1424 1424
1424 1425
1425 1425
1425 1445
1426 1426
1426 1448
1427 1427
1427 1428
1428 1428
1428 1440
1429 1429
1429 1434
1429 1443
1430 1430
1430 1435
1431 1431
1432 1432
1432 1443
1432 1447
1433 1433
1433 1439
1434 1434
1435 1435
1435 1436
1435 1531
1436 1436
1437 1437
1437 1438
1437 1442
1438 1438
1439 1439
1440 1440
1441 1441
1441 1443
1442 1442
1443 1443
1443 1444
1443 1445
1443 1446
1443 1447
1444 1444
1445 1445
1446 1446
1447 1447
1448 1448
1448 1449
1448 1451
1449 1449
1450 1450
1451 1451
1452 1452
1452 1484
1452 1512
1453 1453
1453 1482
1454 1454
1454 1455
1454 1464
1454 1473
1454 1483
1455 1455
1455 1456
1455 1507
1455 1540
1456 1456
1456 1457
1456 1471
1457 1457
1457 1522
1458 1458
1458 1472
1458 1481
1458 1493
1458 1508
1458 1515
1459 1459
1459 1499
1459 1509
1460 1460
1460 1473
1460 1501
1461 1461
1461 1462
1461 1463
1461 1504
1462 1462
1463 1463
1464 1464
1464 1486
1464 1497
1464 1505
1465 1465
1465 1481
1465 1489
1466 1466
1466 1467
1466 1468
1467 1467
1467 1477
1468 1468
1468 1489
1468 1491
1468 1497
1469 1469
1469 1499
1469 1500
1470 1470
1470 1471
1470 1491
1471 1471
1472 1472
1472 1498
1473 1473
1473 1506
1474 1474
1474 1506
1475 1475
1475 1476
1475 1479
1475 1538
1476 1476
1476 1496
1476 1510
1477 1477
1477 1510
1478 1478
1478 1479
1478 1480
1479 1479
1480 1480
1481 1481
1482 1482
1482 1509
1483 1483
1483 1501
1484 1484
1484 1485
1485 1485
1486 1486
1486 1494
1487 1487
1487 1488
1487 1493
1488 1488
1489 1489
1489 1490
1489 1491
1490 1490
1491 1491
1492 1492
1492 1503
1492 1511
1492 1577
1493 1493
1494 1494
1494 1500
1495 1495
1496 1496
1497 1497
1498 1498
1499 1499
1500 1500
1500 1505
1501 1501
1501 1502
1501 1508
1502 1502
1503 1503
1504 1504
1504 1512
1505 1505
1506 1506
1506 1507
1507 1507
1507 1573
1508 1508
1509 1509
1509 1511
1510 1510
1511 1511
1512 1512
1512 1513
1512 1514
1512 1515
1513 1513
1514 1514
1515 1515
1516 1516
1516 1538
1516 1552
1516 1560
1517 1517
1517 1538
1517 1546
1518 1518
1518 1559
1518 1561
1519 1519
1519 1524
1519 1537
1519 1543
1520 1520
1520 1544
1520 1549
1521 1521
1521 1522
1521 1523
1521 1540
1521 1555
1522 1522
1523 1523
1524 1524
1524 1526
1524 1548
1525 1525
1525 1526
1526 1526
1526 1545
1526 1551
1527 1527
1527 1544
1527 1556
1528 1528
1528 1532
1528 1550
1529 1529
1529 1530
1530 1530
1530 1560
1531 1531
1531 1532
1531 1533
1532 1532
1532 1534
1533 1533
1534 1534
1535 1535
1535 1542
1536 1536
1536 1547
1536 1548
1537 1537
1538 1538
1538 1540
1539 1539
1539 1540
1540 1540
1540 1541
1540 1558
1541 1541
1542 1542
1542 1557
1543 1543
1544 1544
1545 1545
1545 1557
1546 1546
1546 1552
1546 1554
1547 1547
1547 1553
1548 1548
1548 1549
1549 1549
1550 1550
1551 1551
1552 1552
1553 1553
1553 1554
1554 1554
1554 1555
1555 1555
1556 1556
1556 1557
1557 1557
1558 1558
1558 1562
1559 1559
1560 1560
1561 1561
1561 1562
1562 1562
1563 1563
1563 1564
1564 1564
1564 1572
1565 1565
1565 1566
1565 1570
1566 1566
1567 1567
1567 1569
1567 1570
1568 1568
1568 1569
1568 1571
1569 1569
1570 1570
1571 1571
1571 1574
1572 1572
1572 1574
1573 1573
1574 1574
1575 1575
1575 1577
1576 1576
1576 1578
1577 1577
1577 1578
1578 1578
1579 1579
1579 1582
1579 1592
1580 1580
1580 1582
1580 1597
1581 1581
1581 1582
1582 1582
1583 1583
1583 1584
1583 1602
1583 1604
1583 1610
1584 1584
1585 1585
1585 1586
1586 1586
1586 1589
1586 1599
1587 1587
1588 1588
1588 1589
1588 1590
1589 1589
1590 1590
1591 1591
1591 1592
1591 1593
1592 1592
1593 1593
1594 1594
1594 1595
1595 1595
1595 1597
1595 1611
1596 1596
1596 1597
1597 1597
1598 1598
1598 1600
1599 1599
1599 1602
1600 1600
1600 1601
1600 1602
1601 1601
1602 1602
1602 1603
1602 1604
1603 1603
1604 1604
1604 1606
1605 1605
1605 1606
1605 1608
1606 1606
1606 1607
1607 1607
1608 1608
1608 1609
1608 1610
1609 1609
1610 1610
1610 1611
1611 1611
