0 0
0 2
0 3
0 11
0 72
0 130
0 155
0 161
0 206
0 262
1 1
1 10
1 29
1 42
1 54
1 78
1 79
1 199
2 2
3 3
4 4
4 124
4 135
4 195
4 249
5 5
5 6
5 14
5 131
5 140
5 150
5 205
5 220
6 6
6 143
7 7
7 22
7 24
7 30
7 97
7 134
7 150
7 210
8 8
8 19
8 22
8 25
8 97
8 100
8 112
8 128
8 197
8 273
9 9
9 34
9 173
9 203
10 10
10 24
10 29
10 35
10 42
10 54
10 59
10 81
10 183
10 186
10 187
10 199
10 210
10 228
10 272
11 11
11 72
11 115
11 130
11 155
11 161
11 206
11 217
11 262
12 12
12 46
12 47
12 68
12 105
12 112
12 125
12 128
12 134
12 182
12 197
12 265
13 13
13 45
13 67
13 87
13 159
13 170
13 194
13 208
13 242
13 246
14 14
14 15
14 148
14 150
14 205
14 215
14 220
14 225
15 15
15 16
15 56
15 57
15 58
15 148
15 150
15 160
15 205
15 225
15 250
16 16
16 120
17 17
17 130
17 141
17 155
17 192
17 241
17 263
18 18
18 20
18 71
18 86
18 98
18 207
19 19
19 25
19 41
19 100
19 112
19 273
20 20
20 71
20 86
20 98
20 100
20 184
20 207
20 273
21 21
21 213
21 250
22 22
22 24
22 30
22 97
22 134
22 150
22 205
22 210
22 257
23 23
23 24
24 24
24 59
24 97
24 210
25 25
25 41
25 100
25 108
25 112
26 26
26 60
26 267
27 27
27 196
27 233
28 28
28 144
28 181
28 246
28 255
29 29
29 35
29 42
29 54
29 186
29 199
29 228
29 272
30 30
30 67
30 79
30 91
30 97
30 210
30 259
31 31
31 221
31 236
31 237
31 241
32 32
32 61
32 109
32 145
32 180
32 200
32 203
32 230
33 33
33 195
34 34
34 173
34 203
35 35
35 42
35 54
35 59
35 81
35 228
35 272
36 36
36 37
37 37
37 38
37 47
37 52
37 55
37 142
37 167
37 212
37 214
38 38
38 39
38 48
38 167
38 227
39 39
40 40
40 41
41 41
42 42
42 54
42 186
42 199
42 228
42 272
43 43
43 61
43 85
43 98
43 184
43 186
43 187
43 189
43 230
43 240
44 44
44 121
44 271
45 45
45 67
45 208
45 216
45 224
45 242
45 246
45 255
46 46
46 47
46 49
46 197
47 47
47 48
47 50
47 52
47 135
47 160
47 188
47 212
47 257
48 48
48 51
48 103
48 204
49 49
50 50
51 51
52 52
52 53
52 55
52 135
52 142
52 167
52 188
52 212
52 214
52 244
52 257
53 53
53 204
54 54
54 78
54 91
54 199
54 259
54 272
55 55
55 117
55 142
55 167
55 212
55 214
56 56
57 57
58 58
59 59
59 81
59 183
59 187
59 210
59 228
59 273
60 60
60 121
61 61
61 109
61 145
61 180
61 189
61 200
61 230
62 62
62 63
62 74
62 153
62 161
62 268
63 63
63 164
63 223
64 64
64 65
64 66
64 87
64 159
65 65
66 66
67 67
67 91
67 208
67 242
67 246
68 68
68 105
68 113
68 134
68 197
69 69
69 129
69 133
69 260
70 70
70 122
70 139
70 147
70 153
70 163
70 164
71 71
71 86
71 98
71 184
71 207
71 230
72 72
72 130
72 155
72 206
72 262
73 73
73 217
73 232
74 74
74 161
75 75
75 78
76 76
76 79
77 77
77 80
78 78
78 79
78 91
79 79
79 80
79 91
79 92
79 153
79 268
80 80
80 163
81 81
81 210
81 228
81 273
82 82
82 83
82 162
82 263
83 83
84 84
84 129
84 133
84 179
84 269
85 85
85 98
85 180
85 184
85 186
85 187
85 189
85 230
86 86
86 98
86 207
87 87
87 136
87 159
87 170
87 194
88 88
88 89
89 89
89 256
90 90
90 245
90 270
91 91
91 92
92 92
92 93
92 146
92 153
92 268
93 93
94 94
94 95
95 95
95 96
95 270
96 96
97 97
97 210
98 98
98 168
98 180
98 184
98 187
98 189
98 207
98 230
98 252
99 99
99 120
99 140
99 215
100 100
100 112
100 128
100 273
101 101
101 198
101 255
102 102
102 103
103 103
103 120
103 138
103 193
103 258
104 104
104 234
104 236
105 105
105 112
105 134
105 137
105 197
106 106
106 226
106 240
107 107
107 237
107 239
108 108
108 113
109 109
109 145
109 189
109 200
109 203
109 226
109 229
109 230
110 110
110 153
111 111
111 153
112 112
112 113
112 128
112 134
112 197
113 113
114 114
114 146
114 234
114 261
115 115
115 217
115 262
116 116
116 242
117 117
117 125
117 126
117 154
117 182
118 118
118 260
118 267
119 119
119 120
120 120
120 143
120 193
120 254
121 121
122 122
122 123
122 175
123 123
124 124
124 191
124 213
124 225
124 249
124 250
125 125
125 126
125 154
125 182
125 265
125 270
126 126
126 154
126 270
127 127
127 231
128 128
128 197
129 129
129 179
129 269
130 130
130 141
130 155
130 192
130 206
130 239
130 241
130 262
130 263
131 131
131 143
132 132
132 137
132 138
133 133
133 196
133 271
134 134
134 150
134 197
134 205
134 257
135 135
135 188
135 213
135 249
136 136
136 159
136 172
136 194
136 246
136 247
137 137
138 138
138 254
139 139
139 153
139 162
139 164
139 261
139 263
140 140
140 205
140 216
141 141
141 155
141 192
141 241
141 263
142 142
142 167
142 204
142 212
142 214
143 143
143 191
143 220
144 144
144 181
144 246
144 255
145 145
145 180
145 189
145 226
145 230
145 240
146 146
146 147
146 153
146 234
146 261
146 268
147 147
147 175
147 261
148 148
148 149
148 225
148 250
149 149
149 193
150 150
150 151
150 152
150 160
150 205
150 213
150 220
150 257
151 151
151 160
152 152
153 153
153 268
154 154
154 182
155 155
155 161
155 192
155 206
155 241
155 262
155 263
156 156
156 172
156 181
156 194
156 247
157 157
157 158
158 158
158 174
159 159
159 170
159 194
159 263
160 160
160 201
160 212
160 257
161 161
161 162
161 217
161 262
162 162
162 223
163 163
163 175
163 268
164 164
164 165
164 166
165 165
166 166
167 167
167 204
167 212
167 214
168 168
168 207
168 252
169 169
169 247
169 256
170 170
170 194
171 171
171 172
172 172
172 181
172 194
173 173
173 203
173 252
174 174
174 182
175 175
175 176
175 177
175 178
176 176
177 177
178 178
179 179
179 226
179 233
179 269
180 180
180 184
180 189
180 230
180 252
181 181
181 194
181 198
181 246
181 255
182 182
182 265
183 183
183 184
183 187
183 210
183 228
183 273
184 184
184 185
184 186
184 187
184 189
184 230
184 252
185 185
186 186
186 187
186 189
186 228
187 187
187 189
187 228
187 230
188 188
188 195
188 212
189 189
189 190
189 230
189 240
190 190
191 191
191 193
192 192
192 241
192 263
193 193
193 251
194 194
194 246
195 195
195 204
196 196
197 197
198 198
198 202
198 246
198 255
199 199
199 272
200 200
200 230
200 252
201 201
202 202
203 203
203 252
204 204
204 227
204 244
204 258
205 205
205 215
206 206
206 262
207 207
207 252
208 208
208 242
208 246
209 209
209 243
209 247
210 210
210 259
210 273
211 211
211 212
212 212
212 214
212 227
212 257
212 266
213 213
213 225
213 249
213 250
214 214
215 215
216 216
216 243
217 217
217 218
217 219
217 232
217 262
218 218
219 219
220 220
221 221
221 236
221 237
221 241
222 222
222 236
223 223
223 262
224 224
224 246
225 225
225 249
225 250
226 226
226 229
226 233
226 269
227 227
228 228
228 272
229 229
230 230
230 252
231 231
231 245
232 232
233 233
233 269
234 234
234 235
234 236
234 239
234 261
235 235
235 239
235 261
236 236
236 237
236 241
237 237
237 238
237 239
237 241
238 238
238 261
239 239
240 240
241 241
241 263
242 242
242 243
242 246
243 243
243 247
243 256
244 244
245 245
246 246
246 247
246 255
247 247
248 248
248 249
249 249
249 250
250 250
250 251
251 251
252 252
252 253
253 253
254 254
255 255
255 256
256 256
257 257
257 258
257 264
258 258
259 259
259 272
260 260
261 261
262 262
263 263
264 264
265 265
266 266
267 267
268 268
269 269
270 270
271 271
272 272
273 273
