0 0
0 1
0 488
1 1
1 705
2 2
2 9
3 3
3 5
4 4
4 5
4 273
4 275
5 5
5 6
6 6
7 7
7 115
7 174
8 8
8 9
8 10
8 11
8 36
8 93
9 9
9 12
9 13
9 113
9 176
9 206
10 10
11 11
12 12
13 13
14 14
14 129
14 270
15 15
15 192
15 233
16 16
16 17
16 250
17 17
17 18
17 176
18 18
18 263
19 19
19 95
19 114
19 160
19 178
20 20
20 81
20 178
21 21
21 115
21 170
21 177
21 196
22 22
22 216
23 23
23 83
23 122
24 24
24 170
24 200
25 25
25 67
25 129
26 26
26 66
26 270
27 27
27 28
28 28
28 29
28 121
29 29
29 30
29 78
29 201
29 202
30 30
30 31
30 32
30 33
30 44
30 215
31 31
32 32
33 33
34 34
34 35
34 64
34 159
35 35
35 104
35 160
36 36
36 43
37 37
37 121
37 269
38 38
38 39
38 40
38 61
38 93
38 172
38 184
39 39
40 40
40 138
41 41
41 44
42 42
42 44
43 43
43 161
44 44
44 226
45 45
45 84
45 125
45 135
46 46
46 47
46 48
46 49
46 50
46 51
46 96
46 133
46 179
47 47
48 48
49 49
50 50
51 51
52 52
52 197
52 260
53 53
53 54
53 55
53 56
53 106
53 157
53 258
54 54
55 55
56 56
57 57
57 91
57 206
58 58
58 64
58 97
58 198
59 59
59 192
59 233
60 60
60 178
60 185
61 61
61 62
62 62
62 216
63 63
63 84
63 126
63 273
64 64
64 65
64 97
64 159
65 65
65 104
65 160
65 199
66 66
66 216
67 67
67 216
68 68
68 71
68 72
68 155
68 210
68 261
69 69
69 72
70 70
70 72
71 71
72 72
73 73
73 77
74 74
74 78
75 75
75 79
76 76
76 77
77 77
77 78
77 1500
78 78
78 79
78 596
78 649
78 663
78 1572
79 79
79 141
80 80
80 81
80 82
80 279
81 81
81 114
82 82
82 83
83 83
83 230
84 84
85 85
85 86
85 100
85 148
85 241
85 246
86 86
86 196
86 225
86 251
87 87
87 88
87 89
87 90
87 265
87 266
87 614
87 620
88 88
88 145
89 89
89 132
90 90
90 132
91 91
91 145
92 92
92 122
92 179
93 93
93 94
93 146
94 94
94 225
95 95
95 178
96 96
96 205
97 97
98 98
98 99
99 99
99 133
99 563
100 100
100 101
100 102
100 148
100 212
101 101
102 102
103 103
103 104
104 104
105 105
105 106
105 109
105 110
105 164
105 231
105 233
105 261
106 106
106 107
106 108
107 107
108 108
109 109
110 110
111 111
111 125
111 170
112 112
112 113
112 175
113 113
114 114
114 199
115 115
115 116
115 117
115 142
115 177
115 222
115 225
116 116
116 163
117 117
117 118
118 118
119 119
119 120
119 164
119 208
120 120
121 121
122 122
122 124
122 142
122 174
122 273
123 123
123 124
123 134
124 124
125 125
125 170
125 186
126 126
126 186
127 127
127 200
127 245
127 260
128 128
128 218
128 250
128 255
129 129
129 184
129 230
130 130
130 132
130 649
131 131
131 132
131 649
132 132
132 665
133 133
133 134
133 550
133 558
133 1356
134 134
135 135
135 173
136 136
136 137
136 138
136 139
137 137
138 138
138 195
138 251
139 139
140 140
140 193
140 194
141 141
141 149
141 274
141 1318
142 142
143 143
143 193
143 212
144 144
144 200
144 245
145 145
146 146
146 204
147 147
147 148
148 148
149 149
149 150
149 151
149 152
149 207
149 449
150 150
151 151
152 152
153 153
153 154
153 155
154 154
155 155
155 158
155 208
156 156
156 158
157 157
157 158
158 158
159 159
159 160
160 160
161 161
161 255
162 162
162 163
163 163
163 274
164 164
164 167
164 220
164 221
164 256
164 271
165 165
165 167
166 166
166 167
167 167
168 168
168 228
168 252
169 169
169 171
170 170
170 171
170 200
170 230
171 171
172 172
172 218
172 229
172 255
173 173
173 245
174 174
174 275
175 175
175 176
176 176
177 177
178 178
178 179
178 180
178 181
178 182
178 183
179 179
179 1326
180 180
181 181
182 182
183 183
184 184
184 185
185 185
185 190
185 191
186 186
186 188
187 187
187 190
188 188
188 190
188 191
189 189
189 191
190 190
191 191
192 192
192 233
193 193
193 228
194 194
194 227
195 195
195 196
195 200
195 203
195 273
195 1492
196 196
196 200
196 273
197 197
197 273
198 198
198 199
199 199
199 278
200 200
200 201
200 202
201 201
202 202
203 203
203 205
203 269
204 204
204 246
205 205
206 206
207 207
207 274
207 1361
208 208
208 209
208 271
209 209
210 210
210 211
210 247
211 211
212 212
212 213
213 213
214 214
214 218
214 249
215 215
215 216
215 218
216 216
216 217
216 220
216 229
217 217
218 218
218 219
218 221
219 219
220 220
221 221
222 222
222 223
222 224
222 251
223 223
224 224
225 225
225 226
225 227
225 228
226 226
227 227
227 246
228 228
229 229
230 230
230 249
231 231
231 232
231 256
232 232
233 233
233 239
233 240
233 242
234 234
234 239
234 240
234 263
234 276
235 235
235 242
236 236
236 242
237 237
237 239
238 238
238 240
239 239
240 240
241 241
241 243
242 242
243 243
244 244
244 273
245 245
246 246
246 252
247 247
247 248
247 261
248 248
249 249
250 250
251 251
252 252
253 253
253 254
253 256
254 254
255 255
256 256
256 259
257 257
257 259
258 258
258 259
259 259
260 260
261 261
261 267
261 268
262 262
262 267
263 263
263 265
263 266
263 267
263 268
264 264
264 268
265 265
266 266
267 267
268 268
269 269
270 270
271 271
271 272
272 272
273 273
273 274
274 274
274 276
275 275
276 276
277 277
277 278
277 279
278 278
279 279
280 280
280 281
280 365
281 281
281 315
281 330
282 282
282 283
282 364
283 283
283 346
283 351
284 284
284 289
284 316
285 285
285 357
285 373
286 286
286 291
286 343
287 287
287 313
287 335
288 288
288 289
288 296
288 325
289 289
289 290
290 290
291 291
291 292
291 335
291 339
291 369
292 292
293 293
293 330
293 343
294 294
294 295
294 296
295 295
296 296
296 299
296 369
297 297
297 298
297 340
297 350
298 298
298 342
298 1599
299 299
299 369
300 300
300 301
300 319
300 361
301 301
301 366
302 302
302 309
302 311
302 365
303 303
303 304
303 319
303 365
304 304
305 305
305 358
305 374
306 306
306 307
306 308
306 353
306 374
307 307
308 308
309 309
309 320
309 365
310 310
310 344
310 348
311 311
311 365
312 312
312 347
313 313
313 314
313 339
313 369
314 314
314 318
314 333
315 315
315 316
315 317
315 318
315 330
315 334
315 370
316 316
317 317
317 326
317 336
317 346
317 738
318 318
318 333
319 319
319 365
320 320
320 321
321 321
322 322
322 323
322 324
322 350
323 323
324 324
324 1615
325 325
325 326
325 327
325 349
325 357
326 326
326 336
326 374
327 327
328 328
328 329
328 331
329 329
330 330
331 331
331 355
332 332
332 333
333 333
334 334
334 339
335 335
335 336
335 339
335 343
335 370
336 336
336 346
337 337
337 338
337 346
338 338
339 339
340 340
340 341
341 341
342 342
342 350
342 695
343 343
344 344
344 345
345 345
345 346
345 360
346 346
346 351
347 347
347 366
348 348
348 349
348 359
349 349
350 350
350 351
350 352
351 351
352 352
353 353
353 354
353 374
354 354
355 355
355 356
356 356
356 358
357 357
358 358
359 359
359 360
359 363
360 360
361 361
361 362
362 362
363 363
363 364
363 371
364 364
364 1592
364 1603
365 365
365 366
366 366
366 367
366 368
367 367
368 368
369 369
370 370
371 371
371 372
371 1610
372 372
373 373
373 374
373 375
374 374
375 375
376 376
376 377
376 378
376 406
376 418
376 419
377 377
377 388
377 417
378 378
378 379
378 380
378 390
378 399
378 419
378 426
378 1557
379 379
380 380
381 381
381 420
382 382
382 390
382 501
382 1522
383 383
383 426
383 1546
384 384
384 409
385 385
385 386
386 386
386 387
386 389
386 401
386 420
387 387
387 395
387 398
387 414
387 415
387 416
387 425
387 427
388 388
388 390
388 392
388 1527
389 389
389 397
389 432
390 390
390 410
390 1587
391 391
391 392
391 1145
392 392
392 393
392 394
392 402
392 411
393 393
394 394
395 395
395 396
395 403
395 423
395 425
395 431
396 396
397 397
397 398
398 398
398 422
399 399
399 400
399 410
399 426
400 400
401 401
401 421
402 402
402 411
402 1546
403 403
403 404
403 761
404 404
405 405
405 429
405 780
406 406
406 407
406 408
406 418
406 434
407 407
407 416
407 1265
408 408
409 409
409 413
409 420
409 434
410 410
410 411
411 411
411 417
412 412
412 431
412 799
413 413
414 414
414 416
414 427
415 415
415 416
415 427
416 416
416 417
416 434
417 417
417 839
418 418
419 419
420 420
420 432
421 421
421 422
421 429
422 422
422 425
423 423
423 424
423 810
424 424
425 425
426 426
427 427
427 428
428 428
429 429
429 430
430 430
430 431
431 431
432 432
432 433
433 433
434 434
435 435
435 436
435 451
435 458
435 488
436 436
437 437
437 474
437 477
438 438
438 447
438 466
438 472
439 439
439 447
440 440
440 441
440 471
441 441
442 442
442 485
443 443
443 444
443 460
443 465
443 476
443 477
444 444
445 445
445 446
445 448
445 493
446 446
447 447
447 470
448 448
448 449
448 566
449 449
449 494
449 586
449 1318
450 450
450 451
450 456
450 457
451 451
451 458
452 452
452 453
452 458
453 453
454 454
454 456
455 455
455 457
456 456
456 457
457 457
458 458
458 459
458 474
458 481
458 488
458 490
459 459
459 494
460 460
460 465
460 476
461 461
461 464
461 484
462 462
462 463
462 482
463 463
464 464
465 465
465 477
466 466
466 467
466 469
466 470
467 467
467 493
468 468
468 469
468 494
469 469
469 476
470 470
470 471
470 485
471 471
472 472
472 478
472 483
472 484
473 473
473 474
473 480
474 474
474 475
474 477
474 479
474 490
475 475
475 494
476 476
476 477
477 477
478 478
478 480
479 479
479 480
480 480
481 481
481 487
482 482
482 483
482 487
483 483
483 486
484 484
485 485
486 486
486 487
487 487
488 488
488 1381
489 489
489 490
489 491
489 492
490 490
491 491
492 492
493 493
493 494
494 494
494 1352
495 495
495 496
495 504
495 514
496 496
496 505
496 508
496 515
497 497
497 498
497 501
498 498
499 499
499 500
499 510
499 526
500 500
500 501
500 511
500 524
500 543
501 501
501 515
501 541
501 876
502 502
502 527
503 503
503 504
503 505
503 506
504 504
504 1156
505 505
505 508
505 521
505 1157
506 506
507 507
507 508
507 531
508 508
508 509
508 530
509 509
509 522
509 532
510 510
510 511
510 513
510 525
511 511
511 547
512 512
512 513
513 513
513 527
514 514
514 515
514 524
514 547
515 515
516 516
516 527
517 517
517 521
518 518
518 521
519 519
519 522
520 520
520 522
521 521
521 522
522 522
523 523
523 528
523 1507
524 524
524 535
525 525
525 531
525 533
525 547
526 526
526 533
526 539
527 527
527 528
527 529
527 530
527 531
527 533
527 540
527 542
527 544
528 528
529 529
529 1512
530 530
530 541
531 531
532 532
532 786
533 533
533 534
534 534
535 535
535 1555
536 536
536 537
536 538
536 545
536 795
537 537
537 543
538 538
539 539
539 543
539 545
540 540
541 541
541 785
542 542
543 543
543 876
544 544
545 545
545 546
545 699
546 546
547 547
548 548
548 549
548 551
548 570
549 549
549 569
549 579
549 591
550 550
550 553
550 585
551 551
551 553
551 555
551 556
551 581
551 589
552 552
552 553
552 554
552 557
552 561
552 565
552 577
552 591
553 553
553 566
554 554
555 555
556 556
557 557
558 558
558 559
559 559
559 560
559 561
559 590
560 560
560 577
561 561
561 580
562 562
562 563
563 563
563 585
564 564
564 565
565 565
565 591
566 566
567 567
567 585
567 589
568 568
568 569
568 570
568 578
569 569
569 590
570 570
570 571
570 578
570 589
571 571
571 572
572 572
572 573
572 574
572 575
572 576
573 573
574 574
575 575
576 576
577 577
577 580
577 591
578 578
578 579
578 581
579 579
579 590
580 580
580 581
581 581
582 582
582 583
582 584
582 591
583 583
584 584
585 585
586 586
586 587
586 588
587 587
588 588
589 589
589 590
590 590
591 591
592 592
592 606
592 664
593 593
593 594
593 629
593 631
593 662
593 664
594 594
595 595
595 596
595 662
595 665
596 596
596 658
597 597
597 598
597 617
597 621
598 598
598 622
598 663
599 599
599 600
599 615
599 637
599 647
600 600
600 602
600 616
600 648
601 601
601 602
601 607
602 602
602 621
602 648
603 603
603 656
603 662
603 664
604 604
604 605
604 613
604 619
605 605
605 606
605 608
605 620
606 606
606 608
606 617
607 607
607 621
607 647
608 608
608 609
608 656
609 609
610 610
610 631
610 639
610 640
610 657
611 611
611 618
611 629
611 631
612 612
612 629
612 633
612 659
613 613
613 614
613 619
614 614
615 615
615 616
615 650
616 616
616 621
616 661
617 617
617 648
618 618
619 619
620 620
620 622
621 621
621 622
621 623
621 624
621 625
621 626
621 627
621 628
621 648
621 661
622 622
623 623
624 624
625 625
626 626
627 627
628 628
629 629
629 630
629 666
630 630
630 632
630 634
631 631
631 632
631 639
631 640
631 666
632 632
632 649
632 663
633 633
633 634
633 659
634 634
634 649
635 635
635 636
636 636
636 657
636 662
637 637
637 650
638 638
638 639
638 662
639 639
639 642
639 662
640 640
640 641
640 662
641 641
642 642
643 643
643 647
644 644
644 647
645 645
645 647
646 646
646 648
647 647
647 648
648 648
649 649
649 652
649 653
649 654
649 655
650 650
650 651
651 651
651 661
652 652
653 653
654 654
655 655
656 656
657 657
657 658
658 658
658 663
659 659
659 660
660 660
660 666
661 661
662 662
662 663
663 663
664 664
665 665
666 666
667 667
667 683
667 945
668 668
668 669
668 813
668 929
669 669
669 797
669 862
670 670
670 671
670 735
670 747
670 751
670 800
670 898
670 949
671 671
671 823
672 672
672 673
673 673
673 674
673 777
673 817
673 911
674 674
675 675
675 764
675 832
675 881
676 676
676 677
676 678
676 802
676 869
677 677
677 679
677 682
677 700
678 678
678 679
678 724
679 679
679 680
679 725
679 736
679 851
679 896
679 917
679 944
680 680
680 786
681 681
681 737
681 904
682 682
682 846
682 866
683 683
683 764
683 840
683 903
684 684
684 730
684 927
685 685
685 710
685 767
685 842
685 891
685 898
686 686
686 687
686 739
687 687
687 688
687 705
687 710
687 740
687 741
687 742
687 781
687 825
687 830
687 841
687 930
688 688
688 792
689 689
689 743
689 833
690 690
690 691
690 888
690 909
691 691
692 692
692 693
692 930
693 693
694 694
694 748
694 912
694 914
695 695
695 696
695 736
695 896
695 1617
696 696
697 697
697 698
697 722
697 798
698 698
699 699
699 865
700 700
700 701
700 851
701 701
702 702
702 747
702 767
703 703
703 887
703 947
704 704
704 820
704 839
705 705
706 706
706 862
707 707
707 766
707 813
707 826
707 847
707 854
708 708
708 709
708 886
709 709
710 710
711 711
711 712
711 713
711 725
711 912
712 712
712 714
712 726
712 844
712 908
713 713
714 714
715 715
715 798
715 864
716 716
716 730
716 853
716 925
717 717
717 787
717 795
718 718
718 719
718 849
718 934
719 719
719 725
719 730
719 829
719 887
719 935
720 720
720 763
720 776
720 788
721 721
721 722
722 722
722 812
723 723
723 898
724 724
724 725
724 727
725 725
725 726
725 728
725 841
725 854
725 870
725 917
725 944
726 726
726 729
726 777
726 877
727 727
728 728
729 729
730 730
730 731
730 732
730 734
730 755
730 766
730 821
730 925
730 947
731 731
731 877
732 732
732 877
733 733
733 766
734 734
734 755
734 915
735 735
735 762
736 736
737 737
737 738
738 738
738 844
738 910
739 739
740 740
741 741
742 742
743 743
744 744
744 750
744 875
745 745
745 810
745 939
746 746
746 755
746 915
747 747
748 748
748 749
748 770
748 889
749 749
750 750
750 751
751 751
751 768
751 778
751 880
752 752
752 801
752 838
753 753
753 754
754 754
754 887
754 908
754 942
755 755
755 821
756 756
756 757
756 759
757 757
757 758
757 759
758 758
758 858
759 759
759 783
759 786
760 760
760 821
760 915
761 761
761 939
762 762
762 880
763 763
763 785
764 764
764 765
764 790
764 938
765 765
765 833
766 766
766 854
766 916
766 947
767 767
768 768
768 773
769 769
769 770
770 770
770 912
771 771
771 840
771 860
771 881
772 772
772 773
772 948
773 773
773 837
773 924
774 774
774 806
774 830
774 930
775 775
775 792
775 820
775 892
776 776
776 804
777 777
777 792
777 817
777 859
777 936
778 778
778 924
779 779
779 882
779 929
780 780
780 878
781 781
781 784
782 782
782 783
782 810
782 846
783 783
783 815
784 784
784 833
785 785
785 786
785 851
785 876
786 786
787 787
787 789
788 788
788 789
789 789
790 790
790 791
791 791
792 792
792 793
792 794
792 823
792 834
792 859
793 793
794 794
795 795
796 796
796 797
796 882
796 920
797 797
797 857
798 798
798 819
799 799
799 894
800 800
800 801
801 801
801 823
802 802
802 845
802 865
803 803
803 813
803 950
804 804
804 805
804 851
805 805
806 806
806 930
807 807
807 808
807 815
807 817
808 808
809 809
809 810
809 858
810 810
811 811
811 812
811 814
811 948
812 812
812 837
813 813
814 814
814 875
815 815
815 816
816 816
817 817
817 818
817 834
818 818
819 819
819 820
820 820
820 838
820 1091
821 821
821 822
821 824
821 887
821 897
821 914
821 927
822 822
822 844
822 877
823 823
823 857
823 899
823 911
824 824
824 915
825 825
825 879
826 826
826 827
826 847
827 827
828 828
828 883
828 886
828 934
829 829
829 887
830 830
830 831
830 842
830 856
830 906
831 831
831 859
832 832
832 833
832 835
833 833
833 834
833 836
833 888
833 894
833 898
833 939
834 834
835 835
836 836
837 837
837 838
837 924
838 838
839 839
840 840
840 841
840 849
840 903
841 841
841 861
841 870
841 871
841 873
841 933
841 935
841 946
842 842
843 843
843 844
843 905
843 913
844 844
844 910
845 845
845 846
845 858
846 846
847 847
847 848
848 848
849 849
849 932
850 850
850 904
850 912
851 851
851 852
851 866
852 852
853 853
853 927
854 854
854 855
854 901
854 918
855 855
855 862
856 856
856 857
856 907
857 857
857 859
858 858
859 859
859 931
860 860
860 861
860 932
861 861
862 862
862 877
862 902
863 863
863 891
864 864
864 879
865 865
865 866
865 869
866 866
867 867
867 868
867 932
868 868
868 933
868 935
869 869
870 870
871 871
871 872
871 935
872 872
873 873
873 874
874 874
875 875
876 876
877 877
877 908
877 926
877 936
878 878
878 879
879 879
879 891
880 880
881 881
881 945
882 882
882 888
882 919
883 883
883 884
883 934
884 884
885 885
885 887
886 886
886 887
887 887
887 895
888 888
888 909
888 919
888 950
889 889
889 890
890 890
891 891
891 892
891 893
892 892
893 893
894 894
895 895
896 896
897 897
897 913
897 914
898 898
898 899
898 949
899 899
900 900
900 902
901 901
901 902
902 902
903 903
904 904
904 905
905 905
905 912
906 906
907 907
907 920
908 908
909 909
910 910
911 911
912 912
913 913
913 914
914 914
915 915
915 927
916 916
917 917
918 918
919 919
920 920
920 929
921 921
921 944
922 922
922 923
922 950
923 923
924 924
925 925
925 926
926 926
927 927
928 928
928 929
929 929
930 930
930 931
931 931
932 932
932 933
933 933
934 934
935 935
935 936
935 939
935 940
935 941
936 936
937 937
937 938
937 939
938 938
939 939
940 940
941 941
942 942
942 943
943 943
944 944
945 945
945 946
946 946
947 947
948 948
949 949
950 950
951 951
951 1030
951 1093
952 952
952 1084
952 1116
953 953
953 1000
953 1040
954 954
954 963
954 1011
955 955
955 1046
955 1114
956 956
956 957
957 957
957 968
957 1102
958 958
958 962
958 993
958 1086
958 1104
958 1108
958 1117
958 1121
959 959
959 991
959 1062
960 960
960 1011
960 1121
961 961
961 962
961 1116
962 962
962 1085
963 963
963 1000
964 964
964 965
965 965
965 1006
965 1017
965 1120
966 966
966 968
967 967
967 968
968 968
969 969
969 1012
969 1102
970 970
970 1046
970 1095
971 971
971 980
971 1114
972 972
972 1003
973 973
973 1117
974 974
974 1055
974 1064
975 975
975 976
976 976
976 1063
976 1085
977 977
977 978
977 1114
978 978
978 994
978 1002
978 1023
978 1066
978 1090
978 1098
978 1110
978 1114
978 1122
979 979
979 1085
980 980
980 983
980 1029
980 1059
980 1114
981 981
981 982
981 1059
981 1104
982 982
983 983
984 984
984 985
984 986
984 1001
984 1041
985 985
986 986
987 987
987 988
987 1281
988 988
988 1073
988 1084
988 1279
988 1280
989 989
989 1027
989 1064
990 990
990 1030
990 1093
991 991
991 1084
992 992
992 993
993 993
993 1108
994 994
994 997
994 1012
994 1023
994 1110
995 995
995 1072
995 1094
996 996
996 997
996 998
996 1003
997 997
997 999
998 998
999 999
1000 1000
1000 1001
1000 1005
1000 1010
1000 1011
1000 1049
1000 1064
1001 1001
1001 1028
1001 1041
1002 1002
1002 1114
1003 1003
1003 1004
1003 1073
1004 1004
1004 1006
1004 1061
1004 1082
1005 1005
1005 1040
1006 1006
1006 1012
1006 1058
1006 1074
1006 1120
1007 1007
1007 1064
1007 1080
1008 1008
1008 1009
1008 1011
1009 1009
1010 1010
1010 1032
1011 1011
1011 1020
1011 1034
1012 1012
1012 1089
1012 1110
1013 1013
1013 1014
1013 1102
1013 1107
1014 1014
1015 1015
1015 1025
1015 1099
1016 1016
1016 1017
1017 1017
1017 1120
1018 1018
1018 1068
1019 1019
1019 1023
1020 1020
1020 1064
1021 1021
1021 1040
1022 1022
1022 1023
1023 1023
1023 1098
1023 1111
1024 1024
1024 1032
1025 1025
1025 1099
1025 1112
1025 1114
1026 1026
1026 1086
1026 1118
1027 1027
1027 1028
1027 1064
1027 1092
1027 1113
1028 1028
1028 1041
1028 1056
1028 1105
1029 1029
1029 1059
1030 1030
1030 1031
1030 1042
1030 1093
1031 1031
1031 1094
1032 1032
1032 1080
1033 1033
1033 1034
1034 1034
1034 1117
1035 1035
1035 1049
1036 1036
1036 1037
1036 1044
1036 1055
1036 1057
1036 1059
1036 1096
1037 1037
1037 1056
1037 1105
1038 1038
1038 1039
1039 1039
1039 1082
1040 1040
1040 1041
1040 1049
1041 1041
1041 1390
1042 1042
1042 1093
1043 1043
1043 1104
1043 1113
1044 1044
1044 1057
1044 1096
1045 1045
1045 1105
1045 1115
1046 1046
1046 1072
1046 1094
1046 1099
1047 1047
1047 1049
1048 1048
1048 1049
1049 1049
1050 1050
1050 1051
1050 1054
1050 1055
1051 1051
1052 1052
1052 1055
1053 1053
1053 1056
1054 1054
1054 1055
1055 1055
1055 1056
1055 1064
1056 1056
1057 1057
1058 1058
1058 1104
1059 1059
1059 1094
1059 1104
1060 1060
1060 1062
1060 1084
1061 1061
1061 1085
1061 1102
1062 1062
1062 1063
1062 1065
1063 1063
1063 1102
1064 1064
1065 1065
1065 1084
1066 1066
1066 1090
1067 1067
1067 1068
1068 1068
1068 1090
1069 1069
1069 1090
1070 1070
1070 1090
1071 1071
1071 1072
1071 1075
1072 1072
1072 1076
1072 1077
1072 1078
1072 1079
1072 1095
1072 1099
1072 1104
1073 1073
1074 1074
1074 1086
1074 1120
1075 1075
1076 1076
1077 1077
1078 1078
1079 1079
1080 1080
1081 1081
1081 1082
1082 1082
1083 1083
1083 1094
1083 1104
1084 1084
1084 1085
1085 1085
1085 1086
1085 1088
1085 1089
1085 1102
1086 1086
1086 1087
1086 1100
1087 1087
1088 1088
1089 1089
1090 1090
1090 1091
1091 1091
1091 1103
1092 1092
1093 1093
1093 1094
1094 1094
1095 1095
1096 1096
1097 1097
1097 1098
1098 1098
1098 1110
1099 1099
1099 1114
1100 1100
1100 1104
1101 1101
1101 1102
1102 1102
1102 1103
1102 1107
1103 1103
1103 1105
1103 1115
1104 1104
1104 1105
1104 1110
1104 1118
1105 1105
1106 1106
1106 1107
1107 1107
1108 1108
1108 1109
1109 1109
1110 1110
1111 1111
1112 1112
1112 1114
1113 1113
1114 1114
1114 1115
1114 1122
1115 1115
1116 1116
1117 1117
1118 1118
1119 1119
1119 1120
1120 1120
1121 1121
1122 1122
1123 1123
1123 1148
1123 1155
1124 1124
1124 1152
1124 1560
1125 1125
1125 1140
1125 1149
1125 1154
1126 1126
1126 1128
1126 1407
1127 1127
1127 1129
1127 1141
1127 1147
1128 1128
1128 1129
1128 1130
1128 1412
1129 1129
1129 1131
1129 1132
1129 1142
1129 1442
1129 1446
1130 1130
1131 1131
1132 1132
1133 1133
1133 1148
1133 1471
1134 1134
1134 1135
1134 1157
1135 1135
1135 1143
1136 1136
1136 1149
1136 1157
1137 1137
1137 1143
1137 1151
1138 1138
1138 1148
1138 1152
1139 1139
1139 1146
1139 1442
1140 1140
1140 1141
1141 1141
1142 1142
1142 1144
1143 1143
1144 1144
1144 1145
1145 1145
1145 1148
1146 1146
1146 1150
1147 1147
1147 1151
1147 1155
1148 1148
1149 1149
1150 1150
1150 1154
1151 1151
1151 1444
1152 1152
1153 1153
1153 1154
1154 1154
1155 1155
1156 1156
1156 1157
1157 1157
1157 1521
1158 1158
1158 1159
1158 1206
1159 1159
1159 1181
1160 1160
1160 1161
1161 1161
1161 1183
1161 1184
1161 1218
1162 1162
1162 1192
1162 1199
1162 1456
1163 1163
1163 1205
1163 1394
1163 1397
1163 1452
1164 1164
1164 1165
1164 1194
1164 1201
1165 1165
1165 1181
1165 1196
1166 1166
1166 1168
1166 1203
1167 1167
1167 1168
1168 1168
1168 1186
1168 1198
1169 1169
1169 1170
1170 1170
1170 1211
1171 1171
1171 1206
1171 1207
1172 1172
1172 1173
1172 1175
1172 1176
1172 1177
1172 1189
1172 1209
1172 1215
1172 1403
1173 1173
1174 1174
1174 1175
1175 1175
1175 1184
1175 1210
1175 1212
1175 1214
1176 1176
1177 1177
1178 1178
1178 1185
1178 1199
1178 1416
1179 1179
1179 1188
1180 1180
1180 1183
1180 1188
1180 1202
1181 1181
1181 1182
1181 1202
1181 1208
1182 1182
1183 1183
1183 1202
1183 1212
1183 1218
1184 1184
1184 1191
1184 1221
1185 1185
1185 1186
1185 1203
1186 1186
1186 1200
1187 1187
1187 1188
1188 1188
1188 1202
1189 1189
1189 1190
1189 1215
1190 1190
1190 1219
1191 1191
1191 1197
1192 1192
1192 1193
1193 1193
1193 1200
1193 1211
1194 1194
1194 1195
1195 1195
1195 1196
1196 1196
1197 1197
1197 1205
1197 1212
1198 1198
1198 1210
1198 1217
1198 1218
1199 1199
1199 1200
1199 1206
1200 1200
1200 1218
1200 1433
1200 1456
1200 1493
1201 1201
1201 1202
1201 1207
1202 1202
1202 1426
1202 1493
1203 1203
1204 1204
1204 1205
1205 1205
1205 1212
1205 1214
1205 1218
1206 1206
1206 1479
1207 1207
1207 1208
1208 1208
1209 1209
1209 1210
1209 1215
1210 1210
1211 1211
1211 1459
1211 1466
1211 1497
1212 1212
1213 1213
1213 1214
1214 1214
1214 1217
1214 1220
1214 1428
1215 1215
1215 1216
1215 1217
1215 1403
1216 1216
1217 1217
1218 1218
1219 1219
1219 1220
1219 1429
1219 1435
1220 1220
1220 1395
1221 1221
1222 1222
1222 1223
1222 1227
1223 1223
1223 1237
1224 1224
1224 1233
1224 1237
1225 1225
1225 1227
1226 1226
1226 1228
1227 1227
1227 1229
1227 1230
1227 1240
1227 1250
1228 1228
1228 1231
1228 1239
1228 1383
1229 1229
1230 1230
1231 1231
1231 1238
1232 1232
1232 1237
1233 1233
1233 1236
1234 1234
1234 1235
1234 1241
1235 1235
1235 1245
1236 1236
1236 1245
1237 1237
1237 1238
1237 1240
1237 1245
1238 1238
1238 1239
1238 1383
1239 1239
1240 1240
1241 1241
1241 1243
1242 1242
1242 1250
1242 1251
1243 1243
1244 1244
1244 1245
1244 1246
1245 1245
1245 1247
1245 1248
1245 1249
1246 1246
1247 1247
1248 1248
1249 1249
1250 1250
1251 1251
1251 1252
1252 1252
1252 1383
1253 1253
1253 1263
1253 1268
1253 1290
1254 1254
1254 1289
1255 1255
1255 1256
1255 1257
1255 1262
1255 1266
1255 1271
1255 1282
1256 1256
1256 1258
1257 1257
1257 1258
1257 1262
1258 1258
1258 1263
1259 1259
1259 1271
1259 1272
1259 1279
1259 1285
1260 1260
1260 1262
1261 1261
1261 1262
1262 1262
1262 1263
1262 1278
1263 1263
1263 1270
1264 1264
1264 1268
1264 1286
1265 1265
1265 1290
1266 1266
1266 1267
1267 1267
1267 1285
1268 1268
1269 1269
1269 1276
1269 1278
1269 1282
1269 1292
1270 1270
1270 1283
1271 1271
1271 1275
1271 1278
1272 1272
1272 1287
1273 1273
1273 1274
1273 1282
1273 1293
1274 1274
1274 1283
1274 1290
1275 1275
1275 1287
1276 1276
1276 1282
1276 1287
1277 1277
1277 1283
1277 1288
1278 1278
1279 1279
1280 1280
1280 1285
1281 1281
1281 1285
1282 1282
1282 1283
1282 1284
1283 1283
1284 1284
1285 1285
1286 1286
1286 1571
1287 1287
1287 1288
1288 1288
1289 1289
1289 1290
1289 1293
1290 1290
1290 1291
1291 1291
1292 1292
1293 1293
1294 1294
1294 1298
1295 1295
1295 1298
1296 1296
1296 1297
1297 1297
1297 1301
1297 1305
1298 1298
1298 1301
1298 1357
1299 1299
1299 1353
1299 1357
1299 1389
1300 1300
1300 1369
1300 1370
1301 1301
1301 1319
1301 1346
1302 1302
1302 1303
1303 1303
1303 1353
1303 1371
1303 1380
1303 1387
1304 1304
1304 1326
1304 1338
1304 1356
1305 1305
1305 1310
1305 1357
1305 1365
1306 1306
1306 1359
1306 1360
1306 1378
1306 1383
1307 1307
1307 1308
1307 1309
1307 1342
1308 1308
1309 1309
1310 1310
1310 1319
1310 1344
1310 1347
1311 1311
1311 1312
1311 1341
1311 1376
1311 1391
1312 1312
1312 1361
1313 1313
1313 1314
1314 1314
1314 1338
1314 1341
1315 1315
1315 1357
1315 1369
1315 1381
1316 1316
1316 1320
1316 1343
1316 1345
1317 1317
1317 1318
1317 1351
1317 1356
1318 1318
1318 1352
1318 1361
1319 1319
1319 1334
1319 1377
1320 1320
1320 1321
1320 1322
1321 1321
1322 1322
1323 1323
1323 1324
1323 1325
1323 1359
1323 1368
1323 1376
1323 1391
1324 1324
1325 1325
1326 1326
1327 1327
1327 1328
1327 1344
1328 1328
1328 1381
1328 1389
1329 1329
1329 1343
1329 1347
1330 1330
1330 1331
1331 1331
1331 1356
1332 1332
1332 1333
1333 1333
1333 1356
1334 1334
1334 1335
1334 1336
1335 1335
1336 1336
1337 1337
1337 1338
1338 1338
1339 1339
1339 1359
1339 1391
1340 1340
1340 1341
1341 1341
1342 1342
1342 1351
1343 1343
1343 1344
1343 1345
1343 1372
1344 1344
1344 1375
1345 1345
1346 1346
1346 1388
1347 1347
1347 1357
1347 1372
1348 1348
1348 1349
1348 1350
1349 1349
1349 1352
1350 1350
1351 1351
1351 1352
1352 1352
1352 1358
1352 1361
1352 1379
1352 1390
1353 1353
1353 1370
1353 1380
1353 1387
1354 1354
1354 1355
1355 1355
1355 1382
1356 1356
1357 1357
1357 1375
1357 1392
1358 1358
1358 1359
1358 1360
1358 1379
1359 1359
1359 1365
1359 1368
1359 1391
1359 1392
1360 1360
1360 1391
1361 1361
1361 1362
1361 1363
1362 1362
1363 1363
1364 1364
1364 1366
1364 1369
1364 1382
1365 1365
1365 1392
1366 1366
1366 1367
1367 1367
1368 1368
1369 1369
1369 1370
1369 1381
1369 1382
1369 1389
1370 1370
1371 1371
1371 1387
1372 1372
1372 1373
1372 1374
1373 1373
1374 1374
1375 1375
1375 1389
1376 1376
1376 1391
1377 1377
1377 1383
1378 1378
1378 1379
1378 1383
1378 1388
1379 1379
1380 1380
1381 1381
1382 1382
1383 1383
1383 1384
1383 1385
1383 1386
1384 1384
1385 1385
1386 1386
1387 1387
1388 1388
1389 1389
1389 1390
1390 1390
1391 1391
1392 1392
1393 1393
1393 1394
1393 1402
1393 1411
1393 1421
1394 1394
1394 1395
1394 1442
1394 1446
1394 1482
1395 1395
1395 1396
1395 1409
1396 1396
1396 1460
1397 1397
1397 1410
1397 1419
1397 1431
1397 1443
1397 1453
1398 1398
1398 1436
1398 1444
1399 1399
1399 1411
1399 1438
1400 1400
1400 1401
1400 1420
1401 1401
1401 1426
1402 1402
1402 1408
1402 1424
1402 1440
1403 1403
1403 1419
1403 1427
1404 1404
1404 1405
1404 1406
1405 1405
1405 1415
1406 1406
1406 1408
1406 1427
1406 1429
1407 1407
1407 1436
1407 1437
1408 1408
1408 1409
1408 1429
1409 1409
1410 1410
1410 1435
1411 1411
1411 1441
1412 1412
1412 1441
1413 1413
1413 1414
1413 1417
1413 1447
1413 1480
1414 1414
1414 1434
1415 1415
1415 1448
1416 1416
1416 1417
1416 1418
1417 1417
1418 1418
1419 1419
1420 1420
1420 1450
1421 1421
1421 1438
1422 1422
1422 1423
1422 1450
1423 1423
1423 1452
1424 1424
1424 1432
1425 1425
1425 1426
1425 1431
1426 1426
1427 1427
1427 1428
1427 1429
1428 1428
1429 1429
1430 1430
1430 1449
1430 1520
1431 1431
1432 1432
1432 1437
1433 1433
1434 1434
1435 1435
1436 1436
1437 1437
1437 1440
1438 1438
1438 1439
1438 1443
1439 1439
1439 1442
1440 1440
1441 1441
1441 1442
1442 1442
1442 1446
1442 1516
1443 1443
1444 1444
1444 1449
1445 1445
1445 1446
1446 1446
1447 1447
1447 1448
1448 1448
1449 1449
1450 1450
1450 1451
1450 1452
1450 1453
1451 1451
1452 1452
1453 1453
1454 1454
1454 1480
1454 1494
1454 1503
1455 1455
1455 1502
1455 1504
1456 1456
1456 1468
1457 1457
1457 1464
1457 1479
1457 1485
1458 1458
1458 1486
1458 1491
1459 1459
1459 1460
1459 1461
1459 1482
1460 1460
1460 1462
1460 1498
1461 1461
1462 1462
1463 1463
1463 1485
1464 1464
1464 1466
1464 1490
1465 1465
1465 1466
1466 1466
1466 1487
1466 1493
1467 1467
1467 1486
1467 1499
1468 1468
1468 1505
1469 1469
1469 1475
1469 1492
1470 1470
1470 1471
1471 1471
1471 1503
1472 1472
1472 1473
1472 1474
1473 1473
1473 1484
1474 1474
1474 1475
1474 1476
1475 1475
1475 1477
1475 1575
1476 1476
1477 1477
1478 1478
1478 1489
1478 1490
1479 1479
1480 1480
1480 1482
1480 1488
1481 1481
1481 1482
1482 1482
1482 1483
1482 1501
1483 1483
1484 1484
1484 1500
1485 1485
1486 1486
1486 1487
1487 1487
1487 1500
1488 1488
1488 1494
1488 1496
1489 1489
1489 1495
1490 1490
1490 1491
1491 1491
1492 1492
1493 1493
1494 1494
1494 1503
1495 1495
1495 1496
1496 1496
1496 1497
1497 1497
1497 1498
1498 1498
1499 1499
1499 1500
1500 1500
1501 1501
1501 1505
1502 1502
1502 1504
1503 1503
1503 1523
1504 1504
1504 1505
1505 1505
1506 1506
1506 1507
1507 1507
1507 1515
1508 1508
1508 1509
1508 1513
1509 1509
1510 1510
1510 1512
1510 1513
1511 1511
1511 1512
1511 1514
1512 1512
1513 1513
1514 1514
1514 1517
1515 1515
1515 1517
1516 1516
1517 1517
1518 1518
1518 1520
1519 1519
1519 1521
1520 1520
1520 1521
1521 1521
1522 1522
1522 1524
1523 1523
1523 1588
1524 1524
1524 1546
1525 1525
1525 1526
1525 1551
1525 1589
1526 1526
1526 1527
1526 1560
1527 1527
1527 1529
1527 1561
1527 1583
1528 1528
1528 1546
1528 1555
1529 1529
1529 1554
1529 1567
1529 1575
1529 1577
1529 1583
1530 1530
1530 1538
1530 1558
1531 1531
1531 1533
1532 1532
1532 1533
1533 1533
1533 1576
1533 1588
1534 1534
1534 1558
1534 1566
1534 1585
1535 1535
1535 1536
1535 1537
1535 1554
1535 1575
1536 1536
1537 1537
1538 1538
1538 1539
1538 1542
1538 1558
1538 1582
1539 1539
1539 1540
1539 1541
1539 1584
1540 1540
1541 1541
1542 1542
1543 1543
1543 1544
1543 1549
1543 1556
1544 1544
1545 1545
1545 1546
1545 1570
1545 1579
1546 1546
1546 1548
1546 1573
1546 1578
1547 1547
1547 1548
1547 1559
1547 1568
1547 1586
1548 1548
1549 1549
1549 1550
1549 1566
1549 1576
1549 1580
1550 1550
1551 1551
1551 1589
1552 1552
1552 1554
1553 1553
1553 1554
1554 1554
1554 1572
1554 1577
1555 1555
1556 1556
1556 1582
1557 1557
1557 1589
1558 1558
1558 1585
1559 1559
1560 1560
1560 1561
1560 1562
1560 1563
1560 1564
1560 1587
1561 1561
1561 1565
1562 1562
1563 1563
1564 1564
1565 1565
1566 1566
1566 1567
1566 1581
1566 1585
1567 1567
1567 1583
1568 1568
1568 1586
1569 1569
1569 1570
1570 1570
1570 1579
1571 1571
1571 1574
1572 1572
1573 1573
1573 1578
1574 1574
1574 1575
1575 1575
1576 1576
1576 1577
1576 1580
1577 1577
1578 1578
1579 1579
1580 1580
1581 1581
1581 1585
1582 1582
1582 1583
1582 1584
1582 1585
1583 1583
1584 1584
1585 1585
1586 1586
1586 1587
1586 1589
1587 1587
1588 1588
1589 1589
1590 1590
1590 1593
1591 1591
1591 1593
1591 1607
1592 1592
1592 1594
1592 1603
1592 1608
1593 1593
1593 1594
1594 1594
1595 1595
1595 1596
1596 1596
1596 1615
1596 1616
1596 1623
1597 1597
1597 1598
1597 1600
1597 1611
1598 1598
1599 1599
1600 1600
1600 1602
1601 1601
1601 1602
1602 1602
1603 1603
1603 1604
1604 1604
1605 1605
1605 1606
1605 1607
1605 1622
1606 1606
1607 1607
1607 1609
1608 1608
1608 1609
1609 1609
1610 1610
1610 1613
1611 1611
1611 1615
1612 1612
1612 1613
1613 1613
1614 1614
1614 1615
1615 1615
1615 1616
1616 1616
1616 1619
1617 1617
1617 1619
1617 1621
1618 1618
1618 1619
1619 1619
1620 1620
1620 1621
1621 1621
1621 1623
1622 1622
1622 1623
1623 1623
