0 0
0 2
0 3
0 5
1 1
1 4
2 2
2 3
2 5
3 3
3 5
3 6
3 8
4 4
4 7
5 5
5 6
5 8
6 6
6 8
6 9
6 11
7 7
7 10
8 8
8 9
8 11
9 9
9 11
9 12
9 14
10 10
10 13
11 11
11 12
11 14
12 12
12 14
12 15
12 17
13 13
13 16
14 14
14 15
14 17
15 15
15 17
15 18
15 20
16 16
16 19
17 17
17 18
17 20
18 18
18 20
18 21
18 23
19 19
19 22
20 20
20 21
20 23
21 21
21 23
21 24
21 26
22 22
22 25
23 23
23 24
23 26
24 24
24 26
24 27
24 29
25 25
25 28
26 26
26 27
26 29
27 27
27 29
27 30
27 32
28 28
28 31
29 29
29 30
29 32
30 30
30 32
30 33
30 35
31 31
31 34
32 32
32 33
32 35
33 33
33 35
33 36
33 38
34 34
34 37
35 35
35 36
35 38
36 36
36 38
36 39
36 41
37 37
37 40
38 38
38 39
38 41
39 39
39 41
39 42
39 44
40 40
40 43
41 41
41 42
41 44
42 42
42 44
42 45
42 47
43 43
43 46
44 44
44 45
44 47
45 45
45 47
45 48
45 50
46 46
46 49
47 47
47 48
47 50
48 48
48 50
48 51
48 53
49 49
49 52
50 50
50 51
50 53
51 51
51 53
51 54
51 56
52 52
52 55
53 53
53 54
53 56
54 54
54 56
54 57
54 59
55 55
55 58
56 56
56 57
56 59
57 57
57 59
57 60
57 62
58 58
58 61
59 59
59 60
59 62
60 60
60 62
60 63
60 65
61 61
61 64
62 62
62 63
62 65
63 63
63 65
63 66
63 68
64 64
64 67
65 65
65 66
65 68
66 66
66 68
66 69
66 71
67 67
67 70
68 68
68 69
68 71
69 69
69 71
69 72
69 74
70 70
70 73
71 71
71 72
71 74
72 72
72 74
72 75
72 77
73 73
73 76
74 74
74 75
74 77
75 75
75 77
75 78
75 80
76 76
76 79
77 77
77 78
77 80
78 78
78 80
78 81
78 83
79 79
79 82
80 80
80 81
80 83
81 81
81 83
81 84
81 86
82 82
82 85
83 83
83 84
83 86
84 84
84 86
84 87
84 89
85 85
85 88
86 86
86 87
86 89
87 87
87 89
87 90
87 92
88 88
88 91
89 89
89 90
89 92
90 90
90 92
90 93
90 95
91 91
91 94
92 92
92 93
92 95
93 93
93 95
93 96
93 98
94 94
94 97
95 95
95 96
95 98
96 96
96 98
96 99
96 101
97 97
97 100
98 98
98 99
98 101
99 99
99 101
99 102
99 104
100 100
100 103
101 101
101 102
101 104
102 102
102 104
102 105
102 107
103 103
103 106
104 104
104 105
104 107
105 105
105 107
105 108
105 110
106 106
106 109
107 107
107 108
107 110
108 108
108 109
108 110
108 111
108 112
108 113
108 114
109 109
109 110
109 111
109 112
109 113
109 115
109 116
110 110
110 111
110 112
110 113
110 115
110 116
111 111
111 112
111 113
111 117
111 118
111 119
112 112
112 113
112 117
112 118
112 119
113 113
113 117
113 118
113 119
114 114
114 120
115 115
115 116
115 121
115 122
116 116
116 121
116 122
117 117
117 118
117 119
117 123
117 124
117 125
118 118
118 119
118 123
118 124
118 125
119 119
119 123
119 124
119 125
120 120
120 126
121 121
121 122
121 127
121 128
122 122
122 127
122 128
123 123
123 124
123 125
123 129
123 130
123 131
124 124
124 125
124 129
124 130
124 131
125 125
125 129
125 130
125 131
126 126
126 132
127 127
127 128
127 133
127 134
128 128
128 133
128 134
129 129
129 130
129 131
129 135
129 136
129 137
130 130
130 131
130 135
130 136
130 137
131 131
131 135
131 136
131 137
132 132
132 138
133 133
133 134
133 139
133 140
134 134
134 139
134 140
135 135
135 136
135 137
135 141
135 142
135 143
136 136
136 137
136 141
136 142
136 143
137 137
137 141
137 142
137 143
138 138
138 144
139 139
139 140
139 145
139 146
140 140
140 145
140 146
141 141
141 142
141 143
141 147
141 148
141 149
142 142
142 143
142 147
142 148
142 149
143 143
143 147
143 148
143 149
144 144
144 145
144 146
144 150
144 152
144 153
144 154
144 155
145 145
145 146
145 151
145 153
145 154
145 155
146 146
146 150
146 152
146 153
146 154
146 155
147 147
147 148
147 149
147 156
147 157
147 158
148 148
148 149
148 156
148 157
148 158
149 149
149 156
149 157
149 158
150 150
150 152
150 159
150 161
151 151
151 160
152 152
152 159
152 161
153 153
153 154
153 155
153 162
153 163
153 164
154 154
154 155
154 162
154 163
154 164
155 155
155 162
155 163
155 164
156 156
156 157
156 158
156 165
156 166
156 167
157 157
157 158
157 165
157 166
157 167
158 158
158 165
158 166
158 167
159 159
159 161
159 168
159 170
160 160
160 169
161 161
161 168
161 170
162 162
162 163
162 164
162 171
162 172
162 173
163 163
163 164
163 171
163 172
163 173
164 164
164 171
164 172
164 173
165 165
165 166
165 167
165 174
165 175
165 176
166 166
166 167
166 174
166 175
166 176
167 167
167 174
167 175
167 176
168 168
168 170
168 177
168 179
169 169
169 178
170 170
170 177
170 179
171 171
171 172
171 173
171 180
171 181
171 182
172 172
172 173
172 180
172 181
172 182
173 173
173 180
173 181
173 182
174 174
174 175
174 176
174 183
174 184
174 185
175 175
175 176
175 183
175 184
175 185
176 176
176 183
176 184
176 185
177 177
177 179
177 186
177 188
178 178
178 187
179 179
179 186
179 188
180 180
180 181
180 182
180 189
180 190
180 191
181 181
181 182
181 189
181 190
181 191
182 182
182 189
182 190
182 191
183 183
183 184
183 185
183 192
183 193
183 194
183 195
184 184
184 185
184 192
184 193
184 194
184 196
184 197
185 185
185 192
185 193
185 194
185 196
185 197
186 186
186 188
186 198
186 200
187 187
187 199
188 188
188 198
188 200
189 189
189 190
189 191
189 201
189 202
189 203
190 190
190 191
190 201
190 202
190 203
191 191
191 201
191 202
191 203
192 192
192 193
192 194
192 204
192 205
192 206
193 193
193 194
193 204
193 205
193 206
194 194
194 204
194 205
194 206
195 195
195 207
196 196
196 197
196 208
196 209
197 197
197 208
197 209
198 198
198 200
198 210
198 212
199 199
199 211
200 200
200 210
200 212
201 201
201 202
201 203
201 213
201 214
201 215
202 202
202 203
202 213
202 214
202 215
203 203
203 213
203 214
203 215
204 204
204 205
204 206
204 216
204 217
204 218
205 205
205 206
205 216
205 217
205 218
206 206
206 216
206 217
206 218
207 207
207 209
207 219
207 221
207 222
208 208
208 209
208 220
208 223
208 224
209 209
209 219
209 221
209 223
209 224
210 210
210 212
210 225
210 227
211 211
211 226
212 212
212 225
212 227
213 213
213 214
213 215
213 228
213 229
213 230
214 214
214 215
214 228
214 229
214 230
215 215
215 228
215 229
215 230
216 216
216 217
216 218
216 231
216 232
216 233
217 217
217 218
217 231
217 232
217 233
218 218
218 231
218 232
218 233
219 219
219 221
220 220
221 221
222 222
222 224
222 234
222 236
222 237
223 223
223 224
223 235
223 238
223 239
224 224
224 234
224 236
224 238
224 239
225 225
225 227
225 240
225 242
226 226
226 241
227 227
227 240
227 242
228 228
228 229
228 230
228 243
228 244
228 245
229 229
229 230
229 243
229 244
229 245
230 230
230 243
230 244
230 245
231 231
231 232
231 233
231 246
231 247
231 248
232 232
232 233
232 246
232 247
232 248
233 233
233 246
233 247
233 248
234 234
234 236
235 235
236 236
237 237
237 249
238 238
238 239
238 250
238 251
239 239
239 250
239 251
240 240
240 242
240 252
240 254
241 241
241 253
242 242
242 252
242 254
243 243
243 244
243 245
243 255
243 256
243 257
244 244
244 245
244 255
244 256
244 257
245 245
245 255
245 256
245 257
246 246
246 247
246 248
246 258
246 259
246 260
247 247
247 248
247 258
247 259
247 260
248 248
248 258
248 259
248 260
249 249
249 261
250 250
250 262
250 263
251 251
251 262
251 263
252 252
252 254
252 264
252 266
253 253
253 265
254 254
254 264
254 266
255 255
255 256
255 257
255 267
255 268
255 269
256 256
256 257
256 267
256 268
256 269
257 257
257 267
257 268
257 269
258 258
258 259
258 260
258 270
258 271
258 272
259 259
259 260
259 270
259 271
259 272
260 260
260 270
260 271
260 272
261 261
261 273
262 262
262 263
262 274
262 275
263 263
263 274
263 275
264 264
264 266
264 276
264 278
265 265
265 277
266 266
266 276
266 278
267 267
267 268
267 269
267 279
267 280
267 281
267 282
268 268
268 269
268 279
268 280
268 281
268 283
268 284
269 269
269 279
269 280
269 281
269 283
269 284
270 270
270 271
270 272
270 285
270 286
270 287
271 271
271 272
271 285
271 286
271 287
272 272
272 285
272 286
272 287
273 273
273 275
273 288
273 290
273 291
274 274
274 275
274 289
274 292
274 293
275 275
275 288
275 290
275 292
275 293
276 276
276 278
276 294
276 296
277 277
277 295
278 278
278 294
278 296
279 279
279 280
279 281
279 297
279 298
279 299
280 280
280 281
280 297
280 298
280 299
281 281
281 297
281 298
281 299
282 282
282 291
283 283
283 284
283 292
283 293
284 284
284 292
284 293
285 285
285 286
285 287
285 300
285 301
285 302
286 286
286 287
286 300
286 301
286 302
287 287
287 300
287 301
287 302
288 288
288 290
289 289
290 290
291 291
291 293
291 303
291 305
292 292
292 293
292 304
293 293
293 303
293 305
294 294
294 296
294 306
294 308
295 295
295 307
296 296
296 306
296 308
297 297
297 298
297 299
297 309
297 310
297 311
298 298
298 299
298 309
298 310
298 311
299 299
299 309
299 310
299 311
300 300
300 301
300 302
300 312
300 313
300 314
301 301
301 302
301 312
301 313
301 314
302 302
302 312
302 313
302 314
303 303
303 305
304 304
305 305
306 306
306 308
306 315
306 317
307 307
307 316
308 308
308 315
308 317
309 309
309 310
309 311
309 318
309 319
309 320
310 310
310 311
310 318
310 319
310 320
311 311
311 318
311 319
311 320
312 312
312 313
312 314
312 321
312 322
312 323
313 313
313 314
313 321
313 322
313 323
314 314
314 321
314 322
314 323
315 315
315 317
315 324
315 326
316 316
316 325
317 317
317 324
317 326
318 318
318 319
318 320
318 327
318 328
318 329
319 319
319 320
319 327
319 328
319 329
320 320
320 327
320 328
320 329
321 321
321 322
321 323
321 330
321 331
321 332
322 322
322 323
322 330
322 331
322 332
323 323
323 330
323 331
323 332
324 324
324 326
324 333
324 335
325 325
325 334
326 326
326 333
326 335
327 327
327 328
327 329
327 336
327 337
327 338
328 328
328 329
328 336
328 337
328 338
329 329
329 336
329 337
329 338
330 330
330 331
330 332
330 339
330 340
330 341
331 331
331 332
331 339
331 340
331 341
332 332
332 339
332 340
332 341
333 333
333 335
333 342
333 344
334 334
334 343
335 335
335 342
335 344
336 336
336 337
336 338
336 345
336 346
336 347
337 337
337 338
337 345
337 346
337 347
338 338
338 345
338 346
338 347
339 339
339 340
339 341
339 348
339 349
339 350
340 340
340 341
340 348
340 349
340 350
341 341
341 348
341 349
341 350
342 342
342 344
342 351
342 353
343 343
343 352
344 344
344 351
344 353
345 345
345 346
345 347
345 354
345 355
345 356
346 346
346 347
346 354
346 355
346 356
347 347
347 354
347 355
347 356
348 348
348 349
348 350
348 357
348 358
348 359
349 349
349 350
349 357
349 358
349 359
350 350
350 357
350 358
350 359
351 351
351 353
351 360
351 362
352 352
352 361
353 353
353 360
353 362
354 354
354 355
354 356
354 363
354 364
354 365
355 355
355 356
355 363
355 364
355 365
356 356
356 363
356 364
356 365
357 357
357 358
357 359
357 366
357 367
357 368
358 358
358 359
358 366
358 367
358 368
359 359
359 366
359 367
359 368
360 360
360 362
360 369
360 371
361 361
361 370
362 362
362 369
362 371
363 363
363 364
363 365
363 372
363 373
363 374
364 364
364 365
364 372
364 373
364 374
365 365
365 372
365 373
365 374
366 366
366 367
366 368
366 375
366 376
366 377
367 367
367 368
367 375
367 376
367 377
368 368
368 375
368 376
368 377
369 369
369 371
369 378
369 380
370 370
370 379
371 371
371 378
371 380
372 372
372 373
372 374
372 381
372 382
372 383
373 373
373 374
373 381
373 382
373 383
374 374
374 381
374 382
374 383
375 375
375 376
375 377
375 384
375 385
375 386
376 376
376 377
376 384
376 385
376 386
377 377
377 384
377 385
377 386
378 378
378 380
378 387
378 389
379 379
379 388
380 380
380 387
380 389
381 381
381 382
381 383
381 390
381 391
381 392
382 382
382 383
382 390
382 391
382 392
383 383
383 390
383 391
383 392
384 384
384 385
384 386
384 393
384 394
384 395
385 385
385 386
385 393
385 394
385 395
386 386
386 393
386 394
386 395
387 387
387 389
387 396
387 398
388 388
388 397
389 389
389 396
389 398
390 390
390 391
390 392
390 399
390 400
390 401
391 391
391 392
391 399
391 400
391 401
392 392
392 399
392 400
392 401
393 393
393 394
393 395
393 402
394 394
394 395
394 402
395 395
395 402
396 396
396 398
396 403
396 405
397 397
397 404
398 398
398 403
398 405
399 399
399 400
399 401
399 406
399 407
399 408
400 400
400 401
400 406
400 407
400 408
401 401
401 406
401 407
401 408
402 402
402 409
402 412
403 403
403 405
403 415
403 417
404 404
404 416
405 405
405 415
405 417
406 406
406 407
406 408
406 418
406 419
406 420
407 407
407 408
407 418
407 419
407 420
408 408
408 418
408 419
408 420
409 409
410 410
410 411
411 411
412 412
412 421
413 413
413 414
413 422
413 423
414 414
414 422
414 423
415 415
415 417
415 424
415 426
416 416
416 425
417 417
417 424
417 426
418 418
418 419
418 420
418 427
418 428
418 429
419 419
419 420
419 427
419 428
419 429
420 420
420 427
420 428
420 429
421 421
421 430
422 422
422 423
422 431
422 432
423 423
423 431
423 432
424 424
424 426
424 433
424 435
425 425
425 434
426 426
426 433
426 435
427 427
427 428
427 429
427 436
427 437
427 438
428 428
428 429
428 436
428 437
428 438
429 429
429 436
429 437
429 438
430 430
430 439
431 431
431 440
431 441
432 432
432 440
432 441
433 433
433 435
433 442
433 444
434 434
434 443
435 435
435 442
435 444
436 436
436 437
436 438
436 445
436 446
436 447
437 437
437 438
437 445
437 446
437 447
438 438
438 445
438 446
438 447
439 439
439 448
440 440
440 449
440 450
441 441
441 449
441 450
442 442
442 444
442 451
442 453
443 443
443 452
444 444
444 451
444 453
445 445
445 446
445 447
445 454
445 455
445 456
446 446
446 447
446 454
446 455
446 456
447 447
447 454
447 455
447 456
448 448
448 457
449 449
449 458
449 459
450 450
450 458
450 459
451 451
451 453
451 460
451 462
452 452
452 461
453 453
453 460
453 462
454 454
454 455
454 456
454 463
455 455
455 456
455 463
456 456
456 463
457 457
457 464
458 458
458 459
458 465
458 466
459 459
459 465
459 466
460 460
460 462
460 467
460 469
461 461
461 468
462 462
462 467
462 469
463 463
463 464
463 470
464 464
465 465
465 466
466 466
467 467
467 469
467 473
467 475
468 468
468 474
469 469
469 473
469 475
470 470
471 471
471 472
472 472
473 473
473 475
473 476
473 478
474 474
474 477
475 475
475 476
475 478
476 476
476 478
476 479
476 481
477 477
477 480
478 478
478 479
478 481
479 479
479 481
479 482
479 484
480 480
480 483
481 481
481 482
481 484
482 482
482 484
483 483
484 484
