0 0
0 1
0 2
0 5
0 6
0 12
0 17
0 18
0 19
0 23
0 24
0 25
0 26
0 27
0 28
0 29
1 1
1 2
1 5
1 7
1 11
1 13
1 18
1 19
1 23
1 24
1 25
1 26
1 27
1 28
1 29
2 2
2 3
2 4
2 8
2 10
2 14
2 15
2 20
2 21
2 22
2 24
2 25
2 26
2 27
2 28
3 3
3 4
3 5
3 9
3 14
3 15
3 20
3 21
3 22
3 24
3 25
3 26
3 27
3 28
3 29
4 4
4 5
4 8
4 10
4 16
4 20
4 21
4 22
4 24
4 25
4 26
4 27
4 28
4 29
5 5
5 7
5 11
5 12
5 17
5 18
5 19
5 23
5 24
5 25
5 27
5 28
5 29
6 6
6 7
6 8
6 10
6 11
6 12
6 13
6 17
6 18
6 23
6 24
6 25
6 26
6 28
6 29
6 30
6 31
6 32
6 33
6 34
6 35
6 42
6 43
6 44
6 46
6 47
7 7
7 8
7 9
7 11
7 12
7 13
7 17
7 19
7 24
7 25
7 26
7 27
7 29
7 30
7 31
7 32
7 33
7 34
7 35
7 42
7 43
7 44
7 45
7 47
8 8
8 9
8 10
8 14
8 15
8 16
8 20
8 21
8 24
8 25
8 26
8 27
8 28
8 29
8 30
8 31
8 32
8 33
8 34
8 42
8 43
8 44
8 45
8 46
8 47
9 9
9 10
9 11
9 14
9 15
9 16
9 20
9 21
9 25
9 26
9 27
9 28
9 29
9 30
9 31
9 32
9 33
9 34
9 35
9 43
9 44
9 45
9 46
9 47
10 10
10 11
10 14
10 15
10 16
10 22
10 24
10 26
10 27
10 28
10 29
10 30
10 31
10 32
10 33
10 34
10 35
10 42
10 44
10 45
10 46
10 47
11 11
11 12
11 13
11 17
11 18
11 23
11 24
11 25
11 26
11 27
11 28
11 29
11 30
11 31
11 33
11 34
11 35
11 42
11 43
11 44
11 45
11 46
11 47
12 12
12 13
12 14
12 16
12 17
12 18
12 24
12 25
12 26
12 28
12 29
12 36
12 37
12 38
12 39
12 40
12 41
12 42
12 43
12 44
12 46
12 47
13 13
13 14
13 15
13 17
13 19
13 23
13 24
13 25
13 26
13 27
13 29
13 36
13 37
13 38
13 39
13 40
13 41
13 42
13 43
13 44
13 45
13 47
14 14
14 15
14 16
14 20
14 22
14 24
14 25
14 26
14 27
14 28
14 29
14 36
14 37
14 38
14 39
14 40
14 42
14 43
14 44
14 45
14 46
14 47
15 15
15 16
15 17
15 21
15 25
15 26
15 27
15 28
15 29
15 36
15 37
15 38
15 39
15 40
15 41
15 43
15 44
15 45
15 46
15 47
16 16
16 17
16 20
16 22
16 24
16 26
16 27
16 28
16 29
16 36
16 37
16 38
16 39
16 40
16 41
16 42
16 44
16 45
16 46
16 47
17 17
17 19
17 23
17 24
17 25
17 26
17 27
17 28
17 29
17 36
17 37
17 39
17 40
17 41
17 42
17 43
17 44
17 45
17 46
17 47
18 18
18 19
18 20
18 23
18 42
18 43
18 44
18 45
18 46
18 47
19 19
19 20
19 23
19 42
19 43
19 44
19 45
19 46
19 47
20 20
20 21
20 22
20 42
20 43
20 44
20 45
20 46
21 21
21 22
21 23
21 42
21 43
21 44
21 45
21 46
21 47
22 22
22 23
22 42
22 43
22 44
22 45
22 46
22 47
23 23
23 42
23 43
23 45
23 46
23 47
24 24
24 25
24 26
24 28
24 29
24 30
24 36
24 41
24 42
24 43
24 47
24 48
24 49
24 50
24 51
24 52
24 53
24 54
24 55
24 56
24 58
24 59
24 60
24 61
24 62
24 64
24 65
25 25
25 26
25 27
25 29
25 31
25 35
25 37
25 42
25 43
25 47
25 48
25 49
25 50
25 51
25 52
25 53
25 54
25 55
25 56
25 57
25 59
25 60
25 61
25 62
25 63
25 65
26 26
26 27
26 28
26 32
26 34
26 38
26 39
26 44
26 45
26 46
26 48
26 49
26 50
26 51
26 52
26 54
26 55
26 56
26 57
26 58
26 60
26 61
26 62
26 63
26 64
27 27
27 28
27 29
27 33
27 38
27 39
27 44
27 45
27 46
27 48
27 49
27 50
27 51
27 52
27 53
27 55
27 56
27 57
27 58
27 59
27 61
27 62
27 63
27 64
27 65
28 28
28 29
28 32
28 34
28 40
28 44
28 45
28 46
28 48
28 49
28 50
28 51
28 52
28 53
28 54
28 56
28 57
28 58
28 59
28 60
28 62
28 63
28 64
28 65
29 29
29 31
29 35
29 36
29 41
29 42
29 43
29 47
29 48
29 49
29 51
29 52
29 53
29 54
29 55
29 57
29 58
29 59
29 60
29 61
29 63
29 64
29 65
30 30
30 31
30 32
30 35
30 36
30 37
30 41
30 42
30 47
30 54
30 55
30 56
30 57
30 58
30 59
31 31
31 32
31 35
31 36
31 37
31 41
31 43
31 54
31 55
31 56
31 57
31 58
31 59
32 32
32 33
32 34
32 38
32 39
32 40
32 44
32 45
32 54
32 55
32 56
32 57
32 58
33 33
33 34
33 35
33 38
33 39
33 40
33 44
33 45
33 54
33 55
33 56
33 57
33 58
33 59
34 34
34 35
34 38
34 39
34 40
34 46
34 54
34 55
34 56
34 57
34 58
34 59
35 35
35 36
35 37
35 41
35 42
35 47
35 54
35 55
35 57
35 58
35 59
36 36
36 37
36 38
36 41
36 42
36 60
36 61
36 62
36 63
36 64
36 65
37 37
37 38
37 41
37 43
37 47
37 60
37 61
37 62
37 63
37 64
37 65
38 38
38 39
38 40
38 44
38 46
38 60
38 61
38 62
38 63
38 64
39 39
39 40
39 41
39 45
39 60
39 61
39 62
39 63
39 64
39 65
40 40
40 41
40 44
40 46
40 60
40 61
40 62
40 63
40 64
40 65
41 41
41 43
41 47
41 60
41 61
41 63
41 64
41 65
42 42
42 43
42 44
42 46
42 47
42 54
42 55
42 56
42 58
42 59
42 60
42 61
42 62
42 64
42 65
42 66
42 67
42 68
42 69
42 70
42 71
43 43
43 44
43 45
43 47
43 54
43 55
43 56
43 57
43 59
43 60
43 61
43 62
43 63
43 65
43 66
43 67
43 68
43 69
43 70
43 71
44 44
44 45
44 46
44 54
44 55
44 56
44 57
44 58
44 60
44 61
44 62
44 63
44 64
44 66
44 67
44 68
44 69
44 70
45 45
45 46
45 47
45 55
45 56
45 57
45 58
45 59
45 61
45 62
45 63
45 64
45 65
45 66
45 67
45 68
45 69
45 70
45 71
46 46
46 47
46 54
46 56
46 57
46 58
46 59
46 60
46 62
46 63
46 64
46 65
46 66
46 67
46 68
46 69
46 70
46 71
47 47
47 54
47 55
47 57
47 58
47 59
47 60
47 61
47 63
47 64
47 65
47 66
47 67
47 69
47 70
47 71
48 48
48 49
48 50
48 53
48 54
48 60
48 65
48 66
48 67
48 71
48 72
48 73
48 74
48 75
48 76
48 77
49 49
49 50
49 53
49 55
49 59
49 61
49 66
49 67
49 71
49 72
49 73
49 74
49 75
49 76
49 77
50 50
50 51
50 52
50 56
50 58
50 62
50 63
50 68
50 69
50 70
50 72
50 73
50 74
50 75
50 76
51 51
51 52
51 53
51 57
51 62
51 63
51 68
51 69
51 70
51 72
51 73
51 74
51 75
51 76
51 77
52 52
52 53
52 56
52 58
52 64
52 68
52 69
52 70
52 72
52 73
52 74
52 75
52 76
52 77
53 53
53 55
53 59
53 60
53 65
53 66
53 67
53 71
53 72
53 73
53 75
53 76
53 77
54 54
54 55
54 56
54 57
54 58
54 59
54 60
54 61
54 65
54 66
54 71
54 72
54 73
54 74
54 76
54 77
54 78
54 79
54 80
54 81
54 82
54 83
54 90
54 91
54 92
54 93
54 94
54 95
55 55
55 56
55 57
55 58
55 59
55 60
55 61
55 65
55 67
55 72
55 73
55 74
55 75
55 76
55 77
55 78
55 79
55 80
55 81
55 82
55 83
55 90
55 91
55 92
55 93
55 95
56 56
56 57
56 58
56 62
56 63
56 64
56 68
56 69
56 72
56 73
56 74
56 75
56 76
56 78
56 79
56 80
56 81
56 82
56 90
56 91
56 92
56 93
56 94
57 57
57 58
57 59
57 62
57 63
57 64
57 68
57 69
57 73
57 74
57 75
57 76
57 77
57 78
57 79
57 80
57 81
57 82
57 83
57 90
57 91
57 92
57 93
57 94
57 95
58 58
58 59
58 62
58 63
58 64
58 70
58 72
58 73
58 74
58 75
58 76
58 77
58 78
58 79
58 80
58 81
58 82
58 83
58 90
58 92
58 93
58 94
58 95
59 59
59 60
59 61
59 65
59 66
59 71
59 72
59 73
59 75
59 76
59 77
59 78
59 79
59 81
59 82
59 83
59 90
59 91
59 93
59 94
59 95
60 60
60 61
60 62
60 63
60 64
60 65
60 66
60 72
60 73
60 74
60 75
60 76
60 77
60 84
60 85
60 86
60 87
60 88
60 89
60 90
60 91
60 92
60 94
60 95
61 61
61 62
61 63
61 64
61 65
61 67
61 71
61 72
61 73
61 74
61 75
61 77
61 84
61 85
61 86
61 87
61 88
61 89
61 90
61 91
61 92
61 93
61 94
61 95
62 62
62 63
62 64
62 68
62 70
62 72
62 73
62 74
62 75
62 76
62 84
62 85
62 86
62 87
62 88
62 90
62 91
62 92
62 93
62 94
63 63
63 64
63 65
63 69
63 72
63 73
63 74
63 75
63 76
63 77
63 84
63 85
63 86
63 87
63 88
63 89
63 91
63 92
63 93
63 94
63 95
64 64
64 65
64 68
64 70
64 72
64 74
64 75
64 76
64 77
64 84
64 85
64 86
64 87
64 88
64 89
64 90
64 91
64 92
64 93
64 94
64 95
65 65
65 67
65 71
65 72
65 73
65 75
65 76
65 77
65 84
65 85
65 87
65 88
65 89
65 90
65 91
65 93
65 94
65 95
66 66
66 67
66 68
66 71
66 90
66 91
66 92
66 93
66 94
66 95
67 67
67 68
67 71
67 90
67 91
67 92
67 93
67 94
67 95
68 68
68 69
68 70
68 90
68 91
68 92
68 93
68 94
69 69
69 70
69 71
69 90
69 91
69 92
69 93
69 94
69 95
70 70
70 71
70 90
70 91
70 92
70 93
70 94
70 95
71 71
71 90
71 91
71 93
71 94
71 95
72 72
72 73
72 74
72 75
72 76
72 77
72 78
72 84
72 89
72 96
72 97
72 101
72 102
72 103
72 104
72 105
72 106
72 107
72 108
72 109
72 110
72 111
72 112
72 113
72 114
72 115
72 116
72 118
72 119
73 73
73 74
73 75
73 76
73 77
73 79
73 83
73 85
73 96
73 97
73 101
73 102
73 103
73 104
73 105
73 106
73 107
73 108
73 109
73 110
73 111
73 113
73 114
73 115
73 116
73 117
73 118
73 119
74 74
74 75
74 76
74 80
74 82
74 86
74 87
74 98
74 99
74 100
74 102
74 103
74 104
74 105
74 106
74 108
74 109
74 110
74 111
74 112
74 114
74 115
74 116
74 117
74 118
75 75
75 76
75 77
75 81
75 86
75 87
75 98
75 99
75 100
75 102
75 103
75 104
75 105
75 106
75 107
75 108
75 109
75 110
75 111
75 112
75 113
75 115
75 116
75 117
75 118
75 119
76 76
76 77
76 80
76 82
76 88
76 98
76 99
76 100
76 102
76 103
76 104
76 105
76 106
76 107
76 108
76 110
76 111
76 112
76 113
76 114
76 115
76 116
76 117
76 118
76 119
77 77
77 79
77 83
77 84
77 89
77 96
77 97
77 101
77 102
77 103
77 105
77 106
77 107
77 108
77 109
77 111
77 112
77 113
77 114
77 115
77 117
77 118
77 119
78 78
78 79
78 80
78 83
78 90
78 95
78 96
78 97
78 101
78 108
78 109
78 110
78 111
78 112
78 113
79 79
79 80
79 83
79 91
79 96
79 97
79 101
79 108
79 109
79 110
79 111
79 112
79 113
80 80
80 81
80 82
80 92
80 93
80 98
80 99
80 100
80 108
80 109
80 110
80 111
80 112
81 81
81 82
81 83
81 92
81 93
81 98
81 99
81 100
81 108
81 109
81 110
81 111
81 112
81 113
82 82
82 83
82 94
82 98
82 99
82 100
82 108
82 109
82 110
82 111
82 112
82 113
83 83
83 90
83 95
83 96
83 97
83 101
83 108
83 109
83 111
83 112
83 113
84 84
84 85
84 86
84 89
84 90
84 96
84 97
84 101
84 114
84 115
84 116
84 117
84 118
84 119
85 85
85 86
85 89
85 91
85 95
85 96
85 97
85 101
85 114
85 115
85 116
85 117
85 118
85 119
86 86
86 87
86 88
86 92
86 94
86 98
86 99
86 100
86 114
86 115
86 116
86 117
86 118
87 87
87 88
87 89
87 93
87 98
87 99
87 100
87 114
87 115
87 116
87 117
87 118
87 119
88 88
88 89
88 92
88 94
88 98
88 99
88 100
88 114
88 115
88 116
88 117
88 118
88 119
89 89
89 91
89 95
89 96
89 97
89 101
89 114
89 115
89 117
89 118
89 119
90 90
90 91
90 92
90 93
90 94
90 95
90 96
90 97
90 101
90 108
90 109
90 110
90 112
90 113
90 114
90 115
90 116
90 117
90 118
90 119
90 120
90 121
90 122
90 123
90 124
90 125
91 91
91 92
91 93
91 94
91 95
91 96
91 97
91 101
91 108
91 109
91 110
91 111
91 112
91 113
91 114
91 115
91 116
91 117
91 119
91 120
91 121
91 122
91 123
91 124
91 125
92 92
92 93
92 94
92 98
92 99
92 100
92 108
92 109
92 110
92 111
92 112
92 114
92 115
92 116
92 117
92 118
92 120
92 121
92 122
92 123
92 124
93 93
93 94
93 95
93 98
93 99
93 100
93 109
93 110
93 111
93 112
93 113
93 114
93 115
93 116
93 117
93 118
93 119
93 120
93 121
93 122
93 123
93 124
93 125
94 94
94 95
94 98
94 99
94 100
94 108
94 109
94 110
94 111
94 112
94 113
94 114
94 116
94 117
94 118
94 119
94 120
94 121
94 122
94 123
94 124
94 125
95 95
95 96
95 97
95 101
95 108
95 109
95 111
95 112
95 113
95 114
95 115
95 117
95 118
95 119
95 120
95 121
95 123
95 124
95 125
96 96
96 100
96 101
96 126
96 130
97 97
97 99
97 127
97 129
98 98
98 99
98 128
99 99
99 127
99 129
100 100
100 126
100 130
101 101
101 131
102 102
102 103
102 104
102 105
102 106
102 107
102 108
102 114
102 119
102 126
102 127
102 131
103 103
103 104
103 105
103 106
103 107
103 109
103 113
103 115
103 126
103 127
103 131
104 104
104 105
104 106
104 110
104 112
104 116
104 117
104 128
104 129
104 130
105 105
105 106
105 107
105 111
105 116
105 117
105 128
105 129
105 130
106 106
106 107
106 110
106 112
106 118
106 128
106 129
106 130
107 107
107 109
107 113
107 114
107 119
107 126
107 127
107 131
108 108
108 109
108 110
108 111
108 112
108 113
108 120
108 125
108 126
108 127
108 131
109 109
109 110
109 111
109 112
109 113
109 121
109 126
109 127
109 131
110 110
110 111
110 112
110 122
110 123
110 128
110 129
110 130
111 111
111 112
111 113
111 122
111 123
111 128
111 129
111 130
112 112
112 113
112 124
112 128
112 129
112 130
113 113
113 120
113 125
113 126
113 127
113 131
114 114
114 115
114 116
114 117
114 118
114 119
114 120
114 126
114 127
114 131
115 115
115 116
115 117
115 118
115 119
115 121
115 125
115 126
115 127
115 131
116 116
116 117
116 118
116 122
116 124
116 128
116 129
116 130
117 117
117 118
117 119
117 123
117 128
117 129
117 130
118 118
118 119
118 122
118 124
118 128
118 129
118 130
119 119
119 121
119 125
119 126
119 127
119 131
120 120
120 121
120 122
120 123
120 124
120 125
120 126
120 127
120 131
121 121
121 122
121 123
121 124
121 125
121 126
121 127
121 131
122 122
122 123
122 124
122 128
122 129
122 130
123 123
123 124
123 125
123 128
123 129
123 130
124 124
124 125
124 128
124 129
124 130
125 125
125 126
125 127
125 131
126 126
126 130
126 131
127 127
127 129
128 128
128 129
129 129
130 130
131 131
