0 0
0 1
0 3
0 5
0 57
0 58
0 59
0 60
0 61
0 62
1 1
1 4
1 57
1 58
1 60
1 61
2 2
2 3
2 5
2 59
2 60
2 62
3 3
3 4
3 5
3 6
3 8
3 57
3 58
3 59
3 60
3 61
3 62
3 63
3 64
3 65
4 4
4 7
4 57
4 58
4 60
4 61
4 63
4 64
5 5
5 6
5 8
5 57
5 59
5 62
5 63
5 65
6 6
6 7
6 8
6 9
6 11
6 60
6 61
6 62
6 63
6 64
6 65
6 66
6 67
6 68
7 7
7 10
7 60
7 61
7 63
7 64
7 66
7 67
8 8
8 9
8 11
8 60
8 62
8 65
8 66
8 68
9 9
9 10
9 11
9 12
9 14
9 63
9 64
9 65
9 66
9 67
9 68
9 69
9 70
9 71
10 10
10 13
10 63
10 64
10 66
10 67
10 69
10 70
11 11
11 12
11 14
11 63
11 65
11 68
11 69
11 71
12 12
12 13
12 14
12 15
12 17
12 66
12 67
12 68
12 69
12 70
12 71
12 72
12 73
12 74
13 13
13 16
13 66
13 67
13 69
13 70
13 72
13 73
14 14
14 15
14 17
14 66
14 68
14 71
14 72
14 74
15 15
15 16
15 17
15 18
15 20
15 69
15 70
15 71
15 72
15 73
15 74
15 75
15 76
15 77
16 16
16 19
16 69
16 70
16 72
16 73
16 75
16 76
17 17
17 18
17 20
17 69
17 71
17 74
17 75
17 77
18 18
18 19
18 20
18 21
18 23
18 72
18 73
18 74
18 75
18 76
18 77
18 78
18 79
18 80
19 19
19 22
19 72
19 73
19 75
19 76
19 78
19 79
20 20
20 21
20 23
20 72
20 74
20 77
20 78
20 80
21 21
21 22
21 23
21 24
21 26
21 75
21 76
21 77
21 78
21 79
21 80
21 81
21 82
21 83
22 22
22 25
22 75
22 76
22 78
22 79
22 81
22 82
23 23
23 24
23 26
23 75
23 77
23 80
23 81
23 83
24 24
24 25
24 26
24 27
24 29
24 78
24 79
24 80
24 81
24 82
24 83
24 84
24 85
24 86
25 25
25 28
25 78
25 79
25 81
25 82
25 84
25 85
26 26
26 27
26 29
26 78
26 80
26 83
26 84
26 86
27 27
27 28
27 29
27 30
27 32
27 81
27 82
27 83
27 84
27 85
27 86
27 87
27 88
27 89
28 28
28 31
28 81
28 82
28 84
28 85
28 87
28 88
29 29
29 30
29 32
29 81
29 83
29 86
29 87
29 89
30 30
30 31
30 32
30 33
30 35
30 84
30 85
30 86
30 87
30 88
30 89
30 90
30 91
30 92
31 31
31 34
31 84
31 85
31 87
31 88
31 90
31 91
32 32
32 33
32 35
32 84
32 86
32 89
32 90
32 92
33 33
33 34
33 35
33 36
33 38
33 87
33 88
33 89
33 90
33 91
33 92
33 93
33 94
33 95
34 34
34 37
34 87
34 88
34 90
34 91
34 93
34 94
35 35
35 36
35 38
35 87
35 89
35 92
35 93
35 95
36 36
36 37
36 38
36 39
36 41
36 90
36 91
36 92
36 93
36 94
36 95
36 96
36 97
36 98
37 37
37 40
37 90
37 91
37 93
37 94
37 96
37 97
38 38
38 39
38 41
38 90
38 92
38 95
38 96
38 98
39 39
39 40
39 41
39 42
39 44
39 93
39 94
39 95
39 96
39 97
39 98
39 99
39 100
39 101
40 40
40 43
40 93
40 94
40 96
40 97
40 99
40 100
41 41
41 42
41 44
41 93
41 95
41 98
41 99
41 101
42 42
42 43
42 44
42 45
42 47
42 96
42 97
42 98
42 99
42 100
42 101
42 102
42 103
42 104
43 43
43 46
43 96
43 97
43 99
43 100
43 102
43 103
44 44
44 45
44 47
44 96
44 98
44 101
44 102
44 104
45 45
45 46
45 47
45 48
45 50
45 99
45 100
45 101
45 102
45 103
45 104
45 105
45 106
45 107
46 46
46 49
46 99
46 100
46 102
46 103
46 105
46 106
47 47
47 48
47 50
47 99
47 101
47 104
47 105
47 107
48 48
48 49
48 50
48 51
48 53
48 102
48 103
48 104
48 105
48 106
48 107
48 108
48 109
48 110
49 49
49 52
49 102
49 103
49 105
49 106
49 108
49 109
50 50
50 51
50 53
50 102
50 104
50 107
50 108
50 110
51 51
51 52
51 53
51 54
51 56
51 105
51 106
51 107
51 108
51 109
51 110
51 111
51 112
51 113
52 52
52 55
52 105
52 106
52 108
52 109
52 111
52 112
53 53
53 54
53 56
53 105
53 107
53 110
53 111
53 113
54 54
54 55
54 56
54 108
54 109
54 110
54 111
54 112
54 113
55 55
55 108
55 109
55 111
55 112
56 56
56 108
56 110
56 113
57 57
57 58
57 60
57 62
57 114
57 115
57 116
57 117
57 118
57 119
58 58
58 61
58 114
58 115
58 117
58 118
59 59
59 60
59 62
59 116
59 117
59 119
60 60
60 61
60 63
60 65
60 114
60 115
60 116
60 117
60 118
60 119
60 120
60 121
60 122
61 61
61 64
61 114
61 115
61 117
61 118
61 120
61 121
62 62
62 63
62 65
62 114
62 116
62 119
62 120
62 122
63 63
63 64
63 66
63 68
63 117
63 118
63 119
63 120
63 121
63 122
63 123
63 124
63 125
64 64
64 67
64 117
64 118
64 120
64 121
64 123
64 124
65 65
65 66
65 68
65 117
65 119
65 122
65 123
65 125
66 66
66 67
66 69
66 71
66 120
66 121
66 122
66 123
66 124
66 125
66 126
66 127
66 128
67 67
67 70
67 120
67 121
67 123
67 124
67 126
67 127
68 68
68 69
68 71
68 120
68 122
68 125
68 126
68 128
69 69
69 70
69 72
69 74
69 123
69 124
69 125
69 126
69 127
69 128
69 129
69 130
69 131
70 70
70 73
70 123
70 124
70 126
70 127
70 129
70 130
71 71
71 72
71 74
71 123
71 125
71 128
71 129
71 131
72 72
72 73
72 75
72 77
72 126
72 127
72 128
72 129
72 130
72 131
72 132
72 133
72 134
73 73
73 76
73 126
73 127
73 129
73 130
73 132
73 133
74 74
74 75
74 77
74 126
74 128
74 131
74 132
74 134
75 75
75 76
75 78
75 80
75 129
75 130
75 131
75 132
75 133
75 134
75 135
75 136
75 137
76 76
76 79
76 129
76 130
76 132
76 133
76 135
76 136
77 77
77 78
77 80
77 129
77 131
77 134
77 135
77 137
78 78
78 79
78 81
78 83
78 132
78 133
78 134
78 135
78 136
78 137
78 138
78 139
78 140
79 79
79 82
79 132
79 133
79 135
79 136
79 138
79 139
80 80
80 81
80 83
80 132
80 134
80 137
80 138
80 140
81 81
81 82
81 84
81 86
81 135
81 136
81 137
81 138
81 139
81 140
81 141
81 142
81 143
82 82
82 85
82 135
82 136
82 138
82 139
82 141
82 142
83 83
83 84
83 86
83 135
83 137
83 140
83 141
83 143
84 84
84 85
84 87
84 89
84 138
84 139
84 140
84 141
84 142
84 143
84 144
84 145
84 146
85 85
85 88
85 138
85 139
85 141
85 142
85 144
85 145
86 86
86 87
86 89
86 138
86 140
86 143
86 144
86 146
87 87
87 88
87 90
87 92
87 141
87 142
87 143
87 144
87 145
87 146
87 147
87 148
87 149
88 88
88 91
88 141
88 142
88 144
88 145
88 147
88 148
89 89
89 90
89 92
89 141
89 143
89 146
89 147
89 149
90 90
90 91
90 93
90 95
90 144
90 145
90 146
90 147
90 148
90 149
90 150
90 151
90 152
91 91
91 94
91 144
91 145
91 147
91 148
91 150
91 151
92 92
92 93
92 95
92 144
92 146
92 149
92 150
92 152
93 93
93 94
93 96
93 98
93 147
93 148
93 149
93 150
93 151
93 152
93 153
93 154
93 155
94 94
94 97
94 147
94 148
94 150
94 151
94 153
94 154
95 95
95 96
95 98
95 147
95 149
95 152
95 153
95 155
96 96
96 97
96 99
96 101
96 150
96 151
96 152
96 153
96 154
96 155
96 156
96 157
96 158
97 97
97 100
97 150
97 151
97 153
97 154
97 156
97 157
98 98
98 99
98 101
98 150
98 152
98 155
98 156
98 158
99 99
99 100
99 102
99 104
99 153
99 154
99 155
99 156
99 157
99 158
99 159
99 160
99 161
100 100
100 103
100 153
100 154
100 156
100 157
100 159
100 160
101 101
101 102
101 104
101 153
101 155
101 158
101 159
101 161
102 102
102 103
102 105
102 107
102 156
102 157
102 158
102 159
102 160
102 161
102 162
102 163
102 164
103 103
103 106
103 156
103 157
103 159
103 160
103 162
103 163
104 104
104 105
104 107
104 156
104 158
104 161
104 162
104 164
105 105
105 106
105 108
105 110
105 159
105 160
105 161
105 162
105 163
105 164
105 165
105 166
105 167
106 106
106 109
106 159
106 160
106 162
106 163
106 165
106 166
107 107
107 108
107 110
107 159
107 161
107 164
107 165
107 167
108 108
108 109
108 111
108 113
108 162
108 163
108 164
108 165
108 166
108 167
108 168
108 169
108 170
109 109
109 112
109 162
109 163
109 165
109 166
109 168
109 169
110 110
110 111
110 113
110 162
110 164
110 167
110 168
110 170
111 111
111 112
111 165
111 166
111 167
111 168
111 169
111 170
112 112
112 165
112 166
112 168
112 169
113 113
113 165
113 167
113 170
114 114
114 115
114 117
114 119
114 171
114 172
114 173
114 174
114 175
114 176
115 115
115 118
115 171
115 172
115 174
115 175
116 116
116 117
116 119
116 173
116 174
116 176
117 117
117 118
117 120
117 122
117 171
117 172
117 173
117 174
117 175
117 176
117 177
117 178
117 179
118 118
118 121
118 171
118 172
118 174
118 175
118 177
118 178
119 119
119 120
119 122
119 171
119 173
119 176
119 177
119 179
120 120
120 121
120 123
120 125
120 174
120 175
120 176
120 177
120 178
120 179
120 180
120 181
120 182
121 121
121 124
121 174
121 175
121 177
121 178
121 180
121 181
122 122
122 123
122 125
122 174
122 176
122 179
122 180
122 182
123 123
123 124
123 126
123 128
123 177
123 178
123 179
123 180
123 181
123 182
123 183
123 184
123 185
124 124
124 127
124 177
124 178
124 180
124 181
124 183
124 184
125 125
125 126
125 128
125 177
125 179
125 182
125 183
125 185
126 126
126 127
126 129
126 131
126 180
126 181
126 182
126 183
126 184
126 185
126 186
126 187
126 188
127 127
127 130
127 180
127 181
127 183
127 184
127 186
127 187
128 128
128 129
128 131
128 180
128 182
128 185
128 186
128 188
129 129
129 130
129 132
129 134
129 183
129 184
129 185
129 186
129 187
129 188
129 189
129 190
129 191
130 130
130 133
130 183
130 184
130 186
130 187
130 189
130 190
131 131
131 132
131 134
131 183
131 185
131 188
131 189
131 191
132 132
132 133
132 135
132 137
132 186
132 187
132 188
132 189
132 190
132 191
132 192
132 193
132 194
133 133
133 136
133 186
133 187
133 189
133 190
133 192
133 193
134 134
134 135
134 137
134 186
134 188
134 191
134 192
134 194
135 135
135 136
135 138
135 140
135 189
135 190
135 191
135 192
135 193
135 194
135 195
135 196
135 197
136 136
136 139
136 189
136 190
136 192
136 193
136 195
136 196
137 137
137 138
137 140
137 189
137 191
137 194
137 195
137 197
138 138
138 139
138 141
138 143
138 192
138 193
138 194
138 195
138 196
138 197
138 198
138 199
138 200
139 139
139 142
139 192
139 193
139 195
139 196
139 198
139 199
140 140
140 141
140 143
140 192
140 194
140 197
140 198
140 200
141 141
141 142
141 144
141 146
141 195
141 196
141 197
141 198
141 199
141 200
141 201
141 202
141 203
142 142
142 145
142 195
142 196
142 198
142 199
142 201
142 202
143 143
143 144
143 146
143 195
143 197
143 200
143 201
143 203
144 144
144 145
144 147
144 149
144 198
144 199
144 200
144 201
144 202
144 203
144 204
144 205
144 206
145 145
145 148
145 198
145 199
145 201
145 202
145 204
145 205
146 146
146 147
146 149
146 198
146 200
146 203
146 204
146 206
147 147
147 148
147 150
147 152
147 201
147 202
147 203
147 204
147 205
147 206
147 207
147 208
147 209
148 148
148 151
148 201
148 202
148 204
148 205
148 207
148 208
149 149
149 150
149 152
149 201
149 203
149 206
149 207
149 209
150 150
150 151
150 153
150 155
150 204
150 205
150 206
150 207
150 208
150 209
150 210
150 211
150 212
151 151
151 154
151 204
151 205
151 207
151 208
151 210
151 211
152 152
152 153
152 155
152 204
152 206
152 209
152 210
152 212
153 153
153 154
153 156
153 158
153 207
153 208
153 209
153 210
153 211
153 212
153 213
153 214
153 215
154 154
154 157
154 207
154 208
154 210
154 211
154 213
154 214
155 155
155 156
155 158
155 207
155 209
155 212
155 213
155 215
156 156
156 157
156 159
156 161
156 210
156 211
156 212
156 213
156 214
156 215
156 216
156 217
156 218
157 157
157 160
157 210
157 211
157 213
157 214
157 216
157 217
158 158
158 159
158 161
158 210
158 212
158 215
158 216
158 218
159 159
159 160
159 162
159 164
159 213
159 214
159 215
159 216
159 217
159 218
159 219
159 220
159 221
160 160
160 163
160 213
160 214
160 216
160 217
160 219
160 220
161 161
161 162
161 164
161 213
161 215
161 218
161 219
161 221
162 162
162 163
162 165
162 167
162 216
162 217
162 218
162 219
162 220
162 221
162 222
162 223
162 224
163 163
163 166
163 216
163 217
163 219
163 220
163 222
163 223
164 164
164 165
164 167
164 216
164 218
164 221
164 222
164 224
165 165
165 166
165 168
165 170
165 219
165 220
165 221
165 222
165 223
165 224
165 225
165 226
165 227
166 166
166 169
166 219
166 220
166 222
166 223
166 225
166 226
167 167
167 168
167 170
167 219
167 221
167 224
167 225
167 227
168 168
168 169
168 222
168 223
168 224
168 225
168 226
168 227
169 169
169 222
169 223
169 225
169 226
170 170
170 222
170 224
170 227
171 171
171 172
171 174
171 176
171 228
171 229
171 230
171 231
171 232
171 233
172 172
172 175
172 228
172 229
172 231
172 232
173 173
173 174
173 176
173 230
173 231
173 233
174 174
174 175
174 177
174 179
174 228
174 229
174 230
174 231
174 232
174 233
174 234
174 235
174 236
175 175
175 178
175 228
175 229
175 231
175 232
175 234
175 235
176 176
176 177
176 179
176 228
176 230
176 233
176 234
176 236
177 177
177 178
177 180
177 182
177 231
177 232
177 233
177 234
177 235
177 236
177 237
177 238
177 239
178 178
178 181
178 231
178 232
178 234
178 235
178 237
178 238
179 179
179 180
179 182
179 231
179 233
179 236
179 237
179 239
180 180
180 181
180 183
180 185
180 234
180 235
180 236
180 237
180 238
180 239
180 240
180 241
180 242
181 181
181 184
181 234
181 235
181 237
181 238
181 240
181 241
182 182
182 183
182 185
182 234
182 236
182 239
182 240
182 242
183 183
183 184
183 186
183 188
183 237
183 238
183 239
183 240
183 241
183 242
183 243
183 244
183 245
184 184
184 187
184 237
184 238
184 240
184 241
184 243
184 244
185 185
185 186
185 188
185 237
185 239
185 242
185 243
185 245
186 186
186 187
186 189
186 191
186 240
186 241
186 242
186 243
186 244
186 245
186 246
186 247
186 248
187 187
187 190
187 240
187 241
187 243
187 244
187 246
187 247
188 188
188 189
188 191
188 240
188 242
188 245
188 246
188 248
189 189
189 190
189 192
189 194
189 243
189 244
189 245
189 246
189 247
189 248
189 249
189 250
189 251
190 190
190 193
190 243
190 244
190 246
190 247
190 249
190 250
191 191
191 192
191 194
191 243
191 245
191 248
191 249
191 251
192 192
192 193
192 195
192 197
192 246
192 247
192 248
192 249
192 250
192 251
192 252
192 253
192 254
193 193
193 196
193 246
193 247
193 249
193 250
193 252
193 253
194 194
194 195
194 197
194 246
194 248
194 251
194 252
194 254
195 195
195 196
195 198
195 200
195 249
195 250
195 251
195 252
195 253
195 254
195 255
195 256
195 257
196 196
196 199
196 249
196 250
196 252
196 253
196 255
196 256
197 197
197 198
197 200
197 249
197 251
197 254
197 255
197 257
198 198
198 199
198 201
198 203
198 252
198 253
198 254
198 255
198 256
198 257
198 258
198 259
198 260
199 199
199 202
199 252
199 253
199 255
199 256
199 258
199 259
200 200
200 201
200 203
200 252
200 254
200 257
200 258
200 260
201 201
201 202
201 204
201 206
201 255
201 256
201 257
201 258
201 259
201 260
201 261
201 262
201 263
202 202
202 205
202 255
202 256
202 258
202 259
202 261
202 262
203 203
203 204
203 206
203 255
203 257
203 260
203 261
203 263
204 204
204 205
204 207
204 209
204 258
204 259
204 260
204 261
204 262
204 263
204 264
204 265
204 266
205 205
205 208
205 258
205 259
205 261
205 262
205 264
205 265
206 206
206 207
206 209
206 258
206 260
206 263
206 264
206 266
207 207
207 208
207 210
207 212
207 261
207 262
207 263
207 264
207 265
207 266
207 267
207 268
207 269
208 208
208 211
208 261
208 262
208 264
208 265
208 267
208 268
209 209
209 210
209 212
209 261
209 263
209 266
209 267
209 269
210 210
210 211
210 213
210 215
210 264
210 265
210 266
210 267
210 268
210 269
210 270
210 271
210 272
211 211
211 214
211 264
211 265
211 267
211 268
211 270
211 271
212 212
212 213
212 215
212 264
212 266
212 269
212 270
212 272
213 213
213 214
213 216
213 218
213 267
213 268
213 269
213 270
213 271
213 272
213 273
213 274
213 275
214 214
214 217
214 267
214 268
214 270
214 271
214 273
214 274
215 215
215 216
215 218
215 267
215 269
215 272
215 273
215 275
216 216
216 217
216 219
216 221
216 270
216 271
216 272
216 273
216 274
216 275
216 276
216 277
216 278
217 217
217 220
217 270
217 271
217 273
217 274
217 276
217 277
218 218
218 219
218 221
218 270
218 272
218 275
218 276
218 278
219 219
219 220
219 222
219 224
219 273
219 274
219 275
219 276
219 277
219 278
219 279
219 280
219 281
220 220
220 223
220 273
220 274
220 276
220 277
220 279
220 280
221 221
221 222
221 224
221 273
221 275
221 278
221 279
221 281
222 222
222 223
222 225
222 227
222 276
222 277
222 278
222 279
222 280
222 281
222 282
222 283
222 284
223 223
223 226
223 276
223 277
223 279
223 280
223 282
223 283
224 224
224 225
224 227
224 276
224 278
224 281
224 282
224 284
225 225
225 226
225 279
225 280
225 281
225 282
225 283
225 284
226 226
226 279
226 280
226 282
226 283
227 227
227 279
227 281
227 284
228 228
228 229
228 231
228 233
228 285
228 286
228 287
228 288
228 289
228 290
229 229
229 232
229 285
229 286
229 288
229 289
230 230
230 231
230 233
230 287
230 288
230 290
231 231
231 232
231 234
231 236
231 285
231 286
231 287
231 288
231 289
231 290
231 291
231 292
231 293
232 232
232 235
232 285
232 286
232 288
232 289
232 291
232 292
233 233
233 234
233 236
233 285
233 287
233 290
233 291
233 293
234 234
234 235
234 237
234 239
234 288
234 289
234 290
234 291
234 292
234 293
234 294
234 295
234 296
235 235
235 238
235 288
235 289
235 291
235 292
235 294
235 295
236 236
236 237
236 239
236 288
236 290
236 293
236 294
236 296
237 237
237 238
237 240
237 242
237 291
237 292
237 293
237 294
237 295
237 296
237 297
237 298
237 299
238 238
238 241
238 291
238 292
238 294
238 295
238 297
238 298
239 239
239 240
239 242
239 291
239 293
239 296
239 297
239 299
240 240
240 241
240 243
240 245
240 294
240 295
240 296
240 297
240 298
240 299
240 300
240 301
240 302
241 241
241 244
241 294
241 295
241 297
241 298
241 300
241 301
242 242
242 243
242 245
242 294
242 296
242 299
242 300
242 302
243 243
243 244
243 246
243 248
243 297
243 298
243 299
243 300
243 301
243 302
243 303
243 304
243 305
244 244
244 247
244 297
244 298
244 300
244 301
244 303
244 304
245 245
245 246
245 248
245 297
245 299
245 302
245 303
245 305
246 246
246 247
246 249
246 251
246 300
246 301
246 302
246 303
246 304
246 305
246 306
246 307
246 308
247 247
247 250
247 300
247 301
247 303
247 304
247 306
247 307
248 248
248 249
248 251
248 300
248 302
248 305
248 306
248 308
249 249
249 250
249 252
249 254
249 303
249 304
249 305
249 306
249 307
249 308
249 309
249 310
249 311
250 250
250 253
250 303
250 304
250 306
250 307
250 309
250 310
251 251
251 252
251 254
251 303
251 305
251 308
251 309
251 311
252 252
252 253
252 255
252 257
252 306
252 307
252 308
252 309
252 310
252 311
252 312
252 313
252 314
253 253
253 256
253 306
253 307
253 309
253 310
253 312
253 313
254 254
254 255
254 257
254 306
254 308
254 311
254 312
254 314
255 255
255 256
255 258
255 260
255 309
255 310
255 311
255 312
255 313
255 314
255 315
255 316
255 317
256 256
256 259
256 309
256 310
256 312
256 313
256 315
256 316
257 257
257 258
257 260
257 309
257 311
257 314
257 315
257 317
258 258
258 259
258 261
258 263
258 312
258 313
258 314
258 315
258 316
258 317
258 318
258 319
258 320
259 259
259 262
259 312
259 313
259 315
259 316
259 318
259 319
260 260
260 261
260 263
260 312
260 314
260 317
260 318
260 320
261 261
261 262
261 264
261 266
261 315
261 316
261 317
261 318
261 319
261 320
261 321
261 322
261 323
262 262
262 265
262 315
262 316
262 318
262 319
262 321
262 322
263 263
263 264
263 266
263 315
263 317
263 320
263 321
263 323
264 264
264 265
264 267
264 269
264 318
264 319
264 320
264 321
264 322
264 323
264 324
264 325
264 326
265 265
265 268
265 318
265 319
265 321
265 322
265 324
265 325
266 266
266 267
266 269
266 318
266 320
266 323
266 324
266 326
267 267
267 268
267 270
267 272
267 321
267 322
267 323
267 324
267 325
267 326
267 327
267 328
267 329
268 268
268 271
268 321
268 322
268 324
268 325
268 327
268 328
269 269
269 270
269 272
269 321
269 323
269 326
269 327
269 329
270 270
270 271
270 273
270 275
270 324
270 325
270 326
270 327
270 328
270 329
270 330
270 331
270 332
271 271
271 274
271 324
271 325
271 327
271 328
271 330
271 331
272 272
272 273
272 275
272 324
272 326
272 329
272 330
272 332
273 273
273 274
273 276
273 278
273 327
273 328
273 329
273 330
273 331
273 332
273 333
273 334
273 335
274 274
274 277
274 327
274 328
274 330
274 331
274 333
274 334
275 275
275 276
275 278
275 327
275 329
275 332
275 333
275 335
276 276
276 277
276 279
276 281
276 330
276 331
276 332
276 333
276 334
276 335
276 336
276 337
276 338
277 277
277 280
277 330
277 331
277 333
277 334
277 336
277 337
278 278
278 279
278 281
278 330
278 332
278 335
278 336
278 338
279 279
279 280
279 282
279 284
279 333
279 334
279 335
279 336
279 337
279 338
279 339
279 340
279 341
280 280
280 283
280 333
280 334
280 336
280 337
280 339
280 340
281 281
281 282
281 284
281 333
281 335
281 338
281 339
281 341
282 282
282 283
282 336
282 337
282 338
282 339
282 340
282 341
283 283
283 336
283 337
283 339
283 340
284 284
284 336
284 338
284 341
285 285
285 286
285 288
285 290
285 342
285 343
285 344
285 345
285 346
285 347
286 286
286 289
286 342
286 343
286 345
286 346
287 287
287 288
287 290
287 344
287 345
287 347
288 288
288 289
288 291
288 293
288 342
288 343
288 344
288 345
288 346
288 347
288 348
288 349
288 350
289 289
289 292
289 342
289 343
289 345
289 346
289 348
289 349
290 290
290 291
290 293
290 342
290 344
290 347
290 348
290 350
291 291
291 292
291 294
291 296
291 345
291 346
291 347
291 348
291 349
291 350
291 351
291 352
291 353
292 292
292 295
292 345
292 346
292 348
292 349
292 351
292 352
293 293
293 294
293 296
293 345
293 347
293 350
293 351
293 353
294 294
294 295
294 297
294 299
294 348
294 349
294 350
294 351
294 352
294 353
294 354
294 355
294 356
295 295
295 298
295 348
295 349
295 351
295 352
295 354
295 355
296 296
296 297
296 299
296 348
296 350
296 353
296 354
296 356
297 297
297 298
297 300
297 302
297 351
297 352
297 353
297 354
297 355
297 356
297 357
297 358
297 359
298 298
298 301
298 351
298 352
298 354
298 355
298 357
298 358
299 299
299 300
299 302
299 351
299 353
299 356
299 357
299 359
300 300
300 301
300 303
300 305
300 354
300 355
300 356
300 357
300 358
300 359
300 360
300 361
300 362
301 301
301 304
301 354
301 355
301 357
301 358
301 360
301 361
302 302
302 303
302 305
302 354
302 356
302 359
302 360
302 362
303 303
303 304
303 306
303 308
303 357
303 358
303 359
303 360
303 361
303 362
303 363
303 364
303 365
304 304
304 307
304 357
304 358
304 360
304 361
304 363
304 364
305 305
305 306
305 308
305 357
305 359
305 362
305 363
305 365
306 306
306 307
306 309
306 311
306 360
306 361
306 362
306 363
306 364
306 365
306 366
306 367
306 368
307 307
307 310
307 360
307 361
307 363
307 364
307 366
307 367
308 308
308 309
308 311
308 360
308 362
308 365
308 366
308 368
309 309
309 310
309 312
309 314
309 363
309 364
309 365
309 366
309 367
309 368
309 369
309 370
309 371
310 310
310 313
310 363
310 364
310 366
310 367
310 369
310 370
311 311
311 312
311 314
311 363
311 365
311 368
311 369
311 371
312 312
312 313
312 315
312 317
312 366
312 367
312 368
312 369
312 370
312 371
312 372
312 373
312 374
313 313
313 316
313 366
313 367
313 369
313 370
313 372
313 373
314 314
314 315
314 317
314 366
314 368
314 371
314 372
314 374
315 315
315 316
315 318
315 320
315 369
315 370
315 371
315 372
315 373
315 374
315 375
315 376
315 377
316 316
316 319
316 369
316 370
316 372
316 373
316 375
316 376
317 317
317 318
317 320
317 369
317 371
317 374
317 375
317 377
318 318
318 319
318 321
318 323
318 372
318 373
318 374
318 375
318 376
318 377
318 378
318 379
318 380
319 319
319 322
319 372
319 373
319 375
319 376
319 378
319 379
320 320
320 321
320 323
320 372
320 374
320 377
320 378
320 380
321 321
321 322
321 324
321 326
321 375
321 376
321 377
321 378
321 379
321 380
321 381
321 382
321 383
322 322
322 325
322 375
322 376
322 378
322 379
322 381
322 382
323 323
323 324
323 326
323 375
323 377
323 380
323 381
323 383
324 324
324 325
324 327
324 329
324 378
324 379
324 380
324 381
324 382
324 383
324 384
324 385
324 386
325 325
325 328
325 378
325 379
325 381
325 382
325 384
325 385
326 326
326 327
326 329
326 378
326 380
326 383
326 384
326 386
327 327
327 328
327 330
327 332
327 381
327 382
327 383
327 384
327 385
327 386
327 387
327 388
327 389
328 328
328 331
328 381
328 382
328 384
328 385
328 387
328 388
329 329
329 330
329 332
329 381
329 383
329 386
329 387
329 389
330 330
330 331
330 333
330 335
330 384
330 385
330 386
330 387
330 388
330 389
330 390
330 391
330 392
331 331
331 334
331 384
331 385
331 387
331 388
331 390
331 391
332 332
332 333
332 335
332 384
332 386
332 389
332 390
332 392
333 333
333 334
333 336
333 338
333 387
333 388
333 389
333 390
333 391
333 392
333 393
333 394
333 395
334 334
334 337
334 387
334 388
334 390
334 391
334 393
334 394
335 335
335 336
335 338
335 387
335 389
335 392
335 393
335 395
336 336
336 337
336 339
336 341
336 390
336 391
336 392
336 393
336 394
336 395
336 396
336 397
336 398
337 337
337 340
337 390
337 391
337 393
337 394
337 396
337 397
338 338
338 339
338 341
338 390
338 392
338 395
338 396
338 398
339 339
339 340
339 393
339 394
339 395
339 396
339 397
339 398
340 340
340 393
340 394
340 396
340 397
341 341
341 393
341 395
341 398
342 342
342 343
342 345
342 347
342 399
342 400
342 401
342 402
342 403
342 404
343 343
343 346
343 399
343 400
343 402
343 403
344 344
344 345
344 347
344 401
344 402
344 404
345 345
345 346
345 348
345 350
345 399
345 400
345 401
345 402
345 403
345 404
345 405
345 406
345 407
346 346
346 349
346 399
346 400
346 402
346 403
346 405
346 406
347 347
347 348
347 350
347 399
347 401
347 404
347 405
347 407
348 348
348 349
348 351
348 353
348 402
348 403
348 404
348 405
348 406
348 407
348 408
348 409
348 410
349 349
349 352
349 402
349 403
349 405
349 406
349 408
349 409
350 350
350 351
350 353
350 402
350 404
350 407
350 408
350 410
351 351
351 352
351 354
351 356
351 405
351 406
351 407
351 408
351 409
351 410
351 411
351 412
351 413
352 352
352 355
352 405
352 406
352 408
352 409
352 411
352 412
353 353
353 354
353 356
353 405
353 407
353 410
353 411
353 413
354 354
354 355
354 357
354 359
354 408
354 409
354 410
354 411
354 412
354 413
354 414
354 415
354 416
355 355
355 358
355 408
355 409
355 411
355 412
355 414
355 415
356 356
356 357
356 359
356 408
356 410
356 413
356 414
356 416
357 357
357 358
357 360
357 362
357 411
357 412
357 413
357 414
357 415
357 416
357 417
357 418
357 419
358 358
358 361
358 411
358 412
358 414
358 415
358 417
358 418
359 359
359 360
359 362
359 411
359 413
359 416
359 417
359 419
360 360
360 361
360 363
360 365
360 414
360 415
360 416
360 417
360 418
360 419
360 420
360 421
360 422
361 361
361 364
361 414
361 415
361 417
361 418
361 420
361 421
362 362
362 363
362 365
362 414
362 416
362 419
362 420
362 422
363 363
363 364
363 366
363 368
363 417
363 418
363 419
363 420
363 421
363 422
363 423
363 424
363 425
364 364
364 367
364 417
364 418
364 420
364 421
364 423
364 424
365 365
365 366
365 368
365 417
365 419
365 422
365 423
365 425
366 366
366 367
366 369
366 371
366 420
366 421
366 422
366 423
366 424
366 425
366 426
366 427
366 428
367 367
367 370
367 420
367 421
367 423
367 424
367 426
367 427
368 368
368 369
368 371
368 420
368 422
368 425
368 426
368 428
369 369
369 370
369 372
369 374
369 423
369 424
369 425
369 426
369 427
369 428
369 429
369 430
369 431
370 370
370 373
370 423
370 424
370 426
370 427
370 429
370 430
371 371
371 372
371 374
371 423
371 425
371 428
371 429
371 431
372 372
372 373
372 375
372 377
372 426
372 427
372 428
372 429
372 430
372 431
372 432
372 433
372 434
373 373
373 376
373 426
373 427
373 429
373 430
373 432
373 433
374 374
374 375
374 377
374 426
374 428
374 431
374 432
374 434
375 375
375 376
375 378
375 380
375 429
375 430
375 431
375 432
375 433
375 434
375 435
375 436
375 437
376 376
376 379
376 429
376 430
376 432
376 433
376 435
376 436
377 377
377 378
377 380
377 429
377 431
377 434
377 435
377 437
378 378
378 379
378 381
378 383
378 432
378 433
378 434
378 435
378 436
378 437
378 438
378 439
378 440
379 379
379 382
379 432
379 433
379 435
379 436
379 438
379 439
380 380
380 381
380 383
380 432
380 434
380 437
380 438
380 440
381 381
381 382
381 384
381 386
381 435
381 436
381 437
381 438
381 439
381 440
381 441
381 442
381 443
382 382
382 385
382 435
382 436
382 438
382 439
382 441
382 442
383 383
383 384
383 386
383 435
383 437
383 440
383 441
383 443
384 384
384 385
384 387
384 389
384 438
384 439
384 440
384 441
384 442
384 443
384 444
384 445
384 446
385 385
385 388
385 438
385 439
385 441
385 442
385 444
385 445
386 386
386 387
386 389
386 438
386 440
386 443
386 444
386 446
387 387
387 388
387 390
387 392
387 441
387 442
387 443
387 444
387 445
387 446
387 447
387 448
387 449
388 388
388 391
388 441
388 442
388 444
388 445
388 447
388 448
389 389
389 390
389 392
389 441
389 443
389 446
389 447
389 449
390 390
390 391
390 393
390 395
390 444
390 445
390 446
390 447
390 448
390 449
390 450
390 451
390 452
391 391
391 394
391 444
391 445
391 447
391 448
391 450
391 451
392 392
392 393
392 395
392 444
392 446
392 449
392 450
392 452
393 393
393 394
393 396
393 398
393 447
393 448
393 449
393 450
393 451
393 452
393 453
393 454
393 455
394 394
394 397
394 447
394 448
394 450
394 451
394 453
394 454
395 395
395 396
395 398
395 447
395 449
395 452
395 453
395 455
396 396
396 397
396 450
396 451
396 452
396 453
396 454
396 455
397 397
397 450
397 451
397 453
397 454
398 398
398 450
398 452
398 455
399 399
399 400
399 402
399 404
399 456
399 457
399 458
399 459
399 460
399 461
400 400
400 403
400 456
400 457
400 459
400 460
401 401
401 402
401 404
401 458
401 459
401 461
402 402
402 403
402 405
402 407
402 456
402 457
402 458
402 459
402 460
402 461
402 462
402 463
402 464
403 403
403 406
403 456
403 457
403 459
403 460
403 462
403 463
404 404
404 405
404 407
404 456
404 458
404 461
404 462
404 464
405 405
405 406
405 408
405 410
405 459
405 460
405 461
405 462
405 463
405 464
405 465
405 466
405 467
406 406
406 409
406 459
406 460
406 462
406 463
406 465
406 466
407 407
407 408
407 410
407 459
407 461
407 464
407 465
407 467
408 408
408 409
408 411
408 413
408 462
408 463
408 464
408 465
408 466
408 467
408 468
408 469
408 470
409 409
409 412
409 462
409 463
409 465
409 466
409 468
409 469
410 410
410 411
410 413
410 462
410 464
410 467
410 468
410 470
411 411
411 412
411 414
411 416
411 465
411 466
411 467
411 468
411 469
411 470
411 471
411 472
411 473
412 412
412 415
412 465
412 466
412 468
412 469
412 471
412 472
413 413
413 414
413 416
413 465
413 467
413 470
413 471
413 473
414 414
414 415
414 417
414 419
414 468
414 469
414 470
414 471
414 472
414 473
414 474
414 475
414 476
415 415
415 418
415 468
415 469
415 471
415 472
415 474
415 475
416 416
416 417
416 419
416 468
416 470
416 473
416 474
416 476
417 417
417 418
417 420
417 422
417 471
417 472
417 473
417 474
417 475
417 476
417 477
417 478
417 479
418 418
418 421
418 471
418 472
418 474
418 475
418 477
418 478
419 419
419 420
419 422
419 471
419 473
419 476
419 477
419 479
420 420
420 421
420 423
420 425
420 474
420 475
420 476
420 477
420 478
420 479
420 480
420 481
420 482
421 421
421 424
421 474
421 475
421 477
421 478
421 480
421 481
422 422
422 423
422 425
422 474
422 476
422 479
422 480
422 482
423 423
423 424
423 426
423 428
423 477
423 478
423 479
423 480
423 481
423 482
423 483
423 484
423 485
424 424
424 427
424 477
424 478
424 480
424 481
424 483
424 484
425 425
425 426
425 428
425 477
425 479
425 482
425 483
425 485
426 426
426 427
426 429
426 431
426 480
426 481
426 482
426 483
426 484
426 485
426 486
426 487
426 488
427 427
427 430
427 480
427 481
427 483
427 484
427 486
427 487
428 428
428 429
428 431
428 480
428 482
428 485
428 486
428 488
429 429
429 430
429 432
429 434
429 483
429 484
429 485
429 486
429 487
429 488
429 489
429 490
429 491
430 430
430 433
430 483
430 484
430 486
430 487
430 489
430 490
431 431
431 432
431 434
431 483
431 485
431 488
431 489
431 491
432 432
432 433
432 435
432 437
432 486
432 487
432 488
432 489
432 490
432 491
432 492
432 493
432 494
433 433
433 436
433 486
433 487
433 489
433 490
433 492
433 493
434 434
434 435
434 437
434 486
434 488
434 491
434 492
434 494
435 435
435 436
435 438
435 440
435 489
435 490
435 491
435 492
435 493
435 494
435 495
435 496
435 497
436 436
436 439
436 489
436 490
436 492
436 493
436 495
436 496
437 437
437 438
437 440
437 489
437 491
437 494
437 495
437 497
438 438
438 439
438 441
438 443
438 492
438 493
438 494
438 495
438 496
438 497
438 498
438 499
438 500
439 439
439 442
439 492
439 493
439 495
439 496
439 498
439 499
440 440
440 441
440 443
440 492
440 494
440 497
440 498
440 500
441 441
441 442
441 444
441 446
441 495
441 496
441 497
441 498
441 499
441 500
441 501
441 502
441 503
442 442
442 445
442 495
442 496
442 498
442 499
442 501
442 502
443 443
443 444
443 446
443 495
443 497
443 500
443 501
443 503
444 444
444 445
444 447
444 449
444 498
444 499
444 500
444 501
444 502
444 503
444 504
444 505
444 506
445 445
445 448
445 498
445 499
445 501
445 502
445 504
445 505
446 446
446 447
446 449
446 498
446 500
446 503
446 504
446 506
447 447
447 448
447 450
447 452
447 501
447 502
447 503
447 504
447 505
447 506
447 507
447 508
447 509
448 448
448 451
448 501
448 502
448 504
448 505
448 507
448 508
449 449
449 450
449 452
449 501
449 503
449 506
449 507
449 509
450 450
450 451
450 453
450 455
450 504
450 505
450 506
450 507
450 508
450 509
450 510
450 511
450 512
451 451
451 454
451 504
451 505
451 507
451 508
451 510
451 511
452 452
452 453
452 455
452 504
452 506
452 509
452 510
452 512
453 453
453 454
453 507
453 508
453 509
453 510
453 511
453 512
454 454
454 507
454 508
454 510
454 511
455 455
455 507
455 509
455 512
456 456
456 457
456 459
456 461
456 513
456 514
456 515
456 516
456 517
456 518
457 457
457 460
457 513
457 514
457 516
457 517
458 458
458 459
458 461
458 515
458 516
458 518
459 459
459 460
459 462
459 464
459 513
459 514
459 515
459 516
459 517
459 518
459 519
459 520
459 521
460 460
460 463
460 513
460 514
460 516
460 517
460 519
460 520
461 461
461 462
461 464
461 513
461 515
461 518
461 519
461 521
462 462
462 463
462 465
462 467
462 516
462 517
462 518
462 519
462 520
462 521
462 522
462 523
462 524
463 463
463 466
463 516
463 517
463 519
463 520
463 522
463 523
464 464
464 465
464 467
464 516
464 518
464 521
464 522
464 524
465 465
465 466
465 468
465 470
465 519
465 520
465 521
465 522
465 523
465 524
465 525
465 526
465 527
466 466
466 469
466 519
466 520
466 522
466 523
466 525
466 526
467 467
467 468
467 470
467 519
467 521
467 524
467 525
467 527
468 468
468 469
468 471
468 473
468 522
468 523
468 524
468 525
468 526
468 527
468 528
468 529
468 530
469 469
469 472
469 522
469 523
469 525
469 526
469 528
469 529
470 470
470 471
470 473
470 522
470 524
470 527
470 528
470 530
471 471
471 472
471 474
471 476
471 525
471 526
471 527
471 528
471 529
471 530
471 531
471 532
471 533
472 472
472 475
472 525
472 526
472 528
472 529
472 531
472 532
473 473
473 474
473 476
473 525
473 527
473 530
473 531
473 533
474 474
474 475
474 477
474 479
474 528
474 529
474 530
474 531
474 532
474 533
474 534
474 535
474 536
475 475
475 478
475 528
475 529
475 531
475 532
475 534
475 535
476 476
476 477
476 479
476 528
476 530
476 533
476 534
476 536
477 477
477 478
477 480
477 482
477 531
477 532
477 533
477 534
477 535
477 536
477 537
477 538
477 539
478 478
478 481
478 531
478 532
478 534
478 535
478 537
478 538
479 479
479 480
479 482
479 531
479 533
479 536
479 537
479 539
480 480
480 481
480 483
480 485
480 534
480 535
480 536
480 537
480 538
480 539
480 540
480 541
480 542
481 481
481 484
481 534
481 535
481 537
481 538
481 540
481 541
482 482
482 483
482 485
482 534
482 536
482 539
482 540
482 542
483 483
483 484
483 486
483 488
483 537
483 538
483 539
483 540
483 541
483 542
483 543
483 544
483 545
484 484
484 487
484 537
484 538
484 540
484 541
484 543
484 544
485 485
485 486
485 488
485 537
485 539
485 542
485 543
485 545
486 486
486 487
486 489
486 491
486 540
486 541
486 542
486 543
486 544
486 545
486 546
486 547
486 548
487 487
487 490
487 540
487 541
487 543
487 544
487 546
487 547
488 488
488 489
488 491
488 540
488 542
488 545
488 546
488 548
489 489
489 490
489 492
489 494
489 543
489 544
489 545
489 546
489 547
489 548
489 549
489 550
489 551
490 490
490 493
490 543
490 544
490 546
490 547
490 549
490 550
491 491
491 492
491 494
491 543
491 545
491 548
491 549
491 551
492 492
492 493
492 495
492 497
492 546
492 547
492 548
492 549
492 550
492 551
492 552
492 553
492 554
493 493
493 496
493 546
493 547
493 549
493 550
493 552
493 553
494 494
494 495
494 497
494 546
494 548
494 551
494 552
494 554
495 495
495 496
495 498
495 500
495 549
495 550
495 551
495 552
495 553
495 554
495 555
495 556
495 557
496 496
496 499
496 549
496 550
496 552
496 553
496 555
496 556
497 497
497 498
497 500
497 549
497 551
497 554
497 555
497 557
498 498
498 499
498 501
498 503
498 552
498 553
498 554
498 555
498 556
498 557
498 558
498 559
498 560
499 499
499 502
499 552
499 553
499 555
499 556
499 558
499 559
500 500
500 501
500 503
500 552
500 554
500 557
500 558
500 560
501 501
501 502
501 504
501 506
501 555
501 556
501 557
501 558
501 559
501 560
501 561
501 562
501 563
502 502
502 505
502 555
502 556
502 558
502 559
502 561
502 562
503 503
503 504
503 506
503 555
503 557
503 560
503 561
503 563
504 504
504 505
504 507
504 509
504 558
504 559
504 560
504 561
504 562
504 563
504 564
504 565
504 566
505 505
505 508
505 558
505 559
505 561
505 562
505 564
505 565
506 506
506 507
506 509
506 558
506 560
506 563
506 564
506 566
507 507
507 508
507 510
507 512
507 561
507 562
507 563
507 564
507 565
507 566
507 567
507 568
507 569
508 508
508 511
508 561
508 562
508 564
508 565
508 567
508 568
509 509
509 510
509 512
509 561
509 563
509 566
509 567
509 569
510 510
510 511
510 564
510 565
510 566
510 567
510 568
510 569
511 511
511 564
511 565
511 567
511 568
512 512
512 564
512 566
512 569
513 513
513 514
513 516
513 518
513 570
513 571
513 572
513 573
513 574
513 575
514 514
514 517
514 570
514 571
514 573
514 574
515 515
515 516
515 518
515 572
515 573
515 575
516 516
516 517
516 519
516 521
516 570
516 571
516 572
516 573
516 574
516 575
516 576
516 577
516 578
517 517
517 520
517 570
517 571
517 573
517 574
517 576
517 577
518 518
518 519
518 521
518 570
518 572
518 575
518 576
518 578
519 519
519 520
519 522
519 524
519 573
519 574
519 575
519 576
519 577
519 578
519 579
519 580
519 581
520 520
520 523
520 573
520 574
520 576
520 577
520 579
520 580
521 521
521 522
521 524
521 573
521 575
521 578
521 579
521 581
522 522
522 523
522 525
522 527
522 576
522 577
522 578
522 579
522 580
522 581
522 582
522 583
522 584
523 523
523 526
523 576
523 577
523 579
523 580
523 582
523 583
524 524
524 525
524 527
524 576
524 578
524 581
524 582
524 584
525 525
525 526
525 528
525 530
525 579
525 580
525 581
525 582
525 583
525 584
525 585
525 586
525 587
526 526
526 529
526 579
526 580
526 582
526 583
526 585
526 586
527 527
527 528
527 530
527 579
527 581
527 584
527 585
527 587
528 528
528 529
528 531
528 533
528 582
528 583
528 584
528 585
528 586
528 587
528 588
528 589
528 590
529 529
529 532
529 582
529 583
529 585
529 586
529 588
529 589
530 530
530 531
530 533
530 582
530 584
530 587
530 588
530 590
531 531
531 532
531 534
531 536
531 585
531 586
531 587
531 588
531 589
531 590
531 591
531 592
531 593
532 532
532 535
532 585
532 586
532 588
532 589
532 591
532 592
533 533
533 534
533 536
533 585
533 587
533 590
533 591
533 593
534 534
534 535
534 537
534 539
534 588
534 589
534 590
534 591
534 592
534 593
534 594
534 595
534 596
535 535
535 538
535 588
535 589
535 591
535 592
535 594
535 595
536 536
536 537
536 539
536 588
536 590
536 593
536 594
536 596
537 537
537 538
537 540
537 542
537 591
537 592
537 593
537 594
537 595
537 596
537 597
537 598
537 599
538 538
538 541
538 591
538 592
538 594
538 595
538 597
538 598
539 539
539 540
539 542
539 591
539 593
539 596
539 597
539 599
540 540
540 541
540 543
540 545
540 594
540 595
540 596
540 597
540 598
540 599
540 600
540 601
540 602
541 541
541 544
541 594
541 595
541 597
541 598
541 600
541 601
542 542
542 543
542 545
542 594
542 596
542 599
542 600
542 602
543 543
543 544
543 546
543 548
543 597
543 598
543 599
543 600
543 601
543 602
543 603
543 604
543 605
544 544
544 547
544 597
544 598
544 600
544 601
544 603
544 604
545 545
545 546
545 548
545 597
545 599
545 602
545 603
545 605
546 546
546 547
546 549
546 551
546 600
546 601
546 602
546 603
546 604
546 605
546 606
546 607
546 608
547 547
547 550
547 600
547 601
547 603
547 604
547 606
547 607
548 548
548 549
548 551
548 600
548 602
548 605
548 606
548 608
549 549
549 550
549 552
549 554
549 603
549 604
549 605
549 606
549 607
549 608
549 609
549 610
549 611
550 550
550 553
550 603
550 604
550 606
550 607
550 609
550 610
551 551
551 552
551 554
551 603
551 605
551 608
551 609
551 611
552 552
552 553
552 555
552 557
552 606
552 607
552 608
552 609
552 610
552 611
552 612
552 613
552 614
553 553
553 556
553 606
553 607
553 609
553 610
553 612
553 613
554 554
554 555
554 557
554 606
554 608
554 611
554 612
554 614
555 555
555 556
555 558
555 560
555 609
555 610
555 611
555 612
555 613
555 614
555 615
555 616
555 617
556 556
556 559
556 609
556 610
556 612
556 613
556 615
556 616
557 557
557 558
557 560
557 609
557 611
557 614
557 615
557 617
558 558
558 559
558 561
558 563
558 612
558 613
558 614
558 615
558 616
558 617
558 618
558 619
558 620
559 559
559 562
559 612
559 613
559 615
559 616
559 618
559 619
560 560
560 561
560 563
560 612
560 614
560 617
560 618
560 620
561 561
561 562
561 564
561 566
561 615
561 616
561 617
561 618
561 619
561 620
561 621
561 622
561 623
562 562
562 565
562 615
562 616
562 618
562 619
562 621
562 622
563 563
563 564
563 566
563 615
563 617
563 620
563 621
563 623
564 564
564 565
564 567
564 569
564 618
564 619
564 620
564 621
564 622
564 623
564 624
564 625
564 626
565 565
565 568
565 618
565 619
565 621
565 622
565 624
565 625
566 566
566 567
566 569
566 618
566 620
566 623
566 624
566 626
567 567
567 568
567 621
567 622
567 623
567 624
567 625
567 626
568 568
568 621
568 622
568 624
568 625
569 569
569 621
569 623
569 626
570 570
570 571
570 573
570 575
570 627
570 628
570 629
570 630
570 631
570 632
571 571
571 574
571 627
571 628
571 630
571 631
572 572
572 573
572 575
572 629
572 630
572 632
573 573
573 574
573 576
573 578
573 627
573 628
573 629
573 630
573 631
573 632
573 633
573 634
573 635
574 574
574 577
574 627
574 628
574 630
574 631
574 633
574 634
575 575
575 576
575 578
575 627
575 629
575 632
575 633
575 635
576 576
576 577
576 579
576 581
576 630
576 631
576 632
576 633
576 634
576 635
576 636
576 637
576 638
577 577
577 580
577 630
577 631
577 633
577 634
577 636
577 637
578 578
578 579
578 581
578 630
578 632
578 635
578 636
578 638
579 579
579 580
579 582
579 584
579 633
579 634
579 635
579 636
579 637
579 638
579 639
579 640
579 641
580 580
580 583
580 633
580 634
580 636
580 637
580 639
580 640
581 581
581 582
581 584
581 633
581 635
581 638
581 639
581 641
582 582
582 583
582 585
582 587
582 636
582 637
582 638
582 639
582 640
582 641
582 642
582 643
582 644
583 583
583 586
583 636
583 637
583 639
583 640
583 642
583 643
584 584
584 585
584 587
584 636
584 638
584 641
584 642
584 644
585 585
585 586
585 588
585 590
585 639
585 640
585 641
585 642
585 643
585 644
585 645
585 646
585 647
586 586
586 589
586 639
586 640
586 642
586 643
586 645
586 646
587 587
587 588
587 590
587 639
587 641
587 644
587 645
587 647
588 588
588 589
588 591
588 593
588 642
588 643
588 644
588 645
588 646
588 647
588 648
588 649
588 650
589 589
589 592
589 642
589 643
589 645
589 646
589 648
589 649
590 590
590 591
590 593
590 642
590 644
590 647
590 648
590 650
591 591
591 592
591 594
591 596
591 645
591 646
591 647
591 648
591 649
591 650
591 651
591 652
591 653
592 592
592 595
592 645
592 646
592 648
592 649
592 651
592 652
593 593
593 594
593 596
593 645
593 647
593 650
593 651
593 653
594 594
594 595
594 597
594 599
594 648
594 649
594 650
594 651
594 652
594 653
594 654
594 655
594 656
595 595
595 598
595 648
595 649
595 651
595 652
595 654
595 655
596 596
596 597
596 599
596 648
596 650
596 653
596 654
596 656
597 597
597 598
597 600
597 602
597 651
597 652
597 653
597 654
597 655
597 656
597 657
597 658
597 659
598 598
598 601
598 651
598 652
598 654
598 655
598 657
598 658
599 599
599 600
599 602
599 651
599 653
599 656
599 657
599 659
600 600
600 601
600 603
600 605
600 654
600 655
600 656
600 657
600 658
600 659
600 660
600 661
600 662
601 601
601 604
601 654
601 655
601 657
601 658
601 660
601 661
602 602
602 603
602 605
602 654
602 656
602 659
602 660
602 662
603 603
603 604
603 606
603 608
603 657
603 658
603 659
603 660
603 661
603 662
603 663
603 664
603 665
604 604
604 607
604 657
604 658
604 660
604 661
604 663
604 664
605 605
605 606
605 608
605 657
605 659
605 662
605 663
605 665
606 606
606 607
606 609
606 611
606 660
606 661
606 662
606 663
606 664
606 665
606 666
606 667
606 668
607 607
607 610
607 660
607 661
607 663
607 664
607 666
607 667
608 608
608 609
608 611
608 660
608 662
608 665
608 666
608 668
609 609
609 610
609 612
609 614
609 663
609 664
609 665
609 666
609 667
609 668
609 669
609 670
609 671
610 610
610 613
610 663
610 664
610 666
610 667
610 669
610 670
611 611
611 612
611 614
611 663
611 665
611 668
611 669
611 671
612 612
612 613
612 615
612 617
612 666
612 667
612 668
612 669
612 670
612 671
612 672
612 673
612 674
613 613
613 616
613 666
613 667
613 669
613 670
613 672
613 673
614 614
614 615
614 617
614 666
614 668
614 671
614 672
614 674
615 615
615 616
615 618
615 620
615 669
615 670
615 671
615 672
615 673
615 674
615 675
615 676
615 677
616 616
616 619
616 669
616 670
616 672
616 673
616 675
616 676
617 617
617 618
617 620
617 669
617 671
617 674
617 675
617 677
618 618
618 619
618 621
618 623
618 672
618 673
618 674
618 675
618 676
618 677
618 678
618 679
618 680
619 619
619 622
619 672
619 673
619 675
619 676
619 678
619 679
620 620
620 621
620 623
620 672
620 674
620 677
620 678
620 680
621 621
621 622
621 624
621 626
621 675
621 676
621 677
621 678
621 679
621 680
621 681
621 682
621 683
622 622
622 625
622 675
622 676
622 678
622 679
622 681
622 682
623 623
623 624
623 626
623 675
623 677
623 680
623 681
623 683
624 624
624 625
624 678
624 679
624 680
624 681
624 682
624 683
625 625
625 678
625 679
625 681
625 682
626 626
626 678
626 680
626 683
627 627
627 628
627 630
627 632
627 684
627 685
627 686
627 687
627 688
627 689
628 628
628 631
628 684
628 685
628 687
628 688
629 629
629 630
629 632
629 686
629 687
629 689
630 630
630 631
630 633
630 635
630 684
630 685
630 686
630 687
630 688
630 689
630 690
630 691
630 692
631 631
631 634
631 684
631 685
631 687
631 688
631 690
631 691
632 632
632 633
632 635
632 684
632 686
632 689
632 690
632 692
633 633
633 634
633 636
633 638
633 687
633 688
633 689
633 690
633 691
633 692
633 693
633 694
633 695
634 634
634 637
634 687
634 688
634 690
634 691
634 693
634 694
635 635
635 636
635 638
635 687
635 689
635 692
635 693
635 695
636 636
636 637
636 639
636 641
636 690
636 691
636 692
636 693
636 694
636 695
636 696
636 697
636 698
637 637
637 640
637 690
637 691
637 693
637 694
637 696
637 697
638 638
638 639
638 641
638 690
638 692
638 695
638 696
638 698
639 639
639 640
639 642
639 644
639 693
639 694
639 695
639 696
639 697
639 698
639 699
639 700
639 701
640 640
640 643
640 693
640 694
640 696
640 697
640 699
640 700
641 641
641 642
641 644
641 693
641 695
641 698
641 699
641 701
642 642
642 643
642 645
642 647
642 696
642 697
642 698
642 699
642 700
642 701
642 702
642 703
642 704
643 643
643 646
643 696
643 697
643 699
643 700
643 702
643 703
644 644
644 645
644 647
644 696
644 698
644 701
644 702
644 704
645 645
645 646
645 648
645 650
645 699
645 700
645 701
645 702
645 703
645 704
645 705
645 706
645 707
646 646
646 649
646 699
646 700
646 702
646 703
646 705
646 706
647 647
647 648
647 650
647 699
647 701
647 704
647 705
647 707
648 648
648 649
648 651
648 653
648 702
648 703
648 704
648 705
648 706
648 707
648 708
648 709
648 710
649 649
649 652
649 702
649 703
649 705
649 706
649 708
649 709
650 650
650 651
650 653
650 702
650 704
650 707
650 708
650 710
651 651
651 652
651 654
651 656
651 705
651 706
651 707
651 708
651 709
651 710
651 711
651 712
651 713
652 652
652 655
652 705
652 706
652 708
652 709
652 711
652 712
653 653
653 654
653 656
653 705
653 707
653 710
653 711
653 713
654 654
654 655
654 657
654 659
654 708
654 709
654 710
654 711
654 712
654 713
654 714
654 715
654 716
655 655
655 658
655 708
655 709
655 711
655 712
655 714
655 715
656 656
656 657
656 659
656 708
656 710
656 713
656 714
656 716
657 657
657 658
657 660
657 662
657 711
657 712
657 713
657 714
657 715
657 716
657 717
657 718
657 719
658 658
658 661
658 711
658 712
658 714
658 715
658 717
658 718
659 659
659 660
659 662
659 711
659 713
659 716
659 717
659 719
660 660
660 661
660 663
660 665
660 714
660 715
660 716
660 717
660 718
660 719
660 720
660 721
660 722
661 661
661 664
661 714
661 715
661 717
661 718
661 720
661 721
662 662
662 663
662 665
662 714
662 716
662 719
662 720
662 722
663 663
663 664
663 666
663 668
663 717
663 718
663 719
663 720
663 721
663 722
663 723
663 724
663 725
664 664
664 667
664 717
664 718
664 720
664 721
664 723
664 724
665 665
665 666
665 668
665 717
665 719
665 722
665 723
665 725
666 666
666 667
666 669
666 671
666 720
666 721
666 722
666 723
666 724
666 725
666 726
666 727
666 728
667 667
667 670
667 720
667 721
667 723
667 724
667 726
667 727
668 668
668 669
668 671
668 720
668 722
668 725
668 726
668 728
669 669
669 670
669 672
669 674
669 723
669 724
669 725
669 726
669 727
669 728
669 729
669 730
669 731
670 670
670 673
670 723
670 724
670 726
670 727
670 729
670 730
671 671
671 672
671 674
671 723
671 725
671 728
671 729
671 731
672 672
672 673
672 675
672 677
672 726
672 727
672 728
672 729
672 730
672 731
672 732
672 733
672 734
673 673
673 676
673 726
673 727
673 729
673 730
673 732
673 733
674 674
674 675
674 677
674 726
674 728
674 731
674 732
674 734
675 675
675 676
675 678
675 680
675 729
675 730
675 731
675 732
675 733
675 734
675 735
675 736
675 737
676 676
676 679
676 729
676 730
676 732
676 733
676 735
676 736
677 677
677 678
677 680
677 729
677 731
677 734
677 735
677 737
678 678
678 679
678 681
678 683
678 732
678 733
678 734
678 735
678 736
678 737
678 738
678 739
678 740
679 679
679 682
679 732
679 733
679 735
679 736
679 738
679 739
680 680
680 681
680 683
680 732
680 734
680 737
680 738
680 740
681 681
681 682
681 735
681 736
681 737
681 738
681 739
681 740
682 682
682 735
682 736
682 738
682 739
683 683
683 735
683 737
683 740
684 684
684 685
684 687
684 689
684 741
684 742
684 743
684 744
684 745
684 746
685 685
685 688
685 741
685 742
685 744
685 745
686 686
686 687
686 689
686 743
686 744
686 746
687 687
687 688
687 690
687 692
687 741
687 742
687 743
687 744
687 745
687 746
687 747
687 748
687 749
688 688
688 691
688 741
688 742
688 744
688 745
688 747
688 748
689 689
689 690
689 692
689 741
689 743
689 746
689 747
689 749
690 690
690 691
690 693
690 695
690 744
690 745
690 746
690 747
690 748
690 749
690 750
690 751
690 752
691 691
691 694
691 744
691 745
691 747
691 748
691 750
691 751
692 692
692 693
692 695
692 744
692 746
692 749
692 750
692 752
693 693
693 694
693 696
693 698
693 747
693 748
693 749
693 750
693 751
693 752
693 753
693 754
693 755
694 694
694 697
694 747
694 748
694 750
694 751
694 753
694 754
695 695
695 696
695 698
695 747
695 749
695 752
695 753
695 755
696 696
696 697
696 699
696 701
696 750
696 751
696 752
696 753
696 754
696 755
696 756
696 757
696 758
697 697
697 700
697 750
697 751
697 753
697 754
697 756
697 757
698 698
698 699
698 701
698 750
698 752
698 755
698 756
698 758
699 699
699 700
699 702
699 704
699 753
699 754
699 755
699 756
699 757
699 758
699 759
699 760
699 761
700 700
700 703
700 753
700 754
700 756
700 757
700 759
700 760
701 701
701 702
701 704
701 753
701 755
701 758
701 759
701 761
702 702
702 703
702 705
702 707
702 756
702 757
702 758
702 759
702 760
702 761
702 762
702 763
702 764
703 703
703 706
703 756
703 757
703 759
703 760
703 762
703 763
704 704
704 705
704 707
704 756
704 758
704 761
704 762
704 764
705 705
705 706
705 708
705 710
705 759
705 760
705 761
705 762
705 763
705 764
705 765
705 766
705 767
706 706
706 709
706 759
706 760
706 762
706 763
706 765
706 766
707 707
707 708
707 710
707 759
707 761
707 764
707 765
707 767
708 708
708 709
708 711
708 713
708 762
708 763
708 764
708 765
708 766
708 767
708 768
708 769
708 770
709 709
709 712
709 762
709 763
709 765
709 766
709 768
709 769
710 710
710 711
710 713
710 762
710 764
710 767
710 768
710 770
711 711
711 712
711 714
711 716
711 765
711 766
711 767
711 768
711 769
711 770
711 771
711 772
711 773
712 712
712 715
712 765
712 766
712 768
712 769
712 771
712 772
713 713
713 714
713 716
713 765
713 767
713 770
713 771
713 773
714 714
714 715
714 717
714 719
714 768
714 769
714 770
714 771
714 772
714 773
714 774
714 775
714 776
715 715
715 718
715 768
715 769
715 771
715 772
715 774
715 775
716 716
716 717
716 719
716 768
716 770
716 773
716 774
716 776
717 717
717 718
717 720
717 722
717 771
717 772
717 773
717 774
717 775
717 776
717 777
717 778
717 779
718 718
718 721
718 771
718 772
718 774
718 775
718 777
718 778
719 719
719 720
719 722
719 771
719 773
719 776
719 777
719 779
720 720
720 721
720 723
720 725
720 774
720 775
720 776
720 777
720 778
720 779
720 780
720 781
720 782
721 721
721 724
721 774
721 775
721 777
721 778
721 780
721 781
722 722
722 723
722 725
722 774
722 776
722 779
722 780
722 782
723 723
723 724
723 726
723 728
723 777
723 778
723 779
723 780
723 781
723 782
723 783
723 784
723 785
724 724
724 727
724 777
724 778
724 780
724 781
724 783
724 784
725 725
725 726
725 728
725 777
725 779
725 782
725 783
725 785
726 726
726 727
726 729
726 731
726 780
726 781
726 782
726 783
726 784
726 785
726 786
726 787
726 788
727 727
727 730
727 780
727 781
727 783
727 784
727 786
727 787
728 728
728 729
728 731
728 780
728 782
728 785
728 786
728 788
729 729
729 730
729 732
729 734
729 783
729 784
729 785
729 786
729 787
729 788
729 789
729 790
729 791
730 730
730 733
730 783
730 784
730 786
730 787
730 789
730 790
731 731
731 732
731 734
731 783
731 785
731 788
731 789
731 791
732 732
732 733
732 735
732 737
732 786
732 787
732 788
732 789
732 790
732 791
732 792
732 793
732 794
733 733
733 736
733 786
733 787
733 789
733 790
733 792
733 793
734 734
734 735
734 737
734 786
734 788
734 791
734 792
734 794
735 735
735 736
735 738
735 740
735 789
735 790
735 791
735 792
735 793
735 794
735 795
735 796
735 797
736 736
736 739
736 789
736 790
736 792
736 793
736 795
736 796
737 737
737 738
737 740
737 789
737 791
737 794
737 795
737 797
738 738
738 739
738 792
738 793
738 794
738 795
738 796
738 797
739 739
739 792
739 793
739 795
739 796
740 740
740 792
740 794
740 797
741 741
741 742
741 744
741 746
741 798
741 799
741 800
741 801
741 802
741 803
742 742
742 745
742 798
742 799
742 801
742 802
743 743
743 744
743 746
743 800
743 801
743 803
744 744
744 745
744 747
744 749
744 798
744 799
744 800
744 801
744 802
744 803
744 804
744 805
744 806
745 745
745 748
745 798
745 799
745 801
745 802
745 804
745 805
746 746
746 747
746 749
746 798
746 800
746 803
746 804
746 806
747 747
747 748
747 750
747 752
747 801
747 802
747 803
747 804
747 805
747 806
747 807
747 808
747 809
748 748
748 751
748 801
748 802
748 804
748 805
748 807
748 808
749 749
749 750
749 752
749 801
749 803
749 806
749 807
749 809
750 750
750 751
750 753
750 755
750 804
750 805
750 806
750 807
750 808
750 809
750 810
750 811
750 812
751 751
751 754
751 804
751 805
751 807
751 808
751 810
751 811
752 752
752 753
752 755
752 804
752 806
752 809
752 810
752 812
753 753
753 754
753 756
753 758
753 807
753 808
753 809
753 810
753 811
753 812
753 813
753 814
753 815
754 754
754 757
754 807
754 808
754 810
754 811
754 813
754 814
755 755
755 756
755 758
755 807
755 809
755 812
755 813
755 815
756 756
756 757
756 759
756 761
756 810
756 811
756 812
756 813
756 814
756 815
756 816
756 817
756 818
757 757
757 760
757 810
757 811
757 813
757 814
757 816
757 817
758 758
758 759
758 761
758 810
758 812
758 815
758 816
758 818
759 759
759 760
759 762
759 764
759 813
759 814
759 815
759 816
759 817
759 818
759 819
759 820
759 821
760 760
760 763
760 813
760 814
760 816
760 817
760 819
760 820
761 761
761 762
761 764
761 813
761 815
761 818
761 819
761 821
762 762
762 763
762 765
762 767
762 816
762 817
762 818
762 819
762 820
762 821
762 822
762 823
762 824
763 763
763 766
763 816
763 817
763 819
763 820
763 822
763 823
764 764
764 765
764 767
764 816
764 818
764 821
764 822
764 824
765 765
765 766
765 768
765 770
765 819
765 820
765 821
765 822
765 823
765 824
765 825
765 826
765 827
766 766
766 769
766 819
766 820
766 822
766 823
766 825
766 826
767 767
767 768
767 770
767 819
767 821
767 824
767 825
767 827
768 768
768 769
768 771
768 773
768 822
768 823
768 824
768 825
768 826
768 827
768 828
768 829
768 830
769 769
769 772
769 822
769 823
769 825
769 826
769 828
769 829
770 770
770 771
770 773
770 822
770 824
770 827
770 828
770 830
771 771
771 772
771 774
771 776
771 825
771 826
771 827
771 828
771 829
771 830
771 831
771 832
771 833
772 772
772 775
772 825
772 826
772 828
772 829
772 831
772 832
773 773
773 774
773 776
773 825
773 827
773 830
773 831
773 833
774 774
774 775
774 777
774 779
774 828
774 829
774 830
774 831
774 832
774 833
774 834
774 835
774 836
775 775
775 778
775 828
775 829
775 831
775 832
775 834
775 835
776 776
776 777
776 779
776 828
776 830
776 833
776 834
776 836
777 777
777 778
777 780
777 782
777 831
777 832
777 833
777 834
777 835
777 836
777 837
777 838
777 839
778 778
778 781
778 831
778 832
778 834
778 835
778 837
778 838
779 779
779 780
779 782
779 831
779 833
779 836
779 837
779 839
780 780
780 781
780 783
780 785
780 834
780 835
780 836
780 837
780 838
780 839
780 840
780 841
780 842
781 781
781 784
781 834
781 835
781 837
781 838
781 840
781 841
782 782
782 783
782 785
782 834
782 836
782 839
782 840
782 842
783 783
783 784
783 786
783 788
783 837
783 838
783 839
783 840
783 841
783 842
783 843
783 844
783 845
784 784
784 787
784 837
784 838
784 840
784 841
784 843
784 844
785 785
785 786
785 788
785 837
785 839
785 842
785 843
785 845
786 786
786 787
786 789
786 791
786 840
786 841
786 842
786 843
786 844
786 845
786 846
786 847
786 848
787 787
787 790
787 840
787 841
787 843
787 844
787 846
787 847
788 788
788 789
788 791
788 840
788 842
788 845
788 846
788 848
789 789
789 790
789 792
789 794
789 843
789 844
789 845
789 846
789 847
789 848
789 849
789 850
789 851
790 790
790 793
790 843
790 844
790 846
790 847
790 849
790 850
791 791
791 792
791 794
791 843
791 845
791 848
791 849
791 851
792 792
792 793
792 795
792 797
792 846
792 847
792 848
792 849
792 850
792 851
792 852
792 853
792 854
793 793
793 796
793 846
793 847
793 849
793 850
793 852
793 853
794 794
794 795
794 797
794 846
794 848
794 851
794 852
794 854
795 795
795 796
795 849
795 850
795 851
795 852
795 853
795 854
796 796
796 849
796 850
796 852
796 853
797 797
797 849
797 851
797 854
798 798
798 799
798 801
798 803
798 855
798 856
798 857
798 858
798 859
798 860
799 799
799 802
799 855
799 856
799 858
799 859
800 800
800 801
800 803
800 857
800 858
800 860
801 801
801 802
801 804
801 806
801 855
801 856
801 857
801 858
801 859
801 860
801 861
801 862
801 863
802 802
802 805
802 855
802 856
802 858
802 859
802 861
802 862
803 803
803 804
803 806
803 855
803 857
803 860
803 861
803 863
804 804
804 805
804 807
804 809
804 858
804 859
804 860
804 861
804 862
804 863
804 864
804 865
804 866
805 805
805 808
805 858
805 859
805 861
805 862
805 864
805 865
806 806
806 807
806 809
806 858
806 860
806 863
806 864
806 866
807 807
807 808
807 810
807 812
807 861
807 862
807 863
807 864
807 865
807 866
807 867
807 868
807 869
808 808
808 811
808 861
808 862
808 864
808 865
808 867
808 868
809 809
809 810
809 812
809 861
809 863
809 866
809 867
809 869
810 810
810 811
810 813
810 815
810 864
810 865
810 866
810 867
810 868
810 869
810 870
810 871
810 872
811 811
811 814
811 864
811 865
811 867
811 868
811 870
811 871
812 812
812 813
812 815
812 864
812 866
812 869
812 870
812 872
813 813
813 814
813 816
813 818
813 867
813 868
813 869
813 870
813 871
813 872
813 873
813 874
813 875
814 814
814 817
814 867
814 868
814 870
814 871
814 873
814 874
815 815
815 816
815 818
815 867
815 869
815 872
815 873
815 875
816 816
816 817
816 819
816 821
816 870
816 871
816 872
816 873
816 874
816 875
816 876
816 877
816 878
817 817
817 820
817 870
817 871
817 873
817 874
817 876
817 877
818 818
818 819
818 821
818 870
818 872
818 875
818 876
818 878
819 819
819 820
819 822
819 824
819 873
819 874
819 875
819 876
819 877
819 878
819 879
819 880
819 881
820 820
820 823
820 873
820 874
820 876
820 877
820 879
820 880
821 821
821 822
821 824
821 873
821 875
821 878
821 879
821 881
822 822
822 823
822 825
822 827
822 876
822 877
822 878
822 879
822 880
822 881
822 882
822 883
822 884
823 823
823 826
823 876
823 877
823 879
823 880
823 882
823 883
824 824
824 825
824 827
824 876
824 878
824 881
824 882
824 884
825 825
825 826
825 828
825 830
825 879
825 880
825 881
825 882
825 883
825 884
825 885
825 886
825 887
826 826
826 829
826 879
826 880
826 882
826 883
826 885
826 886
827 827
827 828
827 830
827 879
827 881
827 884
827 885
827 887
828 828
828 829
828 831
828 833
828 882
828 883
828 884
828 885
828 886
828 887
828 888
828 889
828 890
829 829
829 832
829 882
829 883
829 885
829 886
829 888
829 889
830 830
830 831
830 833
830 882
830 884
830 887
830 888
830 890
831 831
831 832
831 834
831 836
831 885
831 886
831 887
831 888
831 889
831 890
831 891
831 892
831 893
832 832
832 835
832 885
832 886
832 888
832 889
832 891
832 892
833 833
833 834
833 836
833 885
833 887
833 890
833 891
833 893
834 834
834 835
834 837
834 839
834 888
834 889
834 890
834 891
834 892
834 893
834 894
834 895
834 896
835 835
835 838
835 888
835 889
835 891
835 892
835 894
835 895
836 836
836 837
836 839
836 888
836 890
836 893
836 894
836 896
837 837
837 838
837 840
837 842
837 891
837 892
837 893
837 894
837 895
837 896
837 897
837 898
837 899
838 838
838 841
838 891
838 892
838 894
838 895
838 897
838 898
839 839
839 840
839 842
839 891
839 893
839 896
839 897
839 899
840 840
840 841
840 843
840 845
840 894
840 895
840 896
840 897
840 898
840 899
840 900
840 901
840 902
841 841
841 844
841 894
841 895
841 897
841 898
841 900
841 901
842 842
842 843
842 845
842 894
842 896
842 899
842 900
842 902
843 843
843 844
843 846
843 848
843 897
843 898
843 899
843 900
843 901
843 902
843 903
843 904
843 905
844 844
844 847
844 897
844 898
844 900
844 901
844 903
844 904
845 845
845 846
845 848
845 897
845 899
845 902
845 903
845 905
846 846
846 847
846 849
846 851
846 900
846 901
846 902
846 903
846 904
846 905
846 906
846 907
846 908
847 847
847 850
847 900
847 901
847 903
847 904
847 906
847 907
848 848
848 849
848 851
848 900
848 902
848 905
848 906
848 908
849 849
849 850
849 852
849 854
849 903
849 904
849 905
849 906
849 907
849 908
849 909
849 910
849 911
850 850
850 853
850 903
850 904
850 906
850 907
850 909
850 910
851 851
851 852
851 854
851 903
851 905
851 908
851 909
851 911
852 852
852 853
852 906
852 907
852 908
852 909
852 910
852 911
853 853
853 906
853 907
853 909
853 910
854 854
854 906
854 908
854 911
855 855
855 856
855 858
855 860
855 912
855 913
855 914
855 915
855 916
855 917
856 856
856 859
856 912
856 913
856 915
856 916
857 857
857 858
857 860
857 914
857 915
857 917
858 858
858 859
858 861
858 863
858 912
858 913
858 914
858 915
858 916
858 917
858 918
858 919
858 920
859 859
859 862
859 912
859 913
859 915
859 916
859 918
859 919
860 860
860 861
860 863
860 912
860 914
860 917
860 918
860 920
861 861
861 862
861 864
861 866
861 915
861 916
861 917
861 918
861 919
861 920
861 921
861 922
861 923
862 862
862 865
862 915
862 916
862 918
862 919
862 921
862 922
863 863
863 864
863 866
863 915
863 917
863 920
863 921
863 923
864 864
864 865
864 867
864 869
864 918
864 919
864 920
864 921
864 922
864 923
864 924
864 925
864 926
865 865
865 868
865 918
865 919
865 921
865 922
865 924
865 925
866 866
866 867
866 869
866 918
866 920
866 923
866 924
866 926
867 867
867 868
867 870
867 872
867 921
867 922
867 923
867 924
867 925
867 926
867 927
867 928
867 929
868 868
868 871
868 921
868 922
868 924
868 925
868 927
868 928
869 869
869 870
869 872
869 921
869 923
869 926
869 927
869 929
870 870
870 871
870 873
870 875
870 924
870 925
870 926
870 927
870 928
870 929
870 930
870 931
870 932
871 871
871 874
871 924
871 925
871 927
871 928
871 930
871 931
872 872
872 873
872 875
872 924
872 926
872 929
872 930
872 932
873 873
873 874
873 876
873 878
873 927
873 928
873 929
873 930
873 931
873 932
873 933
873 934
873 935
874 874
874 877
874 927
874 928
874 930
874 931
874 933
874 934
875 875
875 876
875 878
875 927
875 929
875 932
875 933
875 935
876 876
876 877
876 879
876 881
876 930
876 931
876 932
876 933
876 934
876 935
876 936
876 937
876 938
877 877
877 880
877 930
877 931
877 933
877 934
877 936
877 937
878 878
878 879
878 881
878 930
878 932
878 935
878 936
878 938
879 879
879 880
879 882
879 884
879 933
879 934
879 935
879 936
879 937
879 938
879 939
879 940
879 941
880 880
880 883
880 933
880 934
880 936
880 937
880 939
880 940
881 881
881 882
881 884
881 933
881 935
881 938
881 939
881 941
882 882
882 883
882 885
882 887
882 936
882 937
882 938
882 939
882 940
882 941
882 942
882 943
882 944
883 883
883 886
883 936
883 937
883 939
883 940
883 942
883 943
884 884
884 885
884 887
884 936
884 938
884 941
884 942
884 944
885 885
885 886
885 888
885 890
885 939
885 940
885 941
885 942
885 943
885 944
885 945
885 946
885 947
886 886
886 889
886 939
886 940
886 942
886 943
886 945
886 946
887 887
887 888
887 890
887 939
887 941
887 944
887 945
887 947
888 888
888 889
888 891
888 893
888 942
888 943
888 944
888 945
888 946
888 947
888 948
888 949
888 950
889 889
889 892
889 942
889 943
889 945
889 946
889 948
889 949
890 890
890 891
890 893
890 942
890 944
890 947
890 948
890 950
891 891
891 892
891 894
891 896
891 945
891 946
891 947
891 948
891 949
891 950
891 951
891 952
891 953
892 892
892 895
892 945
892 946
892 948
892 949
892 951
892 952
893 893
893 894
893 896
893 945
893 947
893 950
893 951
893 953
894 894
894 895
894 897
894 899
894 948
894 949
894 950
894 951
894 952
894 953
894 954
894 955
894 956
895 895
895 898
895 948
895 949
895 951
895 952
895 954
895 955
896 896
896 897
896 899
896 948
896 950
896 953
896 954
896 956
897 897
897 898
897 900
897 902
897 951
897 952
897 953
897 954
897 955
897 956
897 957
897 958
897 959
898 898
898 901
898 951
898 952
898 954
898 955
898 957
898 958
899 899
899 900
899 902
899 951
899 953
899 956
899 957
899 959
900 900
900 901
900 903
900 905
900 954
900 955
900 956
900 957
900 958
900 959
900 960
900 961
900 962
901 901
901 904
901 954
901 955
901 957
901 958
901 960
901 961
902 902
902 903
902 905
902 954
902 956
902 959
902 960
902 962
903 903
903 904
903 906
903 908
903 957
903 958
903 959
903 960
903 961
903 962
903 963
903 964
903 965
904 904
904 907
904 957
904 958
904 960
904 961
904 963
904 964
905 905
905 906
905 908
905 957
905 959
905 962
905 963
905 965
906 906
906 907
906 909
906 911
906 960
906 961
906 962
906 963
906 964
906 965
906 966
906 967
906 968
907 907
907 910
907 960
907 961
907 963
907 964
907 966
907 967
908 908
908 909
908 911
908 960
908 962
908 965
908 966
908 968
909 909
909 910
909 963
909 964
909 965
909 966
909 967
909 968
910 910
910 963
910 964
910 966
910 967
911 911
911 963
911 965
911 968
912 912
912 913
912 915
912 917
912 969
912 970
912 971
912 972
912 973
912 974
913 913
913 916
913 969
913 970
913 972
913 973
914 914
914 915
914 917
914 971
914 972
914 974
915 915
915 916
915 918
915 920
915 969
915 970
915 971
915 972
915 973
915 974
915 975
915 976
915 977
916 916
916 919
916 969
916 970
916 972
916 973
916 975
916 976
917 917
917 918
917 920
917 969
917 971
917 974
917 975
917 977
918 918
918 919
918 921
918 923
918 972
918 973
918 974
918 975
918 976
918 977
918 978
918 979
918 980
919 919
919 922
919 972
919 973
919 975
919 976
919 978
919 979
920 920
920 921
920 923
920 972
920 974
920 977
920 978
920 980
921 921
921 922
921 924
921 926
921 975
921 976
921 977
921 978
921 979
921 980
921 981
921 982
921 983
922 922
922 925
922 975
922 976
922 978
922 979
922 981
922 982
923 923
923 924
923 926
923 975
923 977
923 980
923 981
923 983
924 924
924 925
924 927
924 929
924 978
924 979
924 980
924 981
924 982
924 983
924 984
924 985
924 986
925 925
925 928
925 978
925 979
925 981
925 982
925 984
925 985
926 926
926 927
926 929
926 978
926 980
926 983
926 984
926 986
927 927
927 928
927 930
927 932
927 981
927 982
927 983
927 984
927 985
927 986
927 987
927 988
927 989
928 928
928 931
928 981
928 982
928 984
928 985
928 987
928 988
929 929
929 930
929 932
929 981
929 983
929 986
929 987
929 989
930 930
930 931
930 933
930 935
930 984
930 985
930 986
930 987
930 988
930 989
930 990
930 991
930 992
931 931
931 934
931 984
931 985
931 987
931 988
931 990
931 991
932 932
932 933
932 935
932 984
932 986
932 989
932 990
932 992
933 933
933 934
933 936
933 938
933 987
933 988
933 989
933 990
933 991
933 992
933 993
933 994
933 995
934 934
934 937
934 987
934 988
934 990
934 991
934 993
934 994
935 935
935 936
935 938
935 987
935 989
935 992
935 993
935 995
936 936
936 937
936 939
936 941
936 990
936 991
936 992
936 993
936 994
936 995
936 996
936 997
936 998
937 937
937 940
937 990
937 991
937 993
937 994
937 996
937 997
938 938
938 939
938 941
938 990
938 992
938 995
938 996
938 998
939 939
939 940
939 942
939 944
939 993
939 994
939 995
939 996
939 997
939 998
939 999
939 1000
939 1001
940 940
940 943
940 993
940 994
940 996
940 997
940 999
940 1000
941 941
941 942
941 944
941 993
941 995
941 998
941 999
941 1001
942 942
942 943
942 945
942 947
942 996
942 997
942 998
942 999
942 1000
942 1001
942 1002
942 1003
942 1004
943 943
943 946
943 996
943 997
943 999
943 1000
943 1002
943 1003
944 944
944 945
944 947
944 996
944 998
944 1001
944 1002
944 1004
945 945
945 946
945 948
945 950
945 999
945 1000
945 1001
945 1002
945 1003
945 1004
945 1005
945 1006
945 1007
946 946
946 949
946 999
946 1000
946 1002
946 1003
946 1005
946 1006
947 947
947 948
947 950
947 999
947 1001
947 1004
947 1005
947 1007
948 948
948 949
948 951
948 953
948 1002
948 1003
948 1004
948 1005
948 1006
948 1007
948 1008
948 1009
948 1010
949 949
949 952
949 1002
949 1003
949 1005
949 1006
949 1008
949 1009
950 950
950 951
950 953
950 1002
950 1004
950 1007
950 1008
950 1010
951 951
951 952
951 954
951 956
951 1005
951 1006
951 1007
951 1008
951 1009
951 1010
951 1011
951 1012
951 1013
952 952
952 955
952 1005
952 1006
952 1008
952 1009
952 1011
952 1012
953 953
953 954
953 956
953 1005
953 1007
953 1010
953 1011
953 1013
954 954
954 955
954 957
954 959
954 1008
954 1009
954 1010
954 1011
954 1012
954 1013
954 1014
954 1015
954 1016
955 955
955 958
955 1008
955 1009
955 1011
955 1012
955 1014
955 1015
956 956
956 957
956 959
956 1008
956 1010
956 1013
956 1014
956 1016
957 957
957 958
957 960
957 962
957 1011
957 1012
957 1013
957 1014
957 1015
957 1016
957 1017
957 1018
957 1019
958 958
958 961
958 1011
958 1012
958 1014
958 1015
958 1017
958 1018
959 959
959 960
959 962
959 1011
959 1013
959 1016
959 1017
959 1019
960 960
960 961
960 963
960 965
960 1014
960 1015
960 1016
960 1017
960 1018
960 1019
960 1020
960 1021
960 1022
961 961
961 964
961 1014
961 1015
961 1017
961 1018
961 1020
961 1021
962 962
962 963
962 965
962 1014
962 1016
962 1019
962 1020
962 1022
963 963
963 964
963 966
963 968
963 1017
963 1018
963 1019
963 1020
963 1021
963 1022
963 1023
963 1024
963 1025
964 964
964 967
964 1017
964 1018
964 1020
964 1021
964 1023
964 1024
965 965
965 966
965 968
965 1017
965 1019
965 1022
965 1023
965 1025
966 966
966 967
966 1020
966 1021
966 1022
966 1023
966 1024
966 1025
967 967
967 1020
967 1021
967 1023
967 1024
968 968
968 1020
968 1022
968 1025
969 969
969 970
969 972
969 974
969 1026
969 1027
969 1028
969 1029
969 1030
969 1031
970 970
970 973
970 1026
970 1027
970 1029
970 1030
971 971
971 972
971 974
971 1028
971 1029
971 1031
972 972
972 973
972 975
972 977
972 1026
972 1027
972 1028
972 1029
972 1030
972 1031
972 1032
972 1033
972 1034
973 973
973 976
973 1026
973 1027
973 1029
973 1030
973 1032
973 1033
974 974
974 975
974 977
974 1026
974 1028
974 1031
974 1032
974 1034
975 975
975 976
975 978
975 980
975 1029
975 1030
975 1031
975 1032
975 1033
975 1034
975 1035
975 1036
975 1037
976 976
976 979
976 1029
976 1030
976 1032
976 1033
976 1035
976 1036
977 977
977 978
977 980
977 1029
977 1031
977 1034
977 1035
977 1037
978 978
978 979
978 981
978 983
978 1032
978 1033
978 1034
978 1035
978 1036
978 1037
978 1038
978 1039
978 1040
979 979
979 982
979 1032
979 1033
979 1035
979 1036
979 1038
979 1039
980 980
980 981
980 983
980 1032
980 1034
980 1037
980 1038
980 1040
981 981
981 982
981 984
981 986
981 1035
981 1036
981 1037
981 1038
981 1039
981 1040
981 1041
981 1042
981 1043
982 982
982 985
982 1035
982 1036
982 1038
982 1039
982 1041
982 1042
983 983
983 984
983 986
983 1035
983 1037
983 1040
983 1041
983 1043
984 984
984 985
984 987
984 989
984 1038
984 1039
984 1040
984 1041
984 1042
984 1043
984 1044
984 1045
984 1046
985 985
985 988
985 1038
985 1039
985 1041
985 1042
985 1044
985 1045
986 986
986 987
986 989
986 1038
986 1040
986 1043
986 1044
986 1046
987 987
987 988
987 990
987 992
987 1041
987 1042
987 1043
987 1044
987 1045
987 1046
987 1047
987 1048
987 1049
988 988
988 991
988 1041
988 1042
988 1044
988 1045
988 1047
988 1048
989 989
989 990
989 992
989 1041
989 1043
989 1046
989 1047
989 1049
990 990
990 991
990 993
990 995
990 1044
990 1045
990 1046
990 1047
990 1048
990 1049
990 1050
990 1051
990 1052
991 991
991 994
991 1044
991 1045
991 1047
991 1048
991 1050
991 1051
992 992
992 993
992 995
992 1044
992 1046
992 1049
992 1050
992 1052
993 993
993 994
993 996
993 998
993 1047
993 1048
993 1049
993 1050
993 1051
993 1052
993 1053
993 1054
993 1055
994 994
994 997
994 1047
994 1048
994 1050
994 1051
994 1053
994 1054
995 995
995 996
995 998
995 1047
995 1049
995 1052
995 1053
995 1055
996 996
996 997
996 999
996 1001
996 1050
996 1051
996 1052
996 1053
996 1054
996 1055
996 1056
996 1057
996 1058
997 997
997 1000
997 1050
997 1051
997 1053
997 1054
997 1056
997 1057
998 998
998 999
998 1001
998 1050
998 1052
998 1055
998 1056
998 1058
999 999
999 1000
999 1002
999 1004
999 1053
999 1054
999 1055
999 1056
999 1057
999 1058
999 1059
999 1060
999 1061
1000 1000
1000 1003
1000 1053
1000 1054
1000 1056
1000 1057
1000 1059
1000 1060
1001 1001
1001 1002
1001 1004
1001 1053
1001 1055
1001 1058
1001 1059
1001 1061
1002 1002
1002 1003
1002 1005
1002 1007
1002 1056
1002 1057
1002 1058
1002 1059
1002 1060
1002 1061
1002 1062
1002 1063
1002 1064
1003 1003
1003 1006
1003 1056
1003 1057
1003 1059
1003 1060
1003 1062
1003 1063
1004 1004
1004 1005
1004 1007
1004 1056
1004 1058
1004 1061
1004 1062
1004 1064
1005 1005
1005 1006
1005 1008
1005 1010
1005 1059
1005 1060
1005 1061
1005 1062
1005 1063
1005 1064
1005 1065
1005 1066
1005 1067
1006 1006
1006 1009
1006 1059
1006 1060
1006 1062
1006 1063
1006 1065
1006 1066
1007 1007
1007 1008
1007 1010
1007 1059
1007 1061
1007 1064
1007 1065
1007 1067
1008 1008
1008 1009
1008 1011
1008 1013
1008 1062
1008 1063
1008 1064
1008 1065
1008 1066
1008 1067
1008 1068
1008 1069
1008 1070
1009 1009
1009 1012
1009 1062
1009 1063
1009 1065
1009 1066
1009 1068
1009 1069
1010 1010
1010 1011
1010 1013
1010 1062
1010 1064
1010 1067
1010 1068
1010 1070
1011 1011
1011 1012
1011 1014
1011 1016
1011 1065
1011 1066
1011 1067
1011 1068
1011 1069
1011 1070
1011 1071
1011 1072
1011 1073
1012 1012
1012 1015
1012 1065
1012 1066
1012 1068
1012 1069
1012 1071
1012 1072
1013 1013
1013 1014
1013 1016
1013 1065
1013 1067
1013 1070
1013 1071
1013 1073
1014 1014
1014 1015
1014 1017
1014 1019
1014 1068
1014 1069
1014 1070
1014 1071
1014 1072
1014 1073
1014 1074
1014 1075
1014 1076
1015 1015
1015 1018
1015 1068
1015 1069
1015 1071
1015 1072
1015 1074
1015 1075
1016 1016
1016 1017
1016 1019
1016 1068
1016 1070
1016 1073
1016 1074
1016 1076
1017 1017
1017 1018
1017 1020
1017 1022
1017 1071
1017 1072
1017 1073
1017 1074
1017 1075
1017 1076
1017 1077
1017 1078
1017 1079
1018 1018
1018 1021
1018 1071
1018 1072
1018 1074
1018 1075
1018 1077
1018 1078
1019 1019
1019 1020
1019 1022
1019 1071
1019 1073
1019 1076
1019 1077
1019 1079
1020 1020
1020 1021
1020 1023
1020 1025
1020 1074
1020 1075
1020 1076
1020 1077
1020 1078
1020 1079
1020 1080
1020 1081
1020 1082
1021 1021
1021 1024
1021 1074
1021 1075
1021 1077
1021 1078
1021 1080
1021 1081
1022 1022
1022 1023
1022 1025
1022 1074
1022 1076
1022 1079
1022 1080
1022 1082
1023 1023
1023 1024
1023 1077
1023 1078
1023 1079
1023 1080
1023 1081
1023 1082
1024 1024
1024 1077
1024 1078
1024 1080
1024 1081
1025 1025
1025 1077
1025 1079
1025 1082
1026 1026
1026 1027
1026 1029
1026 1031
1027 1027
1027 1030
1028 1028
1028 1029
1028 1031
1029 1029
1029 1030
1029 1032
1029 1034
1030 1030
1030 1033
1031 1031
1031 1032
1031 1034
1032 1032
1032 1033
1032 1035
1032 1037
1033 1033
1033 1036
1034 1034
1034 1035
1034 1037
1035 1035
1035 1036
1035 1038
1035 1040
1036 1036
1036 1039
1037 1037
1037 1038
1037 1040
1038 1038
1038 1039
1038 1041
1038 1043
1039 1039
1039 1042
1040 1040
1040 1041
1040 1043
1041 1041
1041 1042
1041 1044
1041 1046
1042 1042
1042 1045
1043 1043
1043 1044
1043 1046
1044 1044
1044 1045
1044 1047
1044 1049
1045 1045
1045 1048
1046 1046
1046 1047
1046 1049
1047 1047
1047 1048
1047 1050
1047 1052
1048 1048
1048 1051
1049 1049
1049 1050
1049 1052
1050 1050
1050 1051
1050 1053
1050 1055
1051 1051
1051 1054
1052 1052
1052 1053
1052 1055
1053 1053
1053 1054
1053 1056
1053 1058
1054 1054
1054 1057
1055 1055
1055 1056
1055 1058
1056 1056
1056 1057
1056 1059
1056 1061
1057 1057
1057 1060
1058 1058
1058 1059
1058 1061
1059 1059
1059 1060
1059 1062
1059 1064
1060 1060
1060 1063
1061 1061
1061 1062
1061 1064
1062 1062
1062 1063
1062 1065
1062 1067
1063 1063
1063 1066
1064 1064
1064 1065
1064 1067
1065 1065
1065 1066
1065 1068
1065 1070
1066 1066
1066 1069
1067 1067
1067 1068
1067 1070
1068 1068
1068 1069
1068 1071
1068 1073
1069 1069
1069 1072
1070 1070
1070 1071
1070 1073
1071 1071
1071 1072
1071 1074
1071 1076
1072 1072
1072 1075
1073 1073
1073 1074
1073 1076
1074 1074
1074 1075
1074 1077
1074 1079
1075 1075
1075 1078
1076 1076
1076 1077
1076 1079
1077 1077
1077 1078
1077 1080
1077 1082
1078 1078
1078 1081
1079 1079
1079 1080
1079 1082
1080 1080
1080 1081
1081 1081
1082 1082
