0 0
0 3
0 4
0 6
0 7
0 8
0 9
0 10
0 11
0 12
0 13
0 15
0 16
0 17
0 18
0 19
0 20
1 1
1 2
1 3
1 4
1 6
1 7
1 8
1 9
1 10
1 11
1 12
1 13
1 15
1 16
1 17
1 18
1 19
1 20
2 2
2 6
2 7
2 8
2 9
2 10
2 11
2 15
2 16
2 17
2 18
2 19
2 20
3 3
3 4
3 6
3 8
3 18
3 20
4 4
5 5
5 6
5 8
5 18
5 20
6 6
6 7
6 8
6 9
6 24
6 25
7 7
7 8
7 22
7 24
7 25
7 31
7 32
8 8
8 20
8 31
8 32
9 9
9 10
9 11
9 12
9 14
9 18
9 20
9 21
9 22
10 10
10 11
10 21
10 22
10 25
10 28
10 29
11 11
11 12
11 14
11 17
11 18
11 20
11 28
11 29
12 12
12 13
12 15
12 17
13 13
14 14
14 15
14 17
15 15
15 16
15 17
15 18
15 30
15 31
16 16
16 17
16 25
16 26
16 28
16 30
16 31
17 17
17 25
17 26
18 18
18 19
18 20
18 27
18 28
19 19
19 20
19 22
19 23
19 27
19 28
19 31
20 20
20 22
20 23
21 21
21 22
21 23
21 33
21 34
21 35
21 39
21 40
22 22
22 23
22 33
22 34
22 35
22 37
22 39
22 40
22 49
22 50
23 23
23 33
23 34
23 35
23 49
23 50
24 24
24 25
24 26
24 36
24 37
24 42
24 43
24 44
25 25
25 26
25 36
25 37
25 40
25 42
25 43
25 44
25 46
25 47
26 26
26 42
26 43
26 44
26 46
26 47
27 27
27 28
27 29
27 42
27 43
27 44
27 48
27 49
28 28
28 29
28 40
28 41
28 42
28 43
28 44
28 46
28 48
28 49
29 29
29 40
29 41
29 42
29 43
29 44
30 30
30 31
30 32
30 33
30 34
30 35
30 45
30 46
31 31
31 32
31 33
31 34
31 35
31 37
31 38
31 45
31 46
31 49
32 32
32 33
32 34
32 35
32 37
32 38
33 33
33 34
33 36
33 38
33 48
33 50
34 34
35 35
35 36
35 38
35 48
35 50
36 36
36 37
36 38
36 39
36 54
36 55
37 37
37 38
37 52
37 54
37 55
37 61
37 62
38 38
38 50
38 61
38 62
39 39
39 40
39 41
39 42
39 44
39 48
39 50
39 51
39 52
40 40
40 41
40 51
40 52
40 55
40 58
40 59
41 41
41 42
41 44
41 47
41 48
41 50
41 58
41 59
42 42
42 43
42 45
42 47
43 43
44 44
44 45
44 47
45 45
45 46
45 47
45 48
45 60
45 61
46 46
46 47
46 55
46 56
46 58
46 60
46 61
47 47
47 55
47 56
48 48
48 49
48 50
48 57
48 58
49 49
49 50
49 52
49 53
49 57
49 58
49 61
50 50
50 52
50 53
51 51
51 52
51 53
51 63
51 64
51 65
51 69
51 70
52 52
52 53
52 63
52 64
52 65
52 67
52 69
52 70
52 79
52 80
53 53
53 63
53 64
53 65
53 79
53 80
54 54
54 55
54 56
54 66
54 67
54 72
54 73
54 74
55 55
55 56
55 66
55 67
55 70
55 72
55 73
55 74
55 76
55 77
56 56
56 72
56 73
56 74
56 76
56 77
57 57
57 58
57 59
57 72
57 73
57 74
57 78
57 79
58 58
58 59
58 70
58 71
58 72
58 73
58 74
58 76
58 78
58 79
59 59
59 70
59 71
59 72
59 73
59 74
60 60
60 61
60 62
60 63
60 64
60 65
60 75
60 76
61 61
61 62
61 63
61 64
61 65
61 67
61 68
61 75
61 76
61 79
62 62
62 63
62 64
62 65
62 67
62 68
63 63
63 64
63 66
63 68
63 78
63 80
64 64
65 65
65 66
65 68
65 78
65 80
66 66
66 67
66 68
66 69
66 81
66 82
66 83
66 84
66 85
66 86
66 90
66 91
66 92
67 67
67 68
67 81
67 82
67 83
67 84
67 85
67 86
67 90
67 91
67 92
68 68
68 80
68 81
68 82
68 83
68 84
68 85
68 86
68 90
68 91
68 92
69 69
69 70
69 71
69 72
69 74
69 78
69 80
69 81
69 82
69 83
69 84
69 85
69 86
69 87
69 88
69 89
70 70
70 71
70 81
70 82
70 83
70 84
70 85
70 86
70 87
70 88
70 89
71 71
71 72
71 74
71 77
71 78
71 80
71 81
71 82
71 83
71 84
71 85
71 86
71 87
71 88
71 89
72 72
72 73
72 75
72 77
73 73
74 74
74 75
74 77
75 75
75 76
75 77
75 78
75 84
75 85
75 86
75 87
75 88
75 89
75 90
75 91
75 92
76 76
76 77
76 84
76 85
76 86
76 87
76 88
76 89
76 90
76 91
76 92
77 77
77 84
77 85
77 86
77 87
77 88
77 89
77 90
77 91
77 92
78 78
78 79
78 80
78 81
78 82
78 83
78 87
78 88
78 89
78 90
78 91
78 92
79 79
79 80
79 81
79 82
79 83
79 87
79 88
79 89
79 90
79 91
79 92
80 80
80 81
80 82
80 83
80 87
80 88
80 89
80 90
80 91
80 92
81 81
81 82
81 83
81 93
81 94
81 95
81 96
81 97
81 98
81 102
81 103
81 104
82 82
82 83
82 93
82 94
82 95
82 96
82 97
82 98
82 102
82 103
82 104
83 83
83 93
83 94
83 95
83 96
83 97
83 98
83 102
83 103
83 104
84 84
84 85
84 86
84 93
84 94
84 95
84 96
84 97
84 98
84 99
84 100
84 101
85 85
85 86
85 93
85 94
85 95
85 96
85 97
85 98
85 99
85 100
85 101
86 86
86 93
86 94
86 95
86 96
86 97
86 98
86 99
86 100
86 101
87 87
87 88
87 89
87 96
87 97
87 98
87 99
87 100
87 101
87 102
87 103
87 104
88 88
88 89
88 96
88 97
88 98
88 99
88 100
88 101
88 102
88 103
88 104
89 89
89 96
89 97
89 98
89 99
89 100
89 101
89 102
89 103
89 104
90 90
90 91
90 92
90 93
90 94
90 95
90 99
90 100
90 101
90 102
90 103
90 104
91 91
91 92
91 93
91 94
91 95
91 99
91 100
91 101
91 102
91 103
91 104
92 92
92 93
92 94
92 95
92 99
92 100
92 101
92 102
92 103
92 104
93 93
93 94
93 95
93 105
93 106
93 107
93 108
93 109
93 110
93 114
93 115
93 116
94 94
94 95
94 105
94 106
94 107
94 108
94 109
94 110
94 114
94 115
94 116
95 95
95 105
95 106
95 107
95 108
95 109
95 110
95 114
95 115
95 116
96 96
96 97
96 98
96 105
96 106
96 107
96 108
96 109
96 110
96 111
96 112
96 113
97 97
97 98
97 105
97 106
97 107
97 108
97 109
97 110
97 111
97 112
97 113
98 98
98 105
98 106
98 107
98 108
98 109
98 110
98 111
98 112
98 113
99 99
99 100
99 101
99 108
99 109
99 110
99 111
99 112
99 113
99 114
99 115
99 116
100 100
100 101
100 108
100 109
100 110
100 111
100 112
100 113
100 114
100 115
100 116
101 101
101 108
101 109
101 110
101 111
101 112
101 113
101 114
101 115
101 116
102 102
102 103
102 104
102 105
102 106
102 107
102 111
102 112
102 113
102 114
102 115
102 116
103 103
103 104
103 105
103 106
103 107
103 111
103 112
103 113
103 114
103 115
103 116
104 104
104 105
104 106
104 107
104 111
104 112
104 113
104 114
104 115
104 116
105 105
105 106
105 107
105 117
105 118
105 119
105 120
105 121
105 122
105 126
105 127
105 128
106 106
106 107
106 117
106 118
106 119
106 120
106 121
106 122
106 126
106 127
106 128
107 107
107 117
107 118
107 119
107 120
107 121
107 122
107 126
107 127
107 128
108 108
108 109
108 110
108 117
108 118
108 119
108 120
108 121
108 122
108 123
108 124
108 125
109 109
109 110
109 117
109 118
109 119
109 120
109 121
109 122
109 123
109 124
109 125
110 110
110 117
110 118
110 119
110 120
110 121
110 122
110 123
110 124
110 125
111 111
111 112
111 113
111 120
111 121
111 122
111 123
111 124
111 125
111 126
111 127
111 128
112 112
112 113
112 120
112 121
112 122
112 123
112 124
112 125
112 126
112 127
112 128
113 113
113 120
113 121
113 122
113 123
113 124
113 125
113 126
113 127
113 128
114 114
114 115
114 116
114 117
114 118
114 119
114 123
114 124
114 125
114 126
114 127
114 128
115 115
115 116
115 117
115 118
115 119
115 123
115 124
115 125
115 126
115 127
115 128
116 116
116 117
116 118
116 119
116 123
116 124
116 125
116 126
116 127
116 128
117 117
117 118
117 119
117 129
117 130
117 131
117 132
117 133
117 134
117 138
117 139
117 140
118 118
118 119
118 129
118 130
118 131
118 132
118 133
118 134
118 138
118 139
118 140
119 119
119 129
119 130
119 131
119 132
119 133
119 134
119 138
119 139
119 140
120 120
120 121
120 122
120 129
120 130
120 131
120 132
120 133
120 134
120 135
120 136
120 137
121 121
121 122
121 129
121 130
121 131
121 132
121 133
121 134
121 135
121 136
121 137
122 122
122 129
122 130
122 131
122 132
122 133
122 134
122 135
122 136
122 137
123 123
123 124
123 125
123 132
123 133
123 134
123 135
123 136
123 137
123 138
123 139
123 140
124 124
124 125
124 132
124 133
124 134
124 135
124 136
124 137
124 138
124 139
124 140
125 125
125 132
125 133
125 134
125 135
125 136
125 137
125 138
125 139
125 140
126 126
126 127
126 128
126 135
126 136
126 137
126 138
126 139
126 140
126 141
126 142
126 143
127 127
127 128
127 135
127 136
127 137
127 138
127 139
127 140
127 141
127 142
127 143
128 128
128 135
128 136
128 137
128 138
128 139
128 140
128 141
128 142
128 143
129 129
129 130
129 131
129 132
129 135
129 137
129 141
129 142
129 143
129 144
129 145
129 146
129 150
129 151
129 152
130 130
130 131
130 141
130 142
130 143
130 144
130 145
130 146
130 150
130 151
130 152
131 131
131 135
131 137
131 140
131 141
131 142
131 143
131 144
131 145
131 146
131 150
131 151
131 152
132 132
132 133
132 134
132 138
132 140
132 141
132 142
132 143
132 144
132 145
132 146
132 147
132 148
132 149
133 133
133 134
133 141
133 142
133 143
133 144
133 145
133 146
133 147
133 148
133 149
134 134
134 137
134 138
134 140
134 141
134 142
134 143
134 144
134 145
134 146
134 147
134 148
134 149
135 135
135 136
135 137
135 138
135 144
135 145
135 146
135 147
135 148
135 149
135 150
135 151
135 152
136 136
136 137
136 144
136 145
136 146
136 147
136 148
136 149
136 150
136 151
136 152
137 137
137 144
137 145
137 146
137 147
137 148
137 149
137 150
137 151
137 152
138 138
138 139
138 140
138 141
138 142
138 143
138 147
138 148
138 149
138 150
138 151
138 152
139 139
139 140
139 141
139 142
139 143
139 147
139 148
139 149
139 150
139 151
139 152
140 140
140 141
140 142
140 143
140 147
140 148
140 149
140 150
140 151
140 152
141 141
141 142
141 143
141 144
142 142
142 143
143 143
143 152
144 144
144 145
144 146
145 145
145 146
146 146
146 149
147 147
147 148
147 149
147 150
148 148
148 149
149 149
150 150
150 151
150 152
151 151
151 152
152 152
