0 0
0 1
0 2
0 3
0 4
0 5
0 162
0 163
0 169
0 170
1 1
1 2
1 3
1 4
1 5
1 162
1 163
1 169
1 170
2 2
2 3
2 4
2 5
2 162
2 163
3 3
3 4
3 5
3 6
3 7
3 8
3 175
3 176
4 4
4 6
4 7
4 8
4 175
4 176
5 5
5 6
5 7
5 8
6 6
6 7
6 8
6 9
6 10
6 11
6 181
6 182
7 7
7 8
7 9
7 10
7 11
7 181
7 182
8 8
8 9
8 10
8 11
9 9
9 10
9 11
9 12
9 13
9 14
9 187
9 188
10 10
10 11
10 12
10 13
10 14
10 187
10 188
11 11
11 12
11 13
11 14
12 12
12 13
12 14
12 15
12 16
12 17
12 193
12 194
13 13
13 14
13 15
13 16
13 17
13 193
13 194
14 14
14 15
14 16
14 17
15 15
15 16
15 17
15 18
15 19
15 20
15 199
15 200
16 16
16 17
16 18
16 19
16 20
16 199
16 200
17 17
17 18
17 19
17 20
18 18
18 19
18 20
18 21
18 22
18 23
18 205
18 206
19 19
19 20
19 21
19 22
19 23
19 205
19 206
20 20
20 21
20 22
20 23
21 21
21 22
21 23
21 24
21 25
21 26
21 211
21 212
22 22
22 23
22 24
22 25
22 26
22 211
22 212
23 23
23 24
23 25
23 26
24 24
24 25
24 26
24 27
24 28
24 29
24 217
24 218
25 25
25 26
25 27
25 28
25 29
25 217
25 218
26 26
26 27
26 28
26 29
27 27
27 28
27 29
27 30
27 31
27 32
27 223
27 224
28 28
28 29
28 30
28 31
28 32
28 223
28 224
29 29
29 30
29 31
29 32
30 30
30 31
30 32
30 33
30 34
30 35
30 229
30 230
31 31
31 33
31 34
31 35
31 229
31 230
32 32
32 33
32 34
32 35
33 33
33 34
33 35
33 36
33 37
33 38
33 235
33 236
34 34
34 36
34 37
34 38
34 235
34 236
35 35
35 36
35 37
35 38
36 36
36 37
36 38
36 39
36 40
36 41
36 241
36 242
37 37
37 38
37 39
37 40
37 41
37 241
37 242
38 38
38 39
38 40
38 41
39 39
39 40
39 41
39 42
39 43
39 44
39 247
39 248
40 40
40 41
40 42
40 43
40 44
40 247
40 248
41 41
41 42
41 43
41 44
42 42
42 43
42 44
42 45
42 46
42 47
42 253
42 254
43 43
43 45
43 46
43 47
43 253
43 254
44 44
44 45
44 46
44 47
45 45
45 46
45 47
45 48
45 49
45 50
45 259
45 260
46 46
46 48
46 49
46 50
46 259
46 260
47 47
47 48
47 49
47 50
48 48
48 49
48 50
48 51
48 52
48 53
48 265
48 266
49 49
49 50
49 51
49 52
49 53
49 265
49 266
50 50
50 51
50 52
50 53
51 51
51 52
51 53
51 54
51 55
51 56
51 271
51 272
52 52
52 53
52 54
52 55
52 56
52 271
52 272
53 53
53 54
53 55
53 56
54 54
54 55
54 56
54 57
54 58
54 59
54 277
54 278
55 55
55 56
55 57
55 58
55 59
55 277
55 278
56 56
56 57
56 58
56 59
57 57
57 58
57 59
57 60
57 61
57 62
57 283
57 284
58 58
58 59
58 60
58 61
58 62
58 283
58 284
59 59
59 60
59 61
59 62
60 60
60 61
60 62
60 63
60 64
60 65
60 289
60 290
61 61
61 62
61 63
61 64
61 65
61 289
61 290
62 62
62 63
62 64
62 65
63 63
63 64
63 65
63 66
63 67
63 68
63 295
63 296
64 64
64 65
64 66
64 67
64 68
64 295
64 296
65 65
65 66
65 67
65 68
66 66
66 67
66 68
66 69
66 70
66 71
66 301
66 302
67 67
67 68
67 69
67 70
67 71
67 301
67 302
68 68
68 69
68 70
68 71
69 69
69 70
69 71
69 72
69 73
69 74
69 307
69 308
70 70
70 71
70 72
70 73
70 74
70 307
70 308
71 71
71 72
71 73
71 74
72 72
72 73
72 74
72 75
72 76
72 77
72 313
72 314
73 73
73 74
73 75
73 76
73 77
73 313
73 314
74 74
74 75
74 76
74 77
75 75
75 76
75 77
75 78
75 79
75 80
75 319
75 320
76 76
76 77
76 78
76 79
76 80
76 319
76 320
77 77
77 78
77 79
77 80
78 78
78 79
78 80
78 325
78 326
78 490
78 491
78 492
79 79
79 80
79 325
79 326
79 490
79 491
79 492
80 80
80 490
80 491
80 492
81 81
81 82
81 83
81 84
81 85
81 86
81 164
81 165
81 331
81 332
82 82
82 83
82 84
82 85
82 86
82 164
82 165
82 331
82 332
83 83
83 84
83 85
83 86
83 164
83 165
84 84
84 85
84 86
84 87
84 88
84 89
84 337
84 338
85 85
85 86
85 87
85 88
85 89
85 337
85 338
86 86
86 87
86 88
86 89
87 87
87 88
87 89
87 90
87 91
87 92
87 343
87 344
88 88
88 89
88 90
88 91
88 92
88 343
88 344
89 89
89 90
89 91
89 92
90 90
90 91
90 92
90 93
90 94
90 95
90 349
90 350
91 91
91 92
91 93
91 94
91 95
91 349
91 350
92 92
92 93
92 94
92 95
93 93
93 94
93 95
93 96
93 97
93 98
93 355
93 356
94 94
94 95
94 96
94 97
94 98
94 355
94 356
95 95
95 96
95 97
95 98
96 96
96 97
96 98
96 99
96 100
96 101
96 361
96 362
97 97
97 98
97 99
97 100
97 101
97 361
97 362
98 98
98 99
98 100
98 101
99 99
99 100
99 101
99 102
99 103
99 104
99 367
99 368
100 100
100 101
100 102
100 103
100 104
100 367
100 368
101 101
101 102
101 103
101 104
102 102
102 103
102 104
102 105
102 106
102 107
102 373
102 374
103 103
103 104
103 105
103 106
103 107
103 373
103 374
104 104
104 105
104 106
104 107
105 105
105 106
105 107
105 108
105 109
105 110
105 379
105 380
106 106
106 107
106 108
106 109
106 110
106 379
106 380
107 107
107 108
107 109
107 110
108 108
108 109
108 110
108 111
108 112
108 113
108 385
108 386
109 109
109 110
109 111
109 112
109 113
109 385
109 386
110 110
110 111
110 112
110 113
111 111
111 112
111 113
111 114
111 115
111 116
111 391
111 392
112 112
112 113
112 114
112 115
112 116
112 391
112 392
113 113
113 114
113 115
113 116
114 114
114 115
114 116
114 117
114 118
114 119
114 397
114 398
115 115
115 116
115 117
115 118
115 119
115 397
115 398
116 116
116 117
116 118
116 119
117 117
117 118
117 119
117 120
117 121
117 122
117 403
117 404
118 118
118 119
118 120
118 121
118 122
118 403
118 404
119 119
119 120
119 121
119 122
120 120
120 121
120 122
120 123
120 124
120 125
120 409
120 410
121 121
121 122
121 123
121 124
121 125
121 409
121 410
122 122
122 123
122 124
122 125
123 123
123 124
123 125
123 126
123 127
123 128
123 415
123 416
124 124
124 125
124 126
124 127
124 128
124 415
124 416
125 125
125 126
125 127
125 128
126 126
126 127
126 128
126 129
126 130
126 131
126 421
126 422
127 127
127 128
127 129
127 130
127 131
127 421
127 422
128 128
128 129
128 130
128 131
129 129
129 130
129 131
129 132
129 133
129 134
129 427
129 428
130 130
130 131
130 132
130 133
130 134
130 427
130 428
131 131
131 132
131 133
131 134
132 132
132 133
132 134
132 135
132 136
132 137
132 433
132 434
133 133
133 134
133 135
133 136
133 137
133 433
133 434
134 134
134 135
134 136
134 137
135 135
135 136
135 137
135 138
135 139
135 140
135 439
135 440
136 136
136 137
136 138
136 139
136 140
136 439
136 440
137 137
137 138
137 139
137 140
138 138
138 139
138 140
138 141
138 142
138 143
138 445
138 446
139 139
139 140
139 141
139 142
139 143
139 445
139 446
140 140
140 141
140 142
140 143
141 141
141 142
141 143
141 144
141 145
141 146
141 451
141 452
142 142
142 143
142 144
142 145
142 146
142 451
142 452
143 143
143 144
143 145
143 146
144 144
144 145
144 146
144 147
144 148
144 149
144 457
144 458
145 145
145 146
145 147
145 148
145 149
145 457
145 458
146 146
146 147
146 148
146 149
147 147
147 148
147 149
147 150
147 151
147 152
147 463
147 464
148 148
148 149
148 150
148 151
148 152
148 463
148 464
149 149
149 150
149 151
149 152
150 150
150 151
150 152
150 153
150 154
150 155
150 469
150 470
151 151
151 152
151 153
151 154
151 155
151 469
151 470
152 152
152 153
152 154
152 155
153 153
153 154
153 155
153 156
153 157
153 158
153 475
153 476
154 154
154 155
154 156
154 157
154 158
154 475
154 476
155 155
155 156
155 157
155 158
156 156
156 157
156 158
156 159
156 160
156 161
156 481
156 482
157 157
157 158
157 159
157 160
157 161
157 481
157 482
158 158
158 159
158 160
158 161
159 159
159 160
159 161
159 487
159 488
159 724
159 725
159 726
160 160
160 161
160 487
160 488
160 724
160 725
160 726
161 161
161 724
161 725
161 726
162 162
162 163
162 166
162 167
163 163
164 164
164 165
164 328
164 329
165 165
166 166
166 167
166 168
166 169
166 171
166 604
166 605
167 167
167 170
167 604
167 605
168 168
168 169
168 171
169 169
169 170
169 172
169 174
170 170
170 173
171 171
171 172
171 174
172 172
172 173
172 174
172 175
172 177
172 601
172 602
173 173
173 176
173 601
173 602
174 174
174 175
174 177
175 175
175 176
175 177
175 178
175 180
176 176
176 179
177 177
177 178
177 180
178 178
178 179
178 180
178 181
178 183
178 598
178 599
179 179
179 182
179 598
179 599
180 180
180 181
180 183
181 181
181 182
181 183
181 184
181 186
181 595
181 596
182 182
182 185
182 595
182 596
183 183
183 184
183 186
184 184
184 185
184 186
184 187
184 189
184 592
184 593
185 185
185 188
185 592
185 593
186 186
186 187
186 189
187 187
187 188
187 189
187 190
187 192
188 188
188 191
189 189
189 190
189 192
190 190
190 191
190 192
190 193
190 195
190 589
190 590
191 191
191 194
191 589
191 590
192 192
192 193
192 195
193 193
193 194
193 195
193 196
193 198
194 194
194 197
195 195
195 196
195 198
196 196
196 197
196 198
196 199
196 201
196 586
196 587
197 197
197 200
197 586
197 587
198 198
198 199
198 201
199 199
199 200
199 201
199 202
199 204
200 200
200 203
201 201
201 202
201 204
202 202
202 203
202 204
202 205
202 207
202 583
202 584
203 203
203 206
203 583
203 584
204 204
204 205
204 207
205 205
205 206
205 207
205 208
205 210
205 580
205 581
206 206
206 209
206 580
206 581
207 207
207 208
207 210
208 208
208 209
208 210
208 211
208 213
208 577
208 578
209 209
209 212
209 577
209 578
210 210
210 211
210 213
211 211
211 212
211 213
211 214
211 216
212 212
212 215
213 213
213 214
213 216
214 214
214 215
214 216
214 217
214 219
214 574
214 575
215 215
215 218
215 574
215 575
216 216
216 217
216 219
217 217
217 218
217 219
217 220
217 222
218 218
218 221
219 219
219 220
219 222
220 220
220 221
220 222
220 223
220 225
220 571
220 572
221 221
221 224
221 571
221 572
222 222
222 223
222 225
223 223
223 224
223 225
223 226
223 228
224 224
224 227
225 225
225 226
225 228
226 226
226 227
226 228
226 229
226 231
226 568
226 569
227 227
227 230
227 568
227 569
228 228
228 229
228 231
229 229
229 230
229 231
229 232
229 234
229 565
229 566
230 230
230 233
230 565
230 566
231 231
231 232
231 234
232 232
232 233
232 234
232 235
232 237
232 562
232 563
233 233
233 236
233 562
233 563
234 234
234 235
234 237
235 235
235 236
235 237
235 238
235 240
236 236
236 239
237 237
237 238
237 240
238 238
238 239
238 240
238 241
238 243
238 559
238 560
239 239
239 242
239 559
239 560
240 240
240 241
240 243
241 241
241 242
241 243
241 244
241 246
242 242
242 245
243 243
243 244
243 246
244 244
244 245
244 246
244 247
244 249
244 556
244 557
245 245
245 248
245 556
245 557
246 246
246 247
246 249
247 247
247 248
247 249
247 250
247 252
248 248
248 251
249 249
249 250
249 252
250 250
250 251
250 252
250 253
250 255
250 553
250 554
251 251
251 254
251 553
251 554
252 252
252 253
252 255
253 253
253 254
253 255
253 256
253 258
253 550
253 551
254 254
254 257
254 550
254 551
255 255
255 256
255 258
256 256
256 257
256 258
256 259
256 261
256 547
256 548
257 257
257 260
257 547
257 548
258 258
258 259
258 261
259 259
259 260
259 261
259 262
259 264
260 260
260 263
261 261
261 262
261 264
262 262
262 263
262 264
262 265
262 267
262 544
262 545
263 263
263 266
263 544
263 545
264 264
264 265
264 267
265 265
265 266
265 268
265 270
266 266
266 269
267 267
267 268
267 270
268 268
268 269
268 270
268 271
268 273
268 541
268 542
269 269
269 272
269 541
269 542
270 270
270 271
270 273
271 271
271 272
271 273
271 274
271 276
272 272
272 275
273 273
273 274
273 276
274 274
274 275
274 276
274 277
274 279
274 538
274 539
275 275
275 278
275 538
275 539
276 276
276 277
276 279
277 277
277 278
277 279
277 280
277 282
277 535
277 536
278 278
278 281
278 535
278 536
279 279
279 280
279 282
280 280
280 281
280 282
280 283
280 285
280 532
280 533
281 281
281 284
281 532
281 533
282 282
282 283
282 285
283 283
283 284
283 285
283 286
283 288
284 284
284 287
285 285
285 286
285 288
286 286
286 287
286 288
286 289
286 291
286 529
286 530
287 287
287 290
287 529
287 530
288 288
288 289
288 291
289 289
289 290
289 291
289 292
289 294
290 290
290 293
291 291
291 292
291 294
292 292
292 293
292 294
292 295
292 297
292 526
292 527
293 293
293 296
293 526
293 527
294 294
294 295
294 297
295 295
295 296
295 297
295 298
295 300
296 296
296 299
297 297
297 298
297 300
298 298
298 299
298 300
298 301
298 303
298 523
298 524
299 299
299 302
299 523
299 524
300 300
300 301
300 303
301 301
301 302
301 303
301 304
301 306
301 520
301 521
302 302
302 305
302 520
302 521
303 303
303 304
303 306
304 304
304 305
304 306
304 307
304 309
304 517
304 518
305 305
305 308
305 517
305 518
306 306
306 307
306 309
307 307
307 308
307 309
307 310
307 312
308 308
308 311
309 309
309 310
309 312
310 310
310 311
310 312
310 313
310 315
310 514
310 515
311 311
311 314
311 514
311 515
312 312
312 313
312 315
313 313
313 314
313 315
313 316
313 318
314 314
314 317
315 315
315 316
315 318
316 316
316 317
316 318
316 319
316 321
316 511
316 512
317 317
317 320
317 511
317 512
318 318
318 319
318 321
319 319
319 320
319 321
319 322
319 324
320 320
320 323
321 321
321 322
321 324
322 322
322 323
322 324
322 325
322 327
322 508
322 509
323 323
323 326
323 508
323 509
324 324
324 325
324 327
325 325
325 326
325 327
325 505
325 506
325 727
325 729
326 326
326 505
326 506
326 728
327 327
327 727
327 729
328 328
328 329
328 330
328 331
328 333
328 610
328 611
329 329
329 332
329 610
329 611
330 330
330 331
330 333
331 331
331 332
331 334
331 336
332 332
332 335
333 333
333 334
333 336
334 334
334 335
334 336
334 337
334 339
334 613
334 614
335 335
335 338
335 613
335 614
336 336
336 337
336 339
337 337
337 338
337 339
337 340
337 342
338 338
338 341
339 339
339 340
339 342
340 340
340 341
340 342
340 343
340 345
340 616
340 617
341 341
341 344
341 616
341 617
342 342
342 343
342 345
343 343
343 344
343 345
343 346
343 348
343 619
343 620
344 344
344 347
344 619
344 620
345 345
345 346
345 348
346 346
346 347
346 348
346 349
346 351
346 622
346 623
347 347
347 350
347 622
347 623
348 348
348 349
348 351
349 349
349 350
349 351
349 352
349 354
350 350
350 353
351 351
351 352
351 354
352 352
352 353
352 354
352 355
352 357
352 625
352 626
353 353
353 356
353 625
353 626
354 354
354 355
354 357
355 355
355 356
355 357
355 358
355 360
356 356
356 359
357 357
357 358
357 360
358 358
358 359
358 360
358 361
358 363
358 628
358 629
359 359
359 362
359 628
359 629
360 360
360 361
360 363
361 361
361 362
361 363
361 364
361 366
362 362
362 365
363 363
363 364
363 366
364 364
364 365
364 366
364 367
364 369
364 631
364 632
365 365
365 368
365 631
365 632
366 366
366 367
366 369
367 367
367 368
367 369
367 370
367 372
367 634
367 635
368 368
368 371
368 634
368 635
369 369
369 370
369 372
370 370
370 371
370 372
370 373
370 375
370 637
370 638
371 371
371 374
371 637
371 638
372 372
372 373
372 375
373 373
373 374
373 375
373 376
373 378
374 374
374 377
375 375
375 376
375 378
376 376
376 377
376 378
376 379
376 381
376 640
376 641
377 377
377 380
377 640
377 641
378 378
378 379
378 381
379 379
379 380
379 381
379 382
379 384
380 380
380 383
381 381
381 382
381 384
382 382
382 383
382 384
382 385
382 387
382 643
382 644
383 383
383 386
383 643
383 644
384 384
384 385
384 387
385 385
385 386
385 387
385 388
385 390
386 386
386 389
387 387
387 388
387 390
388 388
388 389
388 390
388 391
388 393
388 646
388 647
389 389
389 392
389 646
389 647
390 390
390 391
390 393
391 391
391 392
391 393
391 394
391 396
391 649
391 650
392 392
392 395
392 649
392 650
393 393
393 394
393 396
394 394
394 395
394 396
394 397
394 399
394 652
394 653
395 395
395 398
395 652
395 653
396 396
396 397
396 399
397 397
397 398
397 399
397 400
397 402
398 398
398 401
399 399
399 400
399 402
400 400
400 401
400 402
400 403
400 405
400 655
400 656
401 401
401 404
401 655
401 656
402 402
402 403
402 405
403 403
403 404
403 405
403 406
403 408
404 404
404 407
405 405
405 406
405 408
406 406
406 407
406 408
406 409
406 411
406 658
406 659
407 407
407 410
407 658
407 659
408 408
408 409
408 411
409 409
409 410
409 411
409 412
409 414
410 410
410 413
411 411
411 412
411 414
412 412
412 413
412 414
412 415
412 417
412 661
412 662
413 413
413 416
413 661
413 662
414 414
414 415
414 417
415 415
415 416
415 417
415 418
415 420
415 664
415 665
416 416
416 419
416 664
416 665
417 417
417 418
417 420
418 418
418 419
418 420
418 421
418 423
418 667
418 668
419 419
419 422
419 667
419 668
420 420
420 421
420 423
421 421
421 422
421 423
421 424
421 426
422 422
422 425
423 423
423 424
423 426
424 424
424 425
424 426
424 427
424 429
424 670
424 671
425 425
425 428
425 670
425 671
426 426
426 427
426 429
427 427
427 428
427 430
427 432
428 428
428 431
429 429
429 430
429 432
430 430
430 431
430 432
430 433
430 435
430 673
430 674
431 431
431 434
431 673
431 674
432 432
432 433
432 435
433 433
433 434
433 435
433 436
433 438
434 434
434 437
435 435
435 436
435 438
436 436
436 437
436 438
436 439
436 441
436 676
436 677
437 437
437 440
437 676
437 677
438 438
438 439
438 441
439 439
439 440
439 441
439 442
439 444
439 679
439 680
440 440
440 443
440 679
440 680
441 441
441 442
441 444
442 442
442 443
442 444
442 445
442 447
442 682
442 683
443 443
443 446
443 682
443 683
444 444
444 445
444 447
445 445
445 446
445 447
445 448
445 450
446 446
446 449
447 447
447 448
447 450
448 448
448 449
448 450
448 451
448 453
448 685
448 686
449 449
449 452
449 685
449 686
450 450
450 451
450 453
451 451
451 452
451 453
451 454
451 456
452 452
452 455
453 453
453 454
453 456
454 454
454 455
454 456
454 457
454 459
454 688
454 689
455 455
455 458
455 688
455 689
456 456
456 457
456 459
457 457
457 458
457 459
457 460
457 462
458 458
458 461
459 459
459 460
459 462
460 460
460 461
460 462
460 463
460 465
460 691
460 692
461 461
461 464
461 691
461 692
462 462
462 463
462 465
463 463
463 464
463 465
463 466
463 468
463 694
463 695
464 464
464 467
464 694
464 695
465 465
465 466
465 468
466 466
466 467
466 468
466 469
466 471
466 697
466 698
467 467
467 470
467 697
467 698
468 468
468 469
468 471
469 469
469 470
469 471
469 472
469 474
470 470
470 473
471 471
471 472
471 474
472 472
472 473
472 474
472 475
472 477
472 700
472 701
473 473
473 476
473 700
473 701
474 474
474 475
474 477
475 475
475 476
475 477
475 478
475 480
476 476
476 479
477 477
477 478
477 480
478 478
478 479
478 480
478 481
478 483
478 703
478 704
479 479
479 482
479 703
479 704
480 480
480 481
480 483
481 481
481 482
481 483
481 484
481 486
482 482
482 485
483 483
483 484
483 486
484 484
484 485
484 486
484 487
484 489
484 706
484 707
485 485
485 488
485 706
485 707
486 486
486 487
486 489
487 487
487 488
487 489
487 709
487 710
487 772
487 774
488 488
488 709
488 710
488 773
489 489
489 772
489 774
490 490
490 491
490 492
490 493
490 494
490 495
491 491
491 492
491 493
491 494
491 495
492 492
492 493
492 494
492 495
493 493
493 494
493 495
493 496
493 497
493 498
494 494
494 495
494 496
494 497
494 498
495 495
495 496
495 497
495 498
496 496
496 497
496 498
496 499
496 500
496 501
496 742
496 744
497 497
497 498
497 499
497 500
497 501
497 743
498 498
498 499
498 500
498 501
498 742
498 744
499 499
499 500
499 501
499 502
499 503
499 504
500 500
500 501
500 502
500 503
500 504
501 501
501 502
501 503
501 504
502 502
502 503
502 504
502 505
502 506
502 507
503 503
503 504
503 505
503 506
503 507
504 504
504 505
504 506
504 507
505 505
505 506
505 507
505 508
505 509
505 510
506 506
506 507
506 508
506 509
506 510
507 507
507 508
507 509
507 510
508 508
508 509
508 510
508 511
508 512
508 513
509 509
509 510
509 511
509 512
509 513
510 510
510 511
510 512
510 513
511 511
511 512
511 513
511 514
511 515
511 516
512 512
512 513
512 514
512 515
512 516
513 513
513 514
513 515
513 516
514 514
514 515
514 516
514 517
514 518
514 519
515 515
515 516
515 517
515 518
515 519
516 516
516 517
516 518
516 519
517 517
517 518
517 519
517 520
517 521
517 522
518 518
518 519
518 520
518 521
518 522
519 519
519 520
519 521
519 522
520 520
520 521
520 522
520 523
520 524
520 525
521 521
521 522
521 523
521 524
521 525
522 522
522 523
522 524
522 525
523 523
523 524
523 525
523 526
523 527
523 528
524 524
524 525
524 526
524 527
524 528
525 525
525 526
525 527
525 528
526 526
526 527
526 528
526 529
526 530
526 531
527 527
527 528
527 529
527 530
527 531
528 528
528 529
528 530
528 531
529 529
529 530
529 531
529 532
529 533
529 534
530 530
530 531
530 532
530 533
530 534
531 531
531 532
531 533
531 534
532 532
532 533
532 534
532 535
532 536
532 537
533 533
533 534
533 535
533 536
533 537
534 534
534 535
534 536
534 537
535 535
535 536
535 537
535 538
535 539
535 540
536 536
536 537
536 538
536 539
536 540
537 537
537 538
537 539
537 540
538 538
538 539
538 540
538 541
538 542
538 543
539 539
539 540
539 541
539 542
539 543
540 540
540 541
540 542
540 543
541 541
541 542
541 543
541 544
541 545
541 546
542 542
542 543
542 544
542 545
542 546
543 543
543 544
543 545
543 546
544 544
544 545
544 546
544 547
544 548
544 549
545 545
545 546
545 547
545 548
545 549
546 546
546 547
546 548
546 549
547 547
547 548
547 549
547 550
547 551
547 552
548 548
548 549
548 550
548 551
548 552
549 549
549 550
549 551
549 552
550 550
550 551
550 552
550 553
550 554
550 555
551 551
551 552
551 553
551 554
551 555
552 552
552 553
552 554
552 555
553 553
553 554
553 555
553 556
553 557
553 558
554 554
554 555
554 556
554 557
554 558
555 555
555 556
555 557
555 558
556 556
556 557
556 558
556 559
556 560
556 561
557 557
557 558
557 559
557 560
557 561
558 558
558 559
558 560
558 561
559 559
559 560
559 561
559 562
559 563
559 564
560 560
560 561
560 562
560 563
560 564
561 561
561 562
561 563
561 564
562 562
562 563
562 564
562 565
562 566
562 567
563 563
563 564
563 565
563 566
563 567
564 564
564 565
564 566
564 567
565 565
565 566
565 567
565 568
565 569
565 570
566 566
566 567
566 568
566 569
566 570
567 567
567 568
567 569
567 570
568 568
568 569
568 570
568 571
568 572
568 573
569 569
569 570
569 571
569 572
569 573
570 570
570 571
570 572
570 573
571 571
571 572
571 573
571 574
571 575
571 576
572 572
572 573
572 574
572 575
572 576
573 573
573 574
573 575
573 576
574 574
574 575
574 576
574 577
574 578
574 579
575 575
575 576
575 577
575 578
575 579
576 576
576 577
576 578
576 579
577 577
577 578
577 579
577 580
577 581
577 582
578 578
578 579
578 580
578 581
578 582
579 579
579 580
579 581
579 582
580 580
580 581
580 582
580 583
580 584
580 585
581 581
581 582
581 583
581 584
581 585
582 582
582 583
582 584
582 585
583 583
583 584
583 585
583 586
583 587
583 588
584 584
584 585
584 586
584 587
584 588
585 585
585 586
585 587
585 588
586 586
586 587
586 588
586 589
586 590
586 591
587 587
587 588
587 589
587 590
587 591
588 588
588 589
588 590
588 591
589 589
589 590
589 591
589 592
589 593
589 594
590 590
590 591
590 592
590 593
590 594
591 591
591 592
591 593
591 594
592 592
592 593
592 594
592 595
592 596
592 597
593 593
593 594
593 595
593 596
593 597
594 594
594 595
594 596
594 597
595 595
595 596
595 597
595 598
595 599
595 600
596 596
596 597
596 598
596 599
596 600
597 597
597 598
597 599
597 600
598 598
598 599
598 600
598 601
598 602
598 603
599 599
599 600
599 601
599 602
599 603
600 600
600 601
600 602
600 603
601 601
601 602
601 603
601 604
601 605
601 606
602 602
602 603
602 604
602 605
602 606
603 603
603 604
603 605
603 606
604 604
604 605
604 606
604 607
604 608
604 609
605 605
605 606
605 607
605 608
605 609
606 606
606 607
606 608
606 609
607 607
607 608
607 609
607 610
607 611
607 612
608 608
608 609
608 610
608 611
608 612
609 609
609 610
609 611
609 612
610 610
610 611
610 612
610 613
610 614
610 615
611 611
611 612
611 613
611 614
611 615
612 612
612 613
612 614
612 615
613 613
613 614
613 615
613 616
613 617
613 618
614 614
614 615
614 616
614 617
614 618
615 615
615 616
615 617
615 618
616 616
616 617
616 618
616 619
616 620
616 621
617 617
617 618
617 619
617 620
617 621
618 618
618 619
618 620
618 621
619 619
619 620
619 621
619 622
619 623
619 624
620 620
620 621
620 622
620 623
620 624
621 621
621 622
621 623
621 624
622 622
622 623
622 624
622 625
622 626
622 627
623 623
623 624
623 625
623 626
623 627
624 624
624 625
624 626
624 627
625 625
625 626
625 627
625 628
625 629
625 630
626 626
626 627
626 628
626 629
626 630
627 627
627 628
627 629
627 630
628 628
628 629
628 630
628 631
628 632
628 633
629 629
629 630
629 631
629 632
629 633
630 630
630 631
630 632
630 633
631 631
631 632
631 633
631 634
631 635
631 636
632 632
632 633
632 634
632 635
632 636
633 633
633 634
633 635
633 636
634 634
634 635
634 636
634 637
634 638
634 639
635 635
635 636
635 637
635 638
635 639
636 636
636 637
636 638
636 639
637 637
637 638
637 639
637 640
637 641
637 642
638 638
638 639
638 640
638 641
638 642
639 639
639 640
639 641
639 642
640 640
640 641
640 642
640 643
640 644
640 645
641 641
641 642
641 643
641 644
641 645
642 642
642 643
642 644
642 645
643 643
643 644
643 645
643 646
643 647
643 648
644 644
644 645
644 646
644 647
644 648
645 645
645 646
645 647
645 648
646 646
646 647
646 648
646 649
646 650
646 651
647 647
647 648
647 649
647 650
647 651
648 648
648 649
648 650
648 651
649 649
649 650
649 651
649 652
649 653
649 654
650 650
650 651
650 652
650 653
650 654
651 651
651 652
651 653
651 654
652 652
652 653
652 654
652 655
652 656
652 657
653 653
653 654
653 655
653 656
653 657
654 654
654 655
654 656
654 657
655 655
655 656
655 657
655 658
655 659
655 660
656 656
656 657
656 658
656 659
656 660
657 657
657 658
657 659
657 660
658 658
658 659
658 660
658 661
658 662
658 663
659 659
659 660
659 661
659 662
659 663
660 660
660 661
660 662
660 663
661 661
661 662
661 663
661 664
661 665
661 666
662 662
662 663
662 664
662 665
662 666
663 663
663 664
663 665
663 666
664 664
664 665
664 666
664 667
664 668
664 669
665 665
665 666
665 667
665 668
665 669
666 666
666 667
666 668
666 669
667 667
667 668
667 669
667 670
667 671
667 672
668 668
668 669
668 670
668 671
668 672
669 669
669 670
669 671
669 672
670 670
670 671
670 672
670 673
670 674
670 675
671 671
671 672
671 673
671 674
671 675
672 672
672 673
672 674
672 675
673 673
673 674
673 675
673 676
673 677
673 678
674 674
674 675
674 676
674 677
674 678
675 675
675 676
675 677
675 678
676 676
676 677
676 678
676 679
676 680
676 681
677 677
677 678
677 679
677 680
677 681
678 678
678 679
678 680
678 681
679 679
679 680
679 681
679 682
679 683
679 684
680 680
680 681
680 682
680 683
680 684
681 681
681 682
681 683
681 684
682 682
682 683
682 684
682 685
682 686
682 687
683 683
683 684
683 685
683 686
683 687
684 684
684 685
684 686
684 687
685 685
685 686
685 687
685 688
685 689
685 690
686 686
686 687
686 688
686 689
686 690
687 687
687 688
687 689
687 690
688 688
688 689
688 690
688 691
688 692
688 693
689 689
689 690
689 691
689 692
689 693
690 690
690 691
690 692
690 693
691 691
691 692
691 693
691 694
691 695
691 696
692 692
692 693
692 694
692 695
692 696
693 693
693 694
693 695
693 696
694 694
694 695
694 696
694 697
694 698
694 699
695 695
695 696
695 697
695 698
695 699
696 696
696 697
696 698
696 699
697 697
697 698
697 699
697 700
697 701
697 702
698 698
698 699
698 700
698 701
698 702
699 699
699 700
699 701
699 702
700 700
700 701
700 702
700 703
700 704
700 705
701 701
701 702
701 703
701 704
701 705
702 702
702 703
702 704
702 705
703 703
703 704
703 705
703 706
703 707
703 708
704 704
704 705
704 706
704 707
704 708
705 705
705 706
705 707
705 708
706 706
706 707
706 708
706 709
706 710
706 711
707 707
707 708
707 709
707 710
707 711
708 708
708 709
708 710
708 711
709 709
709 710
709 711
709 712
709 713
709 714
710 710
710 711
710 712
710 713
710 714
711 711
711 712
711 713
711 714
712 712
712 713
712 714
712 715
712 716
712 717
713 713
713 714
713 715
713 716
713 717
714 714
714 715
714 716
714 717
715 715
715 716
715 717
715 718
715 719
715 720
716 716
716 717
716 718
716 719
716 720
717 717
717 718
717 719
717 720
718 718
718 719
718 720
718 721
718 722
718 723
718 787
718 789
719 719
719 720
719 721
719 722
719 723
719 788
720 720
720 721
720 722
720 723
720 787
720 789
721 721
721 722
721 723
721 724
721 725
721 726
722 722
722 723
722 724
722 725
722 726
723 723
723 724
723 725
723 726
724 724
724 725
724 726
725 725
725 726
726 726
727 727
727 729
727 730
727 732
728 728
728 731
729 729
729 730
729 732
730 730
730 732
730 733
730 735
731 731
731 734
732 732
732 733
732 735
733 733
733 735
733 736
733 738
734 734
734 737
735 735
735 736
735 738
736 736
736 738
736 739
736 741
737 737
737 740
738 738
738 739
738 741
739 739
739 741
739 742
739 744
740 740
740 743
741 741
741 742
741 744
742 742
742 744
742 745
742 747
743 743
743 746
744 744
744 745
744 747
745 745
745 748
745 750
746 746
746 749
747 747
747 748
747 750
748 748
748 750
748 751
748 753
749 749
749 752
750 750
750 751
750 753
751 751
751 753
751 754
751 756
752 752
752 755
753 753
753 754
753 756
754 754
754 756
754 757
754 759
755 755
755 758
756 756
756 757
756 759
757 757
757 759
757 760
757 762
758 758
758 761
759 759
759 760
759 762
760 760
760 762
760 763
760 765
761 761
761 764
762 762
762 763
762 765
763 763
763 765
763 766
763 768
764 764
764 767
765 765
765 766
765 768
766 766
766 768
766 769
766 771
767 767
767 770
768 768
768 769
768 771
769 769
769 771
770 770
771 771
772 772
772 774
772 775
772 777
773 773
773 776
774 774
774 775
774 777
775 775
775 777
775 778
775 780
776 776
776 779
777 777
777 778
777 780
778 778
778 780
778 781
778 783
779 779
779 782
780 780
780 781
780 783
781 781
781 783
781 784
781 786
782 782
782 785
783 783
783 784
783 786
784 784
784 786
784 787
784 789
785 785
785 788
786 786
786 787
786 789
787 787
787 789
787 790
787 792
788 788
788 791
789 789
789 790
789 792
790 790
790 793
790 795
791 791
791 794
792 792
792 793
792 795
793 793
793 795
793 796
793 798
794 794
794 797
795 795
795 796
795 798
796 796
796 798
796 799
796 801
797 797
797 800
798 798
798 799
798 801
799 799
799 801
799 802
799 804
800 800
800 803
801 801
801 802
801 804
802 802
802 804
802 805
802 807
803 803
803 806
804 804
804 805
804 807
805 805
805 807
805 808
805 810
806 806
806 809
807 807
807 808
807 810
808 808
808 810
808 811
808 813
809 809
809 812
810 810
810 811
810 813
811 811
811 813
811 814
811 816
812 812
812 815
813 813
813 814
813 816
814 814
814 816
815 815
816 816
