0 0
0 6
1 1
1 4
1 5
1 7
1 181
1 182
2 2
2 3
2 5
2 8
2 180
2 182
3 3
3 4
3 5
3 8
3 11
3 14
3 17
3 20
3 23
3 26
3 29
3 32
3 35
3 38
3 41
3 47
3 53
3 56
3 59
3 62
3 65
3 68
3 71
3 74
3 77
3 80
3 83
3 86
3 89
3 92
3 95
3 98
3 101
3 107
3 110
3 113
3 116
3 119
3 122
3 125
3 128
3 131
3 134
3 137
3 140
3 143
3 146
3 149
3 152
3 155
3 158
3 161
3 164
3 165
3 167
3 170
3 173
3 176
3 179
3 180
3 182
3 185
3 188
3 189
3 190
3 193
3 194
3 197
3 200
3 203
3 206
3 208
3 211
3 213
3 216
3 220
3 222
3 226
3 229
3 232
3 234
3 235
3 239
3 242
3 245
3 247
3 251
3 254
3 258
3 261
3 263
3 264
3 268
3 271
3 273
3 277
3 280
3 284
3 287
3 289
3 290
3 294
3 297
3 299
3 303
3 308
3 310
3 313
3 315
3 317
3 320
3 322
3 326
3 330
3 332
3 335
3 337
3 340
3 342
3 345
3 347
3 350
3 354
3 358
3 360
3 363
3 365
3 368
3 370
3 373
3 375
3 378
3 382
3 385
3 388
3 391
3 394
3 397
3 400
3 403
3 406
3 409
3 412
3 415
3 418
3 421
3 424
3 425
3 427
3 430
3 433
3 436
3 439
3 442
3 445
3 448
3 451
3 491
3 493
3 548
3 550
3 591
3 593
4 4
4 5
4 7
4 10
4 13
4 16
4 19
4 22
4 25
4 28
4 31
4 34
4 37
4 40
4 46
4 52
4 55
4 58
4 61
4 64
4 67
4 70
4 73
4 76
4 79
4 82
4 85
4 88
4 91
4 94
4 97
4 100
4 106
4 109
4 112
4 115
4 118
4 121
4 124
4 127
4 130
4 133
4 136
4 139
4 142
4 145
4 148
4 151
4 154
4 157
4 160
4 163
4 166
4 169
4 172
4 175
4 178
4 181
4 182
4 184
4 187
4 192
4 196
4 199
4 201
4 202
4 205
4 207
4 210
4 212
4 215
4 217
4 219
4 221
4 223
4 225
4 228
4 231
4 233
4 236
4 238
4 241
4 244
4 246
4 248
4 250
4 253
4 255
4 257
4 260
4 262
4 265
4 267
4 270
4 272
4 274
4 276
4 279
4 281
4 283
4 286
4 288
4 291
4 293
4 296
4 298
4 300
4 302
4 305
4 307
4 309
4 312
4 314
4 316
4 319
4 321
4 323
4 325
4 327
4 329
4 331
4 334
4 336
4 339
4 341
4 344
4 346
4 349
4 351
4 353
4 355
4 357
4 359
4 362
4 364
4 367
4 369
4 372
4 374
4 377
4 379
4 381
4 384
4 387
4 390
4 393
4 396
4 399
4 402
4 405
4 408
4 411
4 414
4 417
4 420
4 423
4 426
4 429
4 432
4 435
4 438
4 441
4 444
4 447
4 450
4 492
4 493
4 549
4 550
4 592
4 593
5 5
5 7
5 8
5 10
5 11
5 13
5 14
5 16
5 17
5 19
5 20
5 22
5 23
5 25
5 26
5 28
5 29
5 31
5 32
5 34
5 35
5 37
5 38
5 40
5 41
5 46
5 47
5 52
5 53
5 55
5 56
5 58
5 59
5 61
5 62
5 64
5 65
5 67
5 68
5 70
5 71
5 73
5 74
5 76
5 77
5 79
5 80
5 82
5 83
5 85
5 86
5 88
5 89
5 91
5 92
5 94
5 95
5 97
5 98
5 100
5 101
5 106
5 107
5 109
5 110
5 112
5 113
5 115
5 116
5 118
5 119
5 121
5 122
5 124
5 125
5 127
5 128
5 130
5 131
5 133
5 134
5 136
5 137
5 139
5 140
5 142
5 143
5 145
5 146
5 148
5 149
5 151
5 152
5 154
5 155
5 157
5 158
5 160
5 161
5 163
5 164
5 165
5 166
5 167
5 169
5 170
5 172
5 173
5 175
5 176
5 178
5 179
5 180
5 181
5 182
5 184
5 185
5 187
5 188
5 189
5 190
5 192
5 193
5 194
5 196
5 197
5 199
5 200
5 201
5 202
5 203
5 205
5 206
5 207
5 208
5 210
5 211
5 212
5 213
5 215
5 216
5 217
5 219
5 220
5 221
5 222
5 223
5 225
5 226
5 227
5 228
5 229
5 231
5 232
5 233
5 234
5 235
5 236
5 238
5 239
5 240
5 241
5 242
5 244
5 245
5 246
5 247
5 248
5 250
5 251
5 252
5 253
5 254
5 255
5 257
5 258
5 259
5 260
5 261
5 262
5 263
5 264
5 265
5 267
5 268
5 269
5 270
5 271
5 272
5 273
5 274
5 276
5 277
5 278
5 279
5 280
5 281
5 283
5 284
5 285
5 286
5 287
5 288
5 289
5 290
5 291
5 293
5 294
5 295
5 296
5 297
5 298
5 299
5 300
5 302
5 303
5 304
5 305
5 307
5 308
5 309
5 310
5 312
5 313
5 314
5 315
5 316
5 317
5 319
5 320
5 321
5 322
5 323
5 325
5 326
5 327
5 329
5 330
5 331
5 332
5 334
5 335
5 336
5 337
5 339
5 340
5 341
5 342
5 344
5 345
5 346
5 347
5 349
5 350
5 351
5 353
5 354
5 355
5 357
5 358
5 359
5 360
5 362
5 363
5 364
5 365
5 367
5 368
5 369
5 370
5 372
5 373
5 374
5 375
5 377
5 378
5 379
5 381
5 382
5 384
5 385
5 387
5 388
5 390
5 391
5 393
5 394
5 396
5 397
5 399
5 400
5 402
5 403
5 405
5 406
5 408
5 409
5 411
5 412
5 414
5 415
5 417
5 418
5 420
5 421
5 423
5 424
5 425
5 426
5 427
5 429
5 430
5 432
5 433
5 435
5 436
5 438
5 439
5 441
5 442
5 444
5 445
5 447
5 448
5 450
5 451
5 491
5 492
5 493
5 548
5 549
5 550
5 591
5 592
5 593
6 6
6 7
6 8
6 183
6 184
6 186
6 188
7 7
7 181
7 182
7 183
7 184
7 187
8 8
8 180
8 182
8 185
8 186
8 188
9 9
9 11
9 24
9 26
9 183
10 10
10 25
10 181
10 182
10 184
11 11
11 24
11 26
11 180
11 182
11 185
11 189
12 12
12 14
12 27
12 29
12 191
13 13
13 28
13 181
13 182
13 192
14 14
14 27
14 29
14 180
14 190
14 193
15 15
15 17
15 30
15 32
15 195
16 16
16 31
16 181
16 182
16 196
17 17
17 30
17 32
17 180
17 182
17 194
17 197
18 18
18 198
19 19
19 181
19 182
19 199
20 20
20 180
20 182
20 200
21 21
21 22
21 24
21 25
21 186
22 22
22 24
22 25
22 181
22 182
22 187
22 201
23 23
23 26
23 180
23 182
23 188
24 24
24 26
24 27
24 28
24 42
24 44
24 204
25 25
25 27
25 28
25 43
25 181
25 182
25 202
25 205
26 26
26 29
26 42
26 44
26 180
26 182
26 203
26 206
27 27
27 29
27 30
27 31
27 45
27 47
27 209
28 28
28 30
28 31
28 46
28 181
28 182
28 207
28 210
29 29
29 32
29 45
29 47
29 180
29 208
29 211
30 30
30 32
30 33
30 34
30 48
30 50
30 214
31 31
31 33
31 34
31 49
31 181
31 182
31 212
31 215
32 32
32 35
32 48
32 50
32 180
32 182
32 213
32 216
33 33
33 34
33 218
34 34
34 181
34 182
34 217
34 219
35 35
35 180
35 182
35 220
36 36
36 37
36 39
36 40
36 224
37 37
37 39
37 40
37 221
37 223
37 225
38 38
38 41
38 222
38 226
39 39
39 40
39 41
39 42
39 43
39 60
39 62
39 230
40 40
40 42
40 43
40 61
40 181
40 182
40 228
40 231
41 41
41 44
41 60
41 62
41 180
41 182
41 229
41 232
42 42
42 43
42 44
42 45
42 46
43 43
43 45
43 46
44 44
44 47
45 45
45 48
45 49
45 63
45 65
45 237
46 46
46 48
46 49
46 64
46 233
46 236
46 238
47 47
47 50
47 63
47 65
47 234
47 235
47 239
48 48
48 49
48 50
48 51
48 52
49 49
49 51
49 52
50 50
50 53
51 51
51 52
51 53
51 54
51 55
51 66
51 68
51 243
52 52
52 54
52 55
52 67
52 181
52 182
52 241
52 244
53 53
53 56
53 66
53 68
53 180
53 182
53 242
53 245
54 54
54 55
54 249
55 55
55 246
55 248
55 250
56 56
56 247
56 251
57 57
57 58
57 60
57 61
57 256
58 58
58 60
58 61
58 253
58 255
58 257
59 59
59 62
59 254
59 258
60 60
60 61
60 63
60 64
60 75
60 77
61 61
61 63
61 64
61 76
61 260
62 62
62 65
62 75
62 77
62 261
63 63
63 64
63 66
63 67
63 78
63 80
63 266
64 64
64 66
64 67
64 79
64 262
64 265
64 267
65 65
65 68
65 78
65 80
65 263
65 264
65 268
66 66
66 67
66 69
66 70
66 81
66 83
67 67
67 69
67 70
67 82
67 270
68 68
68 71
68 81
68 83
68 271
69 69
69 70
69 275
70 70
70 272
70 274
70 276
71 71
71 273
71 277
72 72
72 73
72 75
72 76
72 282
73 73
73 75
73 76
73 279
73 281
73 283
74 74
74 77
74 280
74 284
75 75
75 76
75 77
75 78
75 79
75 90
75 91
75 92
76 76
76 77
76 78
76 79
76 90
76 91
76 92
76 286
77 77
77 80
77 90
77 91
77 92
77 287
78 78
78 79
78 81
78 82
78 96
78 98
78 292
79 79
79 81
79 82
79 97
79 288
79 291
79 293
80 80
80 83
80 96
80 98
80 289
80 290
80 294
81 81
81 82
81 84
81 85
81 102
81 104
82 82
82 84
82 85
82 103
82 296
83 83
83 86
83 102
83 104
83 297
84 84
84 85
84 301
85 85
85 298
85 300
85 302
86 86
86 299
86 303
87 87
87 88
87 90
87 91
87 306
88 88
88 90
88 91
88 305
88 307
88 492
88 493
89 89
89 92
89 308
89 491
89 493
90 90
90 91
90 92
90 93
90 94
90 311
91 91
91 92
91 93
91 94
91 309
91 312
91 492
91 493
92 92
92 95
92 310
92 313
92 491
92 493
93 93
93 94
93 95
93 114
93 116
93 174
93 175
94 94
94 115
94 174
94 175
94 314
95 95
95 114
95 116
95 176
95 315
96 96
96 97
96 117
96 119
96 174
96 175
96 177
96 178
96 318
97 97
97 118
97 174
97 175
97 177
97 178
97 316
97 319
97 492
97 493
98 98
98 117
98 119
98 176
98 179
98 317
98 320
98 491
98 493
99 99
99 100
99 101
99 102
99 103
99 120
99 122
99 177
99 178
100 100
100 102
100 103
100 121
100 177
100 178
100 321
101 101
101 104
101 120
101 122
101 179
101 322
102 102
102 103
102 104
102 105
102 106
103 103
103 105
103 106
104 104
104 107
105 105
105 106
105 324
106 106
106 323
106 325
106 492
106 493
107 107
107 326
107 491
107 493
108 108
108 109
108 111
108 112
108 328
109 109
109 111
109 112
109 327
109 329
109 492
109 493
110 110
110 113
110 330
110 491
110 493
111 111
111 114
111 115
111 333
112 112
112 114
112 115
112 331
112 334
112 492
112 493
113 113
113 116
113 332
113 335
113 491
113 493
114 114
114 115
114 117
114 118
114 132
114 134
114 338
115 115
115 117
115 118
115 133
115 336
115 339
115 492
115 493
116 116
116 119
116 132
116 134
116 337
116 340
116 491
116 493
117 117
117 120
117 121
117 135
117 137
117 343
118 118
118 120
118 121
118 136
118 341
118 344
118 492
118 493
119 119
119 122
119 135
119 137
119 342
119 345
119 491
119 493
120 120
120 123
120 124
120 138
120 140
120 348
121 121
121 123
121 124
121 139
121 346
121 349
121 492
121 493
122 122
122 125
122 138
122 140
122 347
122 350
122 491
122 493
123 123
123 124
123 352
124 124
124 351
124 353
124 492
124 493
125 125
125 354
125 491
125 493
126 126
126 127
126 129
126 130
126 356
127 127
127 129
127 130
127 355
127 357
127 492
127 493
128 128
128 131
128 358
128 491
128 493
129 129
129 132
129 133
129 361
130 130
130 132
130 133
130 359
130 362
130 492
130 493
131 131
131 134
131 360
131 363
131 491
131 493
132 132
132 133
132 135
132 136
132 150
132 152
132 366
133 133
133 135
133 136
133 151
133 364
133 367
133 492
133 493
134 134
134 137
134 150
134 152
134 365
134 368
134 491
134 493
135 135
135 138
135 139
135 153
135 155
135 371
136 136
136 138
136 139
136 154
136 369
136 372
136 492
136 493
137 137
137 140
137 153
137 155
137 370
137 373
137 491
137 493
138 138
138 141
138 142
138 156
138 158
138 376
139 139
139 141
139 142
139 157
139 374
139 377
139 492
139 493
140 140
140 143
140 156
140 158
140 375
140 378
140 491
140 493
141 141
141 142
141 380
142 142
142 379
142 381
142 492
142 493
143 143
143 382
143 491
143 493
144 144
144 145
144 146
144 147
144 148
144 162
144 164
144 383
144 386
145 145
145 147
145 148
145 163
145 384
145 387
145 492
145 493
145 549
145 550
146 146
146 149
146 162
146 164
146 385
146 388
146 491
146 493
146 548
146 550
147 147
147 150
147 151
147 389
147 392
148 148
148 150
148 151
148 390
148 393
148 492
148 493
148 549
148 550
149 149
149 152
149 391
149 394
149 491
149 493
149 548
149 550
150 150
150 151
150 152
150 153
150 154
150 395
150 398
151 151
151 153
151 154
151 396
151 399
151 492
151 493
151 549
151 550
152 152
152 155
152 397
152 400
152 491
152 493
152 548
152 550
153 153
153 155
153 156
153 157
153 401
153 404
154 154
154 156
154 157
154 402
154 405
154 492
154 493
154 549
154 550
155 155
155 158
155 403
155 406
155 491
155 493
155 548
155 550
156 156
156 159
156 160
156 165
156 167
156 407
156 410
157 157
157 159
157 160
157 166
157 408
157 411
157 492
157 493
157 549
157 550
158 158
158 161
158 165
158 167
158 409
158 412
158 491
158 493
158 548
158 550
159 159
159 160
159 413
159 416
160 160
160 414
160 417
160 492
160 493
160 549
160 550
161 161
161 415
161 418
161 491
161 493
161 548
161 550
162 162
162 164
162 419
162 422
163 163
163 420
163 423
163 549
163 550
163 592
163 593
164 164
164 421
164 424
164 548
164 550
164 591
164 593
165 165
165 166
165 167
165 168
165 169
165 425
165 427
165 428
165 431
165 591
165 593
166 166
166 168
166 169
166 426
166 429
166 432
166 492
166 493
166 549
166 550
166 592
166 593
167 167
167 170
167 425
167 427
167 430
167 433
167 491
167 493
167 548
167 550
167 591
167 593
168 168
168 169
168 434
168 437
169 169
169 435
169 438
169 492
169 493
169 549
169 550
170 170
170 436
170 439
170 491
170 493
170 548
170 550
171 171
171 440
171 443
172 172
172 441
172 444
172 549
172 550
172 592
172 593
173 173
173 442
173 445
173 548
173 550
173 591
173 593
174 174
174 175
174 446
175 175
175 447
175 492
175 493
176 176
176 448
176 491
176 493
177 177
177 178
177 449
178 178
178 450
178 492
178 493
179 179
179 451
179 491
179 493
180 180
180 182
180 185
180 188
180 193
180 197
180 200
180 206
180 211
180 216
180 220
180 222
180 226
180 232
180 235
180 239
180 245
180 247
180 251
180 454
180 460
180 466
180 469
180 472
180 633
180 636
180 639
180 640
180 642
181 181
181 182
181 184
181 187
181 192
181 196
181 199
181 205
181 210
181 215
181 219
181 223
181 225
181 231
181 236
181 238
181 244
181 248
181 250
181 453
181 459
181 465
181 468
181 471
181 632
181 635
181 638
181 641
181 642
182 182
182 184
182 185
182 187
182 188
182 192
182 196
182 197
182 199
182 200
182 205
182 206
182 210
182 215
182 216
182 219
182 220
182 222
182 223
182 225
182 226
182 227
182 231
182 232
182 236
182 238
182 240
182 244
182 245
182 247
182 248
182 250
182 251
182 252
182 453
182 454
182 459
182 465
182 466
182 468
182 469
182 471
182 472
182 632
182 633
182 635
182 638
182 639
182 640
182 641
182 642
183 183
183 185
183 191
183 192
183 204
183 206
184 184
184 191
184 192
184 205
185 185
185 193
185 204
185 206
186 186
186 187
186 188
186 204
186 205
186 452
186 454
187 187
187 204
187 205
187 453
188 188
188 206
188 452
188 454
189 189
190 190
191 191
191 193
191 195
191 196
191 209
191 211
192 192
192 195
192 196
192 210
193 193
193 197
193 209
193 211
194 194
195 195
195 197
195 198
195 199
195 214
195 216
196 196
196 198
196 199
196 215
197 197
197 200
197 214
197 216
198 198
198 199
198 200
198 218
198 220
199 199
199 219
200 200
200 218
200 220
201 201
202 202
203 203
204 204
204 206
204 209
204 210
204 455
204 457
205 205
205 209
205 210
205 456
206 206
206 211
206 455
206 457
207 207
208 208
209 209
209 211
209 214
209 215
209 458
209 460
210 210
210 214
210 215
210 459
211 211
211 216
211 458
211 460
212 212
213 213
214 214
214 216
214 218
214 219
214 461
214 463
215 215
215 218
215 219
215 462
216 216
216 220
216 461
216 463
217 217
218 218
218 219
218 220
218 464
218 466
219 219
219 465
220 220
220 464
220 466
221 221
222 222
222 226
222 254
222 454
223 223
223 225
223 227
223 255
223 259
223 453
224 224
224 226
224 256
224 258
224 452
225 225
225 257
225 453
226 226
226 256
226 258
226 454
227 227
227 255
227 259
228 228
229 229
230 230
230 231
230 452
230 453
230 455
230 456
230 467
231 231
231 452
231 453
231 455
231 456
231 468
231 641
231 642
232 232
232 454
232 457
232 469
232 640
232 642
233 233
234 234
235 235
235 239
235 264
235 460
236 236
236 238
236 240
236 265
236 269
236 459
237 237
237 239
237 266
237 268
237 458
238 238
238 267
238 459
239 239
239 266
239 268
239 460
240 240
240 265
240 269
241 241
242 242
243 243
243 244
243 461
243 462
243 464
243 465
243 470
244 244
244 461
244 462
244 464
244 465
244 471
244 641
244 642
245 245
245 463
245 466
245 472
245 640
245 642
246 246
247 247
247 251
247 273
247 466
248 248
248 250
248 252
248 274
248 278
248 465
249 249
249 251
249 275
249 277
249 464
250 250
250 276
250 465
251 251
251 275
251 277
251 466
252 252
252 274
252 278
253 253
254 254
254 258
254 280
254 475
254 640
254 642
255 255
255 257
255 281
255 285
255 474
255 641
255 642
256 256
256 282
256 284
256 473
257 257
257 283
257 474
257 641
257 642
258 258
258 282
258 284
258 475
258 640
258 642
259 259
259 281
259 285
259 642
260 260
261 261
262 262
263 263
264 264
264 268
264 290
264 478
264 640
264 642
265 265
265 267
265 291
265 295
265 477
265 641
265 642
266 266
266 292
266 294
266 476
267 267
267 293
267 477
267 641
267 642
268 268
268 292
268 294
268 478
268 640
268 642
269 269
269 291
269 295
269 642
270 270
271 271
272 272
273 273
273 277
273 299
273 481
273 640
273 642
274 274
274 276
274 300
274 304
274 480
274 641
274 642
275 275
275 301
275 303
275 479
276 276
276 302
276 480
276 641
276 642
277 277
277 301
277 303
277 481
277 640
277 642
278 278
278 300
278 304
278 642
279 279
280 280
280 284
280 484
280 491
280 493
280 640
280 642
281 281
281 283
281 483
281 492
281 493
281 641
281 642
282 282
282 306
282 308
282 482
283 283
283 307
283 483
283 641
283 642
284 284
284 306
284 308
284 484
284 640
284 642
285 285
285 492
285 493
285 642
286 286
287 287
288 288
289 289
290 290
290 294
290 487
290 491
290 493
290 640
290 642
291 291
291 293
291 486
291 492
291 493
291 641
291 642
292 292
292 318
292 320
292 485
293 293
293 319
293 486
293 641
293 642
294 294
294 318
294 320
294 487
294 640
294 642
295 295
295 492
295 493
295 642
296 296
297 297
298 298
299 299
299 303
299 490
299 491
299 493
299 640
299 642
300 300
300 302
300 489
300 492
300 493
300 641
300 642
301 301
301 324
301 326
301 488
302 302
302 325
302 489
302 641
302 642
303 303
303 324
303 326
303 490
303 640
303 642
304 304
304 492
304 493
304 642
305 305
306 306
306 307
306 311
306 312
306 328
306 330
306 494
307 307
307 311
307 312
307 329
307 492
307 493
307 495
307 641
307 642
308 308
308 313
308 328
308 330
308 491
308 493
308 496
308 640
308 642
309 309
310 310
311 311
311 497
311 498
311 500
312 312
312 492
312 493
312 497
312 498
312 501
312 641
312 642
313 313
313 491
313 493
313 499
313 502
313 640
313 642
314 314
315 315
316 316
317 317
318 318
318 319
318 343
318 345
318 446
318 447
318 449
318 450
318 503
319 319
319 344
319 446
319 447
319 449
319 450
319 492
319 493
319 504
319 641
319 642
320 320
320 343
320 345
320 448
320 451
320 491
320 493
320 505
320 640
320 642
321 321
322 322
323 323
324 324
324 325
324 352
324 354
324 506
324 507
324 509
325 325
325 353
325 492
325 493
325 506
325 507
325 510
325 641
325 642
326 326
326 352
326 354
326 491
326 493
326 508
326 511
326 640
326 642
327 327
328 328
328 329
328 333
328 334
328 356
328 358
328 512
329 329
329 333
329 334
329 357
329 492
329 493
329 513
329 641
329 642
330 330
330 335
330 356
330 358
330 491
330 493
330 514
330 640
330 642
331 331
332 332
333 333
333 335
333 338
333 339
333 361
333 363
333 515
334 334
334 338
334 339
334 362
334 492
334 493
334 516
334 641
334 642
335 335
335 340
335 361
335 363
335 491
335 493
335 517
335 640
335 642
336 336
337 337
338 338
338 339
338 343
338 344
338 366
338 368
338 497
338 499
338 518
339 339
339 343
339 344
339 367
339 492
339 493
339 498
339 519
339 641
339 642
340 340
340 345
340 366
340 368
340 491
340 493
340 497
340 499
340 520
340 640
340 642
341 341
342 342
343 343
343 348
343 349
343 371
343 373
343 521
344 344
344 348
344 349
344 372
344 492
344 493
344 522
344 641
344 642
345 345
345 350
345 371
345 373
345 491
345 493
345 523
345 640
345 642
346 346
347 347
348 348
348 352
348 353
348 376
348 378
348 506
348 508
348 524
349 349
349 352
349 353
349 377
349 492
349 493
349 507
349 525
349 641
349 642
350 350
350 354
350 376
350 378
350 491
350 493
350 506
350 508
350 526
350 640
350 642
351 351
352 352
352 353
352 380
352 382
352 527
353 353
353 381
353 492
353 493
353 528
353 641
353 642
354 354
354 380
354 382
354 491
354 493
354 529
354 640
354 642
355 355
356 356
356 357
356 361
356 362
356 386
356 388
356 530
357 357
357 361
357 362
357 387
357 492
357 493
357 531
357 641
357 642
358 358
358 363
358 386
358 388
358 491
358 493
358 532
358 640
358 642
359 359
360 360
361 361
361 366
361 367
361 392
361 394
361 533
362 362
362 366
362 367
362 393
362 492
362 493
362 534
362 641
362 642
363 363
363 368
363 392
363 394
363 491
363 493
363 535
363 640
363 642
364 364
365 365
366 366
366 367
366 371
366 372
366 398
366 400
366 536
367 367
367 371
367 372
367 399
367 492
367 493
367 537
367 641
367 642
368 368
368 373
368 398
368 400
368 491
368 493
368 538
368 640
368 642
369 369
370 370
371 371
371 376
371 377
371 404
371 406
371 539
372 372
372 376
372 377
372 405
372 492
372 493
372 540
372 641
372 642
373 373
373 378
373 404
373 406
373 491
373 493
373 541
373 640
373 642
374 374
375 375
376 376
376 380
376 381
376 410
376 412
376 542
377 377
377 380
377 381
377 411
377 492
377 493
377 543
377 641
377 642
378 378
378 382
378 410
378 412
378 491
378 493
378 544
378 640
378 642
379 379
380 380
380 381
380 416
380 418
380 545
381 381
381 417
381 492
381 493
381 546
381 641
381 642
382 382
382 416
382 418
382 491
382 493
382 547
382 640
382 642
383 383
383 384
383 389
383 390
384 384
384 389
384 390
384 549
384 550
384 551
385 385
385 391
385 548
385 550
386 386
386 387
386 388
386 392
386 393
387 387
387 392
387 393
387 492
387 493
388 388
388 394
388 491
388 493
389 389
389 395
389 396
390 390
390 395
390 396
390 549
390 550
390 552
391 391
391 397
391 548
391 550
391 553
392 392
392 398
392 399
392 554
392 556
392 557
393 393
393 398
393 399
393 492
393 493
393 555
393 558
393 641
393 642
394 394
394 400
394 491
394 493
394 554
394 556
394 559
394 640
394 642
395 395
395 396
395 397
395 401
395 402
395 560
395 562
396 396
396 401
396 402
396 549
396 550
396 561
396 563
397 397
397 403
397 548
397 550
397 560
397 562
397 564
398 398
398 399
398 404
398 405
398 565
398 567
398 568
399 399
399 404
399 405
399 492
399 493
399 566
399 569
399 641
399 642
400 400
400 406
400 491
400 493
400 565
400 567
400 570
400 640
400 642
401 401
401 403
401 407
401 408
401 571
401 573
402 402
402 407
402 408
402 549
402 550
402 572
402 574
403 403
403 409
403 548
403 550
403 571
403 573
403 575
404 404
404 410
404 411
404 576
404 578
404 579
405 405
405 410
405 411
405 492
405 493
405 577
405 580
405 641
405 642
406 406
406 412
406 491
406 493
406 576
406 578
406 581
406 640
406 642
407 407
407 409
407 413
407 414
407 428
407 430
408 408
408 413
408 414
408 429
408 549
408 550
408 582
409 409
409 415
409 428
409 430
409 548
409 550
409 583
410 410
410 416
410 417
410 431
410 433
410 584
411 411
411 416
411 417
411 432
411 492
411 493
411 585
411 641
411 642
412 412
412 418
412 431
412 433
412 491
412 493
412 586
412 640
412 642
413 413
413 414
414 414
414 549
414 550
414 587
415 415
415 548
415 550
416 416
416 417
416 437
416 439
416 588
417 417
417 438
417 492
417 493
417 589
417 641
417 642
418 418
418 437
418 439
418 491
418 493
418 590
418 640
418 642
419 419
420 420
420 549
420 550
421 421
421 548
421 550
422 422
422 423
422 594
422 595
423 423
423 592
423 593
423 594
423 595
424 424
424 591
424 593
424 596
425 425
425 427
425 443
425 444
425 591
425 593
425 597
425 598
425 600
425 602
425 603
425 606
426 426
426 443
426 444
426 492
426 493
426 549
426 550
426 592
426 593
426 597
426 598
426 601
426 604
426 607
427 427
427 445
427 491
427 493
427 548
427 550
427 591
427 593
427 599
427 600
427 602
427 605
427 608
428 428
428 434
428 435
428 571
428 572
428 603
428 605
429 429
429 434
429 435
429 549
429 550
429 571
429 572
429 604
429 609
430 430
430 436
430 548
430 550
430 573
430 603
430 605
430 610
431 431
431 432
431 437
431 438
431 606
431 608
431 611
432 432
432 437
432 438
432 492
432 493
432 607
432 612
432 641
432 642
433 433
433 439
433 491
433 493
433 606
433 608
433 613
433 640
433 642
434 434
434 435
435 435
435 549
435 550
435 614
436 436
436 548
436 550
437 437
437 438
437 615
437 617
437 618
438 438
438 492
438 493
438 616
438 619
438 641
438 642
439 439
439 491
439 493
439 615
439 617
439 620
439 640
439 642
440 440
440 441
440 603
440 604
441 441
441 549
441 550
441 603
441 604
441 621
442 442
442 548
442 550
442 605
443 443
443 444
443 445
443 615
443 622
443 624
444 444
444 492
444 493
444 592
444 593
444 616
444 623
445 445
445 491
445 493
445 591
445 593
445 617
445 622
445 624
446 446
446 447
446 497
446 498
446 625
447 447
447 492
447 493
447 497
447 498
447 626
447 641
447 642
448 448
448 491
448 493
448 499
448 627
448 640
448 642
449 449
449 450
449 506
449 507
449 628
450 450
450 492
450 493
450 506
450 507
450 629
450 641
450 642
451 451
451 491
451 493
451 508
451 630
451 640
451 642
452 452
452 453
452 454
452 631
453 453
453 632
453 641
453 642
454 454
454 633
454 640
454 642
455 455
455 456
455 457
455 458
455 459
456 456
456 458
456 459
457 457
457 460
458 458
458 460
458 461
458 462
458 634
459 459
459 461
459 462
459 635
459 641
459 642
460 460
460 463
460 636
460 640
460 642
461 461
461 462
461 463
462 462
463 463
464 464
464 465
464 466
464 637
465 465
465 638
465 641
465 642
466 466
466 639
466 640
466 642
467 467
467 468
467 631
467 632
467 634
467 635
467 643
468 468
468 631
468 632
468 634
468 635
468 641
468 642
468 644
468 968
468 969
469 469
469 633
469 636
469 640
469 642
469 645
469 967
469 969
470 470
470 471
470 634
470 635
470 637
470 638
470 646
471 471
471 634
471 635
471 637
471 638
471 641
471 642
471 647
471 968
471 969
472 472
472 636
472 639
472 640
472 642
472 648
472 967
472 969
473 473
473 482
473 484
473 631
473 633
473 649
474 474
474 483
474 632
474 650
474 968
474 969
475 475
475 482
475 484
475 631
475 633
475 640
475 642
475 651
475 967
475 969
476 476
476 485
476 487
476 634
476 636
476 652
477 477
477 486
477 635
477 653
477 968
477 969
478 478
478 485
478 487
478 634
478 636
478 640
478 642
478 654
478 967
478 969
479 479
479 488
479 490
479 637
479 639
479 655
480 480
480 489
480 638
480 656
480 968
480 969
481 481
481 488
481 490
481 637
481 639
481 640
481 642
481 657
481 967
481 969
482 482
482 494
482 496
482 658
483 483
483 495
483 659
483 968
483 969
484 484
484 494
484 496
484 640
484 642
484 660
484 967
484 969
485 485
485 503
485 505
485 661
486 486
486 504
486 662
486 968
486 969
487 487
487 503
487 505
487 640
487 642
487 663
487 967
487 969
488 488
488 509
488 511
488 664
489 489
489 510
489 665
489 968
489 969
490 490
490 509
490 511
490 640
490 642
490 666
490 967
490 969
491 491
491 493
491 496
491 502
491 505
491 511
491 514
491 517
491 520
491 523
491 526
491 529
491 532
491 535
491 538
491 541
491 544
491 547
491 556
491 559
491 570
491 578
491 581
491 586
491 590
491 591
491 593
491 596
491 599
491 602
491 613
491 620
491 624
491 627
491 630
491 640
491 642
491 675
491 708
491 711
491 821
491 824
491 830
491 834
491 838
491 853
491 856
491 859
491 862
491 868
491 871
491 874
491 877
491 880
491 883
491 886
491 889
491 897
491 903
491 930
491 933
491 936
491 939
491 942
491 945
491 948
491 951
491 954
491 957
491 960
491 963
491 966
492 492
492 493
492 495
492 501
492 504
492 510
492 513
492 516
492 519
492 522
492 525
492 528
492 531
492 534
492 537
492 540
492 543
492 546
492 555
492 558
492 569
492 577
492 580
492 585
492 589
492 592
492 593
492 595
492 598
492 601
492 612
492 619
492 623
492 626
492 629
492 641
492 642
492 674
492 678
492 690
492 707
492 710
492 820
492 823
492 831
492 833
492 837
492 852
492 855
492 858
492 861
492 867
492 870
492 873
492 876
492 879
492 882
492 885
492 888
492 896
492 902
492 929
492 932
492 935
492 938
492 941
492 944
492 947
492 950
492 953
492 956
492 959
492 962
492 965
493 493
493 495
493 496
493 501
493 502
493 504
493 505
493 510
493 511
493 513
493 514
493 516
493 517
493 519
493 520
493 522
493 523
493 525
493 526
493 528
493 529
493 531
493 532
493 534
493 535
493 537
493 538
493 540
493 541
493 543
493 544
493 546
493 547
493 555
493 556
493 558
493 559
493 569
493 570
493 577
493 578
493 580
493 581
493 585
493 586
493 589
493 590
493 591
493 592
493 593
493 595
493 596
493 598
493 599
493 601
493 602
493 612
493 613
493 619
493 620
493 623
493 624
493 626
493 627
493 629
493 630
493 640
493 641
493 642
493 674
493 675
493 676
493 707
493 708
493 709
493 710
493 711
493 820
493 821
493 823
493 824
493 830
493 831
493 833
493 834
493 835
493 837
493 838
493 852
493 853
493 855
493 856
493 858
493 859
493 861
493 862
493 867
493 868
493 870
493 871
493 873
493 874
493 876
493 877
493 879
493 880
493 882
493 883
493 885
493 886
493 888
493 889
493 896
493 897
493 902
493 903
493 929
493 930
493 932
493 933
493 935
493 936
493 938
493 939
493 941
493 942
493 944
493 945
493 947
493 948
493 950
493 951
493 953
493 954
493 956
493 957
493 959
493 960
493 962
493 963
493 965
493 966
494 494
494 495
494 500
494 501
494 512
494 514
495 495
495 500
495 501
495 513
495 641
495 642
496 496
496 502
496 512
496 514
496 640
496 642
497 497
497 498
497 499
498 498
499 499
500 500
500 712
500 713
500 715
501 501
501 641
501 642
501 712
501 713
501 716
501 968
501 969
502 502
502 714
502 717
502 967
502 969
503 503
503 504
503 521
503 523
503 625
503 626
503 628
503 629
503 718
504 504
504 522
504 625
504 626
504 628
504 629
504 641
504 642
504 719
504 968
504 969
505 505
505 521
505 523
505 627
505 630
505 640
505 642
505 720
505 967
505 969
506 506
506 507
506 508
507 507
508 508
509 509
509 510
509 527
509 529
509 721
509 722
509 724
510 510
510 528
510 641
510 642
510 721
510 722
510 725
510 968
510 969
511 511
511 527
511 529
511 640
511 642
511 723
511 726
511 967
511 969
512 512
512 513
512 515
512 516
512 530
512 532
513 513
513 515
513 516
513 531
513 641
513 642
514 514
514 517
514 530
514 532
514 640
514 642
515 515
515 517
515 518
515 519
515 533
515 535
515 727
516 516
516 518
516 519
516 534
516 728
516 968
516 969
517 517
517 520
517 533
517 535
517 729
517 967
517 969
518 518
518 519
518 521
518 522
518 536
518 538
518 712
518 714
518 730
519 519
519 521
519 522
519 537
519 713
519 731
519 968
519 969
520 520
520 523
520 536
520 538
520 712
520 714
520 732
520 967
520 969
521 521
521 524
521 525
521 539
521 541
521 733
522 522
522 524
522 525
522 540
522 734
522 968
522 969
523 523
523 526
523 539
523 541
523 735
523 967
523 969
524 524
524 527
524 528
524 542
524 544
524 721
524 723
524 736
525 525
525 527
525 528
525 543
525 722
525 737
525 968
525 969
526 526
526 529
526 542
526 544
526 721
526 723
526 738
526 967
526 969
527 527
527 528
527 545
527 547
527 739
528 528
528 546
528 641
528 642
528 740
528 968
528 969
529 529
529 545
529 547
529 640
529 642
529 741
529 967
529 969
530 530
530 531
530 532
530 533
530 534
531 531
531 533
531 534
531 641
531 642
532 532
532 535
532 640
532 642
533 533
533 534
533 536
533 537
533 557
533 559
533 742
534 534
534 536
534 537
534 558
534 743
534 968
534 969
535 535
535 538
535 557
535 559
535 744
535 967
535 969
536 536
536 537
536 539
536 540
536 568
536 570
536 745
537 537
537 539
537 540
537 569
537 746
537 968
537 969
538 538
538 541
538 568
538 570
538 747
538 967
538 969
539 539
539 542
539 543
539 579
539 581
539 748
540 540
540 542
540 543
540 580
540 749
540 968
540 969
541 541
541 544
541 579
541 581
541 750
541 967
541 969
542 542
542 545
542 546
542 584
542 586
542 751
543 543
543 545
543 546
543 585
543 752
543 968
543 969
544 544
544 547
544 584
544 586
544 753
544 967
544 969
545 545
545 546
545 588
545 590
545 754
546 546
546 589
546 641
546 642
546 755
546 968
546 969
547 547
547 588
547 590
547 640
547 642
547 756
547 967
547 969
548 548
548 550
548 553
548 562
548 564
548 573
548 575
548 583
548 591
548 593
548 596
548 599
548 602
548 605
548 610
548 759
548 762
548 765
548 768
548 771
548 774
548 777
548 780
548 783
548 786
548 789
548 792
548 795
548 798
548 801
548 804
548 807
548 810
548 813
548 816
548 818
548 821
548 829
548 830
548 834
548 850
548 853
548 856
548 859
548 862
548 865
548 868
548 871
548 874
548 880
548 883
548 892
548 894
548 977
548 979
548 981
548 983
548 986
548 988
548 990
548 991
548 992
548 993
549 549
549 550
549 551
549 552
549 561
549 563
549 572
549 574
549 582
549 587
549 592
549 593
549 595
549 598
549 601
549 604
549 609
549 614
549 621
549 758
549 761
549 764
549 767
549 770
549 773
549 776
549 779
549 782
549 785
549 788
549 791
549 794
549 797
549 800
549 803
549 806
549 809
549 812
549 815
549 817
549 820
549 828
549 831
549 833
549 849
549 852
549 855
549 858
549 861
549 864
549 867
549 870
549 873
549 879
549 882
549 891
549 893
549 976
549 978
549 980
549 982
549 984
549 985
549 987
549 989
550 550
550 551
550 552
550 553
550 561
550 562
550 563
550 564
550 572
550 573
550 574
550 575
550 582
550 583
550 587
550 591
550 592
550 593
550 595
550 596
550 598
550 599
550 601
550 602
550 604
550 605
550 609
550 610
550 614
550 621
550 758
550 759
550 761
550 762
550 764
550 765
550 767
550 768
550 770
550 771
550 773
550 774
550 776
550 777
550 779
550 780
550 782
550 783
550 785
550 786
550 788
550 789
550 791
550 792
550 794
550 795
550 797
550 798
550 800
550 801
550 803
550 804
550 806
550 807
550 809
550 810
550 812
550 813
550 815
550 816
550 817
550 818
550 820
550 821
550 828
550 829
550 830
550 831
550 833
550 834
550 835
550 849
550 850
550 852
550 853
550 855
550 856
550 858
550 859
550 861
550 862
550 864
550 865
550 867
550 868
550 870
550 871
550 873
550 874
550 879
550 880
550 882
550 883
550 891
550 892
550 893
550 894
550 976
550 977
550 978
550 979
550 980
550 981
550 982
550 983
550 984
550 985
550 986
550 987
550 988
550 989
550 990
550 991
550 992
550 993
551 551
552 552
553 553
554 554
554 555
554 556
554 565
554 566
554 594
555 555
555 565
555 566
555 592
555 593
555 595
556 556
556 567
556 591
556 593
556 596
557 557
557 558
557 559
557 568
557 569
558 558
558 568
558 569
558 641
558 642
559 559
559 570
559 640
559 642
560 560
560 561
560 571
560 572
560 757
560 758
560 766
560 768
560 819
561 561
561 571
561 572
561 592
561 593
561 757
561 758
561 767
561 817
561 820
562 562
562 573
562 591
562 593
562 759
562 766
562 768
562 818
562 821
563 563
564 564
565 565
565 566
565 576
565 577
565 667
565 669
565 819
565 822
566 566
566 576
566 577
566 592
566 593
566 641
566 642
566 668
566 820
566 823
567 567
567 578
567 591
567 593
567 640
567 642
567 667
567 669
567 821
567 824
568 568
568 569
568 579
568 580
568 822
568 824
568 825
569 569
569 579
569 580
569 823
569 826
569 968
569 969
570 570
570 581
570 822
570 824
570 827
570 967
570 969
571 571
571 769
571 771
571 832
572 572
572 770
572 828
572 831
572 833
573 573
573 769
573 771
573 829
573 830
573 834
574 574
575 575
576 576
576 577
576 578
576 832
576 836
577 577
577 641
577 642
577 831
577 833
577 837
578 578
578 640
578 642
578 830
578 834
578 838
579 579
579 584
579 585
579 836
579 838
579 839
580 580
580 584
580 585
580 837
580 840
580 968
580 969
581 581
581 586
581 836
581 838
581 841
581 967
581 969
582 582
583 583
584 584
584 588
584 589
584 611
584 613
584 842
585 585
585 588
585 589
585 612
585 843
585 968
585 969
586 586
586 590
586 611
586 613
586 844
586 967
586 969
587 587
588 588
588 589
588 618
588 620
588 845
589 589
589 619
589 846
589 968
589 969
590 590
590 618
590 620
590 847
590 967
590 969
591 591
591 593
591 605
591 608
591 617
591 624
591 669
591 672
591 675
591 678
591 681
591 684
591 687
591 690
591 693
591 696
591 699
591 702
591 705
591 708
591 711
591 759
591 762
591 768
591 771
591 777
591 780
591 783
591 786
591 789
591 795
591 798
591 801
591 807
591 810
591 816
591 850
591 865
591 877
591 886
591 889
591 892
591 907
591 911
591 1000
591 1004
591 1006
591 1010
592 592
592 593
592 604
592 607
592 616
592 623
592 668
592 671
592 674
592 677
592 680
592 683
592 686
592 689
592 692
592 695
592 698
592 701
592 704
592 707
592 710
592 758
592 761
592 767
592 770
592 776
592 779
592 782
592 785
592 788
592 794
592 797
592 800
592 806
592 809
592 815
592 849
592 864
592 876
592 885
592 888
592 891
592 908
592 910
592 1001
592 1003
592 1007
592 1009
593 593
593 594
593 604
593 605
593 607
593 608
593 616
593 617
593 623
593 624
593 668
593 669
593 671
593 672
593 674
593 675
593 677
593 678
593 680
593 681
593 683
593 684
593 686
593 687
593 689
593 690
593 692
593 693
593 695
593 696
593 698
593 699
593 701
593 702
593 704
593 705
593 707
593 708
593 710
593 711
593 758
593 759
593 761
593 762
593 767
593 768
593 770
593 771
593 776
593 777
593 779
593 780
593 782
593 783
593 785
593 786
593 788
593 789
593 794
593 795
593 797
593 798
593 800
593 801
593 806
593 807
593 809
593 810
593 815
593 816
593 848
593 849
593 850
593 864
593 865
593 876
593 877
593 885
593 886
593 888
593 889
593 891
593 892
593 907
593 908
593 910
593 911
593 912
593 1000
593 1001
593 1003
593 1004
593 1005
593 1006
593 1007
593 1009
593 1010
593 1011
594 594
594 595
594 596
594 757
594 819
594 820
594 848
594 850
595 595
595 758
595 819
595 820
595 849
596 596
596 759
596 821
596 848
596 850
597 597
597 599
597 670
597 769
597 851
597 852
597 860
597 862
598 598
598 671
598 770
598 851
598 852
598 861
599 599
599 672
599 771
599 853
599 860
599 862
600 600
600 622
600 623
600 682
600 784
600 860
600 861
600 872
600 874
601 601
601 622
601 623
601 683
601 785
601 860
601 861
601 873
602 602
602 624
602 684
602 786
602 862
602 872
602 874
603 603
603 769
603 770
603 784
603 786
604 604
604 769
604 770
604 785
604 893
605 605
605 771
605 784
605 786
605 894
606 606
606 615
606 616
606 670
606 671
606 682
606 684
606 895
607 607
607 615
607 616
607 641
607 642
607 670
607 671
607 683
607 896
608 608
608 617
608 640
608 642
608 672
608 682
608 684
608 897
609 609
610 610
611 611
611 612
611 618
611 619
611 895
611 897
611 898
612 612
612 618
612 619
612 896
612 899
612 968
612 969
613 613
613 620
613 895
613 897
613 900
613 967
613 969
614 614
615 615
615 616
615 685
615 687
615 901
616 616
616 641
616 642
616 686
616 902
617 617
617 640
617 642
617 685
617 687
617 903
618 618
618 619
618 901
618 903
618 904
619 619
619 902
619 905
619 968
619 969
620 620
620 901
620 903
620 906
620 967
620 969
621 621
622 622
622 623
622 685
622 875
622 877
622 909
623 623
623 686
623 876
623 908
623 910
624 624
624 687
624 875
624 877
624 907
624 911
625 625
625 626
625 712
625 713
625 913
626 626
626 641
626 642
626 712
626 713
626 914
626 968
626 969
627 627
627 714
627 915
627 967
627 969
628 628
628 629
628 721
628 722
628 916
629 629
629 641
629 642
629 721
629 722
629 917
629 968
629 969
630 630
630 723
630 918
630 967
630 969
631 631
631 632
631 633
631 919
632 632
632 641
632 642
632 920
632 968
632 969
633 633
633 640
633 642
633 921
633 967
633 969
634 634
634 635
634 636
634 922
635 635
635 641
635 642
635 923
635 968
635 969
636 636
636 640
636 642
636 924
636 967
636 969
637 637
637 638
637 639
637 925
638 638
638 641
638 642
638 926
638 968
638 969
639 639
639 640
639 642
639 927
639 967
639 969
640 640
640 642
640 645
640 648
640 651
640 654
640 657
640 660
640 663
640 666
640 669
640 672
640 678
640 681
640 684
640 687
640 690
640 693
640 696
640 699
640 702
640 705
640 708
640 717
640 720
640 726
640 729
640 732
640 735
640 738
640 741
640 744
640 747
640 750
640 753
640 756
640 827
640 841
640 844
640 847
640 900
640 906
640 915
640 918
640 921
640 924
640 927
640 948
640 957
640 967
640 969
640 996
640 999
640 1014
640 1017
640 1026
640 1029
640 1032
640 1035
640 1038
640 1041
640 1044
640 1047
640 1050
640 1053
640 1056
640 1059
641 641
641 642
641 644
641 647
641 650
641 653
641 656
641 659
641 662
641 665
641 668
641 671
641 677
641 680
641 683
641 686
641 689
641 692
641 695
641 698
641 701
641 704
641 707
641 716
641 719
641 725
641 728
641 731
641 734
641 737
641 740
641 743
641 746
641 749
641 752
641 755
641 826
641 840
641 843
641 846
641 899
641 905
641 914
641 917
641 920
641 923
641 926
641 947
641 956
641 968
641 969
641 995
641 998
641 1013
641 1016
641 1025
641 1028
641 1031
641 1034
641 1037
641 1040
641 1043
641 1046
641 1049
641 1052
641 1055
641 1058
642 642
642 644
642 645
642 647
642 648
642 650
642 651
642 653
642 654
642 656
642 657
642 659
642 660
642 662
642 663
642 665
642 666
642 668
642 669
642 671
642 672
642 677
642 678
642 680
642 681
642 683
642 684
642 686
642 687
642 689
642 690
642 692
642 693
642 695
642 696
642 698
642 699
642 701
642 702
642 704
642 705
642 707
642 708
642 716
642 717
642 719
642 720
642 725
642 726
642 728
642 729
642 731
642 732
642 734
642 735
642 737
642 738
642 740
642 741
642 743
642 744
642 746
642 747
642 749
642 750
642 752
642 753
642 755
642 756
642 826
642 827
642 840
642 841
642 843
642 844
642 846
642 847
642 899
642 900
642 905
642 906
642 914
642 915
642 917
642 918
642 920
642 921
642 923
642 924
642 926
642 927
642 947
642 948
642 956
642 957
642 967
642 968
642 969
642 995
642 996
642 998
642 999
642 1013
642 1014
642 1016
642 1017
642 1025
642 1026
642 1028
642 1029
642 1031
642 1032
642 1034
642 1035
642 1037
642 1038
642 1040
642 1041
642 1043
642 1044
642 1046
642 1047
642 1049
642 1050
642 1052
642 1053
642 1055
642 1056
642 1058
642 1059
643 643
643 644
643 919
643 920
643 922
643 923
644 644
644 919
644 920
644 922
644 923
644 968
644 969
645 645
645 921
645 924
645 967
645 969
646 646
646 647
646 922
646 923
646 925
646 926
647 647
647 922
647 923
647 925
647 926
647 968
647 969
648 648
648 924
648 927
648 967
648 969
649 649
649 658
649 660
649 919
649 921
650 650
650 659
650 920
650 968
650 969
651 651
651 658
651 660
651 919
651 921
651 967
651 969
652 652
652 661
652 663
652 922
652 924
653 653
653 662
653 923
653 968
653 969
654 654
654 661
654 663
654 922
654 924
654 967
654 969
655 655
655 664
655 666
655 925
655 927
656 656
656 665
656 926
656 968
656 969
657 657
657 664
657 666
657 925
657 927
657 967
657 969
658 658
658 660
659 659
659 968
659 969
660 660
660 967
660 969
661 661
661 718
661 720
662 662
662 719
662 968
662 969
663 663
663 718
663 720
663 967
663 969
664 664
664 724
664 726
665 665
665 725
665 968
665 969
666 666
666 724
666 726
666 967
666 969
667 667
667 668
667 670
667 671
667 673
667 675
667 851
667 928
668 668
668 670
668 671
668 674
668 852
668 929
669 669
669 672
669 673
669 675
669 853
669 930
670 670
670 672
670 679
670 681
670 931
671 671
671 680
671 932
672 672
672 679
672 681
672 933
673 673
673 674
673 675
673 676
673 677
673 854
674 674
674 676
674 677
674 855
675 675
675 678
675 856
676 676
676 678
676 679
676 680
676 688
676 690
676 857
676 934
677 677
677 679
677 680
677 689
677 858
677 935
678 678
678 681
678 688
678 690
678 859
678 936
679 679
679 680
679 682
679 683
679 691
679 693
679 860
679 937
680 680
680 682
680 683
680 692
680 861
680 938
681 681
681 684
681 691
681 693
681 862
681 939
682 682
682 685
682 686
682 694
682 696
682 940
683 683
683 685
683 686
683 695
683 941
684 684
684 687
684 694
684 696
684 942
685 685
685 686
685 697
685 699
685 943
686 686
686 698
686 944
687 687
687 697
687 699
687 945
688 688
688 689
688 691
688 692
688 709
688 711
688 866
688 946
689 689
689 691
689 692
689 710
689 867
689 947
690 690
690 693
690 709
690 711
690 868
690 948
691 691
691 692
691 694
691 695
691 700
691 702
691 869
691 949
692 692
692 694
692 695
692 701
692 870
692 950
693 693
693 696
693 700
693 702
693 871
693 951
694 694
694 697
694 698
694 703
694 705
694 872
694 952
695 695
695 697
695 698
695 704
695 873
695 953
696 696
696 699
696 703
696 705
696 874
696 954
697 697
697 698
697 706
697 708
697 875
697 955
698 698
698 707
698 876
698 956
699 699
699 706
699 708
699 877
699 957
700 700
700 701
700 702
700 703
700 704
700 709
700 710
700 881
700 958
701 701
701 703
701 704
701 709
701 710
701 882
701 959
702 702
702 705
702 711
702 883
702 960
703 703
703 705
703 706
703 707
703 884
703 961
704 704
704 706
704 707
704 885
704 962
705 705
705 708
705 886
705 963
706 706
706 707
706 708
706 887
706 964
707 707
707 888
707 965
708 708
708 889
708 966
709 709
709 710
709 711
709 878
710 710
710 879
711 711
711 880
712 712
712 713
712 714
713 713
714 714
715 715
715 716
715 717
715 727
715 729
715 970
715 971
716 716
716 728
716 968
716 969
716 970
716 971
717 717
717 727
717 729
717 967
717 969
717 972
718 718
718 719
718 733
718 735
718 913
718 914
718 916
718 917
719 719
719 734
719 913
719 914
719 916
719 917
719 968
719 969
720 720
720 733
720 735
720 915
720 918
720 967
720 969
721 721
721 722
721 723
722 722
723 723
724 724
724 725
724 739
724 741
724 973
724 974
725 725
725 740
725 968
725 969
725 973
725 974
726 726
726 739
726 741
726 967
726 969
726 975
727 727
727 728
727 730
727 731
727 742
727 744
728 728
728 730
728 731
728 743
728 968
728 969
729 729
729 732
729 742
729 744
729 967
729 969
730 730
730 731
730 733
730 734
730 745
730 747
730 970
730 972
731 731
731 733
731 734
731 746
731 968
731 969
731 971
732 732
732 735
732 745
732 747
732 967
732 969
732 970
732 972
733 733
733 736
733 737
733 748
733 750
734 734
734 736
734 737
734 749
734 968
734 969
735 735
735 738
735 748
735 750
735 967
735 969
736 736
736 739
736 740
736 751
736 753
736 973
736 975
737 737
737 739
737 740
737 752
737 968
737 969
737 974
738 738
738 741
738 751
738 753
738 967
738 969
738 973
738 975
739 739
739 740
739 754
739 756
740 740
740 755
740 968
740 969
741 741
741 754
741 756
741 967
741 969
742 742
742 743
742 744
742 745
742 746
743 743
743 745
743 746
743 968
743 969
744 744
744 747
744 967
744 969
745 745
745 746
745 748
745 749
745 825
745 827
746 746
746 748
746 749
746 826
746 968
746 969
747 747
747 750
747 825
747 827
747 967
747 969
748 748
748 751
748 752
748 839
748 841
749 749
749 751
749 752
749 840
749 968
749 969
750 750
750 753
750 839
750 841
750 967
750 969
751 751
751 754
751 755
751 842
751 844
752 752
752 754
752 755
752 843
752 968
752 969
753 753
753 756
753 842
753 844
753 967
753 969
754 754
754 755
754 845
754 847
755 755
755 846
755 968
755 969
756 756
756 845
756 847
756 967
756 969
757 757
757 758
758 758
759 759
760 760
760 761
760 763
760 764
760 848
761 761
761 763
761 764
761 849
762 762
762 765
762 850
763 763
763 766
763 767
764 764
764 766
764 767
765 765
765 768
766 766
766 767
766 769
766 770
766 775
766 777
766 851
767 767
767 769
767 770
767 776
767 852
767 976
768 768
768 771
768 775
768 777
768 853
768 977
769 769
769 781
769 783
770 770
770 782
770 978
771 771
771 781
771 783
771 979
772 772
773 773
774 774
775 775
775 776
775 777
775 778
775 779
775 854
776 776
776 778
776 779
776 855
777 777
777 780
777 856
778 778
778 780
778 781
778 782
778 793
778 795
778 857
779 779
779 781
779 782
779 794
779 858
779 980
780 780
780 783
780 793
780 795
780 859
780 981
781 781
781 782
781 784
781 785
781 796
781 798
781 860
782 782
782 784
782 785
782 797
782 861
782 982
783 783
783 786
783 796
783 798
783 862
783 983
784 784
784 785
784 786
785 785
785 984
786 786
787 787
787 788
787 790
787 791
787 863
788 788
788 790
788 791
788 864
789 789
789 792
789 865
790 790
790 793
790 794
791 791
791 793
791 794
792 792
792 795
793 793
793 794
793 796
793 797
793 805
793 807
793 866
794 794
794 796
794 797
794 806
794 867
794 985
795 795
795 798
795 805
795 807
795 868
795 986
796 796
796 797
796 799
796 800
796 808
796 810
796 869
797 797
797 799
797 800
797 809
797 870
797 987
798 798
798 801
798 808
798 810
798 871
798 988
799 799
799 800
799 872
800 800
800 873
800 989
801 801
801 874
802 802
803 803
804 804
805 805
805 807
805 878
806 806
806 879
807 807
807 880
807 990
808 808
808 810
808 881
809 809
809 882
810 810
810 883
810 991
811 811
812 812
813 813
813 992
814 814
814 890
815 815
815 891
816 816
816 892
816 993
817 817
818 818
819 819
819 820
819 821
819 851
819 853
820 820
820 852
821 821
821 851
821 853
822 822
822 823
822 836
822 837
822 928
822 930
822 994
823 823
823 836
823 837
823 929
823 968
823 969
823 995
824 824
824 838
824 928
824 930
824 967
824 969
824 996
825 825
825 826
825 839
825 840
825 994
825 996
826 826
826 839
826 840
826 968
826 969
826 995
827 827
827 841
827 967
827 969
827 994
827 996
828 828
829 829
830 830
830 834
831 831
831 833
832 832
833 833
834 834
835 835
836 836
836 837
836 838
836 997
837 837
837 968
837 969
837 998
838 838
838 967
838 969
838 999
839 839
839 842
839 843
839 997
839 999
840 840
840 842
840 843
840 968
840 969
840 998
841 841
841 844
841 967
841 969
841 997
841 999
842 842
842 845
842 846
842 898
842 900
843 843
843 845
843 846
843 899
843 968
843 969
844 844
844 847
844 898
844 900
844 967
844 969
845 845
845 846
845 904
845 906
846 846
846 905
846 968
846 969
847 847
847 904
847 906
847 967
847 969
848 848
848 849
848 850
848 851
848 852
849 849
849 851
849 852
850 850
850 853
851 851
851 852
851 854
851 856
852 852
852 855
853 853
853 854
853 856
854 854
854 855
854 857
854 858
854 863
854 865
855 855
855 857
855 858
855 864
856 856
856 859
856 863
856 865
857 857
857 859
857 860
857 861
857 866
857 868
858 858
858 860
858 861
858 867
859 859
859 862
859 866
859 868
860 860
860 861
860 869
860 871
861 861
861 870
862 862
862 869
862 871
863 863
863 864
863 865
863 866
863 867
864 864
864 866
864 867
865 865
865 868
866 866
866 869
866 870
866 878
866 880
867 867
867 869
867 870
867 879
868 868
868 871
868 878
868 880
869 869
869 870
869 872
869 873
869 881
869 883
870 870
870 872
870 873
870 882
871 871
871 874
871 881
871 883
872 872
872 875
872 876
872 884
872 886
873 873
873 875
873 876
873 885
874 874
874 877
874 884
874 886
875 875
875 876
875 887
875 889
875 1002
876 876
876 888
876 1001
876 1003
877 877
877 887
877 889
877 1000
877 1004
878 878
878 879
878 880
878 881
878 882
879 879
879 881
879 882
880 880
880 883
881 881
881 882
881 883
881 890
881 891
882 882
882 890
882 891
883 883
883 892
884 884
884 885
884 886
884 887
884 888
884 890
884 891
885 885
885 887
885 888
885 890
885 891
886 886
886 889
886 892
887 887
887 888
887 889
887 1008
888 888
888 1007
888 1009
889 889
889 1006
889 1010
890 890
890 891
891 891
892 892
893 893
894 894
895 895
895 901
895 902
895 931
895 932
895 940
895 942
895 1012
896 896
896 901
896 902
896 931
896 932
896 941
896 968
896 969
896 1013
897 897
897 903
897 933
897 940
897 942
897 967
897 969
897 1014
898 898
898 904
898 905
898 997
898 998
898 1012
898 1014
899 899
899 904
899 905
899 968
899 969
899 997
899 998
899 1013
900 900
900 906
900 967
900 969
900 999
900 1012
900 1014
901 901
901 902
901 943
901 945
901 1015
902 902
902 944
902 968
902 969
902 1016
903 903
903 943
903 945
903 967
903 969
903 1017
904 904
904 905
904 1015
904 1017
905 905
905 968
905 969
905 1016
906 906
906 967
906 969
906 1015
906 1017
907 907
907 911
907 1018
907 1022
908 908
908 910
908 1019
908 1021
909 909
909 1020
910 910
910 1019
910 1021
911 911
911 1018
911 1022
912 912
912 1023
913 913
913 914
913 970
913 971
914 914
914 968
914 969
914 970
914 971
915 915
915 967
915 969
915 972
916 916
916 917
916 973
916 974
917 917
917 968
917 969
917 973
917 974
918 918
918 967
918 969
918 975
919 919
919 920
919 921
920 920
920 968
920 969
921 921
921 967
921 969
922 922
922 923
922 924
923 923
923 968
923 969
924 924
924 967
924 969
925 925
925 926
925 927
926 926
926 968
926 969
927 927
927 967
927 969
928 928
928 929
928 930
928 931
928 932
928 1024
929 929
929 931
929 932
929 968
929 969
929 1025
930 930
930 933
930 967
930 969
930 1026
931 931
931 933
931 937
931 939
931 1027
932 932
932 938
932 968
932 969
932 1028
933 933
933 937
933 939
933 967
933 969
933 1029
934 934
934 935
934 936
934 937
934 938
934 946
934 948
934 1030
935 935
935 937
935 938
935 947
935 968
935 969
935 1031
936 936
936 939
936 946
936 948
936 967
936 969
936 1032
937 937
937 938
937 940
937 941
937 949
937 951
937 1033
938 938
938 940
938 941
938 950
938 968
938 969
938 1034
939 939
939 942
939 949
939 951
939 967
939 969
939 1035
940 940
940 943
940 944
940 952
940 954
940 1036
941 941
941 943
941 944
941 953
941 968
941 969
941 1037
942 942
942 945
942 952
942 954
942 967
942 969
942 1038
943 943
943 944
943 955
943 957
943 1039
944 944
944 956
944 968
944 969
944 1040
945 945
945 955
945 957
945 967
945 969
945 1041
946 946
946 947
946 948
946 949
946 950
947 947
947 949
947 950
948 948
948 951
949 949
949 950
949 952
949 953
949 958
949 960
949 1042
950 950
950 952
950 953
950 959
950 968
950 969
950 1043
951 951
951 954
951 958
951 960
951 967
951 969
951 1044
952 952
952 955
952 956
952 961
952 963
952 1045
953 953
953 955
953 956
953 962
953 968
953 969
953 1046
954 954
954 957
954 961
954 963
954 967
954 969
954 1047
955 955
955 956
955 964
955 966
955 1048
956 956
956 965
956 968
956 969
956 1049
957 957
957 964
957 966
957 967
957 969
957 1050
958 958
958 959
958 960
958 961
958 962
958 1051
959 959
959 961
959 962
959 968
959 969
959 1052
960 960
960 963
960 967
960 969
960 1053
961 961
961 963
961 964
961 965
961 1054
962 962
962 964
962 965
962 968
962 969
962 1055
963 963
963 966
963 967
963 969
963 1056
964 964
964 965
964 966
964 1057
965 965
965 968
965 969
965 1058
966 966
966 967
966 969
966 1059
967 967
967 969
967 996
967 999
967 1014
967 1017
967 1026
967 1029
967 1032
967 1035
967 1038
967 1041
967 1044
967 1047
967 1050
967 1053
967 1056
967 1059
968 968
968 969
968 995
968 998
968 1013
968 1016
968 1025
968 1028
968 1031
968 1034
968 1037
968 1040
968 1043
968 1046
968 1049
968 1052
968 1055
968 1058
969 969
969 995
969 996
969 998
969 999
969 1013
969 1014
969 1016
969 1017
969 1025
969 1026
969 1028
969 1029
969 1031
969 1032
969 1034
969 1035
969 1037
969 1038
969 1040
969 1041
969 1043
969 1044
969 1046
969 1047
969 1049
969 1050
969 1052
969 1053
969 1055
969 1056
969 1058
969 1059
970 970
970 971
970 972
971 971
972 972
973 973
973 974
973 975
974 974
975 975
976 976
977 977
978 978
979 979
980 980
981 981
982 982
983 983
984 984
985 985
986 986
987 987
988 988
989 989
990 990
991 991
992 992
993 993
994 994
994 995
994 996
994 997
994 998
995 995
995 997
995 998
996 996
996 999
997 997
997 1027
997 1029
998 998
998 1028
999 999
999 1027
999 1029
1000 1000
1000 1004
1000 1060
1000 1064
1001 1001
1001 1003
1001 1061
1001 1063
1002 1002
1002 1062
1003 1003
1003 1061
1003 1063
1004 1004
1004 1060
1004 1064
1005 1005
1005 1065
1006 1006
1006 1010
1006 1066
1006 1070
1007 1007
1007 1009
1007 1067
1007 1069
1008 1008
1008 1068
1009 1009
1009 1067
1009 1069
1010 1010
1010 1066
1010 1070
1011 1011
1011 1071
1012 1012
1012 1015
1012 1016
1012 1027
1012 1028
1012 1036
1012 1038
1013 1013
1013 1015
1013 1016
1013 1027
1013 1028
1013 1037
1014 1014
1014 1017
1014 1029
1014 1036
1014 1038
1015 1015
1015 1016
1015 1039
1015 1041
1016 1016
1016 1040
1017 1017
1017 1039
1017 1041
1018 1018
1018 1022
1019 1019
1019 1021
1019 1072
1020 1020
1021 1021
1021 1072
1022 1022
1023 1023
1024 1024
1024 1025
1024 1027
1024 1028
1025 1025
1025 1027
1025 1028
1026 1026
1026 1029
1027 1027
1027 1028
1027 1033
1027 1035
1028 1028
1028 1034
1029 1029
1029 1033
1029 1035
1030 1030
1030 1031
1030 1033
1030 1034
1031 1031
1031 1033
1031 1034
1032 1032
1032 1035
1033 1033
1033 1034
1033 1036
1033 1037
1033 1042
1033 1044
1034 1034
1034 1036
1034 1037
1034 1043
1035 1035
1035 1038
1035 1042
1035 1044
1036 1036
1036 1039
1036 1040
1036 1045
1036 1047
1037 1037
1037 1039
1037 1040
1037 1046
1038 1038
1038 1041
1038 1045
1038 1047
1039 1039
1039 1040
1039 1048
1039 1050
1040 1040
1040 1049
1041 1041
1041 1048
1041 1050
1042 1042
1042 1043
1042 1045
1042 1046
1042 1051
1042 1053
1043 1043
1043 1045
1043 1046
1043 1052
1044 1044
1044 1047
1044 1051
1044 1053
1045 1045
1045 1048
1045 1049
1045 1054
1045 1056
1046 1046
1046 1048
1046 1049
1046 1055
1047 1047
1047 1050
1047 1054
1047 1056
1048 1048
1048 1049
1048 1057
1048 1059
1049 1049
1049 1058
1050 1050
1050 1057
1050 1059
1051 1051
1051 1052
1051 1053
1051 1054
1051 1055
1052 1052
1052 1054
1052 1055
1053 1053
1053 1056
1054 1054
1054 1056
1054 1057
1054 1058
1055 1055
1055 1057
1055 1058
1056 1056
1056 1059
1057 1057
1057 1058
1057 1059
1058 1058
1059 1059
1060 1060
1060 1064
1061 1061
1061 1063
1061 1073
1062 1062
1063 1063
1063 1073
1064 1064
1065 1065
1066 1066
1066 1070
1067 1067
1067 1069
1068 1068
1069 1069
1070 1070
1071 1071
1072 1072
1073 1073
