0 0
0 3
0 4
0 7
1 1
1 2
1 5
1 6
2 2
2 5
2 6
3 3
3 4
3 7
4 4
4 7
4 8
4 11
5 5
5 6
5 9
5 10
6 6
6 9
6 10
7 7
7 8
7 11
8 8
8 11
8 12
8 15
9 9
9 10
9 13
9 14
10 10
10 13
10 14
11 11
11 12
11 15
12 12
12 16
12 19
13 13
13 17
13 18
14 14
14 17
14 18
15 15
15 16
15 19
16 16
16 20
16 23
17 17
17 21
17 22
18 18
18 21
18 22
19 19
19 20
19 23
20 20
20 24
20 27
21 21
21 25
21 26
22 22
22 25
22 26
23 23
23 24
23 27
24 24
24 27
24 28
24 31
25 25
25 26
25 29
25 30
26 26
26 29
26 30
27 27
27 28
27 31
28 28
28 31
28 32
28 35
29 29
29 30
29 33
29 34
30 30
30 33
30 34
31 31
31 32
31 35
32 32
32 35
32 36
32 39
33 33
33 34
33 37
33 38
34 34
34 37
34 38
35 35
35 36
35 39
36 36
36 39
36 40
36 43
37 37
37 38
37 41
37 42
38 38
38 41
38 42
39 39
39 40
39 43
40 40
40 43
40 44
40 47
41 41
41 42
41 45
41 46
42 42
42 45
42 46
43 43
43 44
43 47
44 44
44 47
44 48
44 51
45 45
45 46
45 49
45 50
46 46
46 49
46 50
47 47
47 48
47 51
48 48
48 51
48 52
48 55
49 49
49 50
49 53
49 54
50 50
50 53
50 54
51 51
51 52
51 55
52 52
52 55
52 56
52 59
53 53
53 54
53 57
53 58
54 54
54 57
54 58
55 55
55 56
55 59
56 56
56 59
56 60
56 63
57 57
57 58
57 61
57 62
58 58
58 61
58 62
59 59
59 60
59 63
60 60
60 63
60 64
60 67
61 61
61 62
61 65
61 66
62 62
62 65
62 66
63 63
63 64
63 67
64 64
64 67
64 68
64 71
65 65
65 66
65 69
65 70
66 66
66 69
66 70
67 67
67 68
67 71
68 68
68 72
68 75
69 69
69 73
69 74
70 70
70 73
70 74
71 71
71 72
71 75
72 72
72 75
72 76
72 79
73 73
73 74
73 77
73 78
74 74
74 77
74 78
75 75
75 76
75 79
76 76
76 79
76 80
76 83
77 77
77 78
77 81
77 82
78 78
78 81
78 82
79 79
79 80
79 83
80 80
80 83
80 84
80 87
81 81
81 82
81 85
81 86
82 82
82 85
82 86
83 83
83 84
83 87
84 84
84 87
84 88
84 91
85 85
85 86
85 89
85 90
86 86
86 89
86 90
87 87
87 88
87 91
88 88
88 91
88 92
88 95
89 89
89 90
89 93
89 94
90 90
90 93
90 94
91 91
91 92
91 95
92 92
92 95
92 96
92 99
93 93
93 94
93 97
93 98
94 94
94 97
94 98
95 95
95 96
95 99
96 96
96 99
96 100
96 103
97 97
97 98
97 101
97 102
98 98
98 101
98 102
99 99
99 100
99 103
100 100
100 103
100 104
100 107
101 101
101 102
101 105
101 106
102 102
102 105
102 106
103 103
103 104
103 107
104 104
104 107
104 108
104 111
105 105
105 106
105 109
105 110
106 106
106 109
106 110
107 107
107 108
107 111
108 108
108 111
109 109
109 110
110 110
111 111
