0 0
0 2
0 4
1 1
1 3
2 2
2 4
3 3
3 4
3 5
3 40
4 4
4 6
4 40
5 5
5 7
5 115
5 116
6 6
6 8
7 7
7 9
8 8
8 10
9 9
9 10
9 11
9 66
9 67
9 68
10 10
10 12
10 66
10 67
10 68
11 11
11 12
11 16
12 12
12 13
12 14
12 16
13 13
13 14
14 14
15 15
15 42
16 16
16 17
16 43
16 44
17 17
17 43
17 44
18 18
18 63
19 19
19 20
19 23
19 24
19 64
19 65
20 20
20 24
20 64
20 65
21 21
21 22
21 24
22 22
22 24
23 23
23 24
23 25
24 24
24 26
25 25
25 27
25 87
25 88
25 89
26 26
26 28
27 27
27 29
28 28
28 30
29 29
29 31
29 136
29 137
30 30
30 32
31 31
31 32
31 34
31 37
32 32
32 33
32 35
32 37
33 33
33 35
34 34
35 35
36 36
36 111
37 37
37 38
37 112
37 113
38 38
38 112
38 113
39 39
39 90
40 40
40 41
40 91
40 92
41 41
41 91
41 92
42 42
42 45
43 43
43 44
43 46
43 47
43 67
44 44
44 46
44 47
44 68
45 45
45 48
46 46
46 49
46 50
46 70
47 47
47 49
47 50
47 71
48 48
48 51
49 49
49 50
49 52
49 53
49 73
50 50
50 52
50 53
50 74
51 51
51 54
52 52
52 53
52 55
52 56
52 76
53 53
53 55
53 56
53 77
54 54
54 57
55 55
55 56
55 58
55 59
55 79
56 56
56 58
56 59
56 80
57 57
57 60
58 58
58 59
58 61
58 62
58 82
59 59
59 61
59 62
59 83
60 60
60 63
61 61
61 62
61 64
61 65
61 85
62 62
62 64
62 65
62 86
63 63
64 64
64 65
64 88
65 65
65 89
66 66
66 67
66 68
66 69
67 67
67 68
67 70
67 71
68 68
68 70
68 71
69 69
69 72
70 70
70 71
70 73
70 74
71 71
71 73
71 74
72 72
72 75
73 73
73 74
73 76
73 77
74 74
74 76
74 77
75 75
75 78
76 76
76 77
76 79
76 80
77 77
77 79
77 80
78 78
78 81
79 79
79 80
79 82
79 83
80 80
80 82
80 83
81 81
81 84
82 82
82 83
82 85
82 86
83 83
83 85
83 86
84 84
84 87
85 85
85 86
85 88
85 89
86 86
86 88
86 89
87 87
87 88
87 89
88 88
88 89
89 89
90 90
90 93
91 91
91 92
91 94
91 95
91 115
92 92
92 94
92 95
93 93
93 96
94 94
94 97
94 98
94 118
95 95
95 97
95 98
96 96
96 99
97 97
97 98
97 100
97 101
97 121
98 98
98 100
98 101
99 99
99 102
100 100
100 101
100 103
100 104
100 124
101 101
101 103
101 104
102 102
102 105
103 103
103 104
103 106
103 107
103 127
104 104
104 106
104 107
105 105
105 108
106 106
106 107
106 109
106 110
106 130
107 107
107 109
107 110
108 108
108 111
109 109
109 110
109 112
109 113
109 133
110 110
110 112
110 113
111 111
112 112
112 113
112 136
113 113
114 114
114 117
115 115
115 116
115 118
115 119
116 116
116 118
116 119
117 117
117 120
118 118
118 119
118 121
118 122
119 119
119 121
119 122
120 120
120 123
121 121
121 122
121 124
121 125
122 122
122 124
122 125
123 123
123 126
124 124
124 125
124 127
124 128
125 125
125 127
125 128
126 126
126 129
127 127
127 128
127 130
127 131
128 128
128 130
128 131
129 129
129 132
130 130
130 131
130 133
130 134
131 131
131 133
131 134
132 132
132 135
133 133
133 134
133 136
133 137
134 134
134 136
134 137
135 135
136 136
136 137
137 137
