0 0
0 4
0 6
1 1
1 3
1 7
2 2
2 8
3 3
3 4
3 5
3 6
3 7
3 8
3 9
3 11
3 12
3 14
3 45
3 46
3 47
3 48
3 49
3 50
4 4
4 5
4 6
4 7
4 8
4 10
4 45
4 46
4 47
4 48
4 49
4 50
5 5
5 6
5 7
5 8
5 9
5 11
5 12
5 14
5 45
5 46
5 47
5 48
5 49
5 50
6 6
6 7
6 8
6 9
6 10
6 11
6 12
6 14
6 45
6 46
6 47
6 48
6 49
6 50
7 7
7 8
7 9
7 11
7 12
7 13
7 14
7 45
7 46
7 47
7 48
7 49
7 50
8 8
8 9
8 11
8 12
8 14
8 45
8 46
8 47
8 48
8 49
8 50
9 9
9 10
9 11
9 12
9 13
9 14
9 15
9 17
9 18
9 20
9 51
9 52
9 53
9 54
9 55
9 56
10 10
10 11
10 12
10 13
10 14
10 16
10 51
10 52
10 53
10 54
10 55
10 56
11 11
11 12
11 13
11 14
11 15
11 17
11 18
11 20
11 51
11 52
11 53
11 54
11 55
11 56
12 12
12 13
12 14
12 15
12 17
12 18
12 20
12 51
12 52
12 53
12 54
12 55
12 56
13 13
13 14
13 19
13 51
13 52
13 53
13 54
13 55
13 56
14 14
14 15
14 17
14 18
14 20
14 51
14 52
14 53
14 54
14 55
14 56
15 15
15 16
15 17
15 18
15 19
15 20
15 21
15 23
15 24
15 26
15 57
15 58
15 59
15 60
15 61
15 62
16 16
16 17
16 18
16 19
16 20
16 22
16 57
16 58
16 59
16 60
16 61
16 62
17 17
17 18
17 19
17 20
17 21
17 23
17 24
17 26
17 57
17 58
17 59
17 60
17 61
17 62
18 18
18 19
18 20
18 21
18 23
18 24
18 26
18 57
18 58
18 59
18 60
18 61
18 62
19 19
19 20
19 25
19 57
19 58
19 59
19 60
19 61
19 62
20 20
20 21
20 23
20 24
20 26
20 57
20 58
20 59
20 60
20 61
20 62
21 21
21 22
21 23
21 24
21 25
21 26
21 27
21 29
21 30
21 32
21 63
21 64
21 65
21 66
21 67
21 68
22 22
22 23
22 24
22 25
22 26
22 28
22 63
22 64
22 65
22 66
22 67
22 68
23 23
23 24
23 25
23 26
23 27
23 29
23 30
23 32
23 63
23 64
23 65
23 66
23 67
23 68
24 24
24 25
24 26
24 27
24 29
24 30
24 32
24 63
24 64
24 65
24 66
24 67
24 68
25 25
25 26
25 31
25 63
25 64
25 65
25 66
25 67
25 68
26 26
26 27
26 29
26 30
26 32
26 63
26 64
26 65
26 66
26 67
26 68
27 27
27 28
27 29
27 30
27 31
27 32
27 33
27 35
27 36
27 38
27 69
27 70
27 71
27 72
27 73
27 74
28 28
28 29
28 30
28 31
28 32
28 34
28 69
28 70
28 71
28 72
28 73
28 74
29 29
29 30
29 31
29 32
29 33
29 35
29 36
29 38
29 69
29 70
29 71
29 72
29 73
29 74
30 30
30 31
30 32
30 33
30 34
30 35
30 36
30 38
30 69
30 70
30 71
30 72
30 73
30 74
31 31
31 32
31 33
31 35
31 36
31 37
31 38
31 69
31 70
31 71
31 72
31 73
31 74
32 32
32 33
32 35
32 36
32 38
32 69
32 70
32 71
32 72
32 73
32 74
33 33
33 34
33 35
33 36
33 37
33 38
33 40
33 75
33 76
33 77
33 78
33 79
33 80
34 34
34 35
34 36
34 37
34 38
34 39
34 75
34 76
34 77
34 78
34 79
34 80
35 35
35 36
35 37
35 38
35 75
35 76
35 77
35 78
35 79
35 80
36 36
36 37
36 38
36 39
36 75
36 76
36 77
36 78
36 79
36 80
37 37
37 38
37 40
37 75
37 76
37 77
37 78
37 79
37 80
38 38
38 41
38 75
38 76
38 77
38 78
38 79
38 80
39 39
40 40
41 41
42 42
42 43
42 44
42 45
42 46
42 47
42 48
42 49
42 50
43 43
43 44
43 45
43 46
43 47
43 48
43 49
43 50
44 44
44 45
44 46
44 47
44 48
44 49
44 50
45 45
45 46
45 47
45 48
45 49
45 50
45 51
45 53
45 54
45 56
45 87
45 88
45 89
45 90
45 91
45 92
46 46
46 47
46 48
46 49
46 50
46 52
46 87
46 88
46 89
46 90
46 91
46 92
47 47
47 48
47 49
47 50
47 51
47 53
47 54
47 56
47 87
47 88
47 89
47 90
47 91
47 92
48 48
48 49
48 50
48 51
48 52
48 53
48 54
48 56
48 87
48 88
48 89
48 90
48 91
48 92
49 49
49 50
49 51
49 53
49 54
49 55
49 56
49 87
49 88
49 89
49 90
49 91
49 92
50 50
50 51
50 52
50 53
50 54
50 56
50 87
50 88
50 89
50 90
50 91
50 92
51 51
51 52
51 53
51 54
51 55
51 56
51 57
51 59
51 60
51 62
51 93
51 94
51 95
51 96
51 97
51 98
52 52
52 53
52 54
52 55
52 56
52 58
52 93
52 94
52 95
52 96
52 97
52 98
53 53
53 54
53 55
53 56
53 57
53 59
53 60
53 62
53 93
53 94
53 95
53 96
53 97
53 98
54 54
54 55
54 56
54 57
54 59
54 60
54 62
54 93
54 94
54 95
54 96
54 97
54 98
55 55
55 56
55 57
55 59
55 60
55 61
55 62
55 93
55 94
55 95
55 96
55 97
55 98
56 56
56 57
56 58
56 59
56 60
56 62
56 93
56 94
56 95
56 96
56 97
56 98
57 57
57 58
57 59
57 60
57 61
57 62
57 63
57 65
57 66
57 68
57 99
57 100
57 101
57 102
57 103
57 104
58 58
58 59
58 60
58 61
58 62
58 64
58 99
58 100
58 101
58 102
58 103
58 104
59 59
59 60
59 61
59 62
59 63
59 65
59 66
59 68
59 99
59 100
59 101
59 102
59 103
59 104
60 60
60 61
60 62
60 63
60 64
60 65
60 66
60 68
60 99
60 100
60 101
60 102
60 103
60 104
61 61
61 62
61 63
61 65
61 66
61 67
61 68
61 99
61 100
61 101
61 102
61 103
61 104
62 62
62 63
62 64
62 65
62 66
62 68
62 99
62 100
62 101
62 102
62 103
62 104
63 63
63 64
63 65
63 66
63 67
63 68
63 69
63 71
63 72
63 74
63 105
63 106
63 107
63 108
63 109
63 110
64 64
64 65
64 66
64 67
64 68
64 70
64 105
64 106
64 107
64 108
64 109
64 110
65 65
65 66
65 67
65 68
65 69
65 71
65 72
65 74
65 105
65 106
65 107
65 108
65 109
65 110
66 66
66 67
66 68
66 69
66 70
66 71
66 72
66 74
66 105
66 106
66 107
66 108
66 109
66 110
67 67
67 68
67 69
67 71
67 72
67 73
67 74
67 105
67 106
67 107
67 108
67 109
67 110
68 68
68 69
68 70
68 71
68 72
68 74
68 105
68 106
68 107
68 108
68 109
68 110
69 69
69 70
69 71
69 72
69 73
69 74
69 75
69 77
69 78
69 80
69 111
69 112
69 113
69 114
69 115
69 116
70 70
70 71
70 72
70 73
70 74
70 76
70 111
70 112
70 113
70 114
70 115
70 116
71 71
71 72
71 73
71 74
71 75
71 77
71 78
71 80
71 111
71 112
71 113
71 114
71 115
71 116
72 72
72 73
72 74
72 75
72 76
72 77
72 78
72 80
72 111
72 112
72 113
72 114
72 115
72 116
73 73
73 74
73 75
73 77
73 78
73 79
73 80
73 111
73 112
73 113
73 114
73 115
73 116
74 74
74 75
74 76
74 77
74 78
74 80
74 111
74 112
74 113
74 114
74 115
74 116
75 75
75 76
75 77
75 78
75 79
75 80
75 82
75 117
76 76
76 77
76 78
76 79
76 80
76 81
76 83
76 118
76 119
76 121
76 122
77 77
77 78
77 79
77 80
77 82
77 118
77 119
77 121
77 122
78 78
78 79
78 80
78 81
78 83
78 120
79 79
79 80
79 82
79 118
79 119
79 121
79 122
80 80
80 81
80 83
80 118
80 119
80 121
80 122
81 81
81 83
82 82
83 83
84 84
84 85
84 86
84 87
84 88
84 89
84 90
84 91
84 92
85 85
85 86
85 87
85 88
85 89
85 90
85 91
85 92
86 86
86 87
86 88
86 89
86 90
86 91
86 92
87 87
87 88
87 89
87 90
87 91
87 92
87 93
87 95
87 96
87 98
87 129
87 130
87 131
87 132
87 133
87 134
88 88
88 89
88 90
88 91
88 92
88 94
88 129
88 130
88 131
88 132
88 133
88 134
89 89
89 90
89 91
89 92
89 93
89 95
89 96
89 98
89 129
89 130
89 131
89 132
89 133
89 134
90 90
90 91
90 92
90 93
90 94
90 95
90 96
90 98
90 129
90 130
90 131
90 132
90 133
90 134
91 91
91 92
91 93
91 95
91 96
91 97
91 98
91 129
91 130
91 131
91 132
91 133
91 134
92 92
92 93
92 94
92 95
92 96
92 98
92 129
92 130
92 131
92 132
92 133
92 134
93 93
93 94
93 95
93 96
93 97
93 98
93 99
93 101
93 102
93 104
93 135
94 94
94 95
94 96
94 97
94 98
94 100
94 136
94 137
94 139
94 140
95 95
95 96
95 97
95 98
95 99
95 101
95 102
95 104
95 136
95 137
95 139
95 140
96 96
96 97
96 98
96 99
96 101
96 102
96 104
96 138
97 97
97 98
97 99
97 101
97 102
97 103
97 104
97 136
97 137
97 139
97 140
98 98
98 99
98 100
98 101
98 102
98 104
98 136
98 137
98 139
98 140
99 99
99 100
99 101
99 102
99 103
99 104
99 105
99 107
99 108
99 110
99 141
99 142
99 143
99 144
99 145
99 146
100 100
100 101
100 102
100 103
100 104
100 106
100 141
100 142
100 143
100 144
100 145
100 146
101 101
101 102
101 103
101 104
101 105
101 107
101 108
101 110
101 141
101 142
101 143
101 144
101 145
101 146
102 102
102 103
102 104
102 105
102 106
102 107
102 108
102 110
102 141
102 142
102 143
102 144
102 145
102 146
103 103
103 104
103 105
103 107
103 108
103 109
103 110
103 141
103 142
103 143
103 144
103 145
103 146
104 104
104 105
104 106
104 107
104 108
104 110
104 141
104 142
104 143
104 144
104 145
104 146
105 105
105 106
105 107
105 108
105 109
105 110
105 111
105 113
105 114
105 116
105 147
105 148
105 149
105 150
105 151
105 152
106 106
106 107
106 108
106 109
106 110
106 112
106 147
106 148
106 149
106 150
106 151
106 152
107 107
107 108
107 109
107 110
107 111
107 113
107 114
107 116
107 147
107 148
107 149
107 150
107 151
107 152
108 108
108 109
108 110
108 111
108 112
108 113
108 114
108 116
108 147
108 148
108 149
108 150
108 151
108 152
109 109
109 110
109 111
109 113
109 114
109 115
109 116
109 147
109 148
109 149
109 150
109 151
109 152
110 110
110 111
110 112
110 113
110 114
110 116
110 147
110 148
110 149
110 150
110 151
110 152
111 111
111 112
111 113
111 114
111 115
111 116
111 117
111 119
111 120
111 122
111 153
111 154
111 155
111 156
111 157
111 158
112 112
112 113
112 114
112 115
112 116
112 118
112 153
112 154
112 155
112 156
112 157
112 158
113 113
113 114
113 115
113 116
113 117
113 119
113 120
113 122
113 153
113 154
113 155
113 156
113 157
113 158
114 114
114 115
114 116
114 117
114 118
114 119
114 120
114 122
114 153
114 154
114 155
114 156
114 157
114 158
115 115
115 116
115 117
115 119
115 120
115 121
115 122
115 153
115 154
115 155
115 156
115 157
115 158
116 116
116 117
116 118
116 119
116 120
116 122
116 153
116 154
116 155
116 156
116 157
116 158
117 117
117 118
117 119
117 120
117 121
117 122
117 124
117 159
117 160
117 161
117 162
117 163
117 164
118 118
118 119
118 120
118 121
118 122
118 123
118 125
118 159
118 160
118 161
118 162
118 163
118 164
119 119
119 120
119 121
119 122
119 124
119 159
119 160
119 161
119 162
119 163
119 164
120 120
120 121
120 122
120 123
120 125
120 159
120 160
120 161
120 162
120 163
120 164
121 121
121 122
121 124
121 159
121 160
121 161
121 162
121 163
121 164
122 122
122 123
122 125
122 159
122 160
122 161
122 162
122 163
122 164
123 123
123 125
124 124
125 125
126 126
126 127
126 128
126 129
126 130
126 131
126 132
126 133
126 134
127 127
127 128
127 129
127 130
127 131
127 132
127 133
127 134
128 128
128 129
128 130
128 131
128 132
128 133
128 134
129 129
129 130
129 131
129 132
129 133
129 134
129 135
129 137
129 138
129 140
129 171
130 130
130 131
130 132
130 133
130 134
130 136
130 172
130 173
130 175
130 176
131 131
131 132
131 133
131 134
131 135
131 137
131 138
131 140
131 172
131 173
131 175
131 176
132 132
132 133
132 134
132 135
132 136
132 137
132 138
132 140
132 174
133 133
133 134
133 135
133 137
133 138
133 139
133 140
133 172
133 173
133 175
133 176
134 134
134 135
134 136
134 137
134 138
134 140
134 172
134 173
134 175
134 176
135 135
135 137
135 138
135 139
135 140
135 141
135 143
135 144
135 146
135 177
136 136
136 137
136 138
136 139
136 140
136 142
136 178
136 179
136 181
136 182
137 137
137 138
137 139
137 140
137 141
137 143
137 144
137 146
137 178
137 179
137 181
137 182
138 138
138 139
138 140
138 141
138 142
138 143
138 144
138 146
138 180
139 139
139 140
139 141
139 143
139 144
139 145
139 146
139 178
139 179
139 181
139 182
140 140
140 141
140 142
140 143
140 144
140 146
140 178
140 179
140 181
140 182
141 141
141 142
141 143
141 144
141 145
141 146
141 147
141 149
141 150
141 152
141 183
142 142
142 143
142 144
142 145
142 146
142 148
142 184
142 185
142 187
142 188
143 143
143 144
143 145
143 146
143 147
143 149
143 150
143 152
143 184
143 185
143 187
143 188
144 144
144 145
144 146
144 147
144 149
144 150
144 152
144 186
145 145
145 146
145 151
145 184
145 185
145 187
145 188
146 146
146 147
146 149
146 150
146 152
146 184
146 185
146 187
146 188
147 147
147 148
147 149
147 150
147 151
147 153
147 155
147 156
147 158
147 189
148 148
148 149
148 150
148 151
148 152
148 154
148 190
148 191
148 193
148 194
149 149
149 150
149 151
149 152
149 153
149 155
149 156
149 158
149 190
149 191
149 193
149 194
150 150
150 151
150 152
150 153
150 155
150 156
150 158
150 192
151 151
151 152
151 157
151 190
151 191
151 193
151 194
152 152
152 153
152 155
152 156
152 158
152 190
152 191
152 193
152 194
153 153
153 154
153 155
153 156
153 157
153 158
153 159
153 161
153 162
153 164
153 195
154 154
154 155
154 156
154 157
154 158
154 160
154 196
154 197
154 199
154 200
155 155
155 156
155 157
155 158
155 159
155 161
155 162
155 164
155 196
155 197
155 199
155 200
156 156
156 157
156 158
156 159
156 160
156 161
156 162
156 164
156 198
157 157
157 158
157 159
157 161
157 162
157 163
157 164
157 196
157 197
157 199
157 200
158 158
158 159
158 160
158 161
158 162
158 164
158 196
158 197
158 199
158 200
159 159
159 160
159 161
159 162
159 163
159 164
159 166
159 201
160 160
160 161
160 162
160 163
160 164
160 165
160 167
160 202
160 203
160 205
160 206
161 161
161 162
161 163
161 164
161 166
161 202
161 203
161 205
161 206
162 162
162 163
162 164
162 165
162 167
162 204
163 163
163 164
163 166
163 202
163 203
163 205
163 206
164 164
164 165
164 167
164 202
164 203
164 205
164 206
165 165
165 167
166 166
167 167
168 168
168 169
168 170
168 171
168 172
168 173
168 174
168 175
168 176
169 169
169 170
169 171
169 172
169 173
169 174
169 175
169 176
170 170
170 171
170 172
170 173
170 174
170 175
170 176
171 171
171 172
171 173
171 174
171 175
171 176
171 177
171 179
171 180
171 182
171 213
172 172
172 173
172 174
172 175
172 176
172 178
172 214
172 215
172 217
172 218
173 173
173 174
173 175
173 176
173 177
173 179
173 180
173 182
173 214
173 215
173 217
173 218
174 174
174 175
174 176
174 177
174 178
174 179
174 180
174 182
174 216
175 175
175 176
175 177
175 179
175 180
175 181
175 182
175 214
175 215
175 217
175 218
176 176
176 177
176 178
176 179
176 180
176 182
176 214
176 215
176 217
176 218
177 177
177 179
177 180
177 181
177 182
177 183
177 185
177 186
177 188
177 219
178 178
178 179
178 180
178 181
178 182
178 184
178 220
178 221
178 223
178 224
179 179
179 180
179 181
179 182
179 183
179 185
179 186
179 188
179 220
179 221
179 223
179 224
180 180
180 181
180 182
180 183
180 184
180 185
180 186
180 188
180 222
181 181
181 182
181 183
181 185
181 186
181 187
181 188
181 220
181 221
181 223
181 224
182 182
182 183
182 184
182 185
182 186
182 188
182 220
182 221
182 223
182 224
183 183
183 185
183 186
183 187
183 188
183 189
183 191
183 192
183 194
183 225
184 184
184 185
184 187
184 188
184 190
184 226
184 227
184 229
184 230
185 185
185 186
185 187
185 188
185 189
185 191
185 192
185 194
185 226
185 227
185 229
185 230
186 186
186 187
186 188
186 189
186 191
186 192
186 194
186 228
187 187
187 188
187 189
187 191
187 192
187 193
187 194
187 226
187 227
187 229
187 230
188 188
188 189
188 190
188 191
188 192
188 194
188 226
188 227
188 229
188 230
189 189
189 191
189 192
189 193
189 195
189 197
189 198
189 200
189 231
190 190
190 191
190 193
190 194
190 196
190 232
190 233
190 235
190 236
191 191
191 192
191 193
191 194
191 195
191 197
191 198
191 200
191 232
191 233
191 235
191 236
192 192
192 193
192 194
192 195
192 197
192 198
192 200
192 234
193 193
193 194
193 195
193 197
193 198
193 199
193 200
193 232
193 233
193 235
193 236
194 194
194 195
194 196
194 197
194 198
194 200
194 232
194 233
194 235
194 236
195 195
195 197
195 198
195 199
195 200
195 201
195 203
195 204
195 206
195 237
196 196
196 197
196 198
196 199
196 200
196 202
196 238
196 239
196 241
196 242
197 197
197 198
197 199
197 200
197 201
197 203
197 204
197 206
197 238
197 239
197 241
197 242
198 198
198 199
198 200
198 201
198 202
198 203
198 204
198 206
198 240
199 199
199 200
199 201
199 203
199 204
199 205
199 206
199 238
199 239
199 241
199 242
200 200
200 201
200 202
200 203
200 204
200 206
200 238
200 239
200 241
200 242
201 201
201 203
201 204
201 205
201 206
201 208
201 243
202 202
202 203
202 204
202 205
202 206
202 207
202 209
202 244
202 245
202 247
202 248
203 203
203 204
203 205
203 206
203 208
203 244
203 245
203 247
203 248
204 204
204 206
204 207
204 209
204 246
205 205
205 206
205 208
205 244
205 245
205 247
205 248
206 206
206 207
206 209
206 244
206 245
206 247
206 248
207 207
207 209
208 208
209 209
210 210
210 211
210 212
210 213
210 214
210 215
210 216
210 217
210 218
211 211
211 212
211 213
211 214
211 215
211 216
211 217
211 218
212 212
212 213
212 214
212 215
212 216
212 217
212 218
213 213
213 214
213 215
213 216
213 217
213 218
213 219
213 221
213 222
213 224
213 255
214 214
214 215
214 216
214 217
214 218
214 220
214 256
214 257
214 259
214 260
215 215
215 216
215 217
215 218
215 219
215 221
215 222
215 224
215 256
215 257
215 259
215 260
216 216
216 217
216 218
216 219
216 220
216 221
216 222
216 224
216 258
217 217
217 218
217 219
217 221
217 222
217 223
217 224
217 256
217 257
217 259
217 260
218 218
218 219
218 220
218 221
218 222
218 224
218 256
218 257
218 259
218 260
219 219
219 221
219 222
219 223
219 224
219 225
219 227
219 228
219 230
219 261
220 220
220 221
220 222
220 223
220 224
220 226
220 262
220 263
220 265
220 266
221 221
221 222
221 223
221 224
221 225
221 227
221 228
221 230
221 262
221 263
221 265
221 266
222 222
222 223
222 224
222 225
222 226
222 227
222 228
222 230
222 264
223 223
223 224
223 225
223 227
223 228
223 229
223 230
223 262
223 263
223 265
223 266
224 224
224 225
224 227
224 228
224 230
224 262
224 263
224 265
224 266
225 225
225 227
225 228
225 230
225 231
225 233
225 234
225 236
225 267
226 226
226 227
226 229
226 230
226 232
226 268
226 269
226 271
226 272
227 227
227 228
227 229
227 230
227 231
227 233
227 234
227 236
227 268
227 269
227 271
227 272
228 228
228 230
228 231
228 233
228 234
228 236
228 270
229 229
229 230
229 235
229 268
229 269
229 271
229 272
230 230
230 231
230 233
230 234
230 236
230 268
230 269
230 271
230 272
231 231
231 233
231 234
231 237
231 239
231 240
231 242
231 273
232 232
232 233
232 235
232 236
232 238
232 274
232 275
232 277
232 278
233 233
233 234
233 235
233 236
233 237
233 239
233 240
233 242
233 274
233 275
233 277
233 278
234 234
234 236
234 237
234 239
234 240
234 242
234 276
235 235
235 236
235 241
235 274
235 275
235 277
235 278
236 236
236 237
236 239
236 240
236 242
236 274
236 275
236 277
236 278
237 237
237 239
237 240
237 241
237 242
237 243
237 245
237 246
237 248
237 279
238 238
238 239
238 240
238 241
238 242
238 244
238 280
238 281
238 283
238 284
239 239
239 240
239 241
239 242
239 243
239 245
239 246
239 248
239 280
239 281
239 283
239 284
240 240
240 241
240 242
240 243
240 244
240 245
240 246
240 248
240 282
241 241
241 242
241 243
241 245
241 246
241 247
241 248
241 280
241 281
241 283
241 284
242 242
242 243
242 244
242 245
242 246
242 248
242 280
242 281
242 283
242 284
243 243
243 245
243 246
243 247
243 248
243 250
243 285
244 244
244 245
244 246
244 247
244 248
244 249
244 251
244 286
244 287
244 289
244 290
245 245
245 246
245 247
245 248
245 250
245 286
245 287
245 289
245 290
246 246
246 248
246 249
246 251
246 288
247 247
247 248
247 250
247 286
247 287
247 289
247 290
248 248
248 249
248 251
248 286
248 287
248 289
248 290
249 249
249 251
250 250
251 251
252 252
252 253
252 254
252 255
252 256
252 257
252 258
252 259
252 260
253 253
253 254
253 255
253 256
253 257
253 258
253 259
253 260
254 254
254 255
254 256
254 257
254 258
254 259
254 260
255 255
255 256
255 257
255 258
255 259
255 260
255 261
255 263
255 264
255 266
255 297
256 256
256 257
256 258
256 259
256 260
256 262
256 298
256 299
256 301
256 302
257 257
257 258
257 259
257 260
257 261
257 263
257 264
257 266
257 298
257 299
257 301
257 302
258 258
258 259
258 260
258 261
258 262
258 263
258 264
258 266
258 300
259 259
259 260
259 261
259 263
259 264
259 265
259 266
259 298
259 299
259 301
259 302
260 260
260 261
260 262
260 263
260 264
260 266
260 298
260 299
260 301
260 302
261 261
261 263
261 264
261 265
261 266
261 267
261 269
261 270
261 272
261 303
262 262
262 263
262 264
262 265
262 266
262 268
262 304
262 305
262 307
262 308
263 263
263 264
263 265
263 266
263 267
263 269
263 270
263 272
263 304
263 305
263 307
263 308
264 264
264 265
264 266
264 267
264 268
264 269
264 270
264 272
264 306
265 265
265 266
265 267
265 269
265 270
265 271
265 272
265 304
265 305
265 307
265 308
266 266
266 267
266 268
266 269
266 270
266 272
266 304
266 305
266 307
266 308
267 267
267 269
267 270
267 272
267 273
267 275
267 276
267 278
267 309
268 268
268 269
268 271
268 272
268 274
268 310
268 311
268 313
268 314
269 269
269 270
269 271
269 272
269 273
269 275
269 276
269 278
269 310
269 311
269 313
269 314
270 270
270 272
270 273
270 275
270 276
270 278
270 312
271 271
271 272
271 277
271 310
271 311
271 313
271 314
272 272
272 273
272 275
272 276
272 278
272 310
272 311
272 313
272 314
273 273
273 275
273 276
273 279
273 281
273 282
273 284
273 315
274 274
274 275
274 277
274 278
274 280
274 316
274 317
274 319
274 320
275 275
275 276
275 277
275 278
275 279
275 281
275 282
275 284
275 316
275 317
275 319
275 320
276 276
276 278
276 279
276 281
276 282
276 284
276 318
277 277
277 278
277 283
277 316
277 317
277 319
277 320
278 278
278 279
278 281
278 282
278 284
278 316
278 317
278 319
278 320
279 279
279 281
279 282
279 283
279 284
279 285
279 287
279 288
279 290
279 321
280 280
280 281
280 282
280 283
280 284
280 286
280 322
280 323
280 325
280 326
281 281
281 282
281 283
281 284
281 285
281 287
281 288
281 290
281 322
281 323
281 325
281 326
282 282
282 283
282 284
282 285
282 286
282 287
282 288
282 290
282 324
283 283
283 284
283 285
283 287
283 288
283 289
283 290
283 322
283 323
283 325
283 326
284 284
284 285
284 286
284 287
284 288
284 290
284 322
284 323
284 325
284 326
285 285
285 287
285 288
285 289
285 290
285 292
285 327
286 286
286 287
286 288
286 289
286 290
286 291
286 293
286 328
286 329
286 331
286 332
287 287
287 288
287 289
287 290
287 292
287 328
287 329
287 331
287 332
288 288
288 290
288 291
288 293
288 330
289 289
289 290
289 292
289 328
289 329
289 331
289 332
290 290
290 291
290 293
290 328
290 329
290 331
290 332
291 291
291 293
292 292
293 293
294 294
294 295
294 296
294 297
294 298
294 299
294 300
294 301
294 302
295 295
295 296
295 297
295 298
295 299
295 300
295 301
295 302
296 296
296 297
296 298
296 299
296 300
296 301
296 302
297 297
297 298
297 299
297 300
297 301
297 302
297 303
297 305
297 306
297 308
297 339
297 340
297 341
297 342
297 343
297 344
298 298
298 299
298 300
298 301
298 302
298 304
298 339
298 340
298 341
298 342
298 343
298 344
299 299
299 300
299 301
299 302
299 303
299 305
299 306
299 308
299 339
299 340
299 341
299 342
299 343
299 344
300 300
300 301
300 302
300 303
300 304
300 305
300 306
300 308
300 339
300 340
300 341
300 342
300 343
300 344
301 301
301 302
301 303
301 305
301 306
301 307
301 308
301 339
301 340
301 341
301 342
301 343
301 344
302 302
302 303
302 304
302 305
302 306
302 308
302 339
302 340
302 341
302 342
302 343
302 344
303 303
303 305
303 306
303 307
303 308
303 309
303 311
303 312
303 314
303 345
304 304
304 305
304 306
304 307
304 308
304 310
304 346
304 347
304 349
304 350
305 305
305 306
305 307
305 308
305 309
305 311
305 312
305 314
305 346
305 347
305 349
305 350
306 306
306 307
306 308
306 309
306 310
306 311
306 312
306 314
306 348
307 307
307 308
307 309
307 311
307 312
307 313
307 314
307 346
307 347
307 349
307 350
308 308
308 309
308 310
308 311
308 312
308 314
308 346
308 347
308 349
308 350
309 309
309 310
309 311
309 312
309 313
309 314
309 315
309 317
309 318
309 320
309 351
309 352
309 353
309 354
309 355
309 356
310 310
310 311
310 312
310 313
310 314
310 316
310 351
310 352
310 353
310 354
310 355
310 356
311 311
311 312
311 313
311 314
311 315
311 317
311 318
311 320
311 351
311 352
311 353
311 354
311 355
311 356
312 312
312 313
312 314
312 315
312 317
312 318
312 320
312 351
312 352
312 353
312 354
312 355
312 356
313 313
313 314
313 315
313 317
313 318
313 319
313 320
313 351
313 352
313 353
313 354
313 355
313 356
314 314
314 315
314 316
314 317
314 318
314 320
314 351
314 352
314 353
314 354
314 355
314 356
315 315
315 316
315 317
315 318
315 319
315 320
315 321
315 323
315 324
315 326
315 357
315 358
315 359
315 360
315 361
315 362
316 316
316 317
316 318
316 319
316 320
316 322
316 357
316 358
316 359
316 360
316 361
316 362
317 317
317 318
317 319
317 320
317 321
317 323
317 324
317 326
317 357
317 358
317 359
317 360
317 361
317 362
318 318
318 319
318 320
318 321
318 323
318 324
318 326
318 357
318 358
318 359
318 360
318 361
318 362
319 319
319 320
319 321
319 323
319 324
319 325
319 326
319 357
319 358
319 359
319 360
319 361
319 362
320 320
320 321
320 322
320 323
320 324
320 326
320 357
320 358
320 359
320 360
320 361
320 362
321 321
321 322
321 323
321 324
321 325
321 326
321 327
321 329
321 330
321 332
321 363
321 364
321 365
321 366
321 367
321 368
322 322
322 323
322 324
322 325
322 326
322 328
322 363
322 364
322 365
322 366
322 367
322 368
323 323
323 324
323 325
323 326
323 327
323 329
323 330
323 332
323 363
323 364
323 365
323 366
323 367
323 368
324 324
324 325
324 326
324 327
324 328
324 329
324 330
324 332
324 363
324 364
324 365
324 366
324 367
324 368
325 325
325 326
325 327
325 329
325 330
325 331
325 332
325 363
325 364
325 365
325 366
325 367
325 368
326 326
326 327
326 328
326 329
326 330
326 332
326 363
326 364
326 365
326 366
326 367
326 368
327 327
327 328
327 329
327 330
327 331
327 332
327 334
327 369
327 370
327 371
327 372
327 373
327 374
328 328
328 329
328 330
328 331
328 332
328 333
328 335
328 369
328 370
328 371
328 372
328 373
328 374
329 329
329 330
329 331
329 332
329 334
329 369
329 370
329 371
329 372
329 373
329 374
330 330
330 331
330 332
330 333
330 335
330 369
330 370
330 371
330 372
330 373
330 374
331 331
331 332
331 334
331 369
331 370
331 371
331 372
331 373
331 374
332 332
332 333
332 335
332 369
332 370
332 371
332 372
332 373
332 374
333 333
333 335
334 334
335 335
336 336
336 337
336 338
336 339
336 340
336 341
336 342
336 343
336 344
337 337
337 338
337 339
337 340
337 341
337 342
337 343
337 344
338 338
338 339
338 340
338 341
338 342
338 343
338 344
339 339
339 340
339 341
339 342
339 343
339 344
339 345
339 347
339 348
339 350
339 381
339 382
339 383
339 384
339 385
339 386
340 340
340 341
340 342
340 343
340 344
340 346
340 381
340 382
340 383
340 384
340 385
340 386
341 341
341 342
341 343
341 344
341 345
341 347
341 348
341 350
341 381
341 382
341 383
341 384
341 385
341 386
342 342
342 343
342 344
342 345
342 346
342 347
342 348
342 350
342 381
342 382
342 383
342 384
342 385
342 386
343 343
343 344
343 345
343 347
343 348
343 349
343 350
343 381
343 382
343 383
343 384
343 385
343 386
344 344
344 345
344 346
344 347
344 348
344 350
344 381
344 382
344 383
344 384
344 385
344 386
345 345
345 346
345 347
345 348
345 349
345 350
345 351
345 353
345 354
345 356
345 387
345 388
345 389
345 390
345 391
345 392
346 346
346 347
346 348
346 349
346 350
346 352
346 387
346 388
346 389
346 390
346 391
346 392
347 347
347 348
347 349
347 350
347 351
347 353
347 354
347 356
347 387
347 388
347 389
347 390
347 391
347 392
348 348
348 349
348 350
348 351
348 353
348 354
348 356
348 387
348 388
348 389
348 390
348 391
348 392
349 349
349 350
349 351
349 353
349 354
349 355
349 356
349 387
349 388
349 389
349 390
349 391
349 392
350 350
350 351
350 352
350 353
350 354
350 356
350 387
350 388
350 389
350 390
350 391
350 392
351 351
351 352
351 353
351 354
351 355
351 356
351 357
351 359
351 360
351 362
351 393
351 394
351 395
351 396
351 397
351 398
352 352
352 353
352 354
352 355
352 356
352 358
352 393
352 394
352 395
352 396
352 397
352 398
353 353
353 354
353 355
353 356
353 357
353 359
353 360
353 362
353 393
353 394
353 395
353 396
353 397
353 398
354 354
354 355
354 356
354 357
354 358
354 359
354 360
354 362
354 393
354 394
354 395
354 396
354 397
354 398
355 355
355 356
355 357
355 359
355 360
355 361
355 362
355 393
355 394
355 395
355 396
355 397
355 398
356 356
356 357
356 358
356 359
356 360
356 362
356 393
356 394
356 395
356 396
356 397
356 398
357 357
357 358
357 359
357 360
357 361
357 362
357 363
357 365
357 366
357 368
357 399
357 400
357 401
357 402
357 403
357 404
358 358
358 359
358 360
358 361
358 362
358 364
358 399
358 400
358 401
358 402
358 403
358 404
359 359
359 360
359 361
359 362
359 363
359 365
359 366
359 368
359 399
359 400
359 401
359 402
359 403
359 404
360 360
360 361
360 362
360 363
360 364
360 365
360 366
360 368
360 399
360 400
360 401
360 402
360 403
360 404
361 361
361 362
361 363
361 365
361 366
361 367
361 368
361 399
361 400
361 401
361 402
361 403
361 404
362 362
362 363
362 364
362 365
362 366
362 368
362 399
362 400
362 401
362 402
362 403
362 404
363 363
363 364
363 365
363 366
363 367
363 368
363 369
363 371
363 372
363 374
363 405
363 406
363 407
363 408
363 409
363 410
364 364
364 365
364 366
364 367
364 368
364 370
364 405
364 406
364 407
364 408
364 409
364 410
365 365
365 366
365 367
365 368
365 369
365 371
365 372
365 374
365 405
365 406
365 407
365 408
365 409
365 410
366 366
366 367
366 368
366 369
366 370
366 371
366 372
366 374
366 405
366 406
366 407
366 408
366 409
366 410
367 367
367 368
367 369
367 371
367 372
367 373
367 374
367 405
367 406
367 407
367 408
367 409
367 410
368 368
368 369
368 370
368 371
368 372
368 374
368 405
368 406
368 407
368 408
368 409
368 410
369 369
369 370
369 371
369 372
369 373
369 374
369 376
369 411
369 412
369 413
369 414
369 415
369 416
370 370
370 371
370 372
370 373
370 374
370 375
370 377
370 411
370 412
370 413
370 414
370 415
370 416
371 371
371 372
371 373
371 374
371 376
371 411
371 412
371 413
371 414
371 415
371 416
372 372
372 373
372 374
372 375
372 377
372 411
372 412
372 413
372 414
372 415
372 416
373 373
373 374
373 376
373 411
373 412
373 413
373 414
373 415
373 416
374 374
374 375
374 377
374 411
374 412
374 413
374 414
374 415
374 416
375 375
375 377
376 376
377 377
378 378
378 382
378 384
379 379
379 381
379 385
380 380
380 386
381 381
381 382
381 383
381 384
381 385
381 386
381 387
381 389
381 390
381 392
382 382
382 383
382 384
382 385
382 386
382 388
383 383
383 384
383 385
383 386
383 387
383 389
383 390
383 392
384 384
384 385
384 386
384 387
384 388
384 389
384 390
384 392
385 385
385 386
385 387
385 389
385 390
385 391
385 392
386 386
386 387
386 388
386 389
386 390
386 392
387 387
387 388
387 389
387 390
387 391
387 392
387 393
387 395
387 396
387 398
388 388
388 389
388 390
388 391
388 392
388 394
389 389
389 390
389 391
389 392
389 393
389 395
389 396
389 398
390 390
390 391
390 392
390 393
390 395
390 396
390 398
391 391
391 392
391 393
391 395
391 396
391 397
391 398
392 392
392 393
392 394
392 395
392 396
392 398
393 393
393 394
393 395
393 396
393 397
393 398
393 399
393 401
393 402
393 404
394 394
394 395
394 396
394 397
394 398
394 400
395 395
395 396
395 397
395 398
395 399
395 401
395 402
395 404
396 396
396 397
396 398
396 399
396 401
396 402
396 404
397 397
397 398
397 399
397 401
397 402
397 403
397 404
398 398
398 399
398 400
398 401
398 402
398 404
399 399
399 400
399 401
399 402
399 403
399 404
399 405
399 407
399 408
399 410
400 400
400 401
400 402
400 403
400 404
400 406
401 401
401 403
401 404
401 405
401 407
401 408
401 410
402 402
402 403
402 404
402 405
402 407
402 408
402 410
403 403
403 404
403 405
403 407
403 408
403 409
403 410
404 404
404 405
404 406
404 407
404 408
404 410
405 405
405 406
405 407
405 408
405 409
405 410
405 411
405 413
405 414
405 416
406 406
406 407
406 408
406 409
406 410
406 412
407 407
407 408
407 409
407 410
407 411
407 413
407 414
407 416
408 408
408 409
408 410
408 411
408 412
408 413
408 414
408 416
409 409
409 410
409 411
409 413
409 414
409 415
409 416
410 410
410 411
410 412
410 413
410 414
410 416
411 411
411 412
411 413
411 414
411 415
411 416
411 418
412 412
412 413
412 414
412 415
412 416
412 417
413 413
413 414
413 415
413 416
414 414
414 415
414 416
414 417
415 415
415 416
415 418
416 416
416 419
417 417
418 418
419 419
