0 0
0 3
0 18
0 19
0 23
0 24
1 1
1 2
1 4
1 5
1 20
1 21
1 22
1 25
1 26
1 27
2 2
2 4
2 5
2 20
2 21
2 22
2 25
2 26
2 27
3 3
3 6
3 18
3 19
3 23
3 24
3 28
3 29
4 4
4 5
4 7
4 8
4 20
4 21
4 22
4 25
4 26
4 27
4 30
4 31
4 32
5 5
5 7
5 8
5 20
5 21
5 22
5 25
5 26
5 27
5 30
5 31
5 32
6 6
6 9
6 23
6 24
6 28
6 29
6 33
6 34
7 7
7 8
7 10
7 11
7 25
7 26
7 27
7 30
7 31
7 32
7 35
7 36
7 37
8 8
8 10
8 11
8 25
8 26
8 27
8 30
8 31
8 32
8 35
8 36
8 37
9 9
9 12
9 28
9 29
9 33
9 34
9 38
9 39
10 10
10 11
10 13
10 14
10 30
10 31
10 32
10 35
10 36
10 37
10 40
10 41
10 42
11 11
11 13
11 14
11 30
11 31
11 32
11 35
11 36
11 37
11 40
11 41
11 42
12 12
12 15
12 33
12 34
12 38
12 39
12 43
12 44
13 13
13 14
13 16
13 17
13 35
13 36
13 37
13 40
13 41
13 42
13 45
13 46
13 47
14 14
14 16
14 17
14 35
14 36
14 37
14 40
14 41
14 42
14 45
14 46
14 47
15 15
15 38
15 39
15 43
15 44
16 16
16 17
16 40
16 41
16 42
16 45
16 46
16 47
17 17
17 40
17 41
17 42
17 45
17 46
17 47
18 18
18 19
18 23
18 24
18 48
18 49
18 53
18 54
19 19
19 23
19 24
19 48
19 49
19 53
19 54
20 20
20 21
20 22
20 25
20 26
20 27
20 50
20 51
20 52
20 55
20 56
20 57
21 21
21 22
21 25
21 26
21 27
21 50
21 51
21 52
21 55
21 56
21 57
22 22
22 25
22 26
22 27
22 50
22 51
22 52
22 55
22 56
22 57
23 23
23 24
23 28
23 29
23 48
23 49
23 53
23 54
23 58
23 59
24 24
24 28
24 29
24 48
24 49
24 53
24 54
24 58
24 59
25 25
25 26
25 27
25 30
25 31
25 32
25 50
25 51
25 52
25 55
25 56
25 57
25 60
25 61
25 62
26 26
26 27
26 30
26 31
26 32
26 50
26 51
26 52
26 55
26 56
26 57
26 60
26 61
26 62
27 27
27 30
27 31
27 32
27 50
27 51
27 52
27 55
27 56
27 57
27 60
27 61
27 62
28 28
28 29
28 33
28 34
28 53
28 54
28 58
28 59
28 63
28 64
29 29
29 33
29 34
29 53
29 54
29 58
29 59
29 63
29 64
30 30
30 31
30 32
30 35
30 36
30 37
30 55
30 56
30 57
30 60
30 61
30 62
30 65
30 66
30 67
31 31
31 32
31 35
31 36
31 37
31 55
31 56
31 57
31 60
31 61
31 62
31 65
31 66
31 67
32 32
32 35
32 36
32 37
32 55
32 56
32 57
32 60
32 61
32 62
32 65
32 66
32 67
33 33
33 34
33 38
33 39
33 58
33 59
33 63
33 64
33 68
33 69
34 34
34 38
34 39
34 58
34 59
34 63
34 64
34 68
34 69
35 35
35 36
35 37
35 40
35 41
35 42
35 60
35 61
35 62
35 65
35 66
35 67
35 70
35 71
35 72
36 36
36 37
36 40
36 41
36 42
36 60
36 61
36 62
36 65
36 66
36 67
36 70
36 71
36 72
37 37
37 40
37 41
37 42
37 60
37 61
37 62
37 65
37 66
37 67
37 70
37 71
37 72
38 38
38 39
38 43
38 44
38 63
38 64
38 68
38 69
38 73
38 74
39 39
39 43
39 44
39 63
39 64
39 68
39 69
39 73
39 74
40 40
40 41
40 42
40 45
40 46
40 47
40 65
40 66
40 67
40 70
40 71
40 72
40 75
40 76
40 77
41 41
41 42
41 45
41 46
41 47
41 65
41 66
41 67
41 70
41 71
41 72
41 75
41 76
41 77
42 42
42 45
42 46
42 47
42 65
42 66
42 67
42 70
42 71
42 72
42 75
42 76
42 77
43 43
43 44
43 68
43 69
43 73
43 74
44 44
44 68
44 69
44 73
44 74
45 45
45 46
45 47
45 70
45 71
45 72
45 75
45 76
45 77
46 46
46 47
46 70
46 71
46 72
46 75
46 76
46 77
47 47
47 70
47 71
47 72
47 75
47 76
47 77
48 48
48 49
48 53
48 54
48 78
48 79
48 83
48 84
49 49
49 53
49 54
49 78
49 79
49 83
49 84
50 50
50 51
50 52
50 55
50 56
50 57
50 80
50 81
50 82
50 85
50 86
50 87
51 51
51 52
51 55
51 56
51 57
51 80
51 81
51 82
51 85
51 86
51 87
52 52
52 55
52 56
52 57
52 80
52 81
52 82
52 85
52 86
52 87
53 53
53 54
53 58
53 59
53 78
53 79
53 83
53 84
53 88
53 89
54 54
54 58
54 59
54 78
54 79
54 83
54 84
54 88
54 89
55 55
55 56
55 57
55 60
55 61
55 62
55 80
55 81
55 82
55 85
55 86
55 87
55 90
55 91
55 92
56 56
56 57
56 60
56 61
56 62
56 80
56 81
56 82
56 85
56 86
56 87
56 90
56 91
56 92
57 57
57 60
57 61
57 62
57 80
57 81
57 82
57 85
57 86
57 87
57 90
57 91
57 92
58 58
58 59
58 63
58 64
58 83
58 84
58 88
58 89
58 93
58 94
59 59
59 63
59 64
59 83
59 84
59 88
59 89
59 93
59 94
60 60
60 61
60 62
60 65
60 66
60 67
60 85
60 86
60 87
60 90
60 91
60 92
60 95
60 96
60 97
61 61
61 62
61 65
61 66
61 67
61 85
61 86
61 87
61 90
61 91
61 92
61 95
61 96
61 97
62 62
62 65
62 66
62 67
62 85
62 86
62 87
62 90
62 91
62 92
62 95
62 96
62 97
63 63
63 64
63 68
63 69
63 88
63 89
63 93
63 94
63 98
63 99
64 64
64 68
64 69
64 88
64 89
64 93
64 94
64 98
64 99
65 65
65 66
65 67
65 70
65 71
65 72
65 90
65 91
65 92
65 95
65 96
65 97
65 100
65 101
65 102
66 66
66 67
66 70
66 71
66 72
66 90
66 91
66 92
66 95
66 96
66 97
66 100
66 101
66 102
67 67
67 70
67 71
67 72
67 90
67 91
67 92
67 95
67 96
67 97
67 100
67 101
67 102
68 68
68 69
68 73
68 74
68 93
68 94
68 98
68 99
68 103
68 104
69 69
69 73
69 74
69 93
69 94
69 98
69 99
69 103
69 104
70 70
70 71
70 72
70 75
70 76
70 77
70 95
70 96
70 97
70 100
70 101
70 102
70 105
70 106
70 107
71 71
71 72
71 76
71 77
71 95
71 96
71 97
71 100
71 101
71 102
71 105
71 106
71 107
72 72
72 75
72 76
72 77
72 95
72 96
72 97
72 100
72 101
72 102
72 105
72 106
72 107
73 73
73 74
73 98
73 99
73 103
73 104
74 74
74 98
74 99
74 103
74 104
75 75
75 76
75 77
75 100
75 101
75 102
75 105
75 106
75 107
76 76
76 77
76 100
76 101
76 102
76 105
76 106
76 107
77 77
77 100
77 101
77 102
77 105
77 106
77 107
78 78
78 79
78 83
78 84
78 108
78 109
78 113
78 114
79 79
79 83
79 84
79 108
79 109
79 113
79 114
80 80
80 81
80 82
80 85
80 86
80 87
80 110
80 111
80 112
80 115
80 116
80 117
81 81
81 82
81 85
81 86
81 87
81 110
81 111
81 112
81 115
81 116
81 117
82 82
82 85
82 86
82 87
82 110
82 111
82 112
82 115
82 116
82 117
83 83
83 84
83 88
83 89
83 108
83 109
83 113
83 114
83 118
83 119
84 84
84 88
84 89
84 108
84 109
84 113
84 114
84 118
84 119
85 85
85 86
85 87
85 90
85 91
85 92
85 110
85 111
85 112
85 115
85 116
85 117
85 120
85 121
85 122
86 86
86 87
86 90
86 91
86 92
86 110
86 111
86 112
86 115
86 116
86 117
86 120
86 121
86 122
87 87
87 90
87 91
87 92
87 110
87 111
87 112
87 115
87 116
87 117
87 120
87 121
87 122
88 88
88 89
88 93
88 94
88 113
88 114
88 118
88 119
88 123
88 124
89 89
89 93
89 94
89 113
89 114
89 118
89 119
89 123
89 124
90 90
90 91
90 92
90 95
90 96
90 97
90 115
90 116
90 117
90 120
90 121
90 122
90 125
90 126
90 127
91 91
91 92
91 95
91 96
91 97
91 115
91 116
91 117
91 120
91 121
91 122
91 125
91 126
91 127
92 92
92 95
92 96
92 97
92 115
92 116
92 117
92 120
92 121
92 122
92 125
92 126
92 127
93 93
93 94
93 98
93 99
93 118
93 119
93 123
93 124
93 128
93 129
94 94
94 98
94 99
94 118
94 119
94 123
94 124
94 128
94 129
95 95
95 96
95 97
95 100
95 101
95 102
95 120
95 121
95 122
95 125
95 126
95 127
95 130
95 131
95 132
96 96
96 97
96 100
96 101
96 102
96 120
96 121
96 122
96 125
96 126
96 127
96 130
96 131
96 132
97 97
97 100
97 101
97 102
97 120
97 121
97 122
97 125
97 126
97 127
97 130
97 131
97 132
98 98
98 99
98 103
98 104
98 123
98 124
98 128
98 129
98 133
98 134
99 99
99 103
99 104
99 123
99 124
99 128
99 129
99 133
99 134
100 100
100 101
100 102
100 105
100 106
100 107
100 125
100 126
100 127
100 130
100 131
100 132
100 135
100 136
100 137
101 101
101 102
101 105
101 106
101 107
101 125
101 126
101 127
101 130
101 131
101 132
101 135
101 136
101 137
102 102
102 105
102 106
102 107
102 125
102 126
102 127
102 130
102 131
102 132
102 135
102 136
102 137
103 103
103 104
103 128
103 129
103 133
103 134
104 104
104 128
104 129
104 133
104 134
105 105
105 106
105 107
105 130
105 131
105 132
105 135
105 136
105 137
106 106
106 107
106 130
106 131
106 132
106 135
106 136
106 137
107 107
107 130
107 131
107 132
107 135
107 136
107 137
108 108
108 109
108 113
108 114
108 138
108 139
108 143
108 144
109 109
109 113
109 114
109 138
109 139
109 143
109 144
110 110
110 111
110 112
110 115
110 116
110 117
110 140
110 141
110 142
110 145
110 146
110 147
111 111
111 112
111 115
111 116
111 117
111 140
111 141
111 142
111 145
111 146
111 147
112 112
112 115
112 116
112 117
112 140
112 141
112 142
112 145
112 146
112 147
113 113
113 114
113 118
113 119
113 138
113 139
113 143
113 144
113 148
113 149
114 114
114 118
114 119
114 138
114 139
114 143
114 144
114 148
114 149
115 115
115 116
115 117
115 120
115 121
115 122
115 140
115 141
115 142
115 145
115 146
115 147
115 150
115 151
115 152
116 116
116 117
116 120
116 121
116 122
116 140
116 141
116 142
116 145
116 146
116 147
116 150
116 151
116 152
117 117
117 120
117 121
117 122
117 140
117 141
117 142
117 145
117 146
117 147
117 150
117 151
117 152
118 118
118 119
118 123
118 124
118 143
118 144
118 148
118 149
118 153
118 154
119 119
119 123
119 124
119 143
119 144
119 148
119 149
119 153
119 154
120 120
120 121
120 122
120 125
120 126
120 127
120 145
120 146
120 147
120 150
120 151
120 152
120 155
120 156
120 157
121 121
121 122
121 125
121 126
121 127
121 145
121 146
121 147
121 150
121 151
121 152
121 155
121 156
121 157
122 122
122 125
122 126
122 127
122 145
122 146
122 147
122 150
122 151
122 152
122 155
122 156
122 157
123 123
123 124
123 128
123 129
123 148
123 149
123 153
123 154
123 158
123 159
124 124
124 128
124 129
124 148
124 149
124 153
124 154
124 158
124 159
125 125
125 126
125 127
125 130
125 131
125 132
125 150
125 151
125 152
125 155
125 156
125 157
125 160
125 161
125 162
126 126
126 127
126 130
126 131
126 132
126 150
126 151
126 152
126 155
126 156
126 157
126 160
126 161
126 162
127 127
127 130
127 131
127 132
127 150
127 151
127 152
127 155
127 156
127 157
127 160
127 161
127 162
128 128
128 129
128 133
128 134
128 153
128 154
128 158
128 159
128 163
128 164
129 129
129 133
129 134
129 153
129 154
129 158
129 159
129 163
129 164
130 130
130 131
130 132
130 135
130 136
130 137
130 155
130 156
130 157
130 160
130 161
130 162
130 165
130 166
130 167
131 131
131 132
131 135
131 136
131 137
131 155
131 156
131 157
131 160
131 161
131 162
131 165
131 166
131 167
132 132
132 135
132 136
132 137
132 155
132 156
132 157
132 160
132 161
132 162
132 165
132 166
132 167
133 133
133 134
133 158
133 159
133 163
133 164
134 134
134 158
134 159
134 163
134 164
135 135
135 136
135 137
135 160
135 161
135 162
135 165
135 166
135 167
136 136
136 137
136 160
136 161
136 162
136 165
136 166
136 167
137 137
137 160
137 161
137 162
137 165
137 166
137 167
138 138
138 139
138 143
138 144
138 168
138 169
138 173
138 174
139 139
139 143
139 144
139 168
139 169
139 173
139 174
140 140
140 141
140 142
140 145
140 146
140 147
140 170
140 171
140 172
140 175
140 176
140 177
141 141
141 142
141 145
141 146
141 147
141 170
141 171
141 172
141 175
141 176
141 177
142 142
142 145
142 146
142 147
142 170
142 171
142 172
142 175
142 176
142 177
143 143
143 144
143 148
143 149
143 168
143 169
143 173
143 174
143 178
143 179
144 144
144 148
144 149
144 168
144 169
144 173
144 174
144 178
144 179
145 145
145 146
145 147
145 150
145 151
145 152
145 170
145 171
145 172
145 175
145 176
145 177
145 180
145 181
145 182
146 146
146 147
146 150
146 151
146 152
146 170
146 171
146 172
146 175
146 176
146 177
146 180
146 181
146 182
147 147
147 150
147 151
147 152
147 170
147 171
147 172
147 175
147 176
147 177
147 180
147 181
147 182
148 148
148 149
148 153
148 154
148 173
148 174
148 178
148 179
148 183
148 184
149 149
149 153
149 154
149 173
149 174
149 178
149 179
149 183
149 184
150 150
150 151
150 152
150 155
150 156
150 157
150 175
150 176
150 177
150 180
150 181
150 182
150 185
150 186
150 187
151 151
151 152
151 155
151 156
151 157
151 175
151 176
151 177
151 180
151 181
151 182
151 185
151 186
151 187
152 152
152 155
152 156
152 157
152 175
152 176
152 177
152 180
152 181
152 182
152 185
152 186
152 187
153 153
153 154
153 158
153 159
153 178
153 179
153 183
153 184
153 188
153 189
154 154
154 158
154 159
154 178
154 179
154 183
154 184
154 188
154 189
155 155
155 156
155 157
155 160
155 161
155 162
155 180
155 181
155 182
155 185
155 186
155 187
155 190
155 191
155 192
156 156
156 157
156 160
156 161
156 162
156 180
156 181
156 182
156 185
156 186
156 187
156 190
156 191
156 192
157 157
157 160
157 161
157 162
157 180
157 181
157 182
157 185
157 186
157 187
157 190
157 191
157 192
158 158
158 159
158 163
158 164
158 183
158 184
158 188
158 189
158 193
158 194
159 159
159 163
159 164
159 183
159 184
159 188
159 189
159 193
159 194
160 160
160 161
160 162
160 165
160 166
160 167
160 185
160 186
160 187
160 190
160 191
160 192
160 195
160 196
160 197
161 161
161 162
161 165
161 166
161 167
161 185
161 186
161 187
161 190
161 191
161 192
161 195
161 196
161 197
162 162
162 165
162 166
162 167
162 185
162 186
162 187
162 190
162 191
162 192
162 195
162 196
162 197
163 163
163 164
163 188
163 189
163 193
163 194
164 164
164 188
164 189
164 193
164 194
165 165
165 166
165 167
165 190
165 191
165 192
165 195
165 196
165 197
166 166
166 167
166 190
166 191
166 192
166 195
166 196
166 197
167 167
167 190
167 191
167 192
167 195
167 196
167 197
168 168
168 169
168 173
168 174
168 198
168 199
168 203
168 204
169 169
169 173
169 174
169 198
169 199
169 203
169 204
170 170
170 171
170 172
170 175
170 176
170 177
170 200
170 201
170 202
170 205
170 206
170 207
171 171
171 172
171 175
171 176
171 177
171 200
171 201
171 202
171 205
171 206
171 207
172 172
172 175
172 176
172 177
172 200
172 201
172 202
172 205
172 206
172 207
173 173
173 174
173 178
173 179
173 198
173 199
173 203
173 204
173 208
173 209
174 174
174 178
174 179
174 198
174 199
174 203
174 204
174 208
174 209
175 175
175 176
175 177
175 180
175 181
175 182
175 200
175 201
175 202
175 205
175 206
175 207
175 210
175 211
175 212
176 176
176 177
176 180
176 181
176 182
176 200
176 201
176 202
176 205
176 206
176 207
176 210
176 211
176 212
177 177
177 180
177 181
177 182
177 200
177 201
177 202
177 205
177 206
177 207
177 210
177 211
177 212
178 178
178 179
178 183
178 184
178 203
178 204
178 208
178 209
178 213
178 214
179 179
179 183
179 184
179 203
179 204
179 208
179 209
179 213
179 214
180 180
180 181
180 182
180 185
180 186
180 187
180 205
180 206
180 207
180 210
180 211
180 212
180 215
180 216
180 217
181 181
181 182
181 185
181 186
181 187
181 205
181 206
181 207
181 210
181 211
181 212
181 215
181 216
181 217
182 182
182 185
182 186
182 187
182 205
182 206
182 207
182 210
182 211
182 212
182 215
182 216
182 217
183 183
183 184
183 188
183 189
183 208
183 209
183 213
183 214
183 218
183 219
184 184
184 188
184 189
184 208
184 209
184 213
184 214
184 218
184 219
185 185
185 186
185 187
185 190
185 191
185 192
185 210
185 211
185 212
185 215
185 216
185 217
185 220
185 221
185 222
186 186
186 187
186 190
186 191
186 192
186 210
186 211
186 212
186 215
186 216
186 217
186 220
186 221
186 222
187 187
187 190
187 191
187 192
187 210
187 211
187 212
187 215
187 216
187 217
187 220
187 221
187 222
188 188
188 189
188 193
188 194
188 213
188 214
188 218
188 219
188 223
188 224
189 189
189 193
189 194
189 213
189 214
189 218
189 219
189 223
189 224
190 190
190 191
190 192
190 195
190 196
190 197
190 215
190 216
190 217
190 220
190 221
190 222
190 225
190 226
190 227
191 191
191 192
191 195
191 196
191 197
191 215
191 216
191 217
191 220
191 221
191 222
191 225
191 226
191 227
192 192
192 195
192 196
192 197
192 215
192 216
192 217
192 220
192 221
192 222
192 225
192 226
192 227
193 193
193 194
193 218
193 219
193 223
193 224
194 194
194 218
194 219
194 223
194 224
195 195
195 196
195 197
195 220
195 221
195 222
195 225
195 226
195 227
196 196
196 197
196 220
196 221
196 222
196 225
196 226
196 227
197 197
197 220
197 221
197 222
197 225
197 226
197 227
198 198
198 199
198 203
198 204
198 228
198 229
198 233
198 234
199 199
199 203
199 204
199 228
199 229
199 233
199 234
200 200
200 201
200 202
200 205
200 206
200 207
200 230
200 231
200 232
200 235
200 236
200 237
201 201
201 202
201 205
201 206
201 207
201 230
201 231
201 232
201 235
201 236
201 237
202 202
202 205
202 206
202 207
202 230
202 231
202 232
202 235
202 236
202 237
203 203
203 204
203 208
203 209
203 228
203 229
203 233
203 234
203 238
203 239
204 204
204 208
204 209
204 228
204 229
204 233
204 234
204 238
204 239
205 205
205 206
205 207
205 210
205 211
205 212
205 230
205 231
205 232
205 235
205 236
205 237
205 240
205 241
205 242
206 206
206 207
206 210
206 211
206 212
206 230
206 231
206 232
206 235
206 236
206 237
206 240
206 241
206 242
207 207
207 210
207 211
207 212
207 230
207 231
207 232
207 235
207 236
207 237
207 240
207 241
207 242
208 208
208 209
208 213
208 214
208 233
208 234
208 238
208 239
208 243
208 244
209 209
209 213
209 214
209 233
209 234
209 238
209 239
209 243
209 244
210 210
210 211
210 212
210 215
210 216
210 217
210 235
210 236
210 237
210 240
210 241
210 242
210 245
210 246
210 247
211 211
211 212
211 215
211 216
211 217
211 235
211 236
211 237
211 240
211 241
211 242
211 245
211 246
211 247
212 212
212 215
212 216
212 217
212 235
212 236
212 237
212 240
212 241
212 242
212 245
212 246
212 247
213 213
213 214
213 218
213 219
213 238
213 239
213 243
213 244
213 248
213 249
214 214
214 218
214 219
214 238
214 239
214 243
214 244
214 248
214 249
215 215
215 216
215 217
215 220
215 221
215 222
215 240
215 241
215 242
215 245
215 246
215 247
215 250
215 251
215 252
216 216
216 217
216 220
216 221
216 222
216 240
216 241
216 242
216 245
216 246
216 247
216 250
216 251
216 252
217 217
217 220
217 221
217 222
217 240
217 241
217 242
217 245
217 246
217 247
217 250
217 251
217 252
218 218
218 219
218 223
218 224
218 243
218 244
218 248
218 249
218 253
218 254
219 219
219 223
219 224
219 243
219 244
219 248
219 249
219 253
219 254
220 220
220 221
220 222
220 225
220 226
220 227
220 245
220 246
220 247
220 250
220 251
220 252
220 255
220 256
220 257
221 221
221 222
221 225
221 226
221 227
221 245
221 246
221 247
221 250
221 251
221 252
221 255
221 256
221 257
222 222
222 225
222 226
222 227
222 245
222 246
222 247
222 250
222 251
222 252
222 255
222 256
222 257
223 223
223 224
223 248
223 249
223 253
223 254
224 224
224 248
224 249
224 253
224 254
225 225
225 226
225 227
225 250
225 251
225 252
225 255
225 256
225 257
226 226
226 227
226 250
226 251
226 252
226 255
226 256
226 257
227 227
227 250
227 251
227 252
227 255
227 256
227 257
228 228
228 229
228 233
228 234
228 258
228 259
228 263
228 264
229 229
229 233
229 234
229 258
229 259
229 263
229 264
230 230
230 231
230 232
230 235
230 236
230 237
230 260
230 261
230 262
230 265
230 266
230 267
231 231
231 232
231 235
231 236
231 237
231 260
231 261
231 262
231 265
231 266
231 267
232 232
232 235
232 236
232 237
232 260
232 261
232 262
232 265
232 266
232 267
233 233
233 234
233 238
233 239
233 258
233 259
233 263
233 264
233 268
233 269
234 234
234 238
234 239
234 258
234 259
234 263
234 264
234 268
234 269
235 235
235 236
235 237
235 240
235 241
235 242
235 260
235 261
235 262
235 265
235 266
235 267
235 270
235 271
235 272
236 236
236 237
236 240
236 241
236 242
236 260
236 261
236 262
236 265
236 266
236 267
236 270
236 271
236 272
237 237
237 240
237 241
237 242
237 260
237 261
237 262
237 265
237 266
237 267
237 270
237 271
237 272
238 238
238 239
238 243
238 244
238 263
238 264
238 268
238 269
238 273
238 274
239 239
239 243
239 244
239 263
239 264
239 268
239 269
239 273
239 274
240 240
240 241
240 242
240 245
240 246
240 247
240 265
240 266
240 267
240 270
240 271
240 272
240 275
240 276
240 277
241 241
241 242
241 245
241 246
241 247
241 265
241 266
241 267
241 270
241 271
241 272
241 275
241 276
241 277
242 242
242 245
242 246
242 247
242 265
242 266
242 267
242 270
242 271
242 272
242 275
242 276
242 277
243 243
243 244
243 248
243 249
243 268
243 269
243 273
243 274
243 278
243 279
244 244
244 248
244 249
244 268
244 269
244 273
244 274
244 278
244 279
245 245
245 246
245 247
245 250
245 251
245 252
245 270
245 271
245 272
245 275
245 276
245 277
245 280
245 281
245 282
246 246
246 247
246 250
246 251
246 252
246 270
246 271
246 272
246 275
246 276
246 277
246 280
246 281
246 282
247 247
247 250
247 251
247 252
247 270
247 271
247 272
247 275
247 276
247 277
247 280
247 281
247 282
248 248
248 249
248 253
248 254
248 273
248 274
248 278
248 279
248 283
248 284
249 249
249 253
249 254
249 273
249 274
249 278
249 279
249 283
249 284
250 250
250 251
250 252
250 255
250 256
250 257
250 275
250 276
250 277
250 280
250 281
250 282
250 285
250 286
250 287
251 251
251 252
251 255
251 256
251 257
251 275
251 276
251 277
251 280
251 281
251 282
251 285
251 286
251 287
252 252
252 255
252 256
252 257
252 275
252 276
252 277
252 280
252 281
252 282
252 285
252 286
252 287
253 253
253 254
253 278
253 279
253 283
253 284
254 254
254 278
254 279
254 283
254 284
255 255
255 256
255 257
255 280
255 281
255 282
255 285
255 286
255 287
256 256
256 257
256 280
256 281
256 282
256 285
256 286
256 287
257 257
257 280
257 281
257 282
257 285
257 286
257 287
258 258
258 259
258 263
258 264
258 288
258 289
258 293
258 294
259 259
259 263
259 264
259 288
259 289
259 293
259 294
260 260
260 261
260 262
260 265
260 266
260 267
260 290
260 291
260 292
260 295
260 296
260 297
261 261
261 262
261 265
261 266
261 267
261 290
261 291
261 292
261 295
261 296
261 297
262 262
262 265
262 266
262 267
262 290
262 291
262 292
262 295
262 296
262 297
263 263
263 264
263 268
263 269
263 288
263 289
263 293
263 294
263 298
263 299
264 264
264 268
264 269
264 288
264 289
264 293
264 294
264 298
264 299
265 265
265 266
265 267
265 270
265 271
265 272
265 290
265 291
265 292
265 295
265 296
265 297
265 300
265 301
265 302
266 266
266 267
266 270
266 271
266 272
266 290
266 291
266 292
266 295
266 296
266 297
266 300
266 301
266 302
267 267
267 270
267 271
267 272
267 290
267 291
267 292
267 295
267 296
267 297
267 300
267 301
267 302
268 268
268 269
268 273
268 274
268 293
268 294
268 298
268 299
268 303
268 304
269 269
269 273
269 274
269 293
269 294
269 298
269 299
269 303
269 304
270 270
270 271
270 272
270 275
270 276
270 277
270 295
270 296
270 297
270 300
270 301
270 302
270 305
270 306
270 307
271 271
271 272
271 275
271 276
271 277
271 295
271 296
271 297
271 300
271 301
271 302
271 305
271 306
271 307
272 272
272 275
272 276
272 277
272 295
272 296
272 297
272 300
272 301
272 302
272 305
272 306
272 307
273 273
273 274
273 278
273 279
273 298
273 299
273 303
273 304
273 308
273 309
274 274
274 278
274 279
274 298
274 299
274 303
274 304
274 308
274 309
275 275
275 276
275 277
275 280
275 281
275 282
275 300
275 301
275 302
275 305
275 306
275 307
275 310
275 311
275 312
276 276
276 277
276 280
276 281
276 282
276 300
276 301
276 302
276 305
276 306
276 307
276 310
276 311
276 312
277 277
277 280
277 281
277 282
277 300
277 301
277 302
277 305
277 306
277 307
277 310
277 311
277 312
278 278
278 279
278 283
278 284
278 303
278 304
278 308
278 309
278 313
278 314
279 279
279 283
279 284
279 303
279 304
279 308
279 309
279 313
279 314
280 280
280 281
280 282
280 285
280 286
280 287
280 305
280 306
280 307
280 310
280 311
280 312
280 315
280 316
280 317
281 281
281 282
281 285
281 286
281 287
281 305
281 306
281 307
281 310
281 311
281 312
281 315
281 316
281 317
282 282
282 285
282 286
282 287
282 305
282 306
282 307
282 310
282 311
282 312
282 315
282 316
282 317
283 283
283 284
283 308
283 309
283 313
283 314
284 284
284 308
284 309
284 313
284 314
285 285
285 286
285 287
285 310
285 311
285 312
285 315
285 316
285 317
286 286
286 287
286 310
286 311
286 312
286 315
286 316
286 317
287 287
287 310
287 311
287 312
287 315
287 316
287 317
288 288
288 289
288 293
288 294
288 318
288 319
288 323
288 324
289 289
289 293
289 294
289 318
289 319
289 323
289 324
290 290
290 291
290 292
290 295
290 296
290 297
290 320
290 321
290 322
290 325
290 326
290 327
291 291
291 292
291 295
291 296
291 297
291 320
291 321
291 322
291 325
291 326
291 327
292 292
292 295
292 296
292 297
292 320
292 321
292 322
292 325
292 326
292 327
293 293
293 294
293 298
293 299
293 318
293 319
293 323
293 324
293 328
293 329
294 294
294 298
294 299
294 318
294 319
294 323
294 324
294 328
294 329
295 295
295 296
295 297
295 300
295 301
295 302
295 320
295 321
295 322
295 325
295 326
295 327
295 330
295 331
295 332
296 296
296 297
296 300
296 301
296 302
296 320
296 321
296 322
296 325
296 326
296 327
296 330
296 331
296 332
297 297
297 300
297 301
297 302
297 320
297 321
297 322
297 325
297 326
297 327
297 330
297 331
297 332
298 298
298 299
298 303
298 304
298 323
298 324
298 328
298 329
298 333
298 334
299 299
299 303
299 304
299 323
299 324
299 328
299 329
299 333
299 334
300 300
300 301
300 302
300 305
300 306
300 307
300 325
300 326
300 327
300 330
300 331
300 332
300 335
300 336
300 337
301 301
301 302
301 305
301 306
301 307
301 325
301 326
301 327
301 330
301 331
301 332
301 335
301 336
301 337
302 302
302 305
302 306
302 307
302 325
302 326
302 327
302 330
302 331
302 332
302 335
302 336
302 337
303 303
303 304
303 308
303 309
303 328
303 329
303 333
303 334
303 338
303 339
304 304
304 308
304 309
304 328
304 329
304 333
304 334
304 338
304 339
305 305
305 306
305 307
305 310
305 311
305 312
305 330
305 331
305 332
305 335
305 336
305 337
305 340
305 341
305 342
306 306
306 307
306 310
306 311
306 312
306 330
306 331
306 332
306 335
306 336
306 337
306 340
306 341
306 342
307 307
307 310
307 311
307 312
307 330
307 331
307 332
307 335
307 336
307 337
307 340
307 341
307 342
308 308
308 309
308 313
308 314
308 333
308 334
308 338
308 339
308 343
308 344
309 309
309 313
309 314
309 333
309 334
309 338
309 339
309 343
309 344
310 310
310 311
310 312
310 315
310 316
310 317
310 335
310 336
310 337
310 340
310 341
310 342
310 345
310 346
310 347
311 311
311 312
311 315
311 316
311 317
311 335
311 336
311 337
311 340
311 341
311 342
311 345
311 346
311 347
312 312
312 315
312 316
312 317
312 335
312 336
312 337
312 340
312 341
312 342
312 345
312 346
312 347
313 313
313 314
313 338
313 339
313 343
313 344
314 314
314 338
314 339
314 343
314 344
315 315
315 316
315 317
315 340
315 341
315 342
315 345
315 346
315 347
316 316
316 317
316 340
316 341
316 342
316 345
316 346
316 347
317 317
317 340
317 341
317 342
317 345
317 346
317 347
318 318
318 319
318 323
318 324
318 348
318 349
318 353
318 354
319 319
319 323
319 324
319 348
319 349
319 353
319 354
320 320
320 321
320 322
320 325
320 326
320 327
320 350
320 351
320 352
320 355
320 356
320 357
321 321
321 322
321 325
321 326
321 327
321 350
321 351
321 352
321 355
321 356
321 357
322 322
322 325
322 326
322 327
322 350
322 351
322 352
322 355
322 356
322 357
323 323
323 324
323 328
323 329
323 348
323 349
323 353
323 354
323 358
323 359
324 324
324 328
324 329
324 348
324 349
324 353
324 354
324 358
324 359
325 325
325 326
325 327
325 330
325 331
325 332
325 350
325 351
325 352
325 355
325 356
325 357
325 360
325 361
325 362
326 326
326 327
326 330
326 331
326 332
326 350
326 351
326 352
326 355
326 356
326 357
326 360
326 361
326 362
327 327
327 330
327 331
327 332
327 350
327 351
327 352
327 355
327 356
327 357
327 360
327 361
327 362
328 328
328 329
328 333
328 334
328 353
328 354
328 358
328 359
328 363
328 364
329 329
329 333
329 334
329 353
329 354
329 358
329 359
329 363
329 364
330 330
330 331
330 332
330 335
330 336
330 337
330 355
330 356
330 357
330 360
330 361
330 362
330 365
330 366
330 367
331 331
331 332
331 335
331 336
331 337
331 355
331 356
331 357
331 360
331 361
331 362
331 365
331 366
331 367
332 332
332 335
332 336
332 337
332 355
332 356
332 357
332 360
332 361
332 362
332 365
332 366
332 367
333 333
333 334
333 338
333 339
333 358
333 359
333 363
333 364
333 368
333 369
334 334
334 338
334 339
334 358
334 359
334 363
334 364
334 368
334 369
335 335
335 336
335 337
335 340
335 341
335 342
335 360
335 361
335 362
335 365
335 366
335 367
335 370
335 371
335 372
336 336
336 337
336 340
336 341
336 342
336 360
336 361
336 362
336 365
336 366
336 367
336 370
336 371
336 372
337 337
337 340
337 341
337 342
337 360
337 361
337 362
337 365
337 366
337 367
337 370
337 371
337 372
338 338
338 339
338 343
338 344
338 363
338 364
338 368
338 369
338 373
338 374
339 339
339 343
339 344
339 363
339 364
339 368
339 369
339 373
339 374
340 340
340 341
340 342
340 345
340 346
340 347
340 365
340 366
340 367
340 370
340 371
340 372
340 375
340 376
340 377
341 341
341 342
341 345
341 346
341 347
341 365
341 366
341 367
341 370
341 371
341 372
341 375
341 376
341 377
342 342
342 345
342 346
342 347
342 365
342 366
342 367
342 370
342 371
342 372
342 375
342 376
342 377
343 343
343 344
343 368
343 369
343 373
343 374
344 344
344 368
344 369
344 373
344 374
345 345
345 346
345 347
345 370
345 371
345 372
345 375
345 376
345 377
346 346
346 347
346 370
346 371
346 372
346 375
346 376
346 377
347 347
347 370
347 371
347 372
347 375
347 376
347 377
348 348
348 349
348 353
348 354
348 378
348 379
348 383
348 384
349 349
349 353
349 354
349 378
349 379
349 383
349 384
350 350
350 351
350 352
350 355
350 356
350 357
350 380
350 381
350 382
350 385
350 386
350 387
351 351
351 352
351 355
351 356
351 357
351 380
351 381
351 382
351 385
351 386
351 387
352 352
352 355
352 356
352 357
352 380
352 381
352 382
352 385
352 386
352 387
353 353
353 354
353 358
353 359
353 378
353 379
353 383
353 384
353 388
353 389
354 354
354 358
354 359
354 378
354 379
354 383
354 384
354 388
354 389
355 355
355 356
355 357
355 360
355 361
355 362
355 380
355 381
355 382
355 385
355 386
355 387
355 390
355 391
355 392
356 356
356 357
356 360
356 361
356 362
356 380
356 381
356 382
356 385
356 386
356 387
356 390
356 391
356 392
357 357
357 360
357 361
357 362
357 380
357 381
357 382
357 385
357 386
357 387
357 390
357 391
357 392
358 358
358 359
358 363
358 364
358 383
358 384
358 388
358 389
358 393
358 394
359 359
359 363
359 364
359 383
359 384
359 388
359 389
359 393
359 394
360 360
360 361
360 362
360 365
360 366
360 367
360 385
360 386
360 387
360 390
360 391
360 392
360 395
360 396
360 397
361 361
361 362
361 365
361 366
361 367
361 385
361 386
361 387
361 390
361 391
361 392
361 395
361 396
361 397
362 362
362 365
362 366
362 367
362 385
362 386
362 387
362 390
362 391
362 392
362 395
362 396
362 397
363 363
363 364
363 368
363 369
363 388
363 389
363 393
363 394
363 398
363 399
364 364
364 368
364 369
364 388
364 389
364 393
364 394
364 398
364 399
365 365
365 366
365 367
365 370
365 371
365 372
365 390
365 391
365 392
365 395
365 396
365 397
365 400
365 401
365 402
366 366
366 367
366 370
366 371
366 372
366 390
366 391
366 392
366 395
366 396
366 397
366 400
366 401
366 402
367 367
367 370
367 371
367 372
367 390
367 391
367 392
367 395
367 396
367 397
367 400
367 401
367 402
368 368
368 369
368 373
368 374
368 393
368 394
368 398
368 399
368 403
368 404
369 369
369 373
369 374
369 393
369 394
369 398
369 399
369 403
369 404
370 370
370 371
370 372
370 375
370 376
370 377
370 395
370 396
370 397
370 400
370 401
370 402
370 405
370 406
370 407
371 371
371 372
371 375
371 376
371 377
371 395
371 396
371 397
371 400
371 401
371 402
371 405
371 406
371 407
372 372
372 375
372 376
372 377
372 395
372 396
372 397
372 400
372 401
372 402
372 405
372 406
372 407
373 373
373 374
373 398
373 399
373 403
373 404
374 374
374 398
374 399
374 403
374 404
375 375
375 376
375 377
375 400
375 401
375 402
375 405
375 406
375 407
376 376
376 377
376 400
376 401
376 402
376 405
376 406
376 407
377 377
377 400
377 401
377 402
377 405
377 406
377 407
378 378
378 379
378 383
378 384
378 408
378 409
378 413
378 414
379 379
379 383
379 384
379 408
379 409
379 413
379 414
380 380
380 381
380 382
380 385
380 386
380 387
380 410
380 411
380 412
380 415
380 416
380 417
381 381
381 382
381 385
381 386
381 387
381 410
381 411
381 412
381 415
381 416
381 417
382 382
382 385
382 386
382 387
382 410
382 411
382 412
382 415
382 416
382 417
383 383
383 384
383 388
383 389
383 408
383 409
383 413
383 414
383 418
383 419
384 384
384 388
384 389
384 408
384 409
384 413
384 414
384 418
384 419
385 385
385 386
385 387
385 390
385 391
385 392
385 410
385 411
385 412
385 415
385 416
385 417
385 420
385 421
385 422
386 386
386 387
386 391
386 392
386 410
386 411
386 412
386 415
386 416
386 417
386 420
386 421
386 422
387 387
387 390
387 391
387 392
387 410
387 411
387 412
387 415
387 416
387 417
387 420
387 421
387 422
388 388
388 389
388 393
388 394
388 413
388 414
388 418
388 419
388 423
388 424
389 389
389 393
389 394
389 413
389 414
389 418
389 419
389 423
389 424
390 390
390 391
390 392
390 395
390 396
390 397
390 415
390 416
390 417
390 420
390 421
390 422
390 425
390 426
390 427
391 391
391 392
391 395
391 396
391 397
391 415
391 416
391 417
391 420
391 421
391 422
391 425
391 426
391 427
392 392
392 395
392 396
392 397
392 415
392 416
392 417
392 420
392 421
392 422
392 425
392 426
392 427
393 393
393 394
393 398
393 399
393 418
393 419
393 423
393 424
393 428
393 429
394 394
394 398
394 399
394 418
394 419
394 423
394 424
394 428
394 429
395 395
395 396
395 397
395 400
395 401
395 402
395 420
395 421
395 422
395 425
395 426
395 427
395 430
395 431
395 432
396 396
396 397
396 400
396 401
396 402
396 420
396 421
396 422
396 425
396 426
396 427
396 430
396 431
396 432
397 397
397 400
397 401
397 402
397 420
397 421
397 422
397 425
397 426
397 427
397 430
397 431
397 432
398 398
398 399
398 403
398 404
398 423
398 424
398 428
398 429
398 433
398 434
399 399
399 403
399 404
399 423
399 424
399 428
399 429
399 433
399 434
400 400
400 401
400 402
400 405
400 406
400 407
400 425
400 426
400 427
400 430
400 431
400 432
400 435
400 436
400 437
401 401
401 402
401 405
401 406
401 407
401 425
401 426
401 427
401 430
401 431
401 432
401 435
401 436
401 437
402 402
402 405
402 406
402 407
402 425
402 426
402 427
402 430
402 431
402 432
402 435
402 436
402 437
403 403
403 404
403 428
403 429
403 433
403 434
404 404
404 428
404 429
404 433
404 434
405 405
405 406
405 407
405 430
405 431
405 432
405 435
405 436
405 437
406 406
406 407
406 430
406 431
406 432
406 435
406 436
406 437
407 407
407 430
407 431
407 432
407 435
407 436
407 437
408 408
408 409
408 413
408 414
408 438
408 439
408 443
408 444
409 409
409 413
409 414
409 438
409 439
409 443
409 444
410 410
410 411
410 412
410 415
410 416
410 417
410 440
410 441
410 442
410 445
410 446
410 447
411 411
411 412
411 415
411 416
411 417
411 440
411 441
411 442
411 445
411 446
411 447
412 412
412 415
412 416
412 417
412 440
412 441
412 442
412 445
412 446
412 447
413 413
413 414
413 418
413 419
413 438
413 439
413 443
413 444
413 448
413 449
414 414
414 418
414 419
414 438
414 439
414 443
414 444
414 448
414 449
415 415
415 416
415 417
415 420
415 421
415 422
415 440
415 441
415 442
415 445
415 446
415 447
415 450
415 451
415 452
416 416
416 417
416 420
416 421
416 422
416 440
416 441
416 442
416 445
416 446
416 447
416 450
416 451
416 452
417 417
417 420
417 421
417 422
417 440
417 441
417 442
417 445
417 446
417 447
417 450
417 451
417 452
418 418
418 419
418 423
418 424
418 443
418 444
418 448
418 449
418 453
418 454
419 419
419 423
419 424
419 443
419 444
419 448
419 449
419 453
419 454
420 420
420 421
420 422
420 425
420 426
420 427
420 445
420 446
420 447
420 450
420 451
420 452
420 455
420 456
420 457
421 421
421 422
421 425
421 426
421 427
421 445
421 446
421 447
421 450
421 451
421 452
421 455
421 456
421 457
422 422
422 425
422 426
422 427
422 445
422 446
422 447
422 450
422 451
422 452
422 455
422 456
422 457
423 423
423 424
423 428
423 429
423 448
423 449
423 453
423 454
423 458
423 459
424 424
424 428
424 429
424 448
424 449
424 453
424 454
424 458
424 459
425 425
425 426
425 427
425 430
425 431
425 432
425 450
425 451
425 452
425 455
425 456
425 457
425 460
425 461
425 462
426 426
426 427
426 430
426 431
426 432
426 450
426 451
426 452
426 455
426 456
426 457
426 460
426 461
426 462
427 427
427 430
427 431
427 432
427 450
427 451
427 452
427 455
427 456
427 457
427 460
427 461
427 462
428 428
428 429
428 433
428 434
428 453
428 454
428 458
428 459
428 463
428 464
429 429
429 433
429 434
429 453
429 454
429 458
429 459
429 463
429 464
430 430
430 431
430 432
430 435
430 436
430 437
430 455
430 456
430 457
430 460
430 461
430 462
430 465
430 466
430 467
431 431
431 432
431 435
431 436
431 437
431 455
431 456
431 457
431 460
431 461
431 462
431 465
431 466
431 467
432 432
432 435
432 436
432 437
432 455
432 456
432 457
432 460
432 461
432 462
432 465
432 466
432 467
433 433
433 434
433 458
433 459
433 463
433 464
434 434
434 458
434 459
434 463
434 464
435 435
435 436
435 437
435 460
435 461
435 462
435 465
435 466
435 467
436 436
436 437
436 460
436 461
436 462
436 465
436 466
436 467
437 437
437 460
437 461
437 462
437 465
437 466
437 467
438 438
438 439
438 443
438 444
438 468
438 469
438 473
438 474
439 439
439 443
439 444
439 468
439 469
439 473
439 474
440 440
440 441
440 442
440 445
440 446
440 447
440 470
440 471
440 472
440 475
440 476
440 477
441 441
441 442
441 445
441 446
441 447
441 470
441 471
441 472
441 475
441 476
441 477
442 442
442 445
442 446
442 447
442 470
442 471
442 472
442 475
442 476
442 477
443 443
443 444
443 448
443 449
443 468
443 469
443 473
443 474
443 478
443 479
444 444
444 448
444 449
444 468
444 469
444 473
444 474
444 478
444 479
445 445
445 446
445 447
445 450
445 451
445 452
445 470
445 471
445 472
445 475
445 476
445 477
445 480
445 481
445 482
446 446
446 447
446 450
446 451
446 452
446 470
446 471
446 472
446 475
446 476
446 477
446 480
446 481
446 482
447 447
447 450
447 451
447 452
447 470
447 471
447 472
447 475
447 476
447 477
447 480
447 481
447 482
448 448
448 449
448 453
448 454
448 473
448 474
448 478
448 479
448 483
448 484
449 449
449 453
449 454
449 473
449 474
449 478
449 479
449 483
449 484
450 450
450 451
450 452
450 455
450 456
450 457
450 475
450 476
450 477
450 480
450 481
450 482
450 485
450 486
450 487
451 451
451 452
451 455
451 456
451 457
451 475
451 476
451 477
451 480
451 481
451 482
451 485
451 486
451 487
452 452
452 455
452 456
452 457
452 475
452 476
452 477
452 480
452 481
452 482
452 485
452 486
452 487
453 453
453 454
453 458
453 459
453 478
453 479
453 483
453 484
453 488
453 489
454 454
454 458
454 459
454 478
454 479
454 483
454 484
454 488
454 489
455 455
455 456
455 457
455 460
455 461
455 462
455 480
455 481
455 482
455 485
455 486
455 487
455 490
455 491
455 492
456 456
456 457
456 460
456 461
456 462
456 480
456 481
456 482
456 485
456 486
456 487
456 490
456 491
456 492
457 457
457 460
457 461
457 462
457 480
457 481
457 482
457 485
457 486
457 487
457 490
457 491
457 492
458 458
458 459
458 463
458 464
458 483
458 484
458 488
458 489
458 493
458 494
459 459
459 463
459 464
459 483
459 484
459 488
459 489
459 493
459 494
460 460
460 461
460 462
460 465
460 466
460 467
460 485
460 486
460 487
460 490
460 491
460 492
460 495
460 496
460 497
461 461
461 462
461 465
461 466
461 467
461 485
461 486
461 487
461 490
461 491
461 492
461 495
461 496
461 497
462 462
462 465
462 466
462 467
462 485
462 486
462 487
462 490
462 491
462 492
462 495
462 496
462 497
463 463
463 464
463 488
463 489
463 493
463 494
464 464
464 488
464 489
464 493
464 494
465 465
465 466
465 467
465 490
465 491
465 492
465 495
465 496
465 497
466 466
466 467
466 490
466 491
466 492
466 495
466 496
466 497
467 467
467 490
467 491
467 492
467 495
467 496
467 497
468 468
468 469
468 473
468 474
468 498
468 499
468 503
468 504
469 469
469 473
469 474
469 498
469 499
469 503
469 504
470 470
470 471
470 472
470 475
470 476
470 477
470 500
470 501
470 502
470 505
470 506
470 507
471 471
471 472
471 475
471 476
471 477
471 500
471 501
471 502
471 505
471 506
471 507
472 472
472 475
472 476
472 477
472 500
472 501
472 502
472 505
472 506
472 507
473 473
473 474
473 478
473 479
473 498
473 499
473 503
473 504
473 508
473 509
474 474
474 478
474 479
474 498
474 499
474 503
474 504
474 508
474 509
475 475
475 476
475 477
475 480
475 481
475 482
475 500
475 501
475 502
475 505
475 506
475 507
475 510
475 511
475 512
476 476
476 477
476 480
476 481
476 482
476 500
476 501
476 502
476 505
476 506
476 507
476 510
476 511
476 512
477 477
477 480
477 481
477 482
477 500
477 501
477 502
477 505
477 506
477 507
477 510
477 511
477 512
478 478
478 483
478 484
478 503
478 504
478 508
478 509
478 513
478 514
479 479
479 483
479 484
479 503
479 504
479 508
479 509
479 513
479 514
480 480
480 481
480 482
480 485
480 486
480 487
480 505
480 506
480 507
480 510
480 511
480 512
480 515
480 516
480 517
481 481
481 482
481 485
481 486
481 487
481 505
481 506
481 507
481 510
481 511
481 512
481 515
481 516
481 517
482 482
482 485
482 486
482 487
482 505
482 506
482 507
482 510
482 511
482 512
482 515
482 516
482 517
483 483
483 484
483 488
483 489
483 508
483 509
483 513
483 514
483 518
483 519
484 484
484 488
484 489
484 508
484 509
484 513
484 514
484 518
484 519
485 485
485 486
485 487
485 490
485 491
485 492
485 510
485 511
485 512
485 515
485 516
485 517
485 520
485 521
485 522
486 486
486 487
486 490
486 491
486 492
486 510
486 511
486 512
486 515
486 516
486 517
486 520
486 521
486 522
487 487
487 490
487 491
487 492
487 510
487 511
487 512
487 515
487 516
487 517
487 520
487 521
487 522
488 488
488 489
488 493
488 494
488 513
488 514
488 518
488 519
488 523
488 524
489 489
489 493
489 494
489 513
489 514
489 518
489 519
489 523
489 524
490 490
490 491
490 492
490 495
490 496
490 497
490 515
490 516
490 517
490 520
490 521
490 522
490 525
490 526
490 527
491 491
491 492
491 495
491 496
491 497
491 515
491 516
491 517
491 520
491 521
491 522
491 525
491 526
491 527
492 492
492 495
492 496
492 497
492 515
492 516
492 517
492 520
492 521
492 522
492 525
492 526
492 527
493 493
493 494
493 518
493 519
493 523
493 524
494 494
494 518
494 519
494 523
494 524
495 495
495 497
495 520
495 521
495 522
495 525
495 526
495 527
496 496
496 497
496 520
496 521
496 522
496 525
496 526
496 527
497 497
497 520
497 521
497 522
497 525
497 526
497 527
498 498
498 499
498 503
498 504
498 528
498 529
498 533
498 534
499 499
499 503
499 504
499 528
499 529
499 533
499 534
500 500
500 501
500 502
500 505
500 506
500 507
500 530
500 531
500 532
500 535
500 536
500 537
501 501
501 502
501 505
501 506
501 507
501 530
501 531
501 532
501 535
501 536
501 537
502 502
502 505
502 506
502 507
502 530
502 531
502 532
502 535
502 536
502 537
503 503
503 504
503 508
503 509
503 528
503 529
503 533
503 534
503 538
503 539
504 504
504 508
504 509
504 528
504 529
504 533
504 534
504 538
504 539
505 505
505 506
505 507
505 510
505 511
505 512
505 530
505 531
505 532
505 535
505 536
505 537
505 540
505 541
505 542
506 506
506 507
506 510
506 511
506 512
506 530
506 531
506 532
506 535
506 536
506 537
506 540
506 541
506 542
507 507
507 510
507 511
507 512
507 530
507 531
507 532
507 535
507 536
507 537
507 540
507 541
507 542
508 508
508 509
508 513
508 514
508 533
508 534
508 538
508 539
508 543
508 544
509 509
509 513
509 514
509 533
509 534
509 538
509 539
509 543
509 544
510 510
510 511
510 512
510 515
510 516
510 517
510 535
510 536
510 537
510 540
510 541
510 542
510 545
510 546
510 547
511 511
511 512
511 515
511 516
511 517
511 535
511 536
511 537
511 540
511 541
511 542
511 545
511 546
511 547
512 512
512 515
512 516
512 517
512 535
512 536
512 537
512 540
512 541
512 542
512 545
512 546
512 547
513 513
513 514
513 518
513 519
513 538
513 539
513 543
513 544
513 548
513 549
514 514
514 518
514 519
514 538
514 539
514 543
514 544
514 548
514 549
515 515
515 516
515 517
515 520
515 521
515 522
515 540
515 541
515 542
515 545
515 546
515 547
515 550
515 551
515 552
516 516
516 517
516 520
516 521
516 522
516 540
516 541
516 542
516 545
516 546
516 547
516 550
516 551
516 552
517 517
517 520
517 521
517 522
517 540
517 541
517 542
517 545
517 546
517 547
517 550
517 551
517 552
518 518
518 519
518 523
518 524
518 543
518 544
518 548
518 549
518 553
518 554
519 519
519 523
519 524
519 543
519 544
519 548
519 549
519 553
519 554
520 520
520 521
520 522
520 525
520 526
520 527
520 545
520 546
520 547
520 550
520 551
520 552
520 555
520 556
520 557
521 521
521 522
521 525
521 526
521 527
521 545
521 546
521 547
521 550
521 551
521 552
521 555
521 556
521 557
522 522
522 525
522 526
522 527
522 545
522 546
522 547
522 550
522 551
522 552
522 555
522 556
522 557
523 523
523 524
523 548
523 549
523 553
523 554
524 524
524 548
524 549
524 553
524 554
525 525
525 526
525 527
525 550
525 551
525 552
525 555
525 556
525 557
526 526
526 527
526 550
526 551
526 552
526 555
526 556
526 557
527 527
527 550
527 551
527 552
527 555
527 556
527 557
528 528
528 529
528 533
528 534
528 558
528 559
528 563
528 564
529 529
529 533
529 534
529 558
529 559
529 563
529 564
530 530
530 531
530 532
530 535
530 536
530 537
530 560
530 561
530 562
530 565
530 566
530 567
531 531
531 532
531 535
531 536
531 537
531 560
531 561
531 562
531 565
531 566
531 567
532 532
532 535
532 536
532 537
532 560
532 561
532 562
532 565
532 566
532 567
533 533
533 534
533 538
533 539
533 558
533 559
533 563
533 564
533 568
533 569
534 534
534 538
534 539
534 558
534 559
534 563
534 564
534 568
534 569
535 535
535 536
535 537
535 540
535 541
535 542
535 560
535 561
535 562
535 565
535 566
535 567
535 570
535 571
535 572
536 536
536 537
536 540
536 541
536 542
536 560
536 561
536 562
536 565
536 566
536 567
536 570
536 571
536 572
537 537
537 540
537 541
537 542
537 560
537 561
537 562
537 565
537 566
537 567
537 570
537 571
537 572
538 538
538 539
538 543
538 544
538 563
538 564
538 568
538 569
538 573
538 574
539 539
539 543
539 544
539 563
539 564
539 568
539 569
539 573
539 574
540 540
540 541
540 542
540 545
540 546
540 547
540 565
540 566
540 567
540 570
540 571
540 572
540 575
540 576
540 577
541 541
541 542
541 545
541 546
541 547
541 565
541 566
541 567
541 570
541 571
541 572
541 575
541 576
541 577
542 542
542 545
542 546
542 547
542 565
542 566
542 567
542 570
542 571
542 572
542 575
542 576
542 577
543 543
543 544
543 548
543 549
543 568
543 569
543 573
543 574
543 578
543 579
544 544
544 548
544 549
544 568
544 569
544 573
544 574
544 578
544 579
545 545
545 547
545 550
545 551
545 552
545 570
545 571
545 572
545 575
545 576
545 577
545 580
545 581
545 582
546 546
546 547
546 550
546 551
546 552
546 570
546 571
546 572
546 575
546 576
546 577
546 580
546 581
546 582
547 547
547 550
547 551
547 552
547 570
547 571
547 572
547 575
547 576
547 577
547 580
547 581
547 582
548 548
548 549
548 553
548 554
548 573
548 574
548 578
548 579
548 583
548 584
549 549
549 553
549 554
549 573
549 574
549 578
549 579
549 583
549 584
550 550
550 551
550 552
550 555
550 556
550 557
550 575
550 576
550 577
550 580
550 581
550 582
550 585
550 586
550 587
551 551
551 552
551 555
551 556
551 557
551 575
551 576
551 577
551 580
551 581
551 582
551 585
551 586
551 587
552 552
552 555
552 556
552 557
552 575
552 576
552 577
552 580
552 581
552 582
552 585
552 586
552 587
553 553
553 554
553 578
553 579
553 583
553 584
554 554
554 578
554 579
554 583
554 584
555 555
555 556
555 557
555 580
555 581
555 582
555 585
555 586
555 587
556 556
556 557
556 580
556 581
556 582
556 585
556 586
556 587
557 557
557 580
557 581
557 582
557 585
557 586
557 587
558 558
558 559
558 563
558 564
558 588
558 589
558 593
558 594
559 559
559 563
559 564
559 588
559 589
559 593
559 594
560 560
560 561
560 562
560 565
560 566
560 567
560 590
560 591
560 592
560 595
560 596
560 597
561 561
561 562
561 565
561 566
561 567
561 590
561 591
561 592
561 595
561 596
561 597
562 562
562 565
562 566
562 567
562 590
562 591
562 592
562 595
562 596
562 597
563 563
563 564
563 568
563 569
563 588
563 589
563 593
563 594
563 598
563 599
564 564
564 568
564 569
564 588
564 589
564 593
564 594
564 598
564 599
565 565
565 566
565 567
565 570
565 571
565 572
565 590
565 591
565 592
565 595
565 596
565 597
565 600
565 601
565 602
566 566
566 567
566 570
566 571
566 572
566 590
566 591
566 592
566 595
566 596
566 597
566 600
566 601
566 602
567 567
567 570
567 571
567 572
567 590
567 591
567 592
567 595
567 596
567 597
567 600
567 601
567 602
568 568
568 569
568 573
568 574
568 593
568 594
568 598
568 599
568 603
568 604
569 569
569 573
569 574
569 593
569 594
569 598
569 599
569 603
569 604
570 570
570 571
570 572
570 575
570 576
570 577
570 595
570 596
570 597
570 600
570 601
570 602
570 605
570 606
570 607
571 571
571 572
571 575
571 576
571 577
571 595
571 596
571 597
571 600
571 601
571 602
571 605
571 606
571 607
572 572
572 575
572 576
572 577
572 595
572 596
572 597
572 600
572 601
572 602
572 605
572 606
572 607
573 573
573 578
573 579
573 598
573 599
573 603
573 604
573 608
573 609
574 574
574 578
574 579
574 598
574 599
574 603
574 604
574 608
574 609
575 575
575 576
575 577
575 580
575 581
575 582
575 600
575 601
575 602
575 605
575 606
575 607
575 610
575 611
575 612
576 576
576 577
576 580
576 581
576 582
576 600
576 601
576 602
576 605
576 606
576 607
576 610
576 611
576 612
577 577
577 580
577 581
577 582
577 600
577 601
577 602
577 605
577 606
577 607
577 610
577 611
577 612
578 578
578 579
578 583
578 584
578 603
578 604
578 608
578 609
578 613
578 614
579 579
579 583
579 584
579 603
579 604
579 608
579 609
579 613
579 614
580 580
580 581
580 582
580 585
580 586
580 587
580 605
580 606
580 607
580 610
580 611
580 612
580 615
580 616
580 617
581 581
581 582
581 585
581 586
581 587
581 605
581 606
581 607
581 610
581 611
581 612
581 615
581 616
581 617
582 582
582 585
582 586
582 587
582 605
582 606
582 607
582 610
582 611
582 612
582 615
582 616
582 617
583 583
583 584
583 608
583 609
583 613
583 614
584 584
584 608
584 609
584 613
584 614
585 585
585 586
585 587
585 610
585 611
585 612
585 615
585 616
585 617
586 586
586 587
586 610
586 611
586 612
586 615
586 616
586 617
587 587
587 610
587 611
587 612
587 615
587 616
587 617
588 588
588 589
588 593
588 594
588 618
588 619
588 623
588 624
589 589
589 593
589 594
589 618
589 619
589 623
589 624
590 590
590 591
590 592
590 595
590 596
590 597
590 620
590 621
590 622
590 625
590 626
590 627
591 591
591 592
591 595
591 596
591 597
591 620
591 621
591 622
591 625
591 626
591 627
592 592
592 595
592 596
592 597
592 620
592 621
592 622
592 625
592 626
592 627
593 593
593 594
593 598
593 599
593 618
593 619
593 623
593 624
593 628
593 629
594 594
594 598
594 599
594 618
594 619
594 623
594 624
594 628
594 629
595 595
595 596
595 597
595 600
595 601
595 602
595 620
595 621
595 622
595 625
595 626
595 627
595 630
595 631
595 632
596 596
596 597
596 600
596 601
596 602
596 620
596 621
596 622
596 625
596 626
596 627
596 630
596 631
596 632
597 597
597 600
597 601
597 602
597 620
597 621
597 622
597 625
597 626
597 627
597 630
597 631
597 632
598 598
598 599
598 603
598 604
598 623
598 624
598 628
598 629
598 633
598 634
599 599
599 603
599 604
599 623
599 624
599 628
599 629
599 633
599 634
600 600
600 601
600 602
600 605
600 606
600 607
600 625
600 626
600 627
600 630
600 631
600 632
600 635
600 636
600 637
601 601
601 602
601 605
601 606
601 607
601 625
601 626
601 627
601 630
601 631
601 632
601 635
601 636
601 637
602 602
602 605
602 606
602 607
602 625
602 626
602 627
602 630
602 631
602 632
602 635
602 636
602 637
603 603
603 604
603 608
603 609
603 628
603 629
603 633
603 634
603 638
603 639
604 604
604 608
604 609
604 628
604 629
604 633
604 634
604 638
604 639
605 605
605 606
605 607
605 610
605 611
605 612
605 630
605 631
605 632
605 635
605 636
605 637
605 640
605 641
605 642
606 606
606 607
606 610
606 611
606 612
606 630
606 631
606 632
606 635
606 636
606 637
606 640
606 641
606 642
607 607
607 610
607 611
607 612
607 630
607 631
607 632
607 635
607 636
607 637
607 640
607 641
607 642
608 608
608 609
608 613
608 614
608 633
608 634
608 638
608 639
608 643
608 644
609 609
609 613
609 614
609 633
609 634
609 638
609 639
609 643
609 644
610 610
610 612
610 615
610 616
610 617
610 635
610 636
610 637
610 640
610 641
610 642
610 645
610 646
610 647
611 611
611 612
611 615
611 616
611 617
611 635
611 636
611 637
611 640
611 641
611 642
611 645
611 646
611 647
612 612
612 615
612 616
612 617
612 635
612 636
612 637
612 640
612 641
612 642
612 645
612 646
612 647
613 613
613 614
613 638
613 639
613 643
613 644
614 614
614 638
614 639
614 643
614 644
615 615
615 616
615 617
615 640
615 641
615 642
615 645
615 646
615 647
616 616
616 617
616 640
616 641
616 642
616 645
616 646
616 647
617 617
617 640
617 641
617 642
617 645
617 646
617 647
618 618
618 619
618 623
618 624
618 648
618 649
618 653
618 654
619 619
619 623
619 624
619 648
619 649
619 653
619 654
620 620
620 621
620 622
620 625
620 626
620 627
620 650
620 651
620 652
620 655
620 656
620 657
621 621
621 622
621 625
621 626
621 627
621 650
621 651
621 652
621 655
621 656
621 657
622 622
622 625
622 626
622 627
622 650
622 651
622 652
622 655
622 656
622 657
623 623
623 624
623 628
623 629
623 648
623 649
623 653
623 654
623 658
623 659
624 624
624 628
624 629
624 648
624 649
624 653
624 654
624 658
624 659
625 625
625 626
625 627
625 630
625 631
625 632
625 650
625 651
625 652
625 655
625 656
625 657
625 660
625 661
625 662
626 626
626 627
626 630
626 631
626 632
626 650
626 651
626 652
626 655
626 656
626 657
626 660
626 661
626 662
627 627
627 630
627 631
627 632
627 650
627 651
627 652
627 655
627 656
627 657
627 660
627 661
627 662
628 628
628 629
628 633
628 634
628 653
628 654
628 658
628 659
628 663
628 664
629 629
629 633
629 634
629 653
629 654
629 658
629 659
629 663
629 664
630 630
630 631
630 632
630 635
630 636
630 637
630 655
630 656
630 657
630 660
630 661
630 662
630 665
630 666
630 667
631 631
631 632
631 635
631 636
631 637
631 655
631 656
631 657
631 660
631 661
631 662
631 665
631 666
631 667
632 632
632 635
632 636
632 637
632 655
632 656
632 657
632 660
632 661
632 662
632 665
632 666
632 667
633 633
633 634
633 638
633 639
633 658
633 659
633 663
633 664
633 668
633 669
634 634
634 638
634 639
634 658
634 659
634 663
634 664
634 668
634 669
635 635
635 636
635 637
635 640
635 641
635 642
635 660
635 661
635 662
635 665
635 666
635 667
635 670
635 671
635 672
636 636
636 637
636 640
636 641
636 642
636 660
636 661
636 662
636 665
636 666
636 667
636 670
636 671
636 672
637 637
637 640
637 641
637 642
637 660
637 661
637 662
637 665
637 666
637 667
637 670
637 671
637 672
638 638
638 639
638 643
638 644
638 663
638 664
638 668
638 669
638 673
638 674
639 639
639 643
639 644
639 663
639 664
639 668
639 669
639 673
639 674
640 640
640 641
640 642
640 645
640 646
640 647
640 665
640 666
640 667
640 670
640 671
640 672
640 675
640 676
640 677
641 641
641 642
641 645
641 646
641 647
641 665
641 666
641 667
641 670
641 671
641 672
641 675
641 676
641 677
642 642
642 645
642 646
642 647
642 665
642 666
642 667
642 670
642 671
642 672
642 675
642 676
642 677
643 643
643 644
643 668
643 669
643 673
643 674
644 644
644 668
644 669
644 673
644 674
645 645
645 646
645 647
645 670
645 671
645 672
645 675
645 676
645 677
646 646
646 647
646 670
646 671
646 672
646 675
646 676
646 677
647 647
647 670
647 671
647 672
647 675
647 676
647 677
648 648
648 649
648 653
648 654
648 678
648 679
648 683
648 684
649 649
649 653
649 654
649 678
649 679
649 683
649 684
650 650
650 651
650 652
650 655
650 656
650 657
650 680
650 681
650 682
650 685
650 686
650 687
651 651
651 652
651 655
651 656
651 657
651 680
651 681
651 682
651 685
651 686
651 687
652 652
652 655
652 656
652 657
652 680
652 681
652 682
652 685
652 686
652 687
653 653
653 654
653 658
653 659
653 678
653 679
653 683
653 684
653 688
653 689
654 654
654 658
654 659
654 678
654 679
654 683
654 684
654 688
654 689
655 655
655 656
655 657
655 660
655 661
655 662
655 680
655 681
655 682
655 685
655 686
655 687
655 690
655 691
655 692
656 656
656 657
656 660
656 661
656 662
656 680
656 681
656 682
656 685
656 686
656 687
656 690
656 691
656 692
657 657
657 660
657 661
657 662
657 680
657 681
657 682
657 685
657 686
657 687
657 690
657 691
657 692
658 658
658 659
658 663
658 683
658 684
658 688
658 689
658 693
658 694
659 659
659 663
659 664
659 683
659 684
659 688
659 689
659 693
659 694
660 660
660 661
660 662
660 665
660 666
660 667
660 685
660 686
660 687
660 690
660 691
660 692
660 695
660 696
660 697
661 661
661 662
661 665
661 666
661 667
661 685
661 686
661 687
661 690
661 691
661 692
661 695
661 696
661 697
662 662
662 665
662 666
662 667
662 685
662 686
662 687
662 690
662 691
662 692
662 695
662 696
662 697
663 663
663 664
663 668
663 669
663 688
663 689
663 693
663 694
663 698
663 699
664 664
664 668
664 669
664 688
664 689
664 693
664 694
664 698
664 699
665 665
665 666
665 667
665 670
665 671
665 672
665 690
665 691
665 692
665 695
665 696
665 697
665 700
665 701
665 702
666 666
666 667
666 670
666 671
666 672
666 690
666 691
666 692
666 695
666 696
666 697
666 700
666 701
666 702
667 667
667 670
667 671
667 672
667 690
667 691
667 692
667 695
667 696
667 697
667 700
667 701
667 702
668 668
668 669
668 673
668 674
668 693
668 694
668 698
668 699
668 703
668 704
669 669
669 673
669 674
669 693
669 694
669 698
669 699
669 703
669 704
670 670
670 671
670 672
670 675
670 676
670 677
670 695
670 696
670 697
670 700
670 701
670 702
670 705
670 706
670 707
671 671
671 672
671 675
671 676
671 677
671 695
671 696
671 697
671 700
671 701
671 702
671 705
671 706
671 707
672 672
672 675
672 676
672 677
672 695
672 696
672 697
672 700
672 701
672 702
672 705
672 706
672 707
673 673
673 674
673 698
673 699
673 703
673 704
674 674
674 698
674 699
674 703
674 704
675 675
675 676
675 677
675 700
675 701
675 702
675 705
675 706
675 707
676 676
676 677
676 700
676 701
676 702
676 705
676 706
676 707
677 677
677 700
677 701
677 702
677 705
677 706
677 707
678 678
678 679
678 683
678 684
678 708
678 709
678 713
678 714
679 679
679 683
679 684
679 708
679 709
679 713
679 714
680 680
680 682
680 685
680 686
680 687
680 710
680 711
680 712
680 715
680 716
680 717
681 681
681 682
681 685
681 686
681 687
681 710
681 711
681 712
681 715
681 716
681 717
682 682
682 685
682 686
682 687
682 710
682 711
682 712
682 715
682 716
682 717
683 683
683 684
683 688
683 689
683 708
683 709
683 713
683 714
683 718
683 719
684 684
684 688
684 689
684 708
684 709
684 713
684 714
684 718
684 719
685 685
685 686
685 687
685 690
685 691
685 692
685 710
685 711
685 712
685 715
685 716
685 717
685 720
685 721
685 722
686 686
686 687
686 690
686 691
686 692
686 710
686 711
686 712
686 715
686 716
686 717
686 720
686 721
686 722
687 687
687 690
687 691
687 692
687 710
687 711
687 712
687 715
687 716
687 717
687 720
687 721
687 722
688 688
688 689
688 693
688 694
688 713
688 714
688 718
688 719
688 723
688 724
689 689
689 693
689 694
689 713
689 714
689 718
689 719
689 723
689 724
690 690
690 691
690 692
690 695
690 696
690 697
690 715
690 716
690 717
690 720
690 721
690 722
690 725
690 726
690 727
691 691
691 692
691 695
691 696
691 697
691 715
691 716
691 717
691 720
691 721
691 722
691 725
691 726
691 727
692 692
692 695
692 696
692 697
692 715
692 716
692 717
692 720
692 721
692 722
692 725
692 726
692 727
693 693
693 694
693 698
693 699
693 718
693 719
693 723
693 724
693 728
693 729
694 694
694 698
694 699
694 718
694 719
694 723
694 724
694 728
694 729
695 695
695 696
695 697
695 700
695 701
695 702
695 720
695 721
695 722
695 725
695 726
695 727
695 730
695 731
695 732
696 696
696 697
696 700
696 701
696 702
696 720
696 721
696 722
696 725
696 726
696 727
696 730
696 731
696 732
697 697
697 700
697 701
697 702
697 720
697 721
697 722
697 725
697 726
697 727
697 730
697 731
697 732
698 698
698 699
698 703
698 704
698 723
698 724
698 728
698 729
698 733
698 734
699 699
699 703
699 704
699 723
699 724
699 728
699 729
699 733
699 734
700 700
700 701
700 702
700 705
700 706
700 707
700 725
700 726
700 727
700 730
700 731
700 732
700 735
700 736
700 737
701 701
701 702
701 705
701 706
701 707
701 725
701 726
701 727
701 730
701 731
701 732
701 735
701 736
701 737
702 702
702 705
702 706
702 707
702 725
702 726
702 727
702 730
702 731
702 732
702 735
702 736
702 737
703 703
703 704
703 728
703 729
703 733
703 734
704 704
704 728
704 729
704 733
704 734
705 705
705 706
705 707
705 730
705 731
705 732
705 735
705 736
705 737
706 706
706 707
706 730
706 731
706 732
706 735
706 736
706 737
707 707
707 730
707 731
707 732
707 735
707 736
707 737
708 708
708 713
708 714
708 738
708 739
708 743
708 744
709 709
709 713
709 714
709 738
709 739
709 743
709 744
710 710
710 711
710 712
710 715
710 716
710 717
710 740
710 741
710 742
710 745
710 746
710 747
711 711
711 712
711 715
711 716
711 717
711 740
711 741
711 742
711 745
711 746
711 747
712 712
712 715
712 716
712 717
712 740
712 741
712 742
712 745
712 746
712 747
713 713
713 714
713 718
713 719
713 738
713 739
713 743
713 744
713 748
713 749
714 714
714 718
714 719
714 738
714 739
714 743
714 744
714 748
714 749
715 715
715 716
715 717
715 720
715 721
715 722
715 740
715 741
715 742
715 745
715 746
715 747
715 750
715 751
715 752
716 716
716 717
716 720
716 721
716 722
716 740
716 741
716 742
716 745
716 746
716 747
716 750
716 751
716 752
717 717
717 720
717 721
717 722
717 740
717 741
717 742
717 745
717 746
717 747
717 750
717 751
717 752
718 718
718 719
718 723
718 724
718 743
718 744
718 748
718 749
718 753
718 754
719 719
719 723
719 724
719 743
719 744
719 748
719 749
719 753
719 754
720 720
720 721
720 722
720 725
720 726
720 727
720 745
720 746
720 747
720 750
720 751
720 752
720 755
720 756
720 757
721 721
721 722
721 725
721 726
721 727
721 745
721 746
721 747
721 750
721 751
721 752
721 755
721 756
721 757
722 722
722 725
722 726
722 727
722 745
722 746
722 747
722 750
722 751
722 752
722 755
722 756
722 757
723 723
723 724
723 728
723 729
723 748
723 749
723 753
723 754
723 758
723 759
724 724
724 728
724 729
724 748
724 749
724 753
724 754
724 758
724 759
725 725
725 726
725 727
725 730
725 731
725 732
725 750
725 751
725 752
725 755
725 756
725 757
725 760
725 761
725 762
726 726
726 727
726 730
726 731
726 732
726 750
726 751
726 752
726 755
726 756
726 757
726 760
726 761
726 762
727 727
727 730
727 731
727 732
727 750
727 751
727 752
727 755
727 756
727 757
727 760
727 761
727 762
728 728
728 729
728 733
728 734
728 753
728 754
728 758
728 759
728 763
728 764
729 729
729 733
729 734
729 753
729 754
729 758
729 759
729 763
729 764
730 730
730 731
730 732
730 735
730 736
730 737
730 755
730 756
730 757
730 760
730 761
730 762
730 765
730 766
730 767
731 731
731 732
731 735
731 736
731 737
731 755
731 756
731 757
731 760
731 761
731 762
731 765
731 766
731 767
732 732
732 735
732 736
732 737
732 755
732 756
732 757
732 760
732 761
732 762
732 765
732 766
732 767
733 733
733 734
733 758
733 759
733 763
733 764
734 734
734 758
734 759
734 763
734 764
735 735
735 736
735 737
735 760
735 761
735 762
735 765
735 766
735 767
736 736
736 737
736 760
736 761
736 762
736 765
736 766
736 767
737 737
737 760
737 761
737 762
737 765
737 766
737 767
738 738
738 739
738 743
738 744
738 768
738 769
738 773
738 774
739 739
739 743
739 744
739 768
739 769
739 773
739 774
740 740
740 741
740 742
740 745
740 746
740 747
740 770
740 771
740 772
740 775
740 776
740 777
741 741
741 742
741 745
741 746
741 747
741 770
741 771
741 772
741 775
741 776
741 777
742 742
742 745
742 746
742 747
742 770
742 771
742 772
742 775
742 776
742 777
743 743
743 744
743 748
743 749
743 768
743 769
743 773
743 774
743 778
743 779
744 744
744 748
744 749
744 768
744 769
744 773
744 774
744 778
744 779
745 745
745 746
745 747
745 750
745 751
745 752
745 770
745 771
745 772
745 775
745 776
745 777
745 780
745 781
745 782
746 746
746 747
746 750
746 751
746 752
746 770
746 771
746 772
746 775
746 776
746 777
746 780
746 781
746 782
747 747
747 750
747 751
747 752
747 770
747 771
747 772
747 775
747 776
747 777
747 780
747 781
747 782
748 748
748 749
748 753
748 754
748 773
748 774
748 778
748 779
748 783
748 784
749 749
749 753
749 754
749 773
749 774
749 778
749 779
749 783
749 784
750 750
750 751
750 752
750 755
750 756
750 757
750 775
750 776
750 777
750 780
750 781
750 782
750 785
750 786
750 787
751 751
751 752
751 755
751 756
751 757
751 775
751 776
751 777
751 780
751 781
751 782
751 785
751 786
751 787
752 752
752 755
752 756
752 757
752 775
752 776
752 777
752 780
752 781
752 782
752 785
752 786
752 787
753 753
753 754
753 758
753 759
753 778
753 779
753 783
753 784
753 788
753 789
754 754
754 758
754 759
754 778
754 779
754 783
754 784
754 788
754 789
755 755
755 756
755 757
755 760
755 761
755 762
755 780
755 781
755 782
755 785
755 786
755 787
755 790
755 791
755 792
756 756
756 757
756 760
756 761
756 762
756 780
756 781
756 782
756 785
756 786
756 787
756 790
756 791
756 792
757 757
757 760
757 761
757 762
757 780
757 781
757 782
757 785
757 786
757 787
757 790
757 791
757 792
758 758
758 759
758 763
758 764
758 783
758 784
758 788
758 789
758 793
758 794
759 759
759 763
759 764
759 783
759 784
759 788
759 789
759 793
759 794
760 760
760 761
760 762
760 765
760 766
760 767
760 785
760 786
760 787
760 790
760 791
760 792
760 795
760 796
760 797
761 761
761 762
761 765
761 766
761 785
761 786
761 787
761 790
761 791
761 792
761 795
761 796
761 797
762 762
762 765
762 766
762 767
762 785
762 786
762 787
762 790
762 791
762 792
762 795
762 796
762 797
763 763
763 764
763 788
763 789
763 793
763 794
764 764
764 788
764 789
764 793
764 794
765 765
765 766
765 767
765 790
765 791
765 792
765 795
765 796
765 797
766 766
766 767
766 790
766 791
766 792
766 795
766 796
766 797
767 767
767 790
767 791
767 792
767 795
767 796
767 797
768 768
768 769
768 773
768 774
768 798
768 799
768 803
768 804
769 769
769 773
769 774
769 798
769 799
769 803
769 804
770 770
770 771
770 772
770 775
770 776
770 777
770 800
770 801
770 802
770 805
770 806
770 807
771 771
771 772
771 775
771 776
771 777
771 800
771 801
771 802
771 805
771 806
771 807
772 772
772 775
772 776
772 777
772 800
772 801
772 802
772 805
772 806
772 807
773 773
773 774
773 778
773 779
773 798
773 799
773 803
773 804
773 808
773 809
774 774
774 778
774 779
774 798
774 799
774 803
774 804
774 808
774 809
775 775
775 776
775 777
775 780
775 781
775 782
775 800
775 801
775 802
775 805
775 806
775 807
775 810
775 811
775 812
776 776
776 777
776 780
776 781
776 782
776 800
776 801
776 802
776 805
776 806
776 807
776 810
776 811
776 812
777 777
777 780
777 781
777 782
777 800
777 801
777 802
777 805
777 806
777 807
777 810
777 811
777 812
778 778
778 779
778 783
778 784
778 803
778 804
778 808
778 809
778 813
778 814
779 779
779 783
779 784
779 803
779 804
779 808
779 809
779 813
779 814
780 780
780 781
780 782
780 785
780 786
780 787
780 805
780 806
780 807
780 810
780 811
780 812
780 815
780 816
780 817
781 781
781 782
781 785
781 786
781 787
781 805
781 806
781 807
781 810
781 811
781 812
781 815
781 816
781 817
782 782
782 785
782 786
782 787
782 805
782 806
782 807
782 810
782 811
782 812
782 815
782 816
782 817
783 783
783 784
783 788
783 789
783 808
783 809
783 813
783 814
783 818
783 819
784 784
784 788
784 789
784 808
784 809
784 813
784 814
784 818
784 819
785 785
785 786
785 787
785 790
785 792
785 810
785 811
785 812
785 815
785 816
785 817
785 820
785 821
785 822
786 786
786 787
786 790
786 791
786 792
786 810
786 811
786 812
786 815
786 816
786 817
786 820
786 821
786 822
787 787
787 790
787 791
787 792
787 810
787 811
787 812
787 815
787 816
787 817
787 820
787 821
787 822
788 788
788 789
788 793
788 794
788 813
788 814
788 818
788 819
788 823
788 824
789 789
789 793
789 794
789 813
789 814
789 818
789 819
789 823
789 824
790 790
790 791
790 792
790 795
790 796
790 797
790 815
790 816
790 817
790 820
790 821
790 822
790 825
790 826
790 827
791 791
791 792
791 795
791 796
791 797
791 815
791 816
791 817
791 820
791 821
791 822
791 825
791 826
791 827
792 792
792 795
792 796
792 797
792 815
792 816
792 817
792 820
792 821
792 822
792 825
792 826
792 827
793 793
793 794
793 818
793 819
793 823
793 824
794 794
794 818
794 819
794 823
794 824
795 795
795 796
795 797
795 820
795 821
795 822
795 825
795 826
795 827
796 796
796 797
796 820
796 821
796 822
796 825
796 826
796 827
797 797
797 820
797 821
797 822
797 825
797 826
797 827
798 798
798 799
798 803
798 804
798 828
798 829
798 833
798 834
799 799
799 803
799 804
799 828
799 829
799 833
799 834
800 800
800 801
800 802
800 805
800 806
800 807
800 830
800 831
800 832
800 835
800 836
800 837
801 801
801 802
801 805
801 806
801 807
801 830
801 831
801 832
801 835
801 836
801 837
802 802
802 805
802 806
802 807
802 830
802 831
802 832
802 835
802 836
802 837
803 803
803 804
803 808
803 809
803 828
803 829
803 833
803 834
803 838
803 839
804 804
804 808
804 809
804 828
804 829
804 833
804 834
804 838
804 839
805 805
805 806
805 807
805 810
805 811
805 812
805 830
805 831
805 832
805 835
805 836
805 837
805 840
805 841
805 842
806 806
806 807
806 810
806 811
806 812
806 830
806 831
806 832
806 835
806 836
806 837
806 840
806 841
806 842
807 807
807 810
807 811
807 812
807 830
807 831
807 832
807 835
807 836
807 837
807 840
807 841
807 842
808 808
808 809
808 813
808 814
808 833
808 834
808 838
808 839
808 843
808 844
809 809
809 813
809 814
809 833
809 834
809 838
809 839
809 843
809 844
810 810
810 811
810 812
810 815
810 816
810 817
810 835
810 836
810 837
810 840
810 841
810 842
810 845
810 846
810 847
811 811
811 812
811 815
811 816
811 817
811 835
811 836
811 837
811 840
811 841
811 842
811 845
811 846
811 847
812 812
812 815
812 816
812 817
812 835
812 836
812 837
812 840
812 841
812 842
812 845
812 846
812 847
813 813
813 814
813 818
813 819
813 838
813 839
813 843
813 844
813 848
813 849
814 814
814 818
814 819
814 838
814 839
814 843
814 844
814 848
814 849
815 815
815 816
815 817
815 820
815 821
815 822
815 840
815 841
815 842
815 845
815 846
815 847
815 850
815 851
815 852
816 816
816 817
816 820
816 821
816 822
816 840
816 841
816 842
816 845
816 846
816 847
816 850
816 851
816 852
817 817
817 820
817 821
817 822
817 840
817 841
817 842
817 845
817 846
817 847
817 850
817 851
817 852
818 818
818 819
818 823
818 824
818 843
818 844
818 848
818 849
818 853
818 854
819 819
819 823
819 824
819 843
819 844
819 848
819 849
819 853
819 854
820 820
820 821
820 822
820 825
820 826
820 827
820 845
820 846
820 847
820 850
820 851
820 852
820 855
820 856
820 857
821 821
821 822
821 825
821 826
821 827
821 845
821 846
821 847
821 850
821 851
821 852
821 855
821 856
821 857
822 822
822 825
822 826
822 827
822 845
822 846
822 847
822 850
822 851
822 852
822 855
822 856
822 857
823 823
823 824
823 848
823 849
823 853
823 854
824 824
824 848
824 849
824 853
824 854
825 825
825 826
825 827
825 850
825 851
825 852
825 855
825 856
825 857
826 826
826 827
826 850
826 851
826 852
826 855
826 856
826 857
827 827
827 850
827 851
827 852
827 855
827 856
827 857
828 828
828 829
828 833
828 834
828 858
828 859
828 863
828 864
829 829
829 833
829 834
829 858
829 859
829 863
829 864
830 830
830 831
830 832
830 835
830 836
830 837
830 860
830 861
830 862
830 865
830 866
830 867
831 831
831 832
831 835
831 836
831 837
831 860
831 861
831 862
831 865
831 866
831 867
832 832
832 835
832 836
832 837
832 860
832 861
832 862
832 865
832 866
832 867
833 833
833 834
833 838
833 839
833 858
833 859
833 863
833 864
833 868
833 869
834 834
834 838
834 839
834 858
834 859
834 863
834 864
834 868
834 869
835 835
835 836
835 837
835 840
835 841
835 842
835 860
835 861
835 862
835 865
835 866
835 867
835 870
835 871
835 872
836 836
836 837
836 840
836 841
836 842
836 860
836 861
836 862
836 865
836 866
836 867
836 870
836 871
836 872
837 837
837 840
837 841
837 842
837 860
837 861
837 862
837 865
837 866
837 867
837 870
837 871
837 872
838 838
838 839
838 843
838 844
838 863
838 864
838 868
838 869
838 873
838 874
839 839
839 843
839 844
839 863
839 864
839 868
839 869
839 873
839 874
840 840
840 841
840 842
840 845
840 846
840 847
840 865
840 866
840 867
840 870
840 871
840 872
840 875
840 876
840 877
841 841
841 842
841 845
841 846
841 847
841 865
841 866
841 867
841 870
841 871
841 872
841 875
841 876
841 877
842 842
842 845
842 846
842 847
842 865
842 866
842 867
842 870
842 871
842 872
842 875
842 876
842 877
843 843
843 844
843 848
843 849
843 868
843 869
843 873
843 874
843 878
843 879
844 844
844 848
844 849
844 868
844 869
844 873
844 874
844 878
844 879
845 845
845 846
845 847
845 850
845 851
845 852
845 870
845 871
845 872
845 875
845 876
845 877
845 880
845 881
845 882
846 846
846 847
846 850
846 851
846 852
846 870
846 871
846 872
846 875
846 876
846 877
846 880
846 881
846 882
847 847
847 850
847 851
847 852
847 870
847 871
847 872
847 875
847 876
847 877
847 880
847 881
847 882
848 848
848 849
848 853
848 854
848 873
848 874
848 878
848 879
848 883
848 884
849 849
849 853
849 854
849 873
849 874
849 878
849 879
849 883
849 884
850 850
850 851
850 852
850 855
850 856
850 857
850 875
850 876
850 877
850 880
850 881
850 882
850 885
850 886
850 887
851 851
851 852
851 855
851 856
851 857
851 875
851 876
851 877
851 880
851 881
851 882
851 885
851 886
851 887
852 852
852 855
852 856
852 857
852 875
852 876
852 877
852 880
852 881
852 882
852 885
852 886
852 887
853 853
853 854
853 878
853 879
853 883
853 884
854 854
854 878
854 879
854 883
854 884
855 855
855 856
855 857
855 880
855 881
855 882
855 885
855 886
855 887
856 856
856 857
856 880
856 881
856 882
856 885
856 886
856 887
857 857
857 880
857 881
857 882
857 885
857 886
857 887
858 858
858 859
858 863
858 864
858 888
858 889
858 893
858 894
859 859
859 863
859 864
859 888
859 889
859 893
859 894
860 860
860 861
860 862
860 865
860 866
860 867
860 890
860 891
860 892
860 895
860 896
860 897
861 861
861 862
861 865
861 866
861 867
861 890
861 891
861 892
861 895
861 896
861 897
862 862
862 865
862 866
862 867
862 890
862 891
862 892
862 895
862 896
862 897
863 863
863 864
863 868
863 869
863 888
863 889
863 893
863 894
863 898
863 899
864 864
864 868
864 869
864 888
864 889
864 893
864 894
864 898
864 899
865 865
865 866
865 867
865 870
865 871
865 872
865 890
865 891
865 892
865 895
865 896
865 897
865 900
865 901
865 902
866 866
866 867
866 870
866 871
866 872
866 890
866 891
866 892
866 895
866 896
866 897
866 900
866 901
866 902
867 867
867 870
867 871
867 872
867 890
867 891
867 892
867 895
867 896
867 897
867 900
867 901
867 902
868 868
868 869
868 873
868 874
868 893
868 894
868 898
868 899
868 903
868 904
869 869
869 873
869 874
869 893
869 894
869 898
869 899
869 903
869 904
870 870
870 871
870 872
870 875
870 876
870 877
870 895
870 896
870 897
870 900
870 901
870 902
870 905
870 906
870 907
871 871
871 872
871 875
871 876
871 877
871 895
871 896
871 897
871 900
871 901
871 902
871 905
871 906
871 907
872 872
872 875
872 876
872 877
872 895
872 896
872 897
872 900
872 901
872 902
872 905
872 906
872 907
873 873
873 874
873 878
873 879
873 898
873 899
873 903
873 904
873 908
873 909
874 874
874 878
874 879
874 898
874 899
874 903
874 904
874 908
874 909
875 875
875 876
875 877
875 880
875 881
875 882
875 900
875 901
875 902
875 905
875 906
875 907
875 910
875 911
875 912
876 876
876 877
876 880
876 881
876 882
876 900
876 901
876 902
876 905
876 906
876 907
876 910
876 911
876 912
877 877
877 880
877 881
877 882
877 900
877 901
877 902
877 905
877 906
877 907
877 910
877 911
877 912
878 878
878 879
878 883
878 884
878 903
878 904
878 908
878 909
878 913
878 914
879 879
879 883
879 884
879 903
879 904
879 908
879 909
879 913
879 914
880 880
880 881
880 882
880 885
880 886
880 887
880 905
880 906
880 907
880 910
880 911
880 912
880 915
880 916
880 917
881 881
881 882
881 885
881 886
881 887
881 905
881 906
881 907
881 910
881 911
881 912
881 915
881 916
881 917
882 882
882 885
882 886
882 887
882 905
882 906
882 907
882 910
882 911
882 912
882 915
882 916
882 917
883 883
883 884
883 908
883 909
883 913
883 914
884 884
884 908
884 909
884 913
884 914
885 885
885 886
885 887
885 910
885 911
885 912
885 915
885 916
885 917
886 886
886 887
886 910
886 911
886 912
886 915
886 916
886 917
887 887
887 910
887 911
887 912
887 915
887 916
887 917
888 888
888 889
888 893
888 894
888 918
888 919
888 923
888 924
889 889
889 893
889 894
889 918
889 919
889 923
889 924
890 890
890 891
890 892
890 895
890 896
890 897
890 920
890 921
890 922
890 925
890 926
890 927
891 891
891 892
891 895
891 896
891 897
891 920
891 921
891 922
891 925
891 926
891 927
892 892
892 895
892 896
892 897
892 920
892 921
892 922
892 925
892 926
892 927
893 893
893 894
893 898
893 899
893 918
893 919
893 923
893 924
893 928
893 929
894 894
894 898
894 899
894 918
894 919
894 923
894 924
894 928
894 929
895 895
895 896
895 897
895 900
895 901
895 902
895 920
895 921
895 922
895 925
895 926
895 927
895 930
895 931
895 932
896 896
896 897
896 900
896 901
896 902
896 920
896 921
896 922
896 925
896 926
896 927
896 930
896 931
896 932
897 897
897 900
897 901
897 902
897 920
897 921
897 922
897 925
897 926
897 927
897 930
897 931
897 932
898 898
898 899
898 903
898 904
898 923
898 924
898 928
898 929
898 933
898 934
899 899
899 903
899 904
899 923
899 924
899 928
899 929
899 933
899 934
900 900
900 901
900 902
900 905
900 906
900 907
900 925
900 926
900 927
900 930
900 931
900 932
900 935
900 936
900 937
901 901
901 902
901 905
901 906
901 907
901 925
901 926
901 927
901 930
901 931
901 932
901 935
901 936
901 937
902 902
902 905
902 906
902 907
902 925
902 926
902 927
902 930
902 931
902 932
902 935
902 936
902 937
903 903
903 904
903 908
903 909
903 928
903 929
903 933
903 934
903 938
903 939
904 904
904 908
904 909
904 928
904 929
904 933
904 934
904 938
904 939
905 905
905 906
905 907
905 910
905 911
905 912
905 930
905 931
905 932
905 935
905 936
905 937
905 940
905 941
905 942
906 906
906 907
906 910
906 911
906 912
906 930
906 931
906 932
906 935
906 936
906 937
906 940
906 941
906 942
907 907
907 910
907 911
907 912
907 930
907 931
907 932
907 935
907 936
907 937
907 940
907 941
907 942
908 908
908 909
908 913
908 914
908 933
908 934
908 938
908 939
908 943
908 944
909 909
909 913
909 914
909 933
909 934
909 938
909 939
909 943
909 944
910 910
910 911
910 912
910 915
910 916
910 917
910 935
910 936
910 937
910 940
910 941
910 942
910 945
910 946
910 947
911 911
911 912
911 915
911 916
911 917
911 935
911 936
911 937
911 940
911 941
911 942
911 945
911 946
911 947
912 912
912 915
912 916
912 917
912 935
912 936
912 937
912 940
912 941
912 942
912 945
912 946
912 947
913 913
913 914
913 938
913 939
913 943
913 944
914 914
914 938
914 939
914 943
914 944
915 915
915 916
915 917
915 940
915 941
915 942
915 945
915 946
915 947
916 916
916 917
916 940
916 941
916 942
916 945
916 946
916 947
917 917
917 940
917 941
917 942
917 945
917 946
917 947
918 918
918 919
918 923
918 924
918 948
918 949
918 953
918 954
919 919
919 923
919 924
919 948
919 949
919 953
919 954
920 920
920 921
920 922
920 925
920 926
920 927
920 950
920 951
920 952
920 955
920 956
920 957
921 921
921 922
921 925
921 926
921 927
921 950
921 951
921 952
921 955
921 956
921 957
922 922
922 925
922 926
922 927
922 950
922 951
922 952
922 955
922 956
922 957
923 923
923 924
923 928
923 929
923 948
923 949
923 953
923 954
923 958
923 959
924 924
924 928
924 929
924 948
924 949
924 953
924 954
924 958
924 959
925 925
925 926
925 927
925 930
925 931
925 932
925 950
925 951
925 952
925 955
925 956
925 957
925 960
925 961
925 962
926 926
926 927
926 930
926 931
926 932
926 950
926 951
926 952
926 955
926 956
926 957
926 960
926 961
926 962
927 927
927 930
927 931
927 932
927 950
927 951
927 952
927 955
927 956
927 957
927 960
927 961
927 962
928 928
928 929
928 933
928 934
928 953
928 954
928 958
928 959
928 963
928 964
929 929
929 933
929 934
929 953
929 954
929 958
929 959
929 963
929 964
930 930
930 931
930 932
930 935
930 936
930 937
930 955
930 956
930 957
930 960
930 961
930 962
930 965
930 966
930 967
931 931
931 932
931 935
931 936
931 937
931 955
931 956
931 957
931 960
931 961
931 962
931 965
931 966
931 967
932 932
932 935
932 936
932 937
932 955
932 956
932 957
932 960
932 961
932 962
932 965
932 966
932 967
933 933
933 934
933 938
933 939
933 958
933 959
933 963
933 964
933 968
933 969
934 934
934 938
934 939
934 958
934 959
934 963
934 964
934 968
934 969
935 935
935 936
935 937
935 940
935 941
935 942
935 960
935 961
935 962
935 965
935 966
935 967
935 970
935 971
935 972
936 936
936 937
936 940
936 941
936 942
936 960
936 961
936 962
936 965
936 966
936 967
936 970
936 971
936 972
937 937
937 940
937 941
937 942
937 960
937 961
937 962
937 965
937 966
937 967
937 970
937 971
937 972
938 938
938 939
938 943
938 944
938 963
938 964
938 968
938 969
938 973
938 974
939 939
939 943
939 944
939 963
939 964
939 968
939 969
939 973
939 974
940 940
940 941
940 942
940 945
940 946
940 947
940 965
940 966
940 967
940 970
940 971
940 972
940 975
940 976
940 977
941 941
941 942
941 945
941 946
941 947
941 965
941 966
941 967
941 970
941 971
941 972
941 975
941 976
941 977
942 942
942 945
942 946
942 947
942 965
942 966
942 967
942 970
942 971
942 972
942 975
942 976
942 977
943 943
943 944
943 968
943 969
943 973
943 974
944 944
944 968
944 969
944 973
944 974
945 945
945 946
945 947
945 970
945 971
945 972
945 975
945 976
945 977
946 946
946 947
946 970
946 971
946 972
946 975
946 976
946 977
947 947
947 970
947 971
947 972
947 975
947 976
947 977
948 948
948 949
948 953
948 954
948 978
948 979
948 983
948 984
949 949
949 953
949 954
949 978
949 979
949 983
949 984
950 950
950 951
950 952
950 955
950 956
950 957
950 980
950 981
950 982
950 985
950 986
950 987
951 951
951 952
951 955
951 956
951 957
951 980
951 981
951 982
951 985
951 986
951 987
952 952
952 955
952 956
952 957
952 980
952 981
952 982
952 985
952 986
952 987
953 953
953 954
953 958
953 959
953 978
953 979
953 983
953 984
953 988
953 989
954 954
954 958
954 959
954 978
954 979
954 983
954 984
954 988
954 989
955 955
955 956
955 957
955 960
955 961
955 962
955 980
955 981
955 982
955 985
955 986
955 987
955 990
955 991
955 992
956 956
956 957
956 960
956 961
956 962
956 980
956 981
956 982
956 985
956 986
956 987
956 990
956 991
956 992
957 957
957 960
957 961
957 962
957 980
957 981
957 982
957 985
957 986
957 987
957 990
957 991
957 992
958 958
958 959
958 963
958 964
958 983
958 984
958 988
958 989
958 993
958 994
959 959
959 963
959 964
959 983
959 984
959 988
959 989
959 993
959 994
960 960
960 961
960 962
960 965
960 966
960 967
960 985
960 986
960 987
960 990
960 991
960 992
960 995
960 996
960 997
961 961
961 962
961 965
961 966
961 967
961 985
961 986
961 987
961 990
961 991
961 992
961 995
961 996
961 997
962 962
962 965
962 966
962 967
962 985
962 986
962 987
962 990
962 991
962 992
962 995
962 996
962 997
963 963
963 964
963 968
963 969
963 988
963 989
963 993
963 994
963 998
963 999
964 964
964 968
964 969
964 988
964 989
964 993
964 994
964 998
964 999
965 965
965 966
965 967
965 970
965 971
965 972
965 990
965 991
965 992
965 995
965 996
965 997
965 1000
965 1001
965 1002
966 966
966 967
966 970
966 971
966 972
966 990
966 991
966 992
966 995
966 996
966 997
966 1000
966 1001
966 1002
967 967
967 970
967 971
967 972
967 990
967 991
967 992
967 995
967 996
967 997
967 1000
967 1001
967 1002
968 968
968 969
968 973
968 974
968 993
968 994
968 998
968 999
968 1003
968 1004
969 969
969 973
969 974
969 993
969 994
969 998
969 999
969 1003
969 1004
970 970
970 971
970 972
970 975
970 976
970 977
970 995
970 996
970 997
970 1000
970 1001
970 1002
970 1005
970 1006
970 1007
971 971
971 972
971 975
971 976
971 977
971 995
971 996
971 997
971 1000
971 1001
971 1002
971 1005
971 1006
971 1007
972 972
972 975
972 976
972 977
972 995
972 996
972 997
972 1000
972 1001
972 1002
972 1005
972 1006
972 1007
973 973
973 974
973 998
973 999
973 1003
973 1004
974 974
974 998
974 999
974 1003
974 1004
975 975
975 976
975 977
975 1000
975 1001
975 1002
975 1005
975 1006
975 1007
976 976
976 977
976 1000
976 1001
976 1002
976 1005
976 1006
976 1007
977 977
977 1000
977 1001
977 1002
977 1005
977 1006
977 1007
978 978
978 979
978 983
978 984
978 1008
978 1009
978 1013
978 1014
979 979
979 983
979 984
979 1008
979 1009
979 1013
979 1014
980 980
980 981
980 982
980 985
980 986
980 987
980 1010
980 1011
980 1012
980 1015
980 1016
980 1017
981 981
981 982
981 985
981 986
981 987
981 1010
981 1011
981 1012
981 1015
981 1016
981 1017
982 982
982 985
982 986
982 987
982 1010
982 1011
982 1012
982 1015
982 1016
982 1017
983 983
983 984
983 988
983 989
983 1008
983 1009
983 1013
983 1014
983 1018
983 1019
984 984
984 988
984 989
984 1008
984 1009
984 1013
984 1014
984 1018
984 1019
985 985
985 986
985 987
985 990
985 991
985 992
985 1010
985 1011
985 1012
985 1015
985 1016
985 1017
985 1020
985 1021
985 1022
986 986
986 987
986 990
986 991
986 992
986 1010
986 1011
986 1012
986 1015
986 1016
986 1017
986 1020
986 1021
986 1022
987 987
987 990
987 991
987 992
987 1010
987 1011
987 1012
987 1015
987 1016
987 1017
987 1020
987 1021
987 1022
988 988
988 989
988 993
988 994
988 1013
988 1014
988 1018
988 1019
988 1023
988 1024
989 989
989 993
989 994
989 1013
989 1014
989 1018
989 1019
989 1023
989 1024
990 990
990 991
990 992
990 995
990 996
990 997
990 1015
990 1016
990 1017
990 1020
990 1021
990 1022
990 1025
990 1026
990 1027
991 991
991 992
991 995
991 996
991 997
991 1015
991 1016
991 1017
991 1020
991 1021
991 1022
991 1025
991 1026
991 1027
992 992
992 995
992 996
992 997
992 1015
992 1016
992 1017
992 1020
992 1021
992 1022
992 1025
992 1026
992 1027
993 993
993 994
993 998
993 999
993 1018
993 1019
993 1023
993 1024
993 1028
993 1029
994 994
994 998
994 999
994 1018
994 1019
994 1023
994 1024
994 1028
994 1029
995 995
995 996
995 997
995 1000
995 1001
995 1002
995 1020
995 1021
995 1022
995 1025
995 1026
995 1027
995 1030
995 1031
995 1032
996 996
996 997
996 1000
996 1001
996 1002
996 1020
996 1021
996 1022
996 1025
996 1026
996 1027
996 1030
996 1031
996 1032
997 997
997 1000
997 1001
997 1002
997 1020
997 1021
997 1022
997 1025
997 1026
997 1027
997 1030
997 1031
997 1032
998 998
998 999
998 1003
998 1004
998 1023
998 1024
998 1028
998 1029
998 1033
998 1034
999 999
999 1003
999 1004
999 1023
999 1024
999 1028
999 1029
999 1033
999 1034
1000 1000
1000 1001
1000 1002
1000 1005
1000 1006
1000 1007
1000 1025
1000 1026
1000 1027
1000 1030
1000 1031
1000 1032
1000 1035
1000 1036
1000 1037
1001 1001
1001 1002
1001 1005
1001 1006
1001 1007
1001 1025
1001 1026
1001 1027
1001 1030
1001 1031
1001 1032
1001 1035
1001 1036
1001 1037
1002 1002
1002 1005
1002 1006
1002 1007
1002 1025
1002 1026
1002 1027
1002 1030
1002 1031
1002 1032
1002 1035
1002 1036
1002 1037
1003 1003
1003 1004
1003 1028
1003 1029
1003 1033
1003 1034
1004 1004
1004 1028
1004 1029
1004 1033
1004 1034
1005 1005
1005 1006
1005 1007
1005 1030
1005 1031
1005 1032
1005 1035
1005 1036
1005 1037
1006 1006
1006 1007
1006 1030
1006 1031
1006 1032
1006 1035
1006 1036
1006 1037
1007 1007
1007 1030
1007 1031
1007 1032
1007 1035
1007 1036
1007 1037
1008 1008
1008 1009
1008 1013
1008 1014
1008 1038
1008 1039
1008 1043
1008 1044
1009 1009
1009 1013
1009 1014
1009 1038
1009 1039
1009 1043
1009 1044
1010 1010
1010 1011
1010 1012
1010 1015
1010 1016
1010 1017
1010 1040
1010 1041
1010 1042
1010 1045
1010 1046
1010 1047
1011 1011
1011 1012
1011 1015
1011 1016
1011 1017
1011 1040
1011 1041
1011 1042
1011 1045
1011 1046
1011 1047
1012 1012
1012 1015
1012 1016
1012 1017
1012 1040
1012 1041
1012 1042
1012 1045
1012 1046
1012 1047
1013 1013
1013 1014
1013 1018
1013 1019
1013 1038
1013 1039
1013 1043
1013 1044
1013 1048
1013 1049
1014 1014
1014 1018
1014 1019
1014 1038
1014 1039
1014 1043
1014 1044
1014 1048
1014 1049
1015 1015
1015 1016
1015 1017
1015 1020
1015 1021
1015 1022
1015 1040
1015 1041
1015 1042
1015 1045
1015 1046
1015 1047
1015 1050
1015 1051
1015 1052
1016 1016
1016 1017
1016 1020
1016 1021
1016 1022
1016 1040
1016 1041
1016 1042
1016 1045
1016 1046
1016 1047
1016 1050
1016 1051
1016 1052
1017 1017
1017 1020
1017 1021
1017 1022
1017 1040
1017 1041
1017 1042
1017 1045
1017 1046
1017 1047
1017 1050
1017 1051
1017 1052
1018 1018
1018 1019
1018 1023
1018 1024
1018 1043
1018 1044
1018 1048
1018 1049
1018 1053
1018 1054
1019 1019
1019 1023
1019 1024
1019 1043
1019 1044
1019 1048
1019 1049
1019 1053
1019 1054
1020 1020
1020 1021
1020 1022
1020 1025
1020 1026
1020 1027
1020 1045
1020 1046
1020 1047
1020 1050
1020 1051
1020 1052
1020 1055
1020 1056
1020 1057
1021 1021
1021 1022
1021 1025
1021 1026
1021 1027
1021 1045
1021 1046
1021 1047
1021 1050
1021 1051
1021 1052
1021 1055
1021 1056
1021 1057
1022 1022
1022 1025
1022 1026
1022 1027
1022 1045
1022 1046
1022 1047
1022 1050
1022 1051
1022 1052
1022 1055
1022 1056
1022 1057
1023 1023
1023 1024
1023 1028
1023 1029
1023 1048
1023 1049
1023 1053
1023 1054
1023 1058
1023 1059
1024 1024
1024 1028
1024 1029
1024 1048
1024 1049
1024 1053
1024 1054
1024 1058
1024 1059
1025 1025
1025 1026
1025 1027
1025 1030
1025 1031
1025 1032
1025 1050
1025 1051
1025 1052
1025 1055
1025 1056
1025 1057
1025 1060
1025 1061
1025 1062
1026 1026
1026 1027
1026 1030
1026 1031
1026 1032
1026 1050
1026 1051
1026 1052
1026 1055
1026 1056
1026 1057
1026 1060
1026 1061
1026 1062
1027 1027
1027 1030
1027 1031
1027 1032
1027 1050
1027 1051
1027 1052
1027 1055
1027 1056
1027 1057
1027 1060
1027 1061
1027 1062
1028 1028
1028 1029
1028 1033
1028 1034
1028 1053
1028 1054
1028 1058
1028 1059
1028 1063
1028 1064
1029 1029
1029 1033
1029 1034
1029 1053
1029 1054
1029 1058
1029 1059
1029 1063
1029 1064
1030 1030
1030 1031
1030 1032
1030 1035
1030 1036
1030 1037
1030 1055
1030 1056
1030 1057
1030 1060
1030 1061
1030 1062
1030 1065
1030 1066
1030 1067
1031 1031
1031 1032
1031 1035
1031 1036
1031 1037
1031 1055
1031 1056
1031 1057
1031 1060
1031 1061
1031 1062
1031 1065
1031 1066
1031 1067
1032 1032
1032 1035
1032 1036
1032 1037
1032 1055
1032 1056
1032 1057
1032 1060
1032 1061
1032 1062
1032 1065
1032 1066
1032 1067
1033 1033
1033 1034
1033 1058
1033 1059
1033 1063
1033 1064
1034 1034
1034 1058
1034 1059
1034 1063
1034 1064
1035 1035
1035 1036
1035 1037
1035 1060
1035 1061
1035 1062
1035 1065
1035 1066
1035 1067
1036 1036
1036 1037
1036 1060
1036 1061
1036 1062
1036 1065
1036 1066
1036 1067
1037 1037
1037 1060
1037 1061
1037 1062
1037 1065
1037 1066
1037 1067
1038 1038
1038 1039
1038 1043
1038 1044
1038 1068
1038 1071
1039 1039
1039 1043
1039 1044
1039 1068
1039 1071
1040 1040
1040 1041
1040 1042
1040 1045
1040 1046
1040 1047
1040 1069
1040 1070
1040 1072
1040 1073
1041 1041
1041 1042
1041 1046
1041 1047
1041 1069
1041 1070
1041 1072
1041 1073
1042 1042
1042 1045
1042 1046
1042 1047
1042 1069
1042 1070
1042 1072
1042 1073
1043 1043
1043 1044
1043 1048
1043 1049
1043 1068
1043 1071
1043 1074
1044 1044
1044 1048
1044 1049
1044 1068
1044 1071
1044 1074
1045 1045
1045 1046
1045 1047
1045 1050
1045 1051
1045 1052
1045 1069
1045 1070
1045 1072
1045 1073
1045 1075
1045 1076
1046 1046
1046 1047
1046 1050
1046 1051
1046 1052
1046 1069
1046 1070
1046 1072
1046 1073
1046 1075
1046 1076
1047 1047
1047 1050
1047 1051
1047 1052
1047 1069
1047 1070
1047 1072
1047 1073
1047 1075
1047 1076
1048 1048
1048 1049
1048 1053
1048 1054
1048 1071
1048 1074
1048 1077
1049 1049
1049 1053
1049 1054
1049 1071
1049 1074
1049 1077
1050 1050
1050 1051
1050 1052
1050 1055
1050 1056
1050 1057
1050 1072
1050 1073
1050 1075
1050 1076
1050 1078
1050 1079
1051 1051
1051 1052
1051 1055
1051 1056
1051 1057
1051 1072
1051 1073
1051 1075
1051 1076
1051 1078
1051 1079
1052 1052
1052 1055
1052 1056
1052 1057
1052 1072
1052 1073
1052 1075
1052 1076
1052 1078
1052 1079
1053 1053
1053 1054
1053 1058
1053 1059
1053 1074
1053 1077
1053 1080
1054 1054
1054 1058
1054 1059
1054 1074
1054 1077
1054 1080
1055 1055
1055 1056
1055 1057
1055 1060
1055 1061
1055 1062
1055 1075
1055 1076
1055 1078
1055 1079
1055 1081
1055 1082
1056 1056
1056 1057
1056 1060
1056 1061
1056 1062
1056 1075
1056 1076
1056 1078
1056 1079
1056 1081
1056 1082
1057 1057
1057 1060
1057 1061
1057 1062
1057 1075
1057 1076
1057 1078
1057 1079
1057 1081
1057 1082
1058 1058
1058 1059
1058 1063
1058 1064
1058 1077
1058 1080
1058 1083
1059 1059
1059 1063
1059 1064
1059 1077
1059 1080
1059 1083
1060 1060
1060 1061
1060 1062
1060 1065
1060 1066
1060 1067
1060 1078
1060 1079
1060 1081
1060 1082
1060 1084
1060 1085
1061 1061
1061 1062
1061 1065
1061 1066
1061 1067
1061 1078
1061 1079
1061 1081
1061 1082
1061 1084
1061 1085
1062 1062
1062 1065
1062 1066
1062 1067
1062 1078
1062 1079
1062 1081
1062 1082
1062 1084
1062 1085
1063 1063
1063 1064
1063 1080
1063 1083
1064 1064
1064 1080
1064 1083
1065 1065
1065 1066
1065 1067
1065 1081
1065 1082
1065 1084
1065 1085
1066 1066
1066 1067
1066 1081
1066 1082
1066 1084
1066 1085
1067 1067
1067 1081
1067 1082
1067 1084
1067 1085
1068 1068
1068 1071
1069 1069
1069 1070
1069 1072
1069 1073
1070 1070
1070 1072
1070 1073
1071 1071
1071 1074
1072 1072
1072 1073
1072 1075
1072 1076
1073 1073
1073 1075
1073 1076
1074 1074
1074 1077
1075 1075
1075 1076
1075 1078
1075 1079
1076 1076
1076 1078
1076 1079
1077 1077
1077 1080
1078 1078
1078 1079
1078 1081
1078 1082
1079 1079
1079 1081
1079 1082
1080 1080
1080 1083
1081 1081
1081 1082
1081 1084
1081 1085
1082 1082
1082 1084
1082 1085
1083 1083
1084 1084
1084 1085
1085 1085
