0 0
0 1
0 6
0 103
0 107
1 1
1 2
1 6
1 8
1 105
1 110
1 114
2 2
2 3
2 8
2 10
2 112
2 117
2 121
3 3
3 10
3 12
3 119
3 124
3 128
4 4
4 5
4 14
4 104
4 134
5 5
5 7
5 14
5 15
5 99
5 111
5 133
5 136
5 140
6 6
6 8
6 16
6 100
6 108
6 112
6 137
6 141
7 7
7 9
7 15
7 17
7 106
7 118
7 138
7 142
7 146
8 8
8 10
8 16
8 18
8 107
8 115
8 119
8 139
8 143
8 147
9 9
9 11
9 17
9 19
9 113
9 125
9 144
9 148
9 152
10 10
10 12
10 18
10 20
10 114
10 122
10 126
10 145
10 149
10 153
11 11
11 13
11 19
11 21
11 120
11 132
11 150
11 154
11 158
12 12
12 20
12 22
12 121
12 129
12 151
12 155
12 159
13 13
13 21
13 23
13 127
13 156
13 160
14 14
14 15
14 24
14 102
14 138
14 164
15 15
15 17
15 24
15 25
15 109
15 134
15 144
15 163
15 166
15 170
16 16
16 18
16 26
16 110
16 135
16 145
16 167
16 171
17 17
17 19
17 25
17 27
17 116
17 140
17 150
17 168
17 172
17 176
18 18
18 20
18 26
18 28
18 117
18 141
18 151
18 169
18 173
18 177
19 19
19 21
19 27
19 29
19 123
19 146
19 156
19 174
19 178
19 182
20 20
20 22
20 28
20 30
20 124
20 147
20 157
20 175
20 179
20 183
21 21
21 23
21 29
21 31
21 130
21 152
21 162
21 180
21 184
21 188
22 22
22 30
22 32
22 131
22 153
22 181
22 185
22 189
23 23
23 31
23 33
23 158
23 186
23 190
24 24
24 25
24 34
24 136
24 168
24 194
25 25
25 27
25 34
25 35
25 142
25 164
25 174
25 193
25 196
25 200
26 26
26 28
26 36
26 143
26 165
26 175
26 197
26 201
27 27
27 29
27 35
27 37
27 148
27 170
27 180
27 198
27 202
27 206
28 28
28 30
28 36
28 38
28 149
28 171
28 181
28 199
28 203
28 207
29 29
29 31
29 37
29 39
29 154
29 176
29 186
29 204
29 208
29 212
30 30
30 32
30 38
30 40
30 155
30 177
30 187
30 205
30 209
30 213
31 31
31 33
31 39
31 41
31 160
31 182
31 192
31 210
31 214
31 218
32 32
32 40
32 42
32 161
32 183
32 211
32 215
32 219
33 33
33 41
33 43
33 188
33 216
33 220
34 34
34 35
34 44
34 166
34 198
34 224
35 35
35 37
35 44
35 45
35 172
35 194
35 204
35 223
35 226
35 230
36 36
36 38
36 46
36 173
36 195
36 205
36 227
36 231
37 37
37 39
37 45
37 47
37 178
37 200
37 210
37 228
37 232
37 236
38 38
38 40
38 46
38 48
38 179
38 201
38 211
38 229
38 233
38 237
39 39
39 41
39 47
39 49
39 184
39 206
39 216
39 234
39 238
39 242
40 40
40 42
40 48
40 50
40 185
40 207
40 217
40 235
40 239
40 243
41 41
41 43
41 49
41 51
41 190
41 212
41 222
41 240
41 244
41 248
42 42
42 50
42 52
42 191
42 213
42 241
42 245
42 249
43 43
43 51
43 53
43 218
43 246
43 250
44 44
44 45
44 54
44 196
44 228
44 254
45 45
45 47
45 54
45 55
45 202
45 224
45 234
45 253
45 256
45 260
46 46
46 48
46 56
46 203
46 225
46 235
46 257
46 261
47 47
47 49
47 55
47 57
47 208
47 230
47 240
47 258
47 262
47 266
48 48
48 50
48 56
48 58
48 209
48 231
48 241
48 259
48 263
48 267
49 49
49 51
49 57
49 59
49 214
49 236
49 246
49 264
49 268
49 272
50 50
50 52
50 58
50 60
50 215
50 237
50 247
50 265
50 269
50 273
51 51
51 53
51 59
51 61
51 220
51 242
51 252
51 270
51 274
51 278
52 52
52 60
52 62
52 221
52 243
52 271
52 275
52 279
53 53
53 61
53 63
53 248
53 276
53 280
54 54
54 55
54 64
54 226
54 258
54 284
55 55
55 57
55 64
55 65
55 232
55 254
55 264
55 283
55 286
55 290
56 56
56 58
56 66
56 233
56 255
56 265
56 287
56 291
57 57
57 59
57 65
57 67
57 238
57 260
57 270
57 288
57 292
57 296
58 58
58 60
58 66
58 68
58 239
58 261
58 271
58 289
58 293
58 297
59 59
59 61
59 67
59 69
59 244
59 266
59 276
59 294
59 298
59 302
60 60
60 62
60 68
60 70
60 245
60 267
60 277
60 295
60 299
60 303
61 61
61 63
61 69
61 71
61 250
61 272
61 282
61 300
61 304
61 308
62 62
62 70
62 72
62 251
62 273
62 301
62 305
62 309
63 63
63 71
63 73
63 278
63 306
63 310
64 64
64 65
64 74
64 256
64 288
64 314
65 65
65 67
65 74
65 75
65 262
65 284
65 294
65 313
65 316
65 320
66 66
66 68
66 76
66 263
66 285
66 295
66 317
66 321
67 67
67 69
67 75
67 77
67 268
67 290
67 300
67 318
67 322
67 326
68 68
68 70
68 76
68 78
68 269
68 291
68 301
68 319
68 323
68 327
69 69
69 71
69 77
69 79
69 274
69 296
69 306
69 324
69 328
69 332
70 70
70 72
70 78
70 80
70 275
70 297
70 307
70 325
70 329
70 333
71 71
71 73
71 79
71 81
71 280
71 302
71 312
71 330
71 334
71 338
72 72
72 80
72 82
72 281
72 303
72 331
72 335
72 339
73 73
73 81
73 83
73 308
73 336
73 340
74 74
74 75
74 84
74 286
74 318
74 344
75 75
75 77
75 84
75 85
75 292
75 314
75 324
75 343
75 346
75 350
76 76
76 78
76 86
76 293
76 315
76 325
76 347
76 351
77 77
77 79
77 85
77 87
77 298
77 320
77 330
77 348
77 352
77 356
78 78
78 80
78 86
78 88
78 299
78 321
78 331
78 349
78 353
78 357
79 79
79 81
79 87
79 89
79 304
79 326
79 336
79 354
79 358
79 362
80 80
80 82
80 88
80 90
80 305
80 327
80 337
80 355
80 359
80 363
81 81
81 83
81 89
81 91
81 310
81 332
81 342
81 360
81 364
81 368
82 82
82 90
82 92
82 311
82 333
82 361
82 365
82 369
83 83
83 91
83 93
83 338
83 366
83 370
84 84
84 85
84 316
84 348
84 374
85 85
85 87
85 322
85 344
85 354
85 373
85 379
86 86
86 88
86 94
86 323
86 345
86 355
86 376
86 380
87 87
87 89
87 328
87 350
87 360
87 377
87 384
88 88
88 90
88 94
88 95
88 329
88 351
88 361
88 378
88 381
88 385
89 89
89 91
89 334
89 356
89 366
89 382
89 389
90 90
90 92
90 95
90 96
90 335
90 357
90 367
90 383
90 386
90 390
91 91
91 93
91 340
91 362
91 372
91 387
91 394
92 92
92 96
92 97
92 341
92 363
92 388
92 391
92 395
93 93
93 368
93 392
94 94
94 95
94 353
94 375
94 383
95 95
95 96
95 359
95 380
95 388
96 96
96 97
96 365
96 385
96 393
97 97
97 371
97 390
98 98
98 99
99 99
99 102
99 104
100 100
100 101
100 103
100 105
101 101
102 102
102 104
102 133
102 134
103 103
103 105
103 135
104 104
104 106
105 105
105 107
105 108
106 106
106 109
106 111
107 107
107 108
107 110
107 112
108 108
109 109
109 111
109 138
109 140
110 110
110 112
110 139
110 141
111 111
111 113
112 112
112 114
112 115
113 113
113 116
113 118
114 114
114 115
114 117
114 119
115 115
116 116
116 118
116 144
116 146
117 117
117 119
117 145
117 147
118 118
118 120
119 119
119 121
119 122
120 120
120 123
120 125
121 121
121 122
121 124
121 126
122 122
123 123
123 125
123 150
123 152
124 124
124 126
124 151
124 153
125 125
125 127
126 126
126 128
126 129
127 127
127 130
127 132
128 128
128 129
128 131
129 129
130 130
130 132
130 156
130 158
131 131
131 157
131 159
132 132
133 133
133 134
134 134
134 136
134 138
135 135
135 137
135 139
136 136
136 138
136 163
136 164
137 137
137 139
137 165
138 138
138 140
139 139
139 141
140 140
140 142
140 144
141 141
141 143
141 145
142 142
142 144
142 168
142 170
143 143
143 145
143 169
143 171
144 144
144 146
145 145
145 147
146 146
146 148
146 150
147 147
147 149
147 151
148 148
148 150
148 174
148 176
149 149
149 151
149 175
149 177
150 150
150 152
151 151
151 153
152 152
152 154
152 156
153 153
153 155
153 157
154 154
154 156
154 180
154 182
155 155
155 157
155 181
155 183
156 156
156 158
157 157
157 159
158 158
158 160
158 162
159 159
159 161
160 160
160 162
160 186
160 188
161 161
161 187
161 189
162 162
163 163
163 164
164 164
164 166
164 168
165 165
165 167
165 169
166 166
166 168
166 193
166 194
167 167
167 169
167 195
168 168
168 170
169 169
169 171
170 170
170 172
170 174
171 171
171 173
171 175
172 172
172 174
172 198
172 200
173 173
173 175
173 199
173 201
174 174
174 176
175 175
175 177
176 176
176 178
176 180
177 177
177 179
177 181
178 178
178 180
178 204
178 206
179 179
179 181
179 205
179 207
180 180
180 182
181 181
181 183
182 182
182 184
182 186
183 183
183 185
183 187
184 184
184 186
184 210
184 212
185 185
185 187
185 211
185 213
186 186
186 188
187 187
187 189
188 188
188 190
188 192
189 189
189 191
190 190
190 192
190 216
190 218
191 191
191 217
191 219
192 192
193 193
193 194
194 194
194 196
194 198
195 195
195 197
195 199
196 196
196 198
196 223
196 224
197 197
197 199
197 225
198 198
198 200
199 199
199 201
200 200
200 202
200 204
201 201
201 203
201 205
202 202
202 204
202 228
202 230
203 203
203 205
203 229
203 231
204 204
204 206
205 205
205 207
206 206
206 208
206 210
207 207
207 209
207 211
208 208
208 210
208 234
208 236
209 209
209 211
209 235
209 237
210 210
210 212
211 211
211 213
212 212
212 214
212 216
213 213
213 215
213 217
214 214
214 216
214 240
214 242
215 215
215 217
215 241
215 243
216 216
216 218
217 217
217 219
218 218
218 220
218 222
219 219
219 221
220 220
220 222
220 246
220 248
221 221
221 247
221 249
222 222
223 223
223 224
224 224
224 226
224 228
225 225
225 227
225 229
226 226
226 228
226 253
226 254
227 227
227 229
227 255
228 228
228 230
229 229
229 231
230 230
230 232
230 234
231 231
231 233
231 235
232 232
232 234
232 258
232 260
233 233
233 235
233 259
233 261
234 234
234 236
235 235
235 237
236 236
236 238
236 240
237 237
237 239
237 241
238 238
238 240
238 264
238 266
239 239
239 241
239 265
239 267
240 240
240 242
241 241
241 243
242 242
242 244
242 246
243 243
243 245
243 247
244 244
244 246
244 270
244 272
245 245
245 247
245 271
245 273
246 246
246 248
247 247
247 249
248 248
248 250
248 252
249 249
249 251
250 250
250 252
250 276
250 278
251 251
251 277
251 279
252 252
253 253
253 254
254 254
254 256
254 258
255 255
255 257
255 259
256 256
256 258
256 283
256 284
257 257
257 259
257 285
258 258
258 260
259 259
259 261
260 260
260 262
260 264
261 261
261 263
261 265
262 262
262 264
262 288
262 290
263 263
263 265
263 289
263 291
264 264
264 266
265 265
265 267
266 266
266 268
266 270
267 267
267 269
267 271
268 268
268 270
268 294
268 296
269 269
269 271
269 295
269 297
270 270
270 272
271 271
271 273
272 272
272 274
272 276
273 273
273 275
273 277
274 274
274 276
274 300
274 302
275 275
275 277
275 301
275 303
276 276
276 278
277 277
277 279
278 278
278 280
278 282
279 279
279 281
280 280
280 282
280 306
280 308
281 281
281 307
281 309
282 282
283 283
283 284
284 284
284 286
284 288
285 285
285 287
285 289
286 286
286 288
286 313
286 314
287 287
287 289
287 315
288 288
288 290
289 289
289 291
290 290
290 292
290 294
291 291
291 293
291 295
292 292
292 294
292 318
292 320
293 293
293 295
293 319
293 321
294 294
294 296
295 295
295 297
296 296
296 298
296 300
297 297
297 299
297 301
298 298
298 300
298 324
298 326
299 299
299 301
299 325
299 327
300 300
300 302
301 301
301 303
302 302
302 304
302 306
303 303
303 305
303 307
304 304
304 306
304 330
304 332
305 305
305 307
305 331
305 333
306 306
306 308
307 307
307 309
308 308
308 310
308 312
309 309
309 311
310 310
310 312
310 336
310 338
311 311
311 337
311 339
312 312
313 313
313 314
314 314
314 316
314 318
315 315
315 317
315 319
316 316
316 318
316 343
316 344
317 317
317 319
317 345
318 318
318 320
319 319
319 321
320 320
320 322
320 324
321 321
321 323
321 325
322 322
322 324
322 348
322 350
323 323
323 325
323 349
323 351
324 324
324 326
325 325
325 327
326 326
326 328
326 330
327 327
327 329
327 331
328 328
328 330
328 354
328 356
329 329
329 331
329 355
329 357
330 330
330 332
331 331
331 333
332 332
332 334
332 336
333 333
333 335
333 337
334 334
334 336
334 360
334 362
335 335
335 337
335 361
335 363
336 336
336 338
337 337
337 339
338 338
338 340
338 342
339 339
339 341
340 340
340 342
340 366
340 368
341 341
341 367
341 369
342 342
343 343
343 344
344 344
344 346
344 348
345 345
345 347
345 349
346 346
346 348
346 373
346 374
347 347
347 349
347 375
348 348
348 350
349 349
349 351
350 350
350 352
350 354
351 351
351 353
351 355
352 352
352 354
352 377
352 379
353 353
353 355
353 378
353 380
354 354
354 356
355 355
355 357
356 356
356 358
356 360
357 357
357 359
357 361
358 358
358 360
358 382
358 384
359 359
359 361
359 383
359 385
360 360
360 362
361 361
361 363
362 362
362 364
362 366
363 363
363 365
363 367
364 364
364 366
364 387
364 389
365 365
365 367
365 388
365 390
366 366
366 368
367 367
367 369
368 368
368 370
368 372
369 369
369 371
370 370
370 372
370 392
370 394
371 371
371 393
371 395
372 372
373 373
373 374
374 374
374 377
375 375
375 376
375 378
376 376
376 378
377 377
377 379
378 378
378 380
379 379
379 382
380 380
380 381
380 383
381 381
381 383
382 382
382 384
383 383
383 385
384 384
384 387
385 385
385 386
385 388
386 386
386 388
387 387
387 389
388 388
388 390
389 389
389 392
390 390
390 391
390 393
391 391
391 393
392 392
392 394
393 393
393 395
394 394
394 397
395 395
395 396
396 396
397 397
