0 0
0 1
0 8
0 199
0 203
1 1
1 2
1 8
1 10
1 201
1 206
1 210
2 2
2 3
2 10
2 12
2 208
2 213
2 217
3 3
3 4
3 12
3 14
3 215
3 220
3 224
4 4
4 5
4 14
4 16
4 222
4 227
4 231
5 5
5 16
5 18
5 229
5 234
5 238
6 6
6 7
6 20
6 200
6 244
7 7
7 9
7 20
7 21
7 195
7 207
7 243
7 246
7 250
8 8
8 10
8 22
8 196
8 204
8 208
8 247
8 251
9 9
9 11
9 21
9 23
9 202
9 214
9 248
9 252
9 256
10 10
10 12
10 22
10 24
10 203
10 211
10 215
10 249
10 253
10 257
11 11
11 13
11 23
11 25
11 209
11 221
11 254
11 258
11 262
12 12
12 14
12 24
12 26
12 210
12 218
12 222
12 255
12 259
12 263
13 13
13 15
13 25
13 27
13 216
13 228
13 260
13 264
13 268
14 14
14 16
14 26
14 28
14 217
14 225
14 229
14 261
14 265
14 269
15 15
15 17
15 27
15 29
15 223
15 235
15 266
15 270
15 274
16 16
16 18
16 28
16 30
16 224
16 232
16 236
16 267
16 271
16 275
17 17
17 19
17 29
17 31
17 230
17 242
17 272
17 276
17 280
18 18
18 30
18 32
18 231
18 239
18 273
18 277
18 281
19 19
19 31
19 33
19 237
19 278
19 282
20 20
20 21
20 34
20 198
20 248
20 286
21 21
21 23
21 34
21 35
21 205
21 244
21 254
21 285
21 288
21 292
22 22
22 24
22 36
22 206
22 245
22 255
22 289
22 293
23 23
23 25
23 35
23 37
23 212
23 250
23 260
23 290
23 294
23 298
24 24
24 26
24 36
24 38
24 213
24 251
24 261
24 291
24 295
24 299
25 25
25 27
25 37
25 39
25 219
25 256
25 266
25 296
25 300
25 304
26 26
26 28
26 38
26 40
26 220
26 257
26 267
26 297
26 301
26 305
27 27
27 29
27 39
27 41
27 226
27 262
27 272
27 302
27 306
27 310
28 28
28 30
28 40
28 42
28 227
28 263
28 273
28 303
28 307
28 311
29 29
29 31
29 41
29 43
29 233
29 268
29 278
29 308
29 312
29 316
30 30
30 32
30 42
30 44
30 234
30 269
30 279
30 309
30 313
30 317
31 31
31 33
31 43
31 45
31 240
31 274
31 284
31 314
31 318
31 322
32 32
32 44
32 46
32 241
32 275
32 315
32 319
32 323
33 33
33 45
33 47
33 280
33 320
33 324
34 34
34 35
34 48
34 246
34 290
34 328
35 35
35 37
35 48
35 49
35 252
35 286
35 296
35 327
35 330
35 334
36 36
36 38
36 50
36 253
36 287
36 297
36 331
36 335
37 37
37 39
37 49
37 51
37 258
37 292
37 302
37 332
37 336
37 340
38 38
38 40
38 50
38 52
38 259
38 293
38 303
38 333
38 337
38 341
39 39
39 41
39 51
39 53
39 264
39 298
39 308
39 338
39 342
39 346
40 40
40 42
40 52
40 54
40 265
40 299
40 309
40 339
40 343
40 347
41 41
41 43
41 53
41 55
41 270
41 304
41 314
41 344
41 348
41 352
42 42
42 44
42 54
42 56
42 271
42 305
42 315
42 345
42 349
42 353
43 43
43 45
43 55
43 57
43 276
43 310
43 320
43 350
43 354
43 358
44 44
44 46
44 56
44 58
44 277
44 311
44 321
44 351
44 355
44 359
45 45
45 47
45 57
45 59
45 282
45 316
45 326
45 356
45 360
45 364
46 46
46 58
46 60
46 283
46 317
46 357
46 361
46 365
47 47
47 59
47 61
47 322
47 362
47 366
48 48
48 49
48 62
48 288
48 332
48 370
49 49
49 51
49 62
49 63
49 294
49 328
49 338
49 369
49 372
49 376
50 50
50 52
50 64
50 295
50 329
50 339
50 373
50 377
51 51
51 53
51 63
51 65
51 300
51 334
51 344
51 374
51 378
51 382
52 52
52 54
52 64
52 66
52 301
52 335
52 345
52 375
52 379
52 383
53 53
53 55
53 65
53 67
53 306
53 340
53 350
53 380
53 384
53 388
54 54
54 56
54 66
54 68
54 307
54 341
54 351
54 381
54 385
54 389
55 55
55 57
55 67
55 69
55 312
55 346
55 356
55 386
55 390
55 394
56 56
56 58
56 68
56 70
56 313
56 347
56 357
56 387
56 391
56 395
57 57
57 59
57 69
57 71
57 318
57 352
57 362
57 392
57 396
57 400
58 58
58 60
58 70
58 72
58 319
58 353
58 363
58 393
58 397
58 401
59 59
59 61
59 71
59 73
59 324
59 358
59 368
59 398
59 402
59 406
60 60
60 72
60 74
60 325
60 359
60 399
60 403
60 407
61 61
61 73
61 75
61 364
61 404
61 408
62 62
62 63
62 76
62 330
62 374
62 412
63 63
63 65
63 76
63 77
63 336
63 370
63 380
63 411
63 414
63 418
64 64
64 66
64 78
64 337
64 371
64 381
64 415
64 419
65 65
65 67
65 77
65 79
65 342
65 376
65 386
65 416
65 420
65 424
66 66
66 68
66 78
66 80
66 343
66 377
66 387
66 417
66 421
66 425
67 67
67 69
67 79
67 81
67 348
67 382
67 392
67 422
67 426
67 430
68 68
68 70
68 80
68 82
68 349
68 383
68 393
68 423
68 427
68 431
69 69
69 71
69 81
69 83
69 354
69 388
69 398
69 428
69 432
69 436
70 70
70 72
70 82
70 84
70 355
70 389
70 399
70 429
70 433
70 437
71 71
71 73
71 83
71 85
71 360
71 394
71 404
71 434
71 438
71 442
72 72
72 74
72 84
72 86
72 361
72 395
72 405
72 435
72 439
72 443
73 73
73 75
73 85
73 87
73 366
73 400
73 410
73 440
73 444
73 448
74 74
74 86
74 88
74 367
74 401
74 441
74 445
74 449
75 75
75 87
75 89
75 406
75 446
75 450
76 76
76 77
76 90
76 372
76 416
76 454
77 77
77 79
77 90
77 91
77 378
77 412
77 422
77 453
77 456
77 460
78 78
78 80
78 92
78 379
78 413
78 423
78 457
78 461
79 79
79 81
79 91
79 93
79 384
79 418
79 428
79 458
79 462
79 466
80 80
80 82
80 92
80 94
80 385
80 419
80 429
80 459
80 463
80 467
81 81
81 83
81 93
81 95
81 390
81 424
81 434
81 464
81 468
81 472
82 82
82 84
82 94
82 96
82 391
82 425
82 435
82 465
82 469
82 473
83 83
83 85
83 95
83 97
83 396
83 430
83 440
83 470
83 474
83 478
84 84
84 86
84 96
84 98
84 397
84 431
84 441
84 471
84 475
84 479
85 85
85 87
85 97
85 99
85 402
85 436
85 446
85 476
85 480
85 484
86 86
86 88
86 98
86 100
86 403
86 437
86 447
86 477
86 481
86 485
87 87
87 89
87 99
87 101
87 408
87 442
87 452
87 482
87 486
87 490
88 88
88 100
88 102
88 409
88 443
88 483
88 487
88 491
89 89
89 101
89 103
89 448
89 488
89 492
90 90
90 91
90 104
90 414
90 458
90 496
91 91
91 93
91 104
91 105
91 420
91 454
91 464
91 495
91 498
91 502
92 92
92 94
92 106
92 421
92 455
92 465
92 499
92 503
93 93
93 95
93 105
93 107
93 426
93 460
93 470
93 500
93 504
93 508
94 94
94 96
94 106
94 108
94 427
94 461
94 471
94 501
94 505
94 509
95 95
95 97
95 107
95 109
95 432
95 466
95 476
95 506
95 510
95 514
96 96
96 98
96 108
96 110
96 433
96 467
96 477
96 507
96 511
96 515
97 97
97 99
97 109
97 111
97 438
97 472
97 482
97 512
97 516
97 520
98 98
98 100
98 110
98 112
98 439
98 473
98 483
98 513
98 517
98 521
99 99
99 101
99 111
99 113
99 444
99 478
99 488
99 518
99 522
99 526
100 100
100 102
100 112
100 114
100 445
100 479
100 489
100 519
100 523
100 527
101 101
101 103
101 113
101 115
101 450
101 484
101 494
101 524
101 528
101 532
102 102
102 114
102 116
102 451
102 485
102 525
102 529
102 533
103 103
103 115
103 117
103 490
103 530
103 534
104 104
104 105
104 118
104 456
104 500
104 538
105 105
105 107
105 118
105 119
105 462
105 496
105 506
105 537
105 540
105 544
106 106
106 108
106 120
106 463
106 497
106 507
106 541
106 545
107 107
107 109
107 119
107 121
107 468
107 502
107 512
107 542
107 546
107 550
108 108
108 110
108 120
108 122
108 469
108 503
108 513
108 543
108 547
108 551
109 109
109 111
109 121
109 123
109 474
109 508
109 518
109 548
109 552
109 556
110 110
110 112
110 122
110 124
110 475
110 509
110 519
110 549
110 553
110 557
111 111
111 113
111 123
111 125
111 480
111 514
111 524
111 554
111 558
111 562
112 112
112 114
112 124
112 126
112 481
112 515
112 525
112 555
112 559
112 563
113 113
113 115
113 125
113 127
113 486
113 520
113 530
113 560
113 564
113 568
114 114
114 116
114 126
114 128
114 487
114 521
114 531
114 561
114 565
114 569
115 115
115 117
115 127
115 129
115 492
115 526
115 536
115 566
115 570
115 574
116 116
116 128
116 130
116 493
116 527
116 567
116 571
116 575
117 117
117 129
117 131
117 532
117 572
117 576
118 118
118 119
118 132
118 498
118 542
118 580
119 119
119 121
119 132
119 133
119 504
119 538
119 548
119 579
119 582
119 586
120 120
120 122
120 134
120 505
120 539
120 549
120 583
120 587
121 121
121 123
121 133
121 135
121 510
121 544
121 554
121 584
121 588
121 592
122 122
122 124
122 134
122 136
122 511
122 545
122 555
122 585
122 589
122 593
123 123
123 125
123 135
123 137
123 516
123 550
123 560
123 590
123 594
123 598
124 124
124 126
124 136
124 138
124 517
124 551
124 561
124 591
124 595
124 599
125 125
125 127
125 137
125 139
125 522
125 556
125 566
125 596
125 600
125 604
126 126
126 128
126 138
126 140
126 523
126 557
126 567
126 597
126 601
126 605
127 127
127 129
127 139
127 141
127 528
127 562
127 572
127 602
127 606
127 610
128 128
128 130
128 140
128 142
128 529
128 563
128 573
128 603
128 607
128 611
129 129
129 131
129 141
129 143
129 534
129 568
129 578
129 608
129 612
129 616
130 130
130 142
130 144
130 535
130 569
130 609
130 613
130 617
131 131
131 143
131 145
131 574
131 614
131 618
132 132
132 133
132 146
132 540
132 584
132 622
133 133
133 135
133 146
133 147
133 546
133 580
133 590
133 621
133 624
133 628
134 134
134 136
134 148
134 547
134 581
134 591
134 625
134 629
135 135
135 137
135 147
135 149
135 552
135 586
135 596
135 626
135 630
135 634
136 136
136 138
136 148
136 150
136 553
136 587
136 597
136 627
136 631
136 635
137 137
137 139
137 149
137 151
137 558
137 592
137 602
137 632
137 636
137 640
138 138
138 140
138 150
138 152
138 559
138 593
138 603
138 633
138 637
138 641
139 139
139 141
139 151
139 153
139 564
139 598
139 608
139 638
139 642
139 646
140 140
140 142
140 152
140 154
140 565
140 599
140 609
140 639
140 643
140 647
141 141
141 143
141 153
141 155
141 570
141 604
141 614
141 644
141 648
141 652
142 142
142 144
142 154
142 156
142 571
142 605
142 615
142 645
142 649
142 653
143 143
143 145
143 155
143 157
143 576
143 610
143 620
143 650
143 654
143 658
144 144
144 156
144 158
144 577
144 611
144 651
144 655
144 659
145 145
145 157
145 159
145 616
145 656
145 660
146 146
146 147
146 160
146 582
146 626
146 664
147 147
147 149
147 160
147 161
147 588
147 622
147 632
147 663
147 666
147 670
148 148
148 150
148 162
148 589
148 623
148 633
148 667
148 671
149 149
149 151
149 161
149 163
149 594
149 628
149 638
149 668
149 672
149 676
150 150
150 152
150 162
150 164
150 595
150 629
150 639
150 669
150 673
150 677
151 151
151 153
151 163
151 165
151 600
151 634
151 644
151 674
151 678
151 682
152 152
152 154
152 164
152 166
152 601
152 635
152 645
152 675
152 679
152 683
153 153
153 155
153 165
153 167
153 606
153 640
153 650
153 680
153 684
153 688
154 154
154 156
154 166
154 168
154 607
154 641
154 651
154 681
154 685
154 689
155 155
155 157
155 167
155 169
155 612
155 646
155 656
155 686
155 690
155 694
156 156
156 158
156 168
156 170
156 613
156 647
156 657
156 687
156 691
156 695
157 157
157 159
157 169
157 171
157 618
157 652
157 662
157 692
157 696
157 700
158 158
158 170
158 172
158 619
158 653
158 693
158 697
158 701
159 159
159 171
159 173
159 658
159 698
159 702
160 160
160 161
160 174
160 624
160 668
160 706
161 161
161 163
161 174
161 175
161 630
161 664
161 674
161 705
161 708
161 712
162 162
162 164
162 176
162 631
162 665
162 675
162 709
162 713
163 163
163 165
163 175
163 177
163 636
163 670
163 680
163 710
163 714
163 718
164 164
164 166
164 176
164 178
164 637
164 671
164 681
164 711
164 715
164 719
165 165
165 167
165 177
165 179
165 642
165 676
165 686
165 716
165 720
165 724
166 166
166 168
166 178
166 180
166 643
166 677
166 687
166 717
166 721
166 725
167 167
167 169
167 179
167 181
167 648
167 682
167 692
167 722
167 726
167 730
168 168
168 170
168 180
168 182
168 649
168 683
168 693
168 723
168 727
168 731
169 169
169 171
169 181
169 183
169 654
169 688
169 698
169 728
169 732
169 736
170 170
170 172
170 182
170 184
170 655
170 689
170 699
170 729
170 733
170 737
171 171
171 173
171 183
171 185
171 660
171 694
171 704
171 734
171 738
171 742
172 172
172 184
172 186
172 661
172 695
172 735
172 739
172 743
173 173
173 185
173 187
173 700
173 740
173 744
174 174
174 175
174 666
174 710
174 748
175 175
175 177
175 672
175 706
175 716
175 747
175 753
176 176
176 178
176 188
176 673
176 707
176 717
176 750
176 754
177 177
177 179
177 678
177 712
177 722
177 751
177 758
178 178
178 180
178 188
178 189
178 679
178 713
178 723
178 752
178 755
178 759
179 179
179 181
179 684
179 718
179 728
179 756
179 763
180 180
180 182
180 189
180 190
180 685
180 719
180 729
180 757
180 760
180 764
181 181
181 183
181 690
181 724
181 734
181 761
181 768
182 182
182 184
182 190
182 191
182 691
182 725
182 735
182 762
182 765
182 769
183 183
183 185
183 696
183 730
183 740
183 766
183 773
184 184
184 186
184 191
184 192
184 697
184 731
184 741
184 767
184 770
184 774
185 185
185 187
185 702
185 736
185 746
185 771
185 778
186 186
186 192
186 193
186 703
186 737
186 772
186 775
186 779
187 187
187 742
187 776
188 188
188 189
188 715
188 749
188 757
189 189
189 190
189 721
189 754
189 762
190 190
190 191
190 727
190 759
190 767
191 191
191 192
191 733
191 764
191 772
192 192
192 193
192 739
192 769
192 777
193 193
193 745
193 774
194 194
194 195
195 195
195 198
195 200
196 196
196 197
196 199
196 201
197 197
198 198
198 200
198 243
198 244
199 199
199 201
199 245
200 200
200 202
201 201
201 203
201 204
202 202
202 205
202 207
203 203
203 204
203 206
203 208
204 204
205 205
205 207
205 248
205 250
206 206
206 208
206 249
206 251
207 207
207 209
208 208
208 210
208 211
209 209
209 212
209 214
210 210
210 211
210 213
210 215
211 211
212 212
212 214
212 254
212 256
213 213
213 215
213 255
213 257
214 214
214 216
215 215
215 217
215 218
216 216
216 219
216 221
217 217
217 218
217 220
217 222
218 218
219 219
219 221
219 260
219 262
220 220
220 222
220 261
220 263
221 221
221 223
222 222
222 224
222 225
223 223
223 226
223 228
224 224
224 225
224 227
224 229
225 225
226 226
226 228
226 266
226 268
227 227
227 229
227 267
227 269
228 228
228 230
229 229
229 231
229 232
230 230
230 233
230 235
231 231
231 232
231 234
231 236
232 232
233 233
233 235
233 272
233 274
234 234
234 236
234 273
234 275
235 235
235 237
236 236
236 238
236 239
237 237
237 240
237 242
238 238
238 239
238 241
239 239
240 240
240 242
240 278
240 280
241 241
241 279
241 281
242 242
243 243
243 244
244 244
244 246
244 248
245 245
245 247
245 249
246 246
246 248
246 285
246 286
247 247
247 249
247 287
248 248
248 250
249 249
249 251
250 250
250 252
250 254
251 251
251 253
251 255
252 252
252 254
252 290
252 292
253 253
253 255
253 291
253 293
254 254
254 256
255 255
255 257
256 256
256 258
256 260
257 257
257 259
257 261
258 258
258 260
258 296
258 298
259 259
259 261
259 297
259 299
260 260
260 262
261 261
261 263
262 262
262 264
262 266
263 263
263 265
263 267
264 264
264 266
264 302
264 304
265 265
265 267
265 303
265 305
266 266
266 268
267 267
267 269
268 268
268 270
268 272
269 269
269 271
269 273
270 270
270 272
270 308
270 310
271 271
271 273
271 309
271 311
272 272
272 274
273 273
273 275
274 274
274 276
274 278
275 275
275 277
275 279
276 276
276 278
276 314
276 316
277 277
277 279
277 315
277 317
278 278
278 280
279 279
279 281
280 280
280 282
280 284
281 281
281 283
282 282
282 284
282 320
282 322
283 283
283 321
283 323
284 284
285 285
285 286
286 286
286 288
286 290
287 287
287 289
287 291
288 288
288 290
288 327
288 328
289 289
289 291
289 329
290 290
290 292
291 291
291 293
292 292
292 294
292 296
293 293
293 295
293 297
294 294
294 296
294 332
294 334
295 295
295 297
295 333
295 335
296 296
296 298
297 297
297 299
298 298
298 300
298 302
299 299
299 301
299 303
300 300
300 302
300 338
300 340
301 301
301 303
301 339
301 341
302 302
302 304
303 303
303 305
304 304
304 306
304 308
305 305
305 307
305 309
306 306
306 308
306 344
306 346
307 307
307 309
307 345
307 347
308 308
308 310
309 309
309 311
310 310
310 312
310 314
311 311
311 313
311 315
312 312
312 314
312 350
312 352
313 313
313 315
313 351
313 353
314 314
314 316
315 315
315 317
316 316
316 318
316 320
317 317
317 319
317 321
318 318
318 320
318 356
318 358
319 319
319 321
319 357
319 359
320 320
320 322
321 321
321 323
322 322
322 324
322 326
323 323
323 325
324 324
324 326
324 362
324 364
325 325
325 363
325 365
326 326
327 327
327 328
328 328
328 330
328 332
329 329
329 331
329 333
330 330
330 332
330 369
330 370
331 331
331 333
331 371
332 332
332 334
333 333
333 335
334 334
334 336
334 338
335 335
335 337
335 339
336 336
336 338
336 374
336 376
337 337
337 339
337 375
337 377
338 338
338 340
339 339
339 341
340 340
340 342
340 344
341 341
341 343
341 345
342 342
342 344
342 380
342 382
343 343
343 345
343 381
343 383
344 344
344 346
345 345
345 347
346 346
346 348
346 350
347 347
347 349
347 351
348 348
348 350
348 386
348 388
349 349
349 351
349 387
349 389
350 350
350 352
351 351
351 353
352 352
352 354
352 356
353 353
353 355
353 357
354 354
354 356
354 392
354 394
355 355
355 357
355 393
355 395
356 356
356 358
357 357
357 359
358 358
358 360
358 362
359 359
359 361
359 363
360 360
360 362
360 398
360 400
361 361
361 363
361 399
361 401
362 362
362 364
363 363
363 365
364 364
364 366
364 368
365 365
365 367
366 366
366 368
366 404
366 406
367 367
367 405
367 407
368 368
369 369
369 370
370 370
370 372
370 374
371 371
371 373
371 375
372 372
372 374
372 411
372 412
373 373
373 375
373 413
374 374
374 376
375 375
375 377
376 376
376 378
376 380
377 377
377 379
377 381
378 378
378 380
378 416
378 418
379 379
379 381
379 417
379 419
380 380
380 382
381 381
381 383
382 382
382 384
382 386
383 383
383 385
383 387
384 384
384 386
384 422
384 424
385 385
385 387
385 423
385 425
386 386
386 388
387 387
387 389
388 388
388 390
388 392
389 389
389 391
389 393
390 390
390 392
390 428
390 430
391 391
391 393
391 429
391 431
392 392
392 394
393 393
393 395
394 394
394 396
394 398
395 395
395 397
395 399
396 396
396 398
396 434
396 436
397 397
397 399
397 435
397 437
398 398
398 400
399 399
399 401
400 400
400 402
400 404
401 401
401 403
401 405
402 402
402 404
402 440
402 442
403 403
403 405
403 441
403 443
404 404
404 406
405 405
405 407
406 406
406 408
406 410
407 407
407 409
408 408
408 410
408 446
408 448
409 409
409 447
409 449
410 410
411 411
411 412
412 412
412 414
412 416
413 413
413 415
413 417
414 414
414 416
414 453
414 454
415 415
415 417
415 455
416 416
416 418
417 417
417 419
418 418
418 420
418 422
419 419
419 421
419 423
420 420
420 422
420 458
420 460
421 421
421 423
421 459
421 461
422 422
422 424
423 423
423 425
424 424
424 426
424 428
425 425
425 427
425 429
426 426
426 428
426 464
426 466
427 427
427 429
427 465
427 467
428 428
428 430
429 429
429 431
430 430
430 432
430 434
431 431
431 433
431 435
432 432
432 434
432 470
432 472
433 433
433 435
433 471
433 473
434 434
434 436
435 435
435 437
436 436
436 438
436 440
437 437
437 439
437 441
438 438
438 440
438 476
438 478
439 439
439 441
439 477
439 479
440 440
440 442
441 441
441 443
442 442
442 444
442 446
443 443
443 445
443 447
444 444
444 446
444 482
444 484
445 445
445 447
445 483
445 485
446 446
446 448
447 447
447 449
448 448
448 450
448 452
449 449
449 451
450 450
450 452
450 488
450 490
451 451
451 489
451 491
452 452
453 453
453 454
454 454
454 456
454 458
455 455
455 457
455 459
456 456
456 458
456 495
456 496
457 457
457 459
457 497
458 458
458 460
459 459
459 461
460 460
460 462
460 464
461 461
461 463
461 465
462 462
462 464
462 500
462 502
463 463
463 465
463 501
463 503
464 464
464 466
465 465
465 467
466 466
466 468
466 470
467 467
467 469
467 471
468 468
468 470
468 506
468 508
469 469
469 471
469 507
469 509
470 470
470 472
471 471
471 473
472 472
472 474
472 476
473 473
473 475
473 477
474 474
474 476
474 512
474 514
475 475
475 477
475 513
475 515
476 476
476 478
477 477
477 479
478 478
478 480
478 482
479 479
479 481
479 483
480 480
480 482
480 518
480 520
481 481
481 483
481 519
481 521
482 482
482 484
483 483
483 485
484 484
484 486
484 488
485 485
485 487
485 489
486 486
486 488
486 524
486 526
487 487
487 489
487 525
487 527
488 488
488 490
489 489
489 491
490 490
490 492
490 494
491 491
491 493
492 492
492 494
492 530
492 532
493 493
493 531
493 533
494 494
495 495
495 496
496 496
496 498
496 500
497 497
497 499
497 501
498 498
498 500
498 537
498 538
499 499
499 501
499 539
500 500
500 502
501 501
501 503
502 502
502 504
502 506
503 503
503 505
503 507
504 504
504 506
504 542
504 544
505 505
505 507
505 543
505 545
506 506
506 508
507 507
507 509
508 508
508 510
508 512
509 509
509 511
509 513
510 510
510 512
510 548
510 550
511 511
511 513
511 549
511 551
512 512
512 514
513 513
513 515
514 514
514 516
514 518
515 515
515 517
515 519
516 516
516 518
516 554
516 556
517 517
517 519
517 555
517 557
518 518
518 520
519 519
519 521
520 520
520 522
520 524
521 521
521 523
521 525
522 522
522 524
522 560
522 562
523 523
523 525
523 561
523 563
524 524
524 526
525 525
525 527
526 526
526 528
526 530
527 527
527 529
527 531
528 528
528 530
528 566
528 568
529 529
529 531
529 567
529 569
530 530
530 532
531 531
531 533
532 532
532 534
532 536
533 533
533 535
534 534
534 536
534 572
534 574
535 535
535 573
535 575
536 536
537 537
537 538
538 538
538 540
538 542
539 539
539 541
539 543
540 540
540 542
540 579
540 580
541 541
541 543
541 581
542 542
542 544
543 543
543 545
544 544
544 546
544 548
545 545
545 547
545 549
546 546
546 548
546 584
546 586
547 547
547 549
547 585
547 587
548 548
548 550
549 549
549 551
550 550
550 552
550 554
551 551
551 553
551 555
552 552
552 554
552 590
552 592
553 553
553 555
553 591
553 593
554 554
554 556
555 555
555 557
556 556
556 558
556 560
557 557
557 559
557 561
558 558
558 560
558 596
558 598
559 559
559 561
559 597
559 599
560 560
560 562
561 561
561 563
562 562
562 564
562 566
563 563
563 565
563 567
564 564
564 566
564 602
564 604
565 565
565 567
565 603
565 605
566 566
566 568
567 567
567 569
568 568
568 570
568 572
569 569
569 571
569 573
570 570
570 572
570 608
570 610
571 571
571 573
571 609
571 611
572 572
572 574
573 573
573 575
574 574
574 576
574 578
575 575
575 577
576 576
576 578
576 614
576 616
577 577
577 615
577 617
578 578
579 579
579 580
580 580
580 582
580 584
581 581
581 583
581 585
582 582
582 584
582 621
582 622
583 583
583 585
583 623
584 584
584 586
585 585
585 587
586 586
586 588
586 590
587 587
587 589
587 591
588 588
588 590
588 626
588 628
589 589
589 591
589 627
589 629
590 590
590 592
591 591
591 593
592 592
592 594
592 596
593 593
593 595
593 597
594 594
594 596
594 632
594 634
595 595
595 597
595 633
595 635
596 596
596 598
597 597
597 599
598 598
598 600
598 602
599 599
599 601
599 603
600 600
600 602
600 638
600 640
601 601
601 603
601 639
601 641
602 602
602 604
603 603
603 605
604 604
604 606
604 608
605 605
605 607
605 609
606 606
606 608
606 644
606 646
607 607
607 609
607 645
607 647
608 608
608 610
609 609
609 611
610 610
610 612
610 614
611 611
611 613
611 615
612 612
612 614
612 650
612 652
613 613
613 615
613 651
613 653
614 614
614 616
615 615
615 617
616 616
616 618
616 620
617 617
617 619
618 618
618 620
618 656
618 658
619 619
619 657
619 659
620 620
621 621
621 622
622 622
622 624
622 626
623 623
623 625
623 627
624 624
624 626
624 663
624 664
625 625
625 627
625 665
626 626
626 628
627 627
627 629
628 628
628 630
628 632
629 629
629 631
629 633
630 630
630 632
630 668
630 670
631 631
631 633
631 669
631 671
632 632
632 634
633 633
633 635
634 634
634 636
634 638
635 635
635 637
635 639
636 636
636 638
636 674
636 676
637 637
637 639
637 675
637 677
638 638
638 640
639 639
639 641
640 640
640 642
640 644
641 641
641 643
641 645
642 642
642 644
642 680
642 682
643 643
643 645
643 681
643 683
644 644
644 646
645 645
645 647
646 646
646 648
646 650
647 647
647 649
647 651
648 648
648 650
648 686
648 688
649 649
649 651
649 687
649 689
650 650
650 652
651 651
651 653
652 652
652 654
652 656
653 653
653 655
653 657
654 654
654 656
654 692
654 694
655 655
655 657
655 693
655 695
656 656
656 658
657 657
657 659
658 658
658 660
658 662
659 659
659 661
660 660
660 662
660 698
660 700
661 661
661 699
661 701
662 662
663 663
663 664
664 664
664 666
664 668
665 665
665 667
665 669
666 666
666 668
666 705
666 706
667 667
667 669
667 707
668 668
668 670
669 669
669 671
670 670
670 672
670 674
671 671
671 673
671 675
672 672
672 674
672 710
672 712
673 673
673 675
673 711
673 713
674 674
674 676
675 675
675 677
676 676
676 678
676 680
677 677
677 679
677 681
678 678
678 680
678 716
678 718
679 679
679 681
679 717
679 719
680 680
680 682
681 681
681 683
682 682
682 684
682 686
683 683
683 685
683 687
684 684
684 686
684 722
684 724
685 685
685 687
685 723
685 725
686 686
686 688
687 687
687 689
688 688
688 690
688 692
689 689
689 691
689 693
690 690
690 692
690 728
690 730
691 691
691 693
691 729
691 731
692 692
692 694
693 693
693 695
694 694
694 696
694 698
695 695
695 697
695 699
696 696
696 698
696 734
696 736
697 697
697 699
697 735
697 737
698 698
698 700
699 699
699 701
700 700
700 702
700 704
701 701
701 703
702 702
702 704
702 740
702 742
703 703
703 741
703 743
704 704
705 705
705 706
706 706
706 708
706 710
707 707
707 709
707 711
708 708
708 710
708 747
708 748
709 709
709 711
709 749
710 710
710 712
711 711
711 713
712 712
712 714
712 716
713 713
713 715
713 717
714 714
714 716
714 751
714 753
715 715
715 717
715 752
715 754
716 716
716 718
717 717
717 719
718 718
718 720
718 722
719 719
719 721
719 723
720 720
720 722
720 756
720 758
721 721
721 723
721 757
721 759
722 722
722 724
723 723
723 725
724 724
724 726
724 728
725 725
725 727
725 729
726 726
726 728
726 761
726 763
727 727
727 729
727 762
727 764
728 728
728 730
729 729
729 731
730 730
730 732
730 734
731 731
731 733
731 735
732 732
732 734
732 766
732 768
733 733
733 735
733 767
733 769
734 734
734 736
735 735
735 737
736 736
736 738
736 740
737 737
737 739
737 741
738 738
738 740
738 771
738 773
739 739
739 741
739 772
739 774
740 740
740 742
741 741
741 743
742 742
742 744
742 746
743 743
743 745
744 744
744 746
744 776
744 778
745 745
745 777
745 779
746 746
747 747
747 748
748 748
748 751
749 749
749 750
749 752
750 750
750 752
751 751
751 753
752 752
752 754
753 753
753 756
754 754
754 755
754 757
755 755
755 757
756 756
756 758
757 757
757 759
758 758
758 761
759 759
759 760
759 762
760 760
760 762
761 761
761 763
762 762
762 764
763 763
763 766
764 764
764 765
764 767
765 765
765 767
766 766
766 768
767 767
767 769
768 768
768 771
769 769
769 770
769 772
770 770
770 772
771 771
771 773
772 772
772 774
773 773
773 776
774 774
774 775
774 777
775 775
775 777
776 776
776 778
777 777
777 779
778 778
778 781
779 779
779 780
780 780
781 781
