0 0
0 1
0 2
0 4
0 14
0 15
0 16
0 17
0 18
0 20
0 24
0 27
0 28
0 35
0 36
0 45
0 47
0 49
0 50
0 57
0 62
0 63
0 64
0 71
0 75
0 77
0 80
0 81
0 86
0 87
0 90
0 92
0 99
0 101
0 115
0 117
0 133
0 142
0 143
0 146
0 151
0 155
0 159
0 161
0 166
0 167
0 172
0 176
0 187
0 189
0 208
0 209
0 210
0 211
0 212
0 215
0 216
0 219
0 221
0 227
0 229
0 238
0 252
0 253
0 255
0 258
0 268
0 273
0 280
0 281
0 306
0 307
0 308
0 309
0 310
0 311
0 312
0 313
0 314
0 315
0 320
0 321
0 322
0 323
0 324
0 325
0 327
0 328
0 329
0 330
0 331
0 332
0 333
0 334
0 335
0 338
0 339
0 340
0 341
0 342
0 343
0 344
0 345
0 346
0 347
0 348
0 349
0 350
0 351
0 352
0 353
0 354
0 355
0 356
0 358
0 361
0 364
0 370
0 373
0 374
0 375
0 382
0 385
0 387
0 388
0 398
0 400
0 401
0 405
0 409
0 415
0 418
0 420
0 425
0 426
0 430
0 432
0 433
0 434
0 435
0 437
0 440
0 441
0 442
0 446
0 454
0 455
0 456
0 459
0 464
0 465
0 466
0 472
0 474
0 478
0 481
0 486
0 490
0 502
0 503
0 505
0 508
0 511
0 512
0 513
0 514
0 516
0 518
0 519
0 520
0 521
0 522
0 526
0 527
0 528
0 529
0 530
0 531
0 533
0 534
0 535
0 537
0 538
0 539
0 540
0 542
0 545
0 546
0 547
0 548
0 549
0 550
0 551
0 554
0 555
0 556
0 563
0 564
0 565
0 566
0 567
0 569
0 570
0 572
0 573
0 574
0 576
0 577
0 578
0 579
0 580
0 582
0 584
0 586
0 587
0 588
0 589
0 590
0 592
0 593
0 594
0 595
0 597
0 600
0 601
0 603
0 604
0 605
0 606
0 608
0 609
0 610
0 611
0 613
0 614
0 615
0 618
0 621
0 622
0 625
0 626
0 627
0 628
0 630
0 631
0 634
0 638
0 642
0 646
0 647
0 648
0 649
0 650
0 651
0 652
0 654
0 660
0 661
0 663
0 665
0 668
0 681
0 694
0 697
0 706
0 711
0 712
0 713
0 714
0 715
0 716
0 717
0 724
0 725
0 747
0 752
0 754
0 756
0 757
0 759
0 766
0 767
0 771
0 772
0 775
0 776
0 778
0 783
0 791
0 794
0 795
0 796
0 797
0 798
0 803
0 804
0 805
0 806
0 807
0 810
0 811
0 818
0 819
0 820
1 25
1 821
2 24
2 691
2 717
2 718
2 719
2 752
2 806
2 594
3 661
3 665
3 666
3 668
3 670
3 673
3 674
3 675
3 680
3 681
3 686
3 689
3 709
3 613
4 149
4 150
4 169
4 187
4 188
4 189
4 192
4 193
4 220
4 234
4 266
4 267
4 268
4 269
4 270
4 311
4 618
5 43
5 76
5 111
5 113
5 115
5 116
5 118
5 797
6 93
6 143
6 621
7 94
7 522
8 96
8 549
9 141
9 150
9 153
9 156
9 159
9 161
9 164
9 170
9 172
9 192
9 193
9 230
9 278
9 542
10 306
10 324
10 352
10 353
10 354
10 355
10 356
10 564
11 99
11 216
11 464
11 551
11 555
12 47
12 76
12 111
12 113
12 115
12 116
12 118
12 566
13 161
13 201
13 245
13 246
13 247
13 281
13 430
13 554
14 296
14 298
14 299
14 302
14 315
14 332
14 337
14 340
14 341
14 342
14 343
14 577
14 578
15 18
15 24
15 810
15 580
16 32
16 86
16 324
16 352
16 354
16 355
16 752
16 798
17 24
17 447
17 600
17 798
18 42
18 74
18 105
18 106
18 107
18 108
18 109
18 645
19 388
19 390
19 407
19 439
19 462
19 505
19 645
20 69
20 74
20 105
20 106
20 107
20 108
20 109
20 664
21 158
21 201
21 245
21 246
21 247
21 193
21 641
22 164
22 209
22 248
22 249
22 250
22 251
22 252
22 253
22 152
23 111
23 684
24 24
24 156
24 384
24 460
24 509
24 63
24 90
24 117
24 133
24 143
24 151
24 155
24 176
24 210
24 216
24 219
24 255
24 273
24 280
24 281
24 311
24 312
24 329
24 331
24 344
24 346
24 347
24 348
24 349
24 351
24 353
24 354
24 355
24 356
24 364
24 398
24 409
24 418
24 430
24 440
24 459
24 464
24 474
24 486
24 490
24 508
24 511
24 513
24 514
24 516
24 519
24 522
24 526
24 528
24 529
24 530
24 531
24 534
24 535
24 537
24 538
24 540
24 542
24 545
24 546
24 547
24 548
24 549
24 551
24 554
24 555
24 564
24 565
24 566
24 569
24 570
24 574
24 576
24 577
24 578
24 579
24 580
24 588
24 589
24 590
24 592
24 593
24 594
24 595
24 597
24 600
24 603
24 604
24 606
24 608
24 609
24 610
24 611
24 613
24 614
24 618
24 621
24 622
24 626
24 628
24 638
24 642
24 663
24 752
24 766
24 767
24 776
24 778
24 791
24 794
24 795
24 796
24 797
24 798
24 819
24 820
25 397
25 419
25 449
25 497
25 498
25 499
25 500
25 505
25 506
25 507
25 515
25 520
26 114
26 306
26 344
26 346
26 347
26 474
26 513
26 522
26 621
26 663
26 794
26 797
27 428
27 470
27 471
27 472
27 473
27 474
27 504
27 117
27 133
27 307
27 511
27 529
27 530
27 531
27 535
27 537
27 622
27 819
27 820
28 374
28 375
28 377
28 380
28 381
28 405
28 408
28 418
28 468
28 505
28 521
28 308
28 348
28 542
29 671
29 675
29 689
29 692
29 698
29 703
29 711
29 725
29 726
29 727
29 728
29 729
29 730
29 741
29 309
29 349
29 546
29 547
29 549
30 118
30 67
30 90
30 151
30 176
30 216
30 219
30 353
30 464
30 551
30 555
30 564
30 565
30 566
30 577
30 578
30 580
30 642
31 44
31 78
31 112
31 114
31 117
31 119
31 354
31 355
31 356
31 486
31 574
31 592
31 594
31 597
31 600
31 604
31 609
31 613
31 618
31 638
31 752
31 798
32 120
32 81
32 142
32 187
32 433
32 442
32 556
32 573
32 630
32 634
32 706
33 69
33 70
33 650
33 803
34 122
34 35
34 339
35 42
35 44
35 45
35 46
35 47
35 49
35 53
35 69
35 70
35 90
35 314
35 601
36 42
36 44
36 46
36 56
36 69
36 70
36 73
36 74
36 92
36 100
36 101
36 102
36 103
36 104
36 105
36 106
36 107
36 108
36 109
36 49
37 125
37 325
37 420
38 92
38 446
39 127
39 49
39 400
40 128
40 399
40 400
41 129
41 49
41 395
41 650
42 704
42 732
42 733
42 749
42 49
42 115
42 258
42 343
42 352
42 420
42 440
42 582
42 601
42 650
42 818
43 406
43 444
43 452
43 469
43 494
43 495
43 496
43 501
43 502
43 503
43 505
43 519
43 520
43 49
43 115
43 362
43 395
43 440
43 582
43 650
44 132
44 79
44 258
44 343
44 352
44 420
44 601
45 58
45 63
45 64
45 65
45 66
45 67
45 68
45 69
45 94
45 79
45 258
45 420
45 601
45 651
46 134
46 49
46 115
46 258
46 343
46 352
46 365
46 366
46 391
46 393
46 420
46 442
46 544
46 582
46 601
46 650
46 651
46 818
47 374
47 375
47 379
47 383
47 428
47 434
47 436
47 463
47 464
47 470
47 471
47 472
47 473
47 474
47 505
47 520
47 521
47 49
47 525
47 601
47 630
47 650
48 311
48 331
48 357
48 358
48 359
48 360
48 361
48 368
48 420
48 651
48 660
49 49
49 69
49 70
49 90
49 91
49 80
49 391
49 435
49 601
49 634
49 650
50 188
50 189
50 197
50 241
50 242
50 243
50 244
50 81
50 401
50 420
50 524
50 811
51 173
51 220
51 266
51 267
51 268
51 269
51 270
51 161
51 391
51 393
51 650
52 230
52 420
52 442
52 654
53 231
53 373
54 309
54 321
54 348
54 349
54 350
54 351
54 374
54 601
55 233
55 310
55 361
55 582
56 234
56 115
56 343
56 352
56 531
56 818
57 374
57 375
57 379
57 384
57 388
57 434
57 436
57 463
57 504
57 505
57 520
57 521
57 161
57 229
57 373
57 400
57 654
58 236
58 161
58 177
58 223
58 229
58 373
58 374
58 380
58 381
58 397
58 399
58 400
58 433
58 435
58 654
58 807
58 811
59 364
59 372
59 374
59 375
59 376
59 378
59 384
59 387
59 388
59 391
59 395
59 408
59 505
59 520
59 161
59 223
59 693
60 145
60 150
60 154
60 157
60 160
60 162
60 166
60 177
60 182
60 192
60 193
60 230
60 231
60 276
60 278
60 780
60 379
60 654
61 547
61 548
61 380
62 197
62 228
62 241
62 242
62 243
62 244
62 177
62 374
62 381
63 206
63 275
63 594
63 167
63 382
63 652
63 807
64 241
64 244
64 167
64 229
64 268
64 435
64 807
64 811
65 145
65 150
65 153
65 158
65 160
65 162
65 166
65 177
65 182
65 192
65 193
65 230
65 231
65 277
65 278
65 268
65 385
65 386
65 398
65 515
65 807
66 247
66 161
66 229
66 371
66 373
66 374
66 400
66 435
66 654
66 807
66 811
67 652
67 807
68 466
68 467
68 167
68 807
69 250
69 115
69 161
69 167
69 229
69 343
69 352
69 358
69 373
69 394
69 420
69 435
69 582
69 601
69 650
69 652
69 654
69 807
69 811
69 818
70 251
70 80
70 115
70 161
70 177
70 223
70 343
70 352
70 371
70 373
70 374
70 380
70 381
70 385
70 399
70 400
70 401
70 420
70 434
70 582
70 601
70 650
70 654
70 660
70 818
71 537
71 539
71 540
71 555
71 567
71 575
71 576
71 577
71 579
71 581
71 616
71 394
72 253
72 693
73 305
73 331
73 357
73 358
73 359
73 360
73 361
73 268
73 345
73 352
73 382
73 402
73 582
73 706
73 818
74 255
74 115
74 310
74 343
74 360
75 374
75 375
75 379
75 383
75 430
75 434
75 436
75 463
75 464
75 475
75 476
75 477
75 478
75 479
75 505
75 520
75 521
75 258
76 90
76 376
76 386
76 430
76 544
77 428
77 435
77 470
77 471
77 472
77 473
77 474
77 651
78 259
78 80
78 350
78 376
78 385
78 388
78 401
78 434
78 556
78 660
79 388
79 390
80 96
80 112
80 114
80 117
80 119
80 297
80 362
80 368
80 389
80 524
81 308
81 389
81 390
82 162
82 212
82 219
82 260
82 261
82 262
82 263
82 264
82 265
82 390
82 573
83 172
83 212
83 219
83 260
83 261
83 262
83 263
83 264
83 265
83 177
83 297
83 365
83 378
83 380
83 584
83 615
84 218
84 219
84 220
84 262
84 265
84 266
84 267
84 268
84 270
84 393
85 232
85 161
85 187
85 223
85 366
85 373
85 379
85 381
85 392
85 397
85 399
85 515
85 525
85 654
86 156
86 192
86 197
86 236
86 241
86 242
86 243
86 244
87 180
87 195
87 237
87 238
87 239
87 240
87 392
88 269
88 391
88 606
89 407
89 442
89 484
89 485
89 487
89 488
89 161
89 373
89 654
90 442
90 486
90 258
90 420
90 601
90 650
91 272
91 482
91 601
91 650
92 296
92 298
92 299
92 302
92 304
92 317
92 332
92 337
92 344
92 345
92 346
92 347
92 115
92 343
92 352
92 582
92 818
93 274
93 177
93 223
93 374
93 380
93 381
93 399
93 400
94 275
94 167
94 652
94 807
95 276
95 807
96 172
96 176
96 178
96 179
96 190
96 192
96 216
96 220
96 232
96 266
96 267
96 268
96 269
96 270
96 385
96 401
96 434
96 660
97 278
97 440
98 364
98 371
98 374
98 375
98 376
98 378
98 383
98 388
98 392
98 402
98 408
98 411
98 415
98 418
98 426
98 467
98 505
98 512
98 513
98 520
98 468
99 140
99 812
99 418
99 440
99 472
100 159
100 161
100 225
100 279
100 280
100 281
100 282
100 283
100 268
100 352
100 358
100 361
100 382
100 582
100 818
101 149
101 150
101 176
101 187
101 188
101 190
101 192
101 193
101 220
101 234
101 266
101 267
101 268
101 269
101 270
101 352
101 358
101 361
101 382
101 422
101 582
101 818
102 283
102 268
102 352
102 358
102 361
102 382
102 582
102 818
103 295
103 268
103 352
103 358
103 361
103 382
103 402
103 582
103 818
104 333
104 129
104 268
104 352
104 358
104 361
104 382
104 402
104 582
104 818
105 334
105 115
105 310
105 343
105 360
105 370
106 179
106 220
106 266
106 267
106 268
106 269
106 270
106 115
106 310
106 343
106 370
107 336
107 115
107 310
107 343
108 337
108 115
108 310
108 343
108 360
109 338
109 115
109 310
109 343
109 360
110 339
110 258
110 420
111 340
111 386
111 544
112 341
112 385
112 401
112 434
112 660
113 182
113 225
113 279
113 280
113 281
113 282
113 283
113 386
113 544
114 343
114 385
114 401
114 434
114 660
115 376
115 386
115 430
115 544
116 345
116 386
116 544
117 284
117 318
117 363
117 385
117 401
117 434
117 660
118 347
118 386
118 544
119 348
119 385
119 401
119 434
119 660
120 321
120 322
120 386
120 430
121 306
121 321
121 348
121 349
121 350
121 351
121 385
121 388
122 679
122 704
122 731
122 732
122 733
122 734
122 735
122 297
122 362
122 368
122 389
122 524
123 352
123 297
123 362
123 368
123 524
124 387
124 415
124 417
124 422
124 467
124 505
124 362
124 368
124 524
125 354
125 297
125 362
125 368
125 524
126 355
126 297
126 362
126 368
126 389
126 524
127 305
127 324
127 352
127 353
127 354
127 355
127 356
127 297
127 362
127 368
127 389
127 524
128 357
128 297
128 362
128 368
128 389
128 524
129 177
129 365
129 378
129 380
129 584
130 359
130 177
130 365
130 378
130 380
130 584
131 673
131 674
131 692
131 698
131 177
131 365
131 378
131 380
131 584
131 615
132 356
132 177
132 365
132 378
132 380
132 584
132 615
133 318
133 363
133 593
133 161
133 223
133 366
133 373
133 379
133 381
133 392
133 397
133 399
133 515
133 525
133 654
134 364
134 161
134 223
134 366
134 373
134 379
134 381
134 392
134 397
134 399
134 515
134 525
134 654
135 364
135 370
135 374
135 375
135 376
135 378
135 383
135 388
135 392
135 396
135 408
135 410
135 505
135 512
135 513
135 520
135 161
135 223
135 366
135 373
135 379
135 381
135 397
135 399
135 515
135 525
135 654
136 460
136 161
136 223
136 366
136 373
136 379
136 381
136 392
136 397
136 399
136 515
136 525
136 654
137 461
137 402
138 462
138 360
139 463
139 430
139 440
139 531
140 305
140 312
140 329
140 317
140 664
140 799
141 465
141 193
141 646
141 741
142 147
143 509
143 690
143 691
143 715
143 716
143 718
143 719
143 179
143 684
144 468
144 193
144 591
144 664
144 684
145 159
145 160
145 161
145 162
145 322
145 735
146 374
146 375
146 379
146 383
146 388
146 434
146 436
146 463
146 504
146 505
146 520
146 521
146 334
146 497
146 591
147 148
147 150
147 153
147 156
147 159
147 161
147 164
147 170
147 173
147 192
147 193
147 230
147 278
147 341
147 404
148 473
148 175
148 179
148 317
148 404
148 664
148 684
148 799
149 474
149 175
149 405
149 408
149 455
149 512
149 605
149 665
149 810
150 677
150 704
150 731
150 732
150 733
150 734
150 735
150 179
150 193
150 317
150 404
150 408
150 455
150 497
150 512
150 591
150 605
150 664
150 665
150 684
150 741
150 799
150 810
151 305
151 363
151 445
151 489
151 490
151 491
151 492
151 493
151 509
151 408
151 643
152 225
152 279
152 280
152 281
152 282
152 283
152 158
152 159
152 179
152 317
152 455
152 456
152 659
152 664
152 684
152 751
152 799
153 676
153 703
153 725
153 726
153 727
153 728
153 729
153 730
153 741
153 158
153 193
153 404
153 591
153 655
153 665
153 735
153 810
154 392
154 445
154 489
154 490
154 491
154 492
154 493
154 497
154 655
154 741
155 509
155 671
155 675
155 676
155 677
155 678
155 679
155 689
155 741
155 758
155 779
155 179
155 317
155 364
155 404
155 656
155 664
155 684
155 799
156 483
156 193
156 337
156 591
156 664
156 684
157 388
157 390
157 442
157 484
157 485
157 486
157 487
157 488
157 497
157 659
157 665
157 741
157 810
158 455
158 735
159 192
159 197
159 236
159 241
159 242
159 243
159 244
159 193
159 412
159 620
159 656
159 664
159 666
159 679
159 741
159 762
159 799
159 808
160 556
160 608
160 652
160 653
160 654
160 655
160 656
160 179
160 317
160 318
160 404
160 411
160 497
160 591
160 667
160 672
160 679
160 683
160 684
160 735
160 808
161 193
161 412
161 620
161 656
161 664
161 679
161 741
161 762
161 799
161 808
161 812
162 421
162 449
162 497
162 498
162 499
162 500
162 507
162 515
162 179
162 300
162 317
162 404
162 552
162 591
162 620
162 667
162 671
162 672
162 679
162 684
162 735
163 490
163 300
163 317
163 509
163 664
163 799
163 808
164 491
164 179
164 193
164 679
164 684
164 741
164 768
165 492
165 300
165 404
165 675
166 670
166 691
166 712
166 717
166 718
166 719
166 752
166 300
166 620
166 676
166 735
167 319
167 497
167 591
167 677
168 495
168 193
168 591
168 664
168 678
168 684
169 484
169 179
169 300
169 664
169 684
169 799
170 497
170 193
170 460
170 605
170 620
170 679
170 741
171 386
171 449
171 497
171 498
171 499
171 500
171 507
171 515
171 237
171 458
171 799
172 367
172 812
172 741
173 500
173 687
174 501
174 302
174 404
174 532
174 812
175 179
175 639
176 449
176 497
176 498
176 499
176 500
176 507
176 509
176 515
176 808
176 687
176 812
177 193
177 317
177 512
177 591
177 664
177 684
177 686
177 735
177 812
178 507
178 644
178 687
179 192
179 193
179 230
179 231
179 278
179 687
179 690
180 509
180 455
181 510
181 627
182 511
182 669
182 735
183 512
183 497
183 637
183 682
183 700
184 513
184 591
185 514
185 305
185 810
186 515
186 456
186 810
187 326
187 456
187 512
187 605
188 518
188 512
188 605
188 694
189 376
189 461
189 521
189 367
189 512
189 809
190 662
190 665
190 666
190 667
190 669
190 671
190 675
190 678
190 679
190 687
190 689
190 709
190 575
190 605
190 696
191 523
191 809
192 524
192 193
192 300
192 317
192 337
192 404
192 455
192 497
192 512
192 591
192 599
192 605
192 644
192 664
192 665
192 667
192 671
192 672
192 684
192 687
192 735
192 741
192 751
192 799
192 810
192 812
193 193
193 230
193 231
193 278
193 317
193 404
193 455
193 497
193 512
193 591
193 605
193 643
193 664
193 665
193 684
193 735
193 741
193 799
193 810
194 526
194 456
194 795
194 796
195 533
195 627
195 665
195 694
195 697
195 800
196 538
196 514
196 800
197 681
197 700
197 720
197 721
197 722
197 723
197 724
197 741
197 410
197 663
198 585
198 410
199 595
199 659
200 611
200 528
200 529
200 530
200 646
201 612
201 305
201 318
201 337
201 666
201 751
201 819
201 820
202 613
202 667
202 672
203 614
203 672
204 615
204 808
205 616
205 538
205 540
205 542
205 671
206 396
206 444
206 469
206 494
206 495
206 496
206 505
206 520
206 547
206 646
206 656
207 556
207 606
207 647
207 648
207 649
207 650
207 651
207 671
208 584
208 588
208 618
208 619
208 620
208 621
208 679
209 665
209 691
209 717
209 718
209 719
209 752
209 412
209 551
209 675
209 676
209 677
209 678
209 683
209 696
210 439
210 596
210 300
210 620
211 576
211 577
211 590
211 622
211 623
211 624
211 625
211 570
211 718
212 540
212 590
212 622
212 623
212 624
212 625
212 237
212 690
212 768
213 531
213 532
213 533
213 536
213 539
213 540
213 542
213 543
213 544
213 545
213 546
213 554
213 556
213 561
213 581
213 612
213 613
213 614
213 319
213 367
213 411
213 460
213 509
213 565
213 575
213 646
213 698
213 699
213 718
214 528
214 536
214 539
214 540
214 541
214 543
214 544
214 545
214 546
214 547
214 555
214 559
214 581
214 612
214 613
214 614
214 698
215 331
215 358
215 359
215 360
215 791
215 699
216 597
216 628
216 687
217 630
217 812
218 557
218 599
218 631
218 632
218 633
218 634
218 635
218 588
218 589
218 600
219 445
219 490
219 491
219 492
219 493
219 509
219 799
219 237
219 690
219 768
220 546
220 599
220 631
220 632
220 633
220 634
220 635
220 636
220 302
220 512
220 545
220 552
220 594
220 605
220 616
220 639
220 682
220 686
220 687
220 812
221 537
221 539
221 540
221 557
221 568
221 575
221 576
221 578
221 580
221 581
221 616
221 255
222 578
222 597
222 626
222 627
222 628
222 629
222 630
222 608
222 610
223 590
223 592
223 593
223 646
224 555
224 608
224 652
224 653
224 654
224 655
224 656
224 329
224 372
224 532
224 637
224 700
224 762
225 577
225 601
225 637
225 638
225 639
225 640
225 641
225 317
225 458
225 545
225 594
225 616
226 555
226 601
226 637
226 638
226 639
226 640
226 641
226 356
226 372
227 543
227 590
227 622
227 623
227 624
227 625
227 372
227 669
228 546
228 601
228 637
228 638
228 639
228 640
228 641
228 697
229 317
229 735
230 643
230 404
230 497
230 591
230 664
230 684
230 741
230 799
231 558
231 608
231 652
231 653
231 654
231 655
231 656
231 404
231 497
231 591
231 664
231 684
231 799
232 571
232 604
232 642
232 643
232 644
232 645
232 646
232 687
233 554
233 599
233 631
233 632
233 633
233 634
233 635
233 455
233 665
233 810
234 647
234 512
234 605
235 545
235 546
235 594
235 595
235 270
235 671
235 672
236 617
236 337
236 751
237 260
237 261
237 262
237 263
237 264
237 265
237 627
237 665
237 694
237 697
237 800
238 665
238 690
238 714
238 715
238 716
238 751
238 627
238 694
238 697
239 652
239 627
239 665
239 694
239 697
240 530
240 536
240 539
240 540
240 541
240 543
240 544
240 545
240 546
240 553
240 557
240 564
240 581
240 612
240 613
240 614
240 585
240 627
240 665
240 694
240 697
241 654
241 410
241 663
242 566
242 608
242 652
242 653
242 654
242 655
242 656
243 577
243 599
243 631
243 632
243 633
243 634
243 635
244 692
245 697
245 305
245 318
245 337
245 666
245 751
246 709
246 305
246 318
246 337
246 666
246 751
247 710
247 305
247 318
247 337
247 666
247 751
248 711
248 412
248 675
248 676
248 677
248 678
248 683
248 696
249 712
249 412
249 675
249 676
249 677
249 678
249 683
249 696
250 713
250 412
250 675
250 676
250 677
250 678
250 683
250 696
251 677
251 706
251 736
251 737
251 738
251 739
251 740
251 412
251 551
251 675
251 676
251 678
251 683
251 696
252 669
252 690
252 712
252 714
252 715
252 716
252 412
252 675
252 676
252 677
252 678
252 683
252 696
253 296
253 298
253 299
253 301
253 317
253 332
253 337
253 344
253 345
253 346
253 347
253 412
253 675
253 676
253 677
253 678
253 683
253 696
254 803
254 804
254 805
254 806
254 808
254 809
254 262
254 319
254 367
254 411
254 460
254 509
254 565
254 575
254 699
254 718
255 451
255 509
255 319
255 367
255 411
255 460
255 565
255 575
255 699
255 718
256 721
256 319
256 367
256 411
256 460
256 509
256 565
256 575
256 691
256 698
256 699
256 718
257 675
257 700
257 720
257 721
257 722
257 723
257 724
257 741
257 319
257 367
257 411
257 460
257 509
257 565
257 575
257 698
257 699
257 718
258 319
258 367
258 411
258 460
258 509
258 565
258 575
259 724
259 319
259 367
259 411
259 460
259 509
259 565
259 575
259 698
259 699
259 718
260 394
260 417
260 452
260 501
260 502
260 503
260 505
260 506
260 519
260 520
260 688
260 690
260 768
261 726
261 690
261 768
262 690
262 768
263 679
263 703
263 725
263 726
263 727
263 728
263 729
263 730
263 741
263 690
263 768
264 659
264 665
264 666
264 667
264 669
264 672
264 675
264 678
264 679
264 684
264 689
264 709
264 690
264 768
265 725
265 640
265 690
265 768
266 731
266 302
266 512
266 545
266 552
266 594
266 599
266 605
266 616
266 639
266 674
266 682
266 686
266 687
266 812
267 732
267 302
267 512
267 545
267 552
267 594
267 599
267 605
267 616
267 639
267 682
267 686
267 687
267 812
268 302
268 512
268 552
268 605
268 616
268 639
268 682
268 686
268 687
268 812
269 310
269 331
269 357
269 358
269 359
269 360
269 361
269 302
269 552
269 605
269 639
269 682
269 686
269 687
269 812
270 302
270 512
270 545
270 552
270 594
270 599
270 605
270 616
270 639
270 682
270 686
270 687
270 812
271 706
271 736
271 737
271 738
271 740
271 748
271 532
271 762
272 738
272 532
272 700
272 762
273 429
273 587
273 532
273 700
273 762
274 671
274 706
274 736
274 737
274 738
274 739
274 740
274 532
274 700
274 762
275 740
276 741
276 497
276 655
277 742
278 751
278 317
278 404
278 497
278 591
278 664
278 684
278 735
278 741
278 799
279 671
279 700
279 720
279 721
279 722
279 723
279 724
279 741
279 317
279 458
279 491
279 545
279 594
279 616
279 641
280 668
280 670
280 673
280 757
280 797
280 317
280 458
280 545
280 594
280 616
280 641
281 509
281 799
281 317
281 458
281 545
281 594
281 616
281 641
282 687
282 704
282 731
282 732
282 733
282 734
282 735
282 317
282 458
282 641
283 683
283 702
283 759
283 760
283 761
283 762
283 763
283 317
283 458
283 545
283 594
283 616
283 641
284 687
284 702
284 759
284 760
284 761
284 762
284 763
284 531
285 677
285 702
285 759
285 760
285 761
285 762
285 763
285 593
286 671
286 702
286 759
286 760
286 761
286 762
286 763
286 610
287 764
287 796
288 780
288 534
288 535
289 781
289 540
290 782
290 569
291 783
291 595
292 784
292 327
292 701
293 785
293 625
293 629
294 786
294 631
294 702
295 787
295 472
296 545
296 546
296 608
296 652
296 653
296 654
296 655
296 656
296 416
296 417
296 425
296 426
296 481
296 629
296 701
296 702
296 703
297 703
298 813
298 416
298 425
298 426
298 481
298 629
298 701
298 702
298 703
299 814
299 417
299 425
299 426
299 481
299 629
299 701
299 702
300 421
300 472
300 527
300 629
300 701
300 702
300 804
301 817
301 425
301 472
301 701
302 418
302 426
302 481
302 629
302 702
303 819
303 425
303 472
303 701
304 663
304 665
304 666
304 667
304 670
304 673
304 674
304 675
304 680
304 681
304 688
304 689
304 709
304 426
304 481
304 629
304 702
305 629
305 662
305 701
305 702
305 704
305 709
306 701
307 629
307 630
307 702
308 701
309 629
309 634
309 662
309 702
310 701
310 705
311 452
311 629
311 662
312 424
312 702
313 816
313 433
313 705
314 811
314 705
314 707
315 372
315 811
315 426
315 428
315 527
316 379
316 434
316 428
316 706
317 425
317 429
317 481
317 804
318 421
319 429
320 531
320 813
320 556
320 709
321 662
321 813
321 704
322 814
322 579
323 370
323 814
323 573
324 534
324 814
324 424
324 427
325 816
325 442
326 409
326 452
326 501
326 502
326 503
326 519
327 816
327 662
328 365
328 816
328 708
329 606
329 647
329 648
330 657
330 816
330 709
331 444
331 598
331 708
331 709
332 373
332 817
332 418
332 425
332 426
332 427
332 472
332 481
332 629
332 701
332 702
332 705
333 532
333 817
333 472
333 629
333 701
333 702
334 818
334 629
334 701
334 702
335 371
335 818
335 629
335 653
335 701
335 702
336 546
336 550
336 553
336 598
336 418
336 472
336 629
336 701
336 702
337 425
337 426
337 481
337 527
337 804
338 664
338 819
338 705
339 820
340 661
340 820
340 426
340 428
340 527
341 821
341 426
341 428
341 527
342 369
342 821
342 426
342 527
343 426
343 527
344 424
344 425
344 429
344 481
344 804
345 425
345 429
345 481
345 804
346 431
346 425
346 481
346 804
347 433
347 425
347 481
347 804
348 439
348 704
349 440
349 704
350 704
351 779
351 704
352 424
353 446
353 424
354 450
354 424
355 453
355 424
356 424
357 505
357 521
357 708
358 708
359 395
359 444
359 469
359 494
359 495
359 496
359 505
359 520
359 708
360 708
361 384
362 707
363 415
363 445
363 489
363 490
363 491
363 492
363 493
363 418
364 383
364 460
364 509
364 444
364 476
364 488
364 596
364 623
364 632
364 722
364 738
365 476
366 648
367 596
367 722
368 432
368 476
369 404
369 444
369 469
369 494
369 495
369 496
369 505
369 520
369 623
371 488
372 632
373 444
373 738
374 375
374 444
374 465
374 466
374 476
374 488
374 521
374 550
374 563
374 596
374 623
374 632
374 710
374 722
374 738
375 375
375 383
375 388
375 430
375 463
375 475
375 476
375 477
375 478
375 479
375 505
375 520
375 521
375 436
375 444
375 465
375 466
375 488
375 550
375 563
375 567
375 596
375 623
375 632
375 710
375 722
375 738
375 754
376 444
376 476
376 488
376 596
376 623
376 632
376 722
376 738
377 671
377 675
377 689
377 692
377 699
377 703
377 711
377 725
377 726
377 727
377 728
377 729
377 730
377 741
377 436
377 521
377 563
378 415
378 444
378 476
378 488
378 496
378 521
378 596
378 621
378 623
378 632
378 712
378 715
378 716
378 717
378 722
378 731
378 738
379 466
379 550
379 713
379 778
380 478
380 563
380 714
381 563
381 572
381 621
382 521
382 711
382 715
382 716
383 402
383 444
383 469
383 494
383 495
383 496
383 466
383 488
383 550
383 596
383 623
383 722
383 738
384 387
384 465
384 476
384 496
384 632
384 731
385 479
385 596
385 722
386 453
386 623
387 432
387 480
387 481
387 482
387 483
387 505
388 438
388 444
388 448
388 463
388 476
388 488
388 596
388 623
388 632
388 635
388 719
388 722
388 738
389 473
389 583
390 596
390 722
391 448
391 632
391 635
391 719
392 413
392 444
392 463
392 476
392 488
392 583
392 738
393 438
393 623
393 673
394 476
394 624
394 817
395 450
395 596
395 632
395 719
395 722
396 565
396 606
396 647
396 648
396 649
396 650
396 651
397 657
397 685
398 703
398 725
398 726
398 727
398 728
398 729
398 730
398 492
399 493
400 494
401 477
401 480
401 632
402 488
403 464
403 444
403 451
403 738
404 438
404 623
405 543
406 422
406 516
406 517
406 518
406 563
406 695
407 588
407 589
407 618
407 438
407 635
408 444
408 475
408 476
408 488
408 563
408 571
408 574
408 596
408 623
408 632
408 722
408 738
409 700
409 721
409 722
409 723
409 724
409 777
409 476
409 782
411 488
412 476
412 477
413 444
413 469
413 494
413 495
413 496
413 505
413 520
413 483
413 738
414 730
414 476
414 477
414 632
414 689
414 763
414 782
415 432
415 480
415 481
415 482
415 483
415 505
415 722
416 470
416 738
417 477
417 563
417 571
417 632
417 722
417 763
417 782
418 669
418 444
418 495
418 738
419 423
419 456
419 522
419 523
419 524
419 525
419 526
419 477
419 657
419 782
420 487
420 494
421 493
421 722
422 492
422 632
422 636
423 544
423 608
423 652
423 653
423 654
423 655
423 656
423 738
424 513
424 715
425 716
425 794
427 489
428 567
428 711
428 712
428 713
428 714
428 721
428 797
429 721
429 795
430 509
430 465
430 628
430 717
431 667
431 668
431 514
431 516
432 437
432 440
432 445
432 454
432 815
432 474
432 478
432 522
432 572
432 754
432 767
433 519
434 466
434 550
436 466
437 690
437 714
437 715
437 716
437 745
437 459
437 731
438 443
438 496
439 504
439 505
439 538
439 635
440 797
440 448
440 462
440 463
441 475
441 479
441 462
441 546
441 549
442 450
442 464
442 642
442 695
442 817
443 527
443 536
443 540
443 541
443 543
443 544
443 545
443 546
443 547
443 555
443 558
443 581
443 612
443 613
443 614
443 566
443 719
444 505
444 512
444 513
444 514
444 520
444 543
444 673
444 689
444 763
445 545
445 546
445 597
445 626
445 627
445 628
445 629
445 630
445 451
445 457
445 470
445 484
445 624
445 719
446 797
446 816
446 577
446 580
447 671
447 703
447 725
447 726
447 727
447 728
447 729
447 730
447 741
447 457
447 570
448 505
448 477
448 632
449 528
449 532
449 533
449 536
449 539
449 540
449 541
449 543
449 544
449 545
449 546
449 554
449 556
449 565
449 581
449 612
449 613
449 614
449 492
449 798
450 484
450 485
450 486
450 487
450 488
450 588
450 612
451 489
451 490
451 491
451 492
451 493
451 604
452 542
452 593
452 780
452 467
452 480
452 483
452 484
452 487
452 495
452 498
452 609
452 618
452 638
452 685
453 516
453 517
453 518
453 603
453 608
454 667
454 690
454 712
454 714
454 715
454 716
454 751
454 498
454 590
454 597
455 467
456 475
456 479
456 489
456 499
456 500
456 614
456 636
457 489
457 490
457 491
457 492
457 500
458 499
459 593
459 712
459 715
459 716
459 717
461 577
461 597
461 626
461 627
461 628
461 629
461 630
462 635
463 505
463 465
463 466
463 550
464 484
464 485
464 465
465 475
465 476
465 477
465 478
465 479
465 505
465 520
465 521
466 504
466 505
466 520
466 521
466 477
466 632
466 738
466 782
467 502
467 503
467 722
468 563
469 728
469 624
469 673
469 689
469 763
470 489
470 490
470 491
470 492
470 493
470 567
470 712
470 713
470 714
470 721
470 797
471 544
471 606
471 647
471 648
471 649
471 650
471 651
471 567
471 711
471 712
471 713
471 714
472 797
472 567
472 711
472 712
472 713
472 714
473 516
473 517
473 518
473 567
473 711
473 712
473 713
473 714
474 480
474 509
474 806
474 567
474 711
474 712
474 713
474 714
474 797
475 522
475 523
475 524
475 525
475 526
475 628
475 717
476 505
476 512
476 513
476 520
476 628
476 717
477 505
477 628
477 717
478 480
478 481
478 482
478 483
478 505
478 628
478 717
479 522
479 523
479 524
479 525
479 526
479 628
479 717
480 501
480 502
480 503
480 519
480 522
480 572
480 754
480 767
481 572
481 754
481 767
482 572
482 754
482 767
483 501
483 502
483 503
483 519
483 522
483 572
483 754
483 767
484 489
484 490
484 491
484 492
484 501
484 502
484 503
484 519
484 642
484 695
484 817
485 676
485 689
485 642
485 695
485 817
486 610
486 809
486 642
486 695
486 817
487 501
487 502
487 503
487 519
487 642
487 695
487 817
488 505
488 512
488 513
488 520
488 642
488 695
488 817
489 522
489 523
489 524
489 525
489 526
489 624
489 719
490 706
490 799
490 800
490 624
491 624
491 719
492 497
492 498
492 499
492 500
492 505
492 506
492 507
492 515
492 520
492 624
492 719
493 505
493 506
493 520
493 624
494 505
494 506
494 520
494 543
494 673
494 689
494 692
494 763
495 501
495 502
495 503
495 519
495 543
495 673
495 689
495 763
496 510
496 780
496 543
496 673
496 689
496 763
497 780
498 501
498 503
498 519
499 524
499 525
500 522
500 523
500 524
500 525
500 612
500 798
501 537
501 539
501 603
501 685
502 539
502 685
503 540
503 609
503 685
504 536
504 539
504 550
504 621
504 715
504 716
504 778
505 618
505 619
505 521
505 550
505 563
505 567
505 572
505 596
505 623
505 624
505 632
505 635
505 657
505 673
505 689
505 712
505 714
505 715
505 716
505 717
505 720
505 722
505 738
505 754
505 763
505 782
506 601
506 602
506 637
506 638
506 641
506 657
507 666
507 713
508 690
508 714
508 715
508 716
508 751
508 804
508 619
509 546
509 554
509 570
509 574
509 604
509 609
509 628
509 638
509 767
509 776
510 690
510 691
510 715
510 716
510 718
510 719
510 744
511 593
511 798
511 522
511 621
511 721
511 797
512 596
512 623
512 722
512 738
513 773
513 596
513 722
513 738
514 738
516 589
517 664
517 665
517 666
517 668
517 670
517 673
517 674
517 675
517 678
517 679
517 682
517 689
517 709
518 576
518 577
518 588
518 618
518 619
518 620
518 621
519 591
519 603
519 609
519 638
519 685
520 717
520 752
520 550
520 596
520 623
520 624
520 632
520 657
520 673
520 689
520 720
520 722
520 738
520 763
521 521
521 550
521 563
522 614
522 636
523 590
523 591
523 622
523 636
524 614
524 636
525 614
525 636
526 690
526 714
526 715
526 716
526 751
526 805
526 636
527 647
528 593
529 693
529 734
529 805
530 765
530 728
530 747
531 761
532 728
533 542
533 588
533 618
533 619
533 620
533 621
533 728
534 592
534 814
535 668
535 712
535 749
536 665
536 689
536 723
536 728
536 734
536 749
536 761
536 814
537 694
537 797
537 759
539 797
539 799
539 800
539 801
539 816
539 728
539 734
539 749
539 759
539 761
540 724
540 728
540 734
540 749
540 759
540 761
540 814
541 547
541 581
541 726
541 728
541 749
541 814
542 726
542 734
542 761
543 727
543 728
543 734
543 749
543 761
543 814
544 728
544 729
544 730
544 734
544 749
544 761
544 781
544 814
545 609
545 728
545 730
545 734
545 749
545 755
545 761
545 814
546 698
546 560
546 728
546 732
546 734
546 749
546 752
546 755
546 761
546 764
546 765
546 814
547 807
547 733
548 746
548 807
548 761
549 734
549 737
549 764
550 749
551 728
551 802
552 764
552 814
553 683
553 704
553 731
553 732
553 733
553 734
553 735
554 767
554 736
555 776
555 755
555 761
556 734
556 749
556 764
557 687
557 706
557 736
557 737
557 738
557 739
557 740
557 728
557 764
557 802
557 814
558 641
559 679
559 700
559 720
559 721
559 722
559 723
559 724
559 741
559 598
559 742
560 597
560 626
560 627
560 628
560 629
560 630
560 734
560 744
560 758
561 578
561 599
561 631
561 632
561 633
561 634
561 635
561 743
561 801
562 766
562 767
562 768
562 745
562 761
563 746
563 749
564 597
564 627
564 628
564 728
564 813
565 777
565 740
566 748
566 802
566 814
567 740
567 742
567 746
567 758
567 801
568 700
568 701
568 721
568 759
568 802
569 600
569 742
569 750
569 769
570 752
570 758
571 746
571 752
572 740
573 801
574 768
574 802
575 756
575 759
576 792
576 799
576 759
577 740
577 742
577 758
577 801
578 603
578 759
579 703
579 760
580 759
581 601
581 603
581 637
581 638
581 639
581 641
581 723
581 727
581 728
581 734
581 740
581 742
581 746
581 749
581 758
581 759
581 760
581 761
581 765
581 801
581 802
581 814
582 727
583 725
583 756
583 757
583 767
584 789
584 628
585 727
586 702
586 759
586 760
586 761
586 762
586 763
586 789
586 756
586 778
587 789
587 810
587 756
588 724
588 725
589 605
590 757
592 769
593 647
593 730
594 647
595 610
595 647
597 793
597 733
597 736
598 608
598 652
598 653
598 654
598 655
598 656
598 764
599 647
599 781
601 729
602 665
602 667
602 693
603 609
604 705
604 732
604 737
604 750
606 796
606 613
606 739
606 743
606 744
606 748
606 752
606 755
606 769
607 667
607 669
607 695
607 755
608 617
608 647
608 745
608 813
609 770
610 617
611 742
611 749
611 799
611 800
612 728
612 734
612 749
612 761
612 814
613 647
613 648
613 649
613 728
613 734
613 749
613 761
613 814
614 778
614 728
614 734
614 749
614 761
614 814
615 790
615 740
615 742
615 746
615 758
615 801
615 802
616 759
617 652
617 653
617 654
617 656
618 724
618 725
619 724
619 725
620 724
620 725
621 724
621 725
622 665
622 667
622 669
622 694
622 712
622 757
623 757
624 757
625 812
625 757
626 747
626 799
626 733
626 736
627 733
627 736
628 733
628 736
629 733
629 736
630 733
630 736
631 813
631 781
632 781
633 689
633 704
633 781
634 781
635 781
636 781
637 729
638 772
638 729
639 729
640 729
641 729
642 777
642 732
642 737
642 750
643 732
643 737
643 750
644 732
644 737
644 750
645 732
645 737
645 750
646 815
646 732
646 737
646 750
646 753
647 815
647 739
647 743
647 744
647 748
647 752
647 769
648 797
648 816
648 739
648 743
648 744
648 748
648 752
648 769
649 658
649 797
649 816
649 739
649 743
649 744
649 748
649 752
649 755
649 769
650 739
650 743
650 744
650 748
650 752
650 769
651 739
651 743
651 744
651 748
651 752
651 755
651 769
652 745
652 813
653 745
653 813
654 745
654 813
655 780
655 745
655 813
656 745
656 813
657 680
658 665
658 667
658 670
658 693
659 780
659 806
660 815
661 691
661 717
661 718
661 719
661 752
661 756
663 806
665 668
665 680
665 771
665 772
665 775
665 815
666 668
666 680
666 771
666 772
666 775
666 815
667 668
667 771
667 772
667 775
668 670
668 673
668 675
668 689
668 710
668 755
668 757
668 680
668 815
669 775
670 678
670 703
670 725
670 726
670 727
670 728
670 729
670 730
670 741
670 680
670 770
670 771
670 772
670 815
671 770
671 771
671 772
671 773
671 774
671 776
671 816
672 774
672 775
673 680
673 773
673 815
674 680
674 815
674 816
675 680
675 775
675 776
675 790
675 815
676 680
676 776
676 790
676 815
676 816
677 680
677 815
678 776
679 776
680 683
680 689
680 709
680 779
681 788
681 799
681 800
682 789
683 790
684 784
685 785
685 815
686 786
688 787
688 788
689 771
689 772
689 775
689 776
689 815
691 791
692 816
695 770
696 816
697 816
700 779
702 787
704 784
704 785
704 786
704 789
704 792
706 780
706 788
707 780
708 790
709 815
710 771
710 772
710 775
712 775
717 791
720 779
721 779
722 779
723 779
724 779
730 780
731 780
731 784
731 785
731 786
731 789
731 792
732 784
732 785
732 786
732 789
732 792
733 784
733 785
733 786
733 789
733 792
734 777
734 784
734 785
734 786
734 789
735 784
735 785
735 786
735 789
735 792
736 780
736 788
737 788
738 788
739 788
740 788
741 780
741 776
741 779
743 791
747 818
750 792
753 771
754 772
756 775
757 771
757 772
757 775
758 776
759 787
760 787
761 787
762 787
763 787
764 783
765 783
766 794
766 800
767 783
771 783
774 794
775 819
776 779
783 816
793 802
793 803
793 804
793 805
793 806
793 809
795 820
803 812
805 812
806 812
