0 0
0 1
0 13
0 14
0 15
0 16
0 17
0 18
0 20
0 24
0 27
0 28
0 36
0 45
0 49
0 57
0 62
0 64
0 75
0 80
0 87
0 89
0 90
0 92
0 99
0 101
0 113
0 115
0 117
0 129
0 133
0 143
0 159
0 161
0 166
0 172
0 176
0 187
0 208
0 209
0 211
0 212
0 215
0 216
0 219
0 223
0 227
0 229
0 235
0 238
0 252
0 255
0 258
0 268
0 280
0 281
0 297
0 306
0 307
0 308
0 309
0 311
0 312
0 313
0 314
0 315
0 316
0 317
0 318
0 320
0 321
0 322
0 323
0 324
0 325
0 327
0 328
0 329
0 330
0 331
0 332
0 333
0 334
0 335
0 338
0 339
0 340
0 341
0 342
0 344
0 345
0 346
0 347
0 348
0 349
0 350
0 351
0 352
0 353
0 354
0 355
0 356
0 357
0 358
0 361
0 363
0 364
0 370
0 372
0 374
0 375
0 376
0 382
0 385
0 387
0 388
0 398
0 400
0 401
0 405
0 406
0 418
0 420
0 425
0 426
0 430
0 432
0 434
0 435
0 440
0 441
0 442
0 446
0 454
0 459
0 460
0 464
0 472
0 481
0 486
0 490
0 502
0 503
0 505
0 508
0 509
0 510
0 511
0 512
0 513
0 514
0 515
0 516
0 517
0 518
0 519
0 520
0 521
0 522
0 523
0 526
0 527
0 528
0 529
0 530
0 531
0 533
0 534
0 535
0 537
0 538
0 539
0 540
0 542
0 543
0 545
0 546
0 547
0 548
0 549
0 551
0 553
0 554
0 555
0 556
0 557
0 558
0 559
0 563
0 564
0 565
0 566
0 567
0 568
0 569
0 570
0 571
0 572
0 573
0 574
0 575
0 576
0 577
0 578
0 579
0 580
0 582
0 583
0 584
0 585
0 586
0 587
0 588
0 589
0 590
0 592
0 593
0 594
0 595
0 596
0 597
0 600
0 601
0 603
0 604
0 605
0 606
0 607
0 608
0 609
0 610
0 611
0 613
0 614
0 615
0 618
0 620
0 621
0 622
0 624
0 625
0 626
0 627
0 628
0 630
0 631
0 634
0 635
0 637
0 638
0 646
0 647
0 648
0 649
0 650
0 651
0 652
0 653
0 654
0 657
0 660
0 663
0 665
0 668
0 681
0 693
0 694
0 697
0 706
0 711
0 712
0 713
0 714
0 715
0 716
0 717
0 718
0 719
0 724
0 725
0 753
0 754
0 756
0 757
0 759
0 766
0 767
0 771
0 772
0 775
0 778
0 781
0 783
0 791
0 794
0 795
0 796
0 797
0 798
0 803
0 804
0 805
0 806
0 807
0 810
0 818
0 819
0 820
1 25
1 821
2 71
2 594
3 661
3 665
3 666
3 668
3 670
3 673
3 674
3 675
3 680
3 681
3 686
3 689
3 709
3 613
4 417
4 452
4 501
4 502
4 503
4 519
4 311
4 618
5 43
5 76
5 111
5 113
5 115
5 116
5 118
5 797
6 93
6 143
6 446
7 94
7 522
7 523
8 96
8 549
9 676
9 703
9 725
9 726
9 727
9 728
9 729
9 730
9 741
9 542
10 306
10 324
10 352
10 353
10 354
10 355
10 356
10 564
11 99
11 216
11 464
11 551
11 553
11 554
11 555
12 47
12 76
12 111
12 113
12 115
12 116
12 118
12 566
13 149
13 150
13 177
13 187
13 188
13 189
13 192
13 193
13 220
13 234
13 266
13 267
13 268
13 269
13 270
13 281
13 430
13 472
13 781
14 296
14 298
14 299
14 302
14 315
14 332
14 337
14 340
14 341
14 342
14 343
14 577
14 578
15 18
15 24
15 810
15 580
16 32
16 86
16 324
16 352
16 354
16 355
16 753
16 798
17 24
17 447
17 600
17 798
18 42
18 74
18 105
18 106
18 107
18 108
18 109
18 645
19 388
19 393
19 445
19 489
19 490
19 491
19 492
19 493
19 645
20 69
20 74
20 105
20 106
20 107
20 108
20 109
20 664
21 417
21 456
21 522
21 523
21 524
21 525
21 526
21 641
22 110
22 152
22 642
22 661
23 111
23 684
24 24
24 156
24 384
24 460
24 509
24 90
24 113
24 133
24 143
24 176
24 216
24 219
24 235
24 255
24 280
24 281
24 311
24 312
24 318
24 329
24 344
24 346
24 347
24 348
24 349
24 351
24 353
24 354
24 355
24 356
24 357
24 364
24 398
24 406
24 418
24 430
24 434
24 440
24 446
24 459
24 464
24 472
24 486
24 490
24 508
24 511
24 512
24 513
24 514
24 515
24 516
24 518
24 519
24 522
24 523
24 526
24 528
24 529
24 530
24 531
24 534
24 535
24 537
24 538
24 540
24 542
24 543
24 545
24 546
24 547
24 548
24 549
24 551
24 553
24 554
24 555
24 557
24 559
24 564
24 565
24 566
24 568
24 569
24 570
24 571
24 574
24 575
24 576
24 577
24 578
24 579
24 580
24 588
24 589
24 590
24 592
24 593
24 594
24 595
24 597
24 600
24 603
24 604
24 606
24 607
24 608
24 609
24 610
24 611
24 613
24 614
24 618
24 620
24 622
24 624
24 626
24 627
24 628
24 638
24 663
24 693
24 717
24 753
24 766
24 767
24 778
24 781
24 791
24 794
24 795
24 796
24 797
24 798
24 819
24 820
25 397
25 419
25 449
25 497
25 498
25 499
25 500
25 505
25 506
25 507
25 515
25 520
26 114
26 306
26 344
26 346
26 347
26 446
26 512
26 513
26 515
26 518
26 522
26 523
26 526
26 626
26 663
26 794
26 797
27 428
27 470
27 471
27 472
27 473
27 474
27 504
27 133
27 307
27 318
27 511
27 529
27 530
27 531
27 535
27 537
27 819
27 820
28 374
28 375
28 377
28 380
28 381
28 405
28 408
28 418
28 468
28 505
28 521
28 308
28 348
28 542
29 671
29 675
29 689
29 692
29 698
29 703
29 711
29 725
29 726
29 727
29 728
29 729
29 730
29 741
29 309
29 349
29 543
29 546
29 547
29 549
30 118
30 67
30 90
30 176
30 216
30 219
30 353
30 460
30 464
30 472
30 551
30 555
30 557
30 564
30 565
30 566
30 569
30 577
30 578
30 580
30 693
30 781
31 44
31 78
31 112
31 114
31 117
31 119
31 354
31 355
31 356
31 486
31 574
31 592
31 594
31 597
31 600
31 604
31 609
31 613
31 618
31 638
31 753
31 798
32 120
32 187
32 442
32 556
32 573
32 630
32 634
32 635
32 706
33 69
33 70
33 650
33 803
34 122
34 339
35 671
35 675
35 689
35 692
35 699
35 706
35 711
35 736
35 737
35 738
35 739
35 740
35 314
35 601
36 42
36 44
36 46
36 55
36 69
36 70
36 74
36 92
36 105
36 106
36 107
36 108
36 109
36 49
36 317
37 125
37 325
37 420
38 92
38 401
39 127
39 49
39 400
40 128
40 399
40 400
41 129
41 49
41 395
41 650
42 704
42 732
42 733
42 749
42 49
42 115
42 223
42 258
42 352
42 401
42 420
42 440
42 509
42 601
42 620
42 650
42 653
42 818
43 131
43 49
43 115
43 223
43 362
43 395
43 440
43 650
44 132
44 79
44 258
44 352
44 401
44 420
44 509
44 601
44 653
45 58
45 63
45 64
45 65
45 66
45 67
45 68
45 69
45 94
45 79
45 193
45 258
45 401
45 420
45 601
45 651
45 653
46 134
46 49
46 115
46 193
46 223
46 258
46 352
46 365
46 366
46 391
46 393
46 401
46 420
46 442
46 509
46 601
46 650
46 651
46 653
46 818
47 135
47 49
47 367
47 601
47 630
47 650
48 311
48 331
48 357
48 358
48 359
48 360
48 361
48 368
48 401
48 420
48 651
48 681
49 49
49 69
49 70
49 90
49 91
49 369
49 391
49 435
49 601
49 634
49 637
49 650
50 212
50 117
50 401
50 420
50 635
51 229
51 161
51 391
51 393
51 596
51 650
52 230
52 401
52 420
52 442
52 654
53 231
53 373
54 309
54 321
54 348
54 349
54 350
54 351
54 374
54 601
55 233
55 361
55 509
56 234
56 115
56 223
56 318
56 352
56 376
56 531
56 620
56 818
57 374
57 375
57 379
57 384
57 388
57 434
57 436
57 463
57 504
57 505
57 520
57 521
57 161
57 229
57 377
57 400
57 596
57 654
58 236
58 117
58 161
58 229
58 251
58 374
58 380
58 381
58 397
58 400
58 435
58 596
58 654
58 807
59 364
59 372
59 374
59 375
59 376
59 378
59 384
59 387
59 388
59 391
59 395
59 408
59 505
59 520
59 161
59 251
59 596
60 239
60 379
60 654
61 240
61 380
62 197
62 228
62 241
62 242
62 243
62 244
62 374
62 381
63 671
63 675
63 689
63 692
63 699
63 703
63 711
63 725
63 726
63 727
63 728
63 729
63 730
63 741
63 382
63 652
63 807
64 241
64 244
64 117
64 229
64 268
64 435
64 807
65 145
65 150
65 153
65 158
65 160
65 162
65 166
65 177
65 182
65 192
65 193
65 230
65 231
65 277
65 278
65 268
65 385
65 386
65 398
65 406
65 807
66 247
66 117
66 161
66 189
66 229
66 371
66 374
66 400
66 435
66 596
66 654
66 807
67 652
67 807
68 466
68 467
68 189
68 807
69 250
69 115
69 117
69 161
69 223
69 229
69 352
69 358
69 394
69 401
69 420
69 435
69 509
69 601
69 650
69 652
69 654
69 807
69 818
70 251
70 115
70 161
70 223
70 352
70 371
70 374
70 380
70 381
70 385
70 400
70 401
70 420
70 509
70 596
70 601
70 637
70 650
70 654
70 681
70 818
71 252
71 394
72 253
72 399
73 305
73 331
73 357
73 358
73 359
73 360
73 361
73 223
73 268
73 345
73 352
73 376
73 382
73 402
73 509
73 706
73 818
74 255
74 115
74 223
74 360
75 374
75 375
75 383
75 388
75 430
75 463
75 475
75 476
75 477
75 478
75 479
75 505
75 520
75 521
75 258
75 543
75 653
76 90
76 386
76 430
77 258
77 651
78 259
78 350
78 385
78 388
78 556
78 637
78 681
79 388
79 390
80 186
80 187
80 194
80 362
80 367
80 368
80 369
80 377
80 389
80 571
80 575
81 189
81 212
81 219
81 260
81 261
81 262
81 264
81 265
81 389
81 390
82 162
82 212
82 219
82 260
82 261
82 262
82 263
82 264
82 265
82 390
82 573
83 172
83 212
83 219
83 260
83 261
83 262
83 263
83 264
83 265
83 365
83 373
83 378
83 584
83 615
84 218
84 219
84 220
84 262
84 265
84 266
84 267
84 268
84 270
84 393
85 232
85 161
85 187
85 251
85 366
85 379
85 380
85 381
85 392
85 397
85 582
85 654
86 108
87 180
87 195
87 237
87 238
87 239
87 240
87 392
88 269
88 391
88 606
89 667
89 691
89 712
89 717
89 718
89 719
89 752
89 161
89 654
90 442
90 486
90 258
90 401
90 420
90 601
90 650
91 272
91 401
91 601
91 650
92 296
92 298
92 299
92 302
92 304
92 317
92 332
92 337
92 344
92 345
92 346
92 347
92 115
92 223
92 352
92 509
92 818
93 274
93 251
93 374
93 380
93 381
93 400
93 596
94 275
94 652
94 807
95 276
95 807
96 172
96 176
96 178
96 179
96 190
96 192
96 216
96 220
96 232
96 266
96 267
96 268
96 269
96 270
96 385
96 637
96 681
97 278
97 440
97 620
98 364
98 371
98 374
98 375
98 376
98 378
98 383
98 388
98 392
98 402
98 408
98 411
98 415
98 418
98 426
98 467
98 505
98 512
98 513
98 520
98 468
99 140
99 812
99 357
99 418
99 440
99 620
100 159
100 161
100 225
100 279
100 280
100 281
100 282
100 283
100 223
100 268
100 352
100 358
100 361
100 376
100 382
100 509
100 818
101 149
101 150
101 176
101 187
101 188
101 190
101 192
101 193
101 220
101 234
101 266
101 267
101 268
101 269
101 270
101 223
101 352
101 358
101 361
101 376
101 382
101 422
101 509
101 818
102 283
102 223
102 268
102 352
102 358
102 361
102 376
102 382
102 509
102 818
103 295
103 223
103 268
103 352
103 358
103 361
103 376
103 382
103 402
103 509
103 818
104 333
104 223
104 268
104 352
104 358
104 361
104 376
104 382
104 402
104 509
104 818
105 334
105 115
105 223
105 360
105 370
106 179
106 220
106 266
106 267
106 268
106 269
106 270
106 115
106 223
106 370
107 336
107 115
107 223
108 337
108 115
108 223
108 360
109 338
109 115
109 223
109 360
110 339
110 258
110 420
110 653
111 340
111 386
112 341
112 385
112 637
112 681
113 706
113 736
113 737
113 738
113 739
113 740
113 742
113 810
113 386
114 343
114 385
114 637
114 681
115 386
115 430
116 345
116 386
117 385
117 637
117 681
118 347
118 386
119 348
119 385
119 637
119 681
120 321
120 322
120 386
120 430
121 306
121 321
121 348
121 349
121 350
121 351
121 385
121 388
122 375
122 521
122 362
122 367
122 368
122 369
122 377
122 389
122 575
123 352
123 362
123 367
123 368
123 369
123 377
123 575
124 313
124 324
124 352
124 353
124 354
124 355
124 356
124 362
124 367
124 368
124 369
124 377
125 354
125 362
125 367
125 368
125 369
125 377
126 355
126 362
126 367
126 368
126 369
126 377
126 389
126 575
127 305
127 324
127 352
127 353
127 354
127 355
127 356
127 362
127 367
127 368
127 369
127 377
127 389
127 575
128 357
128 362
128 367
128 368
128 369
128 377
128 389
128 575
129 152
129 192
129 195
129 236
129 237
129 238
129 239
129 240
129 365
129 373
129 378
129 584
130 359
130 365
130 373
130 378
130 584
131 669
131 671
131 695
131 365
131 373
131 378
131 584
131 615
132 356
132 365
132 373
132 378
132 584
132 615
133 318
133 363
133 593
133 161
133 251
133 366
133 379
133 380
133 381
133 392
133 397
133 582
133 654
134 364
134 161
134 251
134 366
134 379
134 380
134 381
134 392
134 397
134 582
134 654
135 364
135 370
135 374
135 375
135 376
135 378
135 383
135 388
135 392
135 396
135 408
135 410
135 505
135 512
135 513
135 520
135 161
135 251
135 366
135 379
135 380
135 381
135 397
135 582
135 654
136 460
136 161
136 251
136 366
136 379
136 380
136 381
136 392
136 397
136 582
136 654
137 461
137 402
138 462
138 360
139 463
139 318
139 406
139 430
139 440
139 531
139 543
139 620
140 663
140 665
140 666
140 667
140 670
140 673
140 674
140 675
140 680
140 681
140 688
140 689
140 709
140 525
140 664
140 799
141 465
141 646
141 741
142 466
142 147
142 411
142 661
143 509
143 690
143 691
143 715
143 716
143 718
143 719
143 179
143 684
144 468
144 310
144 331
144 591
144 661
144 664
144 684
145 469
145 322
145 735
146 471
146 310
146 334
146 497
146 591
147 148
147 150
147 153
147 156
147 159
147 161
147 164
147 170
147 173
147 192
147 193
147 230
147 278
147 341
147 404
148 473
148 175
148 179
148 404
148 525
148 661
148 664
148 684
148 799
149 474
149 175
149 372
149 405
149 408
149 517
149 605
149 657
149 665
149 810
150 388
150 456
150 522
150 523
150 524
150 525
150 526
150 179
150 310
150 372
150 404
150 408
150 497
150 517
150 591
150 605
150 657
150 661
150 664
150 665
150 684
150 735
150 741
150 799
150 810
151 674
151 675
151 408
151 643
152 225
152 279
152 280
152 281
152 282
152 283
152 179
152 525
152 657
152 658
152 659
152 664
152 684
152 799
153 479
153 310
153 404
153 517
153 655
153 665
153 735
153 810
154 392
154 445
154 489
154 490
154 491
154 492
154 493
154 497
154 591
154 622
154 655
154 661
154 741
154 811
155 482
155 179
155 364
155 404
155 525
155 656
155 664
155 684
155 799
156 483
156 310
156 337
156 664
156 684
157 388
157 390
157 442
157 484
157 485
157 486
157 487
157 488
157 497
157 517
157 591
157 659
157 661
157 665
157 741
157 810
158 677
158 689
158 657
158 735
159 380
159 432
159 480
159 481
159 482
159 483
159 505
159 656
159 661
159 664
159 666
159 700
159 741
159 762
159 799
159 800
159 808
160 556
160 608
160 652
160 653
160 654
160 655
160 656
160 179
160 310
160 404
160 412
160 497
160 525
160 591
160 667
160 672
160 684
160 700
160 735
160 808
161 524
161 656
161 661
161 664
161 700
161 741
161 762
161 799
161 800
161 808
161 812
162 421
162 449
162 497
162 498
162 499
162 500
162 507
162 515
162 179
162 310
162 404
162 524
162 525
162 544
162 591
162 667
162 671
162 672
162 684
162 700
162 735
162 800
163 490
163 525
163 664
163 673
163 700
163 799
163 808
164 491
164 179
164 544
164 661
164 674
164 684
164 741
164 768
165 492
165 404
165 544
165 675
166 670
166 691
166 712
166 717
166 718
166 719
166 752
166 544
166 591
166 676
166 735
166 800
167 178
167 225
167 279
167 280
167 281
167 282
167 283
167 310
167 319
167 497
167 677
168 495
168 310
168 591
168 661
168 664
168 678
168 684
169 415
169 444
169 469
169 494
169 495
169 496
169 505
169 520
169 179
169 253
169 372
169 664
169 679
169 684
169 700
169 799
170 497
170 544
170 605
170 661
170 741
170 800
171 386
171 449
171 497
171 498
171 499
171 500
171 507
171 515
171 237
171 799
172 367
172 812
172 686
172 741
173 500
173 687
174 501
174 404
174 532
174 812
175 179
175 639
176 449
176 497
176 498
176 499
176 500
176 507
176 509
176 515
176 808
176 687
176 812
177 506
177 310
177 525
177 591
177 661
177 664
177 684
177 735
177 812
178 507
178 644
178 687
179 192
179 193
179 230
179 231
179 278
179 687
179 690
180 509
180 657
180 660
181 510
181 717
181 782
182 511
182 466
182 669
182 735
183 512
183 497
183 682
184 513
184 302
184 310
184 591
184 683
185 514
185 305
185 782
185 810
185 811
186 515
186 782
186 810
187 326
187 372
187 605
188 518
188 297
188 372
188 605
188 694
189 372
189 458
189 809
190 662
190 665
190 666
190 667
190 669
190 671
190 675
190 678
190 679
190 687
190 689
190 709
190 605
190 696
191 523
191 809
192 524
192 310
192 337
192 372
192 404
192 411
192 412
192 414
192 497
192 517
192 525
192 544
192 591
192 599
192 605
192 644
192 657
192 661
192 664
192 665
192 667
192 671
192 672
192 684
192 687
192 735
192 741
192 782
192 799
192 810
192 812
193 310
193 372
193 404
193 497
193 517
193 525
193 591
193 605
193 643
193 657
193 661
193 664
193 665
193 684
193 735
193 741
193 799
193 810
194 526
194 795
194 796
195 533
195 517
195 665
195 694
195 697
196 538
196 514
197 582
197 297
197 410
197 660
197 663
198 585
198 410
198 518
199 595
199 658
199 659
200 611
200 528
200 529
200 530
200 646
201 612
201 305
201 337
201 666
201 817
201 819
201 820
202 613
202 667
202 672
203 614
203 672
204 615
204 808
205 616
205 524
205 538
205 540
205 542
205 671
206 396
206 444
206 469
206 494
206 495
206 496
206 505
206 520
206 547
206 646
206 656
207 556
207 606
207 647
207 648
207 649
207 650
207 651
207 671
208 584
208 588
208 618
208 619
208 620
208 621
208 700
209 665
209 691
209 717
209 718
209 719
209 752
209 551
209 673
209 675
209 676
209 677
209 678
209 696
210 623
210 544
210 800
211 576
211 577
211 590
211 622
211 623
211 624
211 625
211 570
212 540
212 590
212 622
212 623
212 624
212 625
212 237
212 690
212 768
213 531
213 532
213 533
213 536
213 539
213 540
213 542
213 543
213 544
213 545
213 546
213 554
213 556
213 561
213 581
213 612
213 613
213 614
213 319
213 414
213 472
213 557
213 565
213 646
213 674
213 679
213 698
213 699
214 528
214 536
214 539
214 540
214 541
214 543
214 544
214 545
214 546
214 547
214 555
214 559
214 581
214 612
214 613
214 614
214 698
215 331
215 358
215 359
215 360
215 791
215 699
216 597
216 628
216 687
217 630
217 812
218 557
218 599
218 631
218 632
218 633
218 634
218 635
218 588
218 589
218 600
219 445
219 490
219 491
219 492
219 493
219 509
219 799
219 237
219 690
219 768
220 549
220 599
220 631
220 632
220 633
220 634
220 635
220 253
220 372
220 466
220 525
220 594
220 605
220 616
220 642
220 682
220 686
220 687
220 812
221 544
221 545
221 599
221 631
221 632
221 633
221 634
221 635
221 636
221 255
221 616
222 551
222 557
222 564
222 568
222 574
222 581
222 615
222 608
222 610
223 590
223 592
223 593
223 646
224 555
224 608
224 652
224 653
224 654
224 655
224 656
224 302
224 329
224 532
224 762
225 577
225 601
225 637
225 638
225 639
225 640
225 641
225 458
225 594
225 616
226 555
226 601
226 637
226 638
226 639
226 640
226 641
226 356
227 543
227 590
227 622
227 623
227 624
227 625
227 669
227 683
228 557
228 601
228 637
228 638
228 639
228 640
228 641
228 697
229 525
229 735
230 643
230 310
230 404
230 497
230 591
230 661
230 664
230 684
230 741
230 799
231 558
231 608
231 652
231 653
231 654
231 655
231 656
231 310
231 404
231 497
231 591
231 661
231 664
231 684
231 799
232 571
232 604
232 642
232 643
232 644
232 645
232 646
232 687
233 564
233 608
233 652
233 653
233 654
233 655
233 656
233 517
233 657
233 665
233 810
234 647
234 372
234 605
235 289
235 596
235 524
235 671
235 672
236 544
236 593
236 780
236 337
237 260
237 261
237 262
237 263
237 264
237 265
237 517
237 665
237 694
237 697
238 665
238 690
238 714
238 715
238 716
238 751
238 517
238 694
238 697
239 652
239 517
239 665
239 694
239 697
240 530
240 536
240 539
240 540
240 541
240 543
240 544
240 545
240 546
240 553
240 557
240 564
240 581
240 612
240 613
240 614
240 517
240 665
240 694
240 697
241 654
241 297
241 410
241 660
241 663
242 566
242 608
242 652
242 653
242 654
242 655
242 656
242 297
242 660
243 580
243 608
243 652
243 653
243 654
243 655
243 656
243 297
243 660
244 692
244 297
244 660
245 697
245 305
245 337
245 666
246 709
246 305
246 337
246 666
247 710
247 305
247 337
247 666
248 711
248 673
248 675
248 676
248 677
248 678
248 696
249 712
249 673
249 675
249 676
249 677
249 678
249 696
250 713
250 673
250 675
250 676
250 677
250 678
250 696
251 551
251 673
251 675
251 676
251 677
251 678
251 696
252 669
252 690
252 712
252 714
252 715
252 716
252 673
252 675
252 676
252 677
252 678
252 696
253 266
253 267
253 268
253 269
253 270
253 673
253 675
253 676
253 677
253 678
253 696
254 803
254 804
254 805
254 806
254 808
254 809
254 319
254 565
254 674
254 679
254 699
255 451
255 509
255 319
255 472
255 557
255 565
255 674
255 679
255 699
256 721
256 319
256 557
256 565
256 674
256 679
256 691
256 698
256 699
257 675
257 700
257 720
257 721
257 722
257 723
257 724
257 741
257 319
257 565
257 674
257 679
257 698
257 699
258 319
258 565
258 674
258 679
259 724
259 319
259 472
259 557
259 565
259 674
259 679
259 698
259 699
260 681
260 703
260 725
260 726
260 727
260 728
260 729
260 730
260 741
260 688
260 690
260 768
261 726
261 690
261 768
262 389
262 390
262 690
262 768
263 679
263 703
263 725
263 726
263 727
263 728
263 729
263 730
263 741
263 690
263 768
264 659
264 665
264 666
264 667
264 669
264 672
264 675
264 678
264 679
264 684
264 689
264 709
264 690
264 768
265 725
265 640
265 690
265 768
266 731
266 372
266 466
266 525
266 594
266 599
266 605
266 616
266 642
266 682
266 686
266 687
266 812
267 732
267 372
267 466
267 525
267 594
267 599
267 605
267 616
267 642
267 682
267 686
267 687
267 812
268 372
268 466
268 525
268 605
268 616
268 642
268 682
268 686
268 687
268 812
269 310
269 331
269 357
269 358
269 359
269 360
269 361
269 372
269 466
269 525
269 605
269 642
269 682
269 686
269 687
269 812
270 735
270 372
270 466
270 525
270 594
270 599
270 605
270 616
270 642
270 682
270 686
270 687
270 812
271 706
271 736
271 737
271 738
271 740
271 748
271 302
271 532
271 762
272 738
272 302
272 532
272 762
273 675
273 703
273 725
273 726
273 727
273 728
273 729
273 730
273 741
273 302
273 532
273 762
274 671
274 706
274 736
274 737
274 738
274 739
274 740
274 302
274 532
274 762
275 740
276 741
276 497
276 591
276 655
276 661
276 811
277 742
278 751
278 310
278 404
278 411
278 497
278 525
278 591
278 661
278 664
278 684
278 735
278 741
278 799
279 671
279 700
279 720
279 721
279 722
279 723
279 724
279 741
279 458
279 491
279 594
279 616
279 639
279 641
280 668
280 670
280 673
280 757
280 797
280 458
280 594
280 616
280 639
280 641
281 509
281 799
281 458
281 594
281 616
281 639
281 641
282 687
282 704
282 731
282 732
282 733
282 734
282 735
282 639
282 641
283 671
283 675
283 689
283 692
283 699
283 702
283 711
283 759
283 760
283 761
283 762
283 763
283 458
283 594
283 616
283 639
283 641
284 678
284 702
284 759
284 760
284 761
284 762
284 763
284 531
285 681
285 702
285 759
285 760
285 761
285 762
285 763
285 593
286 671
286 702
286 759
286 760
286 761
286 762
286 763
286 610
287 764
287 796
288 780
288 318
288 534
288 535
288 622
289 781
289 540
290 782
290 568
290 569
291 783
291 595
292 784
292 327
292 701
293 785
293 625
293 629
294 786
294 631
294 702
295 787
296 545
296 546
296 608
296 652
296 653
296 654
296 655
296 656
296 415
296 416
296 417
296 425
296 426
296 481
296 629
296 701
296 702
296 703
297 703
298 813
298 416
298 425
298 426
298 481
298 629
298 701
298 702
298 703
299 814
299 417
299 425
299 426
299 481
299 629
299 701
299 702
300 815
300 421
300 527
300 629
300 701
300 702
300 804
301 817
301 357
301 425
301 701
302 418
302 426
302 481
302 629
302 702
303 819
303 425
303 701
304 820
304 426
304 481
304 629
304 702
305 460
305 629
305 662
305 701
305 702
305 704
305 709
306 701
307 629
307 630
307 702
308 635
308 701
309 629
309 634
309 662
309 702
310 701
310 705
311 452
311 629
311 662
312 424
312 702
313 816
313 705
314 811
314 705
314 707
315 372
315 811
315 426
315 428
315 527
316 663
316 811
316 428
316 706
317 813
317 425
317 429
317 481
317 804
318 421
319 429
320 531
320 813
320 556
320 709
321 662
321 813
321 704
322 814
322 579
323 370
323 814
323 573
324 534
324 814
324 424
324 427
324 431
325 816
325 442
326 409
326 452
326 501
326 502
326 503
326 519
326 431
327 816
327 607
327 662
328 365
328 816
328 708
329 606
329 647
329 648
329 585
330 657
330 816
330 709
331 817
331 708
331 709
332 373
332 817
332 357
332 418
332 425
332 426
332 427
332 481
332 629
332 701
332 702
332 705
333 532
333 817
333 629
333 701
333 702
334 818
334 629
334 701
334 702
335 371
335 818
335 629
335 701
335 702
336 546
336 550
336 553
336 598
336 357
336 418
336 629
336 701
336 702
337 425
337 426
337 481
337 527
337 804
338 664
338 819
338 705
339 820
339 415
340 661
340 820
340 426
340 428
340 527
341 821
341 426
341 428
341 527
342 369
342 821
342 426
342 527
343 407
343 442
343 484
343 485
343 487
343 488
343 426
343 527
344 424
344 425
344 429
344 481
344 804
345 425
345 429
345 481
345 804
346 431
346 425
346 481
346 804
347 433
347 425
347 481
347 804
348 439
348 704
349 440
349 704
350 704
351 779
351 704
352 424
352 431
353 446
353 424
353 431
354 450
354 424
354 431
355 453
355 424
355 431
356 424
357 363
357 670
357 708
358 708
359 395
359 444
359 469
359 494
359 495
359 496
359 505
359 520
359 708
360 708
361 384
362 707
363 376
363 418
363 460
364 383
364 460
364 509
364 476
364 488
364 623
364 632
364 722
364 738
365 476
366 648
367 722
368 432
368 433
368 476
369 623
371 488
372 632
373 738
374 476
374 488
374 521
374 563
374 623
374 632
374 710
374 718
374 719
374 722
374 738
375 378
375 430
375 459
375 475
375 476
375 477
375 478
375 479
375 505
375 436
375 488
375 563
375 567
375 623
375 632
375 710
375 718
375 719
375 722
375 738
376 476
376 488
376 623
376 632
376 722
376 738
377 436
377 521
377 563
378 446
378 476
378 488
378 496
378 521
378 552
378 623
378 632
378 712
378 715
378 716
378 722
378 731
378 738
379 713
379 718
379 719
379 778
380 563
380 714
381 446
381 563
381 572
382 521
382 711
382 715
382 716
383 402
383 445
383 489
383 490
383 491
383 492
383 493
383 488
383 623
383 722
383 738
384 387
384 476
384 496
384 632
384 718
384 719
384 731
385 479
385 722
386 453
386 623
387 432
387 480
387 481
387 482
387 483
387 505
387 550
388 438
388 448
388 463
388 476
388 488
388 623
388 632
388 722
388 738
389 473
390 722
391 448
391 632
392 413
392 463
392 476
392 488
392 738
393 438
393 623
394 455
394 476
395 450
395 632
395 722
396 565
396 606
396 647
396 648
396 649
396 650
396 651
397 633
397 685
398 703
398 725
398 726
398 727
398 728
398 729
398 730
398 492
399 493
400 487
400 494
401 477
401 480
401 632
402 437
402 488
403 464
403 451
403 738
404 438
404 623
404 692
406 700
406 720
406 721
406 722
406 723
406 724
406 456
406 563
406 695
407 588
407 589
407 618
407 438
407 444
408 475
408 476
408 488
408 563
408 574
408 623
408 632
408 722
408 738
409 546
409 549
409 552
409 556
409 557
409 598
409 476
410 482
411 488
412 476
412 477
413 444
413 469
413 494
413 495
413 496
413 505
413 520
413 483
413 738
414 476
414 477
414 550
414 632
414 689
414 763
415 722
416 470
416 738
417 477
417 550
417 563
417 632
417 722
417 763
418 669
418 495
418 738
419 423
419 456
419 522
419 523
419 524
419 525
419 526
419 477
419 633
420 487
420 494
421 493
421 722
422 492
422 550
422 632
422 636
423 544
423 608
423 652
423 653
423 654
423 655
423 656
423 738
424 512
424 513
424 715
425 716
425 794
427 489
428 567
428 711
428 712
428 713
428 714
428 721
428 797
429 624
429 721
429 795
430 509
430 465
430 626
430 627
430 628
431 465
431 514
431 516
432 437
432 440
432 445
432 454
432 815
432 522
432 526
432 572
432 767
433 505
433 519
434 509
434 671
434 675
434 676
434 678
434 679
434 689
434 741
434 758
434 779
434 718
434 719
435 717
436 719
437 442
437 484
437 485
437 486
437 487
437 488
437 459
437 552
437 731
438 443
438 496
439 504
439 505
439 538
440 797
440 448
440 462
440 463
441 475
441 479
441 462
441 543
441 545
441 546
441 549
442 450
442 464
442 693
442 695
443 545
443 546
443 599
443 631
443 632
443 633
443 634
443 635
443 636
443 566
444 445
444 489
444 490
444 492
444 493
444 455
444 470
444 689
444 692
444 763
445 545
445 546
445 597
445 626
445 627
445 628
445 629
445 630
445 451
445 457
445 460
445 474
445 484
446 504
446 511
446 577
446 580
447 671
447 703
447 725
447 726
447 727
447 728
447 729
447 730
447 741
447 457
447 570
448 505
448 477
448 632
449 528
449 532
449 533
449 536
449 539
449 540
449 541
449 543
449 544
449 545
449 546
449 554
449 556
449 565
449 581
449 612
449 613
449 614
449 474
449 487
449 798
450 484
450 485
450 486
450 487
450 488
450 588
450 612
451 489
451 490
451 491
451 492
451 493
452 542
452 593
452 780
452 467
452 480
452 482
452 483
452 484
452 495
452 498
452 609
452 618
452 638
452 685
453 516
453 517
453 518
453 603
453 608
454 667
454 690
454 712
454 714
454 715
454 716
454 751
454 498
454 590
454 597
455 469
455 494
455 495
455 496
455 505
455 520
455 467
456 505
456 475
456 479
456 489
456 499
456 500
456 614
456 636
457 489
457 490
457 491
457 492
457 500
458 499
459 593
459 712
459 715
459 716
460 489
460 490
460 491
460 492
460 493
460 509
461 577
461 597
461 626
461 627
461 628
461 629
461 630
463 505
463 718
463 719
464 484
464 485
465 475
465 511
465 521
466 477
466 550
466 632
466 738
467 502
467 503
467 722
468 563
469 728
469 689
469 692
469 763
470 494
470 495
470 496
470 567
470 712
470 713
470 714
470 721
470 797
471 544
471 606
471 647
471 648
471 649
471 650
471 651
471 567
471 711
471 712
471 713
471 714
472 567
472 711
472 712
472 713
472 714
473 516
473 517
473 518
473 567
473 711
473 712
473 713
473 714
474 489
474 490
474 491
474 492
474 497
474 498
474 499
474 500
474 507
474 515
474 567
474 711
474 712
474 713
474 714
474 797
475 522
475 523
475 524
475 525
475 526
475 626
475 627
475 628
476 505
476 512
476 513
476 520
476 626
476 627
476 628
477 505
477 626
477 627
477 628
478 545
478 546
478 581
478 596
478 617
478 626
478 627
478 628
479 522
479 523
479 524
479 525
479 526
479 626
479 627
479 628
480 501
480 502
480 503
480 519
480 522
480 526
480 572
480 767
481 572
481 767
482 501
482 502
482 503
482 519
482 572
482 767
483 501
483 502
483 503
483 519
483 522
483 572
483 767
484 489
484 490
484 491
484 492
484 501
484 502
484 503
484 519
484 693
484 695
485 676
485 689
485 693
485 695
486 610
486 809
486 693
486 695
487 497
487 498
487 499
487 500
487 505
487 506
487 507
487 515
487 520
487 693
487 695
488 505
488 512
488 513
488 520
488 693
488 695
489 522
489 523
489 524
489 525
489 526
490 706
490 799
490 800
492 505
492 506
492 520
493 505
493 506
493 520
493 536
494 505
494 506
494 520
494 689
494 692
494 763
495 501
495 502
495 503
495 519
495 689
495 692
495 763
496 510
496 780
496 689
496 692
496 763
497 780
498 501
498 503
498 519
499 524
499 525
500 522
500 523
500 524
500 525
500 612
500 798
501 537
501 539
501 603
501 685
502 539
502 685
503 540
503 609
503 685
504 536
504 539
504 715
504 716
504 718
504 719
504 778
505 618
505 619
505 521
505 550
505 563
505 567
505 572
505 623
505 632
505 633
505 689
505 692
505 712
505 714
505 715
505 716
505 718
505 719
505 720
505 722
505 738
505 763
506 601
506 602
506 637
506 638
506 641
506 633
507 666
507 713
508 690
508 714
508 715
508 716
508 751
508 804
508 619
509 512
509 526
509 543
509 546
509 553
509 554
509 570
509 574
509 609
509 626
509 627
509 628
509 638
509 767
510 797
511 593
511 798
511 522
511 721
511 797
512 802
512 623
512 722
512 738
513 773
513 722
513 738
514 738
515 589
515 745
516 589
518 744
519 591
519 603
519 609
519 638
519 685
520 717
520 752
520 623
520 632
520 633
520 689
520 692
520 718
520 719
520 720
520 722
520 738
520 763
521 521
521 563
521 718
521 719
522 614
522 636
523 590
523 622
523 623
523 636
524 614
524 636
525 614
525 636
526 805
526 636
527 647
528 593
529 693
529 734
529 805
530 765
530 558
530 728
531 761
532 728
533 542
533 588
533 618
533 619
533 620
533 621
533 728
534 592
534 814
535 668
535 712
535 749
536 723
536 728
536 734
536 749
536 761
536 814
537 694
537 797
537 754
537 759
539 797
539 799
539 800
539 801
539 816
539 728
539 734
539 749
539 754
539 759
539 761
540 724
540 728
540 734
540 749
540 754
540 759
540 761
540 814
541 547
541 581
541 726
541 728
541 749
541 814
542 726
542 734
542 757
542 761
543 727
543 728
543 734
543 749
543 761
543 814
544 728
544 729
544 730
544 734
544 749
544 761
544 814
545 594
545 728
545 729
545 730
545 734
545 749
545 755
545 761
545 814
546 698
546 560
546 728
546 732
546 734
546 749
546 753
546 755
546 761
546 764
546 814
547 807
547 733
547 737
547 765
548 746
548 807
548 761
548 765
549 734
549 764
549 813
550 749
551 728
551 802
552 780
552 764
552 814
553 700
553 720
553 723
554 766
554 736
555 776
555 737
555 754
555 755
555 761
556 734
556 749
556 764
557 747
557 728
557 739
557 764
557 802
557 814
558 818
559 700
559 741
559 808
559 598
559 742
560 597
560 626
560 627
560 628
560 629
560 630
560 734
560 744
560 758
561 577
561 599
561 631
561 632
561 633
561 634
561 635
561 743
561 801
562 766
562 767
562 768
562 745
562 761
563 746
563 749
564 597
564 627
564 628
564 728
565 777
565 740
566 748
566 802
566 814
567 740
567 742
567 746
567 754
567 758
567 801
568 600
568 759
568 802
569 701
569 742
569 750
570 753
570 758
571 799
571 800
571 746
571 753
572 740
572 751
573 801
574 768
574 802
575 703
575 754
575 756
575 759
576 792
576 799
576 754
576 759
577 740
577 742
577 754
577 758
577 801
578 603
578 747
578 759
579 703
579 754
579 760
580 759
581 601
581 603
581 637
581 638
581 639
581 641
581 723
581 727
581 728
581 734
581 740
581 742
581 746
581 749
581 754
581 758
581 759
581 760
581 761
581 801
581 802
581 814
582 788
582 727
583 704
583 732
583 733
583 735
583 788
583 628
583 725
583 756
583 767
584 789
584 627
585 789
585 727
586 702
586 759
586 760
586 761
586 762
586 763
586 789
586 756
586 778
587 789
587 810
587 624
587 756
588 724
588 725
589 605
590 757
591 780
592 769
593 647
593 730
594 647
595 610
595 647
597 793
597 733
597 736
598 608
598 652
598 653
598 654
598 655
598 656
598 764
599 647
599 747
599 781
601 729
601 813
602 665
602 667
602 693
603 609
604 609
604 705
604 732
604 733
604 737
604 750
604 752
605 752
606 796
606 613
606 739
606 743
606 744
606 748
606 751
606 753
606 755
607 796
607 755
608 617
608 647
608 745
609 770
610 617
611 742
611 749
611 799
611 800
612 728
612 734
612 749
612 761
612 814
613 647
613 648
613 649
613 728
613 734
613 749
613 761
613 814
614 778
614 728
614 734
614 749
614 761
614 814
615 790
615 740
615 742
615 746
615 758
615 801
615 802
616 754
616 759
617 652
617 653
617 654
617 656
618 724
618 725
619 724
619 725
620 670
620 724
620 725
621 691
621 717
621 718
621 719
621 752
621 754
621 724
621 725
622 757
623 757
624 757
625 812
625 757
626 804
626 733
626 736
627 733
627 736
628 733
628 736
629 733
629 736
630 733
630 736
631 813
631 747
632 747
633 747
633 781
634 747
635 747
637 729
637 813
638 772
638 729
638 813
639 729
639 813
640 729
640 813
641 729
641 813
642 732
642 737
642 750
643 732
643 737
643 750
644 732
644 737
644 750
644 752
645 732
645 737
645 750
646 815
646 732
646 737
646 750
647 815
647 739
647 743
647 744
647 748
647 751
647 753
648 797
648 816
648 739
648 743
648 744
648 748
648 751
648 753
649 658
649 797
649 816
649 739
649 743
649 744
649 748
649 751
649 753
649 755
650 739
650 743
650 744
650 748
650 751
650 753
651 739
651 743
651 744
651 748
651 751
651 753
651 755
652 745
653 745
654 745
655 780
655 745
656 745
657 680
658 780
659 780
659 806
660 815
661 780
663 806
665 668
665 680
665 771
665 772
665 775
665 815
666 668
666 680
666 771
666 772
666 775
666 815
667 668
667 769
667 771
667 772
667 775
668 670
668 673
668 675
668 689
668 710
668 755
668 757
668 680
668 815
669 771
669 772
670 678
670 703
670 725
670 726
670 727
670 728
670 729
670 730
670 741
670 680
670 769
670 770
670 775
670 815
671 770
671 771
671 772
671 773
671 774
671 816
672 774
673 680
673 773
673 775
673 776
673 815
674 680
674 776
674 815
674 816
675 680
675 775
675 790
675 815
676 680
676 790
676 815
676 816
677 680
677 815
680 683
680 689
680 709
680 779
682 789
683 790
684 784
685 785
685 815
686 786
688 787
688 788
689 771
689 772
689 775
689 815
691 791
692 776
692 816
693 779
695 769
695 770
696 816
697 816
698 776
700 779
702 787
704 784
704 785
704 786
704 789
704 792
706 780
706 788
707 780
708 790
709 815
710 771
710 772
710 775
712 771
712 772
717 791
720 779
721 779
722 779
723 779
724 779
730 780
731 780
731 784
731 785
731 786
731 789
731 792
732 784
732 785
732 786
732 789
732 792
733 784
733 785
733 786
733 789
733 792
734 777
734 784
734 785
734 786
734 789
735 784
735 785
735 786
735 789
735 792
736 780
736 788
737 788
738 788
739 788
740 788
741 780
741 779
743 791
750 792
753 771
754 772
756 775
757 771
757 772
757 775
759 787
760 787
761 787
762 787
763 787
764 783
765 783
766 794
766 800
767 783
771 783
774 794
775 819
780 811
783 816
793 802
793 803
793 804
793 805
793 806
793 809
795 820
803 812
805 812
806 812
