0 0
0 1
0 45
0 47
0 48
0 49
0 143
0 144
0 145
0 164
0 194
0 284
0 419
0 452
0 454
0 576
1 1
1 2
1 45
1 46
1 49
1 50
1 51
1 144
1 145
1 146
1 147
2 2
2 46
2 51
2 146
2 147
2 876
2 897
2 899
2 900
2 995
3 3
3 4
3 6
3 7
3 47
3 48
3 49
3 52
3 54
3 55
3 56
3 59
3 148
3 149
3 150
3 166
3 200
3 204
3 288
3 421
3 423
3 458
3 460
3 461
3 464
3 550
4 4
4 5
4 7
4 8
4 49
4 50
4 51
4 52
4 53
4 55
4 56
4 57
4 58
4 60
4 149
4 150
4 151
4 152
5 5
5 8
5 51
5 53
5 57
5 58
5 151
5 152
5 877
5 878
5 899
5 904
5 906
5 907
5 908
5 911
5 994
5 998
6 6
6 7
6 9
6 54
6 55
6 59
6 61
6 62
6 166
6 168
6 170
6 200
6 203
6 204
6 206
6 209
6 210
6 212
6 423
6 460
6 464
6 466
6 584
7 7
7 8
7 9
7 10
7 52
7 54
7 55
7 56
7 57
7 59
7 60
7 61
7 62
7 63
7 64
7 66
8 8
8 10
8 11
8 53
8 56
8 57
8 58
8 60
8 63
8 64
8 65
8 67
8 878
8 906
8 907
8 911
8 913
8 914
9 9
9 10
9 12
9 13
9 59
9 61
9 62
9 63
9 66
9 68
9 69
9 70
9 73
9 170
9 210
9 212
9 216
9 423
9 425
9 427
9 464
9 466
9 467
9 470
9 472
9 473
9 476
10 10
10 11
10 13
10 14
10 60
10 62
10 63
10 64
10 65
10 66
10 67
10 69
10 70
10 71
10 72
10 74
11 11
11 14
11 64
11 65
11 67
11 71
11 72
11 878
11 879
11 880
11 911
11 913
11 914
11 915
11 918
11 920
11 921
11 922
11 925
12 12
12 13
12 15
12 68
12 69
12 73
12 75
12 76
12 170
12 172
12 174
12 212
12 215
12 216
12 218
12 221
12 222
12 224
12 427
12 429
12 472
12 476
12 478
12 479
12 484
12 593
13 13
13 14
13 15
13 17
13 18
13 66
13 68
13 69
13 70
13 71
13 73
13 74
13 75
13 76
13 77
13 78
13 79
13 81
13 83
14 14
14 18
14 67
14 70
14 71
14 72
14 74
14 78
14 79
14 880
14 881
14 920
14 921
14 925
14 927
14 928
14 940
15 15
15 16
15 17
15 73
15 75
15 76
15 77
15 80
15 81
15 82
15 174
15 222
15 224
15 228
15 429
15 436
15 478
15 484
15 485
15 486
15 491
15 1055
16 16
16 17
16 19
16 80
16 81
16 82
16 84
16 85
16 174
16 176
16 178
16 224
16 227
16 228
16 230
16 233
16 234
16 236
16 436
16 485
16 491
16 493
17 17
17 18
17 19
17 21
17 76
17 77
17 78
17 80
17 81
17 82
17 83
17 84
17 85
17 86
17 87
17 90
18 18
18 21
18 22
18 74
18 77
18 78
18 79
18 83
18 86
18 87
18 88
18 92
18 881
18 886
18 887
18 927
18 938
18 939
18 940
18 941
18 942
18 943
19 19
19 20
19 21
19 82
19 84
19 85
19 86
19 89
19 90
19 91
19 178
19 234
19 236
19 240
19 435
19 436
19 491
19 493
19 494
19 500
19 501
19 1067
20 20
20 21
20 23
20 89
20 90
20 91
20 93
20 94
20 178
20 180
20 236
20 239
20 240
20 242
20 246
20 435
20 438
20 500
20 501
20 502
20 506
20 508
20 601
21 21
21 22
21 23
21 24
21 26
21 83
21 85
21 86
21 87
21 88
21 89
21 90
21 91
21 92
21 93
21 94
21 95
21 96
21 97
21 99
21 100
22 22
22 24
22 87
22 88
22 92
22 95
22 96
22 886
22 888
22 889
22 942
22 943
22 944
22 948
22 950
22 951
23 23
23 25
23 26
23 91
23 93
23 94
23 97
23 98
23 99
23 102
23 180
23 182
23 242
23 245
23 246
23 247
23 249
23 438
23 440
23 506
23 508
23 509
23 512
23 513
24 24
24 26
24 27
24 92
24 95
24 96
24 97
24 100
24 101
24 103
25 25
25 26
25 28
25 98
25 99
25 102
25 104
25 105
25 182
25 247
25 249
25 253
25 440
25 512
25 513
25 515
26 26
26 27
26 28
26 29
26 31
26 94
26 95
26 97
26 98
26 99
26 100
26 101
26 102
26 103
26 104
26 105
26 106
26 107
26 108
26 110
26 111
27 27
27 29
27 100
27 101
27 103
27 106
27 107
27 889
27 890
27 891
27 955
27 956
27 957
27 959
27 960
28 28
28 30
28 31
28 102
28 104
28 105
28 108
28 109
28 110
28 113
28 182
28 184
28 249
28 252
28 253
28 254
28 256
28 440
28 442
28 513
28 515
28 516
28 519
28 520
29 29
29 31
29 32
29 103
29 106
29 107
29 108
29 111
29 112
29 114
30 30
30 31
30 33
30 109
30 110
30 113
30 115
30 116
30 184
30 186
30 254
30 256
30 259
30 260
30 262
30 442
30 519
30 520
30 522
30 610
31 31
31 32
31 33
31 34
31 105
31 106
31 108
31 109
31 110
31 111
31 112
31 113
31 114
31 115
31 116
31 117
31 118
31 120
32 32
32 34
32 35
32 111
32 112
32 114
32 117
32 118
32 119
32 121
32 891
32 892
32 964
32 965
32 966
32 968
32 969
33 33
33 34
33 36
33 37
33 113
33 115
33 116
33 117
33 120
33 122
33 123
33 124
33 127
33 186
33 260
33 262
33 266
33 442
33 444
33 446
33 520
33 522
33 523
33 526
33 528
33 529
33 532
34 34
34 35
34 37
34 38
34 114
34 116
34 117
34 118
34 119
34 120
34 121
34 123
34 124
34 125
34 126
34 128
35 35
35 38
35 118
35 119
35 121
35 125
35 126
35 892
35 893
35 894
35 966
35 968
35 969
35 970
35 973
35 975
35 976
35 977
35 980
36 36
36 37
36 39
36 122
36 123
36 127
36 129
36 130
36 186
36 188
36 190
36 262
36 265
36 266
36 268
36 271
36 272
36 274
36 446
36 528
36 532
36 534
36 618
37 37
37 38
37 39
37 40
37 120
37 122
37 123
37 124
37 125
37 127
37 128
37 129
37 130
37 131
37 132
37 134
38 38
38 40
38 41
38 121
38 124
38 125
38 126
38 128
38 131
38 132
38 133
38 135
38 894
38 975
38 976
38 980
38 982
39 39
39 40
39 127
39 129
39 130
39 131
39 134
39 136
39 137
39 138
39 153
39 154
39 155
39 190
39 272
39 274
39 292
39 446
39 448
39 532
39 534
39 535
39 538
39 546
40 40
40 41
40 128
40 130
40 131
40 132
40 133
40 134
40 135
40 138
40 139
40 140
40 154
40 155
40 156
40 157
41 41
41 132
41 133
41 135
41 140
41 156
41 157
41 894
41 895
41 980
41 982
41 983
41 985
41 987
41 993
42 42
42 43
42 136
42 137
42 138
42 141
42 158
42 159
42 160
42 192
42 280
42 296
42 450
42 540
42 544
42 628
43 43
43 44
43 138
43 139
43 140
43 141
43 142
43 159
43 160
43 161
43 162
44 44
44 140
44 142
44 161
44 162
44 896
44 990
44 992
44 996
45 45
45 49
45 144
45 145
46 46
46 51
46 146
46 147
47 47
47 48
47 49
47 143
47 144
47 148
47 149
47 164
47 166
47 194
47 197
47 198
47 200
47 283
47 284
47 287
47 288
47 419
47 421
47 452
47 454
47 455
47 458
47 550
48 48
48 49
48 143
48 144
48 148
48 149
49 49
49 50
49 51
49 52
49 143
49 144
49 145
49 146
49 148
49 149
49 150
49 151
50 50
50 51
50 145
50 146
50 150
50 151
51 51
51 53
51 145
51 146
51 147
51 150
51 151
51 152
52 52
52 55
52 56
52 149
52 150
53 53
53 57
53 58
53 151
53 152
54 54
54 55
54 59
54 166
54 200
54 204
54 423
54 460
54 464
55 55
55 56
55 59
56 56
56 57
56 60
57 57
57 58
57 60
58 58
59 59
59 61
59 62
60 60
60 63
60 64
61 61
61 62
61 170
61 210
61 212
61 423
61 464
61 466
62 62
62 63
62 66
63 63
63 64
63 66
64 64
64 65
64 67
65 65
65 67
66 66
66 69
66 70
67 67
67 71
67 72
68 68
68 69
68 73
68 170
68 212
68 216
68 427
68 472
68 476
69 69
69 70
69 73
70 70
70 71
70 74
71 71
71 72
71 74
72 72
73 73
73 75
73 76
74 74
74 78
74 79
75 75
75 76
75 174
75 222
75 224
75 429
75 478
75 484
76 76
76 77
76 81
77 77
77 78
77 81
77 83
78 78
78 79
78 83
79 79
79 881
79 927
79 940
80 80
80 81
80 82
80 174
80 224
80 228
80 436
80 485
80 491
81 81
81 82
82 82
82 84
82 85
83 83
83 86
83 87
84 84
84 85
84 178
84 234
84 236
84 436
84 491
84 493
85 85
85 86
85 90
86 86
86 87
86 90
87 87
87 88
87 92
88 88
88 92
88 886
88 942
88 943
89 89
89 90
89 91
89 178
89 236
89 240
89 435
89 500
89 501
90 90
90 91
91 91
91 93
91 94
92 92
92 95
92 96
93 93
93 94
93 180
93 242
93 246
93 438
93 506
93 508
94 94
94 97
94 99
95 95
95 96
95 97
95 100
96 96
97 97
97 99
97 100
98 98
98 99
98 102
98 182
98 247
98 249
98 440
98 512
98 513
99 99
99 102
100 100
100 101
100 103
101 101
101 103
102 102
102 104
102 105
103 103
103 106
103 107
104 104
104 105
104 182
104 249
104 253
104 440
104 513
104 515
105 105
105 108
105 110
106 106
106 107
106 108
106 111
107 107
108 108
108 110
108 111
109 109
109 110
109 113
109 184
109 254
109 256
109 442
109 519
109 520
110 110
110 113
111 111
111 112
111 114
112 112
112 114
113 113
113 115
113 116
114 114
114 117
114 118
115 115
115 116
115 186
115 260
115 262
115 442
115 520
115 522
116 116
116 117
116 120
117 117
117 118
117 120
118 118
118 119
118 121
119 119
119 121
120 120
120 123
120 124
121 121
121 125
121 126
122 122
122 123
122 127
122 186
122 262
122 266
122 446
122 528
122 532
123 123
123 124
123 127
124 124
124 125
124 128
125 125
125 126
125 128
126 126
127 127
127 129
127 130
128 128
128 131
128 132
129 129
129 130
129 190
129 272
129 274
129 446
129 532
129 534
130 130
130 131
130 134
131 131
131 132
131 134
132 132
132 133
132 135
133 133
133 135
133 894
133 980
133 982
134 134
134 138
134 154
134 155
135 135
135 140
135 156
135 157
136 136
136 137
136 138
136 153
136 154
136 158
136 159
136 190
136 192
136 274
136 277
136 278
136 280
136 291
136 292
136 295
136 296
136 448
136 450
136 538
136 540
136 541
136 544
136 546
137 137
137 138
137 153
137 154
137 158
137 159
138 138
138 139
138 140
138 141
138 153
138 154
138 155
138 156
138 158
138 159
138 160
138 161
139 139
139 140
139 155
139 156
139 160
139 161
140 140
140 142
140 155
140 156
140 157
140 160
140 161
140 162
140 895
140 896
140 985
140 987
140 988
140 990
140 992
140 993
140 996
141 141
141 159
141 160
142 142
142 161
142 162
143 143
143 144
143 164
143 194
143 284
143 419
143 452
143 454
144 144
144 145
145 145
145 146
146 146
146 147
147 147
148 148
148 149
148 166
148 200
148 288
148 421
148 458
148 550
149 149
149 150
150 150
150 151
151 151
151 152
152 152
153 153
153 154
153 190
153 274
153 292
153 448
153 538
153 546
154 154
154 155
155 155
155 156
156 156
156 157
157 157
158 158
158 159
158 192
158 280
158 296
158 450
158 540
158 544
159 159
159 160
160 160
160 161
161 161
161 162
162 162
163 163
163 164
163 193
163 195
163 196
163 197
163 281
163 282
163 283
163 297
163 329
163 417
163 575
164 164
164 193
164 194
164 197
164 198
164 282
164 283
164 284
164 297
164 329
164 419
164 452
164 575
164 576
164 577
165 165
165 166
165 167
165 168
165 195
165 196
165 197
165 199
165 201
165 202
165 203
165 205
165 285
165 286
165 287
165 300
165 302
165 333
165 337
165 339
165 340
165 343
166 166
166 168
166 197
166 198
166 199
166 200
166 202
166 203
166 204
166 206
166 286
166 287
166 288
167 167
167 168
167 169
167 201
167 202
167 205
167 207
167 208
167 302
167 339
167 343
167 345
167 582
168 168
168 169
168 170
168 199
168 201
168 202
168 203
168 204
168 205
168 206
168 207
168 208
168 209
168 210
168 211
168 302
168 343
168 423
168 464
168 567
168 582
168 583
168 584
168 585
168 586
169 169
169 170
169 171
169 172
169 205
169 207
169 208
169 209
169 211
169 213
169 214
169 215
169 217
169 302
169 304
169 343
169 345
169 346
169 349
169 353
170 170
170 172
170 206
170 208
170 209
170 210
170 211
170 212
170 214
170 215
170 216
170 218
171 171
171 172
171 173
171 213
171 214
171 217
171 219
171 220
171 304
171 307
171 349
171 353
171 354
171 357
171 359
171 592
172 172
172 173
172 174
172 211
172 213
172 214
172 215
172 216
172 217
172 218
172 219
172 220
172 221
172 222
172 223
172 307
172 357
172 427
172 476
172 592
172 593
172 594
173 173
173 174
173 175
173 176
173 217
173 219
173 220
173 221
173 223
173 225
173 226
173 227
173 229
173 307
173 310
173 357
173 359
173 362
173 363
173 366
173 1024
173 1025
173 1056
173 1057
173 1058
173 1059
174 174
174 176
174 218
174 220
174 221
174 222
174 223
174 224
174 226
174 227
174 228
174 230
174 429
174 484
174 1024
174 1054
174 1055
174 1056
174 1058
175 175
175 176
175 177
175 225
175 226
175 229
175 231
175 232
175 310
175 363
175 366
175 368
176 176
176 177
176 178
176 223
176 225
176 226
176 227
176 228
176 229
176 230
176 231
176 232
176 233
176 234
176 235
177 177
177 178
177 179
177 180
177 229
177 231
177 232
177 233
177 235
177 237
177 238
177 239
177 241
177 310
177 312
177 366
177 368
177 369
177 372
177 373
177 1028
177 1029
177 1068
177 1069
177 1070
177 1071
178 178
178 180
178 230
178 232
178 233
178 234
178 235
178 236
178 238
178 239
178 240
178 242
178 435
178 500
178 1028
178 1066
178 1067
178 1068
178 1070
179 179
179 180
179 181
179 237
179 238
179 241
179 243
179 244
179 312
179 372
179 373
179 375
179 599
180 180
180 181
180 182
180 235
180 237
180 238
180 239
180 240
180 241
180 242
180 243
180 244
180 245
180 246
180 247
180 248
180 312
180 373
180 438
180 506
180 570
180 599
180 600
180 601
180 602
180 603
181 181
181 182
181 183
181 184
181 241
181 243
181 244
181 245
181 248
181 250
181 251
181 252
181 255
181 312
181 314
181 373
181 375
181 376
181 379
181 381
182 182
182 184
182 244
182 245
182 246
182 247
182 248
182 249
182 251
182 252
182 253
182 254
183 183
183 184
183 185
183 250
183 251
183 255
183 257
183 258
183 314
183 317
183 320
183 379
183 381
183 382
183 387
183 389
183 390
183 395
183 609
184 184
184 185
184 186
184 248
184 250
184 251
184 252
184 253
184 254
184 255
184 256
184 257
184 258
184 259
184 260
184 261
184 317
184 387
184 442
184 520
184 609
184 610
184 611
185 185
185 186
185 187
185 188
185 255
185 257
185 258
185 259
185 261
185 263
185 264
185 265
185 267
185 320
185 322
185 389
185 395
185 397
185 398
185 401
186 186
186 188
186 256
186 258
186 259
186 260
186 261
186 262
186 264
186 265
186 266
186 268
187 187
187 188
187 189
187 263
187 264
187 267
187 269
187 270
187 322
187 397
187 401
187 403
187 616
188 188
188 189
188 190
188 261
188 263
188 264
188 265
188 266
188 267
188 268
188 269
188 270
188 271
188 272
188 273
188 322
188 401
188 446
188 532
188 573
188 616
188 617
188 618
188 619
188 620
189 189
189 190
189 267
189 269
189 270
189 271
189 273
189 275
189 276
189 277
189 289
189 290
189 291
189 322
189 324
189 401
189 403
189 404
189 407
189 409
190 190
190 268
190 270
190 271
190 272
190 273
190 274
190 277
190 278
190 290
190 291
190 292
191 191
191 192
191 275
191 276
191 277
191 279
191 293
191 294
191 295
191 327
191 415
191 418
191 627
192 192
192 277
192 278
192 279
192 280
192 294
192 295
192 296
192 327
192 415
192 450
192 544
192 627
192 628
192 629
193 193
193 197
193 282
193 283
193 297
193 329
193 575
194 194
194 284
194 419
194 452
194 576
195 195
195 196
195 197
195 281
195 282
195 285
195 286
195 297
195 300
195 329
195 333
195 334
195 337
195 417
196 196
196 197
196 281
196 282
196 285
196 286
197 197
197 198
197 199
197 281
197 282
197 283
197 284
197 285
197 286
197 287
197 288
198 198
198 283
198 284
198 287
198 288
199 199
199 202
199 203
199 286
199 287
200 200
200 204
200 288
201 201
201 202
201 205
201 302
201 339
201 343
202 202
202 203
202 205
203 203
203 204
203 206
204 204
204 206
205 205
205 207
205 208
205 302
205 343
205 582
206 206
206 209
206 210
206 423
206 464
206 584
207 207
207 208
207 302
207 343
207 345
208 208
208 209
208 211
209 209
209 210
209 211
210 210
210 212
211 211
211 214
211 215
212 212
212 216
213 213
213 214
213 217
213 304
213 349
213 353
214 214
214 215
214 217
215 215
215 216
215 218
216 216
216 218
217 217
217 219
217 220
217 307
217 357
217 592
218 218
218 221
218 222
218 427
218 476
218 593
219 219
219 220
219 307
219 357
219 359
220 220
220 221
220 223
221 221
221 222
221 223
222 222
222 224
223 223
223 226
223 227
223 1024
223 1056
223 1058
224 224
224 228
224 429
224 484
224 1055
225 225
225 226
225 229
225 310
225 363
225 366
226 226
226 227
226 229
227 227
227 228
227 230
228 228
228 230
229 229
229 231
229 232
230 230
230 233
230 234
231 231
231 232
231 310
231 366
231 368
232 232
232 233
232 235
233 233
233 234
233 235
234 234
234 236
235 235
235 238
235 239
235 1028
235 1068
235 1070
236 236
236 240
236 435
236 500
236 1067
237 237
237 238
237 241
237 312
237 372
237 373
238 238
238 239
238 241
239 239
239 240
239 242
240 240
240 242
241 241
241 243
241 244
241 312
241 373
241 599
242 242
242 246
242 438
242 506
242 601
243 243
243 244
243 312
243 373
243 375
244 244
244 245
244 248
245 245
245 246
245 247
245 248
246 246
246 247
247 247
247 249
248 248
248 251
248 252
249 249
249 253
250 250
250 251
250 255
250 314
250 379
250 381
251 251
251 252
251 255
252 252
252 253
252 254
253 253
253 254
254 254
254 256
255 255
255 257
255 258
255 317
255 387
255 609
256 256
256 259
256 260
256 442
256 520
256 610
257 257
257 258
257 320
257 389
257 395
258 258
258 259
258 261
259 259
259 260
259 261
260 260
260 262
261 261
261 264
261 265
262 262
262 266
263 263
263 264
263 267
263 322
263 397
263 401
264 264
264 265
264 267
265 265
265 266
265 268
266 266
266 268
267 267
267 269
267 270
267 322
267 401
267 616
268 268
268 271
268 272
268 446
268 532
268 618
269 269
269 270
269 322
269 401
269 403
270 270
270 271
270 273
271 271
271 272
271 273
272 272
272 274
273 273
273 277
273 290
273 291
274 274
274 292
275 275
275 276
275 277
275 289
275 290
275 293
275 294
275 324
275 327
275 407
275 409
275 410
275 415
275 418
276 276
276 277
276 289
276 290
276 293
276 294
277 277
277 278
277 279
277 289
277 290
277 291
277 292
277 293
277 294
277 295
277 296
278 278
278 291
278 292
278 295
278 296
279 279
279 294
279 295
279 327
279 415
279 627
280 280
280 296
280 450
280 544
280 628
281 281
281 282
281 297
281 329
281 417
282 282
282 283
283 283
283 284
284 284
285 285
285 286
285 300
285 333
285 337
286 286
286 287
287 287
287 288
288 288
289 289
289 290
289 324
289 407
289 409
290 290
290 291
291 291
291 292
292 292
293 293
293 294
293 327
293 415
293 418
294 294
294 295
295 295
295 296
296 296
297 297
297 298
297 299
297 300
297 329
297 330
297 331
297 332
297 333
297 334
297 335
297 417
297 419
297 566
297 575
297 576
297 577
297 578
297 579
297 580
298 298
298 299
298 330
298 331
298 332
298 566
298 578
298 580
298 646
299 299
299 300
299 301
299 330
299 331
299 332
299 334
299 335
299 336
299 338
299 566
299 580
299 634
299 635
299 646
299 647
299 649
299 650
299 651
299 653
300 300
300 301
300 302
300 303
300 331
300 333
300 334
300 335
300 336
300 337
300 338
300 339
300 340
300 341
300 342
300 344
300 417
301 301
301 303
301 335
301 336
301 338
301 341
301 342
301 568
301 590
301 635
301 650
301 653
301 655
301 656
302 302
302 303
302 304
302 337
302 339
302 340
302 341
302 343
302 344
302 345
302 346
302 347
302 349
302 567
302 568
302 582
302 583
302 585
302 587
302 588
302 590
303 303
303 304
303 305
303 338
303 340
303 341
303 342
303 344
303 346
303 347
303 348
303 350
303 568
303 587
303 590
303 655
303 658
304 304
304 305
304 306
304 307
304 344
304 345
304 346
304 347
304 348
304 349
304 350
304 351
304 352
304 353
304 354
304 355
304 357
305 305
305 306
305 347
305 348
305 350
305 351
305 352
305 568
305 590
305 636
305 658
305 659
305 661
305 663
306 306
306 307
306 308
306 350
306 351
306 352
306 354
306 355
306 356
306 358
306 569
306 597
306 636
306 637
306 661
306 663
306 664
306 666
306 667
306 668
307 307
307 308
307 309
307 310
307 351
307 353
307 354
307 355
307 356
307 357
307 358
307 359
307 360
307 361
307 362
307 363
307 364
307 427
307 569
307 592
307 593
307 594
307 595
307 596
307 597
308 308
308 309
308 355
308 356
308 358
308 360
308 361
308 569
308 595
308 597
308 667
308 670
309 309
309 310
309 311
309 358
309 360
309 361
309 362
309 364
309 365
309 367
309 569
309 597
309 638
309 639
309 670
309 671
309 673
309 674
309 675
309 677
310 310
310 311
310 312
310 313
310 359
310 360
310 362
310 363
310 364
310 365
310 366
310 367
310 368
310 369
310 370
310 371
310 372
310 374
311 311
311 313
311 364
311 365
311 367
311 370
311 371
311 571
311 607
311 639
311 674
311 677
311 679
311 680
312 312
312 313
312 314
312 368
312 369
312 370
312 372
312 373
312 374
312 375
312 376
312 377
312 379
312 570
312 571
312 599
312 600
312 602
312 604
312 605
312 607
313 313
313 314
313 315
313 367
313 369
313 370
313 371
313 374
313 376
313 377
313 378
313 380
313 571
313 604
313 607
313 679
313 682
314 314
314 315
314 316
314 317
314 374
314 375
314 376
314 377
314 378
314 379
314 380
314 381
314 382
314 383
314 384
314 385
314 387
315 315
315 316
315 377
315 378
315 380
315 383
315 384
315 571
315 607
315 640
315 682
315 683
315 685
315 687
316 316
316 317
316 318
316 380
316 382
316 383
316 384
316 385
316 386
316 388
316 572
316 614
316 640
316 641
316 685
316 687
316 688
316 690
316 691
316 692
317 317
317 318
317 319
317 320
317 381
317 382
317 383
317 385
317 386
317 387
317 388
317 389
317 390
317 391
317 392
317 393
317 442
317 572
317 609
317 610
317 611
317 612
317 613
317 614
318 318
318 319
318 385
318 386
318 388
318 391
318 392
318 572
318 612
318 614
318 691
318 694
319 319
319 320
319 321
319 388
319 390
319 391
319 392
319 393
319 394
319 396
319 572
319 614
319 642
319 643
319 694
319 695
319 697
319 698
319 699
319 701
320 320
320 321
320 322
320 323
320 387
320 389
320 390
320 391
320 393
320 394
320 395
320 396
320 397
320 398
320 399
320 400
320 402
321 321
321 323
321 393
321 394
321 396
321 399
321 400
321 574
321 624
321 643
321 698
321 701
321 703
321 704
322 322
322 323
322 324
322 395
322 397
322 398
322 399
322 401
322 402
322 403
322 404
322 405
322 407
322 573
322 574
322 616
322 617
322 619
322 621
322 622
322 624
323 323
323 324
323 325
323 396
323 398
323 399
323 400
323 402
323 404
323 405
323 406
323 408
323 574
323 621
323 624
323 703
323 706
324 324
324 325
324 326
324 327
324 402
324 403
324 404
324 405
324 406
324 407
324 408
324 409
324 410
324 411
324 412
324 413
324 418
325 325
325 326
325 405
325 406
325 408
325 411
325 412
325 574
325 624
325 644
325 706
325 707
325 709
325 711
326 326
326 327
326 328
326 408
326 410
326 411
326 412
326 413
326 414
326 416
326 626
326 632
326 644
326 645
326 709
326 711
326 712
326 714
326 715
326 716
327 327
327 328
327 409
327 410
327 411
327 413
327 414
327 415
327 416
327 418
327 450
327 626
327 627
327 628
327 629
327 630
327 631
327 632
328 328
328 413
328 414
328 416
328 626
328 630
328 632
328 715
329 329
329 417
329 575
330 330
330 331
330 332
330 566
330 578
330 580
331 331
331 332
331 334
331 335
332 332
332 566
332 580
332 646
333 333
333 334
333 337
333 417
334 334
334 335
334 417
335 335
335 336
335 338
336 336
336 338
336 635
336 650
336 653
337 337
337 339
337 340
338 338
338 341
338 342
339 339
339 340
339 343
340 340
340 341
340 344
341 341
341 342
341 344
342 342
342 568
342 590
342 655
343 343
343 345
343 582
344 344
344 346
344 347
344 568
344 587
344 590
345 345
345 346
345 349
346 346
346 347
346 349
347 347
347 348
347 350
348 348
348 350
348 568
348 590
348 658
349 349
349 353
350 350
350 351
350 352
351 351
351 352
351 354
351 355
352 352
352 636
352 661
352 663
353 353
353 354
353 357
354 354
354 355
354 357
355 355
355 356
355 358
356 356
356 358
356 569
356 597
356 667
357 357
357 359
357 592
358 358
358 360
358 361
358 569
358 595
358 597
359 359
359 362
359 363
360 360
360 361
360 362
360 364
361 361
361 569
361 597
361 670
362 362
362 363
362 364
363 363
363 366
364 364
364 365
364 367
365 365
365 367
365 639
365 674
365 677
366 366
366 368
367 367
367 370
367 371
368 368
368 369
368 372
369 369
369 370
369 372
369 374
370 370
370 371
370 374
371 371
371 571
371 607
371 679
372 372
372 373
373 373
373 375
373 599
374 374
374 376
374 377
374 571
374 604
374 607
375 375
375 376
375 379
376 376
376 377
376 379
377 377
377 378
377 380
378 378
378 380
378 571
378 607
378 682
379 379
379 381
380 380
380 383
380 384
381 381
381 382
381 387
382 382
382 383
382 385
382 387
383 383
383 384
383 385
384 384
384 640
384 685
384 687
385 385
385 386
385 388
386 386
386 388
386 572
386 614
386 691
387 387
387 389
387 390
387 609
388 388
388 391
388 392
388 572
388 612
388 614
389 389
389 390
389 395
390 390
390 391
390 393
391 391
391 392
391 393
392 392
392 572
392 614
392 694
393 393
393 394
393 396
394 394
394 396
394 643
394 698
394 701
395 395
395 397
395 398
396 396
396 399
396 400
397 397
397 398
397 401
398 398
398 399
398 402
399 399
399 400
399 402
400 400
400 574
400 624
400 703
401 401
401 403
401 616
402 402
402 404
402 405
402 574
402 621
402 624
403 403
403 404
403 407
404 404
404 405
404 407
405 405
405 406
405 408
406 406
406 408
406 574
406 624
406 706
407 407
407 409
408 408
408 411
408 412
409 409
409 410
409 418
410 410
410 411
410 413
410 418
411 411
411 412
411 413
412 412
412 644
412 709
412 711
413 413
413 414
413 416
414 414
414 416
414 626
414 632
414 715
415 415
415 418
415 627
416 416
416 626
416 630
416 632
417 417
418 418
419 419
419 420
419 421
419 452
419 453
419 454
419 455
419 456
419 457
419 550
419 551
419 553
419 566
419 575
419 576
419 577
419 578
419 579
419 581
420 420
420 453
420 456
420 457
420 551
420 566
420 579
420 581
420 634
420 647
420 648
420 726
420 728
420 754
420 756
420 757
420 868
420 869
421 421
421 422
421 423
421 424
421 454
421 455
421 456
421 457
421 458
421 459
421 460
421 461
421 462
421 463
421 465
421 550
421 552
421 553
422 422
422 424
422 457
422 459
422 462
422 463
422 552
422 553
422 634
422 635
422 651
422 652
422 654
422 657
422 726
422 730
422 732
422 756
422 757
422 760
422 762
422 763
422 766
422 872
422 873
423 423
423 424
423 425
423 458
423 460
423 461
423 462
423 464
423 465
423 466
423 467
423 468
423 470
423 567
423 568
423 583
423 584
423 586
423 588
423 589
423 591
424 424
424 425
424 426
424 459
424 461
424 462
424 463
424 465
424 467
424 468
424 469
424 471
424 568
424 589
424 591
424 635
424 636
424 654
424 656
424 657
424 659
424 660
424 662
424 732
424 762
424 766
424 768
425 425
425 426
425 427
425 465
425 466
425 467
425 468
425 469
425 470
425 471
425 472
425 473
425 474
425 475
425 554
425 558
426 426
426 468
426 469
426 471
426 474
426 475
426 554
426 636
426 637
426 660
426 662
426 664
426 665
426 722
426 732
426 734
426 766
426 768
426 769
426 772
426 774
426 775
426 828
426 829
427 427
427 428
427 429
427 430
427 431
427 470
427 472
427 473
427 474
427 475
427 476
427 477
427 478
427 479
427 480
427 481
427 482
427 487
427 488
427 555
427 558
427 569
427 592
427 593
427 594
427 595
427 596
427 598
428 428
428 431
428 475
428 477
428 481
428 482
428 483
428 555
428 556
428 558
428 559
428 569
428 596
428 598
428 637
428 638
428 668
428 669
428 671
428 672
428 722
428 723
428 736
428 774
428 775
428 778
428 780
428 781
428 832
428 833
428 836
428 837
429 429
429 430
429 436
429 476
429 478
429 479
429 480
429 484
429 485
429 486
429 487
429 1016
429 1017
429 1023
429 1024
429 1030
429 1031
429 1032
429 1033
429 1051
429 1052
429 1053
429 1054
429 1055
429 1056
430 430
430 431
430 479
430 480
430 481
430 487
430 488
430 1017
430 1031
430 1033
430 1034
431 431
431 432
431 437
431 477
431 480
431 481
431 482
431 483
431 488
431 489
431 490
431 492
431 556
431 557
431 559
431 1017
431 1018
431 1019
431 1033
431 1034
431 1035
431 1036
431 1037
431 1038
431 1039
432 432
432 433
432 437
432 489
432 490
432 492
432 497
432 498
432 1019
432 1026
432 1037
432 1039
432 1040
432 1060
432 1061
433 433
433 434
433 437
433 438
433 439
433 492
433 496
433 497
433 498
433 499
433 503
433 504
433 505
433 507
433 1019
433 1020
433 1021
433 1039
433 1040
433 1041
433 1042
433 1043
433 1044
433 1045
434 434
434 435
434 438
434 495
434 496
434 502
434 503
434 504
434 1021
434 1043
434 1045
434 1046
435 435
435 436
435 438
435 493
435 494
435 495
435 500
435 501
435 502
435 503
435 506
435 1021
435 1022
435 1023
435 1028
435 1045
435 1046
435 1047
435 1048
435 1049
435 1050
435 1051
435 1066
435 1067
435 1068
436 436
436 484
436 485
436 486
436 491
436 493
436 494
436 500
436 1023
436 1049
436 1051
436 1052
437 437
437 439
437 483
437 489
437 490
437 492
437 497
437 498
437 499
437 505
437 557
437 559
437 676
437 719
437 720
437 721
437 738
437 740
437 780
437 781
437 784
437 786
437 787
437 790
437 840
437 841
437 1026
437 1060
437 1061
437 1062
438 438
438 439
438 440
438 495
438 496
438 501
438 502
438 503
438 504
438 505
438 506
438 507
438 508
438 509
438 510
438 512
438 570
438 571
438 600
438 601
438 603
438 605
438 606
438 608
439 439
439 440
439 441
439 498
439 499
439 504
439 505
439 507
439 509
439 510
439 511
439 514
439 571
439 606
439 608
439 640
439 676
439 683
439 684
439 686
439 718
439 720
439 721
439 740
439 786
439 790
439 792
440 440
440 441
440 442
440 507
440 508
440 509
440 510
440 511
440 512
440 513
440 514
440 515
440 516
440 517
440 518
440 519
440 560
440 564
441 441
441 510
441 511
441 514
441 517
441 518
441 560
441 640
441 641
441 684
441 686
441 688
441 689
441 724
441 740
441 742
441 790
441 792
441 793
441 796
441 798
441 799
441 844
441 845
442 442
442 443
442 444
442 515
442 516
442 517
442 518
442 519
442 520
442 521
442 522
442 523
442 524
442 525
442 526
442 561
442 562
442 564
442 565
442 572
442 609
442 610
442 611
442 612
442 613
442 615
443 443
443 518
443 521
443 525
443 561
443 562
443 564
443 565
443 572
443 613
443 615
443 641
443 642
443 692
443 693
443 695
443 696
443 724
443 725
443 731
443 744
443 798
443 799
443 802
443 804
443 805
443 847
443 848
443 852
443 853
444 444
444 445
444 446
444 447
444 522
444 523
444 524
444 525
444 526
444 527
444 528
444 529
444 530
444 531
444 533
444 563
444 565
445 445
445 447
445 524
445 525
445 527
445 530
445 531
445 563
445 642
445 643
445 699
445 700
445 702
445 705
445 725
445 746
445 748
445 804
445 805
445 808
445 810
445 811
445 814
445 856
445 857
446 446
446 447
446 448
446 526
446 528
446 529
446 530
446 532
446 533
446 534
446 535
446 536
446 538
446 573
446 574
446 617
446 618
446 620
446 622
446 623
446 625
447 447
447 448
447 449
447 527
447 529
447 530
447 531
447 533
447 535
447 536
447 537
447 539
447 574
447 623
447 625
447 643
447 644
447 702
447 704
447 705
447 707
447 708
447 710
447 748
447 810
447 814
447 816
448 448
448 449
448 450
448 533
448 534
448 535
448 536
448 537
448 538
448 539
448 540
448 541
448 542
448 543
448 546
448 548
448 549
449 449
449 536
449 537
449 539
449 543
449 548
449 549
449 644
449 645
449 708
449 710
449 712
449 713
449 727
449 748
449 750
449 814
449 816
449 817
449 820
449 822
449 823
449 860
449 861
450 450
450 451
450 540
450 541
450 542
450 543
450 544
450 545
450 546
450 547
450 549
450 626
450 627
450 628
450 629
450 630
450 631
450 633
451 451
451 542
451 543
451 545
451 547
451 626
451 631
451 633
451 645
451 716
451 717
451 727
451 752
451 822
451 823
451 826
451 863
451 864
452 452
452 454
452 576
453 453
453 456
453 457
453 551
453 566
453 579
453 581
454 454
454 455
454 550
455 455
455 456
455 457
455 550
455 553
456 456
456 457
456 551
456 553
457 457
457 459
457 551
457 552
457 553
457 634
457 648
457 652
457 726
457 756
457 757
457 868
457 872
458 458
458 460
458 461
458 550
459 459
459 462
459 463
459 552
459 553
460 460
460 461
460 464
461 461
461 462
461 465
462 462
462 463
462 465
463 463
463 635
463 654
463 657
463 732
463 762
463 766
464 464
464 466
464 584
465 465
465 467
465 468
465 568
465 589
465 591
466 466
466 467
466 470
467 467
467 468
467 470
468 468
468 469
468 471
469 469
469 471
469 636
469 660
469 662
469 732
469 766
469 768
470 470
470 472
470 473
471 471
471 474
471 475
471 554
472 472
472 473
472 476
473 473
473 474
473 475
473 558
474 474
474 475
474 554
474 558
475 475
475 477
475 554
475 555
475 558
475 637
475 665
475 669
475 722
475 774
475 775
475 828
475 832
476 476
476 478
476 479
476 593
477 477
477 481
477 482
477 555
477 558
477 569
477 596
477 598
478 478
478 479
478 484
479 479
479 480
479 487
480 480
480 481
480 487
480 488
481 481
481 482
481 488
482 482
482 483
482 556
482 559
483 483
483 490
483 556
483 557
483 559
483 638
483 672
483 676
483 678
483 719
483 720
483 723
483 780
483 781
483 836
483 840
484 484
484 485
484 486
484 1055
485 485
485 486
485 491
486 486
486 1023
486 1051
486 1052
487 487
487 1017
487 1031
487 1033
488 488
488 1017
488 1033
488 1034
489 489
489 490
489 492
489 1019
489 1037
489 1039
490 490
490 492
490 557
490 559
491 491
491 493
492 492
492 497
492 498
492 1026
492 1060
492 1061
493 493
493 494
493 500
494 494
494 500
494 1023
494 1049
494 1051
495 495
495 502
495 503
495 1021
495 1045
495 1046
496 496
496 503
496 504
496 1021
496 1043
496 1045
497 497
497 498
497 1019
497 1039
497 1040
498 498
498 499
498 505
499 499
499 505
499 676
499 720
499 721
499 740
499 786
499 790
500 500
500 501
500 1067
501 501
501 502
501 506
502 502
502 503
502 506
503 503
503 504
504 504
504 505
504 507
505 505
505 507
506 506
506 508
506 601
507 507
507 509
507 510
507 571
507 606
507 608
508 508
508 509
508 512
509 509
509 510
509 512
510 510
510 511
510 514
511 511
511 514
511 640
511 684
511 686
511 740
511 790
511 792
512 512
512 513
513 513
513 515
514 514
514 517
514 518
514 560
515 515
515 516
515 519
516 516
516 517
516 518
516 519
516 564
517 517
517 518
517 560
517 564
518 518
518 521
518 560
518 561
518 564
518 641
518 689
518 693
518 724
518 798
518 799
518 844
518 848
519 519
519 520
520 520
520 522
520 610
521 521
521 525
521 561
521 562
521 564
521 565
521 572
521 613
521 615
522 522
522 523
522 526
523 523
523 524
523 525
523 526
523 565
524 524
524 525
524 527
524 563
524 565
525 525
525 527
525 562
525 563
525 565
525 642
525 696
525 700
525 725
525 804
525 805
525 852
525 856
526 526
526 528
526 529
527 527
527 530
527 531
527 563
528 528
528 529
528 532
529 529
529 530
529 533
530 530
530 531
530 533
531 531
531 643
531 702
531 705
531 748
531 810
531 814
532 532
532 534
532 618
533 533
533 535
533 536
533 574
533 623
533 625
534 534
534 535
534 538
535 535
535 536
535 538
536 536
536 537
536 539
537 537
537 539
537 644
537 708
537 710
537 748
537 814
537 816
538 538
538 546
539 539
539 543
539 548
539 549
540 540
540 541
540 544
540 546
541 541
541 542
541 543
541 546
541 549
542 542
542 543
542 545
542 547
542 549
543 543
543 545
543 547
543 548
543 549
543 645
543 713
543 717
543 727
543 822
543 823
543 860
543 864
544 544
544 628
545 545
545 547
545 626
545 631
545 633
546 546
547 547
547 645
547 717
547 727
547 822
547 823
547 864
548 548
548 549
548 645
548 713
548 727
548 822
548 823
548 860
549 549
550 550
551 551
551 634
551 648
551 726
551 756
551 757
551 868
552 552
552 553
552 634
552 652
552 726
552 756
552 757
552 872
553 553
554 554
554 637
554 665
554 722
554 774
554 775
554 828
555 555
555 558
555 637
555 669
555 722
555 774
555 775
555 832
556 556
556 559
556 638
556 672
556 723
556 780
556 781
556 836
557 557
557 559
557 676
557 719
557 720
557 780
557 781
557 840
558 558
559 559
560 560
560 641
560 689
560 724
560 798
560 799
560 844
561 561
561 564
561 641
561 693
561 724
561 798
561 799
561 848
562 562
562 565
562 642
562 696
562 725
562 804
562 805
562 852
563 563
563 642
563 700
563 725
563 804
563 805
563 856
564 564
565 565
566 566
566 577
566 578
566 579
566 580
566 581
566 634
566 646
566 647
566 648
566 649
567 567
567 568
567 582
567 583
567 584
567 585
567 586
567 587
567 588
567 589
568 568
568 585
568 586
568 587
568 588
568 589
568 590
568 591
568 635
568 636
568 653
568 655
568 656
568 657
568 658
568 659
568 660
568 661
569 569
569 594
569 595
569 596
569 597
569 598
569 637
569 638
569 666
569 667
569 668
569 669
569 670
569 671
569 672
569 673
570 570
570 571
570 599
570 600
570 601
570 602
570 603
570 604
570 605
570 606
571 571
571 602
571 603
571 604
571 605
571 606
571 607
571 608
571 639
571 640
571 676
571 677
571 679
571 680
571 681
571 682
571 683
571 684
571 685
571 718
571 721
572 572
572 611
572 612
572 613
572 614
572 615
572 641
572 642
572 690
572 691
572 692
572 693
572 694
572 695
572 696
572 697
573 573
573 574
573 616
573 617
573 618
573 619
573 620
573 621
573 622
573 623
574 574
574 619
574 620
574 621
574 622
574 623
574 624
574 625
574 643
574 644
574 701
574 703
574 704
574 705
574 706
574 707
574 708
574 709
575 575
575 576
575 577
576 576
576 577
577 577
577 578
577 579
578 578
578 579
578 580
579 579
579 581
580 580
580 646
581 581
581 634
581 647
581 648
582 582
582 583
582 585
583 583
583 584
583 585
583 586
584 584
584 586
585 585
585 587
585 588
586 586
586 588
586 589
587 587
587 588
587 590
588 588
588 589
589 589
589 591
590 590
590 655
590 658
591 591
591 635
591 636
591 656
591 657
591 659
591 660
592 592
592 593
592 594
593 593
593 594
594 594
594 595
594 596
595 595
595 596
595 597
596 596
596 598
597 597
597 667
597 670
598 598
598 637
598 638
598 668
598 669
598 671
598 672
599 599
599 600
599 602
600 600
600 601
600 602
600 603
601 601
601 603
602 602
602 604
602 605
603 603
603 605
603 606
604 604
604 605
604 607
605 605
605 606
606 606
606 608
607 607
607 679
607 682
608 608
608 640
608 676
608 683
608 684
608 718
608 721
609 609
609 610
609 611
610 610
610 611
611 611
611 612
611 613
612 612
612 613
612 614
613 613
613 615
614 614
614 691
614 694
615 615
615 641
615 642
615 692
615 693
615 695
615 696
616 616
616 617
616 619
617 617
617 618
617 619
617 620
618 618
618 620
619 619
619 621
619 622
620 620
620 622
620 623
621 621
621 622
621 624
622 622
622 623
623 623
623 625
624 624
624 703
624 706
625 625
625 643
625 644
625 704
625 705
625 707
625 708
626 626
626 629
626 630
626 631
626 632
626 633
626 645
626 714
626 715
626 716
626 717
627 627
627 628
627 629
628 628
628 629
629 629
629 630
629 631
630 630
630 631
630 632
631 631
631 633
632 632
632 715
633 633
633 645
633 716
633 717
634 634
634 635
634 646
634 647
634 648
634 649
634 650
634 651
634 652
634 654
634 726
635 635
635 649
635 650
635 651
635 652
635 653
635 654
635 655
635 656
635 657
636 636
636 637
636 658
636 659
636 660
636 661
636 662
636 663
636 664
636 665
636 666
637 637
637 662
637 663
637 664
637 665
637 666
637 667
637 668
637 669
637 722
638 638
638 639
638 670
638 671
638 672
638 673
638 674
638 675
638 676
638 678
638 681
638 719
638 723
639 639
639 673
639 674
639 675
639 676
639 677
639 678
639 679
639 680
639 681
639 718
639 1027
639 1063
639 1065
640 640
640 641
640 682
640 683
640 684
640 685
640 686
640 687
640 688
640 689
640 690
641 641
641 686
641 687
641 688
641 689
641 690
641 691
641 692
641 693
641 724
642 642
642 643
642 694
642 695
642 696
642 697
642 698
642 699
642 700
642 702
642 725
643 643
643 697
643 698
643 699
643 700
643 701
643 702
643 703
643 704
643 705
644 644
644 645
644 706
644 707
644 708
644 709
644 710
644 711
644 712
644 713
644 714
645 645
645 710
645 711
645 712
645 713
645 714
645 715
645 716
645 717
645 727
646 646
646 647
646 649
647 647
647 648
647 649
648 648
648 726
649 649
649 650
649 651
650 650
650 651
650 653
651 651
651 652
651 654
652 652
652 654
652 726
653 653
653 655
653 656
654 654
654 657
655 655
655 656
656 656
656 657
657 657
658 658
658 659
658 661
659 659
659 660
659 661
660 660
660 662
661 661
661 663
662 662
662 664
662 665
663 663
663 664
663 666
664 664
664 665
664 666
665 665
665 722
666 666
666 667
666 668
667 667
667 668
668 668
668 669
669 669
669 722
670 670
670 671
670 673
671 671
671 672
671 673
672 672
672 723
673 673
673 674
673 675
674 674
674 675
674 677
675 675
675 676
675 678
675 681
676 676
676 678
676 680
676 681
676 718
676 719
676 720
676 721
676 723
676 1026
676 1027
676 1060
676 1062
676 1063
676 1064
676 1065
677 677
677 679
677 680
678 678
678 681
678 719
678 723
679 679
679 680
680 680
680 681
680 718
681 681
681 718
681 1027
681 1063
681 1065
682 682
682 683
682 685
683 683
683 684
683 685
684 684
684 686
685 685
685 687
686 686
686 688
686 689
687 687
687 688
687 690
688 688
688 689
688 690
689 689
689 724
690 690
690 691
690 692
691 691
691 692
692 692
692 693
693 693
693 724
694 694
694 695
694 697
695 695
695 696
695 697
696 696
696 725
697 697
697 698
697 699
698 698
698 699
698 701
699 699
699 700
699 702
700 700
700 702
700 725
701 701
701 703
701 704
702 702
702 705
703 703
703 704
704 704
704 705
705 705
706 706
706 707
706 709
707 707
707 708
707 709
708 708
708 710
709 709
709 711
710 710
710 712
710 713
711 711
711 712
711 714
712 712
712 713
712 714
713 713
713 727
714 714
714 715
714 716
715 715
715 716
716 716
716 717
717 717
717 727
718 718
718 721
719 719
719 720
719 723
720 720
720 721
720 1026
720 1060
720 1062
721 721
722 722
723 723
724 724
725 725
726 726
727 727
728 728
728 729
728 754
728 755
728 757
728 758
728 759
728 868
728 869
728 870
728 871
729 729
729 755
729 759
729 870
729 871
729 876
729 898
729 902
729 903
729 1011
730 730
730 731
730 732
730 733
730 757
730 758
730 759
730 760
730 761
730 762
730 763
730 764
730 765
730 767
730 872
730 873
730 874
730 875
731 731
731 733
731 744
731 750
731 759
731 761
731 764
731 765
731 799
731 814
731 822
731 847
731 848
731 855
731 863
731 874
731 875
731 877
731 903
731 905
731 909
731 910
731 999
731 1010
732 732
732 733
732 734
732 760
732 762
732 763
732 764
732 766
732 767
732 768
732 769
732 770
732 772
733 733
733 734
733 735
733 761
733 763
733 764
733 765
733 767
733 769
733 770
733 771
733 773
733 877
733 878
733 879
733 905
733 908
733 909
733 910
733 912
733 915
733 916
733 917
733 919
734 734
734 735
734 767
734 768
734 769
734 770
734 771
734 772
734 773
734 775
734 776
734 777
734 828
734 829
734 830
734 831
735 735
735 770
735 771
735 773
735 777
735 830
735 831
735 879
735 916
735 917
735 919
735 923
735 924
735 1009
736 736
736 737
736 775
736 776
736 777
736 778
736 779
736 781
736 782
736 783
736 832
736 833
736 834
736 835
736 836
736 837
736 838
736 839
737 737
737 777
737 779
737 783
737 834
737 835
737 838
737 839
737 880
737 883
737 924
737 926
737 930
737 931
737 1007
737 1008
737 1012
737 1015
738 738
738 739
738 740
738 741
738 781
738 782
738 783
738 784
738 785
738 786
738 787
738 788
738 789
738 791
738 840
738 841
738 842
738 843
739 739
739 741
739 783
739 785
739 788
739 789
739 842
739 843
739 883
739 884
739 934
739 935
739 947
739 1006
739 1015
740 740
740 741
740 742
740 784
740 786
740 787
740 788
740 790
740 791
740 792
740 793
740 794
740 796
741 741
741 742
741 743
741 785
741 787
741 788
741 789
741 791
741 793
741 794
741 795
741 797
741 884
741 888
741 890
741 935
741 946
741 947
741 949
741 952
741 953
741 954
741 958
742 742
742 743
742 791
742 792
742 793
742 794
742 795
742 796
742 797
742 799
742 800
742 801
742 844
742 845
742 846
742 847
743 743
743 794
743 795
743 797
743 801
743 846
743 847
743 890
743 953
743 954
743 958
743 962
743 963
743 1005
744 744
744 745
744 799
744 800
744 801
744 802
744 803
744 805
744 806
744 807
744 847
744 848
744 849
744 850
744 851
744 852
744 853
744 854
744 855
745 745
745 801
745 803
745 807
745 850
745 851
745 854
745 855
745 892
745 963
745 967
745 972
745 1003
745 1004
745 1013
745 1014
746 746
746 747
746 748
746 749
746 805
746 806
746 807
746 808
746 809
746 810
746 811
746 812
746 813
746 815
746 856
746 857
746 858
746 859
747 747
747 749
747 807
747 809
747 812
747 813
747 858
747 859
747 893
747 971
747 972
747 974
747 978
747 979
747 1002
748 748
748 749
748 750
748 808
748 810
748 811
748 812
748 814
748 815
748 816
748 817
748 818
748 820
749 749
749 750
749 751
749 809
749 811
749 812
749 813
749 815
749 817
749 818
749 819
749 821
749 893
749 894
749 895
749 974
749 977
749 978
749 979
749 981
749 983
749 984
749 986
750 750
750 751
750 814
750 815
750 816
750 817
750 818
750 819
750 820
750 821
750 822
750 823
750 824
750 825
750 855
750 860
750 861
750 862
750 863
751 751
751 818
751 819
751 821
751 825
751 863
751 895
751 984
751 986
751 989
751 1001
752 752
752 753
752 823
752 824
752 825
752 826
752 827
752 863
752 864
752 865
752 866
752 867
753 753
753 825
753 827
753 866
753 867
753 896
753 991
753 997
753 1000
754 754
754 757
754 868
754 869
755 755
755 759
755 870
755 871
756 756
756 757
756 868
756 872
757 757
757 758
757 759
757 760
757 868
757 869
757 870
757 872
757 873
757 874
758 758
758 759
758 869
758 870
758 873
758 874
759 759
759 761
759 869
759 870
759 871
759 873
759 874
759 875
760 760
760 762
760 763
760 872
760 873
761 761
761 764
761 765
761 874
761 875
762 762
762 763
762 766
763 763
763 764
763 767
764 764
764 765
764 767
765 765
766 766
766 768
767 767
767 769
767 770
768 768
768 769
768 772
769 769
769 770
769 772
770 770
770 771
770 773
771 771
771 773
772 772
772 775
772 828
772 829
773 773
773 777
773 830
773 831
774 774
774 775
774 828
774 832
775 775
775 776
775 777
775 778
775 828
775 829
775 830
775 832
775 833
775 834
776 776
776 777
776 829
776 830
776 833
776 834
777 777
777 779
777 829
777 830
777 831
777 833
777 834
777 835
778 778
778 781
778 832
778 833
778 836
778 837
779 779
779 783
779 834
779 835
779 838
779 839
780 780
780 781
780 836
780 840
781 781
781 782
781 783
781 784
781 836
781 837
781 838
781 840
781 841
781 842
782 782
782 783
782 837
782 838
782 841
782 842
783 783
783 785
783 837
783 838
783 839
783 841
783 842
783 843
783 883
783 931
783 934
783 1006
783 1007
783 1015
784 784
784 786
784 787
784 840
784 841
785 785
785 788
785 789
785 842
785 843
786 786
786 787
786 790
787 787
787 788
787 791
788 788
788 789
788 791
789 789
789 884
789 935
789 947
790 790
790 792
791 791
791 793
791 794
792 792
792 793
792 796
793 793
793 794
793 796
794 794
794 795
794 797
795 795
795 797
796 796
796 799
796 844
796 845
797 797
797 801
797 846
797 847
798 798
798 799
798 844
798 848
799 799
799 800
799 801
799 844
799 845
799 846
799 847
799 848
799 849
799 850
800 800
800 801
800 845
800 846
800 849
800 850
801 801
801 803
801 845
801 846
801 847
801 849
801 850
801 851
802 802
802 805
802 852
802 853
803 803
803 807
803 850
803 851
803 854
803 855
804 804
804 805
804 852
804 856
805 805
805 806
805 807
805 808
805 847
805 852
805 853
805 856
805 857
805 858
806 806
806 807
806 847
806 853
806 857
806 858
807 807
807 809
807 847
807 853
807 854
807 855
807 857
807 858
807 859
808 808
808 810
808 811
808 856
808 857
809 809
809 812
809 813
809 858
809 859
810 810
810 811
810 814
811 811
811 812
811 815
812 812
812 813
812 815
813 813
814 814
814 816
814 822
814 855
814 863
815 815
815 817
815 818
816 816
816 817
816 820
817 817
817 818
817 820
818 818
818 819
818 821
819 819
819 821
819 895
819 984
819 986
820 820
820 823
820 860
820 861
821 821
822 822
822 823
822 855
822 860
822 863
822 864
823 823
823 824
823 825
823 826
823 860
823 861
823 862
823 863
823 864
823 865
823 866
824 824
824 825
824 861
824 862
824 865
824 866
825 825
825 827
825 861
825 862
825 863
825 865
825 866
825 867
825 895
825 896
825 986
825 988
825 989
825 991
825 997
825 1000
825 1001
826 826
826 863
826 864
827 827
827 866
827 867
828 828
828 829
829 829
829 830
830 830
830 831
831 831
832 832
832 833
833 833
833 834
834 834
834 835
835 835
836 836
836 837
837 837
837 838
838 838
838 839
839 839
840 840
840 841
841 841
841 842
842 842
842 843
843 843
844 844
844 845
845 845
845 846
846 846
846 847
847 847
847 848
847 853
848 848
849 849
849 850
850 850
850 851
851 851
852 852
852 853
853 853
854 854
854 855
855 855
855 863
856 856
856 857
857 857
857 858
858 858
858 859
859 859
860 860
860 861
861 861
861 862
862 862
863 863
863 864
864 864
865 865
865 866
866 866
866 867
867 867
868 868
868 869
869 869
869 870
870 870
870 871
871 871
872 872
872 873
873 873
873 874
874 874
874 875
875 875
876 876
876 877
876 897
876 898
876 899
876 900
876 901
876 902
876 903
876 995
876 998
876 999
876 1011
877 877
877 878
877 899
877 900
877 901
877 902
877 903
877 904
877 905
877 907
877 908
877 909
877 910
877 912
877 994
877 998
877 999
877 1010
878 878
878 879
878 904
878 906
878 907
878 908
878 909
878 911
878 912
878 913
878 914
878 915
878 916
878 918
879 879
879 880
879 912
879 914
879 915
879 916
879 917
879 918
879 919
879 921
879 922
879 923
879 924
879 1009
879 1012
880 880
880 881
880 882
880 883
880 918
880 920
880 921
880 922
880 923
880 924
880 925
880 926
880 927
880 928
880 929
880 930
880 931
880 932
880 933
880 1008
880 1012
881 881
881 882
881 887
881 925
881 927
881 928
881 929
881 932
881 939
881 940
881 941
882 882
882 883
882 928
882 929
882 930
882 932
882 933
883 883
883 926
883 929
883 930
883 931
883 933
883 934
883 1006
883 1007
883 1015
884 884
884 885
884 888
884 935
884 936
884 945
884 946
884 947
884 949
885 885
885 886
885 888
885 936
885 937
885 944
885 945
885 946
886 886
886 887
886 888
886 937
886 938
886 941
886 942
886 943
886 944
886 945
886 948
887 887
887 938
887 939
887 940
887 941
887 942
888 888
888 889
888 890
888 936
888 937
888 943
888 944
888 945
888 946
888 947
888 948
888 949
888 950
888 951
888 952
888 953
888 956
889 889
889 890
889 948
889 950
889 951
889 952
889 955
889 956
889 957
890 890
890 891
890 892
890 949
890 951
890 952
890 953
890 954
890 955
890 956
890 957
890 958
890 959
890 960
890 961
890 962
890 963
890 965
890 1005
890 1013
891 891
891 892
891 957
891 959
891 960
891 961
891 964
891 965
891 966
892 892
892 893
892 960
892 961
892 962
892 963
892 964
892 965
892 966
892 967
892 968
892 969
892 970
892 971
892 972
892 973
892 1003
892 1004
892 1013
892 1014
893 893
893 894
893 969
893 970
893 971
893 972
893 973
893 974
893 976
893 977
893 978
893 979
893 981
893 1002
893 1014
894 894
894 895
894 973
894 975
894 976
894 977
894 978
894 980
894 981
894 982
894 983
894 984
894 985
895 895
895 896
895 981
895 982
895 983
895 984
895 985
895 986
895 987
895 988
895 989
895 993
895 996
895 997
895 1001
896 896
896 987
896 988
896 989
896 990
896 991
896 992
896 996
896 997
896 1000
897 897
897 899
897 900
897 995
898 898
898 902
898 903
898 1011
899 899
899 900
899 901
899 904
899 994
899 995
899 998
900 900
900 901
900 995
900 998
901 901
901 902
901 903
901 998
901 999
902 902
902 903
902 999
902 1011
903 903
903 905
903 999
903 1010
903 1011
904 904
904 907
904 908
904 994
904 998
905 905
905 909
905 910
905 999
905 1010
906 906
906 907
906 911
907 907
907 908
907 911
908 908
908 909
908 912
909 909
909 910
909 912
910 910
911 911
911 913
911 914
912 912
912 915
912 916
913 913
913 914
914 914
914 915
914 918
915 915
915 916
915 918
916 916
916 917
916 919
917 917
917 919
918 918
918 921
918 922
919 919
919 923
919 924
919 1009
920 920
920 921
920 925
921 921
921 922
921 925
922 922
922 923
922 924
922 1012
923 923
923 924
923 1009
923 1012
924 924
924 926
924 1008
924 1009
924 1012
925 925
925 927
925 928
926 926
926 930
926 931
926 1008
926 1012
927 927
927 928
927 940
928 928
928 929
928 932
929 929
929 930
929 932
929 933
930 930
930 931
930 933
931 931
931 1007
931 1015
932 932
933 933
934 934
934 1006
934 1015
935 935
935 947
936 936
936 945
936 946
937 937
937 944
937 945
938 938
938 941
938 942
939 939
939 940
939 941
940 940
940 941
941 941
941 942
942 942
942 943
943 943
943 944
943 948
944 944
944 945
944 948
945 945
945 946
946 946
946 947
946 949
947 947
947 949
948 948
948 950
948 951
949 949
949 952
949 953
950 950
950 951
951 951
951 952
951 956
952 952
952 953
952 956
953 953
953 954
953 958
954 954
954 958
955 955
955 956
955 957
956 956
956 957
957 957
957 959
957 960
958 958
958 962
958 963
958 1005
959 959
959 960
960 960
960 961
960 965
961 961
961 962
961 963
961 965
961 1013
962 962
962 963
962 1005
962 1013
963 963
963 967
963 1004
963 1005
963 1013
964 964
964 965
964 966
965 965
965 966
966 966
966 968
966 969
967 967
967 972
967 1003
967 1004
967 1013
967 1014
968 968
968 969
969 969
969 970
969 973
970 970
970 971
970 972
970 973
970 1014
971 971
971 972
971 974
971 1002
971 1014
972 972
972 974
972 1002
972 1003
972 1014
973 973
973 976
973 977
974 974
974 978
974 979
974 1002
975 975
975 976
975 980
976 976
976 977
976 980
977 977
977 978
977 981
978 978
978 979
978 981
979 979
980 980
980 982
981 981
981 983
981 984
982 982
982 983
982 985
983 983
983 984
983 985
984 984
984 986
985 985
985 987
985 993
986 986
986 989
986 1001
987 987
987 988
987 993
987 996
988 988
988 989
988 996
988 997
989 989
989 997
989 1001
990 990
990 992
990 996
991 991
991 997
991 1000
992 992
992 996
993 993
994 994
994 998
995 995
996 996
997 997
997 1000
998 998
999 999
999 1010
1000 1000
1001 1001
1002 1002
1003 1003
1003 1014
1004 1004
1004 1013
1005 1005
1006 1006
1006 1015
1007 1007
1007 1015
1008 1008
1008 1012
1009 1009
1010 1010
1011 1011
1012 1012
1013 1013
1014 1014
1015 1015
1016 1016
1016 1017
1016 1023
1016 1030
1016 1031
1016 1032
1016 1052
1016 1053
1017 1017
1017 1018
1017 1030
1017 1031
1017 1032
1017 1033
1017 1034
1017 1035
1017 1036
1018 1018
1018 1019
1018 1034
1018 1035
1018 1036
1018 1037
1018 1038
1019 1019
1019 1020
1019 1036
1019 1037
1019 1038
1019 1039
1019 1040
1019 1041
1019 1042
1020 1020
1020 1021
1020 1040
1020 1041
1020 1042
1020 1043
1020 1044
1021 1021
1021 1022
1021 1042
1021 1043
1021 1044
1021 1045
1021 1046
1021 1047
1021 1048
1022 1022
1022 1023
1022 1046
1022 1047
1022 1048
1022 1049
1022 1050
1023 1023
1023 1030
1023 1048
1023 1049
1023 1050
1023 1051
1023 1052
1023 1053
1024 1024
1024 1025
1024 1054
1024 1055
1024 1056
1024 1057
1024 1058
1024 1059
1025 1025
1025 1057
1025 1058
1025 1059
1026 1026
1026 1027
1026 1060
1026 1061
1026 1062
1026 1063
1026 1064
1027 1027
1027 1062
1027 1063
1027 1064
1027 1065
1028 1028
1028 1029
1028 1066
1028 1067
1028 1068
1028 1069
1028 1070
1028 1071
1029 1029
1029 1069
1029 1070
1029 1071
1030 1030
1030 1031
1030 1032
1030 1052
1030 1053
1031 1031
1031 1032
1031 1033
1032 1032
1033 1033
1033 1034
1034 1034
1034 1035
1034 1036
1035 1035
1035 1036
1036 1036
1036 1037
1036 1038
1037 1037
1037 1038
1037 1039
1038 1038
1039 1039
1039 1040
1040 1040
1040 1041
1040 1042
1041 1041
1041 1042
1042 1042
1042 1043
1042 1044
1043 1043
1043 1044
1043 1045
1044 1044
1045 1045
1045 1046
1046 1046
1046 1047
1046 1048
1047 1047
1047 1048
1048 1048
1048 1049
1048 1050
1049 1049
1049 1050
1049 1051
1050 1050
1051 1051
1051 1052
1052 1052
1052 1053
1053 1053
1054 1054
1054 1055
1054 1056
1055 1055
1055 1056
1056 1056
1056 1058
1057 1057
1057 1058
1057 1059
1058 1058
1058 1059
1059 1059
1060 1060
1060 1061
1060 1062
1061 1061
1062 1062
1062 1063
1062 1064
1063 1063
1063 1064
1063 1065
1064 1064
1065 1065
1066 1066
1066 1067
1066 1068
1067 1067
1067 1068
1068 1068
1068 1070
1069 1069
1069 1070
1069 1071
1070 1070
1070 1071
1071 1071
