0 0
0 1
0 23
0 24
0 25
0 47
0 72
0 73
0 95
1 1
1 2
1 24
1 25
1 26
1 72
1 73
1 74
2 2
2 3
2 25
2 26
2 27
2 73
2 74
2 75
2 150
2 174
3 3
3 4
3 26
3 27
3 28
3 74
3 75
3 76
4 4
4 5
4 27
4 28
4 29
4 75
4 76
4 77
5 5
5 6
5 28
5 29
5 30
5 76
5 77
5 78
6 6
6 7
6 29
6 30
6 31
6 77
6 78
6 79
6 151
6 175
7 7
7 8
7 30
7 31
7 32
7 78
7 79
7 80
8 8
8 9
8 31
8 32
8 33
8 79
8 80
8 81
9 9
9 10
9 32
9 33
9 34
9 80
9 81
9 82
10 10
10 11
10 33
10 34
10 35
10 81
10 82
10 83
10 152
10 176
11 11
11 12
11 34
11 35
11 36
11 82
11 83
11 84
12 12
12 13
12 35
12 36
12 37
12 83
12 84
12 85
13 13
13 14
13 36
13 37
13 38
13 84
13 85
13 86
14 14
14 15
14 37
14 38
14 39
14 85
14 86
14 87
14 153
14 177
15 15
15 16
15 38
15 39
15 40
15 86
15 87
15 88
16 16
16 17
16 39
16 40
16 41
16 87
16 88
16 89
17 17
17 18
17 40
17 41
17 42
17 88
17 89
17 90
18 18
18 19
18 41
18 42
18 43
18 89
18 90
18 91
18 154
18 178
19 19
19 20
19 42
19 43
19 44
19 90
19 91
19 92
20 20
20 21
20 43
20 44
20 45
20 91
20 92
20 93
21 21
21 22
21 44
21 45
21 46
21 92
21 93
21 94
22 22
22 23
22 45
22 46
22 47
22 93
22 94
22 95
22 155
22 179
23 23
23 24
23 46
23 47
23 72
23 94
23 95
24 24
24 25
24 47
24 48
24 49
24 71
25 25
25 26
25 48
25 49
25 50
26 26
26 27
26 49
26 50
26 51
27 27
27 28
27 50
27 51
27 52
28 28
28 29
28 51
28 52
28 53
29 29
29 30
29 52
29 53
29 54
30 30
30 31
30 53
30 54
30 55
31 31
31 32
31 54
31 55
31 56
32 32
32 33
32 55
32 56
32 57
33 33
33 34
33 56
33 57
33 58
34 34
34 35
34 57
34 58
34 59
35 35
35 36
35 58
35 59
35 60
36 36
36 37
36 59
36 60
36 61
37 37
37 38
37 60
37 61
37 62
38 38
38 39
38 61
38 62
38 63
39 39
39 40
39 62
39 63
39 64
40 40
40 41
40 63
40 64
40 65
41 41
41 42
41 64
41 65
41 66
42 42
42 43
42 65
42 66
42 67
43 43
43 44
43 66
43 67
43 68
44 44
44 45
44 67
44 68
44 69
45 45
45 46
45 68
45 69
45 70
46 46
46 47
46 69
46 70
46 71
47 47
47 48
47 70
47 71
48 48
48 49
48 71
49 49
49 50
50 50
50 51
51 51
51 52
52 52
52 53
53 53
53 54
54 54
54 55
55 55
55 56
56 56
56 57
57 57
57 58
58 58
58 59
59 59
59 60
60 60
60 61
61 61
61 62
62 62
62 63
63 63
63 64
64 64
64 65
65 65
65 66
66 66
66 67
67 67
67 68
68 68
68 69
69 69
69 70
70 70
70 71
71 71
72 72
72 73
72 95
72 96
72 97
72 119
73 73
73 74
73 96
73 97
73 98
74 74
74 75
74 97
74 98
74 99
75 75
75 76
75 98
75 99
75 100
76 76
76 77
76 99
76 100
76 101
77 77
77 78
77 100
77 101
77 102
78 78
78 79
78 101
78 102
78 103
79 79
79 80
79 102
79 103
79 104
80 80
80 81
80 103
80 104
80 105
81 81
81 82
81 104
81 105
81 106
82 82
82 83
82 105
82 106
82 107
83 83
83 84
83 106
83 107
83 108
84 84
84 85
84 107
84 108
84 109
85 85
85 86
85 108
85 109
85 110
86 86
86 87
86 109
86 110
86 111
87 87
87 88
87 110
87 111
87 112
88 88
88 89
88 111
88 112
88 113
89 89
89 90
89 112
89 113
89 114
90 90
90 91
90 113
90 114
90 115
91 91
91 92
91 114
91 115
91 116
92 92
92 93
92 115
92 116
92 117
93 93
93 94
93 116
93 117
93 118
94 94
94 95
94 117
94 118
94 119
95 95
95 96
95 118
95 119
96 96
96 97
96 119
96 120
96 121
96 143
96 144
96 163
97 97
97 98
97 120
97 121
97 122
98 98
98 99
98 121
98 122
98 123
99 99
99 100
99 122
99 123
99 124
100 100
100 101
100 123
100 124
100 125
100 145
100 165
101 101
101 102
101 124
101 125
101 126
102 102
102 103
102 125
102 126
102 127
103 103
103 104
103 126
103 127
103 128
104 104
104 105
104 127
104 128
104 129
104 146
104 167
105 105
105 106
105 128
105 129
105 130
106 106
106 107
106 129
106 130
106 131
107 107
107 108
107 130
107 131
107 132
108 108
108 109
108 131
108 132
108 133
108 147
108 169
109 109
109 110
109 132
109 133
109 134
110 110
110 111
110 133
110 134
110 135
111 111
111 112
111 134
111 135
111 136
112 112
112 113
112 135
112 136
112 137
112 148
112 171
113 113
113 114
113 136
113 137
113 138
114 114
114 115
114 137
114 138
114 139
115 115
115 116
115 138
115 139
115 140
116 116
116 117
116 139
116 140
116 141
116 149
116 173
117 117
117 118
117 140
117 141
117 142
118 118
118 119
118 141
118 142
118 143
119 119
119 120
119 142
119 143
120 120
120 121
120 143
120 180
120 181
120 203
121 121
121 122
121 180
121 181
121 182
122 122
122 123
122 181
122 182
122 183
123 123
123 124
123 182
123 183
123 184
124 124
124 125
124 183
124 184
124 185
125 125
125 126
125 184
125 185
125 186
126 126
126 127
126 185
126 186
126 187
127 127
127 128
127 186
127 187
127 188
128 128
128 129
128 187
128 188
128 189
129 129
129 130
129 188
129 189
129 190
130 130
130 131
130 189
130 190
130 191
131 131
131 132
131 190
131 191
131 192
132 132
132 133
132 191
132 192
132 193
133 133
133 134
133 192
133 193
133 194
134 134
134 135
134 193
134 194
134 195
135 135
135 136
135 194
135 195
135 196
136 136
136 137
136 195
136 196
136 197
137 137
137 138
137 196
137 197
137 198
138 138
138 139
138 197
138 198
138 199
139 139
139 140
139 198
139 199
139 200
140 140
140 141
140 199
140 200
140 201
141 141
141 142
141 200
141 201
141 202
142 142
142 143
142 201
142 202
142 203
143 143
143 180
143 202
143 203
144 144
144 163
145 145
145 165
146 146
146 167
147 147
147 169
148 148
148 171
149 149
149 173
150 150
150 174
151 151
151 175
152 152
152 176
153 153
153 177
154 154
154 178
155 155
155 179
156 156
156 163
156 164
156 165
156 174
157 157
157 165
157 166
157 167
157 175
158 158
158 167
158 168
158 169
158 176
159 159
159 169
159 170
159 171
159 177
160 160
160 171
160 172
160 173
160 178
161 161
161 162
161 163
161 173
161 179
162 162
162 163
163 163
164 164
164 165
165 165
166 166
166 167
167 167
168 168
168 169
169 169
170 170
170 171
171 171
172 172
172 173
173 173
174 174
175 175
176 176
177 177
178 178
179 179
180 180
180 181
180 203
180 204
180 205
180 227
181 181
181 182
181 204
181 205
181 206
182 182
182 183
182 205
182 206
182 207
183 183
183 184
183 206
183 207
183 208
184 184
184 185
184 207
184 208
184 209
185 185
185 186
185 208
185 209
185 210
186 186
186 187
186 209
186 210
186 211
187 187
187 188
187 210
187 211
187 212
188 188
188 189
188 211
188 212
188 213
189 189
189 190
189 212
189 213
189 214
190 190
190 191
190 213
190 214
190 215
191 191
191 192
191 214
191 215
191 216
192 192
192 193
192 215
192 216
192 217
193 193
193 194
193 216
193 217
193 218
194 194
194 195
194 217
194 218
194 219
195 195
195 196
195 218
195 219
195 220
196 196
196 197
196 219
196 220
196 221
197 197
197 198
197 220
197 221
197 222
198 198
198 199
198 221
198 222
198 223
199 199
199 200
199 222
199 223
199 224
200 200
200 201
200 223
200 224
200 225
201 201
201 202
201 224
201 225
201 226
202 202
202 203
202 225
202 226
202 227
203 203
203 204
203 226
203 227
204 204
204 205
204 227
204 228
205 205
205 206
206 206
206 207
206 228
207 207
207 208
208 208
208 209
208 228
209 209
209 210
210 210
210 211
210 228
211 211
211 212
212 212
212 213
212 228
213 213
213 214
214 214
214 215
214 228
215 215
215 216
216 216
216 217
216 228
217 217
217 218
218 218
218 219
218 228
219 219
219 220
220 220
220 221
220 228
221 221
221 222
222 222
222 223
222 228
223 223
223 224
224 224
224 225
224 228
225 225
225 226
226 226
226 227
226 228
227 227
228 228
