0 0
0 1
0 7
0 8
0 28
0 34
0 35
0 36
0 47
1 1
1 2
1 8
1 28
1 29
1 35
1 36
1 37
2 2
2 3
2 8
2 9
2 10
2 29
2 30
2 36
2 37
2 38
2 39
2 40
2 48
2 49
3 3
3 4
3 10
3 30
3 31
3 39
3 40
3 41
4 4
4 5
4 10
4 11
4 31
4 32
4 40
4 41
4 42
4 43
4 44
4 50
4 51
4 255
5 5
5 6
5 32
5 33
5 43
5 44
5 45
5 255
6 6
6 33
6 44
6 45
6 46
6 52
6 255
7 7
7 8
7 12
7 13
7 34
7 35
7 47
7 53
7 54
7 55
7 66
8 8
8 9
8 13
8 28
8 29
8 34
8 35
8 36
8 37
8 38
8 47
8 48
8 54
8 55
8 56
9 9
9 10
9 13
9 14
9 37
9 38
9 39
9 48
9 49
9 55
9 56
9 57
9 58
9 59
9 67
9 68
9 140
10 10
10 11
10 14
10 30
10 31
10 38
10 39
10 40
10 41
10 42
10 49
10 50
10 58
10 59
10 60
11 11
11 14
11 41
11 42
11 43
11 50
11 51
11 59
11 60
11 61
11 62
11 63
11 69
11 70
11 140
11 255
12 12
12 13
12 15
12 21
12 22
12 53
12 54
12 66
12 73
12 82
12 83
12 84
12 85
12 104
12 115
12 116
12 117
12 148
12 149
12 150
12 151
12 152
12 173
12 174
13 13
13 21
13 47
13 48
13 53
13 54
13 55
13 56
13 57
13 66
13 67
13 82
13 83
13 111
13 117
13 140
13 151
13 152
13 153
14 14
14 20
14 49
14 50
14 57
14 58
14 59
14 60
14 61
14 68
14 69
14 100
14 101
14 102
14 119
14 140
14 155
14 156
14 157
15 15
15 22
15 23
15 73
15 74
15 84
15 85
15 86
15 87
15 105
15 115
15 140
15 147
15 148
15 149
16 16
16 17
16 23
16 24
16 75
16 76
16 87
16 88
16 89
16 90
16 106
16 113
16 140
16 143
16 144
16 145
17 17
17 18
17 24
17 76
17 77
17 89
17 90
17 91
17 112
17 113
17 123
17 142
17 143
17 144
17 168
17 169
17 170
17 183
18 18
18 24
18 25
18 77
18 78
18 90
18 91
18 92
18 93
18 107
18 123
18 140
18 167
18 168
18 169
19 19
19 25
19 26
19 79
19 80
19 93
19 94
19 95
19 96
19 108
19 121
19 140
19 163
19 164
19 165
19 255
20 20
20 21
20 27
20 68
20 69
20 99
20 100
20 101
20 102
20 103
20 110
20 111
20 140
21 21
21 22
21 66
21 67
21 82
21 83
21 84
21 102
21 103
21 104
21 111
21 118
21 140
21 154
21 243
21 244
21 245
21 246
22 22
22 23
22 73
22 83
22 84
22 85
22 86
22 104
22 105
23 23
23 24
23 74
23 75
23 85
23 86
23 87
23 88
23 89
23 105
23 106
23 140
24 24
24 25
24 76
24 77
24 88
24 89
24 90
24 91
24 92
24 106
24 107
25 25
25 26
25 78
25 79
25 91
25 92
25 93
25 94
25 95
25 107
25 108
25 140
26 26
26 27
26 80
26 94
26 95
26 96
26 97
26 108
26 109
26 255
27 27
27 70
27 71
27 96
27 97
27 98
27 99
27 100
27 109
27 110
27 120
27 140
27 158
27 249
27 250
27 251
27 252
27 255
28 28
28 35
28 36
29 29
29 36
29 37
30 30
30 39
30 40
31 31
31 40
31 41
32 32
32 43
32 44
32 255
33 33
33 44
33 45
33 255
34 34
34 35
34 47
35 35
35 36
35 47
36 36
36 37
37 37
37 38
37 48
38 38
38 39
38 48
38 49
39 39
39 40
39 49
40 40
40 41
41 41
41 42
41 50
42 42
42 43
42 50
42 51
42 255
43 43
43 44
43 51
43 255
44 44
44 45
44 255
45 45
45 46
45 52
45 255
46 46
46 52
46 255
47 47
47 54
47 55
48 48
48 55
48 56
49 49
49 58
49 59
50 50
50 59
50 60
51 51
51 62
51 63
51 255
52 52
52 63
52 64
52 255
53 53
53 54
53 66
54 54
54 55
54 66
55 55
55 56
56 56
56 57
56 67
56 140
57 57
57 58
57 67
57 68
57 140
58 58
58 59
58 68
58 140
59 59
59 60
60 60
60 61
60 69
60 140
61 61
61 62
61 69
61 70
61 140
61 255
62 62
62 63
62 70
62 140
62 255
63 63
63 64
63 255
64 64
64 65
64 71
64 255
65 65
65 71
65 255
66 66
66 82
66 83
66 117
66 151
66 152
67 67
67 82
67 111
67 117
67 140
67 152
67 153
68 68
68 101
68 102
68 119
68 140
68 155
68 156
69 69
69 100
69 101
69 119
69 140
69 156
69 157
70 70
70 98
70 99
70 140
70 159
70 160
70 255
71 71
71 97
71 98
71 160
71 161
71 255
72 72
72 116
72 117
72 118
72 128
72 129
72 141
72 174
72 175
72 192
72 193
72 194
72 195
72 220
73 73
73 84
73 85
73 115
73 148
73 149
74 74
74 86
74 87
74 115
74 140
74 147
74 148
75 75
75 87
75 88
75 113
75 140
75 144
75 145
76 76
76 89
76 90
76 113
76 143
76 144
77 77
77 90
77 91
77 123
77 168
77 169
78 78
78 92
78 93
78 123
78 140
78 167
78 168
79 79
79 93
79 94
79 121
79 140
79 164
79 165
80 80
80 95
80 96
80 121
80 163
80 164
80 255
81 81
81 120
81 131
81 132
81 141
81 178
81 179
81 199
81 200
81 201
81 202
81 226
81 255
82 82
82 83
82 111
82 140
83 83
83 84
83 104
84 84
84 85
84 104
85 85
85 86
85 105
86 86
86 87
86 105
86 140
87 87
87 88
87 140
88 88
88 89
88 106
88 140
89 89
89 90
89 106
90 90
90 91
91 91
91 92
91 107
92 92
92 93
92 107
92 140
93 93
93 94
93 140
94 94
94 95
94 108
94 140
95 95
95 96
95 108
95 255
96 96
96 97
96 109
96 255
97 97
97 98
97 109
97 255
98 98
98 99
98 140
98 255
99 99
99 100
99 110
99 120
99 140
99 158
99 249
99 255
100 100
100 101
100 110
100 140
101 101
101 102
101 140
102 102
102 103
102 111
102 140
103 103
103 111
103 140
104 104
105 105
106 106
107 107
108 108
109 109
109 255
110 110
110 140
111 111
111 118
111 140
111 154
111 243
112 112
112 113
112 123
112 124
112 125
112 135
112 142
112 143
112 169
112 170
112 183
112 184
112 185
112 186
112 208
112 209
112 210
112 219
113 113
113 114
113 125
113 140
113 142
113 143
113 144
113 145
113 146
113 170
113 171
113 185
113 186
113 187
114 114
114 115
114 125
114 126
114 127
114 140
114 145
114 146
114 147
114 171
114 172
114 186
114 187
114 188
114 189
114 190
114 211
114 212
115 115
115 116
115 127
115 140
115 146
115 147
115 148
115 149
115 150
115 172
115 173
115 189
115 190
115 191
116 116
116 117
116 127
116 128
116 149
116 150
116 151
116 173
116 174
116 190
116 191
116 192
116 193
116 213
117 117
117 118
117 140
117 150
117 151
117 152
117 153
117 154
117 174
117 175
117 193
117 194
118 118
118 119
118 129
118 130
118 140
118 141
118 153
118 154
118 155
118 175
118 176
118 194
118 195
118 196
118 197
118 214
118 243
118 244
118 245
118 246
118 247
119 119
119 120
119 130
119 140
119 154
119 155
119 156
119 157
119 158
119 176
119 177
119 196
119 197
119 198
120 120
120 130
120 131
120 140
120 141
120 157
120 158
120 159
120 177
120 178
120 197
120 198
120 199
120 200
120 215
120 249
120 250
120 251
120 252
120 253
120 255
121 121
121 122
121 133
121 140
121 162
121 163
121 164
121 165
121 166
121 180
121 181
121 203
121 204
121 205
121 255
122 122
122 123
122 133
122 134
122 135
122 140
122 165
122 166
122 167
122 181
122 182
122 204
122 205
122 206
122 207
122 208
122 217
122 218
123 123
123 135
123 140
123 142
123 166
123 167
123 168
123 169
123 182
123 183
123 207
123 208
123 209
124 124
124 125
124 126
124 134
124 135
124 139
124 184
124 185
124 209
124 210
124 211
124 218
124 219
124 238
124 239
124 240
124 241
124 242
125 125
125 126
125 170
125 171
125 184
125 185
125 186
125 187
125 188
125 210
125 211
125 241
126 126
126 127
126 139
126 187
126 188
126 189
126 210
126 211
126 212
126 236
126 238
126 240
126 241
127 127
127 128
127 136
127 139
127 141
127 172
127 173
127 188
127 189
127 190
127 191
127 192
127 212
127 213
127 227
127 231
127 232
127 236
127 238
128 128
128 129
128 136
128 141
128 191
128 192
128 193
128 213
128 220
128 221
128 227
128 231
129 129
129 130
129 136
129 137
129 141
129 194
129 195
129 196
129 214
129 220
129 221
129 222
129 223
129 227
129 228
129 245
129 246
129 247
129 248
130 130
130 131
130 137
130 141
130 176
130 177
130 195
130 196
130 197
130 198
130 199
130 214
130 215
130 222
130 223
130 224
131 131
131 132
131 137
131 138
131 141
131 198
131 199
131 200
131 215
131 223
131 224
131 225
131 226
131 229
131 230
131 251
131 252
131 253
131 254
132 132
132 133
132 138
132 141
132 201
132 202
132 203
132 216
132 225
132 226
132 230
132 235
132 255
133 133
133 134
133 138
133 139
133 141
133 180
133 181
133 202
133 203
133 204
133 205
133 206
133 216
133 217
133 230
133 234
133 235
133 237
133 239
133 255
134 134
134 135
134 139
134 205
134 206
134 207
134 217
134 218
134 219
134 237
134 239
134 240
134 242
135 135
135 182
135 183
135 184
135 206
135 207
135 208
135 209
135 218
135 219
135 242
136 136
136 137
136 139
136 141
136 213
136 220
136 221
136 222
136 227
136 228
136 231
136 232
136 233
136 236
136 246
136 247
136 248
137 137
137 138
137 139
137 141
137 214
137 215
137 221
137 222
137 223
137 224
137 225
137 228
137 229
137 232
137 233
137 234
138 138
138 139
138 141
138 216
138 224
138 225
138 226
138 229
138 230
138 233
138 234
138 235
138 237
138 252
138 253
138 254
139 139
139 141
139 212
139 217
139 228
139 229
139 231
139 232
139 233
139 234
139 235
139 236
139 237
139 238
139 239
139 240
139 241
139 242
140 140
140 144
140 145
140 146
140 147
140 148
140 152
140 153
140 154
140 155
140 156
140 157
140 158
140 159
140 160
140 164
140 165
140 166
140 167
140 168
140 171
140 172
140 175
140 176
140 177
140 178
140 181
140 182
140 243
140 249
140 255
141 141
141 194
141 195
141 196
141 198
141 199
141 200
141 213
141 214
141 215
141 216
141 220
141 221
141 222
141 223
141 224
141 225
141 226
141 227
141 228
141 229
141 230
141 231
141 232
141 233
141 234
141 235
141 236
141 237
141 245
141 246
141 247
141 248
141 251
141 252
141 253
141 254
142 142
142 143
142 169
142 170
142 183
143 143
143 144
143 170
144 144
144 145
145 145
145 146
145 171
146 146
146 147
146 171
146 172
147 147
147 148
147 172
148 148
148 149
149 149
149 150
149 173
150 150
150 151
150 173
150 174
151 151
151 152
151 174
152 152
152 153
153 153
153 154
153 175
154 154
154 155
154 175
154 176
154 243
155 155
155 156
155 176
156 156
156 157
157 157
157 158
157 177
158 158
158 159
158 177
158 178
158 249
158 255
159 159
159 160
159 178
159 255
160 160
160 161
160 255
161 161
161 162
161 179
161 255
162 162
162 163
162 179
162 180
162 255
163 163
163 164
163 180
163 255
164 164
164 165
164 255
165 165
165 166
165 181
166 166
166 167
166 181
166 182
167 167
167 168
167 182
168 168
168 169
169 169
169 183
170 170
170 185
170 186
171 171
171 186
171 187
172 172
172 189
172 190
173 173
173 190
173 191
174 174
174 193
175 175
175 194
176 176
176 196
176 197
177 177
177 197
177 198
178 178
178 200
178 255
179 179
179 201
179 255
180 180
180 203
180 204
180 255
181 181
181 204
181 205
182 182
182 207
182 208
183 183
183 208
183 209
184 184
184 185
184 209
184 210
184 219
185 185
185 186
185 210
186 186
186 187
187 187
187 188
187 211
188 188
188 189
188 211
188 212
189 189
189 190
189 212
190 190
190 191
191 191
191 192
191 213
192 192
192 193
192 213
193 193
194 194
194 195
195 195
195 196
195 214
195 245
195 246
195 247
196 196
196 197
196 214
197 197
197 198
198 198
198 199
198 215
199 199
199 200
199 215
199 251
199 252
199 253
200 200
200 255
201 201
201 202
201 255
202 202
202 203
202 216
202 255
203 203
203 204
203 216
203 255
204 204
204 205
204 255
205 205
205 206
205 217
206 206
206 207
206 217
206 218
207 207
207 208
207 218
208 208
208 209
209 209
209 219
210 210
210 211
210 241
211 211
211 241
212 212
212 236
212 238
213 213
213 227
213 231
214 214
214 222
214 223
215 215
215 223
215 224
216 216
216 230
216 235
216 255
217 217
217 237
217 239
218 218
218 219
218 242
219 219
219 242
220 220
220 221
220 227
221 221
221 222
221 227
221 228
221 246
221 247
221 248
222 222
222 223
222 228
223 223
223 224
224 224
224 225
224 229
225 225
225 226
225 229
225 230
225 252
225 253
225 254
226 226
226 230
227 227
227 231
228 228
228 232
228 233
229 229
229 233
229 234
230 230
230 235
231 231
231 232
231 236
232 232
232 233
232 236
233 233
233 234
234 234
234 235
234 237
235 235
235 237
236 236
236 238
237 237
237 239
238 238
238 240
238 241
239 239
239 240
239 242
240 240
240 241
240 242
241 241
242 242
243 243
243 244
243 245
243 246
244 244
244 245
244 246
245 245
245 246
245 247
246 246
246 247
246 248
247 247
247 248
248 248
249 249
249 250
249 251
249 252
250 250
250 251
250 252
251 251
251 252
251 253
252 252
252 253
252 254
253 253
253 254
254 254
255 255
