0 0
0 1
0 15
0 16
0 17
0 31
0 187
0 188
0 202
1 1
1 2
1 16
1 17
1 18
1 187
1 188
1 189
2 2
2 3
2 17
2 18
2 19
2 188
2 189
2 190
3 3
3 4
3 18
3 19
3 20
3 112
3 189
3 190
3 191
4 4
4 5
4 19
4 20
4 21
4 190
4 191
4 192
5 5
5 6
5 20
5 21
5 22
5 114
5 191
5 192
5 193
6 6
6 7
6 21
6 22
6 23
6 192
6 193
6 194
7 7
7 8
7 22
7 23
7 24
7 193
7 194
7 195
8 8
8 9
8 23
8 24
8 25
8 194
8 195
8 196
9 9
9 10
9 24
9 25
9 26
9 195
9 196
9 197
10 10
10 11
10 25
10 26
10 27
10 196
10 197
10 198
11 11
11 12
11 26
11 27
11 28
11 114
11 197
11 198
11 199
12 12
12 13
12 27
12 28
12 29
12 198
12 199
12 200
13 13
13 14
13 28
13 29
13 30
13 112
13 199
13 200
13 201
14 14
14 15
14 29
14 30
14 31
14 200
14 201
14 202
15 15
15 16
15 30
15 31
15 187
15 201
15 202
16 16
16 17
16 31
16 32
16 33
16 47
16 187
16 188
16 202
16 325
16 326
17 17
17 18
17 32
17 33
17 34
17 187
17 188
17 189
18 18
18 19
18 33
18 34
18 35
18 188
18 189
18 190
19 19
19 20
19 34
19 35
19 36
19 189
19 190
19 191
19 547
19 548
20 20
20 21
20 35
20 36
20 37
20 190
20 191
20 192
21 21
21 22
21 36
21 37
21 38
21 191
21 192
21 193
21 559
21 560
22 22
22 23
22 37
22 38
22 39
22 192
22 193
22 194
23 23
23 24
23 38
23 39
23 40
23 193
23 194
23 195
24 24
24 25
24 39
24 40
24 41
24 194
24 195
24 196
24 469
24 470
25 25
25 26
25 40
25 41
25 42
25 195
25 196
25 197
26 26
26 27
26 41
26 42
26 43
26 196
26 197
26 198
27 27
27 28
27 42
27 43
27 44
27 197
27 198
27 199
28 28
28 29
28 43
28 44
28 45
28 198
28 199
28 200
28 397
28 398
29 29
29 30
29 44
29 45
29 46
29 199
29 200
29 201
30 30
30 31
30 45
30 46
30 47
30 200
30 201
30 202
31 31
31 32
31 46
31 47
31 187
31 201
31 202
32 32
32 33
32 47
32 48
32 49
32 63
32 187
32 188
32 202
32 325
32 326
32 327
33 33
33 34
33 48
33 49
33 50
33 187
33 188
33 189
34 34
34 35
34 49
34 50
34 51
34 188
34 189
34 190
35 35
35 36
35 50
35 51
35 52
35 189
35 190
35 191
35 547
35 548
35 549
36 36
36 37
36 51
36 52
36 53
36 190
36 191
36 192
37 37
37 38
37 52
37 53
37 54
37 191
37 192
37 193
37 559
37 560
37 561
38 38
38 39
38 53
38 54
38 55
38 192
38 193
38 194
39 39
39 40
39 54
39 55
39 56
39 193
39 194
39 195
40 40
40 41
40 55
40 56
40 57
40 194
40 195
40 196
40 469
40 470
40 471
41 41
41 42
41 56
41 57
41 58
41 195
41 196
41 197
42 42
42 43
42 57
42 58
42 59
42 196
42 197
42 198
43 43
43 44
43 58
43 59
43 60
43 197
43 198
43 199
44 44
44 45
44 59
44 60
44 61
44 198
44 199
44 200
44 397
44 398
44 399
45 45
45 46
45 60
45 61
45 62
45 199
45 200
45 201
46 46
46 47
46 61
46 62
46 63
46 200
46 201
46 202
47 47
47 48
47 62
47 63
47 187
47 201
47 202
48 48
48 49
48 63
48 64
48 65
48 79
48 326
48 327
48 328
49 49
49 50
49 64
49 65
49 66
50 50
50 51
50 65
50 66
50 67
51 51
51 52
51 66
51 67
51 68
51 548
51 549
51 550
52 52
52 53
52 67
52 68
52 69
53 53
53 54
53 68
53 69
53 70
53 560
53 561
53 562
54 54
54 55
54 69
54 70
54 71
55 55
55 56
55 70
55 71
55 72
56 56
56 57
56 71
56 72
56 73
56 470
56 471
56 472
57 57
57 58
57 72
57 73
57 74
58 58
58 59
58 73
58 74
58 75
59 59
59 60
59 74
59 75
59 76
60 60
60 61
60 75
60 76
60 77
60 398
60 399
60 400
61 61
61 62
61 76
61 77
61 78
62 62
62 63
62 77
62 78
62 79
63 63
63 64
63 78
63 79
64 64
64 65
64 79
64 80
64 81
64 95
64 327
64 328
64 329
65 65
65 66
65 80
65 81
65 82
66 66
66 67
66 81
66 82
66 83
67 67
67 68
67 82
67 83
67 84
67 549
67 550
67 551
68 68
68 69
68 83
68 84
68 85
69 69
69 70
69 84
69 85
69 86
69 561
69 562
69 563
70 70
70 71
70 85
70 86
70 87
71 71
71 72
71 86
71 87
71 88
72 72
72 73
72 87
72 88
72 89
72 471
72 472
72 473
73 73
73 74
73 88
73 89
73 90
74 74
74 75
74 89
74 90
74 91
75 75
75 76
75 90
75 91
75 92
76 76
76 77
76 91
76 92
76 93
76 399
76 400
76 401
77 77
77 78
77 92
77 93
77 94
78 78
78 79
78 93
78 94
78 95
79 79
79 80
79 94
79 95
80 80
80 81
80 95
80 96
80 97
80 111
80 115
80 328
80 329
80 330
80 575
80 576
80 592
81 81
81 82
81 96
81 97
81 98
81 115
81 565
81 576
81 592
82 82
82 83
82 98
82 565
83 83
83 84
83 98
83 99
83 100
83 119
83 550
83 551
83 552
83 565
83 566
83 589
84 84
84 85
84 99
84 100
84 101
84 119
84 566
84 567
84 589
85 85
85 86
85 100
85 101
85 102
85 119
85 562
85 563
85 564
85 567
85 568
85 589
86 86
86 87
86 102
86 568
87 87
87 88
87 102
87 103
87 104
87 123
87 568
87 569
87 590
88 88
88 89
88 103
88 104
88 105
88 123
88 472
88 473
88 474
88 569
88 570
88 590
89 89
89 90
89 104
89 105
89 106
89 123
89 570
89 571
89 590
90 90
90 91
90 106
90 571
91 91
91 92
91 106
91 107
91 108
91 127
91 571
91 572
91 591
92 92
92 93
92 107
92 108
92 109
92 127
92 400
92 401
92 402
92 572
92 573
92 591
93 93
93 94
93 108
93 109
93 110
93 127
93 573
93 574
93 591
94 94
94 95
94 110
94 574
95 95
95 96
95 110
95 111
95 115
95 574
95 575
95 592
96 96
96 97
96 111
96 115
96 329
96 330
96 575
96 576
96 592
97 97
97 98
97 115
97 565
97 576
97 592
98 98
98 99
98 565
98 566
98 576
98 614
98 615
98 616
98 617
99 99
99 100
99 119
99 551
99 552
99 565
99 566
99 589
100 100
100 101
100 119
100 566
100 567
100 589
101 101
101 102
101 119
101 563
101 564
101 567
101 568
101 589
102 102
102 103
102 567
102 568
102 569
102 614
102 617
102 618
102 619
103 103
103 104
103 123
103 568
103 569
103 590
104 104
104 105
104 123
104 473
104 474
104 569
104 570
104 590
105 105
105 106
105 123
105 570
105 571
105 590
106 106
106 107
106 570
106 571
106 572
106 614
106 619
106 620
106 621
107 107
107 108
107 127
107 571
107 572
107 591
108 108
108 109
108 127
108 401
108 402
108 572
108 573
108 591
109 109
109 110
109 127
109 573
109 574
109 591
110 110
110 111
110 573
110 574
110 575
110 614
110 615
110 621
110 622
111 111
111 115
111 574
111 575
111 592
112 112
112 113
113 113
113 114
114 114
115 115
115 116
115 130
115 131
115 132
115 154
115 329
115 330
115 575
115 576
115 580
115 584
115 585
115 588
115 592
115 596
115 600
115 601
115 604
115 605
115 608
115 612
116 116
116 117
116 132
116 133
116 565
116 576
116 592
117 117
117 118
117 133
117 134
117 135
117 565
117 566
117 576
118 118
118 119
118 135
118 136
118 552
118 565
118 566
118 589
119 119
119 120
119 136
119 137
119 138
119 552
119 564
119 566
119 567
119 577
119 581
119 585
119 586
119 589
119 593
119 597
119 601
119 602
119 605
119 606
119 609
120 120
120 121
120 138
120 139
120 564
120 567
120 568
120 589
121 121
121 122
121 139
121 140
121 141
121 567
121 568
121 569
122 122
122 123
122 141
122 142
122 568
122 569
122 590
123 123
123 124
123 142
123 143
123 144
123 473
123 474
123 569
123 570
123 578
123 582
123 586
123 587
123 590
123 594
123 598
123 602
123 603
123 606
123 607
123 610
124 124
124 125
124 144
124 145
124 570
124 571
124 590
125 125
125 126
125 145
125 146
125 147
125 570
125 571
125 572
126 126
126 127
126 147
126 148
126 571
126 572
126 591
127 127
127 128
127 148
127 149
127 150
127 401
127 402
127 572
127 573
127 579
127 583
127 587
127 588
127 591
127 595
127 599
127 603
127 604
127 607
127 608
127 611
128 128
128 129
128 150
128 151
128 573
128 574
128 591
129 129
129 130
129 151
129 152
129 153
129 573
129 574
129 575
130 130
130 153
130 154
130 574
130 575
130 592
131 131
131 132
131 154
131 155
131 156
131 186
131 282
131 300
131 324
131 330
131 592
132 132
132 133
132 156
132 157
132 300
132 306
132 330
132 576
132 592
133 133
133 134
133 157
133 158
133 306
133 312
133 565
133 576
134 134
134 135
134 158
134 159
134 160
134 312
134 480
134 486
134 565
135 135
135 136
135 160
135 161
135 486
135 492
135 552
135 565
135 566
136 136
136 137
136 161
136 162
136 492
136 546
136 552
136 566
136 589
136 624
137 137
137 138
137 162
137 163
137 164
137 510
137 546
137 552
137 564
137 589
137 624
137 625
138 138
138 139
138 164
138 165
138 528
138 564
138 567
138 589
138 625
139 139
139 140
139 165
139 166
139 528
139 534
139 564
139 567
139 568
140 140
140 141
140 166
140 167
140 168
140 414
140 534
140 540
140 568
141 141
141 142
141 168
141 169
141 414
141 420
141 568
141 569
142 142
142 143
142 169
142 170
142 420
142 426
142 474
142 569
142 590
143 143
143 144
143 170
143 171
143 172
143 426
143 444
143 468
143 474
143 590
144 144
144 145
144 172
144 173
144 444
144 450
144 474
144 570
144 590
145 145
145 146
145 173
145 174
145 450
145 456
145 570
145 571
146 146
146 147
146 174
146 175
146 176
146 342
146 456
146 462
146 571
147 147
147 148
147 176
147 177
147 342
147 348
147 571
147 572
148 148
148 149
148 177
148 178
148 348
148 354
148 402
148 572
148 591
149 149
149 150
149 178
149 179
149 180
149 354
149 372
149 396
149 402
149 591
150 150
150 151
150 180
150 181
150 372
150 378
150 402
150 573
150 591
151 151
151 152
151 181
151 182
151 378
151 384
151 573
151 574
152 152
152 153
152 182
152 183
152 184
152 270
152 384
152 390
152 574
153 153
153 154
153 184
153 185
153 270
153 276
153 574
153 575
154 154
154 185
154 186
154 276
154 282
154 330
154 575
154 592
155 155
155 156
155 186
155 282
155 300
155 324
155 330
156 156
156 157
156 300
156 306
156 324
156 330
157 157
157 158
157 300
157 306
157 312
158 158
158 159
158 306
158 312
158 480
159 159
159 160
159 312
159 480
159 486
160 160
160 161
160 480
160 486
160 492
161 161
161 162
161 486
161 492
161 546
161 552
161 624
162 162
162 163
162 492
162 510
162 546
162 552
162 624
163 163
163 164
163 510
163 546
163 624
163 625
164 164
164 165
164 510
164 528
164 564
164 625
165 165
165 166
165 528
165 534
165 564
165 625
166 166
166 167
166 528
166 534
166 540
167 167
167 168
167 414
167 534
167 540
168 168
168 169
168 414
168 420
168 540
169 169
169 170
169 414
169 420
169 426
170 170
170 171
170 420
170 426
170 468
170 474
171 171
171 172
171 426
171 444
171 468
171 474
172 172
172 173
172 444
172 450
172 468
172 474
173 173
173 174
173 444
173 450
173 456
174 174
174 175
174 450
174 456
174 462
175 175
175 176
175 342
175 456
175 462
176 176
176 177
176 342
176 348
176 462
177 177
177 178
177 342
177 348
177 354
178 178
178 179
178 348
178 354
178 396
178 402
179 179
179 180
179 354
179 372
179 396
179 402
180 180
180 181
180 372
180 378
180 396
180 402
181 181
181 182
181 372
181 378
181 384
182 182
182 183
182 378
182 384
182 390
183 183
183 184
183 270
183 384
183 390
184 184
184 185
184 270
184 276
184 390
185 185
185 186
185 270
185 276
185 282
186 186
186 276
186 282
186 324
186 330
187 187
187 188
187 202
187 203
187 204
187 226
187 325
187 326
188 188
188 189
188 203
188 204
188 205
188 325
189 189
189 190
189 204
189 205
189 206
189 207
189 208
189 547
190 190
190 191
190 207
190 208
190 209
190 547
190 548
191 191
191 192
191 208
191 209
191 210
191 547
191 559
192 192
192 193
192 209
192 210
192 211
192 559
192 560
193 193
193 194
193 210
193 211
193 212
193 213
193 214
193 559
194 194
194 195
194 213
194 214
194 215
194 469
195 195
195 196
195 214
195 215
195 216
195 469
195 470
196 196
196 197
196 215
196 216
196 217
196 469
197 197
197 198
197 216
197 217
197 218
197 219
197 220
198 198
198 199
198 219
198 220
198 221
198 397
199 199
199 200
199 220
199 221
199 222
199 397
199 398
200 200
200 201
200 221
200 222
200 223
200 397
201 201
201 202
201 222
201 223
201 224
201 225
201 226
202 202
202 203
202 225
202 226
202 325
203 203
203 204
203 226
203 227
203 228
203 258
203 277
203 295
203 319
203 325
204 204
204 205
204 227
204 228
204 229
204 295
204 301
204 319
204 325
205 205
205 206
205 207
205 228
205 229
205 230
205 295
205 301
205 307
206 206
206 207
206 229
206 230
206 231
206 232
206 233
206 301
206 307
206 475
206 481
206 487
207 207
207 208
207 232
207 233
207 234
207 481
207 487
207 541
207 547
207 623
208 208
208 209
208 233
208 234
208 235
208 487
208 505
208 541
208 547
208 623
209 209
209 210
209 234
209 235
209 236
209 505
209 541
209 547
209 553
209 559
209 623
209 626
210 210
210 211
210 235
210 236
210 237
210 505
210 523
210 553
210 559
210 626
211 211
211 212
211 213
211 236
211 237
211 238
211 523
211 529
211 553
211 559
211 626
212 212
212 213
212 237
212 238
212 239
212 240
212 241
212 409
212 415
212 523
212 529
212 535
213 213
213 214
213 240
213 241
213 242
213 409
213 415
213 421
214 214
214 215
214 241
214 242
214 243
214 415
214 421
214 463
214 469
215 215
215 216
215 242
215 243
215 244
215 421
215 439
215 463
215 469
216 216
216 217
216 243
216 244
216 245
216 439
216 445
216 463
216 469
217 217
217 218
217 219
217 244
217 245
217 246
217 439
217 445
217 451
218 218
218 219
218 245
218 246
218 247
218 248
218 249
218 337
218 343
218 445
218 451
218 457
219 219
219 220
219 248
219 249
219 250
219 337
219 343
219 349
220 220
220 221
220 249
220 250
220 251
220 343
220 349
220 391
220 397
221 221
221 222
221 250
221 251
221 252
221 349
221 367
221 391
221 397
222 222
222 223
222 251
222 252
222 253
222 367
222 373
222 391
222 397
223 223
223 224
223 225
223 252
223 253
223 254
223 367
223 373
223 379
224 224
224 225
224 253
224 254
224 255
224 256
224 257
224 265
224 271
224 373
224 379
224 385
225 225
225 226
225 256
225 257
225 258
225 265
225 271
225 277
226 226
226 227
226 257
226 258
226 271
226 277
226 319
226 325
227 227
227 228
227 258
227 277
227 295
227 319
227 325
228 228
228 229
228 295
228 301
228 319
228 325
229 229
229 230
229 295
229 301
229 307
230 230
230 231
230 232
230 301
230 307
230 475
230 481
231 231
231 232
231 307
231 475
231 481
232 232
232 233
232 307
232 475
232 481
232 487
233 233
233 234
233 481
233 487
233 541
233 547
233 623
234 234
234 235
234 487
234 505
234 541
234 547
234 623
235 235
235 236
235 505
235 541
235 547
235 553
235 559
235 623
235 626
236 236
236 237
236 505
236 523
236 553
236 559
236 626
237 237
237 238
237 523
237 529
237 553
237 559
237 626
238 238
238 239
238 240
238 409
238 523
238 529
238 535
239 239
239 240
239 409
239 529
239 535
240 240
240 241
240 409
240 415
240 529
240 535
241 241
241 242
241 409
241 415
241 421
242 242
242 243
242 415
242 421
242 463
242 469
243 243
243 244
243 421
243 439
243 463
243 469
244 244
244 245
244 439
244 445
244 463
244 469
245 245
245 246
245 439
245 445
245 451
246 246
246 247
246 248
246 337
246 445
246 451
246 457
247 247
247 248
247 337
247 451
247 457
248 248
248 249
248 337
248 343
248 451
248 457
249 249
249 250
249 337
249 343
249 349
250 250
250 251
250 343
250 349
250 391
250 397
251 251
251 252
251 349
251 367
251 391
251 397
252 252
252 253
252 367
252 373
252 391
252 397
253 253
253 254
253 367
253 373
253 379
254 254
254 255
254 256
254 265
254 373
254 379
254 385
255 255
255 256
255 265
255 379
255 385
256 256
256 257
256 265
256 271
256 379
256 385
257 257
257 258
257 265
257 271
257 277
258 258
258 271
258 277
258 319
258 325
259 259
259 260
259 265
259 266
259 385
259 386
260 260
260 261
260 265
260 266
260 267
260 385
260 386
260 387
261 261
261 262
261 266
261 267
261 268
261 386
261 387
261 388
262 262
262 263
262 267
262 268
262 269
262 387
262 388
262 389
263 263
263 264
263 268
263 269
263 270
263 388
263 389
263 390
264 264
264 269
264 270
264 389
264 390
265 265
265 266
265 271
265 272
265 379
265 385
265 386
266 266
266 267
266 271
266 272
266 273
266 385
266 386
266 387
267 267
267 268
267 272
267 273
267 274
267 386
267 387
267 388
268 268
268 269
268 273
268 274
268 275
268 387
268 388
268 389
269 269
269 270
269 274
269 275
269 276
269 388
269 389
269 390
270 270
270 275
270 276
270 389
270 390
271 271
271 272
271 277
271 278
272 272
272 273
272 277
272 278
272 279
273 273
273 274
273 278
273 279
273 280
274 274
274 275
274 279
274 280
274 281
275 275
275 276
275 280
275 281
275 282
276 276
276 281
276 282
277 277
277 278
277 283
277 284
277 319
277 320
277 325
278 278
278 279
278 283
278 284
278 285
278 319
278 320
278 321
279 279
279 280
279 284
279 285
279 286
279 320
279 321
279 322
280 280
280 281
280 285
280 286
280 287
280 321
280 322
280 323
281 281
281 282
281 286
281 287
281 288
281 322
281 323
281 324
282 282
282 287
282 288
282 323
282 324
282 330
283 283
283 284
283 319
283 320
284 284
284 285
284 319
284 320
284 321
285 285
285 286
285 320
285 321
285 322
286 286
286 287
286 321
286 322
286 323
287 287
287 288
287 322
287 323
287 324
288 288
288 323
288 324
289 289
289 290
289 295
289 296
289 319
289 320
290 290
290 291
290 295
290 296
290 297
290 319
290 320
290 321
291 291
291 292
291 296
291 297
291 298
291 320
291 321
291 322
292 292
292 293
292 297
292 298
292 299
292 321
292 322
292 323
293 293
293 294
293 298
293 299
293 300
293 322
293 323
293 324
294 294
294 299
294 300
294 323
294 324
295 295
295 296
295 301
295 302
295 319
295 320
295 325
296 296
296 297
296 301
296 302
296 303
296 319
296 320
296 321
297 297
297 298
297 302
297 303
297 304
297 320
297 321
297 322
298 298
298 299
298 303
298 304
298 305
298 321
298 322
298 323
299 299
299 300
299 304
299 305
299 306
299 322
299 323
299 324
300 300
300 305
300 306
300 323
300 324
300 330
301 301
301 302
301 307
301 308
302 302
302 303
302 307
302 308
302 309
303 303
303 304
303 308
303 309
303 310
304 304
304 305
304 309
304 310
304 311
305 305
305 306
305 310
305 311
305 312
306 306
306 311
306 312
307 307
307 308
307 313
307 314
307 475
307 476
307 481
308 308
308 309
308 313
308 314
308 315
308 475
308 476
308 477
309 309
309 310
309 314
309 315
309 316
309 476
309 477
309 478
310 310
310 311
310 315
310 316
310 317
310 477
310 478
310 479
311 311
311 312
311 316
311 317
311 318
311 478
311 479
311 480
312 312
312 317
312 318
312 479
312 480
313 313
313 314
313 475
313 476
314 314
314 315
314 475
314 476
314 477
315 315
315 316
315 476
315 477
315 478
316 316
316 317
316 477
316 478
316 479
317 317
317 318
317 478
317 479
317 480
318 318
318 479
318 480
319 319
319 320
319 325
319 326
320 320
320 321
320 325
320 326
320 327
321 321
321 322
321 326
321 327
321 328
322 322
322 323
322 327
322 328
322 329
323 323
323 324
323 328
323 329
323 330
324 324
324 329
324 330
325 325
325 326
326 326
326 327
327 327
327 328
328 328
328 329
329 329
329 330
329 592
330 330
330 592
331 331
331 332
331 337
331 338
331 457
331 458
332 332
332 333
332 337
332 338
332 339
332 457
332 458
332 459
333 333
333 334
333 338
333 339
333 340
333 458
333 459
333 460
334 334
334 335
334 339
334 340
334 341
334 459
334 460
334 461
335 335
335 336
335 340
335 341
335 342
335 460
335 461
335 462
336 336
336 341
336 342
336 461
336 462
337 337
337 338
337 343
337 344
337 451
337 457
337 458
338 338
338 339
338 343
338 344
338 345
338 457
338 458
338 459
339 339
339 340
339 344
339 345
339 346
339 458
339 459
339 460
340 340
340 341
340 345
340 346
340 347
340 459
340 460
340 461
341 341
341 342
341 346
341 347
341 348
341 460
341 461
341 462
342 342
342 347
342 348
342 461
342 462
343 343
343 344
343 349
343 350
344 344
344 345
344 349
344 350
344 351
345 345
345 346
345 350
345 351
345 352
346 346
346 347
346 351
346 352
346 353
347 347
347 348
347 352
347 353
347 354
348 348
348 353
348 354
349 349
349 350
349 355
349 356
349 391
349 392
349 397
350 350
350 351
350 355
350 356
350 357
350 391
350 392
350 393
351 351
351 352
351 356
351 357
351 358
351 392
351 393
351 394
352 352
352 353
352 357
352 358
352 359
352 393
352 394
352 395
353 353
353 354
353 358
353 359
353 360
353 394
353 395
353 396
354 354
354 359
354 360
354 395
354 396
354 402
355 355
355 356
355 391
355 392
356 356
356 357
356 391
356 392
356 393
357 357
357 358
357 392
357 393
357 394
358 358
358 359
358 393
358 394
358 395
359 359
359 360
359 394
359 395
359 396
360 360
360 395
360 396
361 361
361 362
361 367
361 368
361 391
361 392
362 362
362 363
362 367
362 368
362 369
362 391
362 392
362 393
363 363
363 364
363 368
363 369
363 370
363 392
363 393
363 394
364 364
364 365
364 369
364 370
364 371
364 393
364 394
364 395
365 365
365 366
365 370
365 371
365 372
365 394
365 395
365 396
366 366
366 371
366 372
366 395
366 396
367 367
367 368
367 373
367 374
367 391
367 392
367 397
368 368
368 369
368 373
368 374
368 375
368 391
368 392
368 393
369 369
369 370
369 374
369 375
369 376
369 392
369 393
369 394
370 370
370 371
370 375
370 376
370 377
370 393
370 394
370 395
371 371
371 372
371 376
371 377
371 378
371 394
371 395
371 396
372 372
372 377
372 378
372 395
372 396
372 402
373 373
373 374
373 379
373 380
374 374
374 375
374 379
374 380
374 381
375 375
375 376
375 380
375 381
375 382
376 376
376 377
376 381
376 382
376 383
377 377
377 378
377 382
377 383
377 384
378 378
378 383
378 384
379 379
379 380
379 385
379 386
380 380
380 381
380 385
380 386
380 387
381 381
381 382
381 386
381 387
381 388
382 382
382 383
382 387
382 388
382 389
383 383
383 384
383 388
383 389
383 390
384 384
384 389
384 390
385 385
385 386
386 386
386 387
387 387
387 388
388 388
388 389
389 389
389 390
390 390
391 391
391 392
391 397
391 398
392 392
392 393
392 397
392 398
392 399
393 393
393 394
393 398
393 399
393 400
394 394
394 395
394 399
394 400
394 401
395 395
395 396
395 400
395 401
395 402
396 396
396 401
396 402
397 397
397 398
398 398
398 399
399 399
399 400
400 400
400 401
401 401
401 402
401 591
402 402
402 591
403 403
403 404
403 409
403 410
403 535
403 536
404 404
404 405
404 409
404 410
404 411
404 535
404 536
404 537
405 405
405 406
405 410
405 411
405 412
405 536
405 537
405 538
406 406
406 407
406 411
406 412
406 413
406 537
406 538
406 539
407 407
407 408
407 412
407 413
407 414
407 538
407 539
407 540
408 408
408 413
408 414
408 539
408 540
409 409
409 410
409 415
409 416
409 529
409 535
409 536
410 410
410 411
410 415
410 416
410 417
410 535
410 536
410 537
411 411
411 412
411 416
411 417
411 418
411 536
411 537
411 538
412 412
412 413
412 417
412 418
412 419
412 537
412 538
412 539
413 413
413 414
413 418
413 419
413 420
413 538
413 539
413 540
414 414
414 419
414 420
414 539
414 540
415 415
415 416
415 421
415 422
416 416
416 417
416 421
416 422
416 423
417 417
417 418
417 422
417 423
417 424
418 418
418 419
418 423
418 424
418 425
419 419
419 420
419 424
419 425
419 426
420 420
420 425
420 426
421 421
421 422
421 427
421 428
421 463
421 464
421 469
422 422
422 423
422 427
422 428
422 429
422 463
422 464
422 465
423 423
423 424
423 428
423 429
423 430
423 464
423 465
423 466
424 424
424 425
424 429
424 430
424 431
424 465
424 466
424 467
425 425
425 426
425 430
425 431
425 432
425 466
425 467
425 468
426 426
426 431
426 432
426 467
426 468
426 474
427 427
427 428
427 463
427 464
428 428
428 429
428 463
428 464
428 465
429 429
429 430
429 464
429 465
429 466
430 430
430 431
430 465
430 466
430 467
431 431
431 432
431 466
431 467
431 468
432 432
432 467
432 468
433 433
433 434
433 439
433 440
433 463
433 464
434 434
434 435
434 439
434 440
434 441
434 463
434 464
434 465
435 435
435 436
435 440
435 441
435 442
435 464
435 465
435 466
436 436
436 437
436 441
436 442
436 443
436 465
436 466
436 467
437 437
437 438
437 442
437 443
437 444
437 466
437 467
437 468
438 438
438 443
438 444
438 467
438 468
439 439
439 440
439 445
439 446
439 463
439 464
439 469
440 440
440 441
440 445
440 446
440 447
440 463
440 464
440 465
441 441
441 442
441 446
441 447
441 448
441 464
441 465
441 466
442 442
442 443
442 447
442 448
442 449
442 465
442 466
442 467
443 443
443 444
443 448
443 449
443 450
443 466
443 467
443 468
444 444
444 449
444 450
444 467
444 468
444 474
445 445
445 446
445 451
445 452
446 446
446 447
446 451
446 452
446 453
447 447
447 448
447 452
447 453
447 454
448 448
448 449
448 453
448 454
448 455
449 449
449 450
449 454
449 455
449 456
450 450
450 455
450 456
451 451
451 452
451 457
451 458
452 452
452 453
452 457
452 458
452 459
453 453
453 454
453 458
453 459
453 460
454 454
454 455
454 459
454 460
454 461
455 455
455 456
455 460
455 461
455 462
456 456
456 461
456 462
457 457
457 458
458 458
458 459
459 459
459 460
460 460
460 461
461 461
461 462
462 462
463 463
463 464
463 469
463 470
464 464
464 465
464 469
464 470
464 471
465 465
465 466
465 470
465 471
465 472
466 466
466 467
466 471
466 472
466 473
467 467
467 468
467 472
467 473
467 474
468 468
468 473
468 474
469 469
469 470
470 470
470 471
471 471
471 472
472 472
472 473
473 473
473 474
473 590
474 474
474 590
475 475
475 476
475 481
475 482
476 476
476 477
476 481
476 482
476 483
477 477
477 478
477 482
477 483
477 484
478 478
478 479
478 483
478 484
478 485
479 479
479 480
479 484
479 485
479 486
480 480
480 485
480 486
481 481
481 482
481 487
481 488
482 482
482 483
482 487
482 488
482 489
483 483
483 484
483 488
483 489
483 490
484 484
484 485
484 489
484 490
484 491
485 485
485 486
485 490
485 491
485 492
486 486
486 491
486 492
487 487
487 488
487 493
487 494
487 541
487 542
487 547
487 623
488 488
488 489
488 493
488 494
488 495
488 541
488 542
488 543
488 623
489 489
489 490
489 494
489 495
489 496
489 542
489 543
489 544
490 490
490 491
490 495
490 496
490 497
490 543
490 544
490 545
491 491
491 492
491 496
491 497
491 498
491 544
491 545
491 546
491 624
492 492
492 497
492 498
492 545
492 546
492 552
492 624
493 493
493 494
493 541
493 542
493 623
494 494
494 495
494 541
494 542
494 543
494 623
495 495
495 496
495 542
495 543
495 544
496 496
496 497
496 543
496 544
496 545
497 497
497 498
497 544
497 545
497 546
497 624
498 498
498 545
498 546
498 624
499 499
499 500
499 505
499 506
499 541
499 542
499 623
500 500
500 501
500 505
500 506
500 507
500 541
500 542
500 543
500 623
501 501
501 502
501 506
501 507
501 508
501 542
501 543
501 544
502 502
502 503
502 507
502 508
502 509
502 543
502 544
502 545
503 503
503 504
503 508
503 509
503 510
503 544
503 545
503 546
503 624
504 504
504 509
504 510
504 545
504 546
504 624
505 505
505 506
505 511
505 512
505 541
505 542
505 547
505 553
505 554
505 559
505 623
505 626
506 506
506 507
506 511
506 512
506 513
506 541
506 542
506 543
506 553
506 554
506 555
506 623
506 626
507 507
507 508
507 512
507 513
507 514
507 542
507 543
507 544
507 554
507 555
507 556
508 508
508 509
508 513
508 514
508 515
508 543
508 544
508 545
508 555
508 556
508 557
509 509
509 510
509 514
509 515
509 516
509 544
509 545
509 546
509 556
509 557
509 624
509 625
510 510
510 515
510 516
510 545
510 546
510 557
510 624
510 625
511 511
511 512
511 553
511 554
511 626
512 512
512 513
512 553
512 554
512 555
512 626
513 513
513 514
513 554
513 555
513 556
514 514
514 515
514 555
514 556
514 557
515 515
515 516
515 556
515 557
515 625
516 516
516 557
516 625
517 517
517 518
517 523
517 524
517 553
517 554
517 626
518 518
518 519
518 523
518 524
518 525
518 553
518 554
518 555
518 626
519 519
519 520
519 524
519 525
519 526
519 554
519 555
519 556
520 520
520 521
520 525
520 526
520 527
520 555
520 556
520 557
521 521
521 522
521 526
521 527
521 528
521 556
521 557
521 625
522 522
522 527
522 528
522 557
522 625
523 523
523 524
523 529
523 530
523 553
523 554
523 559
523 626
524 524
524 525
524 529
524 530
524 531
524 553
524 554
524 555
524 626
525 525
525 526
525 530
525 531
525 532
525 554
525 555
525 556
526 526
526 527
526 531
526 532
526 533
526 555
526 556
526 557
527 527
527 528
527 532
527 533
527 534
527 556
527 557
527 625
528 528
528 533
528 534
528 557
528 564
528 625
529 529
529 530
529 535
529 536
530 530
530 531
530 535
530 536
530 537
531 531
531 532
531 536
531 537
531 538
532 532
532 533
532 537
532 538
532 539
533 533
533 534
533 538
533 539
533 540
534 534
534 539
534 540
535 535
535 536
536 536
536 537
537 537
537 538
538 538
538 539
539 539
539 540
540 540
541 541
541 542
541 547
541 548
541 623
542 542
542 543
542 547
542 548
542 549
542 623
543 543
543 544
543 548
543 549
543 550
544 544
544 545
544 549
544 550
544 551
545 545
545 546
545 550
545 551
545 552
545 624
546 546
546 551
546 552
546 624
547 547
547 548
547 623
548 548
548 549
548 623
549 549
549 550
550 550
550 551
551 551
551 552
551 566
551 624
552 552
552 566
552 589
552 624
553 553
553 554
553 559
553 560
553 626
554 554
554 555
554 559
554 560
554 561
554 626
555 555
555 556
555 560
555 561
555 562
556 556
556 557
556 561
556 562
556 563
557 557
557 558
557 562
557 563
557 564
557 625
558 558
558 563
558 564
558 625
559 559
559 560
559 626
560 560
560 561
560 626
561 561
561 562
562 562
562 563
563 563
563 564
563 567
563 625
564 564
564 567
564 589
564 625
565 565
565 566
565 576
565 577
565 584
565 585
565 614
565 615
565 616
565 617
566 566
566 577
566 585
566 589
567 567
567 568
567 581
567 586
567 589
568 568
568 569
568 578
568 581
568 586
568 614
568 617
568 618
568 619
569 569
569 578
569 586
569 590
570 570
570 571
570 582
570 587
570 590
571 571
571 572
571 579
571 582
571 587
571 614
571 619
571 620
571 621
572 572
572 579
572 587
572 591
573 573
573 574
573 583
573 588
573 591
574 574
574 575
574 580
574 583
574 588
574 614
574 615
574 621
574 622
575 575
575 580
575 588
575 592
576 576
576 584
576 585
576 592
577 577
577 585
577 589
577 593
577 601
578 578
578 586
578 590
578 594
578 602
579 579
579 587
579 591
579 595
579 603
580 580
580 588
580 592
580 596
580 604
581 581
581 586
581 589
581 597
581 602
582 582
582 587
582 590
582 598
582 603
583 583
583 588
583 591
583 599
583 604
584 584
584 585
584 592
584 600
584 601
585 585
585 589
585 592
585 593
585 600
585 601
586 586
586 589
586 590
586 594
586 597
586 602
587 587
587 590
587 591
587 595
587 598
587 603
588 588
588 591
588 592
588 596
588 599
588 604
589 589
589 593
589 597
589 601
589 602
589 605
589 606
589 609
590 590
590 594
590 598
590 602
590 603
590 606
590 607
590 610
591 591
591 595
591 599
591 603
591 604
591 607
591 608
591 611
592 592
592 596
592 600
592 601
592 604
592 605
592 608
592 612
593 593
593 601
593 605
593 609
594 594
594 602
594 606
594 610
595 595
595 603
595 607
595 611
596 596
596 604
596 608
596 612
597 597
597 602
597 606
597 609
598 598
598 603
598 607
598 610
599 599
599 604
599 608
599 611
600 600
600 601
600 605
600 612
601 601
601 605
601 609
601 612
602 602
602 606
602 609
602 610
603 603
603 607
603 610
603 611
604 604
604 608
604 611
604 612
605 605
605 606
605 608
605 609
605 612
605 613
606 606
606 607
606 609
606 610
606 613
607 607
607 608
607 610
607 611
607 613
608 608
608 611
608 612
608 613
609 609
609 613
610 610
610 613
611 611
611 613
612 612
612 613
613 613
613 614
614 614
614 615
614 617
614 619
614 621
615 615
615 616
615 622
616 616
616 617
617 617
617 618
618 618
618 619
619 619
619 620
620 620
620 621
621 621
621 622
622 622
623 623
623 626
623 627
624 624
624 625
624 630
625 625
625 630
626 626
626 627
627 627
627 628
628 628
628 629
629 629
629 630
630 630
630 631
631 631
631 632
632 632
632 633
633 633
