0 0
0 1
0 41
0 43
0 44
0 45
0 131
0 133
0 135
0 152
0 182
0 273
0 405
0 438
0 548
0 560
1 1
1 2
1 41
1 42
1 45
1 46
1 47
1 133
1 135
1 137
1 139
2 2
2 42
2 47
2 137
2 139
2 860
2 879
2 881
2 993
2 994
3 3
3 4
3 6
3 7
3 43
3 44
3 45
3 48
3 50
3 51
3 52
3 55
3 132
3 134
3 136
3 154
3 188
3 192
3 274
3 407
3 409
3 440
3 444
3 446
3 447
3 450
4 4
4 5
4 7
4 8
4 45
4 46
4 47
4 48
4 49
4 51
4 52
4 53
4 54
4 56
4 134
4 136
4 138
4 140
5 5
5 8
5 47
5 49
5 53
5 54
5 138
5 140
5 861
5 862
5 881
5 882
5 886
5 888
5 889
5 890
5 893
5 992
6 6
6 7
6 9
6 50
6 51
6 55
6 57
6 58
6 154
6 156
6 158
6 188
6 191
6 192
6 194
6 197
6 198
6 200
6 409
6 446
6 450
6 452
6 568
7 7
7 8
7 9
7 10
7 48
7 50
7 51
7 52
7 53
7 55
7 56
7 57
7 58
7 59
7 60
7 62
8 8
8 10
8 11
8 49
8 52
8 53
8 54
8 56
8 59
8 60
8 61
8 63
8 862
8 888
8 889
8 893
8 895
8 896
9 9
9 10
9 12
9 13
9 55
9 57
9 58
9 59
9 62
9 64
9 65
9 66
9 69
9 158
9 198
9 200
9 204
9 409
9 411
9 413
9 450
9 452
9 453
9 456
9 458
9 459
9 462
10 10
10 11
10 13
10 14
10 56
10 58
10 59
10 60
10 61
10 62
10 63
10 65
10 66
10 67
10 68
10 70
11 11
11 14
11 60
11 61
11 63
11 67
11 68
11 862
11 863
11 864
11 893
11 895
11 896
11 897
11 900
11 902
11 903
11 904
11 907
12 12
12 13
12 15
12 64
12 65
12 69
12 71
12 72
12 158
12 160
12 162
12 200
12 203
12 204
12 206
12 209
12 210
12 212
12 413
12 415
12 458
12 462
12 464
12 465
12 470
12 577
13 13
13 14
13 15
13 17
13 18
13 62
13 64
13 65
13 66
13 67
13 69
13 70
13 71
13 72
13 73
13 74
13 75
13 77
13 79
14 14
14 18
14 63
14 66
14 67
14 68
14 70
14 74
14 75
14 864
14 865
14 902
14 903
14 907
14 909
14 910
14 922
15 15
15 16
15 17
15 69
15 71
15 72
15 73
15 76
15 77
15 78
15 162
15 210
15 212
15 216
15 415
15 422
15 464
15 470
15 471
15 472
15 477
15 1037
16 16
16 17
16 19
16 76
16 77
16 78
16 80
16 81
16 162
16 164
16 166
16 212
16 215
16 216
16 218
16 221
16 222
16 224
16 422
16 471
16 477
16 479
17 17
17 18
17 19
17 21
17 72
17 73
17 74
17 76
17 77
17 78
17 79
17 80
17 81
17 82
17 83
17 86
18 18
18 21
18 22
18 70
18 73
18 74
18 75
18 79
18 82
18 83
18 84
18 88
18 865
18 870
18 871
18 909
18 920
18 921
18 922
18 923
18 924
18 925
19 19
19 20
19 21
19 78
19 80
19 81
19 82
19 85
19 86
19 87
19 166
19 222
19 224
19 228
19 421
19 422
19 477
19 479
19 480
19 486
19 487
19 1049
20 20
20 21
20 23
20 85
20 86
20 87
20 89
20 90
20 166
20 168
20 170
20 224
20 227
20 228
20 230
20 233
20 234
20 236
20 421
20 424
20 486
20 487
20 488
20 492
20 494
20 585
21 21
21 22
21 23
21 24
21 79
21 81
21 82
21 83
21 84
21 85
21 86
21 87
21 88
21 89
21 90
21 91
21 92
21 94
22 22
22 24
22 25
22 83
22 84
22 88
22 91
22 92
22 93
22 95
22 870
22 872
22 924
22 925
22 926
22 930
22 932
22 933
23 23
23 24
23 26
23 27
23 87
23 89
23 90
23 91
23 94
23 96
23 97
23 98
23 101
23 170
23 234
23 236
23 240
23 424
23 426
23 428
23 492
23 494
23 495
23 498
23 500
23 501
23 504
24 24
24 25
24 27
24 28
24 88
24 90
24 91
24 92
24 93
24 94
24 95
24 97
24 98
24 99
24 100
24 102
25 25
25 28
25 92
25 93
25 95
25 99
25 100
25 872
25 873
25 874
25 930
25 932
25 933
25 934
25 937
25 939
25 940
25 941
25 944
26 26
26 27
26 29
26 96
26 97
26 101
26 103
26 104
26 170
26 172
26 174
26 236
26 239
26 240
26 242
26 245
26 246
26 248
26 428
26 500
26 504
26 506
26 594
27 27
27 28
27 29
27 30
27 94
27 96
27 97
27 98
27 99
27 101
27 102
27 103
27 104
27 105
27 106
27 108
28 28
28 30
28 31
28 95
28 98
28 99
28 100
28 102
28 105
28 106
28 107
28 109
28 874
28 939
28 940
28 944
28 946
28 947
29 29
29 30
29 32
29 33
29 101
29 103
29 104
29 105
29 108
29 110
29 111
29 112
29 115
29 174
29 246
29 248
29 252
29 428
29 430
29 432
29 504
29 506
29 507
29 510
29 512
29 513
29 516
30 30
30 31
30 33
30 34
30 102
30 104
30 105
30 106
30 107
30 108
30 109
30 111
30 112
30 113
30 114
30 116
31 31
31 34
31 106
31 107
31 109
31 113
31 114
31 874
31 875
31 876
31 944
31 946
31 947
31 948
31 951
31 953
31 954
31 955
31 958
32 32
32 33
32 35
32 110
32 111
32 115
32 117
32 118
32 174
32 176
32 178
32 248
32 251
32 252
32 254
32 257
32 258
32 260
32 432
32 512
32 516
32 518
32 602
33 33
33 34
33 35
33 36
33 108
33 110
33 111
33 112
33 113
33 115
33 116
33 117
33 118
33 119
33 120
33 122
34 34
34 36
34 37
34 109
34 112
34 113
34 114
34 116
34 119
34 120
34 121
34 123
34 876
34 953
34 954
34 958
34 960
34 961
35 35
35 36
35 115
35 117
35 118
35 119
35 122
35 124
35 125
35 126
35 142
35 144
35 146
35 178
35 258
35 260
35 282
35 432
35 434
35 516
35 518
35 519
35 522
35 524
36 36
36 37
36 116
36 118
36 119
36 120
36 121
36 122
36 123
36 126
36 127
36 128
36 144
36 146
36 148
36 150
37 37
37 120
37 121
37 123
37 128
37 148
37 150
37 876
37 877
37 958
37 960
37 961
37 962
37 965
37 967
37 968
37 995
38 38
38 39
38 124
38 125
38 126
38 129
38 141
38 143
38 145
38 180
38 266
38 281
38 436
38 528
38 549
38 612
39 39
39 40
39 126
39 127
39 128
39 129
39 130
39 143
39 145
39 147
39 149
40 40
40 128
40 130
40 147
40 149
40 878
40 967
40 972
40 996
40 997
41 41
41 45
41 133
41 135
42 42
42 47
42 137
42 139
43 43
43 44
43 45
43 131
43 132
43 133
43 134
43 152
43 154
43 182
43 185
43 186
43 188
43 271
43 272
43 273
43 274
43 405
43 407
43 438
43 440
43 441
43 444
43 548
44 44
44 45
44 131
44 132
44 133
44 134
45 45
45 46
45 47
45 48
45 131
45 132
45 133
45 134
45 135
45 136
45 137
45 138
46 46
46 47
46 135
46 136
46 137
46 138
47 47
47 49
47 135
47 136
47 137
47 138
47 139
47 140
48 48
48 51
48 52
48 134
48 136
49 49
49 53
49 54
49 138
49 140
50 50
50 51
50 55
50 154
50 188
50 192
50 409
50 446
50 450
51 51
51 52
51 55
52 52
52 53
52 56
53 53
53 54
53 56
54 54
55 55
55 57
55 58
56 56
56 59
56 60
57 57
57 58
57 158
57 198
57 200
57 409
57 450
57 452
58 58
58 59
58 62
59 59
59 60
59 62
60 60
60 61
60 63
61 61
61 63
62 62
62 65
62 66
63 63
63 67
63 68
64 64
64 65
64 69
64 158
64 200
64 204
64 413
64 458
64 462
65 65
65 66
65 69
66 66
66 67
66 70
67 67
67 68
67 70
68 68
69 69
69 71
69 72
70 70
70 74
70 75
71 71
71 72
71 162
71 210
71 212
71 415
71 464
71 470
72 72
72 73
72 77
73 73
73 74
73 77
73 79
74 74
74 75
74 79
75 75
75 865
75 909
75 922
76 76
76 77
76 78
76 162
76 212
76 216
76 422
76 471
76 477
77 77
77 78
78 78
78 80
78 81
79 79
79 82
79 83
80 80
80 81
80 166
80 222
80 224
80 422
80 477
80 479
81 81
81 82
81 86
82 82
82 83
82 86
83 83
83 84
83 88
84 84
84 88
84 870
84 924
84 925
85 85
85 86
85 87
85 166
85 224
85 228
85 421
85 486
85 487
86 86
86 87
87 87
87 89
87 90
88 88
88 91
88 92
89 89
89 90
89 170
89 234
89 236
89 424
89 492
89 494
90 90
90 91
90 94
91 91
91 92
91 94
92 92
92 93
92 95
93 93
93 95
94 94
94 97
94 98
95 95
95 99
95 100
96 96
96 97
96 101
96 170
96 236
96 240
96 428
96 500
96 504
97 97
97 98
97 101
98 98
98 99
98 102
99 99
99 100
99 102
100 100
101 101
101 103
101 104
102 102
102 105
102 106
103 103
103 104
103 174
103 246
103 248
103 428
103 504
103 506
104 104
104 105
104 108
105 105
105 106
105 108
106 106
106 107
106 109
107 107
107 109
108 108
108 111
108 112
109 109
109 113
109 114
110 110
110 111
110 115
110 174
110 248
110 252
110 432
110 512
110 516
111 111
111 112
111 115
112 112
112 113
112 116
113 113
113 114
113 116
114 114
115 115
115 117
115 118
116 116
116 119
116 120
117 117
117 118
117 178
117 258
117 260
117 432
117 516
117 518
118 118
118 119
118 122
119 119
119 120
119 122
120 120
120 121
120 123
121 121
121 123
122 122
122 126
122 144
122 146
123 123
123 128
123 148
123 150
124 124
124 125
124 126
124 141
124 142
124 143
124 144
124 178
124 180
124 260
124 263
124 264
124 266
124 279
124 280
124 281
124 282
124 434
124 436
124 522
124 524
124 525
124 528
124 549
125 125
125 126
125 141
125 142
125 143
125 144
126 126
126 127
126 128
126 129
126 141
126 142
126 143
126 144
126 145
126 146
126 147
126 148
127 127
127 128
127 145
127 146
127 147
127 148
128 128
128 130
128 145
128 146
128 147
128 148
128 149
128 150
129 129
129 143
129 145
130 130
130 147
130 149
131 131
131 133
131 152
131 182
131 273
131 405
131 438
131 548
132 132
132 134
132 154
132 188
132 274
132 407
132 440
132 444
133 133
133 135
134 134
134 136
135 135
135 137
136 136
136 138
137 137
137 139
138 138
138 140
139 139
140 140
141 141
141 143
141 180
141 266
141 281
141 436
141 528
141 549
142 142
142 144
142 178
142 260
142 282
142 434
142 522
142 524
143 143
143 145
144 144
144 146
145 145
145 147
146 146
146 148
147 147
147 149
148 148
148 150
149 149
150 150
151 151
151 152
151 181
151 183
151 184
151 185
151 267
151 269
151 271
151 283
151 315
151 403
151 559
152 152
152 181
152 182
152 185
152 186
152 269
152 271
152 273
152 283
152 315
152 405
152 438
152 559
152 560
152 561
153 153
153 154
153 155
153 156
153 183
153 184
153 185
153 187
153 189
153 190
153 191
153 193
153 268
153 270
153 272
153 286
153 288
153 319
153 323
153 325
153 326
153 329
154 154
154 156
154 185
154 186
154 187
154 188
154 190
154 191
154 192
154 194
154 270
154 272
154 274
155 155
155 156
155 157
155 189
155 190
155 193
155 195
155 196
155 288
155 325
155 329
155 331
155 566
156 156
156 157
156 158
156 187
156 189
156 190
156 191
156 192
156 193
156 194
156 195
156 196
156 197
156 198
156 199
156 288
156 329
156 409
156 450
156 551
156 566
156 567
156 568
156 569
156 570
157 157
157 158
157 159
157 160
157 193
157 195
157 196
157 197
157 199
157 201
157 202
157 203
157 205
157 288
157 290
157 329
157 331
157 332
157 335
157 339
158 158
158 160
158 194
158 196
158 197
158 198
158 199
158 200
158 202
158 203
158 204
158 206
159 159
159 160
159 161
159 201
159 202
159 205
159 207
159 208
159 290
159 293
159 335
159 339
159 340
159 343
159 345
159 576
160 160
160 161
160 162
160 199
160 201
160 202
160 203
160 204
160 205
160 206
160 207
160 208
160 209
160 210
160 211
160 293
160 343
160 413
160 462
160 576
160 577
160 578
161 161
161 162
161 163
161 164
161 205
161 207
161 208
161 209
161 211
161 213
161 214
161 215
161 217
161 293
161 296
161 343
161 345
161 348
161 349
161 352
161 1006
161 1007
161 1038
161 1039
161 1040
161 1041
162 162
162 164
162 206
162 208
162 209
162 210
162 211
162 212
162 214
162 215
162 216
162 218
162 415
162 470
162 1006
162 1036
162 1037
162 1038
162 1040
163 163
163 164
163 165
163 213
163 214
163 217
163 219
163 220
163 296
163 349
163 352
163 354
164 164
164 165
164 166
164 211
164 213
164 214
164 215
164 216
164 217
164 218
164 219
164 220
164 221
164 222
164 223
165 165
165 166
165 167
165 168
165 217
165 219
165 220
165 221
165 223
165 225
165 226
165 227
165 229
165 296
165 298
165 352
165 354
165 355
165 358
165 359
165 1010
165 1011
165 1050
165 1051
165 1052
165 1053
166 166
166 168
166 218
166 220
166 221
166 222
166 223
166 224
166 226
166 227
166 228
166 230
166 421
166 486
166 1010
166 1048
166 1049
166 1050
166 1052
167 167
167 168
167 169
167 225
167 226
167 229
167 231
167 232
167 298
167 358
167 359
167 361
167 583
168 168
168 169
168 170
168 223
168 225
168 226
168 227
168 228
168 229
168 230
168 231
168 232
168 233
168 234
168 235
168 298
168 359
168 424
168 492
168 554
168 583
168 584
168 585
168 586
168 587
169 169
169 170
169 171
169 172
169 229
169 231
169 232
169 233
169 235
169 237
169 238
169 239
169 241
169 298
169 300
169 359
169 361
169 362
169 365
169 367
170 170
170 172
170 230
170 232
170 233
170 234
170 235
170 236
170 238
170 239
170 240
170 242
171 171
171 172
171 173
171 237
171 238
171 241
171 243
171 244
171 300
171 303
171 306
171 365
171 367
171 368
171 373
171 375
171 376
171 381
171 593
172 172
172 173
172 174
172 235
172 237
172 238
172 239
172 240
172 241
172 242
172 243
172 244
172 245
172 246
172 247
172 303
172 373
172 428
172 504
172 593
172 594
172 595
173 173
173 174
173 175
173 176
173 241
173 243
173 244
173 245
173 247
173 249
173 250
173 251
173 253
173 306
173 308
173 375
173 381
173 383
173 384
173 387
174 174
174 176
174 242
174 244
174 245
174 246
174 247
174 248
174 250
174 251
174 252
174 254
175 175
175 176
175 177
175 249
175 250
175 253
175 255
175 256
175 308
175 383
175 387
175 389
175 600
176 176
176 177
176 178
176 247
176 249
176 250
176 251
176 252
176 253
176 254
176 255
176 256
176 257
176 258
176 259
176 308
176 387
176 432
176 516
176 557
176 600
176 601
176 602
176 603
176 604
177 177
177 178
177 253
177 255
177 256
177 257
177 259
177 261
177 262
177 263
177 276
177 278
177 280
177 308
177 310
177 387
177 389
177 390
177 393
177 395
178 178
178 254
178 256
178 257
178 258
178 259
178 260
178 263
178 264
178 278
178 280
178 282
179 179
179 180
179 261
179 262
179 263
179 265
179 275
179 277
179 279
179 281
179 313
179 401
179 404
179 611
180 180
180 263
180 264
180 265
180 266
180 277
180 279
180 281
180 313
180 401
180 436
180 528
180 611
180 612
180 613
181 181
181 185
181 269
181 271
181 283
181 315
181 559
182 182
182 273
182 405
182 438
182 560
183 183
183 184
183 185
183 267
183 268
183 269
183 270
183 283
183 286
183 315
183 319
183 320
183 323
183 403
184 184
184 185
184 267
184 268
184 269
184 270
185 185
185 186
185 187
185 267
185 268
185 269
185 270
185 271
185 272
185 273
185 274
186 186
186 271
186 272
186 273
186 274
187 187
187 190
187 191
187 270
187 272
188 188
188 192
188 274
189 189
189 190
189 193
189 288
189 325
189 329
190 190
190 191
190 193
191 191
191 192
191 194
192 192
192 194
193 193
193 195
193 196
193 288
193 329
193 566
194 194
194 197
194 198
194 409
194 450
194 568
195 195
195 196
195 288
195 329
195 331
196 196
196 197
196 199
197 197
197 198
197 199
198 198
198 200
199 199
199 202
199 203
200 200
200 204
201 201
201 202
201 205
201 290
201 335
201 339
202 202
202 203
202 205
203 203
203 204
203 206
204 204
204 206
205 205
205 207
205 208
205 293
205 343
205 576
206 206
206 209
206 210
206 413
206 462
206 577
207 207
207 208
207 293
207 343
207 345
208 208
208 209
208 211
209 209
209 210
209 211
210 210
210 212
211 211
211 214
211 215
211 1006
211 1038
211 1040
212 212
212 216
212 415
212 470
212 1037
213 213
213 214
213 217
213 296
213 349
213 352
214 214
214 215
214 217
215 215
215 216
215 218
216 216
216 218
217 217
217 219
217 220
218 218
218 221
218 222
219 219
219 220
219 296
219 352
219 354
220 220
220 221
220 223
221 221
221 222
221 223
222 222
222 224
223 223
223 226
223 227
223 1010
223 1050
223 1052
224 224
224 228
224 421
224 486
224 1049
225 225
225 226
225 229
225 298
225 358
225 359
226 226
226 227
226 229
227 227
227 228
227 230
228 228
228 230
229 229
229 231
229 232
229 298
229 359
229 583
230 230
230 233
230 234
230 424
230 492
230 585
231 231
231 232
231 298
231 359
231 361
232 232
232 233
232 235
233 233
233 234
233 235
234 234
234 236
235 235
235 238
235 239
236 236
236 240
237 237
237 238
237 241
237 300
237 365
237 367
238 238
238 239
238 241
239 239
239 240
239 242
240 240
240 242
241 241
241 243
241 244
241 303
241 373
241 593
242 242
242 245
242 246
242 428
242 504
242 594
243 243
243 244
243 306
243 375
243 381
244 244
244 245
244 247
245 245
245 246
245 247
246 246
246 248
247 247
247 250
247 251
248 248
248 252
249 249
249 250
249 253
249 308
249 383
249 387
250 250
250 251
250 253
251 251
251 252
251 254
252 252
252 254
253 253
253 255
253 256
253 308
253 387
253 600
254 254
254 257
254 258
254 432
254 516
254 602
255 255
255 256
255 308
255 387
255 389
256 256
256 257
256 259
257 257
257 258
257 259
258 258
258 260
259 259
259 263
259 278
259 280
260 260
260 282
261 261
261 262
261 263
261 275
261 276
261 277
261 278
261 310
261 313
261 393
261 395
261 396
261 401
261 404
262 262
262 263
262 275
262 276
262 277
262 278
263 263
263 264
263 265
263 275
263 276
263 277
263 278
263 279
263 280
263 281
263 282
264 264
264 279
264 280
264 281
264 282
265 265
265 277
265 279
265 281
265 313
265 401
265 611
266 266
266 281
266 436
266 528
266 612
267 267
267 269
267 283
267 315
267 403
268 268
268 270
268 286
268 319
268 323
269 269
269 271
270 270
270 272
271 271
271 273
272 272
272 274
273 273
274 274
275 275
275 277
275 313
275 401
275 404
276 276
276 278
276 310
276 393
276 395
277 277
277 279
277 281
278 278
278 280
279 279
279 281
280 280
280 282
281 281
282 282
283 283
283 284
283 285
283 286
283 315
283 316
283 317
283 318
283 319
283 320
283 321
283 403
283 405
283 550
283 559
283 560
283 561
283 562
283 563
283 564
284 284
284 285
284 316
284 317
284 318
284 550
284 562
284 564
284 630
285 285
285 286
285 287
285 316
285 317
285 318
285 320
285 321
285 322
285 324
285 550
285 564
285 618
285 619
285 630
285 631
285 633
285 634
285 635
285 637
286 286
286 287
286 288
286 289
286 317
286 319
286 320
286 321
286 322
286 323
286 324
286 325
286 326
286 327
286 328
286 330
286 403
287 287
287 289
287 321
287 322
287 324
287 327
287 328
287 552
287 574
287 619
287 634
287 637
287 639
287 640
288 288
288 289
288 290
288 323
288 325
288 326
288 327
288 329
288 330
288 331
288 332
288 333
288 335
288 551
288 552
288 566
288 567
288 569
288 571
288 572
288 574
289 289
289 290
289 291
289 324
289 326
289 327
289 328
289 330
289 332
289 333
289 334
289 336
289 552
289 571
289 574
289 639
289 642
290 290
290 291
290 292
290 293
290 330
290 331
290 332
290 333
290 334
290 335
290 336
290 337
290 338
290 339
290 340
290 341
290 343
291 291
291 292
291 333
291 334
291 336
291 337
291 338
291 552
291 574
291 620
291 642
291 643
291 645
291 647
292 292
292 293
292 294
292 336
292 337
292 338
292 340
292 341
292 342
292 344
292 553
292 581
292 620
292 621
292 645
292 647
292 648
292 650
292 651
292 652
293 293
293 294
293 295
293 296
293 337
293 339
293 340
293 341
293 342
293 343
293 344
293 345
293 346
293 347
293 348
293 349
293 350
293 413
293 553
293 576
293 577
293 578
293 579
293 580
293 581
294 294
294 295
294 341
294 342
294 344
294 346
294 347
294 553
294 579
294 581
294 651
294 654
295 295
295 296
295 297
295 344
295 346
295 347
295 348
295 350
295 351
295 353
295 553
295 581
295 622
295 623
295 654
295 655
295 657
295 658
295 659
295 661
296 296
296 297
296 298
296 299
296 345
296 346
296 348
296 349
296 350
296 351
296 352
296 353
296 354
296 355
296 356
296 357
296 358
296 360
297 297
297 299
297 350
297 351
297 353
297 356
297 357
297 555
297 591
297 623
297 658
297 661
297 663
297 664
298 298
298 299
298 300
298 354
298 355
298 356
298 358
298 359
298 360
298 361
298 362
298 363
298 365
298 554
298 555
298 583
298 584
298 586
298 588
298 589
298 591
299 299
299 300
299 301
299 353
299 355
299 356
299 357
299 360
299 362
299 363
299 364
299 366
299 555
299 588
299 591
299 663
299 666
300 300
300 301
300 302
300 303
300 360
300 361
300 362
300 363
300 364
300 365
300 366
300 367
300 368
300 369
300 370
300 371
300 373
301 301
301 302
301 363
301 364
301 366
301 369
301 370
301 555
301 591
301 624
301 666
301 667
301 669
301 671
302 302
302 303
302 304
302 366
302 368
302 369
302 370
302 371
302 372
302 374
302 556
302 598
302 624
302 625
302 669
302 671
302 672
302 674
302 675
302 676
303 303
303 304
303 305
303 306
303 367
303 368
303 369
303 371
303 372
303 373
303 374
303 375
303 376
303 377
303 378
303 379
303 428
303 556
303 593
303 594
303 595
303 596
303 597
303 598
304 304
304 305
304 371
304 372
304 374
304 377
304 378
304 556
304 596
304 598
304 675
304 678
305 305
305 306
305 307
305 374
305 376
305 377
305 378
305 379
305 380
305 382
305 556
305 598
305 626
305 627
305 678
305 679
305 681
305 682
305 683
305 685
306 306
306 307
306 308
306 309
306 373
306 375
306 376
306 377
306 379
306 380
306 381
306 382
306 383
306 384
306 385
306 386
306 388
307 307
307 309
307 379
307 380
307 382
307 385
307 386
307 558
307 608
307 627
307 682
307 685
307 687
307 688
308 308
308 309
308 310
308 381
308 383
308 384
308 385
308 387
308 388
308 389
308 390
308 391
308 393
308 557
308 558
308 600
308 601
308 603
308 605
308 606
308 608
309 309
309 310
309 311
309 382
309 384
309 385
309 386
309 388
309 390
309 391
309 392
309 394
309 558
309 605
309 608
309 687
309 690
310 310
310 311
310 312
310 313
310 388
310 389
310 390
310 391
310 392
310 393
310 394
310 395
310 396
310 397
310 398
310 399
310 404
311 311
311 312
311 391
311 392
311 394
311 397
311 398
311 558
311 608
311 628
311 690
311 691
311 693
311 695
312 312
312 313
312 314
312 394
312 396
312 397
312 398
312 399
312 400
312 402
312 610
312 616
312 628
312 629
312 693
312 695
312 696
312 698
312 699
312 700
313 313
313 314
313 395
313 396
313 397
313 399
313 400
313 401
313 402
313 404
313 436
313 610
313 611
313 612
313 613
313 614
313 615
313 616
314 314
314 399
314 400
314 402
314 610
314 614
314 616
314 699
315 315
315 403
315 559
316 316
316 317
316 318
316 550
316 562
316 564
317 317
317 318
317 320
317 321
318 318
318 550
318 564
318 630
319 319
319 320
319 323
319 403
320 320
320 321
320 403
321 321
321 322
321 324
322 322
322 324
322 619
322 634
322 637
323 323
323 325
323 326
324 324
324 327
324 328
325 325
325 326
325 329
326 326
326 327
326 330
327 327
327 328
327 330
328 328
328 552
328 574
328 639
329 329
329 331
329 566
330 330
330 332
330 333
330 552
330 571
330 574
331 331
331 332
331 335
332 332
332 333
332 335
333 333
333 334
333 336
334 334
334 336
334 552
334 574
334 642
335 335
335 339
336 336
336 337
336 338
337 337
337 338
337 340
337 341
338 338
338 620
338 645
338 647
339 339
339 340
339 343
340 340
340 341
340 343
341 341
341 342
341 344
342 342
342 344
342 553
342 581
342 651
343 343
343 345
343 576
344 344
344 346
344 347
344 553
344 579
344 581
345 345
345 348
345 349
346 346
346 347
346 348
346 350
347 347
347 553
347 581
347 654
348 348
348 349
348 350
349 349
349 352
350 350
350 351
350 353
351 351
351 353
351 623
351 658
351 661
352 352
352 354
353 353
353 356
353 357
354 354
354 355
354 358
355 355
355 356
355 358
355 360
356 356
356 357
356 360
357 357
357 555
357 591
357 663
358 358
358 359
359 359
359 361
359 583
360 360
360 362
360 363
360 555
360 588
360 591
361 361
361 362
361 365
362 362
362 363
362 365
363 363
363 364
363 366
364 364
364 366
364 555
364 591
364 666
365 365
365 367
366 366
366 369
366 370
367 367
367 368
367 373
368 368
368 369
368 371
368 373
369 369
369 370
369 371
370 370
370 624
370 669
370 671
371 371
371 372
371 374
372 372
372 374
372 556
372 598
372 675
373 373
373 375
373 376
373 593
374 374
374 377
374 378
374 556
374 596
374 598
375 375
375 376
375 381
376 376
376 377
376 379
377 377
377 378
377 379
378 378
378 556
378 598
378 678
379 379
379 380
379 382
380 380
380 382
380 627
380 682
380 685
381 381
381 383
381 384
382 382
382 385
382 386
383 383
383 384
383 387
384 384
384 385
384 388
385 385
385 386
385 388
386 386
386 558
386 608
386 687
387 387
387 389
387 600
388 388
388 390
388 391
388 558
388 605
388 608
389 389
389 390
389 393
390 390
390 391
390 393
391 391
391 392
391 394
392 392
392 394
392 558
392 608
392 690
393 393
393 395
394 394
394 397
394 398
395 395
395 396
395 404
396 396
396 397
396 399
396 404
397 397
397 398
397 399
398 398
398 628
398 693
398 695
399 399
399 400
399 402
400 400
400 402
400 610
400 616
400 699
401 401
401 404
401 611
402 402
402 610
402 614
402 616
403 403
404 404
405 405
405 406
405 407
405 438
405 439
405 440
405 441
405 442
405 443
405 542
405 543
405 548
405 550
405 559
405 560
405 561
405 562
405 563
405 565
406 406
406 439
406 443
406 542
406 543
406 550
406 563
406 565
406 618
406 631
406 632
406 710
406 712
406 738
406 740
406 741
406 852
406 853
407 407
407 408
407 409
407 410
407 440
407 441
407 442
407 443
407 444
407 445
407 446
407 447
407 448
407 449
407 451
407 542
407 544
407 548
408 408
408 410
408 442
408 443
408 445
408 448
408 449
408 544
408 618
408 619
408 635
408 636
408 638
408 641
408 710
408 714
408 716
408 740
408 741
408 744
408 746
408 747
408 750
408 856
408 857
409 409
409 410
409 411
409 444
409 446
409 447
409 448
409 450
409 451
409 452
409 453
409 454
409 456
409 551
409 552
409 567
409 568
409 570
409 572
409 573
409 575
410 410
410 411
410 412
410 445
410 447
410 448
410 449
410 451
410 453
410 454
410 455
410 457
410 552
410 573
410 575
410 619
410 620
410 638
410 640
410 641
410 643
410 644
410 646
410 716
410 746
410 750
410 752
411 411
411 412
411 413
411 451
411 452
411 453
411 454
411 455
411 456
411 457
411 458
411 459
411 460
411 461
411 530
411 531
412 412
412 454
412 455
412 457
412 460
412 461
412 530
412 620
412 621
412 644
412 646
412 648
412 649
412 706
412 716
412 718
412 750
412 752
412 753
412 756
412 758
412 759
412 812
412 813
413 413
413 414
413 415
413 416
413 417
413 456
413 458
413 459
413 460
413 461
413 462
413 463
413 464
413 465
413 466
413 467
413 468
413 473
413 474
413 531
413 532
413 553
413 576
413 577
413 578
413 579
413 580
413 582
414 414
414 417
414 461
414 463
414 467
414 468
414 469
414 531
414 532
414 533
414 534
414 553
414 580
414 582
414 621
414 622
414 652
414 653
414 655
414 656
414 706
414 707
414 720
414 758
414 759
414 762
414 764
414 765
414 816
414 817
414 820
414 821
415 415
415 416
415 422
415 462
415 464
415 465
415 466
415 470
415 471
415 472
415 473
415 998
415 999
415 1005
415 1006
415 1012
415 1013
415 1014
415 1015
415 1033
415 1034
415 1035
415 1036
415 1037
415 1038
416 416
416 417
416 465
416 466
416 467
416 473
416 474
416 999
416 1013
416 1015
416 1016
417 417
417 418
417 423
417 463
417 466
417 467
417 468
417 469
417 474
417 475
417 476
417 478
417 533
417 534
417 535
417 999
417 1000
417 1001
417 1015
417 1016
417 1017
417 1018
417 1019
417 1020
417 1021
418 418
418 419
418 423
418 475
418 476
418 478
418 483
418 484
418 1001
418 1008
418 1019
418 1021
418 1022
418 1042
418 1043
419 419
419 420
419 423
419 424
419 425
419 478
419 482
419 483
419 484
419 485
419 489
419 490
419 491
419 493
419 1001
419 1002
419 1003
419 1021
419 1022
419 1023
419 1024
419 1025
419 1026
419 1027
420 420
420 421
420 424
420 481
420 482
420 488
420 489
420 490
420 1003
420 1025
420 1027
420 1028
421 421
421 422
421 424
421 479
421 480
421 481
421 486
421 487
421 488
421 489
421 492
421 1003
421 1004
421 1005
421 1010
421 1027
421 1028
421 1029
421 1030
421 1031
421 1032
421 1033
421 1048
421 1049
421 1050
422 422
422 470
422 471
422 472
422 477
422 479
422 480
422 486
422 1005
422 1031
422 1033
422 1034
423 423
423 425
423 469
423 475
423 476
423 478
423 483
423 484
423 485
423 491
423 534
423 535
423 660
423 703
423 704
423 705
423 722
423 724
423 764
423 765
423 768
423 770
423 771
423 774
423 824
423 825
423 1008
423 1042
423 1043
423 1044
424 424
424 425
424 426
424 481
424 482
424 487
424 488
424 489
424 490
424 491
424 492
424 493
424 494
424 495
424 496
424 498
424 554
424 555
424 584
424 585
424 587
424 589
424 590
424 592
425 425
425 426
425 427
425 484
425 485
425 490
425 491
425 493
425 495
425 496
425 497
425 499
425 555
425 590
425 592
425 624
425 660
425 667
425 668
425 670
425 702
425 704
425 705
425 724
425 770
425 774
425 776
426 426
426 427
426 428
426 493
426 494
426 495
426 496
426 497
426 498
426 499
426 500
426 501
426 502
426 503
426 536
426 538
427 427
427 496
427 497
427 499
427 502
427 503
427 536
427 624
427 625
427 668
427 670
427 672
427 673
427 708
427 724
427 726
427 774
427 776
427 777
427 780
427 782
427 783
427 828
427 829
428 428
428 429
428 430
428 498
428 500
428 501
428 502
428 503
428 504
428 505
428 506
428 507
428 508
428 509
428 510
428 537
428 538
428 539
428 540
428 556
428 593
428 594
428 595
428 596
428 597
428 599
429 429
429 503
429 505
429 509
429 537
429 538
429 539
429 540
429 556
429 597
429 599
429 625
429 626
429 676
429 677
429 679
429 680
429 708
429 709
429 728
429 782
429 783
429 786
429 788
429 789
429 832
429 833
429 836
429 837
430 430
430 431
430 432
430 433
430 506
430 507
430 508
430 509
430 510
430 511
430 512
430 513
430 514
430 515
430 517
430 540
430 541
431 431
431 433
431 508
431 509
431 511
431 514
431 515
431 541
431 626
431 627
431 683
431 684
431 686
431 689
431 709
431 730
431 732
431 788
431 789
431 792
431 794
431 795
431 798
431 840
431 841
432 432
432 433
432 434
432 510
432 512
432 513
432 514
432 516
432 517
432 518
432 519
432 520
432 522
432 557
432 558
432 601
432 602
432 604
432 606
432 607
432 609
433 433
433 434
433 435
433 511
433 513
433 514
433 515
433 517
433 519
433 520
433 521
433 523
433 558
433 607
433 609
433 627
433 628
433 686
433 688
433 689
433 691
433 692
433 694
433 732
433 794
433 798
433 800
434 434
434 435
434 436
434 517
434 518
434 519
434 520
434 521
434 522
434 523
434 524
434 525
434 526
434 527
434 545
434 547
434 549
435 435
435 520
435 521
435 523
435 526
435 527
435 547
435 628
435 629
435 692
435 694
435 696
435 697
435 711
435 732
435 734
435 798
435 800
435 801
435 804
435 806
435 807
435 844
435 845
436 436
436 437
436 524
436 525
436 526
436 527
436 528
436 529
436 545
436 546
436 549
436 610
436 611
436 612
436 613
436 614
436 615
436 617
437 437
437 527
437 529
437 545
437 546
437 610
437 615
437 617
437 629
437 700
437 701
437 711
437 736
437 806
437 807
437 810
437 848
437 849
438 438
438 548
438 560
439 439
439 443
439 542
439 543
439 550
439 563
439 565
440 440
440 441
440 444
440 548
441 441
441 442
441 443
441 542
441 548
442 442
442 443
442 445
442 542
442 544
443 443
443 445
443 542
443 543
443 544
443 618
443 632
443 636
443 710
443 740
443 741
443 852
443 856
444 444
444 446
444 447
445 445
445 448
445 449
445 544
446 446
446 447
446 450
447 447
447 448
447 451
448 448
448 449
448 451
449 449
449 619
449 638
449 641
449 716
449 746
449 750
450 450
450 452
450 568
451 451
451 453
451 454
451 552
451 573
451 575
452 452
452 453
452 456
453 453
453 454
453 456
454 454
454 455
454 457
455 455
455 457
455 620
455 644
455 646
455 716
455 750
455 752
456 456
456 458
456 459
457 457
457 460
457 461
457 530
458 458
458 459
458 462
459 459
459 460
459 461
459 531
460 460
460 461
460 530
460 531
461 461
461 463
461 530
461 531
461 532
461 621
461 649
461 653
461 706
461 758
461 759
461 812
461 816
462 462
462 464
462 465
462 577
463 463
463 467
463 468
463 531
463 532
463 553
463 580
463 582
464 464
464 465
464 470
465 465
465 466
465 473
466 466
466 467
466 473
466 474
467 467
467 468
467 474
468 468
468 469
468 533
468 534
469 469
469 476
469 533
469 534
469 535
469 622
469 656
469 660
469 662
469 703
469 704
469 707
469 764
469 765
469 820
469 824
470 470
470 471
470 472
470 1037
471 471
471 472
471 477
472 472
472 1005
472 1033
472 1034
473 473
473 999
473 1013
473 1015
474 474
474 999
474 1015
474 1016
475 475
475 476
475 478
475 1001
475 1019
475 1021
476 476
476 478
476 534
476 535
477 477
477 479
478 478
478 483
478 484
478 1008
478 1042
478 1043
479 479
479 480
479 486
480 480
480 486
480 1005
480 1031
480 1033
481 481
481 488
481 489
481 1003
481 1027
481 1028
482 482
482 489
482 490
482 1003
482 1025
482 1027
483 483
483 484
483 1001
483 1021
483 1022
484 484
484 485
484 491
485 485
485 491
485 660
485 704
485 705
485 724
485 770
485 774
486 486
486 487
486 1049
487 487
487 488
487 492
488 488
488 489
488 492
489 489
489 490
490 490
490 491
490 493
491 491
491 493
492 492
492 494
492 585
493 493
493 495
493 496
493 555
493 590
493 592
494 494
494 495
494 498
495 495
495 496
495 498
496 496
496 497
496 499
497 497
497 499
497 624
497 668
497 670
497 724
497 774
497 776
498 498
498 500
498 501
499 499
499 502
499 503
499 536
500 500
500 501
500 504
501 501
501 502
501 503
501 538
502 502
502 503
502 536
502 538
503 503
503 505
503 536
503 537
503 538
503 625
503 673
503 677
503 708
503 782
503 783
503 828
503 832
504 504
504 506
504 594
505 505
505 509
505 537
505 538
505 539
505 540
505 556
505 597
505 599
506 506
506 507
506 510
507 507
507 508
507 509
507 510
507 540
508 508
508 509
508 511
508 540
508 541
509 509
509 511
509 539
509 540
509 541
509 626
509 680
509 684
509 709
509 788
509 789
509 836
509 840
510 510
510 512
510 513
511 511
511 514
511 515
511 541
512 512
512 513
512 516
513 513
513 514
513 517
514 514
514 515
514 517
515 515
515 627
515 686
515 689
515 732
515 794
515 798
516 516
516 518
516 602
517 517
517 519
517 520
517 558
517 607
517 609
518 518
518 519
518 522
519 519
519 520
519 522
520 520
520 521
520 523
521 521
521 523
521 628
521 692
521 694
521 732
521 798
521 800
522 522
522 524
523 523
523 526
523 527
523 547
524 524
524 525
524 549
525 525
525 526
525 527
525 545
525 549
526 526
526 527
526 545
526 547
527 527
527 529
527 545
527 546
527 547
527 629
527 697
527 701
527 711
527 806
527 807
527 844
527 848
528 528
528 549
528 612
529 529
529 545
529 546
529 610
529 615
529 617
530 530
530 621
530 649
530 706
530 758
530 759
530 812
531 531
531 532
532 532
532 621
532 653
532 706
532 758
532 759
532 816
533 533
533 534
533 622
533 656
533 707
533 764
533 765
533 820
534 534
534 535
535 535
535 660
535 703
535 704
535 764
535 765
535 824
536 536
536 625
536 673
536 708
536 782
536 783
536 828
537 537
537 538
537 625
537 677
537 708
537 782
537 783
537 832
538 538
539 539
539 540
539 626
539 680
539 709
539 788
539 789
539 836
540 540
541 541
541 626
541 684
541 709
541 788
541 789
541 840
542 542
542 543
543 543
543 618
543 632
543 710
543 740
543 741
543 852
544 544
544 618
544 636
544 710
544 740
544 741
544 856
545 545
545 546
546 546
546 629
546 701
546 711
546 806
546 807
546 848
547 547
547 629
547 697
547 711
547 806
547 807
547 844
548 548
549 549
550 550
550 561
550 562
550 563
550 564
550 565
550 618
550 630
550 631
550 632
550 633
551 551
551 552
551 566
551 567
551 568
551 569
551 570
551 571
551 572
551 573
552 552
552 569
552 570
552 571
552 572
552 573
552 574
552 575
552 619
552 620
552 637
552 639
552 640
552 641
552 642
552 643
552 644
552 645
553 553
553 578
553 579
553 580
553 581
553 582
553 621
553 622
553 650
553 651
553 652
553 653
553 654
553 655
553 656
553 657
554 554
554 555
554 583
554 584
554 585
554 586
554 587
554 588
554 589
554 590
555 555
555 586
555 587
555 588
555 589
555 590
555 591
555 592
555 623
555 624
555 660
555 661
555 663
555 664
555 665
555 666
555 667
555 668
555 669
555 702
555 705
556 556
556 595
556 596
556 597
556 598
556 599
556 625
556 626
556 674
556 675
556 676
556 677
556 678
556 679
556 680
556 681
557 557
557 558
557 600
557 601
557 602
557 603
557 604
557 605
557 606
557 607
558 558
558 603
558 604
558 605
558 606
558 607
558 608
558 609
558 627
558 628
558 685
558 687
558 688
558 689
558 690
558 691
558 692
558 693
559 559
559 560
559 561
560 560
560 561
561 561
561 562
561 563
562 562
562 563
562 564
563 563
563 565
564 564
564 630
565 565
565 618
565 631
565 632
566 566
566 567
566 569
567 567
567 568
567 569
567 570
568 568
568 570
569 569
569 571
569 572
570 570
570 572
570 573
571 571
571 572
571 574
572 572
572 573
573 573
573 575
574 574
574 639
574 642
575 575
575 619
575 620
575 640
575 641
575 643
575 644
576 576
576 577
576 578
577 577
577 578
578 578
578 579
578 580
579 579
579 580
579 581
580 580
580 582
581 581
581 651
581 654
582 582
582 621
582 622
582 652
582 653
582 655
582 656
583 583
583 584
583 586
584 584
584 585
584 586
584 587
585 585
585 587
586 586
586 588
586 589
587 587
587 589
587 590
588 588
588 589
588 591
589 589
589 590
590 590
590 592
591 591
591 663
591 666
592 592
592 624
592 660
592 667
592 668
592 702
592 705
593 593
593 594
593 595
594 594
594 595
595 595
595 596
595 597
596 596
596 597
596 598
597 597
597 599
598 598
598 675
598 678
599 599
599 625
599 626
599 676
599 677
599 679
599 680
600 600
600 601
600 603
601 601
601 602
601 603
601 604
602 602
602 604
603 603
603 605
603 606
604 604
604 606
604 607
605 605
605 606
605 608
606 606
606 607
607 607
607 609
608 608
608 687
608 690
609 609
609 627
609 628
609 688
609 689
609 691
609 692
610 610
610 613
610 614
610 615
610 616
610 617
610 629
610 698
610 699
610 700
610 701
611 611
611 612
611 613
612 612
612 613
613 613
613 614
613 615
614 614
614 615
614 616
615 615
615 617
616 616
616 699
617 617
617 629
617 700
617 701
618 618
618 619
618 630
618 631
618 632
618 633
618 634
618 635
618 636
618 638
618 710
619 619
619 633
619 634
619 635
619 636
619 637
619 638
619 639
619 640
619 641
620 620
620 621
620 642
620 643
620 644
620 645
620 646
620 647
620 648
620 649
620 650
621 621
621 646
621 647
621 648
621 649
621 650
621 651
621 652
621 653
621 706
622 622
622 623
622 654
622 655
622 656
622 657
622 658
622 659
622 660
622 662
622 665
622 703
622 707
623 623
623 657
623 658
623 659
623 660
623 661
623 662
623 663
623 664
623 665
623 702
623 1009
623 1045
623 1047
624 624
624 625
624 666
624 667
624 668
624 669
624 670
624 671
624 672
624 673
624 674
625 625
625 670
625 671
625 672
625 673
625 674
625 675
625 676
625 677
625 708
626 626
626 627
626 678
626 679
626 680
626 681
626 682
626 683
626 684
626 686
626 709
627 627
627 681
627 682
627 683
627 684
627 685
627 686
627 687
627 688
627 689
628 628
628 629
628 690
628 691
628 692
628 693
628 694
628 695
628 696
628 697
628 698
629 629
629 694
629 695
629 696
629 697
629 698
629 699
629 700
629 701
629 711
630 630
630 631
630 633
631 631
631 632
631 633
632 632
632 710
633 633
633 634
633 635
634 634
634 635
634 637
635 635
635 636
635 638
636 636
636 638
636 710
637 637
637 639
637 640
638 638
638 641
639 639
639 640
640 640
640 641
641 641
642 642
642 643
642 645
643 643
643 644
643 645
644 644
644 646
645 645
645 647
646 646
646 648
646 649
647 647
647 648
647 650
648 648
648 649
648 650
649 649
649 706
650 650
650 651
650 652
651 651
651 652
652 652
652 653
653 653
653 706
654 654
654 655
654 657
655 655
655 656
655 657
656 656
656 707
657 657
657 658
657 659
658 658
658 659
658 661
659 659
659 660
659 662
659 665
660 660
660 662
660 664
660 665
660 702
660 703
660 704
660 705
660 707
660 1008
660 1009
660 1042
660 1044
660 1045
660 1046
660 1047
661 661
661 663
661 664
662 662
662 665
662 703
662 707
663 663
663 664
664 664
664 665
664 702
665 665
665 702
665 1009
665 1045
665 1047
666 666
666 667
666 669
667 667
667 668
667 669
668 668
668 670
669 669
669 671
670 670
670 672
670 673
671 671
671 672
671 674
672 672
672 673
672 674
673 673
673 708
674 674
674 675
674 676
675 675
675 676
676 676
676 677
677 677
677 708
678 678
678 679
678 681
679 679
679 680
679 681
680 680
680 709
681 681
681 682
681 683
682 682
682 683
682 685
683 683
683 684
683 686
684 684
684 686
684 709
685 685
685 687
685 688
686 686
686 689
687 687
687 688
688 688
688 689
689 689
690 690
690 691
690 693
691 691
691 692
691 693
692 692
692 694
693 693
693 695
694 694
694 696
694 697
695 695
695 696
695 698
696 696
696 697
696 698
697 697
697 711
698 698
698 699
698 700
699 699
699 700
700 700
700 701
701 701
701 711
702 702
702 705
703 703
703 704
703 707
704 704
704 705
704 1008
704 1042
704 1044
705 705
706 706
707 707
708 708
709 709
710 710
711 711
712 712
712 713
712 738
712 739
712 741
712 742
712 743
712 852
712 853
712 854
712 855
713 713
713 739
713 743
713 854
713 855
713 860
713 880
713 885
713 974
713 975
714 714
714 715
714 716
714 717
714 741
714 742
714 743
714 744
714 745
714 746
714 747
714 748
714 749
714 751
714 856
714 857
714 858
714 859
715 715
715 717
715 743
715 745
715 748
715 749
715 858
715 859
715 861
715 884
715 885
715 887
715 891
715 892
715 976
716 716
716 717
716 718
716 744
716 746
716 747
716 748
716 750
716 751
716 752
716 753
716 754
716 756
717 717
717 718
717 719
717 745
717 747
717 748
717 749
717 751
717 753
717 754
717 755
717 757
717 861
717 862
717 863
717 887
717 890
717 891
717 892
717 894
717 897
717 898
717 899
717 901
718 718
718 719
718 751
718 752
718 753
718 754
718 755
718 756
718 757
718 759
718 760
718 761
718 812
718 813
718 814
718 815
719 719
719 754
719 755
719 757
719 761
719 814
719 815
719 863
719 898
719 899
719 901
719 905
719 906
719 977
720 720
720 721
720 759
720 760
720 761
720 762
720 763
720 765
720 766
720 767
720 816
720 817
720 818
720 819
720 820
720 821
720 822
720 823
721 721
721 761
721 763
721 767
721 818
721 819
721 822
721 823
721 864
721 867
721 906
721 908
721 912
721 913
721 978
721 979
721 980
721 981
722 722
722 723
722 724
722 725
722 765
722 766
722 767
722 768
722 769
722 770
722 771
722 772
722 773
722 775
722 824
722 825
722 826
722 827
723 723
723 725
723 767
723 769
723 772
723 773
723 826
723 827
723 867
723 868
723 916
723 917
723 929
723 981
723 982
724 724
724 725
724 726
724 768
724 770
724 771
724 772
724 774
724 775
724 776
724 777
724 778
724 780
725 725
725 726
725 727
725 769
725 771
725 772
725 773
725 775
725 777
725 778
725 779
725 781
725 868
725 872
725 873
725 917
725 928
725 929
725 931
725 934
725 935
725 936
725 938
726 726
726 727
726 775
726 776
726 777
726 778
726 779
726 780
726 781
726 783
726 784
726 785
726 828
726 829
726 830
726 831
727 727
727 778
727 779
727 781
727 785
727 830
727 831
727 873
727 935
727 936
727 938
727 942
727 943
727 985
728 728
728 729
728 783
728 784
728 785
728 786
728 787
728 789
728 790
728 791
728 832
728 833
728 834
728 835
728 836
728 837
728 838
728 839
729 729
729 785
729 787
729 791
729 834
729 835
729 838
729 839
729 874
729 943
729 945
729 950
729 983
729 984
729 986
729 987
730 730
730 731
730 732
730 733
730 789
730 790
730 791
730 792
730 793
730 794
730 795
730 796
730 797
730 799
730 840
730 841
730 842
730 843
731 731
731 733
731 791
731 793
731 796
731 797
731 842
731 843
731 875
731 949
731 950
731 952
731 956
731 957
731 988
732 732
732 733
732 734
732 792
732 794
732 795
732 796
732 798
732 799
732 800
732 801
732 802
732 804
733 733
733 734
733 735
733 793
733 795
733 796
733 797
733 799
733 801
733 802
733 803
733 805
733 875
733 876
733 877
733 952
733 955
733 956
733 957
733 959
733 962
733 963
733 964
733 966
734 734
734 735
734 799
734 800
734 801
734 802
734 803
734 804
734 805
734 807
734 808
734 809
734 844
734 845
734 846
734 847
735 735
735 802
735 803
735 805
735 809
735 846
735 847
735 877
735 963
735 964
735 966
735 970
735 971
735 989
736 736
736 737
736 807
736 808
736 809
736 810
736 811
736 848
736 849
736 850
736 851
737 737
737 809
737 811
737 850
737 851
737 878
737 971
737 973
737 990
737 991
738 738
738 741
738 852
738 853
739 739
739 743
739 854
739 855
740 740
740 741
740 852
740 856
741 741
741 742
741 743
741 744
741 852
741 853
741 854
741 856
741 857
741 858
742 742
742 743
742 853
742 854
742 857
742 858
743 743
743 745
743 853
743 854
743 855
743 857
743 858
743 859
744 744
744 746
744 747
744 856
744 857
745 745
745 748
745 749
745 858
745 859
746 746
746 747
746 750
747 747
747 748
747 751
748 748
748 749
748 751
749 749
750 750
750 752
751 751
751 753
751 754
752 752
752 753
752 756
753 753
753 754
753 756
754 754
754 755
754 757
755 755
755 757
756 756
756 759
756 812
756 813
757 757
757 761
757 814
757 815
758 758
758 759
758 812
758 816
759 759
759 760
759 761
759 762
759 812
759 813
759 814
759 816
759 817
759 818
760 760
760 761
760 813
760 814
760 817
760 818
761 761
761 763
761 813
761 814
761 815
761 817
761 818
761 819
762 762
762 765
762 816
762 817
762 820
762 821
763 763
763 767
763 818
763 819
763 822
763 823
764 764
764 765
764 820
764 824
765 765
765 766
765 767
765 768
765 820
765 821
765 822
765 824
765 825
765 826
766 766
766 767
766 821
766 822
766 825
766 826
767 767
767 769
767 821
767 822
767 823
767 825
767 826
767 827
767 867
767 913
767 916
767 980
767 981
767 982
768 768
768 770
768 771
768 824
768 825
769 769
769 772
769 773
769 826
769 827
770 770
770 771
770 774
771 771
771 772
771 775
772 772
772 773
772 775
773 773
773 868
773 917
773 929
774 774
774 776
775 775
775 777
775 778
776 776
776 777
776 780
777 777
777 778
777 780
778 778
778 779
778 781
779 779
779 781
780 780
780 783
780 828
780 829
781 781
781 785
781 830
781 831
782 782
782 783
782 828
782 832
783 783
783 784
783 785
783 786
783 828
783 829
783 830
783 832
783 833
783 834
784 784
784 785
784 829
784 830
784 833
784 834
785 785
785 787
785 829
785 830
785 831
785 833
785 834
785 835
786 786
786 789
786 832
786 833
786 836
786 837
787 787
787 791
787 834
787 835
787 838
787 839
788 788
788 789
788 836
788 840
789 789
789 790
789 791
789 792
789 836
789 837
789 838
789 840
789 841
789 842
790 790
790 791
790 837
790 838
790 841
790 842
791 791
791 793
791 837
791 838
791 839
791 841
791 842
791 843
792 792
792 794
792 795
792 840
792 841
793 793
793 796
793 797
793 842
793 843
794 794
794 795
794 798
795 795
795 796
795 799
796 796
796 797
796 799
797 797
798 798
798 800
799 799
799 801
799 802
800 800
800 801
800 804
801 801
801 802
801 804
802 802
802 803
802 805
803 803
803 805
804 804
804 807
804 844
804 845
805 805
805 809
805 846
805 847
806 806
806 807
806 844
806 848
807 807
807 808
807 809
807 810
807 844
807 845
807 846
807 848
807 849
807 850
808 808
808 809
808 845
808 846
808 849
808 850
809 809
809 811
809 845
809 846
809 847
809 849
809 850
809 851
810 810
810 848
810 849
811 811
811 850
811 851
812 812
812 813
813 813
813 814
814 814
814 815
815 815
816 816
816 817
817 817
817 818
818 818
818 819
819 819
820 820
820 821
821 821
821 822
822 822
822 823
823 823
824 824
824 825
825 825
825 826
826 826
826 827
827 827
828 828
828 829
829 829
829 830
830 830
830 831
831 831
832 832
832 833
833 833
833 834
834 834
834 835
835 835
836 836
836 837
837 837
837 838
838 838
838 839
839 839
840 840
840 841
841 841
841 842
842 842
842 843
843 843
844 844
844 845
845 845
845 846
846 846
846 847
847 847
848 848
848 849
849 849
849 850
850 850
850 851
851 851
852 852
852 853
853 853
853 854
854 854
854 855
855 855
856 856
856 857
857 857
857 858
858 858
858 859
859 859
860 860
860 861
860 879
860 880
860 881
860 882
860 883
860 884
860 885
860 974
860 975
860 993
860 994
861 861
861 862
861 881
861 882
861 883
861 884
861 885
861 886
861 887
861 889
861 890
861 891
861 892
861 894
861 974
861 976
861 992
861 994
862 862
862 863
862 886
862 888
862 889
862 890
862 891
862 893
862 894
862 895
862 896
862 897
862 898
862 900
863 863
863 864
863 894
863 896
863 897
863 898
863 899
863 900
863 901
863 903
863 904
863 905
863 906
863 977
863 978
864 864
864 865
864 866
864 867
864 900
864 902
864 903
864 904
864 905
864 906
864 907
864 908
864 909
864 910
864 911
864 912
864 913
864 914
864 915
864 978
864 979
865 865
865 866
865 871
865 907
865 909
865 910
865 911
865 914
865 921
865 922
865 923
866 866
866 867
866 910
866 911
866 912
866 914
866 915
867 867
867 908
867 911
867 912
867 913
867 915
867 916
867 980
867 981
867 982
868 868
868 869
868 872
868 917
868 918
868 927
868 928
868 929
868 931
869 869
869 870
869 872
869 918
869 919
869 926
869 927
869 928
870 870
870 871
870 872
870 919
870 920
870 923
870 924
870 925
870 926
870 927
870 930
871 871
871 920
871 921
871 922
871 923
871 924
872 872
872 873
872 918
872 919
872 925
872 926
872 927
872 928
872 929
872 930
872 931
872 932
872 933
872 934
872 935
872 937
873 873
873 874
873 931
873 933
873 934
873 935
873 936
873 937
873 938
873 940
873 941
873 942
873 943
873 984
873 985
874 874
874 875
874 937
874 939
874 940
874 941
874 942
874 943
874 944
874 945
874 946
874 947
874 948
874 949
874 950
874 951
874 983
874 984
874 986
874 987
875 875
875 876
875 947
875 948
875 949
875 950
875 951
875 952
875 954
875 955
875 956
875 957
875 959
875 983
875 988
876 876
876 877
876 951
876 953
876 954
876 955
876 956
876 958
876 959
876 960
876 961
876 962
876 963
876 965
877 877
877 878
877 959
877 961
877 962
877 963
877 964
877 965
877 966
877 967
877 968
877 969
877 970
877 971
877 989
877 990
877 995
877 997
878 878
878 967
878 968
878 969
878 970
878 971
878 972
878 973
878 990
878 991
878 996
878 997
879 879
879 881
879 993
879 994
880 880
880 885
880 974
880 975
881 881
881 882
881 883
881 886
881 992
881 993
881 994
882 882
882 883
882 886
882 992
882 994
883 883
883 884
883 885
883 974
883 994
884 884
884 885
884 887
884 974
884 976
885 885
885 887
885 974
885 975
885 976
886 886
886 889
886 890
886 992
887 887
887 891
887 892
887 976
888 888
888 889
888 893
889 889
889 890
889 893
890 890
890 891
890 894
891 891
891 892
891 894
892 892
893 893
893 895
893 896
894 894
894 897
894 898
895 895
895 896
896 896
896 897
896 900
897 897
897 898
897 900
898 898
898 899
898 901
899 899
899 901
900 900
900 903
900 904
901 901
901 905
901 906
901 977
902 902
902 903
902 907
903 903
903 904
903 907
904 904
904 905
904 906
904 978
905 905
905 906
905 977
905 978
906 906
906 908
906 977
906 978
906 979
907 907
907 909
907 910
908 908
908 912
908 913
908 978
908 979
909 909
909 910
909 922
910 910
910 911
910 914
911 911
911 912
911 914
911 915
912 912
912 913
912 915
913 913
913 980
913 981
914 914
915 915
916 916
916 981
916 982
917 917
917 929
918 918
918 927
918 928
919 919
919 926
919 927
920 920
920 923
920 924
921 921
921 922
921 923
922 922
922 923
923 923
923 924
924 924
924 925
925 925
925 926
925 930
926 926
926 927
926 930
927 927
927 928
928 928
928 929
928 931
929 929
929 931
930 930
930 932
930 933
931 931
931 934
931 935
932 932
932 933
933 933
933 934
933 937
934 934
934 935
934 937
935 935
935 936
935 938
936 936
936 938
937 937
937 940
937 941
938 938
938 942
938 943
938 985
939 939
939 940
939 944
940 940
940 941
940 944
941 941
941 942
941 943
941 984
942 942
942 943
942 984
942 985
943 943
943 945
943 984
943 985
943 986
944 944
944 946
944 947
945 945
945 950
945 983
945 984
945 986
945 987
946 946
946 947
947 947
947 948
947 951
948 948
948 949
948 950
948 951
948 983
949 949
949 950
949 952
949 983
949 988
950 950
950 952
950 983
950 987
950 988
951 951
951 954
951 955
952 952
952 956
952 957
952 988
953 953
953 954
953 958
954 954
954 955
954 958
955 955
955 956
955 959
956 956
956 957
956 959
957 957
958 958
958 960
958 961
959 959
959 962
959 963
960 960
960 961
961 961
961 962
961 965
962 962
962 963
962 965
963 963
963 964
963 966
964 964
964 966
965 965
965 967
965 968
965 995
966 966
966 970
966 971
966 989
967 967
967 968
967 969
967 972
967 995
967 996
967 997
968 968
968 969
968 995
968 997
969 969
969 970
969 971
969 990
969 997
970 970
970 971
970 989
970 990
971 971
971 973
971 989
971 990
971 991
972 972
972 996
972 997
973 973
973 990
973 991
974 974
974 975
975 975
976 976
977 977
978 978
978 979
979 979
980 980
980 981
981 981
981 982
982 982
983 983
983 987
984 984
984 986
985 985
986 986
987 987
988 988
989 989
990 990
990 991
991 991
992 992
993 993
993 994
994 994
995 995
996 996
996 997
997 997
998 998
998 999
998 1005
998 1012
998 1013
998 1014
998 1034
998 1035
999 999
999 1000
999 1012
999 1013
999 1014
999 1015
999 1016
999 1017
999 1018
1000 1000
1000 1001
1000 1016
1000 1017
1000 1018
1000 1019
1000 1020
1001 1001
1001 1002
1001 1018
1001 1019
1001 1020
1001 1021
1001 1022
1001 1023
1001 1024
1002 1002
1002 1003
1002 1022
1002 1023
1002 1024
1002 1025
1002 1026
1003 1003
1003 1004
1003 1024
1003 1025
1003 1026
1003 1027
1003 1028
1003 1029
1003 1030
1004 1004
1004 1005
1004 1028
1004 1029
1004 1030
1004 1031
1004 1032
1005 1005
1005 1012
1005 1030
1005 1031
1005 1032
1005 1033
1005 1034
1005 1035
1006 1006
1006 1007
1006 1036
1006 1037
1006 1038
1006 1039
1006 1040
1006 1041
1007 1007
1007 1039
1007 1040
1007 1041
1008 1008
1008 1009
1008 1042
1008 1043
1008 1044
1008 1045
1008 1046
1009 1009
1009 1044
1009 1045
1009 1046
1009 1047
1010 1010
1010 1011
1010 1048
1010 1049
1010 1050
1010 1051
1010 1052
1010 1053
1011 1011
1011 1051
1011 1052
1011 1053
1012 1012
1012 1013
1012 1014
1012 1034
1012 1035
1013 1013
1013 1014
1013 1015
1014 1014
1015 1015
1015 1016
1016 1016
1016 1017
1016 1018
1017 1017
1017 1018
1018 1018
1018 1019
1018 1020
1019 1019
1019 1020
1019 1021
1020 1020
1021 1021
1021 1022
1022 1022
1022 1023
1022 1024
1023 1023
1023 1024
1024 1024
1024 1025
1024 1026
1025 1025
1025 1026
1025 1027
1026 1026
1027 1027
1027 1028
1028 1028
1028 1029
1028 1030
1029 1029
1029 1030
1030 1030
1030 1031
1030 1032
1031 1031
1031 1032
1031 1033
1032 1032
1033 1033
1033 1034
1034 1034
1034 1035
1035 1035
1036 1036
1036 1037
1036 1038
1037 1037
1037 1038
1038 1038
1038 1040
1039 1039
1039 1040
1039 1041
1040 1040
1040 1041
1041 1041
1042 1042
1042 1043
1042 1044
1043 1043
1044 1044
1044 1045
1044 1046
1045 1045
1045 1046
1045 1047
1046 1046
1047 1047
1048 1048
1048 1049
1048 1050
1049 1049
1049 1050
1050 1050
1050 1052
1051 1051
1051 1052
1051 1053
1052 1052
1052 1053
1053 1053
