0 0
0 1
0 115
0 116
1 1
1 2
1 33
1 35
1 115
1 116
1 117
1 148
2 2
2 3
2 33
2 35
2 36
2 116
2 117
2 118
3 3
3 4
3 35
3 36
3 37
3 117
3 118
3 119
4 4
4 5
4 36
4 37
4 61
4 118
4 119
4 120
5 5
5 6
5 37
5 38
5 61
5 119
5 120
5 121
6 6
6 7
6 38
6 39
6 61
6 120
6 121
6 122
7 7
7 8
7 38
7 39
7 40
7 121
7 122
7 123
8 8
8 9
8 39
8 40
8 41
8 122
8 123
8 124
9 9
9 10
9 40
9 41
9 123
9 124
9 125
9 152
10 10
10 124
10 125
11 11
11 12
11 126
11 127
12 12
12 13
12 41
12 43
12 126
12 127
12 128
12 152
13 13
13 14
13 41
13 43
13 44
13 127
13 128
13 129
14 14
14 15
14 43
14 44
14 45
14 128
14 129
14 130
15 15
15 16
15 44
15 45
15 69
15 129
15 130
15 131
16 16
16 17
16 45
16 46
16 69
16 130
16 131
16 132
17 17
17 18
17 46
17 47
17 69
17 131
17 132
17 133
18 18
18 19
18 46
18 47
18 48
18 132
18 133
18 134
19 19
19 20
19 47
19 48
19 49
19 133
19 134
19 135
20 20
20 21
20 48
20 49
20 134
20 135
20 136
20 156
21 21
21 135
21 136
22 22
22 23
22 137
22 138
23 23
23 24
23 49
23 51
23 137
23 138
23 139
23 156
24 24
24 25
24 49
24 51
24 52
24 138
24 139
24 140
25 25
25 26
25 51
25 52
25 53
25 139
25 140
25 141
26 26
26 27
26 52
26 53
26 77
26 140
26 141
26 142
27 27
27 28
27 53
27 54
27 77
27 141
27 142
27 143
28 28
28 29
28 54
28 55
28 77
28 142
28 143
28 144
29 29
29 30
29 54
29 55
29 56
29 143
29 144
29 145
30 30
30 31
30 33
30 55
30 56
30 144
30 145
30 146
31 31
31 32
31 33
31 56
31 145
31 146
31 147
31 148
32 32
32 146
32 147
33 33
33 34
33 35
33 56
33 116
33 146
33 148
34 34
34 35
34 56
34 57
34 58
34 80
34 148
34 149
35 35
35 36
35 57
35 58
35 59
36 36
36 37
36 58
36 59
36 60
36 118
36 150
37 37
37 59
37 60
37 61
38 38
38 39
38 61
38 62
38 63
39 39
39 40
39 62
39 63
39 64
39 122
39 151
40 40
40 41
40 42
40 63
40 64
40 65
41 41
41 42
41 43
41 124
41 127
41 152
42 42
42 43
42 64
42 65
42 66
42 152
42 153
43 43
43 44
43 65
43 66
43 67
44 44
44 45
44 66
44 67
44 68
44 129
44 154
45 45
45 67
45 68
45 69
46 46
46 47
46 69
46 70
46 71
47 47
47 48
47 70
47 71
47 72
47 133
47 155
48 48
48 49
48 50
48 71
48 72
48 73
49 49
49 50
49 51
49 135
49 138
49 156
50 50
50 51
50 72
50 73
50 74
50 156
50 157
51 51
51 52
51 73
51 74
51 75
52 52
52 53
52 74
52 75
52 76
52 140
52 158
53 53
53 75
53 76
53 77
54 54
54 55
54 77
54 78
54 79
55 55
55 56
55 78
55 79
55 80
55 144
55 159
56 56
56 57
56 79
56 80
57 57
57 58
57 80
57 81
57 82
57 104
57 149
57 160
58 58
58 59
58 81
58 82
58 83
59 59
59 60
59 82
59 83
59 84
59 150
59 162
60 60
60 61
60 83
60 84
60 85
61 61
61 62
61 84
61 85
61 86
62 62
62 63
62 85
62 86
62 87
63 63
63 64
63 86
63 87
63 88
63 151
63 166
64 64
64 65
64 87
64 88
64 89
65 65
65 66
65 88
65 89
65 90
65 153
65 168
66 66
66 67
66 89
66 90
66 91
67 67
67 68
67 90
67 91
67 92
67 154
67 170
68 68
68 69
68 91
68 92
68 93
69 69
69 70
69 92
69 93
69 94
70 70
70 71
70 93
70 94
70 95
71 71
71 72
71 94
71 95
71 96
71 155
71 174
72 72
72 73
72 95
72 96
72 97
73 73
73 74
73 96
73 97
73 98
73 157
73 176
74 74
74 75
74 97
74 98
74 99
75 75
75 76
75 98
75 99
75 107
75 158
75 178
76 76
76 77
76 107
76 112
77 77
77 78
77 112
77 113
77 114
78 78
78 79
78 111
78 114
79 79
79 80
79 103
79 104
79 111
79 159
79 182
80 80
80 81
80 103
80 104
81 81
81 82
81 104
82 82
82 83
83 83
83 84
84 84
84 85
85 85
85 86
86 86
86 87
87 87
87 88
88 88
88 89
89 89
89 90
90 90
90 91
91 91
91 92
92 92
92 93
93 93
93 94
94 94
94 95
95 95
95 96
96 96
96 97
97 97
97 98
98 98
98 99
99 99
99 100
99 107
100 100
100 105
100 107
101 101
101 105
101 106
101 109
102 102
102 103
102 106
102 111
103 103
103 104
103 111
104 104
105 105
105 107
105 108
105 109
106 106
106 109
106 110
106 111
107 107
107 108
107 112
108 108
108 109
108 112
109 109
109 110
109 112
109 113
109 114
110 110
110 111
110 114
111 111
111 114
112 112
112 113
113 113
113 114
114 114
115 115
115 116
115 184
115 185
116 116
116 117
116 148
116 184
116 185
116 186
116 217
117 117
117 118
117 185
117 186
117 187
118 118
118 119
118 150
118 186
118 187
118 188
118 220
119 119
119 120
119 187
119 188
119 189
120 120
120 121
120 188
120 189
120 190
121 121
121 122
121 189
121 190
121 191
122 122
122 123
122 151
122 190
122 191
122 192
122 223
123 123
123 124
123 191
123 192
123 193
124 124
124 125
124 152
124 192
124 193
124 194
124 225
125 125
125 193
125 194
126 126
126 127
126 195
126 196
127 127
127 128
127 152
127 195
127 196
127 197
127 225
128 128
128 129
128 196
128 197
128 198
129 129
129 130
129 154
129 197
129 198
129 199
129 228
130 130
130 131
130 198
130 199
130 200
131 131
131 132
131 199
131 200
131 201
132 132
132 133
132 200
132 201
132 202
133 133
133 134
133 155
133 201
133 202
133 203
133 231
134 134
134 135
134 202
134 203
134 204
135 135
135 136
135 156
135 203
135 204
135 205
135 233
136 136
136 204
136 205
137 137
137 138
137 206
137 207
138 138
138 139
138 156
138 206
138 207
138 208
138 233
139 139
139 140
139 207
139 208
139 209
140 140
140 141
140 158
140 208
140 209
140 210
140 236
141 141
141 142
141 209
141 210
141 211
142 142
142 143
142 210
142 211
142 212
143 143
143 144
143 211
143 212
143 213
144 144
144 145
144 159
144 212
144 213
144 214
144 239
145 145
145 146
145 213
145 214
145 215
146 146
146 147
146 148
146 214
146 215
146 216
146 217
147 147
147 215
147 216
148 148
148 149
148 185
148 215
148 217
148 218
149 149
149 160
149 218
149 241
150 150
150 162
150 220
150 243
151 151
151 166
151 223
151 247
152 152
152 153
152 193
152 196
152 225
152 226
153 153
153 168
153 226
153 249
154 154
154 170
154 228
154 251
155 155
155 174
155 231
155 255
156 156
156 157
156 204
156 207
156 233
156 234
157 157
157 176
157 234
157 257
158 158
158 178
158 236
158 259
159 159
159 182
159 239
159 263
160 160
160 161
160 183
160 241
160 242
160 264
161 161
161 162
161 241
161 242
161 243
162 162
162 163
162 242
162 243
162 244
163 163
163 164
163 243
163 244
163 245
164 164
164 165
164 244
164 245
164 246
165 165
165 166
165 245
165 246
165 247
166 166
166 167
166 246
166 247
166 248
167 167
167 168
167 247
167 248
167 249
168 168
168 169
168 248
168 249
168 250
169 169
169 170
169 249
169 250
169 251
170 170
170 171
170 250
170 251
170 252
171 171
171 172
171 251
171 252
171 253
172 172
172 173
172 252
172 253
172 254
173 173
173 174
173 253
173 254
173 255
174 174
174 175
174 254
174 255
174 256
175 175
175 176
175 255
175 256
175 257
176 176
176 177
176 256
176 257
176 258
177 177
177 178
177 257
177 258
177 259
178 178
178 179
178 258
178 259
178 260
179 179
179 180
179 259
179 260
179 261
180 180
180 181
180 260
180 261
180 262
181 181
181 182
181 261
181 262
181 263
182 182
182 183
182 262
182 263
182 264
183 183
183 241
183 263
183 264
184 184
184 185
184 265
184 266
185 185
185 186
185 217
185 265
185 266
185 267
185 298
186 186
186 187
186 217
186 218
186 219
186 220
186 266
186 267
186 268
187 187
187 188
187 219
187 220
187 221
187 267
187 268
187 269
188 188
188 189
188 220
188 221
188 268
188 269
188 270
189 189
189 190
189 221
189 222
189 245
189 269
189 270
189 271
190 190
190 191
190 222
190 223
190 270
190 271
190 272
191 191
191 192
191 222
191 223
191 224
191 271
191 272
191 273
192 192
192 193
192 223
192 224
192 225
192 226
192 272
192 273
192 274
193 193
193 194
193 225
193 273
193 274
193 275
193 302
194 194
194 274
194 275
195 195
195 196
195 276
195 277
196 196
196 197
196 225
196 276
196 277
196 278
196 302
197 197
197 198
197 225
197 226
197 227
197 228
197 277
197 278
197 279
198 198
198 199
198 227
198 228
198 229
198 278
198 279
198 280
199 199
199 200
199 228
199 229
199 279
199 280
199 281
200 200
200 201
200 229
200 230
200 253
200 280
200 281
200 282
201 201
201 202
201 230
201 231
201 281
201 282
201 283
202 202
202 203
202 230
202 231
202 232
202 282
202 283
202 284
203 203
203 204
203 231
203 232
203 233
203 234
203 283
203 284
203 285
204 204
204 205
204 233
204 284
204 285
204 286
204 306
205 205
205 285
205 286
206 206
206 207
206 287
206 288
207 207
207 208
207 233
207 287
207 288
207 289
207 306
208 208
208 209
208 233
208 234
208 235
208 236
208 288
208 289
208 290
209 209
209 210
209 235
209 236
209 237
209 289
209 290
209 291
210 210
210 211
210 236
210 237
210 290
210 291
210 292
211 211
211 212
211 237
211 238
211 261
211 291
211 292
211 293
212 212
212 213
212 238
212 239
212 292
212 293
212 294
213 213
213 214
213 238
213 239
213 240
213 293
213 294
213 295
214 214
214 215
214 217
214 218
214 239
214 240
214 294
214 295
214 296
215 215
215 216
215 217
215 295
215 296
215 297
215 298
216 216
216 296
216 297
217 217
217 218
217 219
217 240
217 266
217 296
217 298
218 218
218 219
218 240
218 241
218 242
218 264
218 298
218 299
219 219
219 220
219 241
219 242
219 243
220 220
220 221
220 242
220 243
220 244
220 268
220 300
221 221
221 243
221 244
221 245
222 222
222 223
222 245
222 246
222 247
223 223
223 224
223 246
223 247
223 248
223 272
223 301
224 224
224 225
224 226
224 247
224 248
224 249
225 225
225 226
225 227
225 274
225 277
225 302
226 226
226 227
226 248
226 249
226 250
226 302
226 303
227 227
227 228
227 249
227 250
227 251
228 228
228 229
228 250
228 251
228 252
228 279
228 304
229 229
229 251
229 252
229 253
230 230
230 231
230 253
230 254
230 255
231 231
231 232
231 254
231 255
231 256
231 283
231 305
232 232
232 233
232 234
232 255
232 256
232 257
233 233
233 234
233 235
233 285
233 288
233 306
234 234
234 235
234 256
234 257
234 258
234 306
234 307
235 235
235 236
235 257
235 258
235 259
236 236
236 237
236 258
236 259
236 260
236 290
236 308
237 237
237 259
237 260
237 261
238 238
238 239
238 261
238 262
238 263
239 239
239 240
239 262
239 263
239 264
239 294
239 309
240 240
240 241
240 263
240 264
241 241
241 242
241 264
241 299
241 310
241 311
241 333
242 242
242 243
242 310
242 311
242 312
243 243
243 244
243 300
243 311
243 312
243 313
244 244
244 245
244 312
244 313
244 314
245 245
245 246
245 313
245 314
245 315
246 246
246 247
246 314
246 315
246 316
247 247
247 248
247 301
247 315
247 316
247 317
248 248
248 249
248 316
248 317
248 318
249 249
249 250
249 303
249 317
249 318
249 319
250 250
250 251
250 318
250 319
250 320
251 251
251 252
251 304
251 319
251 320
251 321
252 252
252 253
252 320
252 321
252 322
253 253
253 254
253 321
253 322
253 323
254 254
254 255
254 322
254 323
254 324
255 255
255 256
255 305
255 323
255 324
255 325
256 256
256 257
256 324
256 325
256 326
257 257
257 258
257 307
257 325
257 326
257 327
258 258
258 259
258 326
258 327
258 328
259 259
259 260
259 308
259 327
259 328
259 329
260 260
260 261
260 328
260 329
260 330
261 261
261 262
261 329
261 330
261 331
262 262
262 263
262 330
262 331
262 332
263 263
263 264
263 309
263 331
263 332
263 333
264 264
264 310
264 332
264 333
265 265
265 266
265 334
265 335
266 266
266 267
266 298
266 334
266 335
266 336
266 367
267 267
267 268
267 335
267 336
267 337
268 268
268 269
268 300
268 336
268 337
268 338
268 369
269 269
269 270
269 337
269 338
269 339
270 270
270 271
270 338
270 339
270 340
271 271
271 272
271 339
271 340
271 341
272 272
272 273
272 301
272 340
272 341
272 342
272 373
273 273
273 274
273 341
273 342
273 343
274 274
274 275
274 302
274 342
274 343
274 344
274 375
275 275
275 343
275 344
276 276
276 277
276 345
276 346
277 277
277 278
277 302
277 345
277 346
277 347
277 375
278 278
278 279
278 346
278 347
278 348
279 279
279 280
279 304
279 347
279 348
279 349
279 377
280 280
280 281
280 348
280 349
280 350
281 281
281 282
281 349
281 350
281 351
282 282
282 283
282 350
282 351
282 352
283 283
283 284
283 305
283 351
283 352
283 353
283 381
284 284
284 285
284 352
284 353
284 354
285 285
285 286
285 306
285 353
285 354
285 355
285 383
286 286
286 354
286 355
287 287
287 288
287 356
287 357
288 288
288 289
288 306
288 356
288 357
288 358
288 383
289 289
289 290
289 357
289 358
289 359
290 290
290 291
290 308
290 358
290 359
290 360
290 385
291 291
291 292
291 359
291 360
291 361
292 292
292 293
292 360
292 361
292 362
293 293
293 294
293 361
293 362
293 363
294 294
294 295
294 309
294 362
294 363
294 364
294 389
295 295
295 296
295 363
295 364
295 365
296 296
296 297
296 298
296 364
296 365
296 366
296 367
297 297
297 365
297 366
298 298
298 299
298 335
298 365
298 367
298 391
299 299
299 310
299 391
299 394
300 300
300 312
300 369
300 396
301 301
301 316
301 373
301 400
302 302
302 303
302 343
302 346
302 375
302 392
303 303
303 318
303 392
303 402
304 304
304 320
304 377
304 404
305 305
305 324
305 381
305 408
306 306
306 307
306 354
306 357
306 383
306 393
307 307
307 326
307 393
307 410
308 308
308 328
308 385
308 412
309 309
309 332
309 389
309 416
310 310
310 311
310 333
310 394
311 311
311 312
312 312
312 313
312 396
313 313
313 314
314 314
314 315
315 315
315 316
316 316
316 317
316 400
317 317
317 318
318 318
318 319
318 402
319 319
319 320
320 320
320 321
320 404
321 321
321 322
322 322
322 323
323 323
323 324
324 324
324 325
324 408
325 325
325 326
326 326
326 327
326 410
327 327
327 328
328 328
328 329
328 412
329 329
329 330
330 330
330 331
331 331
331 332
332 332
332 333
332 416
333 333
334 334
334 335
335 335
335 336
335 367
335 368
336 336
336 337
336 367
336 368
336 369
337 337
337 338
337 368
337 369
337 370
338 338
338 339
338 369
338 370
338 371
339 339
339 340
339 370
339 371
339 372
340 340
340 341
340 371
340 372
340 373
341 341
341 342
341 372
341 373
341 374
342 342
342 343
342 373
342 374
342 375
343 343
343 344
343 374
343 375
344 344
345 345
345 346
346 346
346 347
346 375
346 376
347 347
347 348
347 375
347 376
347 377
348 348
348 349
348 376
348 377
348 378
349 349
349 350
349 377
349 378
349 379
350 350
350 351
350 378
350 379
350 380
351 351
351 352
351 379
351 380
351 381
352 352
352 353
352 380
352 381
352 382
353 353
353 354
353 381
353 382
353 383
354 354
354 355
354 382
354 383
355 355
356 356
356 357
357 357
357 358
357 383
357 384
358 358
358 359
358 383
358 384
358 385
359 359
359 360
359 384
359 385
359 386
360 360
360 361
360 385
360 386
360 387
361 361
361 362
361 386
361 387
361 388
362 362
362 363
362 387
362 388
362 389
363 363
363 364
363 388
363 389
363 390
364 364
364 365
364 367
364 389
364 390
365 365
365 366
365 367
365 390
366 366
367 367
367 368
367 390
367 391
368 368
368 369
368 391
368 394
368 395
368 396
369 369
369 370
369 395
369 396
369 397
370 370
370 371
370 396
370 397
370 398
371 371
371 372
371 397
371 398
371 399
372 372
372 373
372 398
372 399
372 400
373 373
373 374
373 399
373 400
373 401
374 374
374 375
374 392
374 400
374 401
374 402
375 375
375 376
375 392
376 376
376 377
376 392
376 402
376 403
376 404
377 377
377 378
377 403
377 404
377 405
378 378
378 379
378 404
378 405
378 406
379 379
379 380
379 405
379 406
379 407
380 380
380 381
380 406
380 407
380 408
381 381
381 382
381 407
381 408
381 409
382 382
382 383
382 393
382 408
382 409
382 410
383 383
383 384
383 393
384 384
384 385
384 393
384 410
384 411
384 412
385 385
385 386
385 411
385 412
385 413
386 386
386 387
386 412
386 413
386 414
387 387
387 388
387 413
387 414
387 415
388 388
388 389
388 414
388 415
388 416
389 389
389 390
389 415
389 416
389 417
390 390
390 391
390 394
390 416
390 417
391 391
391 394
391 395
391 417
392 392
392 401
392 402
392 403
393 393
393 409
393 410
393 411
394 394
394 395
394 417
394 418
394 419
394 441
395 395
395 396
395 418
395 419
395 420
396 396
396 397
396 419
396 420
396 421
397 397
397 398
397 420
397 421
397 422
398 398
398 399
398 421
398 422
398 423
399 399
399 400
399 422
399 423
399 424
400 400
400 401
400 423
400 424
400 425
401 401
401 402
401 424
401 425
401 426
402 402
402 403
402 425
402 426
402 427
403 403
403 404
403 426
403 427
403 428
404 404
404 405
404 427
404 428
404 429
405 405
405 406
405 428
405 429
405 430
406 406
406 407
406 429
406 430
406 431
407 407
407 408
407 430
407 431
407 432
408 408
408 409
408 431
408 432
408 433
409 409
409 410
409 432
409 433
409 434
410 410
410 411
410 433
410 434
410 435
411 411
411 412
411 434
411 435
411 436
412 412
412 413
412 435
412 436
412 437
413 413
413 414
413 436
413 437
413 438
414 414
414 415
414 437
414 438
414 439
415 415
415 416
415 438
415 439
415 440
416 416
416 417
416 439
416 440
416 441
417 417
417 418
417 440
417 441
418 418
418 419
418 441
419 419
419 420
420 420
420 421
421 421
421 422
422 422
422 423
423 423
423 424
424 424
424 425
425 425
425 426
426 426
426 427
427 427
427 428
428 428
428 429
429 429
429 430
430 430
430 431
431 431
431 432
432 432
432 433
433 433
433 434
434 434
434 435
435 435
435 436
436 436
436 437
437 437
437 438
438 438
438 439
439 439
439 440
440 440
440 441
441 441
442 442
442 443
442 475
442 476
443 443
443 444
443 475
443 476
443 477
444 444
444 445
444 476
444 477
444 478
445 445
445 446
445 477
445 478
445 479
446 446
446 447
446 478
446 479
446 480
447 447
447 448
447 479
447 480
447 481
448 448
448 449
448 480
448 481
448 482
449 449
449 450
449 481
449 482
449 483
450 450
450 451
450 482
450 483
450 484
451 451
451 452
451 483
451 484
451 485
452 452
452 484
452 485
453 453
453 454
453 486
453 487
454 454
454 455
454 486
454 487
454 488
455 455
455 456
455 487
455 488
455 489
456 456
456 457
456 488
456 489
456 490
457 457
457 458
457 489
457 490
457 491
458 458
458 459
458 490
458 491
458 492
459 459
459 460
459 491
459 492
459 493
460 460
460 461
460 492
460 493
460 494
461 461
461 462
461 493
461 494
461 495
462 462
462 463
462 494
462 495
462 496
463 463
463 495
463 496
464 464
464 465
464 497
464 498
465 465
465 466
465 497
465 498
465 499
466 466
466 467
466 498
466 499
466 500
467 467
467 468
467 499
467 500
467 501
468 468
468 469
468 500
468 501
468 502
469 469
469 470
469 501
469 502
469 503
470 470
470 471
470 502
470 503
470 504
471 471
471 472
471 503
471 504
471 505
472 472
472 473
472 504
472 505
472 506
473 473
473 474
473 505
473 506
473 507
474 474
474 506
474 507
475 475
475 476
475 508
475 509
476 476
476 477
476 508
476 509
476 510
477 477
477 478
477 509
477 510
477 511
478 478
478 479
478 510
478 511
478 512
479 479
479 480
479 511
479 512
479 513
480 480
480 481
480 512
480 513
480 514
481 481
481 482
481 513
481 514
481 515
482 482
482 483
482 514
482 515
482 516
483 483
483 484
483 515
483 516
483 517
484 484
484 485
484 516
484 517
484 518
485 485
485 517
485 518
486 486
486 487
486 519
486 520
487 487
487 488
487 519
487 520
487 521
488 488
488 489
488 520
488 521
488 522
489 489
489 490
489 521
489 522
489 523
490 490
490 491
490 522
490 523
490 524
491 491
491 492
491 523
491 524
491 525
492 492
492 493
492 524
492 525
492 526
493 493
493 494
493 525
493 526
493 527
494 494
494 495
494 526
494 527
494 528
495 495
495 496
495 527
495 528
495 529
496 496
496 528
496 529
497 497
497 498
497 530
497 531
498 498
498 499
498 530
498 531
498 532
499 499
499 500
499 531
499 532
499 533
500 500
500 501
500 532
500 533
500 534
501 501
501 502
501 533
501 534
501 535
502 502
502 503
502 534
502 535
502 536
503 503
503 504
503 535
503 536
503 537
504 504
504 505
504 536
504 537
504 538
505 505
505 506
505 537
505 538
505 539
506 506
506 507
506 538
506 539
506 540
507 507
507 539
507 540
508 508
508 509
508 541
508 542
509 509
509 510
509 541
509 542
509 543
510 510
510 511
510 542
510 543
510 544
511 511
511 512
511 543
511 544
511 545
512 512
512 513
512 544
512 545
512 546
513 513
513 514
513 545
513 546
513 547
514 514
514 515
514 546
514 547
514 548
515 515
515 516
515 547
515 548
515 549
516 516
516 517
516 548
516 549
516 550
517 517
517 518
517 549
517 550
517 551
518 518
518 550
518 551
519 519
519 520
519 552
519 553
520 520
520 521
520 552
520 553
520 554
521 521
521 522
521 553
521 554
521 555
522 522
522 523
522 554
522 555
522 556
523 523
523 524
523 555
523 556
523 557
524 524
524 525
524 556
524 557
524 558
525 525
525 526
525 557
525 558
525 559
526 526
526 527
526 558
526 559
526 560
527 527
527 528
527 559
527 560
527 561
528 528
528 529
528 560
528 561
528 562
529 529
529 561
529 562
530 530
530 531
530 563
530 564
531 531
531 532
531 563
531 564
531 565
532 532
532 533
532 564
532 565
532 566
533 533
533 534
533 565
533 566
533 567
534 534
534 535
534 566
534 567
534 568
535 535
535 536
535 567
535 568
535 569
536 536
536 537
536 568
536 569
536 570
537 537
537 538
537 569
537 570
537 571
538 538
538 539
538 570
538 571
538 572
539 539
539 540
539 571
539 572
539 573
540 540
540 572
540 573
541 541
541 542
541 574
541 575
542 542
542 543
542 574
542 575
542 576
543 543
543 544
543 575
543 576
543 577
544 544
544 545
544 576
544 577
544 578
545 545
545 546
545 577
545 578
545 579
546 546
546 547
546 578
546 579
546 580
547 547
547 548
547 579
547 580
547 581
548 548
548 549
548 580
548 581
548 582
549 549
549 550
549 581
549 582
549 583
550 550
550 551
550 582
550 583
550 584
551 551
551 583
551 584
552 552
552 553
552 585
552 586
553 553
553 554
553 585
553 586
553 587
554 554
554 555
554 586
554 587
554 588
555 555
555 556
555 587
555 588
555 589
556 556
556 557
556 588
556 589
556 590
557 557
557 558
557 589
557 590
557 591
558 558
558 559
558 590
558 591
558 592
559 559
559 560
559 591
559 592
559 593
560 560
560 561
560 592
560 593
560 594
561 561
561 562
561 593
561 594
561 595
562 562
562 594
562 595
563 563
563 564
563 596
563 597
564 564
564 565
564 596
564 597
564 598
565 565
565 566
565 597
565 598
565 599
566 566
566 567
566 598
566 599
566 600
567 567
567 568
567 599
567 600
567 601
568 568
568 569
568 600
568 601
568 602
569 569
569 570
569 601
569 602
569 603
570 570
570 571
570 602
570 603
570 604
571 571
571 572
571 603
571 604
571 605
572 572
572 573
572 604
572 605
572 606
573 573
573 605
573 606
574 574
574 575
575 575
575 576
576 576
576 577
577 577
577 578
578 578
578 579
579 579
579 580
580 580
580 581
581 581
581 582
582 582
582 583
583 583
583 584
584 584
585 585
585 586
586 586
586 587
587 587
587 588
588 588
588 589
589 589
589 590
590 590
590 591
591 591
591 592
592 592
592 593
593 593
593 594
594 594
594 595
595 595
596 596
596 597
597 597
597 598
598 598
598 599
599 599
599 600
600 600
600 601
601 601
601 602
602 602
602 603
603 603
603 604
604 604
604 605
605 605
605 606
606 606
