0 0
0 1
0 13
0 14
1 1
1 2
1 13
1 14
1 15
2 2
2 3
2 14
2 15
2 16
3 3
3 4
3 15
3 16
3 17
4 4
4 5
4 16
4 17
4 18
5 5
5 6
5 17
5 18
5 19
6 6
6 7
6 18
6 19
6 20
7 7
7 8
7 19
7 20
7 21
8 8
8 9
8 20
8 21
8 22
9 9
9 10
9 21
9 22
9 23
10 10
10 11
10 22
10 23
10 24
11 11
11 12
11 23
11 24
11 25
12 12
12 24
12 25
13 13
13 14
13 26
13 27
14 14
14 15
14 26
14 27
14 28
15 15
15 16
15 27
15 28
15 29
16 16
16 17
16 28
16 29
16 30
17 17
17 18
17 29
17 30
17 31
18 18
18 19
18 30
18 31
18 32
19 19
19 20
19 31
19 32
19 33
20 20
20 21
20 32
20 33
20 34
21 21
21 22
21 33
21 34
21 35
22 22
22 23
22 34
22 35
22 36
23 23
23 24
23 35
23 36
23 37
24 24
24 25
24 36
24 37
24 38
25 25
25 37
25 38
26 26
26 27
26 39
26 40
27 27
27 28
27 39
27 40
27 41
28 28
28 29
28 40
28 41
28 42
29 29
29 30
29 41
29 42
29 43
30 30
30 31
30 42
30 43
30 44
31 31
31 32
31 43
31 44
31 45
32 32
32 33
32 44
32 45
32 46
33 33
33 34
33 45
33 46
33 47
34 34
34 35
34 46
34 47
34 48
35 35
35 36
35 47
35 48
35 49
36 36
36 37
36 48
36 49
36 50
37 37
37 38
37 49
37 50
37 51
38 38
38 50
38 51
39 39
39 40
39 52
39 53
40 40
40 41
40 52
40 53
40 54
41 41
41 42
41 53
41 54
41 55
42 42
42 43
42 54
42 55
42 56
43 43
43 44
43 55
43 56
43 57
44 44
44 45
44 56
44 57
44 58
45 45
45 46
45 57
45 58
45 59
46 46
46 47
46 58
46 59
46 60
47 47
47 48
47 59
47 60
47 61
48 48
48 49
48 60
48 61
48 62
49 49
49 50
49 61
49 62
49 63
50 50
50 51
50 62
50 63
50 64
51 51
51 63
51 64
52 52
52 53
52 65
52 66
53 53
53 54
53 65
53 66
53 67
54 54
54 55
54 66
54 67
54 68
55 55
55 56
55 67
55 68
55 69
56 56
56 57
56 68
56 69
56 70
57 57
57 58
57 69
57 70
57 71
58 58
58 59
58 70
58 71
58 72
59 59
59 60
59 71
59 72
59 73
60 60
60 61
60 72
60 73
60 74
61 61
61 62
61 73
61 74
61 75
62 62
62 63
62 74
62 75
62 76
63 63
63 64
63 75
63 76
63 77
64 64
64 76
64 77
65 65
65 66
65 78
65 79
66 66
66 67
66 78
66 79
66 80
67 67
67 68
67 79
67 80
67 81
68 68
68 69
68 80
68 81
68 82
69 69
69 70
69 81
69 82
69 83
70 70
70 71
70 82
70 83
70 84
71 71
71 72
71 83
71 84
71 85
72 72
72 73
72 84
72 85
72 86
73 73
73 74
73 85
73 86
73 87
74 74
74 75
74 86
74 87
74 88
75 75
75 76
75 87
75 88
75 89
76 76
76 77
76 88
76 89
76 90
77 77
77 89
77 90
78 78
78 79
78 91
78 92
79 79
79 80
79 91
79 92
79 93
80 80
80 81
80 92
80 93
80 94
81 81
81 82
81 93
81 94
81 95
82 82
82 83
82 94
82 95
82 96
83 83
83 84
83 95
83 96
83 97
84 84
84 85
84 96
84 97
84 98
85 85
85 86
85 97
85 98
85 99
86 86
86 87
86 98
86 99
86 100
87 87
87 88
87 99
87 100
87 101
88 88
88 89
88 100
88 101
88 102
89 89
89 90
89 101
89 102
89 103
90 90
90 102
90 103
91 91
91 92
91 104
91 105
92 92
92 93
92 104
92 105
92 106
93 93
93 94
93 105
93 106
93 107
94 94
94 95
94 106
94 107
94 108
95 95
95 96
95 107
95 108
95 109
96 96
96 97
96 108
96 109
96 110
97 97
97 98
97 109
97 110
97 111
98 98
98 99
98 110
98 111
98 112
99 99
99 100
99 111
99 112
99 113
100 100
100 101
100 112
100 113
100 114
101 101
101 102
101 113
101 114
101 115
102 102
102 103
102 114
102 115
102 116
103 103
103 115
103 116
104 104
104 105
104 117
104 118
105 105
105 106
105 117
105 118
105 119
106 106
106 107
106 118
106 119
106 120
107 107
107 108
107 119
107 120
107 121
108 108
108 109
108 120
108 121
108 122
109 109
109 110
109 121
109 122
109 123
110 110
110 111
110 122
110 123
110 124
111 111
111 112
111 123
111 124
111 125
112 112
112 113
112 124
112 125
112 126
113 113
113 114
113 125
113 126
113 127
114 114
114 115
114 126
114 127
114 128
115 115
115 116
115 127
115 128
115 129
116 116
116 128
116 129
117 117
117 118
117 130
117 131
118 118
118 119
118 130
118 131
118 132
119 119
119 120
119 131
119 132
119 133
120 120
120 121
120 132
120 133
120 134
121 121
121 122
121 133
121 134
121 135
122 122
122 123
122 134
122 135
122 136
123 123
123 124
123 135
123 136
123 137
124 124
124 125
124 136
124 137
124 138
125 125
125 126
125 137
125 138
125 139
126 126
126 127
126 138
126 139
126 140
127 127
127 128
127 139
127 140
127 141
128 128
128 129
128 140
128 141
128 142
129 129
129 141
129 142
130 130
130 131
130 143
130 144
131 131
131 132
131 143
131 144
131 145
132 132
132 133
132 144
132 145
132 146
133 133
133 134
133 145
133 146
133 147
134 134
134 135
134 146
134 147
134 148
135 135
135 136
135 147
135 148
135 149
136 136
136 137
136 148
136 149
136 150
137 137
137 138
137 149
137 150
137 151
138 138
138 139
138 150
138 151
138 152
139 139
139 140
139 151
139 152
139 153
140 140
140 141
140 152
140 153
140 154
141 141
141 142
141 153
141 154
141 155
142 142
142 154
142 155
143 143
143 144
143 156
143 157
144 144
144 145
144 156
144 157
144 158
145 145
145 146
145 157
145 158
145 159
146 146
146 147
146 158
146 159
146 160
147 147
147 148
147 159
147 160
147 161
148 148
148 149
148 160
148 161
148 162
149 149
149 150
149 161
149 162
149 163
150 150
150 151
150 162
150 163
150 164
151 151
151 152
151 163
151 164
151 165
152 152
152 153
152 164
152 165
152 166
153 153
153 154
153 165
153 166
153 167
154 154
154 155
154 166
154 167
154 168
155 155
155 167
155 168
156 156
156 157
156 169
156 170
157 157
157 158
157 169
157 170
157 171
158 158
158 159
158 170
158 171
158 172
159 159
159 160
159 171
159 172
159 173
160 160
160 161
160 172
160 173
160 174
161 161
161 162
161 173
161 174
161 175
162 162
162 163
162 174
162 175
162 176
163 163
163 164
163 175
163 176
163 177
164 164
164 165
164 176
164 177
164 178
165 165
165 166
165 177
165 178
165 179
166 166
166 167
166 178
166 179
166 180
167 167
167 168
167 179
167 180
167 181
168 168
168 180
168 181
169 169
169 170
169 182
169 183
170 170
170 171
170 182
170 183
170 184
171 171
171 172
171 183
171 184
171 185
172 172
172 173
172 184
172 185
172 186
173 173
173 174
173 185
173 186
173 187
174 174
174 175
174 186
174 187
174 188
175 175
175 176
175 187
175 188
175 189
176 176
176 177
176 188
176 189
176 190
177 177
177 178
177 189
177 190
177 191
178 178
178 179
178 190
178 191
178 192
179 179
179 180
179 191
179 192
179 193
180 180
180 181
180 192
180 193
180 194
181 181
181 193
181 194
182 182
182 183
182 195
182 196
183 183
183 184
183 195
183 196
183 197
184 184
184 185
184 196
184 197
184 198
185 185
185 186
185 197
185 198
185 199
186 186
186 187
186 198
186 199
186 200
187 187
187 188
187 199
187 200
187 201
188 188
188 189
188 200
188 201
188 202
189 189
189 190
189 201
189 202
189 203
190 190
190 191
190 202
190 203
190 204
191 191
191 192
191 203
191 204
191 205
192 192
192 193
192 204
192 205
192 206
193 193
193 194
193 205
193 206
193 207
194 194
194 206
194 207
195 195
195 196
195 208
195 209
196 196
196 197
196 208
196 209
196 210
197 197
197 198
197 209
197 210
197 211
198 198
198 199
198 210
198 211
198 212
199 199
199 200
199 211
199 212
199 213
200 200
200 201
200 212
200 213
200 214
201 201
201 202
201 213
201 214
201 215
202 202
202 203
202 214
202 215
202 216
203 203
203 204
203 215
203 216
203 217
204 204
204 205
204 216
204 217
204 218
205 205
205 206
205 217
205 218
205 219
206 206
206 207
206 218
206 219
206 220
207 207
207 219
207 220
208 208
208 209
208 221
208 222
209 209
209 210
209 221
209 222
209 223
210 210
210 211
210 222
210 223
210 224
211 211
211 212
211 223
211 224
211 225
212 212
212 213
212 224
212 225
212 226
213 213
213 214
213 225
213 226
213 227
214 214
214 215
214 226
214 227
214 228
215 215
215 216
215 227
215 228
215 229
216 216
216 217
216 228
216 229
216 230
217 217
217 218
217 229
217 230
217 231
218 218
218 219
218 230
218 231
218 232
219 219
219 220
219 231
219 232
219 233
220 220
220 232
220 233
221 221
221 222
221 234
221 235
222 222
222 223
222 234
222 235
222 236
223 223
223 224
223 235
223 236
223 237
224 224
224 225
224 236
224 237
224 238
225 225
225 226
225 237
225 238
225 239
226 226
226 227
226 238
226 239
226 240
227 227
227 228
227 239
227 240
227 241
228 228
228 229
228 240
228 241
228 242
229 229
229 230
229 241
229 242
229 243
230 230
230 231
230 242
230 243
230 244
231 231
231 232
231 243
231 244
231 245
232 232
232 233
232 244
232 245
232 246
233 233
233 245
233 246
234 234
234 235
234 247
234 248
235 235
235 236
235 247
235 248
235 249
236 236
236 237
236 248
236 249
236 250
237 237
237 238
237 249
237 250
237 251
238 238
238 239
238 250
238 251
238 252
239 239
239 240
239 251
239 252
239 253
240 240
240 241
240 252
240 253
240 254
241 241
241 242
241 253
241 254
241 255
242 242
242 243
242 254
242 255
242 256
243 243
243 244
243 255
243 256
243 257
244 244
244 245
244 256
244 257
244 258
245 245
245 246
245 257
245 258
245 259
246 246
246 258
246 259
247 247
247 248
247 260
247 261
248 248
248 249
248 260
248 261
248 262
249 249
249 250
249 261
249 262
249 263
250 250
250 251
250 262
250 263
250 264
251 251
251 252
251 263
251 264
251 265
252 252
252 253
252 264
252 265
252 266
253 253
253 254
253 265
253 266
253 267
254 254
254 255
254 266
254 267
254 268
255 255
255 256
255 267
255 268
255 269
256 256
256 257
256 268
256 269
256 270
257 257
257 258
257 269
257 270
257 271
258 258
258 259
258 270
258 271
258 272
259 259
259 271
259 272
260 260
260 261
260 273
260 274
261 261
261 262
261 273
261 274
261 275
262 262
262 263
262 274
262 275
262 276
263 263
263 264
263 275
263 276
263 277
264 264
264 265
264 276
264 277
264 278
265 265
265 266
265 277
265 278
265 279
266 266
266 267
266 278
266 279
266 280
267 267
267 268
267 279
267 280
267 281
268 268
268 269
268 280
268 281
268 282
269 269
269 270
269 281
269 282
269 283
270 270
270 271
270 282
270 283
270 284
271 271
271 272
271 283
271 284
271 285
272 272
272 284
272 285
273 273
273 274
273 286
273 287
274 274
274 275
274 286
274 287
274 288
275 275
275 276
275 287
275 288
275 289
276 276
276 277
276 288
276 289
276 290
277 277
277 278
277 289
277 290
277 291
278 278
278 279
278 290
278 291
278 292
279 279
279 280
279 291
279 292
279 293
280 280
280 281
280 292
280 293
280 294
281 281
281 282
281 293
281 294
281 295
282 282
282 283
282 294
282 295
282 296
283 283
283 284
283 295
283 296
283 297
284 284
284 285
284 296
284 297
284 298
285 285
285 297
285 298
286 286
286 287
286 299
286 300
287 287
287 288
287 299
287 300
287 301
288 288
288 289
288 300
288 301
288 302
289 289
289 290
289 301
289 302
289 303
290 290
290 291
290 302
290 303
290 304
291 291
291 292
291 303
291 304
291 305
292 292
292 293
292 304
292 305
292 306
293 293
293 294
293 305
293 306
293 307
294 294
294 295
294 306
294 307
294 308
295 295
295 296
295 307
295 308
295 309
296 296
296 297
296 308
296 309
296 310
297 297
297 298
297 309
297 310
297 311
298 298
298 310
298 311
299 299
299 300
299 348
299 349
300 300
300 301
300 348
300 349
300 350
301 301
301 302
301 349
301 350
301 351
302 302
302 303
302 350
302 351
302 352
303 303
303 304
303 351
303 352
303 353
304 304
304 305
304 352
304 353
304 354
305 305
305 306
305 353
305 354
305 355
306 306
306 307
306 354
306 355
306 356
307 307
307 308
307 355
307 356
307 357
308 308
308 309
308 356
308 357
308 358
309 309
309 310
309 357
309 358
309 359
310 310
310 311
310 358
310 359
310 360
311 311
311 359
311 360
312 312
312 313
312 314
312 315
313 313
313 314
313 316
313 317
314 314
314 315
314 317
314 318
314 319
315 315
315 319
315 320
316 316
316 317
316 321
316 322
317 317
317 318
317 322
317 323
318 318
318 319
318 323
318 324
318 325
319 319
319 320
319 325
319 326
320 320
320 326
320 327
321 321
321 322
321 328
321 329
322 322
322 323
322 329
322 330
323 323
323 324
323 330
323 331
324 324
324 325
324 331
324 332
324 333
325 325
325 326
325 333
325 334
326 326
326 327
326 334
326 335
327 327
327 335
327 336
328 328
328 329
328 337
328 338
329 329
329 330
329 338
329 339
330 330
330 331
330 339
330 340
331 331
331 332
331 340
331 341
332 332
332 333
332 341
332 342
332 343
333 333
333 334
333 343
333 344
334 334
334 335
334 344
334 345
335 335
335 336
335 345
335 346
336 336
336 346
336 347
337 337
337 338
337 348
337 349
338 338
338 339
338 349
338 350
339 339
339 340
339 350
339 351
340 340
340 341
340 351
340 352
341 341
341 342
341 352
341 353
342 342
342 343
342 353
342 354
342 355
343 343
343 344
343 355
343 356
344 344
344 345
344 356
344 357
345 345
345 346
345 357
345 358
346 346
346 347
346 358
346 359
347 347
347 359
347 360
348 348
348 349
349 349
349 350
350 350
350 351
351 351
351 352
352 352
352 353
353 353
353 354
354 354
354 355
355 355
355 356
356 356
356 357
357 357
357 358
358 358
358 359
359 359
359 360
360 360
