0 0
0 1
0 11
0 12
0 13
0 23
1 1
1 2
1 12
1 13
1 14
2 2
2 3
2 13
2 14
2 15
3 3
3 4
3 14
3 15
3 16
4 4
4 5
4 15
4 16
4 17
5 5
5 6
5 16
5 17
5 18
6 6
6 7
6 17
6 18
6 19
7 7
7 8
7 18
7 19
7 20
8 8
8 9
8 19
8 20
8 21
9 9
9 10
9 20
9 21
9 22
10 10
10 11
10 21
10 22
10 23
11 11
11 12
11 22
11 23
12 12
12 13
12 23
12 24
12 25
12 47
13 13
13 14
13 25
13 26
13 27
14 14
14 15
14 27
14 28
14 29
15 15
15 16
15 29
15 30
15 31
16 16
16 17
16 31
16 32
16 33
17 17
17 18
17 33
17 34
17 35
18 18
18 19
18 35
18 36
18 37
19 19
19 20
19 37
19 38
19 39
20 20
20 21
20 39
20 40
20 41
21 21
21 22
21 41
21 42
21 43
22 22
22 23
22 43
22 44
22 45
23 23
23 45
23 46
23 47
24 24
24 25
24 47
24 48
24 49
24 71
25 25
25 26
25 48
25 49
25 50
26 26
26 27
26 49
26 50
26 51
27 27
27 28
27 50
27 51
27 52
28 28
28 29
28 51
28 52
28 53
29 29
29 30
29 52
29 53
29 54
30 30
30 31
30 53
30 54
30 55
31 31
31 32
31 54
31 55
31 56
32 32
32 33
32 55
32 56
32 57
33 33
33 34
33 56
33 57
33 58
34 34
34 35
34 57
34 58
34 59
35 35
35 36
35 58
35 59
35 60
36 36
36 37
36 59
36 60
36 61
37 37
37 38
37 60
37 61
37 62
38 38
38 39
38 61
38 62
38 63
39 39
39 40
39 62
39 63
39 64
40 40
40 41
40 63
40 64
40 65
41 41
41 42
41 64
41 65
41 66
42 42
42 43
42 65
42 66
42 67
43 43
43 44
43 66
43 67
43 68
44 44
44 45
44 67
44 68
44 69
45 45
45 46
45 68
45 69
45 70
46 46
46 47
46 69
46 70
46 71
47 47
47 48
47 70
47 71
48 48
48 49
48 71
48 72
48 73
48 95
49 49
49 50
49 72
49 73
49 74
50 50
50 51
50 73
50 74
50 75
51 51
51 52
51 74
51 75
51 76
52 52
52 53
52 75
52 76
52 77
53 53
53 54
53 76
53 77
53 78
54 54
54 55
54 77
54 78
54 79
55 55
55 56
55 78
55 79
55 80
56 56
56 57
56 79
56 80
56 81
57 57
57 58
57 80
57 81
57 82
58 58
58 59
58 81
58 82
58 83
59 59
59 60
59 82
59 83
59 84
60 60
60 61
60 83
60 84
60 85
61 61
61 62
61 84
61 85
61 86
62 62
62 63
62 85
62 86
62 87
63 63
63 64
63 86
63 87
63 88
64 64
64 65
64 87
64 88
64 89
65 65
65 66
65 88
65 89
65 90
66 66
66 67
66 89
66 90
66 91
67 67
67 68
67 90
67 91
67 92
68 68
68 69
68 91
68 92
68 93
69 69
69 70
69 92
69 93
69 94
70 70
70 71
70 93
70 94
70 95
71 71
71 72
71 94
71 95
72 72
72 73
72 95
72 96
72 97
72 119
73 73
73 74
73 96
73 97
73 98
74 74
74 75
74 97
74 98
74 99
75 75
75 76
75 98
75 99
75 100
76 76
76 77
76 99
76 100
76 101
77 77
77 78
77 100
77 101
77 102
78 78
78 79
78 101
78 102
78 103
79 79
79 80
79 102
79 103
79 104
80 80
80 81
80 103
80 104
80 105
81 81
81 82
81 104
81 105
81 106
82 82
82 83
82 105
82 106
82 107
83 83
83 84
83 106
83 107
83 108
84 84
84 85
84 107
84 108
84 109
85 85
85 86
85 108
85 109
85 110
86 86
86 87
86 109
86 110
86 111
87 87
87 88
87 110
87 111
87 112
88 88
88 89
88 111
88 112
88 113
89 89
89 90
89 112
89 113
89 114
90 90
90 91
90 113
90 114
90 115
91 91
91 92
91 114
91 115
91 116
92 92
92 93
92 115
92 116
92 117
93 93
93 94
93 116
93 117
93 118
94 94
94 95
94 117
94 118
94 119
95 95
95 96
95 118
95 119
96 96
96 97
96 119
96 120
96 121
96 143
97 97
97 98
97 120
97 121
97 122
98 98
98 99
98 121
98 122
98 123
99 99
99 100
99 122
99 123
99 124
100 100
100 101
100 123
100 124
100 125
101 101
101 102
101 124
101 125
101 126
102 102
102 103
102 125
102 126
102 127
103 103
103 104
103 126
103 127
103 128
104 104
104 105
104 127
104 128
104 129
105 105
105 106
105 128
105 129
105 130
106 106
106 107
106 129
106 130
106 131
107 107
107 108
107 130
107 131
107 132
108 108
108 109
108 131
108 132
108 133
109 109
109 110
109 132
109 133
109 134
110 110
110 111
110 133
110 134
110 135
111 111
111 112
111 134
111 135
111 136
112 112
112 113
112 135
112 136
112 137
113 113
113 114
113 136
113 137
113 138
114 114
114 115
114 137
114 138
114 139
115 115
115 116
115 138
115 139
115 140
116 116
116 117
116 139
116 140
116 141
117 117
117 118
117 140
117 141
117 142
118 118
118 119
118 141
118 142
118 143
119 119
119 120
119 142
119 143
120 120
120 121
120 143
120 144
120 145
120 167
121 121
121 122
121 144
121 145
121 146
122 122
122 123
122 145
122 146
122 147
123 123
123 124
123 146
123 147
123 148
124 124
124 125
124 147
124 148
124 149
125 125
125 126
125 148
125 149
125 150
126 126
126 127
126 149
126 150
126 151
127 127
127 128
127 150
127 151
127 152
128 128
128 129
128 151
128 152
128 153
129 129
129 130
129 152
129 153
129 154
130 130
130 131
130 153
130 154
130 155
131 131
131 132
131 154
131 155
131 156
132 132
132 133
132 155
132 156
132 157
133 133
133 134
133 156
133 157
133 158
134 134
134 135
134 157
134 158
134 159
135 135
135 136
135 158
135 159
135 160
136 136
136 137
136 159
136 160
136 161
137 137
137 138
137 160
137 161
137 162
138 138
138 139
138 161
138 162
138 163
139 139
139 140
139 162
139 163
139 164
140 140
140 141
140 163
140 164
140 165
141 141
141 142
141 164
141 165
141 166
142 142
142 143
142 165
142 166
142 167
143 143
143 144
143 166
143 167
144 144
144 145
144 167
144 168
144 169
144 191
145 145
145 146
145 168
145 169
145 170
146 146
146 147
146 169
146 170
146 171
147 147
147 148
147 170
147 171
147 172
148 148
148 149
148 171
148 172
148 173
149 149
149 150
149 172
149 173
149 174
150 150
150 151
150 173
150 174
150 175
151 151
151 152
151 174
151 175
151 176
152 152
152 153
152 175
152 176
152 177
153 153
153 154
153 176
153 177
153 178
154 154
154 155
154 177
154 178
154 179
155 155
155 156
155 178
155 179
155 180
156 156
156 157
156 179
156 180
156 181
157 157
157 158
157 180
157 181
157 182
158 158
158 159
158 181
158 182
158 183
159 159
159 160
159 182
159 183
159 184
160 160
160 161
160 183
160 184
160 185
161 161
161 162
161 184
161 185
161 186
162 162
162 163
162 185
162 186
162 187
163 163
163 164
163 186
163 187
163 188
164 164
164 165
164 187
164 188
164 189
165 165
165 166
165 188
165 189
165 190
166 166
166 167
166 189
166 190
166 191
167 167
167 168
167 190
167 191
168 168
168 169
168 191
168 192
168 193
168 215
169 169
169 170
169 192
169 193
169 194
170 170
170 171
170 193
170 194
170 195
171 171
171 172
171 194
171 195
171 196
172 172
172 173
172 195
172 196
172 197
173 173
173 174
173 196
173 197
173 198
174 174
174 175
174 197
174 198
174 199
175 175
175 176
175 198
175 199
175 200
176 176
176 177
176 199
176 200
176 201
177 177
177 178
177 200
177 201
177 202
178 178
178 179
178 201
178 202
178 203
179 179
179 180
179 202
179 203
179 204
180 180
180 181
180 203
180 204
180 205
181 181
181 182
181 204
181 205
181 206
182 182
182 183
182 205
182 206
182 207
183 183
183 184
183 206
183 207
183 208
184 184
184 185
184 207
184 208
184 209
185 185
185 186
185 208
185 209
185 210
186 186
186 187
186 209
186 210
186 211
187 187
187 188
187 210
187 211
187 212
188 188
188 189
188 211
188 212
188 213
189 189
189 190
189 212
189 213
189 214
190 190
190 191
190 213
190 214
190 215
191 191
191 192
191 214
191 215
192 192
192 193
192 215
192 216
192 217
192 239
193 193
193 194
193 216
193 217
193 218
194 194
194 195
194 217
194 218
194 219
195 195
195 196
195 218
195 219
195 220
196 196
196 197
196 219
196 220
196 221
197 197
197 198
197 220
197 221
197 222
198 198
198 199
198 221
198 222
198 223
199 199
199 200
199 222
199 223
199 224
200 200
200 201
200 223
200 224
200 225
201 201
201 202
201 224
201 225
201 226
202 202
202 203
202 225
202 226
202 227
203 203
203 204
203 226
203 227
203 228
204 204
204 205
204 227
204 228
204 229
205 205
205 206
205 228
205 229
205 230
206 206
206 207
206 229
206 230
206 231
207 207
207 208
207 230
207 231
207 232
208 208
208 209
208 231
208 232
208 233
209 209
209 210
209 232
209 233
209 234
210 210
210 211
210 233
210 234
210 235
211 211
211 212
211 234
211 235
211 236
212 212
212 213
212 235
212 236
212 237
213 213
213 214
213 236
213 237
213 238
214 214
214 215
214 237
214 238
214 239
215 215
215 216
215 238
215 239
216 216
216 217
216 239
217 217
217 218
217 240
217 241
218 218
218 219
218 240
218 241
218 242
219 219
219 220
219 241
219 242
219 243
220 220
220 221
220 242
220 243
221 221
221 222
221 243
221 964
221 965
221 966
222 222
222 223
222 963
222 964
222 965
223 223
223 224
223 244
223 962
223 963
223 964
224 224
224 225
224 244
224 245
225 225
225 226
225 244
225 245
225 246
226 226
226 227
226 245
226 246
226 247
227 227
227 228
227 246
227 247
227 248
228 228
228 229
228 247
228 248
228 249
229 229
229 230
229 248
229 249
229 250
230 230
230 231
230 249
230 250
230 251
231 231
231 232
231 250
231 251
231 252
232 232
232 233
232 251
232 252
233 233
233 234
233 252
233 954
233 955
233 956
234 234
234 235
234 953
234 954
234 955
235 235
235 236
235 253
235 952
235 953
235 954
236 236
236 237
236 253
236 254
237 237
237 238
237 253
237 254
237 255
238 238
238 239
238 254
238 255
238 256
239 239
239 255
239 256
240 240
240 241
240 968
240 969
240 1167
240 1169
241 241
241 242
241 967
241 968
241 969
241 1167
241 1169
241 1171
242 242
242 243
242 966
242 967
242 968
242 1169
242 1171
242 1173
243 243
243 965
243 966
243 967
243 1171
243 1173
244 244
244 245
244 961
244 962
244 963
244 1175
244 1177
245 245
245 246
245 960
245 961
245 962
245 1175
245 1177
245 1179
246 246
246 247
246 959
246 960
246 961
246 1177
246 1179
246 1182
247 247
247 248
247 959
247 960
247 1179
247 1180
247 1182
248 248
248 249
248 1180
249 249
249 250
249 958
249 991
249 1178
249 1180
249 1181
250 250
250 251
250 957
250 958
250 991
250 1176
250 1178
250 1181
251 251
251 252
251 956
251 957
251 958
251 1174
251 1176
251 1178
252 252
252 955
252 956
252 957
252 1174
252 1176
253 253
253 254
253 951
253 952
253 953
253 1170
253 1172
254 254
254 255
254 950
254 951
254 952
254 1168
254 1170
254 1172
255 255
255 256
255 949
255 950
255 951
255 1166
255 1168
255 1170
256 256
256 949
256 950
256 1166
256 1168
257 257
257 258
257 268
257 269
257 270
257 280
258 258
258 259
258 269
258 270
258 271
259 259
259 260
259 270
259 271
259 272
260 260
260 261
260 271
260 272
260 273
261 261
261 262
261 272
261 273
261 274
262 262
262 263
262 273
262 274
262 275
263 263
263 264
263 274
263 275
263 276
264 264
264 265
264 275
264 276
264 277
265 265
265 266
265 276
265 277
265 278
266 266
266 267
266 277
266 278
266 279
267 267
267 268
267 278
267 279
267 280
268 268
268 269
268 279
268 280
269 269
269 270
269 280
269 281
269 282
269 304
270 270
270 271
270 282
270 283
270 284
271 271
271 272
271 284
271 285
271 286
272 272
272 273
272 286
272 287
272 288
273 273
273 274
273 288
273 289
273 290
274 274
274 275
274 290
274 291
274 292
275 275
275 276
275 292
275 293
275 294
276 276
276 277
276 294
276 295
276 296
277 277
277 278
277 296
277 297
277 298
278 278
278 279
278 298
278 299
278 300
279 279
279 280
279 300
279 301
279 302
280 280
280 302
280 303
280 304
281 281
281 282
281 304
281 305
281 306
281 328
282 282
282 283
282 305
282 306
282 307
283 283
283 284
283 306
283 307
283 308
284 284
284 285
284 307
284 308
284 309
285 285
285 286
285 308
285 309
285 310
286 286
286 287
286 309
286 310
286 311
287 287
287 288
287 310
287 311
287 312
288 288
288 289
288 311
288 312
288 313
289 289
289 290
289 312
289 313
289 314
290 290
290 291
290 313
290 314
290 315
291 291
291 292
291 314
291 315
291 316
292 292
292 293
292 315
292 316
292 317
293 293
293 294
293 316
293 317
293 318
294 294
294 295
294 317
294 318
294 319
295 295
295 296
295 318
295 319
295 320
296 296
296 297
296 319
296 320
296 321
297 297
297 298
297 320
297 321
297 322
298 298
298 299
298 321
298 322
298 323
299 299
299 300
299 322
299 323
299 324
300 300
300 301
300 323
300 324
300 325
301 301
301 302
301 324
301 325
301 326
302 302
302 303
302 325
302 326
302 327
303 303
303 304
303 326
303 327
303 328
304 304
304 305
304 327
304 328
305 305
305 306
305 328
305 329
305 330
305 352
306 306
306 307
306 329
306 330
306 331
307 307
307 308
307 330
307 331
307 332
308 308
308 309
308 331
308 332
308 333
309 309
309 310
309 332
309 333
309 334
310 310
310 311
310 333
310 334
310 335
311 311
311 312
311 334
311 335
311 336
312 312
312 313
312 335
312 336
312 337
313 313
313 314
313 336
313 337
313 338
314 314
314 315
314 337
314 338
314 339
315 315
315 316
315 338
315 339
315 340
316 316
316 317
316 339
316 340
316 341
317 317
317 318
317 340
317 341
317 342
318 318
318 319
318 341
318 342
318 343
319 319
319 320
319 342
319 343
319 344
320 320
320 321
320 343
320 344
320 345
321 321
321 322
321 344
321 345
321 346
322 322
322 323
322 345
322 346
322 347
323 323
323 324
323 346
323 347
323 348
324 324
324 325
324 347
324 348
324 349
325 325
325 326
325 348
325 349
325 350
326 326
326 327
326 349
326 350
326 351
327 327
327 328
327 350
327 351
327 352
328 328
328 329
328 351
328 352
329 329
329 330
329 352
329 353
329 354
329 376
330 330
330 331
330 353
330 354
330 355
331 331
331 332
331 354
331 355
331 356
332 332
332 333
332 355
332 356
332 357
333 333
333 334
333 356
333 357
333 358
334 334
334 335
334 357
334 358
334 359
335 335
335 336
335 358
335 359
335 360
336 336
336 337
336 359
336 360
336 361
337 337
337 338
337 360
337 361
337 362
338 338
338 339
338 361
338 362
338 363
339 339
339 340
339 362
339 363
339 364
340 340
340 341
340 363
340 364
340 365
341 341
341 342
341 364
341 365
341 366
342 342
342 343
342 365
342 366
342 367
343 343
343 344
343 366
343 367
343 368
344 344
344 345
344 367
344 368
344 369
345 345
345 346
345 368
345 369
345 370
346 346
346 347
346 369
346 370
346 371
347 347
347 348
347 370
347 371
347 372
348 348
348 349
348 371
348 372
348 373
349 349
349 350
349 372
349 373
349 374
350 350
350 351
350 373
350 374
350 375
351 351
351 352
351 374
351 375
351 376
352 352
352 353
352 375
352 376
353 353
353 354
353 376
353 377
353 378
353 400
354 354
354 355
354 377
354 378
354 379
355 355
355 356
355 378
355 379
355 380
356 356
356 357
356 379
356 380
356 381
357 357
357 358
357 380
357 381
357 382
358 358
358 359
358 381
358 382
358 383
359 359
359 360
359 382
359 383
359 384
360 360
360 361
360 383
360 384
360 385
361 361
361 362
361 384
361 385
361 386
362 362
362 363
362 385
362 386
362 387
363 363
363 364
363 386
363 387
363 388
364 364
364 365
364 387
364 388
364 389
365 365
365 366
365 388
365 389
365 390
366 366
366 367
366 389
366 390
366 391
367 367
367 368
367 390
367 391
367 392
368 368
368 369
368 391
368 392
368 393
369 369
369 370
369 392
369 393
369 394
370 370
370 371
370 393
370 394
370 395
371 371
371 372
371 394
371 395
371 396
372 372
372 373
372 395
372 396
372 397
373 373
373 374
373 396
373 397
373 398
374 374
374 375
374 397
374 398
374 399
375 375
375 376
375 398
375 399
375 400
376 376
376 377
376 399
376 400
377 377
377 378
377 400
377 401
377 402
377 424
378 378
378 379
378 401
378 402
378 403
379 379
379 380
379 402
379 403
379 404
380 380
380 381
380 403
380 404
380 405
381 381
381 382
381 404
381 405
381 406
382 382
382 383
382 405
382 406
382 407
383 383
383 384
383 406
383 407
383 408
384 384
384 385
384 407
384 408
384 409
385 385
385 386
385 408
385 409
385 410
386 386
386 387
386 409
386 410
386 411
387 387
387 388
387 410
387 411
387 412
388 388
388 389
388 411
388 412
388 413
389 389
389 390
389 412
389 413
389 414
390 390
390 391
390 413
390 414
390 415
391 391
391 392
391 414
391 415
391 416
392 392
392 393
392 415
392 416
392 417
393 393
393 394
393 416
393 417
393 418
394 394
394 395
394 417
394 418
394 419
395 395
395 396
395 418
395 419
395 420
396 396
396 397
396 419
396 420
396 421
397 397
397 398
397 420
397 421
397 422
398 398
398 399
398 421
398 422
398 423
399 399
399 400
399 422
399 423
399 424
400 400
400 401
400 423
400 424
401 401
401 402
401 424
401 425
401 426
401 448
402 402
402 403
402 425
402 426
402 427
403 403
403 404
403 426
403 427
403 428
404 404
404 405
404 427
404 428
404 429
405 405
405 406
405 428
405 429
405 430
406 406
406 407
406 429
406 430
406 431
407 407
407 408
407 430
407 431
407 432
408 408
408 409
408 431
408 432
408 433
409 409
409 410
409 432
409 433
409 434
410 410
410 411
410 433
410 434
410 435
411 411
411 412
411 434
411 435
411 436
412 412
412 413
412 435
412 436
412 437
413 413
413 414
413 436
413 437
413 438
414 414
414 415
414 437
414 438
414 439
415 415
415 416
415 438
415 439
415 440
416 416
416 417
416 439
416 440
416 441
417 417
417 418
417 440
417 441
417 442
418 418
418 419
418 441
418 442
418 443
419 419
419 420
419 442
419 443
419 444
420 420
420 421
420 443
420 444
420 445
421 421
421 422
421 444
421 445
421 446
422 422
422 423
422 445
422 446
422 447
423 423
423 424
423 446
423 447
423 448
424 424
424 425
424 447
424 448
425 425
425 426
425 448
425 449
425 450
425 472
426 426
426 427
426 449
426 450
426 451
427 427
427 428
427 450
427 451
427 452
428 428
428 429
428 451
428 452
428 453
429 429
429 430
429 452
429 453
429 454
430 430
430 431
430 453
430 454
430 455
431 431
431 432
431 454
431 455
431 456
432 432
432 433
432 455
432 456
432 457
433 433
433 434
433 456
433 457
433 458
434 434
434 435
434 457
434 458
434 459
435 435
435 436
435 458
435 459
435 460
436 436
436 437
436 459
436 460
436 461
437 437
437 438
437 460
437 461
437 462
438 438
438 439
438 461
438 462
438 463
439 439
439 440
439 462
439 463
439 464
440 440
440 441
440 463
440 464
440 465
441 441
441 442
441 464
441 465
441 466
442 442
442 443
442 465
442 466
442 467
443 443
443 444
443 466
443 467
443 468
444 444
444 445
444 467
444 468
444 469
445 445
445 446
445 468
445 469
445 470
446 446
446 447
446 469
446 470
446 471
447 447
447 448
447 470
447 471
447 472
448 448
448 449
448 471
448 472
449 449
449 450
449 472
449 473
449 474
449 496
450 450
450 451
450 473
450 474
450 475
451 451
451 452
451 474
451 475
451 476
452 452
452 453
452 475
452 476
452 477
453 453
453 454
453 476
453 477
453 478
454 454
454 455
454 477
454 478
454 479
455 455
455 456
455 478
455 479
455 480
456 456
456 457
456 479
456 480
456 481
457 457
457 458
457 480
457 481
457 482
458 458
458 459
458 481
458 482
458 483
459 459
459 460
459 482
459 483
459 484
460 460
460 461
460 483
460 484
460 485
461 461
461 462
461 484
461 485
461 486
462 462
462 463
462 485
462 486
462 487
463 463
463 464
463 486
463 487
463 488
464 464
464 465
464 487
464 488
464 489
465 465
465 466
465 488
465 489
465 490
466 466
466 467
466 489
466 490
466 491
467 467
467 468
467 490
467 491
467 492
468 468
468 469
468 491
468 492
468 493
469 469
469 470
469 492
469 493
469 494
470 470
470 471
470 493
470 494
470 495
471 471
471 472
471 494
471 495
471 496
472 472
472 473
472 495
472 496
473 473
473 474
473 496
473 497
473 498
473 514
474 474
474 475
474 497
474 498
474 499
475 475
475 476
475 498
475 499
475 500
476 476
476 477
476 499
476 500
476 501
477 477
477 478
477 500
477 501
478 478
478 479
478 501
478 792
478 793
478 794
479 479
479 480
479 791
479 792
479 793
480 480
480 481
480 502
480 790
480 791
480 792
481 481
481 482
481 502
481 503
482 482
482 483
482 502
482 503
482 504
483 483
483 484
483 503
483 504
483 505
484 484
484 485
484 504
484 505
484 506
485 485
485 486
485 505
485 506
485 507
486 486
486 487
486 506
486 507
486 508
487 487
487 488
487 507
487 508
487 509
488 488
488 489
488 508
488 509
488 510
489 489
489 490
489 509
489 510
490 490
490 491
490 510
490 803
490 804
490 805
491 491
491 492
491 802
491 803
491 804
492 492
492 493
492 511
492 801
492 802
492 803
493 493
493 494
493 511
493 512
494 494
494 495
494 511
494 512
494 513
495 495
495 496
495 512
495 513
495 514
496 496
496 497
496 513
496 514
497 497
497 498
497 514
497 1058
498 498
498 499
498 796
498 797
498 1058
498 1059
498 1061
499 499
499 500
499 795
499 796
499 797
499 1059
499 1061
499 1063
500 500
500 501
500 794
500 795
500 796
500 1061
500 1063
500 1065
501 501
501 793
501 794
501 795
501 1063
501 1065
502 502
502 503
502 789
502 790
502 791
502 1067
502 1069
503 503
503 504
503 788
503 789
503 790
503 1067
503 1069
503 1071
504 504
504 505
504 787
504 788
504 789
504 1069
504 1071
504 1074
505 505
505 506
505 787
505 788
505 1071
505 1073
505 1074
506 506
506 507
506 1073
507 507
507 508
507 807
507 808
507 1070
507 1072
507 1073
508 508
508 509
508 806
508 807
508 808
508 1068
508 1070
508 1072
509 509
509 510
509 805
509 806
509 807
509 1066
509 1068
509 1070
510 510
510 804
510 805
510 806
510 1066
510 1068
511 511
511 512
511 800
511 801
511 802
511 1062
511 1064
512 512
512 513
512 799
512 800
512 801
512 1060
512 1062
512 1064
513 513
513 514
513 798
513 799
513 800
513 1057
513 1060
513 1062
514 514
514 798
514 799
514 1057
514 1058
514 1060
515 515
515 516
515 533
515 534
516 516
516 517
516 533
516 534
516 535
517 517
517 518
517 534
517 535
517 536
517 993
517 994
518 518
518 519
518 535
518 536
518 537
519 519
519 520
519 536
519 537
519 538
520 520
520 521
520 537
520 538
520 539
521 521
521 522
521 538
521 539
521 540
521 1031
521 1034
522 522
522 523
522 539
522 540
522 541
523 523
523 524
523 540
523 541
523 542
524 524
524 525
524 541
524 542
524 543
524 1093
524 1214
525 525
525 526
525 542
525 543
525 544
526 526
526 527
526 543
526 544
526 545
527 527
527 528
527 544
527 545
527 546
527 1125
527 1128
528 528
528 529
528 545
528 546
528 547
529 529
529 530
529 546
529 547
529 548
530 530
530 531
530 547
530 548
530 549
530 1183
530 1184
531 531
531 532
531 548
531 549
531 550
532 532
532 549
532 550
533 533
533 534
533 551
533 552
534 534
534 535
534 551
534 552
534 553
535 535
535 536
535 552
535 553
535 554
535 993
535 994
535 995
536 536
536 537
536 553
536 554
536 555
537 537
537 538
537 554
537 555
537 556
538 538
538 539
538 555
538 556
538 557
539 539
539 540
539 556
539 557
539 558
539 1031
539 1034
539 1037
540 540
540 541
540 557
540 558
540 559
541 541
541 542
541 558
541 559
541 560
542 542
542 543
542 559
542 560
542 561
542 1093
542 1094
542 1214
543 543
543 544
543 560
543 561
543 562
544 544
544 545
544 561
544 562
544 563
545 545
545 546
545 562
545 563
545 564
545 1125
545 1128
545 1131
546 546
546 547
546 563
546 564
546 565
547 547
547 548
547 564
547 565
547 566
548 548
548 549
548 565
548 566
548 567
548 1183
548 1184
548 1185
549 549
549 550
549 566
549 567
549 568
550 550
550 567
550 568
551 551
551 552
551 569
551 570
552 552
552 553
552 569
552 570
552 571
553 553
553 554
553 570
553 571
553 572
553 994
553 995
553 996
554 554
554 555
554 571
554 572
554 573
555 555
555 556
555 572
555 573
555 574
556 556
556 557
556 573
556 574
556 575
557 557
557 558
557 574
557 575
557 576
557 1034
557 1037
557 1040
558 558
558 559
558 575
558 576
558 577
559 559
559 560
559 576
559 577
559 578
560 560
560 561
560 577
560 578
560 579
560 1093
560 1094
560 1095
561 561
561 562
561 578
561 579
561 580
562 562
562 563
562 579
562 580
562 581
563 563
563 564
563 580
563 581
563 582
563 1128
563 1131
563 1134
564 564
564 565
564 581
564 582
564 583
565 565
565 566
565 582
565 583
565 584
566 566
566 567
566 583
566 584
566 585
566 1184
566 1185
566 1186
567 567
567 568
567 584
567 585
567 586
568 568
568 585
568 586
569 569
569 570
569 587
569 588
570 570
570 571
570 587
570 588
570 589
571 571
571 572
571 588
571 589
571 590
571 995
571 996
571 997
572 572
572 573
572 589
572 590
572 591
573 573
573 574
573 590
573 591
573 592
574 574
574 575
574 591
574 592
574 593
575 575
575 576
575 592
575 593
575 594
575 1037
575 1040
575 1043
576 576
576 577
576 593
576 594
576 595
577 577
577 578
577 594
577 595
577 596
578 578
578 579
578 595
578 596
578 597
578 1094
578 1095
578 1096
579 579
579 580
579 596
579 597
579 598
580 580
580 581
580 597
580 598
580 599
581 581
581 582
581 598
581 599
581 600
581 1131
581 1134
581 1137
582 582
582 583
582 599
582 600
582 601
583 583
583 584
583 600
583 601
583 602
584 584
584 585
584 601
584 602
584 603
584 1185
584 1186
584 1187
585 585
585 586
585 602
585 603
585 604
586 586
586 603
586 604
587 587
587 588
587 605
587 606
588 588
588 589
588 605
588 606
588 607
589 589
589 590
589 606
589 607
589 608
589 996
589 997
589 998
590 590
590 591
590 607
590 608
590 609
591 591
591 592
591 608
591 609
591 610
592 592
592 593
592 609
592 610
592 611
593 593
593 594
593 610
593 611
593 612
593 1040
593 1043
593 1046
594 594
594 595
594 611
594 612
594 613
595 595
595 596
595 612
595 613
595 614
596 596
596 597
596 613
596 614
596 615
596 1095
596 1096
596 1097
597 597
597 598
597 614
597 615
597 616
598 598
598 599
598 615
598 616
598 617
599 599
599 600
599 616
599 617
599 618
599 1134
599 1137
599 1140
600 600
600 601
600 617
600 618
600 619
601 601
601 602
601 618
601 619
601 620
602 602
602 603
602 619
602 620
602 621
602 1186
602 1187
602 1188
603 603
603 604
603 620
603 621
603 622
604 604
604 621
604 622
605 605
605 606
605 623
605 624
606 606
606 607
606 623
606 624
607 607
607 608
607 997
607 998
608 608
608 609
608 625
608 626
609 609
609 610
609 625
609 626
609 627
610 610
610 611
610 626
610 627
610 628
611 611
611 612
611 627
611 628
611 629
611 1043
611 1046
611 1049
612 612
612 613
612 628
612 629
612 630
613 613
613 614
613 629
613 630
613 631
614 614
614 615
614 630
614 631
614 632
614 1096
614 1097
614 1098
615 615
615 616
615 631
615 632
615 633
616 616
616 617
616 632
616 633
616 634
617 617
617 618
617 633
617 634
617 635
617 1137
617 1140
617 1143
618 618
618 619
618 634
618 635
618 636
619 619
619 620
619 635
619 636
619 637
620 620
620 621
620 636
620 637
620 638
620 1187
620 1188
620 1189
621 621
621 622
621 637
621 638
621 639
622 622
622 638
622 639
623 623
623 624
623 640
623 641
624 624
624 640
624 641
625 625
625 626
625 643
625 644
626 626
626 627
626 643
626 644
626 645
627 627
627 628
627 644
627 645
627 646
628 628
628 629
628 645
628 646
628 647
628 1046
628 1049
628 1052
629 629
629 630
629 646
629 647
629 648
630 630
630 631
630 647
630 648
630 649
631 631
631 632
631 648
631 649
631 650
631 1097
631 1098
631 1099
632 632
632 633
632 649
632 650
632 651
633 633
633 634
633 650
633 651
633 652
634 634
634 635
634 651
634 652
634 653
634 1140
634 1143
634 1146
635 635
635 636
635 652
635 653
635 654
636 636
636 637
636 653
636 654
636 655
637 637
637 638
637 654
637 655
637 656
637 1188
637 1189
637 1190
638 638
638 639
638 655
638 656
638 657
639 639
639 656
639 657
640 640
640 641
640 664
640 665
641 641
641 642
641 658
641 664
641 665
642 642
642 643
642 658
642 659
642 1000
643 643
643 644
643 658
643 659
643 660
644 644
644 645
644 659
644 660
644 669
645 645
645 646
645 660
645 669
645 670
646 646
646 647
646 669
646 670
646 671
646 1049
646 1052
646 1055
647 647
647 648
647 661
647 670
647 671
648 648
648 649
648 661
648 662
648 671
649 649
649 650
649 662
649 663
649 1098
649 1099
649 1100
650 650
650 651
650 663
650 675
651 651
651 652
651 675
651 687
651 688
652 652
652 653
652 687
652 688
652 689
652 1143
652 1146
652 1149
653 653
653 654
653 688
653 689
653 690
654 654
654 655
654 689
654 690
654 691
655 655
655 656
655 690
655 691
655 692
655 1189
655 1190
655 1191
656 656
656 657
656 691
656 692
656 693
657 657
657 692
657 693
658 658
658 659
658 665
658 666
658 667
658 1000
658 1003
659 659
659 660
659 666
659 667
659 668
660 660
660 667
660 668
660 669
661 661
661 662
661 671
661 672
661 673
662 662
662 663
662 672
662 673
662 674
663 663
663 673
663 674
663 675
663 1099
663 1100
663 1101
664 664
664 665
664 680
664 681
665 665
665 666
665 676
665 680
665 681
666 666
666 667
666 676
666 677
666 1003
667 667
667 668
667 676
667 677
668 668
668 669
668 677
668 772
668 773
668 774
669 669
669 670
669 773
669 774
669 775
670 670
670 671
670 774
670 775
670 776
670 1052
670 1055
670 1058
671 671
671 672
671 775
671 776
671 777
672 672
672 673
672 678
672 776
672 777
672 778
673 673
673 674
673 678
673 679
674 674
674 675
674 678
674 679
674 1100
674 1101
674 1102
675 675
675 679
675 686
675 687
676 676
676 677
676 681
676 682
676 683
676 1003
676 1005
677 677
677 682
677 683
677 771
677 772
677 773
678 678
678 679
678 684
678 685
678 777
678 778
678 779
679 679
679 684
679 685
679 686
679 1101
679 1102
679 1103
680 680
680 681
680 698
680 699
681 681
681 682
681 694
681 698
681 699
682 682
682 683
682 694
682 695
682 1005
683 683
683 694
683 695
683 770
683 771
683 772
684 684
684 685
684 696
684 697
684 778
684 779
684 780
685 685
685 686
685 696
685 697
685 1102
685 1103
685 1104
686 686
686 687
686 697
686 704
687 687
687 688
687 704
687 716
687 717
688 688
688 689
688 716
688 717
688 718
688 1146
688 1149
688 1152
689 689
689 690
689 717
689 718
689 719
690 690
690 691
690 718
690 719
690 720
691 691
691 692
691 719
691 720
691 721
691 1190
691 1191
691 1192
692 692
692 693
692 720
692 721
692 722
693 693
693 721
693 722
694 694
694 695
694 699
694 700
694 701
694 1005
694 1008
695 695
695 700
695 701
695 769
695 770
695 771
696 696
696 697
696 702
696 703
696 779
696 780
696 781
697 697
697 702
697 703
697 704
697 1103
697 1104
697 1105
698 698
698 699
698 709
698 710
699 699
699 700
699 705
699 709
699 710
700 700
700 701
700 705
700 706
700 1008
701 701
701 705
701 706
701 768
701 769
701 770
702 702
702 703
702 707
702 708
702 780
702 781
702 782
703 703
703 704
703 707
703 708
703 1104
703 1105
703 1106
704 704
704 708
704 715
704 716
705 705
705 706
705 710
705 711
705 712
705 1008
705 1010
706 706
706 711
706 712
706 767
706 768
706 769
707 707
707 708
707 713
707 714
707 781
707 782
707 783
708 708
708 713
708 714
708 715
708 1105
708 1106
708 1107
709 709
709 710
709 727
709 728
710 710
710 711
710 723
710 727
710 728
711 711
711 712
711 723
711 724
711 1010
712 712
712 723
712 724
712 766
712 767
712 768
713 713
713 714
713 725
713 726
713 782
713 783
713 784
714 714
714 715
714 725
714 726
714 1106
714 1107
714 1108
715 715
715 716
715 726
715 735
716 716
716 717
716 735
716 756
716 757
717 717
717 718
717 756
717 757
717 758
717 1149
717 1152
717 1155
718 718
718 719
718 757
718 758
718 759
719 719
719 720
719 758
719 759
719 760
720 720
720 721
720 759
720 760
720 761
720 1191
720 1192
720 1193
721 721
721 722
721 760
721 761
721 762
722 722
722 761
722 762
723 723
723 724
723 728
723 729
723 730
723 1010
723 1013
724 724
724 729
724 730
724 731
724 765
724 766
724 767
725 725
725 726
725 732
725 733
725 734
725 783
725 784
725 785
726 726
726 733
726 734
726 735
726 1107
726 1108
726 1109
727 727
727 728
727 745
727 746
728 728
728 729
728 736
728 745
728 746
729 729
729 730
729 736
729 737
729 1013
730 730
730 731
730 736
730 737
730 738
731 731
731 737
731 738
731 739
731 764
731 765
731 766
732 732
732 733
732 741
732 742
732 743
732 784
732 785
732 786
733 733
733 734
733 742
733 743
733 744
734 734
734 735
734 743
734 744
734 1108
734 1109
734 1110
735 735
735 744
735 755
735 756
736 736
736 737
736 746
736 747
736 748
736 1013
736 1015
737 737
737 738
737 747
737 748
737 749
738 738
738 739
738 748
738 749
738 750
739 739
739 740
739 749
739 750
739 751
739 763
739 764
739 765
740 740
740 741
740 750
740 751
740 752
740 763
740 764
740 786
740 1073
740 1076
740 1079
741 741
741 742
741 751
741 752
741 753
741 763
741 785
741 786
742 742
742 743
742 752
742 753
743 743
743 744
743 753
743 754
744 744
744 754
744 755
744 1109
744 1110
744 1111
745 745
745 746
745 831
745 832
746 746
746 747
746 831
746 832
746 833
747 747
747 748
747 832
747 833
747 834
747 1015
748 748
748 749
748 833
748 834
748 835
749 749
749 750
749 834
749 835
749 836
750 750
750 751
750 835
750 836
750 837
751 751
751 752
751 836
751 837
751 838
751 1076
751 1079
751 1082
752 752
752 753
752 837
752 838
752 839
753 753
753 754
753 838
753 839
753 840
754 754
754 755
754 839
754 840
754 841
754 1110
754 1111
754 1112
755 755
755 756
755 840
755 841
755 842
756 756
756 757
756 841
756 842
756 843
757 757
757 758
757 842
757 843
757 844
757 1152
757 1155
757 1158
758 758
758 759
758 843
758 844
758 845
759 759
759 760
759 844
759 845
759 846
760 760
760 761
760 845
760 846
760 847
760 1192
760 1193
760 1195
761 761
761 762
761 846
761 847
761 848
762 762
762 847
762 848
763 763
763 764
763 786
763 1073
763 1076
764 764
764 765
764 787
764 788
765 765
765 766
765 787
765 788
765 789
766 766
766 767
766 788
766 789
766 790
767 767
767 768
767 789
767 790
767 791
768 768
768 769
768 790
768 791
768 792
769 769
769 770
769 791
769 792
769 793
770 770
770 771
770 792
770 793
770 794
771 771
771 772
771 793
771 794
771 795
772 772
772 773
772 794
772 795
772 796
773 773
773 774
773 795
773 796
773 797
774 774
774 775
774 796
774 797
775 775
775 776
775 1055
775 1058
776 776
776 777
776 798
776 799
777 777
777 778
777 798
777 799
777 800
778 778
778 779
778 799
778 800
778 801
779 779
779 780
779 800
779 801
779 802
780 780
780 781
780 801
780 802
780 803
781 781
781 782
781 802
781 803
781 804
782 782
782 783
782 803
782 804
782 805
783 783
783 784
783 804
783 805
783 806
784 784
784 785
784 805
784 806
784 807
785 785
785 786
785 806
785 807
785 808
786 786
786 807
786 808
787 787
787 788
787 809
787 810
788 788
788 789
788 809
788 810
788 811
789 789
789 790
789 810
789 811
789 812
790 790
790 791
790 811
790 812
790 813
791 791
791 792
791 812
791 813
791 814
792 792
792 793
792 813
792 814
792 815
793 793
793 794
793 814
793 815
793 816
794 794
794 795
794 815
794 816
794 817
795 795
795 796
795 816
795 817
795 818
796 796
796 797
796 817
796 818
796 819
797 797
797 818
797 819
798 798
798 799
798 820
798 821
799 799
799 800
799 820
799 821
799 822
800 800
800 801
800 821
800 822
800 823
801 801
801 802
801 822
801 823
801 824
802 802
802 803
802 823
802 824
802 825
803 803
803 804
803 824
803 825
803 826
804 804
804 805
804 825
804 826
804 827
805 805
805 806
805 826
805 827
805 828
806 806
806 807
806 827
806 828
806 829
807 807
807 808
807 828
807 829
807 830
808 808
808 829
808 830
809 809
809 810
810 810
810 811
811 811
811 812
812 812
812 813
813 813
813 814
814 814
814 815
815 815
815 816
816 816
816 817
817 817
817 818
818 818
818 819
819 819
820 820
820 821
821 821
821 822
822 822
822 823
823 823
823 824
824 824
824 825
825 825
825 826
826 826
826 827
827 827
827 828
828 828
828 829
829 829
829 830
830 830
831 831
831 832
831 849
831 850
832 832
832 833
832 849
832 850
832 851
833 833
833 834
833 850
833 851
833 852
833 1015
833 1018
833 1021
834 834
834 835
834 851
834 852
834 853
835 835
835 836
835 852
835 853
835 854
836 836
836 837
836 853
836 854
836 855
837 837
837 838
837 854
837 855
837 879
837 1079
837 1082
837 1085
838 838
838 839
838 855
838 874
838 879
839 839
839 840
839 870
839 874
840 840
840 841
840 870
840 871
840 1111
840 1112
840 1113
841 841
841 842
841 870
841 871
842 842
842 843
842 871
842 909
842 910
843 843
843 844
843 909
843 910
843 911
843 1155
843 1158
843 1161
844 844
844 845
844 872
844 910
844 911
845 845
845 846
845 872
845 873
846 846
846 847
846 872
846 873
846 1193
846 1195
847 847
847 848
847 873
847 877
847 878
848 848
848 877
848 878
849 849
849 850
849 856
849 857
850 850
850 851
850 856
850 857
850 858
851 851
851 852
851 857
851 858
851 859
851 1018
851 1021
851 1024
852 852
852 853
852 858
852 859
852 860
853 853
853 854
853 859
853 860
853 861
854 854
854 855
854 860
854 861
854 862
855 855
855 861
855 862
855 879
855 885
855 1082
855 1085
855 1088
856 856
856 857
856 863
856 864
857 857
857 858
857 863
857 864
857 865
858 858
858 859
858 864
858 865
858 866
858 1021
858 1024
858 1027
859 859
859 860
859 865
859 866
859 867
860 860
860 861
860 866
860 867
860 868
861 861
861 862
861 867
861 868
861 869
862 862
862 868
862 869
862 885
862 891
862 898
862 1085
862 1088
862 1091
863 863
863 864
864 864
864 865
865 865
865 866
865 1024
865 1027
866 866
866 867
867 867
867 868
868 868
868 869
869 869
869 898
869 900
869 1088
869 1091
870 870
870 871
870 874
870 875
870 1112
870 1113
870 1114
871 871
871 875
871 908
871 909
872 872
872 873
872 876
872 911
872 912
873 873
873 876
873 877
873 912
873 1195
873 1197
874 874
874 875
874 879
874 880
874 881
875 875
875 881
875 908
875 1113
875 1114
875 1115
876 876
876 877
876 882
876 912
876 1197
877 877
877 878
877 882
877 883
877 884
878 878
878 883
878 884
879 879
879 880
879 885
879 886
880 880
880 881
880 886
880 907
880 927
881 881
881 907
881 908
881 1114
881 1115
881 1116
882 882
882 883
882 912
882 913
882 1197
882 1200
883 883
883 884
883 888
883 889
883 913
883 914
884 884
884 888
884 889
885 885
885 886
885 887
885 891
885 892
886 886
886 887
886 907
886 926
886 927
887 887
887 892
887 925
887 926
887 927
888 888
888 889
888 890
888 913
888 914
888 915
889 889
889 890
889 895
889 897
890 890
890 895
890 914
890 915
890 916
891 891
891 892
891 893
891 894
891 898
892 892
892 893
892 924
892 925
892 926
893 893
893 894
893 923
893 924
893 925
894 894
894 898
894 899
894 923
894 924
895 895
895 896
895 897
895 915
895 916
895 917
896 896
896 897
896 902
896 916
896 917
896 918
897 897
897 902
897 904
898 898
898 899
898 900
899 899
899 900
899 901
900 900
900 901
901 901
902 902
902 903
902 904
902 917
902 918
903 903
903 904
903 905
903 906
904 904
904 905
904 906
905 905
905 906
906 906
907 907
907 908
907 927
907 945
907 946
907 947
907 1115
907 1116
907 1117
908 908
908 909
908 946
908 947
908 948
909 909
909 910
909 928
909 947
909 948
910 910
910 911
910 928
910 929
910 948
910 1158
910 1161
910 1164
911 911
911 912
911 928
911 929
911 930
912 912
912 913
912 929
912 930
912 931
913 913
913 914
913 930
913 931
913 932
913 1200
914 914
914 915
914 931
914 932
914 933
914 1200
914 1203
915 915
915 916
915 932
915 933
915 934
915 1203
915 1204
916 916
916 917
916 933
916 934
916 935
916 1203
916 1204
917 917
917 918
917 934
917 935
917 936
917 1204
917 1207
918 918
918 935
918 936
918 1207
919 919
919 920
919 938
920 920
920 938
920 958
920 991
921 921
921 922
921 939
921 959
921 960
922 922
922 939
923 923
923 924
923 941
923 942
923 1120
923 1121
924 924
924 925
924 941
924 942
924 943
924 1119
924 1120
924 1121
925 925
925 926
925 942
925 943
925 944
925 1118
925 1119
925 1120
926 926
926 927
926 943
926 944
926 945
926 1117
926 1118
926 1119
927 927
927 944
927 945
927 946
927 1116
927 1117
927 1118
928 928
928 929
928 948
928 1161
928 1164
929 929
929 930
929 949
929 950
930 930
930 931
930 949
930 950
930 951
931 931
931 932
931 950
931 951
931 952
932 932
932 933
932 951
932 952
932 953
933 933
933 934
933 952
933 953
933 954
934 934
934 935
934 953
934 954
934 955
935 935
935 936
935 954
935 955
935 956
936 936
936 937
936 955
936 956
936 957
937 937
937 938
937 956
937 957
937 958
938 938
938 957
938 958
938 991
939 939
939 940
939 959
939 960
939 961
940 940
940 941
940 960
940 961
940 962
941 941
941 942
941 961
941 962
941 963
942 942
942 943
942 962
942 963
942 964
943 943
943 944
943 963
943 964
943 965
944 944
944 945
944 964
944 965
944 966
945 945
945 946
945 965
945 966
945 967
946 946
946 947
946 966
946 967
946 968
947 947
947 948
947 967
947 968
947 969
948 948
948 968
948 969
949 949
949 950
949 970
949 971
950 950
950 951
950 970
950 971
950 972
951 951
951 952
951 971
951 972
951 973
952 952
952 953
952 972
952 973
952 974
953 953
953 954
953 973
953 974
953 975
954 954
954 955
954 974
954 975
954 976
955 955
955 956
955 975
955 976
955 977
956 956
956 957
956 976
956 977
956 978
957 957
957 958
957 977
957 978
957 979
958 958
958 978
958 979
958 991
958 992
959 959
959 960
959 980
959 981
960 960
960 961
960 980
960 981
960 982
961 961
961 962
961 981
961 982
961 983
962 962
962 963
962 982
962 983
962 984
963 963
963 964
963 983
963 984
963 985
964 964
964 965
964 984
964 985
964 986
965 965
965 966
965 985
965 986
965 987
966 966
966 967
966 986
966 987
966 988
967 967
967 968
967 987
967 988
967 989
968 968
968 969
968 988
968 989
968 990
969 969
969 989
969 990
970 970
970 971
971 971
971 972
972 972
972 973
973 973
973 974
974 974
974 975
975 975
975 976
976 976
976 977
977 977
977 978
978 978
978 979
979 979
979 991
979 992
980 980
980 981
981 981
981 982
982 982
982 983
983 983
983 984
984 984
984 985
985 985
985 986
986 986
986 987
987 987
987 988
988 988
988 989
989 989
989 990
990 990
991 991
991 992
992 992
993 993
993 994
994 994
994 995
995 995
995 996
996 996
996 997
997 997
997 998
998 998
998 999
999 999
999 1001
999 1002
1000 1000
1000 1001
1000 1003
1000 1004
1001 1001
1001 1002
1001 1003
1001 1004
1002 1002
1002 1004
1002 1007
1002 1241
1003 1003
1003 1004
1003 1005
1003 1006
1004 1004
1004 1005
1004 1006
1004 1241
1005 1005
1005 1006
1005 1008
1005 1009
1006 1006
1006 1007
1006 1008
1006 1009
1006 1241
1007 1007
1007 1009
1007 1012
1007 1215
1007 1216
1007 1241
1008 1008
1008 1009
1008 1010
1008 1011
1009 1009
1009 1010
1009 1011
1009 1012
1010 1010
1010 1011
1010 1013
1010 1014
1011 1011
1011 1012
1011 1013
1011 1014
1012 1012
1012 1014
1012 1016
1012 1017
1012 1215
1012 1216
1013 1013
1013 1014
1013 1015
1013 1016
1014 1014
1014 1015
1014 1016
1015 1015
1015 1016
1015 1018
1016 1016
1016 1017
1016 1018
1016 1019
1017 1017
1017 1019
1017 1020
1018 1018
1018 1019
1018 1021
1018 1022
1019 1019
1019 1020
1019 1021
1019 1022
1019 1023
1020 1020
1020 1022
1020 1023
1021 1021
1021 1022
1021 1024
1021 1025
1022 1022
1022 1023
1022 1024
1022 1025
1022 1026
1023 1023
1023 1025
1023 1026
1024 1024
1024 1025
1024 1027
1024 1028
1025 1025
1025 1026
1025 1027
1025 1028
1025 1029
1026 1026
1026 1028
1026 1029
1027 1027
1027 1028
1028 1028
1028 1029
1029 1029
1030 1030
1030 1031
1030 1033
1030 1034
1031 1031
1031 1032
1031 1033
1031 1034
1031 1035
1032 1032
1032 1034
1032 1035
1033 1033
1033 1034
1033 1036
1033 1037
1034 1034
1034 1035
1034 1036
1034 1037
1034 1038
1035 1035
1035 1037
1035 1038
1036 1036
1036 1037
1036 1039
1036 1040
1037 1037
1037 1038
1037 1039
1037 1040
1037 1041
1038 1038
1038 1040
1038 1041
1039 1039
1039 1040
1039 1042
1039 1043
1040 1040
1040 1041
1040 1042
1040 1043
1040 1044
1041 1041
1041 1043
1041 1044
1042 1042
1042 1043
1042 1045
1042 1046
1043 1043
1043 1044
1043 1045
1043 1046
1043 1047
1044 1044
1044 1046
1044 1047
1045 1045
1045 1046
1045 1048
1045 1049
1046 1046
1046 1047
1046 1048
1046 1049
1046 1050
1047 1047
1047 1049
1047 1050
1048 1048
1048 1049
1048 1051
1048 1052
1049 1049
1049 1050
1049 1051
1049 1052
1049 1053
1050 1050
1050 1052
1050 1053
1051 1051
1051 1052
1051 1054
1051 1055
1052 1052
1052 1053
1052 1054
1052 1055
1052 1056
1053 1053
1053 1055
1053 1056
1054 1054
1054 1055
1054 1057
1054 1058
1055 1055
1055 1056
1055 1057
1055 1058
1055 1059
1056 1056
1056 1058
1056 1059
1057 1057
1057 1058
1057 1060
1058 1058
1058 1059
1059 1059
1059 1061
1060 1060
1060 1062
1061 1061
1061 1063
1062 1062
1062 1064
1063 1063
1063 1065
1064 1064
1065 1065
1066 1066
1066 1068
1067 1067
1067 1069
1068 1068
1068 1070
1069 1069
1069 1071
1070 1070
1070 1072
1071 1071
1071 1074
1072 1072
1072 1073
1072 1075
1072 1076
1073 1073
1073 1074
1073 1075
1073 1076
1073 1077
1074 1074
1074 1076
1074 1077
1075 1075
1075 1076
1075 1078
1075 1079
1076 1076
1076 1077
1076 1078
1076 1079
1076 1080
1077 1077
1077 1079
1077 1080
1078 1078
1078 1079
1078 1081
1078 1082
1079 1079
1079 1080
1079 1081
1079 1082
1079 1083
1080 1080
1080 1082
1080 1083
1081 1081
1081 1082
1081 1084
1081 1085
1082 1082
1082 1083
1082 1084
1082 1085
1082 1086
1083 1083
1083 1085
1083 1086
1084 1084
1084 1085
1084 1087
1084 1088
1085 1085
1085 1086
1085 1087
1085 1088
1085 1089
1086 1086
1086 1088
1086 1089
1087 1087
1087 1088
1087 1090
1087 1091
1088 1088
1088 1089
1088 1090
1088 1091
1088 1092
1089 1089
1089 1091
1089 1092
1090 1090
1090 1091
1091 1091
1091 1092
1092 1092
1093 1093
1093 1094
1093 1214
1094 1094
1094 1095
1095 1095
1095 1096
1096 1096
1096 1097
1097 1097
1097 1098
1098 1098
1098 1099
1099 1099
1099 1100
1100 1100
1100 1101
1101 1101
1101 1102
1102 1102
1102 1103
1103 1103
1103 1104
1104 1104
1104 1105
1105 1105
1105 1106
1106 1106
1106 1107
1107 1107
1107 1108
1108 1108
1108 1109
1109 1109
1109 1110
1110 1110
1110 1111
1111 1111
1111 1112
1112 1112
1112 1113
1113 1113
1113 1114
1114 1114
1114 1115
1115 1115
1115 1116
1116 1116
1116 1117
1117 1117
1117 1118
1118 1118
1118 1119
1119 1119
1119 1120
1120 1120
1120 1121
1121 1121
1121 1122
1122 1122
1122 1123
1123 1123
1124 1124
1124 1125
1124 1127
1124 1128
1125 1125
1125 1126
1125 1127
1125 1128
1125 1129
1126 1126
1126 1128
1126 1129
1127 1127
1127 1128
1127 1130
1127 1131
1128 1128
1128 1129
1128 1130
1128 1131
1128 1132
1129 1129
1129 1131
1129 1132
1130 1130
1130 1131
1130 1133
1130 1134
1131 1131
1131 1132
1131 1133
1131 1134
1131 1135
1132 1132
1132 1134
1132 1135
1133 1133
1133 1134
1133 1136
1133 1137
1134 1134
1134 1135
1134 1136
1134 1137
1134 1138
1135 1135
1135 1137
1135 1138
1136 1136
1136 1137
1136 1139
1136 1140
1137 1137
1137 1138
1137 1139
1137 1140
1137 1141
1138 1138
1138 1140
1138 1141
1139 1139
1139 1140
1139 1142
1139 1143
1140 1140
1140 1141
1140 1142
1140 1143
1140 1144
1141 1141
1141 1143
1141 1144
1142 1142
1142 1143
1142 1145
1142 1146
1143 1143
1143 1144
1143 1145
1143 1146
1143 1147
1144 1144
1144 1146
1144 1147
1145 1145
1145 1146
1145 1148
1145 1149
1146 1146
1146 1147
1146 1148
1146 1149
1146 1150
1147 1147
1147 1149
1147 1150
1148 1148
1148 1149
1148 1151
1148 1152
1149 1149
1149 1150
1149 1151
1149 1152
1149 1153
1150 1150
1150 1152
1150 1153
1151 1151
1151 1152
1151 1154
1151 1155
1152 1152
1152 1153
1152 1154
1152 1155
1152 1156
1153 1153
1153 1155
1153 1156
1154 1154
1154 1155
1154 1157
1154 1158
1155 1155
1155 1156
1155 1157
1155 1158
1155 1159
1156 1156
1156 1158
1156 1159
1157 1157
1157 1158
1157 1160
1157 1161
1158 1158
1158 1159
1158 1160
1158 1161
1158 1162
1159 1159
1159 1161
1159 1162
1160 1160
1160 1161
1160 1163
1160 1164
1161 1161
1161 1162
1161 1163
1161 1164
1161 1165
1162 1162
1162 1164
1162 1165
1163 1163
1163 1164
1164 1164
1164 1165
1165 1165
1166 1166
1166 1168
1167 1167
1167 1169
1168 1168
1168 1170
1169 1169
1169 1171
1170 1170
1170 1172
1171 1171
1171 1173
1172 1172
1173 1173
1174 1174
1174 1176
1175 1175
1175 1177
1176 1176
1176 1178
1177 1177
1177 1179
1178 1178
1178 1181
1179 1179
1179 1182
1180 1180
1180 1181
1180 1182
1181 1181
1182 1182
1183 1183
1183 1184
1184 1184
1184 1185
1185 1185
1185 1186
1186 1186
1186 1187
1187 1187
1187 1188
1188 1188
1188 1189
1189 1189
1189 1190
1190 1190
1190 1191
1191 1191
1191 1192
1192 1192
1192 1193
1192 1194
1192 1232
1193 1193
1193 1194
1193 1195
1193 1196
1194 1194
1194 1195
1194 1196
1194 1232
1194 1233
1195 1195
1195 1196
1195 1197
1195 1198
1196 1196
1196 1197
1196 1198
1196 1199
1196 1233
1197 1197
1197 1198
1197 1200
1197 1201
1198 1198
1198 1199
1198 1200
1198 1201
1198 1202
1199 1199
1199 1201
1199 1202
1200 1200
1200 1201
1200 1203
1201 1201
1201 1202
1201 1203
1201 1205
1201 1206
1202 1202
1202 1205
1202 1206
1203 1203
1203 1204
1203 1205
1204 1204
1204 1205
1204 1207
1205 1205
1205 1206
1205 1207
1205 1212
1205 1213
1206 1206
1206 1212
1206 1213
1207 1207
1207 1210
1207 1212
1208 1208
1208 1209
1208 1210
1208 1211
1208 1212
1208 1213
1209 1209
1209 1212
1209 1213
1210 1210
1210 1211
1210 1212
1211 1211
1211 1212
1212 1212
1212 1213
1213 1213
1214 1214
1215 1215
1215 1216
1215 1217
1215 1218
1215 1219
1215 1220
1215 1222
1215 1241
1216 1216
1216 1217
1216 1218
1216 1219
1216 1220
1216 1221
1216 1241
1217 1217
1217 1218
1217 1220
1217 1221
1217 1222
1218 1218
1218 1219
1218 1221
1218 1222
1219 1219
1219 1220
1219 1221
1219 1222
1219 1223
1219 1224
1219 1226
1220 1220
1220 1221
1220 1222
1220 1223
1220 1224
1220 1225
1221 1221
1221 1222
1221 1224
1221 1225
1221 1226
1222 1222
1222 1223
1222 1225
1222 1226
1223 1223
1223 1224
1223 1225
1223 1226
1223 1227
1223 1228
1223 1231
1224 1224
1224 1225
1224 1226
1224 1227
1224 1228
1225 1225
1225 1226
1225 1229
1225 1230
1226 1226
1226 1229
1226 1230
1226 1231
1227 1227
1227 1228
1227 1231
1227 1232
1227 1233
1227 1236
1228 1228
1228 1232
1228 1233
1229 1229
1229 1230
1229 1234
1229 1235
1229 1237
1229 1238
1230 1230
1230 1231
1230 1234
1230 1235
1230 1236
1231 1231
1231 1232
1231 1235
1231 1236
1232 1232
1232 1233
1232 1236
1233 1233
1234 1234
1234 1235
1234 1237
1234 1238
1235 1235
1235 1236
1236 1236
1237 1237
1237 1238
1237 1239
1237 1240
1238 1238
1238 1239
1238 1240
1239 1239
1239 1240
1240 1240
1241 1241
