0 0
0 1
0 4
0 5
0 16
0 17
0 21
1 1
1 2
1 4
1 5
1 6
1 16
1 17
1 19
2 2
2 3
2 5
2 6
2 7
2 17
2 19
2 20
3 3
3 6
3 7
3 19
3 20
3 24
4 4
4 5
4 8
4 9
4 16
4 21
4 22
4 25
5 5
5 6
5 8
5 9
5 10
5 21
5 22
5 23
5 26
6 6
6 7
6 9
6 10
6 11
6 22
6 23
6 24
6 27
7 7
7 10
7 11
7 20
7 23
7 24
7 28
8 8
8 9
8 12
8 13
8 21
8 25
8 26
8 30
9 9
9 10
9 12
9 13
9 14
9 22
9 25
9 26
9 27
10 10
10 11
10 13
10 14
10 15
10 23
10 26
10 27
10 28
11 11
11 14
11 15
11 24
11 27
11 28
11 33
12 12
12 13
12 25
12 30
13 13
13 14
14 14
14 15
15 15
15 28
15 33
16 16
16 17
16 21
16 35
16 37
17 17
17 18
17 19
17 22
17 35
17 47
17 48
17 49
18 18
18 19
18 48
18 49
18 50
19 19
19 20
19 23
19 36
19 49
19 50
19 51
20 20
20 24
20 36
20 38
21 21
21 22
21 25
21 35
21 37
21 39
22 22
22 23
22 26
22 37
22 52
22 53
22 54
22 58
22 340
23 23
23 24
23 27
23 38
23 54
23 55
23 56
23 59
23 340
24 24
24 28
24 36
24 38
24 40
25 25
25 26
25 30
25 37
25 39
25 41
26 26
26 27
26 31
26 39
26 53
26 57
26 58
26 59
27 27
27 28
27 32
27 40
27 55
27 58
27 59
27 60
28 28
28 33
28 38
28 40
28 42
29 29
29 30
30 30
30 31
30 39
30 41
31 31
31 32
32 32
32 33
33 33
33 34
33 40
33 42
34 34
35 35
35 37
35 43
35 45
35 47
35 48
36 36
36 38
36 44
36 46
36 50
36 51
37 37
37 39
37 43
37 45
37 52
37 53
37 57
38 38
38 40
38 44
38 46
38 55
38 56
38 60
39 39
39 41
39 52
39 57
39 58
39 61
40 40
40 42
40 56
40 59
40 60
40 64
41 41
41 57
41 61
42 42
42 60
42 64
43 43
43 45
43 47
43 52
44 44
44 46
44 51
44 56
45 45
45 47
45 52
46 46
46 51
46 56
47 47
47 48
47 52
47 53
47 65
47 66
47 74
47 78
48 48
48 49
48 52
48 53
48 54
48 65
48 66
49 49
49 50
49 53
49 54
49 55
49 66
49 67
49 70
49 71
50 50
50 51
50 54
50 55
50 56
50 67
50 68
51 51
51 55
51 56
51 67
51 68
51 77
51 81
52 52
52 53
52 57
52 58
52 69
52 70
52 74
52 78
52 82
53 53
53 54
53 57
53 58
53 69
53 70
53 340
53 341
54 54
54 55
54 58
54 59
54 66
54 67
54 70
54 71
54 79
54 80
54 95
54 340
54 341
55 55
55 56
55 59
55 60
55 71
55 72
55 340
55 341
56 56
56 59
56 60
56 71
56 72
56 77
56 81
56 85
57 57
57 58
57 61
57 62
57 78
57 82
57 83
57 88
58 58
58 59
58 61
58 62
58 82
58 83
58 84
58 89
58 341
58 342
59 59
59 60
59 63
59 64
59 83
59 84
59 85
59 90
59 341
59 342
60 60
60 63
60 64
60 81
60 84
60 85
60 91
61 61
61 62
61 82
61 88
62 62
62 83
62 89
62 341
62 342
63 63
63 64
63 84
63 90
63 341
63 342
64 64
64 85
64 91
65 65
65 66
65 74
65 75
66 66
66 70
66 74
66 75
66 79
67 67
67 68
67 71
67 76
67 77
67 80
68 68
68 76
68 77
69 69
69 70
69 78
69 79
70 70
70 71
70 75
70 78
70 79
70 95
71 71
71 72
71 76
71 80
71 81
71 95
72 72
72 80
72 81
73 73
73 345
74 74
74 75
74 78
74 96
74 97
74 101
75 75
75 79
75 94
75 95
75 96
75 97
75 98
76 76
76 77
76 80
76 94
76 95
76 98
76 99
76 100
77 77
77 81
77 99
77 100
77 105
78 78
78 79
78 82
78 96
78 101
78 102
78 106
79 79
79 80
79 83
79 94
79 95
79 101
79 102
79 103
80 80
80 81
80 84
80 94
80 95
80 103
80 104
80 105
81 81
81 85
81 100
81 104
81 105
81 109
82 82
82 83
82 88
82 101
82 106
82 107
82 112
83 83
83 84
83 89
83 106
83 107
83 108
83 113
84 84
84 85
84 90
84 107
84 108
84 109
84 114
85 85
85 91
85 105
85 108
85 109
85 115
86 86
86 87
87 87
87 88
88 88
88 89
88 106
88 112
89 89
89 90
89 107
89 113
90 90
90 91
90 108
90 114
91 91
91 92
91 109
91 115
92 92
92 93
93 93
94 94
94 95
94 97
94 98
94 99
95 95
95 102
95 103
95 104
96 96
96 97
96 101
96 119
96 120
96 124
97 97
97 98
97 102
97 119
97 120
97 125
98 98
98 99
98 102
98 104
99 99
99 100
99 104
99 122
99 123
99 126
100 100
100 105
100 122
100 123
100 127
101 101
101 102
101 106
101 119
101 124
101 125
101 128
102 102
102 103
102 104
102 107
102 108
102 120
102 124
102 125
102 126
102 129
103 103
103 104
104 104
104 105
104 107
104 108
104 122
104 125
104 126
104 127
104 130
105 105
105 109
105 123
105 126
105 127
105 131
106 106
106 107
106 112
106 124
106 128
106 129
106 134
107 107
107 108
107 113
107 125
107 128
107 129
107 130
107 135
108 108
108 109
108 114
108 126
108 129
108 130
108 131
108 136
109 109
109 115
109 127
109 130
109 131
109 137
110 110
110 111
111 111
111 112
112 112
112 113
112 128
112 134
113 113
113 114
113 129
113 135
114 114
114 115
114 130
114 136
115 115
115 116
115 131
115 137
116 116
116 117
117 117
118 118
118 344
119 119
119 120
119 124
119 140
119 141
119 145
120 120
120 121
120 125
120 140
120 141
120 142
121 121
121 122
121 125
121 126
121 141
121 142
121 143
122 122
122 123
122 126
122 142
122 143
122 144
123 123
123 127
123 143
123 144
123 148
124 124
124 125
124 128
124 140
124 145
124 146
124 149
125 125
125 126
125 129
125 130
125 145
125 146
125 147
125 150
126 126
126 127
126 129
126 130
126 146
126 147
126 148
126 151
127 127
127 131
127 144
127 147
127 148
127 152
128 128
128 129
128 134
128 145
128 149
128 150
128 154
129 129
129 130
129 135
129 146
129 149
129 150
129 151
129 155
130 130
130 131
130 136
130 147
130 150
130 151
130 152
130 156
131 131
131 137
131 148
131 151
131 152
131 157
132 132
132 133
133 133
133 134
134 134
134 135
134 149
134 154
135 135
135 136
135 150
135 155
136 136
136 137
136 151
136 156
137 137
137 138
137 152
137 157
138 138
138 139
139 139
140 140
140 141
140 145
140 159
140 160
140 163
141 141
141 142
141 143
141 146
141 159
141 160
141 161
142 142
142 143
143 143
143 144
143 147
143 160
143 161
143 162
144 144
144 148
144 161
144 162
144 168
145 145
145 146
145 149
145 159
145 163
145 165
145 169
146 146
146 147
146 150
146 163
146 165
146 166
146 171
147 147
147 148
147 151
147 165
147 166
147 168
147 172
148 148
148 152
148 162
148 166
148 168
148 174
149 149
149 150
149 154
149 163
149 169
149 171
149 175
150 150
150 151
150 155
150 156
150 165
150 169
150 171
150 172
150 177
151 151
151 152
151 155
151 156
151 166
151 171
151 172
151 174
151 178
152 152
152 157
152 168
152 172
152 174
152 180
153 153
153 154
154 154
154 155
154 169
154 175
155 155
155 156
155 171
155 177
156 156
156 157
156 172
156 178
157 157
157 158
157 174
157 180
158 158
159 159
159 160
159 163
159 181
159 182
159 185
160 160
160 161
160 164
160 181
160 182
160 183
161 161
161 162
161 167
161 182
161 183
161 184
162 162
162 168
162 183
162 184
162 190
163 163
163 164
163 165
163 169
163 170
163 181
163 185
163 187
163 191
164 164
164 165
164 169
164 170
164 171
165 165
165 166
165 170
165 171
165 172
165 185
165 187
165 188
165 193
166 166
166 167
166 168
166 171
166 172
166 173
166 187
166 188
166 190
166 194
167 167
167 168
167 172
167 173
167 174
168 168
168 173
168 174
168 184
168 188
168 190
168 196
169 169
169 170
169 171
169 175
169 176
169 185
169 191
169 193
169 197
170 170
170 171
170 175
170 176
170 177
171 171
171 172
171 176
171 177
171 187
171 191
171 193
171 194
171 199
172 172
172 173
172 174
172 178
172 179
172 188
172 193
172 194
172 196
172 200
173 173
173 174
173 178
173 179
173 180
174 174
174 179
174 180
174 190
174 194
174 196
174 202
175 175
175 176
175 191
175 197
176 176
176 177
177 177
177 193
177 199
178 178
178 179
178 194
178 200
179 179
179 180
180 180
180 196
180 202
181 181
181 182
181 185
181 203
181 204
181 208
182 182
182 183
182 186
182 203
182 204
182 206
183 183
183 184
183 189
183 204
183 206
183 207
184 184
184 190
184 206
184 207
184 214
185 185
185 186
185 187
185 191
185 203
185 208
185 210
185 215
186 186
186 187
186 192
187 187
187 188
187 193
187 208
187 210
187 212
187 217
188 188
188 189
188 190
188 194
188 210
188 212
188 214
188 218
189 189
189 190
189 195
190 190
190 196
190 207
190 212
190 214
190 220
191 191
191 192
191 193
191 197
191 208
191 215
191 217
191 222
192 192
192 193
192 198
193 193
193 194
193 199
193 210
193 215
193 217
193 218
193 224
194 194
194 195
194 196
194 200
194 212
194 217
194 218
194 220
194 225
195 195
195 196
195 201
196 196
196 202
196 214
196 218
196 220
196 227
197 197
197 215
197 222
198 198
199 199
199 217
199 224
200 200
200 218
200 225
201 201
202 202
202 220
202 227
203 203
203 204
203 208
203 229
203 230
203 241
203 246
204 204
204 205
204 206
204 210
204 229
204 230
204 231
205 205
205 206
205 230
205 231
205 232
206 206
206 207
206 212
206 231
206 232
206 233
207 207
207 214
207 232
207 233
207 245
207 251
208 208
208 209
208 210
208 215
208 216
208 234
208 235
208 241
208 246
208 252
209 209
209 210
209 215
209 216
209 234
209 235
209 236
209 247
209 253
210 210
210 211
210 212
210 217
210 235
210 236
210 237
211 211
211 212
211 236
211 237
211 238
212 212
212 213
212 214
212 218
212 237
212 238
212 239
213 213
213 214
213 219
213 220
213 238
213 239
213 240
213 250
213 256
214 214
214 219
214 220
214 239
214 240
214 245
214 251
214 257
215 215
215 216
215 217
215 222
215 223
215 246
215 252
215 259
216 216
216 217
216 222
216 223
216 224
216 247
216 253
216 254
216 260
217 217
217 218
217 223
217 224
217 225
217 236
217 237
217 248
217 253
217 254
217 261
218 218
218 219
218 220
218 224
218 225
218 226
218 237
218 238
218 249
218 255
218 256
218 262
219 219
219 220
219 225
219 226
219 227
219 250
219 255
219 256
219 263
220 220
220 226
220 227
220 251
220 257
220 264
221 221
221 222
222 222
222 223
222 252
222 259
223 223
223 224
224 224
224 225
224 254
224 261
225 225
225 226
225 255
225 262
226 226
226 227
227 227
227 228
227 257
227 264
228 228
229 229
229 230
229 241
229 242
230 230
230 231
230 236
230 237
230 241
230 242
230 248
231 231
231 232
231 236
231 237
231 238
232 232
232 233
232 237
232 238
232 244
232 245
232 249
233 233
233 244
233 245
234 234
234 235
234 246
234 247
235 235
235 236
235 246
235 247
235 248
236 236
236 237
236 242
236 247
236 248
237 237
237 238
238 238
238 239
238 244
238 249
238 250
239 239
239 240
239 249
239 250
239 251
240 240
240 250
240 251
241 241
241 242
241 246
241 248
241 266
241 267
241 278
241 283
242 242
242 246
242 248
242 266
242 267
242 273
243 243
243 343
244 244
244 245
244 249
244 251
244 269
244 270
244 275
245 245
245 249
245 251
245 269
245 270
245 282
245 289
246 246
246 247
246 248
246 252
246 253
246 271
246 272
246 278
246 283
246 290
247 247
247 248
247 252
247 253
247 254
247 271
247 272
247 273
247 284
247 291
248 248
248 253
248 254
248 267
248 272
248 273
248 292
249 249
249 250
249 251
249 255
249 256
249 269
249 275
249 276
249 293
250 250
250 251
250 255
250 256
250 257
250 275
250 276
250 277
250 288
250 294
251 251
251 256
251 257
251 276
251 277
251 282
251 289
251 295
252 252
252 253
252 259
252 260
252 283
252 290
252 297
253 253
253 254
253 259
253 260
253 261
253 284
253 291
253 292
254 254
254 260
254 261
254 291
254 292
254 299
255 255
255 256
255 262
255 263
255 293
255 294
255 300
256 256
256 257
256 262
256 263
256 264
256 288
256 293
256 294
257 257
257 263
257 264
257 289
257 295
257 302
258 258
258 259
259 259
259 260
259 290
259 297
260 260
260 261
260 291
261 261
261 292
261 299
262 262
262 263
262 293
262 300
263 263
263 264
263 294
264 264
264 265
264 295
264 302
265 265
266 266
266 267
266 278
266 279
267 267
267 268
267 273
267 274
267 278
267 279
267 280
268 268
268 269
268 273
268 274
268 275
268 279
268 280
268 281
269 269
269 270
269 274
269 275
269 280
269 281
269 282
270 270
270 281
270 282
271 271
271 272
271 283
271 284
272 272
272 273
272 283
272 284
272 285
273 273
273 274
273 284
273 285
273 286
273 292
274 274
274 275
274 285
274 286
274 287
274 292
274 293
275 275
275 276
275 286
275 287
275 288
275 293
276 276
276 277
276 287
276 288
276 289
277 277
277 288
277 289
278 278
278 279
278 283
278 304
278 305
278 308
279 279
279 280
279 281
279 285
279 304
279 305
279 306
280 280
280 281
281 281
281 282
281 287
281 305
281 306
281 307
282 282
282 289
282 306
282 307
282 311
283 283
283 284
283 285
283 290
283 291
283 304
283 308
283 309
283 312
284 284
284 285
284 290
284 291
285 285
285 286
285 287
285 292
285 308
285 309
285 310
285 313
286 286
286 287
287 287
287 288
287 289
287 293
287 309
287 310
287 311
288 288
288 289
288 294
288 295
289 289
289 294
289 295
289 307
289 310
289 311
289 315
290 290
290 291
290 292
290 297
290 298
290 308
290 312
290 313
290 318
291 291
291 292
291 297
291 298
291 299
292 292
292 293
292 298
292 299
292 300
292 309
292 312
292 313
292 314
293 293
293 294
293 295
293 299
293 300
293 301
293 313
293 314
293 315
294 294
294 295
294 300
294 301
294 302
295 295
295 301
295 302
295 311
295 314
295 315
295 321
296 296
296 297
297 297
297 298
297 312
297 318
298 298
298 299
299 299
299 300
299 319
300 300
300 301
300 320
301 301
301 302
302 302
302 303
302 315
302 321
303 303
304 304
304 305
304 308
304 324
305 305
305 306
305 309
305 325
306 306
306 307
306 310
306 326
307 307
307 311
307 327
308 308
308 309
308 312
308 328
309 309
309 310
309 313
309 329
310 310
310 311
310 314
310 330
311 311
311 315
311 331
312 312
312 313
312 318
312 332
313 313
313 314
313 319
313 333
314 314
314 315
314 320
314 334
315 315
315 321
315 335
316 316
316 317
317 317
317 318
318 318
318 319
319 319
319 320
319 337
320 320
320 321
320 338
321 321
321 322
322 322
322 323
323 323
324 324
324 328
325 325
325 329
326 326
326 330
327 327
327 331
328 328
328 332
329 329
329 333
330 330
330 334
331 331
331 335
332 332
332 336
333 333
333 337
334 334
334 338
335 335
335 339
336 336
337 337
338 338
339 339
340 340
341 341
341 342
342 342
343 343
344 344
345 345
