0 0
0 1
0 12
0 13
0 70
0 81
1 1
1 2
1 12
1 13
1 14
2 2
2 3
2 13
2 14
2 15
3 3
3 4
3 14
3 15
3 16
4 4
4 5
4 15
4 16
4 17
5 5
5 6
5 16
5 17
5 18
6 6
6 7
6 17
6 18
6 19
7 7
7 8
7 18
7 19
7 20
8 8
8 9
8 19
8 20
8 21
9 9
9 10
9 20
9 21
9 22
10 10
10 11
10 21
10 22
11 11
11 22
11 67
12 12
12 13
12 23
12 24
12 70
12 81
12 91
13 13
13 14
13 23
13 24
13 25
14 14
14 15
14 24
14 25
14 26
15 15
15 16
15 25
15 26
15 27
16 16
16 17
16 26
16 27
16 28
17 17
17 18
17 27
17 28
17 29
18 18
18 19
18 28
18 29
18 30
19 19
19 20
19 29
19 30
19 31
20 20
20 21
20 30
20 31
20 32
21 21
21 22
21 31
21 32
21 33
22 22
22 32
22 33
22 66
22 67
23 23
23 24
23 69
23 81
23 91
23 148
23 154
24 24
24 25
24 34
24 69
24 154
25 25
25 26
25 34
25 35
25 154
26 26
26 27
26 34
26 35
26 36
27 27
27 28
27 35
27 36
27 37
28 28
28 29
28 36
28 37
28 38
29 29
29 30
29 37
29 38
29 39
30 30
30 31
30 38
30 39
30 40
31 31
31 32
31 39
31 40
31 41
32 32
32 33
32 40
32 41
32 42
33 33
33 41
33 42
33 65
33 66
33 67
34 34
34 35
34 144
34 154
34 171
34 189
34 190
34 228
35 35
35 36
35 43
35 190
35 228
36 36
36 37
36 43
36 44
36 228
37 37
37 38
37 43
37 44
37 45
38 38
38 39
38 44
38 45
38 46
39 39
39 40
39 45
39 46
39 47
40 40
40 41
40 46
40 47
40 48
41 41
41 42
41 47
41 48
41 49
42 42
42 48
42 49
42 64
42 65
42 66
43 43
43 44
43 50
43 227
43 228
43 245
43 263
43 264
43 448
43 449
44 44
44 45
44 50
44 52
44 449
45 45
45 46
45 50
45 52
45 53
46 46
46 47
46 52
46 53
46 54
47 47
47 48
47 53
47 54
47 55
48 48
48 49
48 54
48 55
48 63
49 49
49 55
49 63
49 64
49 65
50 50
50 51
50 52
50 57
50 410
50 411
50 448
50 449
50 466
50 502
51 51
51 52
51 56
51 57
51 270
51 410
51 411
51 429
51 430
51 448
51 449
51 466
51 484
51 485
51 502
52 52
52 53
52 57
52 58
53 53
53 54
53 57
53 58
53 59
54 54
54 55
54 58
54 59
54 60
55 55
55 59
55 60
55 61
55 62
55 63
56 56
56 57
56 265
56 270
56 466
56 484
56 485
57 57
57 58
57 265
57 266
57 270
58 58
58 59
58 265
58 266
58 267
59 59
59 60
59 266
59 267
59 268
60 60
60 61
60 62
60 267
60 268
60 269
61 61
61 62
61 268
61 269
61 337
62 62
62 63
62 269
62 337
63 63
63 64
64 64
64 65
65 65
65 66
66 66
66 67
67 67
68 68
68 69
68 135
68 136
68 137
68 138
68 139
68 140
68 141
68 142
68 143
68 144
68 145
68 146
68 147
68 148
68 149
68 150
68 151
68 152
68 153
68 154
69 69
69 91
69 135
69 136
69 137
69 138
69 139
69 140
69 141
69 142
69 143
69 144
69 145
69 146
69 147
69 148
69 149
69 150
69 151
69 152
69 153
69 154
70 70
70 71
70 81
70 82
71 71
71 72
71 81
71 82
71 83
72 72
72 73
72 82
72 83
72 84
73 73
73 74
73 83
73 84
73 85
74 74
74 75
74 84
74 85
74 86
75 75
75 76
75 85
75 86
75 87
76 76
76 77
76 86
76 87
76 88
77 77
77 78
77 87
77 88
77 89
78 78
78 79
78 88
78 89
78 90
79 79
79 80
79 89
79 90
80 80
80 90
80 134
81 81
81 82
81 91
81 92
82 82
82 83
82 91
82 92
82 93
83 83
83 84
83 92
83 93
83 94
84 84
84 85
84 93
84 94
84 95
85 85
85 86
85 94
85 95
85 96
86 86
86 87
86 95
86 96
86 97
87 87
87 88
87 96
87 97
87 98
88 88
88 89
88 97
88 98
88 99
89 89
89 90
89 98
89 99
89 100
90 90
90 99
90 100
90 133
90 134
91 91
91 92
91 101
91 148
92 92
92 93
92 101
92 102
92 148
93 93
93 94
93 101
93 102
93 103
94 94
94 95
94 102
94 103
94 104
95 95
95 96
95 103
95 104
95 105
96 96
96 97
96 104
96 105
96 106
97 97
97 98
97 105
97 106
97 107
98 98
98 99
98 106
98 107
98 108
99 99
99 100
99 107
99 108
99 109
100 100
100 108
100 109
100 132
100 133
100 134
101 101
101 102
101 138
101 148
101 160
101 161
101 177
101 178
101 179
101 216
102 102
102 103
102 110
102 178
102 216
103 103
103 104
103 110
103 111
103 216
104 104
104 105
104 110
104 111
104 112
105 105
105 106
105 111
105 112
105 113
106 106
106 107
106 112
106 113
106 114
107 107
107 108
107 113
107 114
107 115
108 108
108 109
108 114
108 115
108 116
109 109
109 115
109 116
109 131
109 132
109 133
110 110
110 111
110 117
110 215
110 216
110 217
110 234
110 235
110 251
110 252
110 253
110 436
110 437
110 438
111 111
111 112
111 117
111 119
111 437
112 112
112 113
112 117
112 119
112 120
113 113
113 114
113 119
113 120
113 121
114 114
114 115
114 120
114 121
114 122
115 115
115 116
115 121
115 122
115 130
116 116
116 122
116 130
116 131
116 132
117 117
117 118
117 119
117 124
117 398
117 399
117 400
117 436
117 437
117 438
117 455
117 456
117 491
117 492
118 118
118 119
118 123
118 124
118 331
118 351
118 398
118 399
118 400
118 417
118 418
118 419
118 436
118 437
118 438
118 455
118 456
118 472
118 473
118 474
118 491
118 492
119 119
119 120
119 124
119 125
120 120
120 121
120 124
120 125
120 126
121 121
121 122
121 125
121 126
121 127
122 122
122 126
122 127
122 128
122 129
122 130
123 123
123 124
123 331
123 332
123 351
123 352
123 455
123 456
123 472
123 473
123 474
124 124
124 125
124 331
124 332
124 333
124 351
124 352
124 353
125 125
125 126
125 332
125 333
125 334
125 352
125 353
125 354
126 126
126 127
126 333
126 334
126 335
126 353
126 354
126 355
127 127
127 128
127 129
127 334
127 335
127 336
127 354
127 355
127 356
128 128
128 129
128 335
128 336
128 347
128 348
128 355
128 356
129 129
129 130
129 336
129 347
129 348
129 356
130 130
130 131
131 131
131 132
132 132
132 133
133 133
133 134
134 134
135 135
135 136
135 145
135 146
135 155
135 156
135 172
135 173
135 191
135 192
136 136
136 137
136 145
136 146
136 147
136 156
136 157
136 158
136 173
136 174
136 175
136 192
136 193
136 194
137 137
137 138
137 146
137 147
137 148
137 158
137 159
137 160
137 175
137 176
137 177
137 194
137 195
137 196
138 138
138 139
138 147
138 148
138 149
138 160
138 161
138 177
138 178
138 179
138 196
138 197
138 198
139 139
139 140
139 148
139 149
139 150
139 161
139 162
139 163
139 179
139 180
139 181
139 198
139 199
139 200
140 140
140 141
140 149
140 150
140 151
140 163
140 164
140 165
140 181
140 182
140 183
140 200
140 201
140 202
141 141
141 142
141 150
141 151
141 152
141 165
141 166
141 167
141 183
141 184
141 185
141 202
141 203
141 204
142 142
142 143
142 151
142 152
142 153
142 167
142 168
142 169
142 185
142 186
142 187
142 204
142 205
142 206
143 143
143 144
143 152
143 153
143 154
143 169
143 170
143 171
143 187
143 188
143 189
143 206
143 207
143 208
144 144
144 153
144 154
144 171
144 189
144 190
144 208
144 209
145 145
145 146
145 155
145 156
145 172
145 173
146 146
146 147
146 156
146 157
146 158
146 173
146 174
146 175
147 147
147 148
147 158
147 159
147 160
147 175
147 176
147 177
148 148
148 149
148 160
148 161
148 177
148 178
148 179
149 149
149 150
149 161
149 162
149 163
149 179
149 180
149 181
150 150
150 151
150 163
150 164
150 165
150 181
150 182
150 183
151 151
151 152
151 165
151 166
151 167
151 183
151 184
151 185
152 152
152 153
152 167
152 168
152 169
152 185
152 186
152 187
153 153
153 154
153 169
153 170
153 171
153 187
153 188
153 189
154 154
154 171
154 189
154 190
155 155
155 156
155 172
155 173
156 156
156 157
156 172
156 173
156 174
157 157
157 158
157 173
157 174
157 175
158 158
158 159
158 174
158 175
158 176
159 159
159 160
159 175
159 176
159 177
160 160
160 176
160 177
160 178
161 161
161 162
161 178
161 179
161 180
162 162
162 163
162 179
162 180
162 181
163 163
163 164
163 180
163 181
163 182
164 164
164 165
164 181
164 182
164 183
165 165
165 166
165 182
165 183
165 184
166 166
166 167
166 183
166 184
166 185
167 167
167 168
167 184
167 185
167 186
168 168
168 169
168 185
168 186
168 187
169 169
169 170
169 186
169 187
169 188
170 170
170 171
170 187
170 188
170 189
171 171
171 188
171 189
171 190
172 172
172 173
172 191
172 192
172 210
172 211
172 246
172 247
173 173
173 174
173 191
173 192
173 193
173 210
173 211
173 212
173 246
173 247
173 248
174 174
174 175
174 192
174 193
174 194
174 211
174 212
174 213
174 247
174 248
174 249
175 175
175 176
175 193
175 194
175 195
175 212
175 213
175 214
175 248
175 249
175 250
176 176
176 177
176 194
176 195
176 196
176 213
176 214
176 215
176 249
176 250
176 251
177 177
177 178
177 195
177 196
177 197
177 214
177 215
177 216
177 250
177 251
177 252
178 178
178 179
178 196
178 197
178 198
178 215
178 216
178 217
178 251
178 252
178 253
179 179
179 180
179 197
179 198
179 199
179 216
179 217
179 218
179 252
179 253
179 254
180 180
180 181
180 198
180 199
180 200
180 217
180 218
180 219
180 253
180 254
180 255
181 181
181 182
181 199
181 200
181 201
181 218
181 219
181 220
181 254
181 255
181 256
182 182
182 183
182 200
182 201
182 202
182 219
182 220
182 221
182 255
182 256
182 257
183 183
183 184
183 201
183 202
183 203
183 220
183 221
183 222
183 256
183 257
183 258
184 184
184 185
184 202
184 203
184 204
184 221
184 222
184 223
184 257
184 258
184 259
185 185
185 186
185 203
185 204
185 205
185 222
185 223
185 224
185 258
185 259
185 260
186 186
186 187
186 204
186 205
186 206
186 223
186 224
186 225
186 259
186 260
186 261
187 187
187 188
187 205
187 206
187 207
187 224
187 225
187 226
187 260
187 261
187 262
188 188
188 189
188 206
188 207
188 208
188 225
188 226
188 227
188 261
188 262
188 263
189 189
189 190
189 207
189 208
189 209
189 226
189 227
189 228
189 262
189 263
189 264
190 190
190 208
190 209
190 227
190 228
190 263
190 264
191 191
191 192
191 210
191 211
191 246
191 247
192 192
192 193
192 210
192 211
192 212
192 246
192 247
192 248
193 193
193 194
193 211
193 212
193 213
193 247
193 248
193 249
194 194
194 195
194 212
194 213
194 214
194 248
194 249
194 250
195 195
195 196
195 213
195 214
195 215
195 249
195 250
195 251
196 196
196 197
196 214
196 215
196 216
196 250
196 251
196 252
197 197
197 198
197 215
197 216
197 217
197 251
197 252
197 253
198 198
198 199
198 216
198 217
198 218
198 252
198 253
198 254
199 199
199 200
199 217
199 218
199 219
199 253
199 254
199 255
200 200
200 201
200 218
200 219
200 220
200 254
200 255
200 256
201 201
201 202
201 219
201 220
201 221
201 255
201 256
201 257
202 202
202 203
202 220
202 221
202 222
202 256
202 257
202 258
203 203
203 204
203 221
203 222
203 223
203 257
203 258
203 259
204 204
204 205
204 222
204 223
204 224
204 258
204 259
204 260
205 205
205 206
205 223
205 224
205 225
205 259
205 260
205 261
206 206
206 207
206 224
206 225
206 226
206 260
206 261
206 262
207 207
207 208
207 225
207 226
207 227
207 261
207 262
207 263
208 208
208 209
208 226
208 227
208 228
208 262
208 263
208 264
209 209
209 227
209 228
209 263
209 264
210 210
210 211
210 229
210 230
210 246
210 247
210 431
210 432
211 211
211 212
211 229
211 230
211 231
211 246
211 247
211 248
211 431
211 432
211 433
212 212
212 213
212 230
212 231
212 232
212 247
212 248
212 249
212 432
212 433
212 434
213 213
213 214
213 231
213 232
213 233
213 248
213 249
213 250
213 433
213 434
213 435
214 214
214 215
214 232
214 233
214 234
214 249
214 250
214 251
214 434
214 435
214 436
215 215
215 216
215 233
215 234
215 250
215 251
215 252
215 435
215 436
215 437
216 216
216 217
216 234
216 235
216 251
216 252
216 253
216 436
216 437
216 438
217 217
217 218
217 235
217 236
217 252
217 253
217 254
217 437
217 438
217 439
218 218
218 219
218 235
218 236
218 237
218 253
218 254
218 255
218 438
218 439
218 440
219 219
219 220
219 236
219 237
219 238
219 254
219 255
219 256
219 439
219 440
219 441
220 220
220 221
220 237
220 238
220 239
220 255
220 256
220 257
220 440
220 441
220 442
221 221
221 222
221 238
221 239
221 240
221 256
221 257
221 258
221 441
221 442
221 443
222 222
222 223
222 239
222 240
222 241
222 257
222 258
222 259
222 442
222 443
222 444
223 223
223 224
223 240
223 241
223 242
223 258
223 259
223 260
223 443
223 444
223 445
224 224
224 225
224 241
224 242
224 243
224 259
224 260
224 261
224 444
224 445
224 446
225 225
225 226
225 242
225 243
225 244
225 260
225 261
225 262
225 445
225 446
225 447
226 226
226 227
226 243
226 244
226 245
226 261
226 262
226 263
226 446
226 447
226 448
227 227
227 228
227 244
227 245
227 262
227 263
227 264
227 447
227 448
227 449
228 228
228 245
228 263
228 264
228 448
228 449
229 229
229 230
229 246
229 247
229 431
229 432
230 230
230 231
230 246
230 247
230 248
230 431
230 432
230 433
231 231
231 232
231 247
231 248
231 249
231 432
231 433
231 434
232 232
232 233
232 248
232 249
232 250
232 433
232 434
232 435
233 233
233 234
233 249
233 250
233 251
233 434
233 435
233 436
234 234
234 250
234 251
234 252
234 435
234 436
234 437
235 235
235 236
235 252
235 253
235 254
235 437
235 438
235 439
236 236
236 237
236 253
236 254
236 255
236 438
236 439
236 440
237 237
237 238
237 254
237 255
237 256
237 439
237 440
237 441
238 238
238 239
238 255
238 256
238 257
238 440
238 441
238 442
239 239
239 240
239 256
239 257
239 258
239 441
239 442
239 443
240 240
240 241
240 257
240 258
240 259
240 442
240 443
240 444
241 241
241 242
241 258
241 259
241 260
241 443
241 444
241 445
242 242
242 243
242 259
242 260
242 261
242 444
242 445
242 446
243 243
243 244
243 260
243 261
243 262
243 445
243 446
243 447
244 244
244 245
244 261
244 262
244 263
244 446
244 447
244 448
245 245
245 262
245 263
245 264
245 447
245 448
245 449
246 246
246 247
246 393
246 394
246 431
246 432
247 247
247 248
247 393
247 394
247 395
247 431
247 432
247 433
248 248
248 249
248 394
248 395
248 396
248 432
248 433
248 434
249 249
249 250
249 395
249 396
249 397
249 433
249 434
249 435
250 250
250 251
250 396
250 397
250 398
250 434
250 435
250 436
251 251
251 252
251 397
251 398
251 399
251 435
251 436
251 437
252 252
252 253
252 398
252 399
252 400
252 436
252 437
252 438
253 253
253 254
253 399
253 400
253 401
253 437
253 438
253 439
254 254
254 255
254 400
254 401
254 402
254 438
254 439
254 440
255 255
255 256
255 401
255 402
255 403
255 439
255 440
255 441
256 256
256 257
256 402
256 403
256 404
256 440
256 441
256 442
257 257
257 258
257 403
257 404
257 405
257 441
257 442
257 443
258 258
258 259
258 404
258 405
258 406
258 442
258 443
258 444
259 259
259 260
259 405
259 406
259 407
259 443
259 444
259 445
260 260
260 261
260 406
260 407
260 408
260 444
260 445
260 446
261 261
261 262
261 407
261 408
261 409
261 445
261 446
261 447
262 262
262 263
262 408
262 409
262 410
262 446
262 447
262 448
263 263
263 264
263 409
263 410
263 411
263 447
263 448
263 449
264 264
264 410
264 411
264 448
264 449
265 265
265 266
265 270
265 271
265 272
265 274
266 266
266 267
266 272
266 274
266 276
267 267
267 268
267 274
267 276
267 277
268 268
268 269
268 276
268 277
268 278
269 269
269 277
269 278
269 337
269 338
270 270
270 271
270 272
270 465
270 466
270 483
270 484
270 485
271 271
271 272
271 279
271 280
271 464
271 465
271 466
271 482
271 483
271 484
272 272
272 273
272 274
272 279
272 280
273 273
273 274
273 280
274 274
274 275
274 276
275 275
275 276
275 281
276 276
276 277
276 281
276 282
277 277
277 278
277 281
277 282
277 283
278 278
278 282
278 283
278 337
278 338
278 339
279 279
279 280
279 284
279 285
279 463
279 464
279 465
279 481
279 482
279 483
280 280
280 284
280 285
280 286
281 281
281 282
281 288
281 289
281 290
282 282
282 283
282 289
282 290
282 291
283 283
283 290
283 291
283 338
283 339
283 340
284 284
284 285
284 292
284 293
284 462
284 463
284 464
284 480
284 481
284 482
285 285
285 286
285 287
285 292
285 293
285 294
286 286
286 287
287 287
287 288
287 289
287 293
287 294
287 295
288 288
288 289
289 289
289 290
289 294
289 295
289 296
290 290
290 291
290 295
290 296
290 297
291 291
291 296
291 297
291 339
291 340
291 341
292 292
292 293
292 298
292 299
292 461
292 462
292 463
292 479
292 480
292 481
293 293
293 294
293 298
293 299
293 300
294 294
294 295
294 299
294 300
294 301
295 295
295 296
295 300
295 301
295 302
296 296
296 297
296 301
296 302
296 303
297 297
297 302
297 303
297 340
297 341
297 342
298 298
298 299
298 304
298 305
298 460
298 461
298 462
298 478
298 479
298 480
299 299
299 300
299 304
299 305
299 306
300 300
300 301
300 305
300 306
300 307
301 301
301 302
301 306
301 307
301 308
302 302
302 303
302 307
302 308
302 309
303 303
303 308
303 309
303 341
303 342
303 343
304 304
304 305
304 310
304 311
304 459
304 460
304 461
304 477
304 478
304 479
305 305
305 306
305 310
305 311
305 313
306 306
306 307
306 311
306 313
306 315
307 307
307 308
307 313
307 315
307 316
308 308
308 309
308 315
308 316
308 317
309 309
309 316
309 317
309 342
309 343
309 344
310 310
310 311
310 318
310 319
310 458
310 459
310 460
310 476
310 477
310 478
311 311
311 312
311 313
311 318
311 319
312 312
312 313
312 319
313 313
313 314
313 315
314 314
314 315
314 320
315 315
315 316
315 320
315 321
316 316
316 317
316 320
316 321
316 322
317 317
317 321
317 322
317 343
317 344
317 345
318 318
318 319
318 323
318 324
318 457
318 458
318 459
318 475
318 476
318 477
319 319
319 323
319 324
319 325
320 320
320 321
320 327
320 328
320 329
321 321
321 322
321 328
321 329
321 330
322 322
322 329
322 330
322 344
322 345
322 346
323 323
323 324
323 331
323 332
323 456
323 457
323 458
323 474
323 475
323 476
324 324
324 325
324 326
324 331
324 332
324 333
325 325
325 326
326 326
326 327
326 328
326 332
326 333
326 334
327 327
327 328
328 328
328 329
328 333
328 334
328 335
329 329
329 330
329 334
329 335
329 336
330 330
330 335
330 336
330 345
330 346
330 347
331 331
331 332
331 456
331 457
331 473
331 474
331 475
332 332
332 333
333 333
333 334
334 334
334 335
335 335
335 336
336 336
336 346
336 347
337 337
337 338
338 338
338 339
339 339
339 340
340 340
340 341
341 341
341 342
342 342
342 343
343 343
343 344
344 344
344 345
345 345
345 346
346 346
346 347
347 347
348 348
348 349
348 356
348 364
349 349
349 350
349 356
349 364
349 369
350 350
350 364
350 369
350 377
350 390
351 351
351 352
351 357
351 358
351 454
351 455
351 471
351 472
351 473
352 352
352 353
352 357
352 358
352 360
353 353
353 354
353 358
353 360
353 362
354 354
354 355
354 360
354 362
354 363
355 355
355 356
355 362
355 363
355 364
356 356
356 363
356 364
357 357
357 358
357 365
357 366
357 453
357 454
357 455
357 470
357 471
357 472
358 358
358 359
358 360
358 365
358 366
359 359
359 360
359 366
360 360
360 361
360 362
361 361
361 362
361 367
362 362
362 363
362 367
362 368
363 363
363 364
363 367
363 368
363 369
364 364
364 368
364 369
365 365
365 366
365 370
365 371
365 452
365 453
365 454
365 469
365 470
365 471
366 366
366 370
366 371
366 372
367 367
367 368
367 374
367 375
367 376
368 368
368 369
368 375
368 376
368 377
369 369
369 376
369 377
369 390
370 370
370 371
370 378
370 379
370 451
370 452
370 453
370 468
370 469
370 470
371 371
371 372
371 373
371 378
371 379
371 380
372 372
372 373
373 373
373 374
373 375
373 379
373 380
373 381
374 374
374 375
375 375
375 376
375 380
375 381
375 382
376 376
376 377
376 381
376 382
376 383
377 377
377 382
377 383
377 390
377 391
378 378
378 379
378 384
378 385
378 450
378 451
378 452
378 467
378 468
378 469
379 379
379 380
379 384
379 385
379 386
380 380
380 381
380 385
380 386
380 387
381 381
381 382
381 386
381 387
381 388
382 382
382 383
382 387
382 388
382 389
383 383
383 388
383 389
383 390
383 391
383 392
384 384
384 385
384 450
384 451
384 467
384 468
385 385
385 386
386 386
386 387
387 387
387 388
388 388
388 389
389 389
389 391
389 392
390 390
390 391
391 391
391 392
392 392
393 393
393 394
393 412
393 413
393 431
393 432
393 450
393 451
393 467
393 468
393 486
393 487
394 394
394 395
394 412
394 413
394 414
394 431
394 432
394 433
394 450
394 451
394 452
394 467
394 468
394 469
394 486
394 487
394 488
395 395
395 396
395 413
395 414
395 415
395 432
395 433
395 434
395 451
395 452
395 453
395 468
395 469
395 470
395 487
395 488
395 489
396 396
396 397
396 414
396 415
396 416
396 433
396 434
396 435
396 452
396 453
396 454
396 469
396 470
396 471
396 488
396 489
396 490
397 397
397 398
397 415
397 416
397 417
397 434
397 435
397 436
397 453
397 454
397 455
397 470
397 471
397 472
397 489
397 490
397 491
398 398
398 399
398 416
398 417
398 418
398 435
398 436
398 437
398 454
398 455
398 471
398 472
398 473
398 490
398 491
399 399
399 400
399 417
399 418
399 419
399 436
399 437
399 438
399 455
399 456
399 472
399 473
399 474
399 491
399 492
400 400
400 401
400 418
400 419
400 420
400 437
400 438
400 439
400 456
400 457
400 473
400 474
400 475
400 492
400 493
401 401
401 402
401 419
401 420
401 421
401 438
401 439
401 440
401 456
401 457
401 458
401 474
401 475
401 476
401 492
401 493
401 494
402 402
402 403
402 420
402 421
402 422
402 439
402 440
402 441
402 457
402 458
402 459
402 475
402 476
402 477
402 493
402 494
402 495
403 403
403 404
403 421
403 422
403 423
403 440
403 441
403 442
403 458
403 459
403 460
403 476
403 477
403 478
403 494
403 495
403 496
404 404
404 405
404 422
404 423
404 424
404 441
404 442
404 443
404 459
404 460
404 461
404 477
404 478
404 479
404 495
404 496
404 497
405 405
405 406
405 423
405 424
405 425
405 442
405 443
405 444
405 460
405 461
405 462
405 478
405 479
405 480
405 496
405 497
405 498
406 406
406 407
406 424
406 425
406 426
406 443
406 444
406 445
406 461
406 462
406 463
406 479
406 480
406 481
406 497
406 498
406 499
407 407
407 408
407 425
407 426
407 427
407 444
407 445
407 446
407 462
407 463
407 464
407 480
407 481
407 482
407 498
407 499
407 500
408 408
408 409
408 426
408 427
408 428
408 445
408 446
408 447
408 463
408 464
408 465
408 481
408 482
408 483
408 499
408 500
408 501
409 409
409 410
409 427
409 428
409 429
409 446
409 447
409 448
409 464
409 465
409 466
409 482
409 483
409 484
409 500
409 501
409 502
410 410
410 411
410 428
410 429
410 430
410 447
410 448
410 449
410 465
410 466
410 483
410 484
410 485
410 501
410 502
411 411
411 429
411 430
411 448
411 449
411 466
411 484
411 485
411 502
412 412
412 413
412 450
412 451
412 467
412 468
413 413
413 414
413 450
413 451
413 452
413 467
413 468
413 469
414 414
414 415
414 451
414 452
414 453
414 468
414 469
414 470
415 415
415 416
415 452
415 453
415 454
415 469
415 470
415 471
416 416
416 417
416 453
416 454
416 455
416 470
416 471
416 472
417 417
417 418
417 454
417 455
417 471
417 472
417 473
418 418
418 419
418 455
418 456
418 472
418 473
418 474
419 419
419 420
419 456
419 457
419 473
419 474
419 475
420 420
420 421
420 456
420 457
420 458
420 474
420 475
420 476
421 421
421 422
421 457
421 458
421 459
421 475
421 476
421 477
422 422
422 423
422 458
422 459
422 460
422 476
422 477
422 478
423 423
423 424
423 459
423 460
423 461
423 477
423 478
423 479
424 424
424 425
424 460
424 461
424 462
424 478
424 479
424 480
425 425
425 426
425 461
425 462
425 463
425 479
425 480
425 481
426 426
426 427
426 462
426 463
426 464
426 480
426 481
426 482
427 427
427 428
427 463
427 464
427 465
427 481
427 482
427 483
428 428
428 429
428 464
428 465
428 466
428 482
428 483
428 484
429 429
429 430
429 465
429 466
429 483
429 484
429 485
430 430
430 466
430 484
430 485
431 431
431 432
431 450
431 451
431 486
431 487
432 432
432 433
432 450
432 451
432 452
432 486
432 487
432 488
433 433
433 434
433 451
433 452
433 453
433 487
433 488
433 489
434 434
434 435
434 452
434 453
434 454
434 488
434 489
434 490
435 435
435 436
435 453
435 454
435 455
435 489
435 490
435 491
436 436
436 437
436 454
436 455
436 490
436 491
437 437
437 438
437 455
437 456
437 491
437 492
438 438
438 439
438 456
438 457
438 492
438 493
439 439
439 440
439 456
439 457
439 458
439 492
439 493
439 494
440 440
440 441
440 457
440 458
440 459
440 493
440 494
440 495
441 441
441 442
441 458
441 459
441 460
441 494
441 495
441 496
442 442
442 443
442 459
442 460
442 461
442 495
442 496
442 497
443 443
443 444
443 460
443 461
443 462
443 496
443 497
443 498
444 444
444 445
444 461
444 462
444 463
444 497
444 498
444 499
445 445
445 446
445 462
445 463
445 464
445 498
445 499
445 500
446 446
446 447
446 463
446 464
446 465
446 499
446 500
446 501
447 447
447 448
447 464
447 465
447 466
447 500
447 501
447 502
448 448
448 449
448 465
448 466
448 501
448 502
449 449
449 466
449 502
450 450
450 451
450 467
450 468
450 486
450 487
451 451
451 452
451 467
451 468
451 469
451 486
451 487
451 488
452 452
452 453
452 468
452 469
452 470
452 487
452 488
452 489
453 453
453 454
453 469
453 470
453 471
453 488
453 489
453 490
454 454
454 455
454 470
454 471
454 472
454 489
454 490
454 491
455 455
455 471
455 472
455 473
455 490
455 491
456 456
456 457
456 473
456 474
456 475
456 492
456 493
457 457
457 458
457 474
457 475
457 476
457 492
457 493
457 494
458 458
458 459
458 475
458 476
458 477
458 493
458 494
458 495
459 459
459 460
459 476
459 477
459 478
459 494
459 495
459 496
460 460
460 461
460 477
460 478
460 479
460 495
460 496
460 497
461 461
461 462
461 478
461 479
461 480
461 496
461 497
461 498
462 462
462 463
462 479
462 480
462 481
462 497
462 498
462 499
463 463
463 464
463 480
463 481
463 482
463 498
463 499
463 500
464 464
464 465
464 481
464 482
464 483
464 499
464 500
464 501
465 465
465 466
465 482
465 483
465 484
465 500
465 501
465 502
466 466
466 483
466 484
466 485
466 501
466 502
467 467
467 468
468 468
468 469
469 469
469 470
470 470
470 471
471 471
471 472
472 472
472 473
473 473
473 474
474 474
474 475
475 475
475 476
476 476
476 477
477 477
477 478
478 478
478 479
479 479
479 480
480 480
480 481
481 481
481 482
482 482
482 483
483 483
483 484
484 484
484 485
485 485
486 486
486 487
487 487
487 488
488 488
488 489
489 489
489 490
490 490
490 491
491 491
492 492
492 493
493 493
493 494
494 494
494 495
495 495
495 496
496 496
496 497
497 497
497 498
498 498
498 499
499 499
499 500
500 500
500 501
501 501
501 502
502 502
