0 0
0 1
0 37
0 38
0 185
0 186
0 259
1 1
1 2
1 37
1 38
1 39
1 185
1 186
1 187
2 2
2 3
2 38
2 39
2 40
2 186
2 187
2 188
3 3
3 4
3 39
3 40
3 41
3 187
3 188
3 189
4 4
4 5
4 40
4 41
4 42
4 188
4 189
4 190
5 5
5 6
5 41
5 42
5 43
5 189
5 190
5 191
6 6
6 7
6 42
6 43
6 44
6 190
6 191
6 192
7 7
7 8
7 43
7 44
7 45
7 191
7 192
7 193
8 8
8 9
8 44
8 45
8 46
8 192
8 193
8 194
9 9
9 10
9 45
9 46
9 47
9 193
9 194
9 195
10 10
10 11
10 46
10 47
10 48
10 194
10 195
10 196
11 11
11 12
11 47
11 48
11 49
11 195
11 196
11 197
12 12
12 13
12 48
12 49
12 50
12 196
12 197
12 198
13 13
13 14
13 49
13 50
13 51
13 197
13 198
13 199
14 14
14 15
14 50
14 51
14 52
14 198
14 199
14 200
15 15
15 16
15 51
15 52
15 53
15 199
15 200
15 201
16 16
16 17
16 52
16 53
16 54
16 200
16 201
16 202
17 17
17 18
17 53
17 54
17 55
17 201
17 202
17 203
17 263
18 18
18 19
18 54
18 55
18 56
18 202
18 203
18 204
19 19
19 20
19 55
19 56
19 57
19 203
19 204
19 205
20 20
20 21
20 56
20 57
20 58
20 204
20 205
20 206
20 267
21 21
21 22
21 57
21 58
21 59
21 205
21 206
21 207
22 22
22 23
22 58
22 59
22 60
22 206
22 207
22 208
23 23
23 24
23 59
23 60
23 61
23 207
23 208
23 209
24 24
24 25
24 60
24 61
24 62
24 208
24 209
24 210
25 25
25 26
25 61
25 62
25 63
25 209
25 210
25 211
26 26
26 27
26 62
26 63
26 64
26 210
26 211
26 212
27 27
27 28
27 63
27 64
27 65
27 211
27 212
27 213
28 28
28 29
28 64
28 65
28 66
28 212
28 213
28 214
29 29
29 30
29 65
29 66
29 67
29 213
29 214
29 215
30 30
30 31
30 66
30 67
30 68
30 214
30 215
30 216
31 31
31 32
31 67
31 68
31 69
31 215
31 216
31 217
32 32
32 33
32 68
32 69
32 70
32 216
32 217
32 218
33 33
33 34
33 69
33 70
33 71
33 217
33 218
33 219
34 34
34 35
34 70
34 71
34 72
34 218
34 219
34 220
35 35
35 36
35 71
35 72
35 73
35 219
35 220
35 221
36 36
36 72
36 73
36 220
36 221
37 37
37 38
37 74
37 75
37 185
37 259
37 260
38 38
38 39
38 74
38 75
38 76
39 39
39 40
39 75
39 76
39 77
40 40
40 41
40 76
40 77
40 78
41 41
41 42
41 77
41 78
41 79
42 42
42 43
42 78
42 79
42 80
43 43
43 44
43 79
43 80
43 81
44 44
44 45
44 80
44 81
44 82
45 45
45 46
45 81
45 82
45 83
46 46
46 47
46 82
46 83
46 84
47 47
47 48
47 83
47 84
47 85
48 48
48 49
48 84
48 85
48 86
49 49
49 50
49 85
49 86
49 87
50 50
50 51
50 86
50 87
50 88
51 51
51 52
51 87
51 88
51 89
52 52
52 53
52 88
52 89
52 90
53 53
53 54
53 89
53 90
53 91
54 54
54 55
54 90
54 91
54 92
54 202
54 263
54 264
55 55
55 56
55 91
55 92
55 93
56 56
56 57
56 92
56 93
56 94
57 57
57 58
57 93
57 94
57 95
57 205
57 267
57 268
58 58
58 59
58 94
58 95
58 96
59 59
59 60
59 95
59 96
59 97
60 60
60 61
60 96
60 97
60 98
61 61
61 62
61 97
61 98
61 99
62 62
62 63
62 98
62 99
62 100
63 63
63 64
63 99
63 100
63 101
64 64
64 65
64 100
64 101
64 102
65 65
65 66
65 101
65 102
65 103
66 66
66 67
66 102
66 103
66 104
67 67
67 68
67 103
67 104
67 105
68 68
68 69
68 104
68 105
68 106
69 69
69 70
69 105
69 106
69 107
70 70
70 71
70 106
70 107
70 108
71 71
71 72
71 107
71 108
71 109
72 72
72 73
72 108
72 109
72 110
73 73
73 109
73 110
74 74
74 75
74 111
74 112
74 259
74 260
74 261
75 75
75 76
75 111
75 112
75 113
76 76
76 77
76 112
76 113
76 114
77 77
77 78
77 113
77 114
77 115
78 78
78 79
78 114
78 115
78 116
79 79
79 80
79 115
79 116
79 117
80 80
80 81
80 116
80 117
80 118
81 81
81 82
81 117
81 118
81 119
82 82
82 83
82 118
82 119
82 120
83 83
83 84
83 119
83 120
83 121
84 84
84 85
84 120
84 121
84 122
85 85
85 86
85 121
85 122
85 123
86 86
86 87
86 122
86 123
86 124
87 87
87 88
87 123
87 124
87 125
88 88
88 89
88 124
88 125
88 126
89 89
89 90
89 125
89 126
89 127
90 90
90 91
90 126
90 127
90 128
91 91
91 92
91 127
91 128
91 129
91 263
91 264
91 265
92 92
92 93
92 128
92 129
92 130
93 93
93 94
93 129
93 130
93 131
94 94
94 95
94 130
94 131
94 132
94 267
94 268
94 269
95 95
95 96
95 131
95 132
95 133
96 96
96 97
96 132
96 133
96 134
97 97
97 98
97 133
97 134
97 135
98 98
98 99
98 134
98 135
98 136
99 99
99 100
99 135
99 136
99 137
100 100
100 101
100 136
100 137
100 138
101 101
101 102
101 137
101 138
101 139
102 102
102 103
102 138
102 139
102 140
103 103
103 104
103 139
103 140
103 141
104 104
104 105
104 140
104 141
104 142
105 105
105 106
105 141
105 142
105 143
106 106
106 107
106 142
106 143
106 144
107 107
107 108
107 143
107 144
107 145
108 108
108 109
108 144
108 145
108 146
109 109
109 110
109 145
109 146
109 147
110 110
110 146
110 147
111 111
111 112
111 148
111 149
111 260
111 261
111 262
112 112
112 113
112 148
112 149
112 150
113 113
113 114
113 149
113 150
113 151
114 114
114 115
114 150
114 151
114 152
115 115
115 116
115 151
115 152
115 153
116 116
116 117
116 152
116 153
116 154
117 117
117 118
117 153
117 154
117 155
118 118
118 119
118 154
118 155
118 156
119 119
119 120
119 155
119 156
119 157
120 120
120 121
120 156
120 157
120 158
121 121
121 122
121 157
121 158
121 159
122 122
122 123
122 158
122 159
122 160
123 123
123 124
123 159
123 160
123 161
124 124
124 125
124 160
124 161
124 162
125 125
125 126
125 161
125 162
125 163
126 126
126 127
126 162
126 163
126 164
127 127
127 128
127 163
127 164
127 165
128 128
128 129
128 164
128 165
128 166
128 264
128 265
128 266
129 129
129 130
129 165
129 166
129 167
130 130
130 131
130 166
130 167
130 168
131 131
131 132
131 167
131 168
131 169
131 268
131 269
131 270
132 132
132 133
132 168
132 169
132 170
133 133
133 134
133 169
133 170
133 171
134 134
134 135
134 170
134 171
134 172
135 135
135 136
135 171
135 172
135 173
136 136
136 137
136 172
136 173
136 174
137 137
137 138
137 173
137 174
137 175
138 138
138 139
138 174
138 175
138 176
139 139
139 140
139 175
139 176
139 177
140 140
140 141
140 176
140 177
140 178
141 141
141 142
141 177
141 178
141 179
142 142
142 143
142 178
142 179
142 180
143 143
143 144
143 179
143 180
143 181
144 144
144 145
144 180
144 181
144 182
145 145
145 146
145 181
145 182
145 183
146 146
146 147
146 182
146 183
146 184
147 147
147 183
147 184
148 148
148 149
148 261
148 262
149 149
149 150
150 150
150 151
151 151
151 152
152 152
152 153
153 153
153 154
154 154
154 155
155 155
155 156
156 156
156 157
157 157
157 158
158 158
158 159
159 159
159 160
160 160
160 161
161 161
161 162
162 162
162 163
163 163
163 164
164 164
164 165
165 165
165 166
165 265
165 266
166 166
166 167
167 167
167 168
168 168
168 169
168 269
168 270
169 169
169 170
170 170
170 171
171 171
171 172
172 172
172 173
173 173
173 174
174 174
174 175
175 175
175 176
176 176
176 177
177 177
177 178
178 178
178 179
179 179
179 180
180 180
180 181
181 181
181 182
182 182
182 183
183 183
183 184
184 184
185 185
185 186
185 222
185 223
185 259
185 271
186 186
186 187
186 222
186 223
186 224
187 187
187 188
187 223
187 224
187 225
188 188
188 189
188 224
188 225
188 226
189 189
189 190
189 225
189 226
189 227
190 190
190 191
190 226
190 227
190 228
191 191
191 192
191 227
191 228
191 229
192 192
192 193
192 228
192 229
192 230
193 193
193 194
193 229
193 230
193 231
194 194
194 195
194 230
194 231
194 232
195 195
195 196
195 231
195 232
195 233
196 196
196 197
196 232
196 233
196 234
197 197
197 198
197 233
197 234
197 235
198 198
198 199
198 234
198 235
198 236
199 199
199 200
199 235
199 236
199 237
200 200
200 201
200 236
200 237
200 238
201 201
201 202
201 237
201 238
201 239
202 202
202 203
202 238
202 239
202 240
202 263
202 275
203 203
203 204
203 239
203 240
203 241
204 204
204 205
204 240
204 241
204 242
205 205
205 206
205 241
205 242
205 243
205 267
205 279
206 206
206 207
206 242
206 243
206 244
207 207
207 208
207 243
207 244
207 245
208 208
208 209
208 244
208 245
208 246
209 209
209 210
209 245
209 246
209 247
210 210
210 211
210 246
210 247
210 248
211 211
211 212
211 247
211 248
211 249
212 212
212 213
212 248
212 249
212 250
213 213
213 214
213 249
213 250
213 251
214 214
214 215
214 250
214 251
214 252
215 215
215 216
215 251
215 252
215 253
216 216
216 217
216 252
216 253
216 254
217 217
217 218
217 253
217 254
217 255
218 218
218 219
218 254
218 255
218 256
219 219
219 220
219 255
219 256
219 257
220 220
220 221
220 256
220 257
220 258
221 221
221 257
221 258
222 222
222 223
222 259
222 271
222 283
222 284
222 320
223 223
223 224
223 283
223 284
223 285
224 224
224 225
224 284
224 285
224 286
225 225
225 226
225 285
225 286
225 287
226 226
226 227
226 286
226 287
226 288
227 227
227 228
227 287
227 288
227 289
228 228
228 229
228 288
228 289
228 290
229 229
229 230
229 289
229 290
229 291
230 230
230 231
230 290
230 291
230 292
231 231
231 232
231 291
231 292
231 293
232 232
232 233
232 292
232 293
232 294
233 233
233 234
233 293
233 294
233 295
234 234
234 235
234 294
234 295
234 296
235 235
235 236
235 295
235 296
235 297
236 236
236 237
236 296
236 297
236 298
237 237
237 238
237 297
237 298
237 299
238 238
238 239
238 298
238 299
238 300
239 239
239 240
239 263
239 275
239 299
239 300
239 301
239 337
240 240
240 241
240 300
240 301
240 302
241 241
241 242
241 301
241 302
241 303
242 242
242 243
242 267
242 279
242 302
242 303
242 304
242 340
243 243
243 244
243 303
243 304
243 305
244 244
244 245
244 304
244 305
244 306
245 245
245 246
245 305
245 306
245 307
246 246
246 247
246 306
246 307
246 308
247 247
247 248
247 307
247 308
247 309
248 248
248 249
248 308
248 309
248 310
249 249
249 250
249 309
249 310
249 311
250 250
250 251
250 310
250 311
250 312
251 251
251 252
251 311
251 312
251 313
252 252
252 253
252 312
252 313
252 314
253 253
253 254
253 313
253 314
253 315
254 254
254 255
254 314
254 315
254 316
255 255
255 256
255 315
255 316
255 317
256 256
256 257
256 316
256 317
256 318
257 257
257 258
257 317
257 318
257 319
258 258
258 318
258 319
259 259
259 260
259 271
259 272
260 260
260 261
260 271
260 272
260 273
261 261
261 262
261 272
261 273
261 274
262 262
262 273
262 274
263 263
263 264
263 275
263 276
264 264
264 265
264 275
264 276
264 277
265 265
265 266
265 276
265 277
265 278
266 266
266 277
266 278
267 267
267 268
267 279
267 280
268 268
268 269
268 279
268 280
268 281
269 269
269 270
269 280
269 281
269 282
270 270
270 281
270 282
271 271
271 272
271 283
271 320
271 357
272 272
272 273
272 320
272 357
272 394
273 273
273 274
273 357
273 394
273 431
274 274
274 394
274 431
275 275
275 276
275 300
275 337
275 374
276 276
276 277
276 337
276 374
276 411
277 277
277 278
277 374
277 411
277 448
278 278
278 411
278 448
279 279
279 280
279 303
279 340
279 377
280 280
280 281
280 340
280 377
280 414
281 281
281 282
281 377
281 414
281 451
282 282
282 414
282 451
283 283
283 284
283 320
283 321
284 284
284 285
284 320
284 321
284 322
285 285
285 286
285 321
285 322
285 323
286 286
286 287
286 322
286 323
286 324
287 287
287 288
287 323
287 324
287 325
288 288
288 289
288 324
288 325
288 326
289 289
289 290
289 325
289 326
289 327
290 290
290 291
290 326
290 327
290 328
291 291
291 292
291 327
291 328
291 329
292 292
292 293
292 328
292 329
292 330
293 293
293 294
293 329
293 330
293 331
294 294
294 295
294 330
294 331
294 332
295 295
295 296
295 331
295 332
295 333
296 296
296 297
296 332
296 333
296 334
297 297
297 298
297 333
297 334
297 335
298 298
298 299
298 334
298 335
298 336
299 299
299 300
299 335
299 336
299 337
300 300
300 301
300 336
300 337
300 338
300 468
300 469
300 472
301 301
301 302
301 337
301 338
301 339
301 468
301 469
301 470
302 302
302 303
302 338
302 339
302 340
302 469
302 470
302 471
303 303
303 304
303 339
303 340
303 341
303 470
303 471
303 476
304 304
304 305
304 340
304 341
304 342
305 305
305 306
305 341
305 342
305 343
306 306
306 307
306 342
306 343
306 344
307 307
307 308
307 343
307 344
307 345
308 308
308 309
308 344
308 345
308 346
309 309
309 310
309 345
309 346
309 347
310 310
310 311
310 346
310 347
310 348
311 311
311 312
311 347
311 348
311 349
312 312
312 313
312 348
312 349
312 350
313 313
313 314
313 349
313 350
313 351
314 314
314 315
314 350
314 351
314 352
315 315
315 316
315 351
315 352
315 353
316 316
316 317
316 352
316 353
316 354
317 317
317 318
317 353
317 354
317 355
318 318
318 319
318 354
318 355
318 356
319 319
319 355
319 356
320 320
320 321
320 357
320 358
321 321
321 322
321 357
321 358
321 359
322 322
322 323
322 358
322 359
322 360
323 323
323 324
323 359
323 360
323 361
324 324
324 325
324 360
324 361
324 362
325 325
325 326
325 361
325 362
325 363
326 326
326 327
326 362
326 363
326 364
327 327
327 328
327 363
327 364
327 365
328 328
328 329
328 364
328 365
328 366
329 329
329 330
329 365
329 366
329 367
330 330
330 331
330 366
330 367
330 368
331 331
331 332
331 367
331 368
331 369
332 332
332 333
332 368
332 369
332 370
333 333
333 334
333 369
333 370
333 371
334 334
334 335
334 370
334 371
334 372
335 335
335 336
335 371
335 372
335 373
336 336
336 337
336 372
336 373
336 374
337 337
337 338
337 373
337 374
337 375
337 468
337 472
337 473
338 338
338 339
338 374
338 375
338 376
339 339
339 340
339 375
339 376
339 377
340 340
340 341
340 376
340 377
340 378
340 471
340 476
340 477
341 341
341 342
341 377
341 378
341 379
342 342
342 343
342 378
342 379
342 380
343 343
343 344
343 379
343 380
343 381
344 344
344 345
344 380
344 381
344 382
345 345
345 346
345 381
345 382
345 383
346 346
346 347
346 382
346 383
346 384
347 347
347 348
347 383
347 384
347 385
348 348
348 349
348 384
348 385
348 386
349 349
349 350
349 385
349 386
349 387
350 350
350 351
350 386
350 387
350 388
351 351
351 352
351 387
351 388
351 389
352 352
352 353
352 388
352 389
352 390
353 353
353 354
353 389
353 390
353 391
354 354
354 355
354 390
354 391
354 392
355 355
355 356
355 391
355 392
355 393
356 356
356 392
356 393
357 357
357 358
357 394
357 395
358 358
358 359
358 394
358 395
358 396
359 359
359 360
359 395
359 396
359 397
360 360
360 361
360 396
360 397
360 398
361 361
361 362
361 397
361 398
361 399
362 362
362 363
362 398
362 399
362 400
363 363
363 364
363 399
363 400
363 401
364 364
364 365
364 400
364 401
364 402
365 365
365 366
365 401
365 402
365 403
366 366
366 367
366 402
366 403
366 404
367 367
367 368
367 403
367 404
367 405
368 368
368 369
368 404
368 405
368 406
369 369
369 370
369 405
369 406
369 407
370 370
370 371
370 406
370 407
370 408
371 371
371 372
371 407
371 408
371 409
372 372
372 373
372 408
372 409
372 410
373 373
373 374
373 409
373 410
373 411
374 374
374 375
374 410
374 411
374 412
374 472
374 473
374 474
375 375
375 376
375 411
375 412
375 413
376 376
376 377
376 412
376 413
376 414
377 377
377 378
377 413
377 414
377 415
377 476
377 477
377 478
378 378
378 379
378 414
378 415
378 416
379 379
379 380
379 415
379 416
379 417
380 380
380 381
380 416
380 417
380 418
381 381
381 382
381 417
381 418
381 419
382 382
382 383
382 418
382 419
382 420
383 383
383 384
383 419
383 420
383 421
384 384
384 385
384 420
384 421
384 422
385 385
385 386
385 421
385 422
385 423
386 386
386 387
386 422
386 423
386 424
387 387
387 388
387 423
387 424
387 425
388 388
388 389
388 424
388 425
388 426
389 389
389 390
389 425
389 426
389 427
390 390
390 391
390 426
390 427
390 428
391 391
391 392
391 427
391 428
391 429
392 392
392 393
392 428
392 429
392 430
393 393
393 429
393 430
394 394
394 395
394 431
394 432
395 395
395 396
395 431
395 432
395 433
396 396
396 397
396 432
396 433
396 434
397 397
397 398
397 433
397 434
397 435
398 398
398 399
398 434
398 435
398 436
399 399
399 400
399 435
399 436
399 437
400 400
400 401
400 436
400 437
400 438
401 401
401 402
401 437
401 438
401 439
402 402
402 403
402 438
402 439
402 440
403 403
403 404
403 439
403 440
403 441
404 404
404 405
404 440
404 441
404 442
405 405
405 406
405 441
405 442
405 443
406 406
406 407
406 442
406 443
406 444
407 407
407 408
407 443
407 444
407 445
408 408
408 409
408 444
408 445
408 446
409 409
409 410
409 445
409 446
409 447
410 410
410 411
410 446
410 447
410 448
411 411
411 412
411 447
411 448
411 449
411 473
411 474
411 475
412 412
412 413
412 448
412 449
412 450
413 413
413 414
413 449
413 450
413 451
414 414
414 415
414 450
414 451
414 452
414 477
414 478
414 479
415 415
415 416
415 451
415 452
415 453
416 416
416 417
416 452
416 453
416 454
417 417
417 418
417 453
417 454
417 455
418 418
418 419
418 454
418 455
418 456
419 419
419 420
419 455
419 456
419 457
420 420
420 421
420 456
420 457
420 458
421 421
421 422
421 457
421 458
421 459
422 422
422 423
422 458
422 459
422 460
423 423
423 424
423 459
423 460
423 461
424 424
424 425
424 460
424 461
424 462
425 425
425 426
425 461
425 462
425 463
426 426
426 427
426 462
426 463
426 464
427 427
427 428
427 463
427 464
427 465
428 428
428 429
428 464
428 465
428 466
429 429
429 430
429 465
429 466
429 467
430 430
430 466
430 467
431 431
431 432
432 432
432 433
433 433
433 434
434 434
434 435
435 435
435 436
436 436
436 437
437 437
437 438
438 438
438 439
439 439
439 440
440 440
440 441
441 441
441 442
442 442
442 443
443 443
443 444
444 444
444 445
445 445
445 446
446 446
446 447
447 447
447 448
448 448
448 449
448 474
448 475
449 449
449 450
450 450
450 451
451 451
451 452
451 478
451 479
452 452
452 453
453 453
453 454
454 454
454 455
455 455
455 456
456 456
456 457
457 457
457 458
458 458
458 459
459 459
459 460
460 460
460 461
461 461
461 462
462 462
462 463
463 463
463 464
464 464
464 465
465 465
465 466
466 466
466 467
467 467
468 468
468 469
468 472
468 480
468 481
468 484
469 469
469 470
469 480
469 481
469 482
470 470
470 471
470 481
470 482
470 483
471 471
471 476
471 482
471 483
471 488
472 472
472 473
472 480
472 484
472 485
473 473
473 474
473 484
473 485
473 486
474 474
474 475
474 485
474 486
474 487
475 475
475 486
475 487
476 476
476 477
476 483
476 488
476 489
477 477
477 478
477 488
477 489
477 490
478 478
478 479
478 489
478 490
478 491
479 479
479 490
479 491
480 480
480 481
480 484
480 492
480 493
480 496
481 481
481 482
481 492
481 493
481 494
482 482
482 483
482 493
482 494
482 495
483 483
483 488
483 494
483 495
483 499
484 484
484 485
484 492
484 496
484 500
485 485
485 486
485 496
485 500
485 504
486 486
486 487
486 500
486 504
486 508
487 487
487 504
487 508
488 488
488 489
488 495
488 499
488 503
489 489
489 490
489 499
489 503
489 507
490 490
490 491
490 503
490 507
490 511
491 491
491 507
491 511
492 492
492 493
492 496
492 497
492 512
492 513
492 516
493 493
493 494
493 496
493 497
493 498
493 512
493 513
493 514
494 494
494 495
494 497
494 498
494 499
494 513
494 514
494 515
495 495
495 498
495 499
495 514
495 515
495 520
496 496
496 497
496 500
496 501
496 512
496 516
496 517
497 497
497 498
497 500
497 501
497 502
498 498
498 499
498 501
498 502
498 503
499 499
499 502
499 503
499 515
499 520
499 521
500 500
500 501
500 504
500 505
500 516
500 517
500 518
501 501
501 502
501 504
501 505
501 506
502 502
502 503
502 505
502 506
502 507
503 503
503 506
503 507
503 520
503 521
503 522
504 504
504 505
504 508
504 509
504 517
504 518
504 519
505 505
505 506
505 508
505 509
505 510
506 506
506 507
506 509
506 510
506 511
507 507
507 510
507 511
507 521
507 522
507 523
508 508
508 509
508 518
508 519
509 509
509 510
510 510
510 511
511 511
511 522
511 523
512 512
512 513
512 516
512 524
512 525
512 528
513 513
513 514
513 524
513 525
513 526
514 514
514 515
514 525
514 526
514 527
515 515
515 520
515 526
515 527
515 532
516 516
516 517
516 524
516 528
516 529
517 517
517 518
517 528
517 529
517 530
518 518
518 519
518 529
518 530
518 531
519 519
519 530
519 531
520 520
520 521
520 527
520 532
520 533
521 521
521 522
521 532
521 533
521 534
522 522
522 523
522 533
522 534
522 535
523 523
523 534
523 535
524 524
524 525
524 528
524 536
524 537
524 540
525 525
525 526
525 536
525 537
525 538
526 526
526 527
526 537
526 538
526 539
527 527
527 532
527 538
527 539
527 543
528 528
528 529
528 536
528 540
528 544
529 529
529 530
529 540
529 544
529 548
530 530
530 531
530 544
530 548
530 552
531 531
531 548
531 552
532 532
532 533
532 539
532 543
532 547
533 533
533 534
533 543
533 547
533 551
534 534
534 535
534 547
534 551
534 555
535 535
535 551
535 555
536 536
536 537
536 540
536 541
536 556
536 557
536 560
537 537
537 538
537 540
537 541
537 542
537 556
537 557
537 558
538 538
538 539
538 541
538 542
538 543
538 557
538 558
538 559
539 539
539 542
539 543
539 558
539 559
539 564
540 540
540 541
540 544
540 545
540 556
540 560
540 561
541 541
541 542
541 544
541 545
541 546
542 542
542 543
542 545
542 546
542 547
543 543
543 546
543 547
543 559
543 564
543 565
544 544
544 545
544 548
544 549
544 560
544 561
544 562
545 545
545 546
545 548
545 549
545 550
546 546
546 547
546 549
546 550
546 551
547 547
547 550
547 551
547 564
547 565
547 566
548 548
548 549
548 552
548 553
548 561
548 562
548 563
549 549
549 550
549 552
549 553
549 554
550 550
550 551
550 553
550 554
550 555
551 551
551 554
551 555
551 565
551 566
551 567
552 552
552 553
552 562
552 563
553 553
553 554
554 554
554 555
555 555
555 566
555 567
556 556
556 557
556 560
556 568
556 569
556 572
557 557
557 558
557 568
557 569
557 570
558 558
558 559
558 569
558 570
558 571
559 559
559 564
559 570
559 571
559 576
560 560
560 561
560 568
560 572
560 573
561 561
561 562
561 572
561 573
561 574
562 562
562 563
562 573
562 574
562 575
563 563
563 574
563 575
564 564
564 565
564 571
564 576
564 577
565 565
565 566
565 576
565 577
565 578
566 566
566 567
566 577
566 578
566 579
567 567
567 578
567 579
568 568
568 569
568 572
568 580
568 581
568 584
569 569
569 570
569 580
569 581
569 582
570 570
570 571
570 581
570 582
570 583
571 571
571 576
571 582
571 583
571 585
572 572
572 573
572 580
572 584
572 586
573 573
573 574
573 584
573 586
573 588
574 574
574 575
574 586
574 588
574 590
575 575
575 588
575 590
576 576
576 577
576 583
576 585
576 587
577 577
577 578
577 585
577 587
577 589
578 578
578 579
578 587
578 589
578 591
579 579
579 589
579 591
580 580
580 581
580 584
581 581
581 582
582 582
582 583
583 583
583 585
584 584
584 586
585 585
585 587
586 586
586 588
587 587
587 589
588 588
588 590
589 589
589 591
590 590
591 591
