0 0
0 1
0 7
0 8
0 39
0 40
0 47
0 48
1 1
1 2
1 7
1 8
1 9
1 39
1 40
1 41
1 47
1 48
1 49
2 2
2 3
2 8
2 9
2 10
2 40
2 41
2 42
2 48
2 49
2 50
3 3
3 4
3 9
3 10
3 11
3 41
3 42
3 43
3 49
3 50
3 51
4 4
4 5
4 10
4 11
4 12
4 42
4 43
4 44
4 50
4 51
4 52
5 5
5 6
5 11
5 12
5 13
5 43
5 44
5 45
5 51
5 52
5 53
6 6
6 12
6 13
6 44
6 45
6 52
6 53
7 7
7 8
7 15
7 16
7 39
7 40
7 47
7 48
7 55
7 56
8 8
8 9
8 15
8 16
8 17
8 39
8 40
8 41
8 47
8 48
8 49
8 55
8 56
8 57
9 9
9 10
9 16
9 17
9 18
9 40
9 41
9 42
9 48
9 49
9 50
9 56
9 57
9 58
10 10
10 11
10 17
10 18
10 19
10 41
10 42
10 43
10 49
10 50
10 51
10 57
10 58
10 59
11 11
11 12
11 18
11 19
11 20
11 42
11 43
11 44
11 50
11 51
11 52
11 58
11 59
11 60
12 12
12 13
12 19
12 20
12 21
12 43
12 44
12 45
12 51
12 52
12 53
12 59
12 60
12 61
13 13
13 14
13 20
13 21
13 22
13 44
13 45
13 52
13 53
13 54
13 60
13 61
13 62
14 14
14 21
14 22
14 53
14 54
14 61
14 62
15 15
15 16
15 23
15 24
15 47
15 48
15 55
15 56
15 63
15 64
16 16
16 17
16 23
16 24
16 25
16 47
16 48
16 49
16 55
16 56
16 57
16 63
16 64
16 65
17 17
17 18
17 24
17 25
17 26
17 48
17 49
17 50
17 56
17 57
17 58
17 64
17 65
17 66
18 18
18 19
18 25
18 26
18 27
18 49
18 50
18 51
18 57
18 58
18 59
18 65
18 66
18 67
19 19
19 20
19 26
19 27
19 28
19 50
19 51
19 52
19 58
19 59
19 60
19 66
19 67
19 68
20 20
20 21
20 27
20 28
20 29
20 51
20 52
20 53
20 59
20 60
20 61
20 67
20 68
20 69
21 21
21 22
21 28
21 29
21 30
21 52
21 53
21 54
21 60
21 61
21 62
21 68
21 69
21 70
22 22
22 29
22 30
22 53
22 54
22 61
22 62
22 69
22 70
23 23
23 24
23 31
23 32
23 55
23 56
23 63
23 64
23 71
23 72
24 24
24 25
24 31
24 32
24 33
24 55
24 56
24 57
24 63
24 64
24 65
24 71
24 72
24 73
25 25
25 26
25 32
25 33
25 34
25 56
25 57
25 58
25 64
25 65
25 66
25 72
25 73
25 74
26 26
26 27
26 33
26 34
26 35
26 57
26 58
26 59
26 65
26 66
26 67
26 73
26 74
26 75
27 27
27 28
27 34
27 35
27 36
27 58
27 59
27 60
27 66
27 67
27 68
27 74
27 75
27 76
28 28
28 29
28 35
28 36
28 37
28 59
28 60
28 61
28 67
28 68
28 69
28 75
28 76
28 77
29 29
29 30
29 36
29 37
29 38
29 60
29 61
29 62
29 68
29 69
29 70
29 76
29 77
29 78
30 30
30 37
30 38
30 61
30 62
30 69
30 70
30 77
30 78
31 31
31 32
31 63
31 64
31 71
31 72
32 32
32 33
32 63
32 64
32 65
32 71
32 72
32 73
33 33
33 34
33 64
33 65
33 66
33 72
33 73
33 74
34 34
34 35
34 65
34 66
34 67
34 73
34 74
34 75
35 35
35 36
35 66
35 67
35 68
35 74
35 75
35 76
36 36
36 37
36 67
36 68
36 69
36 75
36 76
36 77
37 37
37 38
37 68
37 69
37 70
37 76
37 77
37 78
38 38
38 69
38 70
38 77
38 78
39 39
39 40
39 47
39 48
39 79
39 80
39 87
39 88
40 40
40 41
40 47
40 48
40 49
40 79
40 80
40 81
40 87
40 88
40 89
41 41
41 42
41 48
41 49
41 50
41 80
41 81
41 82
41 88
41 89
41 90
42 42
42 43
42 49
42 50
42 51
42 81
42 82
42 83
42 89
42 90
42 91
43 43
43 44
43 50
43 51
43 52
43 82
43 83
43 84
43 90
43 91
43 92
44 44
44 45
44 51
44 52
44 53
44 83
44 84
44 85
44 91
44 92
44 93
45 45
45 46
45 52
45 53
45 54
45 84
45 85
45 86
45 92
45 93
45 94
46 46
46 53
46 54
46 85
46 86
46 93
46 94
47 47
47 48
47 55
47 56
47 79
47 80
47 87
47 88
47 95
47 96
48 48
48 49
48 55
48 56
48 57
48 79
48 80
48 81
48 87
48 88
48 89
48 95
48 96
48 97
49 49
49 50
49 56
49 57
49 58
49 80
49 81
49 82
49 88
49 89
49 90
49 96
49 97
49 98
50 50
50 51
50 57
50 58
50 59
50 81
50 82
50 83
50 89
50 90
50 91
50 97
50 98
50 99
51 51
51 52
51 58
51 59
51 60
51 82
51 83
51 84
51 90
51 91
51 92
51 98
51 99
51 100
52 52
52 53
52 59
52 60
52 61
52 83
52 84
52 85
52 91
52 92
52 93
52 99
52 100
52 101
53 53
53 54
53 60
53 61
53 62
53 84
53 85
53 86
53 92
53 93
53 94
53 100
53 101
53 102
54 54
54 61
54 62
54 85
54 86
54 93
54 94
54 101
54 102
55 55
55 56
55 63
55 64
55 87
55 88
55 95
55 96
55 103
55 104
56 56
56 57
56 63
56 64
56 65
56 87
56 88
56 89
56 95
56 96
56 97
56 103
56 104
56 105
57 57
57 58
57 64
57 65
57 66
57 88
57 89
57 90
57 96
57 97
57 98
57 104
57 105
57 106
58 58
58 59
58 65
58 66
58 67
58 89
58 90
58 91
58 97
58 98
58 99
58 105
58 106
58 107
59 59
59 60
59 66
59 67
59 68
59 90
59 91
59 92
59 98
59 99
59 100
59 106
59 107
59 108
60 60
60 61
60 67
60 68
60 69
60 91
60 92
60 93
60 99
60 100
60 101
60 107
60 108
60 109
61 61
61 62
61 68
61 69
61 70
61 92
61 93
61 94
61 100
61 101
61 102
61 108
61 109
61 110
62 62
62 69
62 70
62 93
62 94
62 101
62 102
62 109
62 110
63 63
63 64
63 71
63 72
63 95
63 96
63 103
63 104
63 111
63 112
64 64
64 65
64 71
64 72
64 73
64 95
64 96
64 97
64 103
64 104
64 105
64 111
64 112
64 113
65 65
65 66
65 72
65 73
65 74
65 96
65 97
65 98
65 104
65 105
65 106
65 112
65 113
65 114
66 66
66 67
66 73
66 74
66 75
66 97
66 98
66 99
66 105
66 106
66 107
66 113
66 114
66 115
67 67
67 68
67 74
67 75
67 76
67 98
67 99
67 100
67 106
67 107
67 108
67 114
67 115
67 116
68 68
68 69
68 75
68 76
68 77
68 99
68 100
68 101
68 107
68 108
68 109
68 115
68 116
68 117
69 69
69 70
69 76
69 77
69 78
69 100
69 101
69 102
69 108
69 109
69 110
69 116
69 117
69 118
70 70
70 77
70 78
70 101
70 102
70 109
70 110
70 117
70 118
71 71
71 72
71 103
71 104
71 111
71 112
72 72
72 73
72 103
72 104
72 105
72 111
72 112
72 113
73 73
73 74
73 104
73 105
73 106
73 112
73 113
73 114
74 74
74 75
74 105
74 106
74 107
74 113
74 114
74 115
75 75
75 76
75 106
75 107
75 108
75 114
75 115
75 116
76 76
76 77
76 107
76 108
76 109
76 115
76 116
76 117
77 77
77 78
77 108
77 109
77 110
77 116
77 117
77 118
78 78
78 109
78 110
78 117
78 118
79 79
79 80
79 87
79 88
79 119
79 120
79 129
79 130
80 80
80 81
80 87
80 88
80 89
80 119
80 120
80 121
80 129
80 130
80 131
80 132
81 81
81 82
81 88
81 89
81 90
81 120
81 121
81 122
81 123
81 131
81 132
81 133
81 134
82 82
82 83
82 89
82 90
82 91
82 122
82 123
82 124
82 133
82 134
82 135
83 83
83 84
83 90
83 91
83 92
83 123
83 124
83 125
83 126
83 134
83 135
83 136
83 137
84 84
84 85
84 91
84 92
84 93
84 125
84 126
84 127
84 136
84 137
84 138
85 85
85 86
85 92
85 93
85 94
85 126
85 127
85 128
85 137
85 138
85 139
86 86
86 93
86 94
86 127
86 128
86 138
86 139
87 87
87 88
87 95
87 96
87 119
87 120
87 129
87 130
87 140
87 141
88 88
88 89
88 95
88 96
88 97
88 119
88 120
88 121
88 129
88 130
88 131
88 132
88 140
88 141
88 142
88 143
89 89
89 90
89 96
89 97
89 98
89 120
89 121
89 122
89 123
89 131
89 132
89 133
89 134
89 142
89 143
89 144
90 90
90 91
90 97
90 98
90 99
90 122
90 123
90 124
90 133
90 134
90 135
90 143
90 144
90 145
91 91
91 92
91 98
91 99
91 100
91 123
91 124
91 125
91 126
91 134
91 135
91 136
91 137
91 144
91 145
91 146
91 147
92 92
92 93
92 99
92 100
92 101
92 125
92 126
92 127
92 136
92 137
92 138
92 146
92 147
92 148
93 93
93 94
93 100
93 101
93 102
93 126
93 127
93 128
93 137
93 138
93 139
93 147
93 148
93 149
94 94
94 101
94 102
94 127
94 128
94 138
94 139
94 148
94 149
95 95
95 96
95 103
95 104
95 129
95 130
95 140
95 141
95 150
95 151
96 96
96 97
96 103
96 104
96 105
96 129
96 130
96 131
96 132
96 140
96 141
96 142
96 143
96 150
96 151
96 152
96 153
97 97
97 98
97 104
97 105
97 106
97 131
97 132
97 133
97 134
97 142
97 143
97 144
97 152
97 153
97 154
98 98
98 99
98 105
98 106
98 107
98 133
98 134
98 135
98 143
98 144
98 145
98 153
98 154
98 155
99 99
99 100
99 106
99 107
99 108
99 134
99 135
99 136
99 137
99 144
99 145
99 146
99 147
99 154
99 155
99 156
99 157
100 100
100 101
100 107
100 108
100 109
100 136
100 137
100 138
100 146
100 147
100 148
100 156
100 157
100 158
100 159
101 101
101 102
101 108
101 109
101 110
101 137
101 138
101 139
101 147
101 148
101 149
101 158
101 159
101 160
102 102
102 109
102 110
102 138
102 139
102 148
102 149
102 159
102 160
103 103
103 104
103 111
103 112
103 140
103 141
103 150
103 151
103 162
103 163
104 104
104 105
104 111
104 112
104 113
104 140
104 141
104 142
104 143
104 150
104 151
104 152
104 153
104 162
104 163
104 164
104 165
105 105
105 106
105 112
105 113
105 114
105 142
105 143
105 144
105 152
105 153
105 154
105 164
105 165
105 166
106 106
106 107
106 113
106 114
106 115
106 143
106 144
106 145
106 153
106 154
106 155
106 165
106 166
106 167
107 107
107 108
107 114
107 115
107 116
107 144
107 145
107 146
107 147
107 154
107 155
107 156
107 157
107 166
107 167
107 168
107 169
108 108
108 109
108 115
108 116
108 117
108 146
108 147
108 148
108 156
108 157
108 158
108 159
108 168
108 169
108 170
109 109
109 110
109 116
109 117
109 118
109 147
109 148
109 149
109 158
109 159
109 160
109 169
109 170
109 171
110 110
110 117
110 118
110 148
110 149
110 159
110 160
110 170
110 171
111 111
111 112
111 150
111 151
111 162
111 163
112 112
112 113
112 150
112 151
112 152
112 153
112 162
112 163
112 164
112 165
113 113
113 114
113 152
113 153
113 154
113 164
113 165
113 166
114 114
114 115
114 153
114 154
114 155
114 165
114 166
114 167
115 115
115 116
115 154
115 155
115 156
115 157
115 166
115 167
115 168
115 169
116 116
116 117
116 156
116 157
116 158
116 159
116 168
116 169
116 170
117 117
117 118
117 158
117 159
117 160
117 169
117 170
117 171
118 118
118 159
118 160
118 170
118 171
119 119
119 120
119 129
119 130
119 131
119 172
119 173
119 178
120 120
120 121
120 122
120 129
120 130
120 131
120 132
120 133
120 172
120 173
120 178
121 121
121 122
121 130
121 131
121 132
121 133
121 173
122 122
122 123
122 130
122 131
122 132
122 133
122 134
122 173
123 123
123 124
123 133
123 134
123 135
124 124
124 125
124 126
124 134
124 135
124 136
124 137
124 174
124 179
125 125
125 126
125 135
125 136
125 137
125 174
125 179
126 126
126 127
126 135
126 136
126 137
126 138
126 174
126 175
126 176
126 179
126 180
127 127
127 128
127 137
127 138
127 139
127 175
127 176
127 177
127 179
127 180
127 181
128 128
128 138
128 139
128 176
128 177
128 180
128 181
129 129
129 130
129 131
129 140
129 141
129 142
129 172
129 173
129 178
130 130
130 131
130 132
130 133
130 140
130 141
130 142
130 172
130 173
130 178
131 131
131 132
131 133
131 140
131 141
131 142
131 143
131 172
131 173
131 178
132 132
132 133
132 142
132 143
132 173
133 133
133 134
133 143
133 144
133 173
134 134
134 135
134 143
134 144
134 145
135 135
135 136
135 137
135 144
135 145
135 146
135 147
135 174
135 179
135 183
136 136
136 137
136 145
136 146
136 147
136 174
136 179
136 183
137 137
137 138
137 145
137 146
137 147
137 148
137 174
137 175
137 176
137 179
137 180
137 183
137 184
138 138
138 139
138 147
138 148
138 149
138 175
138 176
138 177
138 179
138 180
138 181
138 183
138 184
138 185
139 139
139 148
139 149
139 176
139 177
139 180
139 181
139 184
139 185
140 140
140 141
140 142
140 150
140 151
140 152
140 173
140 178
140 182
140 186
141 141
141 142
141 150
141 151
141 152
141 173
141 178
141 182
141 186
142 142
142 143
142 150
142 151
142 152
142 153
142 173
142 178
142 182
142 186
143 143
143 144
143 152
143 153
143 154
144 144
144 145
144 153
144 154
144 155
145 145
145 146
145 147
145 154
145 155
145 156
145 157
145 158
145 179
145 183
146 146
146 147
146 155
146 156
146 157
146 158
146 179
146 183
147 147
147 148
147 155
147 156
147 157
147 158
147 159
147 179
147 180
147 183
147 184
147 187
148 148
148 149
148 157
148 158
148 159
148 160
148 179
148 180
148 181
148 183
148 184
148 185
148 187
148 188
149 149
149 159
149 160
149 180
149 181
149 184
149 185
149 187
149 188
150 150
150 151
150 152
150 161
150 162
150 163
150 164
150 182
150 186
151 151
151 152
151 161
151 162
151 163
151 164
151 182
151 186
152 152
152 153
152 161
152 162
152 163
152 164
152 165
152 182
152 186
153 153
153 154
153 164
153 165
153 166
154 154
154 155
154 165
154 166
154 167
155 155
155 156
155 157
155 158
155 166
155 167
155 168
155 169
155 183
155 189
156 156
156 157
156 158
156 167
156 168
156 169
156 183
156 189
157 157
157 158
157 159
157 167
157 168
157 169
157 170
157 183
157 184
157 187
157 189
157 190
157 191
158 158
158 159
158 167
158 168
158 169
158 170
158 183
158 184
158 187
158 189
158 190
158 191
159 159
159 160
159 169
159 170
159 171
159 183
159 184
159 185
159 187
159 188
159 190
159 191
159 192
160 160
160 170
160 171
160 184
160 185
160 187
160 188
160 191
160 192
161 161
161 162
161 163
161 164
161 186
162 162
162 163
162 164
162 186
163 163
163 164
163 186
164 164
164 165
164 186
165 165
165 166
166 166
166 167
167 167
167 168
167 169
167 189
168 168
168 169
168 189
169 169
169 170
169 187
169 189
169 190
169 191
170 170
170 171
170 187
170 188
170 190
170 191
170 192
171 171
171 187
171 188
171 191
171 192
172 172
172 173
172 178
173 173
173 178
174 174
174 179
175 175
175 176
175 179
175 180
176 176
176 177
176 179
176 180
176 181
177 177
177 180
177 181
178 178
179 179
179 180
179 183
179 184
180 180
180 181
180 183
180 184
180 185
181 181
181 184
181 185
182 182
182 186
183 183
183 184
183 187
184 184
184 185
184 187
184 188
185 185
185 187
185 188
186 186
187 187
187 188
187 190
187 191
187 192
188 188
188 191
188 192
189 189
190 190
190 191
191 191
191 192
192 192
