0 0
0 1
0 5
0 6
0 155
0 156
0 159
1 1
1 2
1 5
1 6
1 7
1 8
1 154
1 155
1 156
2 2
2 3
2 8
2 12
2 153
2 154
2 155
3 3
3 4
3 8
3 12
3 152
3 153
3 154
4 4
4 9
4 12
4 13
4 151
4 152
4 153
5 5
5 6
5 10
5 11
5 156
5 159
5 160
6 6
6 7
6 8
6 10
6 11
6 17
7 7
7 8
7 11
7 17
8 8
8 12
9 9
9 12
9 13
9 14
9 16
9 150
9 151
9 152
10 10
10 11
10 15
10 159
10 160
10 161
11 11
11 15
11 17
11 18
11 23
11 25
12 12
12 13
13 13
13 14
13 16
14 14
14 16
14 19
14 24
14 34
14 35
14 149
14 150
14 151
15 15
15 18
15 22
15 25
15 43
15 160
15 161
15 162
16 16
16 17
16 23
16 24
17 17
17 18
17 23
17 24
18 18
18 23
18 25
18 28
18 33
19 19
19 20
19 21
19 35
19 36
19 148
19 149
19 150
20 20
20 21
20 26
20 27
20 35
20 36
20 53
21 21
21 26
21 27
21 29
21 147
21 148
21 149
22 22
22 25
22 32
22 43
22 44
22 161
22 162
22 163
22 209
23 23
23 24
23 33
23 34
24 24
24 33
24 34
25 25
25 28
25 33
25 42
25 43
26 26
26 27
26 36
26 53
26 198
26 199
26 200
27 27
27 29
27 30
27 199
27 200
27 201
28 28
28 33
28 42
28 43
29 29
29 30
29 31
29 146
29 147
29 148
30 30
30 31
30 200
30 201
31 31
31 38
31 145
31 146
31 147
31 201
31 202
32 32
32 39
32 44
32 162
32 163
32 164
32 209
33 33
33 34
34 34
34 35
35 35
35 36
36 36
36 37
36 53
37 37
37 42
37 44
37 52
37 53
38 38
38 45
38 144
38 145
38 146
38 201
38 202
38 203
39 39
39 40
39 46
39 163
39 164
39 165
39 209
40 40
40 41
40 46
40 47
40 48
40 206
40 207
40 208
40 209
41 41
41 47
41 48
41 205
41 206
41 207
41 210
41 218
41 219
42 42
42 43
42 44
43 43
43 44
44 44
44 52
44 53
44 208
44 209
45 45
45 54
45 143
45 144
45 145
45 202
45 203
45 212
45 213
45 214
46 46
46 47
46 49
46 164
46 165
46 166
47 47
47 48
47 49
47 50
48 48
48 49
48 50
48 217
48 218
48 219
49 49
49 50
49 51
49 165
49 166
49 167
50 50
50 51
50 55
50 59
50 217
50 218
51 51
51 55
51 59
51 63
51 166
51 167
51 168
52 52
52 53
52 198
52 208
52 209
53 53
53 198
53 199
54 54
54 58
54 142
54 143
54 144
54 213
54 214
54 215
55 55
55 56
55 59
55 60
55 216
55 217
56 56
56 57
56 59
56 60
56 61
56 215
56 216
56 217
57 57
57 58
57 60
57 61
57 62
57 215
57 216
58 58
58 61
58 62
58 141
58 142
58 143
58 214
58 215
59 59
59 60
59 63
59 64
59 65
60 60
60 61
60 65
60 66
60 67
61 61
61 62
61 67
61 68
61 69
62 62
62 69
62 76
62 140
62 141
62 142
63 63
63 64
63 70
63 168
63 170
64 64
64 65
64 70
64 71
65 65
65 66
65 70
65 71
65 72
66 66
66 67
66 71
66 72
66 73
67 67
67 68
67 72
67 73
67 74
68 68
68 69
68 73
68 74
68 75
69 69
69 74
69 75
69 76
70 70
70 71
70 77
70 168
70 170
70 172
71 71
71 72
71 77
71 78
72 72
72 73
72 77
72 78
72 79
73 73
73 74
73 78
73 79
73 80
74 74
74 75
74 79
74 80
74 81
74 157
74 158
75 75
75 76
75 80
75 81
75 140
75 157
75 158
76 76
76 81
76 86
76 100
76 139
76 140
76 141
76 157
77 77
77 78
77 82
77 170
77 172
77 174
78 78
78 79
78 82
78 83
79 79
79 80
79 82
79 83
79 84
80 80
80 81
80 83
80 84
80 85
81 81
81 84
81 85
81 86
82 82
82 83
82 87
82 172
82 174
82 176
83 83
83 84
83 87
83 88
84 84
84 85
84 87
84 88
84 89
85 85
85 86
85 88
85 89
86 86
86 89
86 92
86 98
86 99
86 100
86 137
86 139
86 140
87 87
87 88
87 90
87 174
87 176
87 178
88 88
88 89
88 90
88 91
89 89
89 90
89 91
89 92
90 90
90 91
90 93
90 176
90 178
90 180
91 91
91 92
91 93
91 94
92 92
92 93
92 94
92 98
92 99
92 131
92 137
93 93
93 94
93 95
93 132
93 178
93 180
94 94
94 95
94 97
94 98
94 131
95 95
95 96
95 97
95 131
95 132
95 180
95 182
96 96
96 97
96 101
96 102
96 132
96 182
96 184
97 97
97 98
97 102
98 98
98 99
98 102
98 103
99 99
99 100
99 103
99 104
100 100
100 104
101 101
101 102
101 105
101 108
101 182
101 184
102 102
102 103
102 108
102 109
103 103
103 104
103 106
103 108
103 109
104 104
104 106
105 105
105 107
105 108
105 184
105 186
105 187
106 106
106 109
107 107
107 108
107 111
107 112
107 186
107 187
107 188
108 108
108 109
108 110
108 112
109 109
109 110
110 110
110 112
111 111
111 112
111 113
111 114
111 187
111 188
111 189
112 112
112 114
113 113
113 114
113 115
113 116
113 188
113 189
113 190
114 114
114 115
114 116
115 115
115 116
115 117
115 118
115 189
115 190
115 191
116 116
116 117
116 118
117 117
117 118
117 119
117 120
117 190
117 191
117 192
118 118
118 119
118 120
119 119
119 120
119 121
119 122
119 191
119 192
119 193
120 120
120 121
120 122
121 121
121 122
121 123
121 124
121 192
121 193
121 194
122 122
122 123
122 124
123 123
123 124
123 125
123 126
123 193
123 194
123 195
124 124
124 125
124 126
125 125
125 126
125 127
125 128
125 194
125 195
125 196
126 126
126 127
126 128
127 127
127 128
127 129
127 130
127 195
127 196
127 197
128 128
128 129
128 130
129 129
129 130
129 196
129 197
130 130
131 131
131 132
131 133
131 137
132 132
132 133
132 134
132 135
132 180
132 181
132 182
132 183
133 133
133 134
133 137
134 134
134 135
134 136
134 137
134 138
135 135
135 136
135 180
135 181
135 182
135 183
136 136
136 138
137 137
137 138
137 139
138 138
138 139
139 139
139 140
140 140
140 141
140 157
141 141
141 142
142 142
142 143
143 143
143 144
144 144
144 145
145 145
145 146
146 146
146 147
147 147
147 148
148 148
148 149
149 149
149 150
150 150
150 151
151 151
151 152
152 152
152 153
153 153
153 154
154 154
154 155
155 155
155 156
156 156
156 159
157 157
157 158
158 158
159 159
159 160
160 160
160 161
161 161
161 162
162 162
162 163
163 163
163 164
164 164
164 165
165 165
165 166
166 166
166 167
167 167
167 168
167 169
168 168
168 169
168 170
168 171
169 169
169 170
169 171
170 170
170 171
170 172
170 173
171 171
171 172
171 173
172 172
172 173
172 174
172 175
173 173
173 174
173 175
174 174
174 175
174 176
174 177
175 175
175 176
175 177
176 176
176 177
176 178
176 179
177 177
177 178
177 179
178 178
178 179
178 180
178 181
179 179
179 180
179 181
180 180
180 181
181 181
182 182
182 183
182 184
182 185
183 183
183 184
183 185
184 184
184 185
184 186
185 185
185 186
186 186
186 187
187 187
187 188
188 188
188 189
189 189
189 190
190 190
190 191
191 191
191 192
192 192
192 193
193 193
193 194
194 194
194 195
195 195
195 196
196 196
196 197
197 197
198 198
198 199
199 199
199 200
200 200
200 201
201 201
201 202
202 202
202 203
203 203
203 204
203 211
203 212
204 204
204 205
204 210
204 211
204 212
205 205
205 206
205 210
205 211
206 206
206 207
206 210
207 207
207 208
207 209
208 208
208 209
209 209
210 210
210 211
210 219
210 220
211 211
211 212
211 213
211 219
211 220
212 212
212 213
212 220
213 213
213 214
213 220
214 214
214 215
215 215
215 216
216 216
216 217
217 217
217 218
218 218
218 219
219 219
219 220
220 220
