0 0
0 1
0 9
0 10
1 1
1 2
1 9
1 10
1 11
2 2
2 3
2 10
2 11
2 12
3 3
3 4
3 11
3 12
3 13
4 4
4 5
4 12
4 13
4 14
5 5
5 6
5 13
5 14
5 15
6 6
6 7
6 14
6 15
6 16
7 7
7 8
7 15
7 16
7 17
8 8
8 16
8 17
9 9
9 10
9 18
9 19
10 10
10 11
10 18
10 19
10 20
11 11
11 12
11 19
11 20
11 21
12 12
12 13
12 20
12 21
12 22
13 13
13 14
13 21
13 22
13 23
14 14
14 15
14 22
14 23
14 24
15 15
15 16
15 23
15 24
15 25
16 16
16 17
16 24
16 25
16 26
17 17
17 25
17 26
18 18
18 19
18 27
18 28
19 19
19 20
19 27
19 28
19 29
20 20
20 21
20 28
20 29
20 30
21 21
21 22
21 29
21 30
21 31
22 22
22 23
22 30
22 31
22 32
23 23
23 24
23 31
23 32
23 33
24 24
24 25
24 32
24 33
24 34
25 25
25 26
25 33
25 34
25 35
26 26
26 34
26 35
27 27
27 28
28 28
28 29
29 29
29 30
30 30
30 31
30 36
30 37
31 31
31 32
31 36
31 37
31 38
32 32
32 33
32 37
32 38
32 39
33 33
33 34
33 38
33 39
33 40
34 34
34 35
34 39
34 40
34 41
35 35
35 40
35 41
36 36
36 37
36 42
36 43
37 37
37 38
37 42
37 43
37 44
38 38
38 39
38 43
38 44
38 45
39 39
39 40
39 44
39 45
39 46
40 40
40 41
40 45
40 46
40 47
41 41
41 46
41 47
42 42
42 43
42 48
42 49
43 43
43 44
43 48
43 49
43 50
44 44
44 45
44 49
44 50
44 51
45 45
45 46
45 50
45 51
45 52
46 46
46 47
46 51
46 52
46 53
47 47
47 52
47 53
48 48
48 49
48 54
48 55
49 49
49 50
49 54
49 55
49 56
50 50
50 51
50 55
50 56
50 57
51 51
51 52
51 56
51 57
51 58
52 52
52 53
52 57
52 58
52 59
53 53
53 58
53 59
54 54
54 55
54 61
54 62
55 55
55 56
55 61
55 62
55 63
56 56
56 57
56 62
56 63
56 64
57 57
57 58
57 63
57 64
57 65
58 58
58 59
58 64
58 65
58 66
59 59
59 60
59 65
59 66
59 67
59 96
60 60
60 66
60 67
60 96
61 61
61 62
61 68
61 69
62 62
62 63
62 68
62 69
62 70
63 63
63 64
63 69
63 70
63 71
64 64
64 65
64 70
64 71
64 72
65 65
65 66
65 71
65 72
65 73
65 97
66 66
66 67
66 72
66 73
66 96
66 97
67 67
67 73
67 97
68 68
68 69
68 74
68 75
69 69
69 70
69 74
69 75
69 76
70 70
70 71
70 75
70 76
70 77
71 71
71 72
71 76
71 77
71 78
71 99
72 72
72 73
72 77
72 78
72 97
72 99
73 73
73 78
73 96
73 99
74 74
74 75
74 79
74 80
75 75
75 76
75 79
75 80
75 81
76 76
76 77
76 80
76 81
76 82
76 102
77 77
77 78
77 81
77 82
77 99
77 102
78 78
78 82
78 97
78 102
79 79
79 80
79 83
79 84
80 80
80 81
80 83
80 84
80 85
81 81
81 82
81 84
81 85
81 86
81 102
81 106
82 82
82 86
82 99
82 106
83 83
83 84
83 87
83 88
84 84
84 85
84 87
84 88
84 89
85 85
85 86
85 88
85 89
85 106
86 86
86 102
87 87
87 88
87 90
87 91
88 88
88 89
88 90
88 91
88 92
89 89
89 91
89 92
90 90
90 91
90 93
90 94
91 91
91 92
91 93
91 94
91 95
92 92
92 94
92 95
93 93
93 94
94 94
94 95
95 95
96 96
96 97
96 98
97 97
97 98
97 99
97 100
97 101
98 98
98 100
98 101
99 99
99 100
99 102
99 103
99 104
100 100
100 101
100 103
100 104
100 105
101 101
101 104
101 105
102 102
102 103
102 106
102 107
102 108
103 103
103 104
103 107
103 108
103 109
104 104
104 105
104 108
104 109
104 110
105 105
105 109
105 110
106 106
106 107
106 111
106 112
107 107
107 108
107 111
107 112
107 113
108 108
108 109
108 112
108 113
108 114
109 109
109 110
109 113
109 114
109 115
110 110
110 114
110 115
111 111
111 112
111 116
111 117
111 121
111 122
112 112
112 113
112 116
112 117
112 118
112 121
112 122
112 123
113 113
113 114
113 117
113 118
113 119
113 122
113 123
113 124
114 114
114 115
114 118
114 119
114 120
114 123
114 124
114 125
115 115
115 119
115 120
115 124
115 125
116 116
116 117
116 122
117 117
117 118
117 121
117 123
118 118
118 119
118 122
118 124
119 119
119 120
119 123
119 125
120 120
120 124
121 121
121 122
121 133
121 134
122 122
122 123
122 133
122 134
122 135
123 123
123 124
123 134
123 135
123 136
124 124
124 125
124 135
124 136
124 137
125 125
125 126
125 136
125 137
125 138
126 126
126 127
126 137
126 138
126 139
127 127
127 128
127 138
127 139
127 140
128 128
128 129
128 139
128 140
128 141
129 129
129 130
129 140
129 141
129 142
130 130
130 131
130 141
130 142
130 143
131 131
131 132
131 142
131 143
131 144
132 132
132 143
132 144
132 699
132 709
133 133
133 134
133 145
133 146
134 134
134 135
134 145
134 146
134 147
135 135
135 136
135 146
135 147
135 148
136 136
136 137
136 147
136 148
136 149
137 137
137 138
137 148
137 149
137 150
138 138
138 139
138 149
138 150
138 151
139 139
139 140
139 150
139 151
139 152
140 140
140 141
140 151
140 152
140 153
141 141
141 142
141 152
141 153
141 154
142 142
142 143
142 153
142 154
142 155
143 143
143 144
143 154
143 155
143 156
144 144
144 155
144 156
144 699
144 709
144 719
145 145
145 146
145 157
145 158
146 146
146 147
146 157
146 158
146 159
147 147
147 148
147 158
147 159
147 160
148 148
148 149
148 159
148 160
148 161
149 149
149 150
149 160
149 161
149 162
150 150
150 151
150 161
150 162
150 163
151 151
151 152
151 162
151 163
151 164
152 152
152 153
152 163
152 164
152 165
153 153
153 154
153 164
153 165
153 166
154 154
154 155
154 165
154 166
154 167
155 155
155 156
155 166
155 167
155 168
156 156
156 167
156 168
156 709
156 719
156 729
157 157
157 158
157 169
157 170
158 158
158 159
158 169
158 170
158 171
159 159
159 160
159 170
159 171
159 172
160 160
160 161
160 171
160 172
160 173
161 161
161 162
161 172
161 173
161 174
162 162
162 163
162 173
162 174
162 175
163 163
163 164
163 174
163 175
163 176
164 164
164 165
164 175
164 176
164 177
165 165
165 166
165 176
165 177
165 178
166 166
166 167
166 177
166 178
166 179
167 167
167 168
167 178
167 179
167 180
168 168
168 179
168 180
168 719
168 729
168 739
169 169
169 170
169 181
169 182
170 170
170 171
170 181
170 182
170 183
171 171
171 172
171 182
171 183
171 184
172 172
172 173
172 183
172 184
172 185
173 173
173 174
173 184
173 185
173 186
174 174
174 175
174 185
174 186
174 187
175 175
175 176
175 186
175 187
175 188
176 176
176 177
176 187
176 188
176 189
177 177
177 178
177 188
177 189
177 190
178 178
178 179
178 189
178 190
178 191
179 179
179 180
179 190
179 191
179 192
180 180
180 191
180 192
180 729
180 739
180 749
181 181
181 182
181 193
181 194
182 182
182 183
182 193
182 194
182 195
183 183
183 184
183 194
183 195
183 196
184 184
184 185
184 195
184 196
184 197
185 185
185 186
185 196
185 197
185 198
186 186
186 187
186 197
186 198
186 199
187 187
187 188
187 198
187 199
187 200
188 188
188 189
188 199
188 200
188 201
189 189
189 190
189 200
189 201
189 202
190 190
190 191
190 201
190 202
190 203
191 191
191 192
191 202
191 203
191 204
192 192
192 203
192 204
192 739
192 749
192 759
193 193
193 194
193 205
193 206
194 194
194 195
194 205
194 206
194 207
195 195
195 196
195 206
195 207
195 208
196 196
196 197
196 207
196 208
196 209
197 197
197 198
197 208
197 209
197 210
198 198
198 199
198 209
198 210
198 211
199 199
199 200
199 210
199 211
199 212
200 200
200 201
200 211
200 212
200 213
201 201
201 202
201 212
201 213
201 214
202 202
202 203
202 213
202 214
202 215
203 203
203 204
203 214
203 215
203 216
204 204
204 215
204 216
204 749
204 759
204 769
205 205
205 206
205 217
205 218
206 206
206 207
206 217
206 218
206 219
207 207
207 208
207 218
207 219
207 220
208 208
208 209
208 219
208 220
208 221
209 209
209 210
209 220
209 221
209 222
210 210
210 211
210 221
210 222
210 223
211 211
211 212
211 222
211 223
211 224
212 212
212 213
212 223
212 224
212 225
213 213
213 214
213 224
213 225
213 226
214 214
214 215
214 225
214 226
214 227
215 215
215 216
215 226
215 227
215 228
216 216
216 227
216 228
216 759
216 769
216 779
217 217
217 218
217 229
217 230
218 218
218 219
218 229
218 230
218 231
219 219
219 220
219 230
219 231
219 232
220 220
220 221
220 231
220 232
220 233
221 221
221 222
221 232
221 233
221 234
222 222
222 223
222 233
222 234
222 235
223 223
223 224
223 234
223 235
223 236
224 224
224 225
224 235
224 236
224 237
225 225
225 226
225 236
225 237
225 238
226 226
226 227
226 237
226 238
226 239
227 227
227 228
227 238
227 239
227 240
228 228
228 239
228 240
228 769
228 779
228 789
229 229
229 230
229 241
229 242
230 230
230 231
230 241
230 242
230 243
231 231
231 232
231 242
231 243
231 244
232 232
232 233
232 243
232 244
232 245
233 233
233 234
233 244
233 245
233 246
234 234
234 235
234 245
234 246
234 247
235 235
235 236
235 246
235 247
235 248
236 236
236 237
236 247
236 248
236 249
237 237
237 238
237 248
237 249
237 250
238 238
238 239
238 249
238 250
238 251
239 239
239 240
239 250
239 251
239 252
240 240
240 251
240 252
240 779
240 789
240 799
241 241
241 242
241 253
241 254
241 276
241 277
242 242
242 243
242 253
242 254
242 255
242 276
242 277
242 278
243 243
243 244
243 254
243 255
243 256
243 277
243 278
243 279
244 244
244 245
244 255
244 256
244 257
244 278
244 279
244 280
245 245
245 246
245 256
245 257
245 258
245 279
245 280
245 281
246 246
246 247
246 257
246 258
246 259
246 280
246 281
246 282
247 247
247 248
247 258
247 259
247 260
247 281
247 282
247 283
248 248
248 249
248 259
248 260
248 261
248 282
248 283
248 284
249 249
249 250
249 260
249 261
249 262
249 283
249 284
249 285
250 250
250 251
250 262
250 263
250 285
250 286
251 251
251 252
251 263
251 264
251 265
251 286
252 252
252 264
252 265
252 789
252 799
252 809
253 253
253 254
253 277
254 254
254 255
254 276
254 278
255 255
255 256
255 277
255 279
256 256
256 257
256 278
256 280
257 257
257 258
257 279
257 281
258 258
258 259
258 280
258 282
259 259
259 260
259 281
259 283
260 260
260 261
260 282
260 284
261 261
261 262
261 283
261 285
262 262
262 263
262 284
262 286
263 263
263 264
263 285
264 264
264 265
264 266
264 267
264 286
265 265
265 266
265 267
265 799
265 809
265 819
266 266
266 267
266 268
266 269
267 267
267 268
267 269
267 809
267 819
267 829
268 268
268 269
268 270
268 271
269 269
269 270
269 271
269 819
269 829
269 839
270 270
270 271
270 272
270 273
271 271
271 272
271 273
271 829
271 839
271 849
272 272
272 273
272 274
272 275
273 273
273 274
273 275
273 839
273 849
273 859
274 274
274 275
275 275
275 849
275 859
276 276
276 277
276 287
276 288
276 298
276 299
277 277
277 278
277 287
277 288
277 289
277 298
277 299
277 300
278 278
278 279
278 288
278 289
278 290
278 299
278 300
278 301
279 279
279 280
279 289
279 290
279 291
279 300
279 301
279 302
280 280
280 281
280 290
280 291
280 292
280 301
280 302
280 303
281 281
281 282
281 291
281 292
281 293
281 302
281 303
281 304
282 282
282 283
282 292
282 293
282 294
282 303
282 304
282 305
283 283
283 284
283 293
283 294
283 295
283 304
283 305
283 306
284 284
284 285
284 294
284 295
284 296
284 305
284 306
284 307
285 285
285 286
285 295
285 296
285 297
285 306
285 307
285 308
286 286
286 296
286 297
286 307
286 308
287 287
287 288
287 299
288 288
288 289
288 298
288 300
289 289
289 290
289 299
289 301
290 290
290 291
290 300
290 302
291 291
291 292
291 301
291 303
292 292
292 293
292 302
292 304
293 293
293 294
293 303
293 305
294 294
294 295
294 304
294 306
295 295
295 296
295 305
295 307
296 296
296 297
296 306
296 308
297 297
297 307
298 298
298 299
298 310
298 311
299 299
299 300
299 310
299 311
299 312
300 300
300 301
300 311
300 312
300 313
301 301
301 302
301 312
301 313
301 314
302 302
302 303
302 313
302 314
302 315
303 303
303 304
303 314
303 315
303 316
304 304
304 305
304 315
304 316
304 317
305 305
305 306
305 316
305 317
305 318
306 306
306 307
306 317
306 318
306 319
307 307
307 308
307 318
307 319
307 320
308 308
308 309
308 319
308 320
308 321
309 309
309 320
309 321
310 310
310 311
310 322
310 323
311 311
311 312
311 322
311 323
311 324
312 312
312 313
312 323
312 324
312 325
313 313
313 314
313 324
313 325
313 326
314 314
314 315
314 325
314 326
314 327
315 315
315 316
315 326
315 327
315 328
316 316
316 317
316 327
316 328
316 329
317 317
317 318
317 328
317 329
317 330
318 318
318 319
318 329
318 330
318 331
319 319
319 320
319 330
319 331
319 332
320 320
320 321
320 331
320 332
320 333
321 321
321 332
321 333
322 322
322 323
322 334
322 335
323 323
323 324
323 334
323 335
323 336
324 324
324 325
324 335
324 336
324 337
325 325
325 326
325 336
325 337
325 338
326 326
326 327
326 337
326 338
326 339
327 327
327 328
327 338
327 339
327 340
328 328
328 329
328 339
328 340
328 341
329 329
329 330
329 340
329 341
329 342
330 330
330 331
330 341
330 342
330 343
331 331
331 332
331 342
331 343
331 344
332 332
332 333
332 343
332 344
332 345
333 333
333 344
333 345
334 334
334 335
334 346
334 347
335 335
335 336
335 346
335 347
335 348
336 336
336 337
336 347
336 348
336 349
337 337
337 338
337 348
337 349
337 350
338 338
338 339
338 349
338 350
338 351
339 339
339 340
339 350
339 351
339 352
340 340
340 341
340 351
340 352
340 353
341 341
341 342
341 352
341 353
341 354
342 342
342 343
342 353
342 354
342 355
343 343
343 344
343 354
343 355
343 356
344 344
344 345
344 355
344 356
344 357
345 345
345 356
345 357
346 346
346 347
346 358
346 359
347 347
347 348
347 358
347 359
347 360
348 348
348 349
348 359
348 360
348 361
349 349
349 350
349 360
349 361
349 362
350 350
350 351
350 361
350 362
350 363
351 351
351 352
351 362
351 363
351 364
352 352
352 353
352 363
352 364
352 365
353 353
353 354
353 364
353 365
353 366
354 354
354 355
354 365
354 366
354 367
355 355
355 356
355 366
355 367
355 368
356 356
356 357
356 367
356 368
356 369
357 357
357 368
357 369
358 358
358 359
358 370
358 371
359 359
359 360
359 370
359 371
359 372
360 360
360 361
360 371
360 372
360 373
361 361
361 362
361 372
361 373
361 374
362 362
362 363
362 373
362 374
362 375
363 363
363 364
363 374
363 375
363 376
364 364
364 365
364 375
364 376
364 377
365 365
365 366
365 376
365 377
365 378
366 366
366 367
366 377
366 378
366 379
367 367
367 368
367 378
367 379
367 380
368 368
368 369
368 379
368 380
368 381
369 369
369 380
369 381
370 370
370 371
370 382
370 383
371 371
371 372
371 382
371 383
371 384
372 372
372 373
372 383
372 384
372 385
373 373
373 374
373 384
373 385
373 386
374 374
374 375
374 385
374 386
374 387
375 375
375 376
375 386
375 387
375 388
376 376
376 377
376 387
376 388
376 389
377 377
377 378
377 388
377 389
377 390
378 378
378 379
378 389
378 390
378 391
379 379
379 380
379 390
379 391
379 392
379 444
380 380
380 381
380 391
380 392
380 444
381 381
381 392
381 444
382 382
382 383
382 393
382 394
383 383
383 384
383 393
383 394
383 395
384 384
384 385
384 394
384 395
384 396
385 385
385 386
385 395
385 396
385 397
386 386
386 387
386 396
386 397
386 398
387 387
387 388
387 397
387 398
387 399
388 388
388 389
388 398
388 399
388 400
389 389
389 390
389 399
389 400
389 401
390 390
390 391
390 400
390 401
390 402
390 447
391 391
391 392
391 401
391 402
391 444
391 447
392 392
392 402
392 447
393 393
393 394
393 403
393 404
394 394
394 395
394 403
394 404
394 405
395 395
395 396
395 404
395 405
395 406
396 396
396 397
396 405
396 406
396 407
397 397
397 398
397 406
397 407
397 408
398 398
398 399
398 407
398 408
398 409
399 399
399 400
399 408
399 409
399 410
400 400
400 401
400 409
400 410
400 411
400 451
401 401
401 402
401 410
401 411
401 447
401 451
402 402
402 411
402 444
402 451
403 403
403 404
403 412
403 413
404 404
404 405
404 412
404 413
404 414
405 405
405 406
405 413
405 414
405 415
406 406
406 407
406 414
406 415
406 416
407 407
407 408
407 415
407 416
407 417
408 408
408 409
408 416
408 417
408 418
409 409
409 410
409 417
409 418
409 419
409 456
410 410
410 411
410 418
410 419
410 451
410 456
411 411
411 419
411 447
411 456
412 412
412 413
412 420
412 421
413 413
413 414
413 420
413 421
413 422
414 414
414 415
414 421
414 422
414 423
415 415
415 416
415 422
415 423
415 424
416 416
416 417
416 423
416 424
416 425
417 417
417 418
417 424
417 425
417 426
417 462
418 418
418 419
418 425
418 426
418 456
418 462
419 419
419 426
419 451
419 462
420 420
420 421
420 427
420 428
421 421
421 422
421 427
421 428
421 429
422 422
422 423
422 428
422 429
422 430
423 423
423 424
423 429
423 430
423 431
424 424
424 425
424 430
424 431
424 432
424 469
425 425
425 426
425 431
425 432
425 462
425 469
426 426
426 432
426 456
426 469
427 427
427 428
427 433
427 434
428 428
428 429
428 433
428 434
428 435
429 429
429 430
429 434
429 435
429 436
430 430
430 431
430 435
430 436
430 437
430 478
431 431
431 432
431 436
431 437
431 469
431 478
432 432
432 437
432 462
432 478
433 433
433 434
433 438
433 439
434 434
434 435
434 438
434 439
435 435
435 436
435 439
435 440
435 441
435 477
435 488
436 436
436 437
436 440
436 477
436 478
437 437
437 440
437 469
437 477
438 438
438 439
438 442
438 443
438 487
439 439
439 441
439 442
439 487
439 488
440 440
440 441
440 478
440 488
441 441
441 442
441 477
441 487
442 442
442 443
442 488
443 443
443 487
444 444
444 445
444 447
444 448
444 449
445 445
445 446
445 448
445 449
445 450
446 446
446 449
446 450
447 447
447 448
447 451
447 452
447 453
448 448
448 449
448 452
448 453
448 454
449 449
449 450
449 453
449 454
449 455
450 450
450 454
450 455
451 451
451 452
451 456
451 457
451 458
452 452
452 453
452 457
452 458
452 459
453 453
453 454
453 458
453 459
453 460
454 454
454 455
454 459
454 460
454 461
455 455
455 460
455 461
456 456
456 457
456 462
456 463
456 464
457 457
457 458
457 463
457 464
457 465
458 458
458 459
458 464
458 465
458 466
459 459
459 460
459 465
459 466
459 467
460 460
460 461
460 466
460 467
460 468
461 461
461 467
461 468
462 462
462 463
462 469
462 470
462 471
463 463
463 464
463 470
463 471
463 472
464 464
464 465
464 471
464 472
464 473
465 465
465 466
465 472
465 473
465 474
466 466
466 467
466 473
466 474
466 475
467 467
467 468
467 474
467 475
467 476
468 468
468 475
468 476
469 469
469 470
469 478
469 479
470 470
470 471
470 479
470 480
470 481
471 471
471 472
471 480
471 481
471 482
472 472
472 473
472 481
472 482
472 483
473 473
473 474
473 482
473 483
473 484
474 474
474 475
474 483
474 484
474 485
475 475
475 476
475 484
475 485
475 486
476 476
476 485
476 486
477 477
477 478
477 488
477 489
477 500
478 478
478 479
478 489
479 479
479 480
479 489
479 490
479 491
480 480
480 481
480 490
480 491
480 492
481 481
481 482
481 491
481 492
481 493
482 482
482 483
482 492
482 493
482 494
483 483
483 484
483 493
483 494
483 495
484 484
484 485
484 494
484 495
484 496
485 485
485 486
485 495
485 496
485 497
486 486
486 496
486 497
487 487
487 488
487 498
487 499
488 488
488 499
488 500
489 489
489 490
489 500
489 501
489 502
490 490
490 491
490 501
490 502
490 503
491 491
491 492
491 502
491 503
491 504
492 492
492 493
492 503
492 504
492 505
493 493
493 494
493 504
493 505
493 506
494 494
494 495
494 505
494 506
494 507
495 495
495 496
495 506
495 507
495 508
496 496
496 497
496 507
496 508
496 509
497 497
497 508
497 509
498 498
498 499
498 510
498 511
499 499
499 500
499 510
499 511
499 512
500 500
500 501
500 511
500 512
500 513
501 501
501 502
501 512
501 513
501 514
502 502
502 503
502 513
502 514
502 515
503 503
503 504
503 514
503 515
503 516
504 504
504 505
504 515
504 516
504 517
505 505
505 506
505 516
505 517
505 518
506 506
506 507
506 517
506 518
506 519
507 507
507 508
507 518
507 519
507 520
508 508
508 509
508 519
508 520
508 521
509 509
509 520
509 521
510 510
510 511
510 522
510 523
511 511
511 512
511 522
511 523
511 524
512 512
512 513
512 523
512 524
512 525
513 513
513 514
513 524
513 525
513 526
514 514
514 515
514 525
514 526
514 527
515 515
515 516
515 526
515 527
515 528
516 516
516 517
516 527
516 528
516 529
517 517
517 518
517 528
517 529
517 530
518 518
518 519
518 529
518 530
518 531
519 519
519 520
519 530
519 531
519 532
520 520
520 521
520 531
520 532
520 533
521 521
521 532
521 533
522 522
522 523
522 534
522 535
523 523
523 524
523 534
523 535
523 536
524 524
524 525
524 535
524 536
524 537
525 525
525 526
525 536
525 537
525 538
526 526
526 527
526 537
526 538
526 539
527 527
527 528
527 538
527 539
527 540
528 528
528 529
528 539
528 540
528 541
529 529
529 530
529 540
529 541
529 542
530 530
530 531
530 541
530 542
530 543
531 531
531 532
531 542
531 543
531 544
532 532
532 533
532 543
532 544
532 545
533 533
533 544
533 545
534 534
534 535
534 546
535 535
535 536
535 546
535 547
535 581
536 536
536 537
536 547
536 548
536 581
536 582
537 537
537 538
537 547
537 548
537 549
537 581
537 582
537 583
538 538
538 539
538 548
538 549
538 550
538 582
538 583
538 584
539 539
539 540
539 549
539 550
539 551
539 583
539 584
539 585
540 540
540 541
540 550
540 551
540 552
540 584
540 585
540 586
541 541
541 542
541 551
541 552
541 553
541 585
541 586
541 587
542 542
542 543
542 552
542 553
542 554
542 586
542 587
542 588
543 543
543 544
543 553
543 554
543 555
543 587
543 588
543 589
544 544
544 545
544 554
544 555
544 556
544 588
544 589
544 590
545 545
545 555
545 556
545 589
545 590
546 546
546 547
546 557
546 558
546 581
547 547
547 548
547 557
547 558
547 582
548 548
548 549
548 581
548 583
549 549
549 550
549 582
549 584
550 550
550 551
550 583
550 585
551 551
551 552
551 584
551 586
552 552
552 553
552 585
552 587
553 553
553 554
553 586
553 588
554 554
554 555
554 587
554 589
555 555
555 556
555 588
555 590
556 556
556 589
557 557
557 558
557 559
557 560
557 581
558 558
558 559
558 560
558 581
559 559
559 560
559 561
559 562
560 560
560 561
560 562
561 561
561 562
561 563
561 564
562 562
562 563
562 564
563 563
563 564
563 565
563 566
564 564
564 565
564 566
565 565
565 566
565 567
565 568
566 566
566 567
566 568
567 567
567 568
567 569
567 570
568 568
568 569
568 570
569 569
569 570
569 571
569 572
570 570
570 571
570 572
571 571
571 572
571 573
571 574
572 572
572 573
572 574
573 573
573 574
573 575
573 576
574 574
574 575
574 576
575 575
575 576
575 577
575 578
576 576
576 577
576 578
577 577
577 578
577 579
577 580
578 578
578 579
578 580
579 579
579 580
580 580
581 581
581 582
581 591
581 592
582 582
582 583
582 591
582 592
582 593
583 583
583 584
583 592
583 593
583 594
584 584
584 585
584 593
584 594
584 595
585 585
585 586
585 594
585 595
585 596
586 586
586 587
586 595
586 596
586 597
587 587
587 588
587 596
587 597
588 588
588 589
588 597
588 598
589 589
589 590
589 597
589 598
589 599
590 590
590 598
590 599
591 591
591 592
591 600
591 601
592 592
592 593
592 600
592 601
592 602
593 593
593 594
593 601
593 602
593 603
594 594
594 595
594 602
594 603
594 604
595 595
595 596
595 603
595 604
595 605
596 596
596 597
596 604
596 605
596 606
597 597
597 598
597 605
597 606
597 607
598 598
598 599
598 606
598 607
598 608
599 599
599 607
599 608
600 600
600 601
600 609
600 610
601 601
601 602
601 609
601 610
601 611
602 602
602 603
602 610
602 611
602 612
603 603
603 604
603 611
603 612
603 613
604 604
604 605
604 612
604 613
604 614
605 605
605 606
605 613
605 614
605 615
606 606
606 607
606 614
606 615
606 616
607 607
607 608
607 615
607 616
607 617
608 608
608 616
608 617
609 609
609 610
609 618
609 619
610 610
610 611
610 618
610 619
610 620
611 611
611 612
611 619
611 620
611 621
612 612
612 613
612 620
612 621
612 622
613 613
613 614
613 621
613 622
613 623
614 614
614 615
614 622
614 623
614 624
615 615
615 616
615 623
615 624
615 625
616 616
616 617
616 624
616 625
616 626
617 617
617 625
617 626
618 618
618 619
618 627
618 628
619 619
619 620
619 627
619 628
619 629
620 620
620 621
620 628
620 629
620 630
621 621
621 622
621 629
621 630
621 631
622 622
622 623
622 630
622 631
622 632
623 623
623 624
623 631
623 632
623 633
624 624
624 625
624 632
624 633
624 634
625 625
625 626
625 633
625 634
625 635
626 626
626 634
626 635
627 627
627 628
627 636
627 637
628 628
628 629
628 636
628 637
628 638
629 629
629 630
629 637
629 638
629 639
630 630
630 631
630 638
630 639
630 640
631 631
631 632
631 639
631 640
631 641
632 632
632 633
632 640
632 641
632 642
633 633
633 634
633 641
633 642
633 643
634 634
634 635
634 642
634 643
634 644
635 635
635 643
635 644
636 636
636 637
636 645
636 646
637 637
637 638
637 645
637 646
637 647
638 638
638 639
638 646
638 647
638 648
639 639
639 640
639 647
639 648
639 649
640 640
640 641
640 648
640 649
640 650
641 641
641 642
641 649
641 650
641 651
642 642
642 643
642 650
642 651
642 652
643 643
643 644
643 651
643 652
643 653
644 644
644 652
644 653
645 645
645 646
645 654
645 655
646 646
646 647
646 654
646 655
646 656
647 647
647 648
647 655
647 656
647 657
648 648
648 649
648 656
648 657
648 658
649 649
649 650
649 657
649 658
649 659
650 650
650 651
650 658
650 659
650 660
651 651
651 652
651 659
651 660
651 661
652 652
652 653
652 660
652 661
652 662
653 653
653 661
653 662
654 654
654 655
654 663
654 664
655 655
655 656
655 663
655 664
655 665
656 656
656 657
656 664
656 665
656 666
657 657
657 658
657 665
657 666
657 667
658 658
658 659
658 666
658 667
658 668
659 659
659 660
659 667
659 668
659 669
660 660
660 661
660 668
660 669
660 670
661 661
661 662
661 669
661 670
661 671
662 662
662 670
662 671
663 663
663 664
663 672
663 673
664 664
664 665
664 672
664 673
664 674
665 665
665 666
665 673
665 674
665 675
666 666
666 667
666 674
666 675
666 676
667 667
667 668
667 675
667 676
667 677
668 668
668 669
668 676
668 677
668 678
669 669
669 670
669 677
669 678
669 679
670 670
670 671
670 678
670 679
670 680
671 671
671 679
671 680
672 672
672 673
672 681
672 682
673 673
673 674
673 681
673 682
673 683
674 674
674 675
674 682
674 683
674 684
675 675
675 676
675 683
675 684
675 685
676 676
676 677
676 684
676 685
676 686
677 677
677 678
677 685
677 686
677 687
678 678
678 679
678 686
678 687
678 688
679 679
679 680
679 687
679 688
679 689
680 680
680 688
680 689
681 681
681 682
681 690
681 691
682 682
682 683
682 690
682 691
682 692
683 683
683 684
683 691
683 692
683 693
684 684
684 685
684 692
684 693
684 694
685 685
685 686
685 693
685 694
685 695
686 686
686 687
686 694
686 695
686 696
687 687
687 688
687 695
687 696
687 697
688 688
688 689
688 696
688 697
688 698
689 689
689 697
689 698
690 690
690 691
691 691
691 692
692 692
692 693
693 693
693 694
694 694
694 695
695 695
695 696
696 696
696 697
697 697
697 698
698 698
699 699
699 700
699 709
699 710
700 700
700 701
700 709
700 710
700 711
701 701
701 702
701 710
701 711
701 712
702 702
702 703
702 711
702 712
702 713
703 703
703 704
703 712
703 713
703 714
704 704
704 705
704 713
704 714
704 715
705 705
705 706
705 714
705 715
705 716
706 706
706 707
706 715
706 716
706 717
707 707
707 708
707 716
707 717
707 718
708 708
708 717
708 718
709 709
709 710
709 719
709 720
710 710
710 711
710 719
710 720
710 721
711 711
711 712
711 720
711 721
711 722
712 712
712 713
712 721
712 722
712 723
713 713
713 714
713 722
713 723
713 724
714 714
714 715
714 723
714 724
714 725
715 715
715 716
715 724
715 725
715 726
716 716
716 717
716 725
716 726
716 727
717 717
717 718
717 726
717 727
717 728
718 718
718 727
718 728
719 719
719 720
719 729
719 730
720 720
720 721
720 729
720 730
720 731
721 721
721 722
721 730
721 731
721 732
722 722
722 723
722 731
722 732
722 733
723 723
723 724
723 732
723 733
723 734
724 724
724 725
724 733
724 734
724 735
725 725
725 726
725 734
725 735
725 736
726 726
726 727
726 735
726 736
726 737
727 727
727 728
727 736
727 737
727 738
728 728
728 737
728 738
729 729
729 730
729 739
729 740
730 730
730 731
730 739
730 740
730 741
731 731
731 732
731 740
731 741
731 742
732 732
732 733
732 741
732 742
732 743
733 733
733 734
733 742
733 743
733 744
734 734
734 735
734 743
734 744
734 745
735 735
735 736
735 744
735 745
735 746
736 736
736 737
736 745
736 746
736 747
737 737
737 738
737 746
737 747
737 748
738 738
738 747
738 748
739 739
739 740
739 749
739 750
740 740
740 741
740 749
740 750
740 751
741 741
741 742
741 750
741 751
741 752
742 742
742 743
742 751
742 752
742 753
743 743
743 744
743 752
743 753
743 754
744 744
744 745
744 753
744 754
744 755
745 745
745 746
745 754
745 755
745 756
746 746
746 747
746 755
746 756
746 757
747 747
747 748
747 756
747 757
747 758
748 748
748 757
748 758
749 749
749 750
749 759
749 760
750 750
750 751
750 759
750 760
750 761
751 751
751 752
751 760
751 761
751 762
752 752
752 753
752 761
752 762
752 763
753 753
753 754
753 762
753 763
753 764
754 754
754 755
754 763
754 764
754 765
755 755
755 756
755 764
755 765
755 766
756 756
756 757
756 765
756 766
756 767
757 757
757 758
757 766
757 767
757 768
758 758
758 767
758 768
759 759
759 760
759 769
759 770
760 760
760 761
760 769
760 770
760 771
761 761
761 762
761 770
761 771
761 772
762 762
762 763
762 771
762 772
762 773
763 763
763 764
763 772
763 773
763 774
764 764
764 765
764 773
764 774
764 775
765 765
765 766
765 774
765 775
765 776
766 766
766 767
766 775
766 776
766 777
767 767
767 768
767 776
767 777
767 778
768 768
768 777
768 778
769 769
769 770
769 779
769 780
770 770
770 771
770 779
770 780
770 781
771 771
771 772
771 780
771 781
771 782
772 772
772 773
772 781
772 782
772 783
773 773
773 774
773 782
773 783
773 784
774 774
774 775
774 783
774 784
774 785
775 775
775 776
775 784
775 785
775 786
776 776
776 777
776 785
776 786
776 787
777 777
777 778
777 786
777 787
777 788
778 778
778 787
778 788
779 779
779 780
779 789
779 790
780 780
780 781
780 789
780 790
780 791
781 781
781 782
781 790
781 791
781 792
782 782
782 783
782 791
782 792
782 793
783 783
783 784
783 792
783 793
783 794
784 784
784 785
784 793
784 794
784 795
785 785
785 786
785 794
785 795
785 796
786 786
786 787
786 795
786 796
786 797
787 787
787 788
787 796
787 797
787 798
788 788
788 797
788 798
789 789
789 790
789 799
789 800
790 790
790 791
790 799
790 800
790 801
791 791
791 792
791 800
791 801
791 802
792 792
792 793
792 801
792 802
792 803
793 793
793 794
793 802
793 803
793 804
794 794
794 795
794 803
794 804
794 805
795 795
795 796
795 804
795 805
795 806
796 796
796 797
796 805
796 806
796 807
797 797
797 798
797 806
797 807
797 808
798 798
798 807
798 808
799 799
799 800
799 809
799 810
800 800
800 801
800 809
800 810
800 811
801 801
801 802
801 810
801 811
801 812
802 802
802 803
802 811
802 812
802 813
803 803
803 804
803 812
803 813
803 814
804 804
804 805
804 813
804 814
804 815
805 805
805 806
805 814
805 815
805 816
806 806
806 807
806 815
806 816
806 817
807 807
807 808
807 816
807 817
807 818
808 808
808 817
808 818
809 809
809 810
809 819
809 820
810 810
810 811
810 819
810 820
810 821
811 811
811 812
811 820
811 821
811 822
812 812
812 813
812 821
812 822
812 823
813 813
813 814
813 822
813 823
813 824
814 814
814 815
814 823
814 824
814 825
815 815
815 816
815 824
815 825
815 826
816 816
816 817
816 825
816 826
816 827
817 817
817 818
817 826
817 827
817 828
818 818
818 827
818 828
819 819
819 820
819 829
819 830
820 820
820 821
820 829
820 830
820 831
821 821
821 822
821 830
821 831
821 832
822 822
822 823
822 831
822 832
822 833
823 823
823 824
823 832
823 833
823 834
824 824
824 825
824 833
824 834
824 835
825 825
825 826
825 834
825 835
825 836
826 826
826 827
826 835
826 836
826 837
827 827
827 828
827 836
827 837
827 838
828 828
828 837
828 838
829 829
829 830
829 839
829 840
830 830
830 831
830 839
830 840
830 841
831 831
831 832
831 840
831 841
831 842
832 832
832 833
832 841
832 842
832 843
833 833
833 834
833 842
833 843
833 844
834 834
834 835
834 843
834 844
834 845
835 835
835 836
835 844
835 845
835 846
836 836
836 837
836 845
836 846
836 847
837 837
837 838
837 846
837 847
837 848
838 838
838 847
838 848
839 839
839 840
839 849
839 850
840 840
840 841
840 849
840 850
840 851
841 841
841 842
841 850
841 851
841 852
842 842
842 843
842 851
842 852
842 853
843 843
843 844
843 852
843 853
843 854
844 844
844 845
844 853
844 854
844 855
845 845
845 846
845 854
845 855
845 856
846 846
846 847
846 855
846 856
846 857
847 847
847 848
847 856
847 857
847 858
848 848
848 857
848 858
849 849
849 850
849 859
849 860
850 850
850 851
850 859
850 860
850 861
851 851
851 852
851 860
851 861
851 862
852 852
852 853
852 861
852 862
852 863
853 853
853 854
853 862
853 863
853 864
854 854
854 855
854 863
854 864
854 865
855 855
855 856
855 864
855 865
855 866
856 856
856 857
856 865
856 866
856 867
857 857
857 858
857 866
857 867
857 868
858 858
858 867
858 868
859 859
859 860
860 860
860 861
861 861
861 862
862 862
862 863
863 863
863 864
864 864
864 865
865 865
865 866
866 866
866 867
867 867
867 868
868 868
