0 0
0 1
0 33
0 34
1 1
1 2
1 33
1 34
1 35
2 2
2 3
2 34
2 35
2 36
3 3
3 4
3 35
3 36
3 37
4 4
4 5
4 36
4 37
4 38
5 5
5 6
5 37
5 38
5 39
6 6
6 7
6 38
6 39
6 40
7 7
7 8
7 39
7 40
7 41
8 8
8 9
8 40
8 41
8 42
9 9
9 10
9 41
9 42
9 43
10 10
10 11
10 42
10 43
10 44
11 11
11 43
11 44
12 12
12 13
12 45
12 46
13 13
13 14
13 45
13 46
13 47
14 14
14 15
14 46
14 47
14 48
15 15
15 16
15 47
15 48
15 49
16 16
16 17
16 48
16 49
16 50
17 17
17 49
17 50
18 18
18 51
19 19
19 20
19 52
19 53
20 20
20 21
20 52
20 53
20 54
21 21
21 22
21 53
21 54
21 55
22 22
22 23
22 54
22 55
22 56
23 23
23 24
23 55
23 56
23 57
24 24
24 25
24 56
24 57
24 58
25 25
25 57
25 58
26 26
26 59
27 27
27 28
27 60
27 61
28 28
28 29
28 60
28 61
28 62
29 29
29 30
29 32
29 61
29 62
29 63
29 65
30 30
30 31
30 62
30 63
30 64
31 31
31 63
31 64
32 32
32 62
32 65
33 33
33 34
33 66
33 67
34 34
34 35
34 66
34 67
34 68
35 35
35 36
35 67
35 68
35 69
36 36
36 37
36 68
36 69
36 70
37 37
37 38
37 69
37 70
37 71
38 38
38 39
38 70
38 71
38 72
39 39
39 40
39 71
39 72
39 73
40 40
40 41
40 72
40 73
40 74
41 41
41 42
41 73
41 74
41 75
42 42
42 43
42 74
42 75
42 76
43 43
43 44
43 75
43 76
43 77
44 44
44 76
44 77
45 45
45 46
45 78
45 79
46 46
46 47
46 78
46 79
46 80
47 47
47 48
47 79
47 80
47 81
48 48
48 49
48 80
48 81
48 82
49 49
49 50
49 81
49 82
49 83
50 50
50 82
50 83
51 51
51 84
52 52
52 53
52 85
52 86
53 53
53 54
53 85
53 86
53 87
54 54
54 55
54 86
54 87
54 88
55 55
55 56
55 87
55 88
55 89
56 56
56 57
56 88
56 89
56 90
57 57
57 58
57 89
57 90
57 91
58 58
58 90
58 91
59 59
59 92
60 60
60 61
60 93
60 94
61 61
61 62
61 93
61 94
61 95
62 62
62 63
62 65
62 94
62 95
62 96
62 98
63 63
63 64
63 95
63 96
63 97
64 64
64 96
64 97
65 65
65 95
65 98
66 66
66 67
66 99
66 100
67 67
67 68
67 99
67 100
67 101
68 68
68 69
68 100
68 101
68 102
69 69
69 70
69 101
69 102
69 103
70 70
70 71
70 102
70 103
70 104
71 71
71 72
71 103
71 104
71 105
72 72
72 73
72 104
72 105
72 106
73 73
73 74
73 105
73 106
73 107
74 74
74 75
74 106
74 107
74 108
75 75
75 76
75 107
75 108
75 109
76 76
76 77
76 108
76 109
76 110
77 77
77 109
77 110
78 78
78 79
78 111
78 112
79 79
79 80
79 111
79 112
79 113
80 80
80 81
80 112
80 113
80 114
81 81
81 82
81 113
81 114
81 115
82 82
82 83
82 114
82 115
82 116
83 83
83 115
83 116
84 84
84 117
85 85
85 86
85 118
85 119
86 86
86 87
86 118
86 119
86 120
87 87
87 88
87 119
87 120
87 121
88 88
88 89
88 120
88 121
88 122
89 89
89 90
89 121
89 122
89 123
90 90
90 91
90 122
90 123
90 124
91 91
91 123
91 124
92 92
92 125
93 93
93 94
93 126
93 127
94 94
94 95
94 126
94 127
94 128
95 95
95 96
95 98
95 127
95 128
95 129
95 131
96 96
96 97
96 128
96 129
96 130
97 97
97 129
97 130
98 98
98 128
98 131
99 99
99 100
99 132
99 133
100 100
100 101
100 132
100 133
100 134
101 101
101 102
101 133
101 134
101 135
102 102
102 103
102 134
102 135
102 136
103 103
103 104
103 135
103 136
103 137
104 104
104 105
104 136
104 137
104 138
105 105
105 106
105 137
105 138
105 139
106 106
106 107
106 138
106 139
106 140
107 107
107 108
107 139
107 140
107 141
108 108
108 109
108 140
108 141
108 142
109 109
109 110
109 141
109 142
109 143
110 110
110 142
110 143
111 111
111 112
111 144
111 145
112 112
112 113
112 144
112 145
112 146
113 113
113 114
113 145
113 146
113 147
114 114
114 115
114 146
114 147
114 148
115 115
115 116
115 147
115 148
115 149
116 116
116 148
116 149
117 117
117 150
118 118
118 119
118 151
118 152
119 119
119 120
119 151
119 152
119 153
120 120
120 121
120 152
120 153
120 154
121 121
121 122
121 153
121 154
121 155
122 122
122 123
122 154
122 155
122 156
123 123
123 124
123 155
123 156
123 157
124 124
124 156
124 157
125 125
125 158
126 126
126 127
126 159
126 160
127 127
127 128
127 159
127 160
127 161
128 128
128 129
128 131
128 160
128 161
128 162
128 164
129 129
129 130
129 161
129 162
129 163
130 130
130 162
130 163
131 131
131 161
131 164
132 132
132 133
132 165
132 166
133 133
133 134
133 165
133 166
133 167
134 134
134 135
134 166
134 167
134 168
135 135
135 136
135 167
135 168
135 169
136 136
136 137
136 168
136 169
136 170
137 137
137 138
137 169
137 170
137 171
138 138
138 139
138 170
138 171
138 172
139 139
139 140
139 171
139 172
139 173
140 140
140 141
140 172
140 173
140 174
141 141
141 142
141 173
141 174
141 175
142 142
142 143
142 174
142 175
142 176
143 143
143 175
143 176
144 144
144 145
144 177
144 178
145 145
145 146
145 177
145 178
145 179
146 146
146 147
146 178
146 179
146 180
147 147
147 148
147 179
147 180
147 181
148 148
148 149
148 180
148 181
148 182
149 149
149 181
149 182
150 150
150 183
151 151
151 152
151 184
151 185
152 152
152 153
152 184
152 185
152 186
153 153
153 154
153 185
153 186
153 187
154 154
154 155
154 186
154 187
154 188
155 155
155 156
155 187
155 188
155 189
156 156
156 157
156 188
156 189
156 190
157 157
157 189
157 190
158 158
158 191
159 159
159 160
159 192
159 193
160 160
160 161
160 192
160 193
160 194
161 161
161 162
161 164
161 193
161 194
161 195
161 197
162 162
162 163
162 194
162 195
162 196
163 163
163 195
163 196
164 164
164 194
164 197
165 165
165 166
166 166
166 167
167 167
167 168
168 168
168 169
169 169
169 170
170 170
170 171
171 171
171 172
172 172
172 173
173 173
173 174
174 174
174 175
175 175
175 176
176 176
177 177
177 178
178 178
178 179
179 179
179 180
180 180
180 181
181 181
181 182
182 182
183 183
184 184
184 185
185 185
185 186
186 186
186 187
187 187
187 188
188 188
188 189
189 189
189 190
190 190
191 191
192 192
192 193
193 193
193 194
194 194
194 195
194 197
195 195
195 196
196 196
197 197
