0 0
0 1
0 2
0 3
0 4
0 5
0 6
1 1
1 2
1 3
1 6
1 7
1 8
1 9
2 2
2 3
2 8
2 9
2 10
2 11
3 3
3 4
3 5
3 11
4 4
4 5
4 11
4 12
4 13
4 14
5 5
5 6
5 13
5 14
5 15
6 6
6 7
6 15
6 16
6 17
6 18
7 7
7 8
7 17
7 18
7 19
7 29
7 30
8 8
8 9
8 19
8 20
9 9
9 10
9 19
9 20
10 10
10 11
10 21
10 22
11 11
11 12
11 21
11 22
11 23
12 12
12 13
12 22
12 23
12 24
12 37
12 38
13 13
13 14
13 24
13 25
14 14
14 15
14 24
14 25
15 15
15 16
15 17
15 25
15 41
16 16
16 17
16 26
16 27
17 17
17 18
17 26
17 27
17 28
18 18
18 27
18 28
18 29
18 30
18 46
19 19
19 20
19 30
19 31
19 32
20 20
20 31
20 32
21 21
21 22
21 33
21 34
21 35
22 22
22 23
22 34
22 35
22 36
23 23
23 35
23 36
23 37
23 38
24 24
24 25
24 38
24 39
24 40
25 25
25 39
25 40
25 41
26 26
26 27
26 42
26 43
26 44
27 27
27 28
27 43
27 44
27 45
28 28
28 29
28 44
28 45
28 46
29 29
29 30
29 46
29 72
29 73
29 74
30 30
30 31
30 47
30 73
30 74
31 31
31 32
31 47
31 48
32 32
32 47
32 48
33 33
33 34
33 49
33 50
33 51
34 34
34 35
34 51
34 52
34 53
35 35
35 36
35 52
35 53
35 54
36 36
36 37
36 53
36 54
36 55
37 37
37 38
37 55
37 56
37 57
37 58
38 38
38 39
38 57
38 58
38 62
39 39
39 40
39 61
39 62
40 40
40 41
40 61
40 62
41 41
41 61
41 63
42 42
42 43
42 64
42 65
42 66
43 43
43 44
43 66
43 67
43 68
44 44
44 45
44 67
44 68
44 69
45 45
45 46
45 68
45 69
45 70
46 46
46 70
46 71
46 72
46 73
47 47
47 48
47 74
47 75
47 76
48 48
48 75
48 76
49 49
49 50
49 80
49 81
49 82
50 50
50 51
50 81
50 82
50 83
51 51
51 52
51 82
51 83
51 84
52 52
52 53
52 83
52 84
52 85
53 53
53 54
53 84
53 85
53 86
54 54
54 55
54 85
54 86
54 87
55 55
55 56
55 86
55 87
55 88
56 56
56 57
56 87
56 88
56 89
57 57
57 58
57 88
57 89
57 90
57 91
58 58
58 59
58 62
58 90
58 91
58 92
59 59
59 60
59 61
59 62
59 92
59 93
60 60
60 61
60 62
60 63
60 92
60 93
61 61
61 62
61 63
62 62
63 63
63 93
63 96
64 64
64 65
64 98
64 99
64 100
65 65
65 66
65 99
65 100
65 101
66 66
66 67
66 100
66 101
66 102
67 67
67 68
67 101
67 102
67 103
68 68
68 69
68 102
68 103
68 104
69 69
69 70
69 103
69 104
69 105
70 70
70 71
70 104
70 105
70 106
71 71
71 72
71 105
71 106
71 107
72 72
72 73
72 106
72 107
72 108
72 109
73 73
73 74
73 108
73 109
73 110
74 74
74 75
74 77
74 109
74 110
75 75
75 76
75 77
75 78
76 76
76 77
76 78
77 77
77 78
77 110
77 111
77 112
78 78
78 111
78 112
79 79
79 80
79 112
79 114
79 120
79 121
80 80
80 81
80 120
80 121
80 143
81 81
81 82
81 121
81 143
81 144
82 82
82 83
82 143
82 144
82 145
83 83
83 84
83 144
83 145
83 146
84 84
84 85
84 145
84 146
84 147
85 85
85 86
85 146
85 147
85 148
86 86
86 87
86 147
86 148
86 149
87 87
87 88
87 148
87 149
87 150
88 88
88 89
88 149
88 150
88 151
89 89
89 90
89 124
89 150
89 151
90 90
90 91
90 124
90 125
90 151
91 91
91 92
91 94
91 122
91 124
91 125
92 92
92 93
92 94
92 95
93 93
93 94
93 95
93 96
94 94
94 95
94 122
94 123
95 95
95 96
95 122
95 123
96 96
96 97
96 123
96 128
96 129
97 97
97 98
97 128
97 129
97 130
98 98
98 99
98 129
98 130
98 159
99 99
99 100
99 130
99 159
99 160
100 100
100 101
100 159
100 160
100 161
101 101
101 102
101 160
101 161
101 162
102 102
102 103
102 131
102 161
102 162
103 103
103 104
103 131
103 132
103 162
104 104
104 105
104 131
104 132
104 133
105 105
105 106
105 132
105 133
105 134
106 106
106 107
106 133
106 134
106 135
107 107
107 108
107 115
107 134
107 135
108 108
108 109
108 115
108 116
108 135
109 109
109 110
109 115
109 116
109 117
110 110
110 111
110 113
110 116
110 117
111 111
111 112
111 113
111 114
112 112
112 113
112 114
113 113
113 114
113 117
113 118
113 119
114 114
114 118
114 119
114 120
115 115
115 116
115 135
115 136
115 137
116 116
116 117
116 136
116 137
116 138
117 117
117 118
117 137
117 138
117 139
118 118
118 119
118 138
118 139
118 140
119 119
119 120
119 139
119 140
120 120
120 121
120 140
120 141
120 142
121 121
121 141
121 142
121 143
122 122
122 123
122 125
122 126
122 127
123 123
123 126
123 127
123 128
124 124
124 125
124 151
124 152
124 153
125 125
125 126
125 152
125 153
125 154
126 126
126 127
126 154
126 155
127 127
127 128
127 154
127 155
127 156
128 128
128 129
128 155
128 156
128 157
129 129
129 130
129 156
129 157
129 158
130 130
130 157
130 158
130 159
131 131
131 132
131 162
131 163
131 164
131 186
132 132
132 133
132 163
132 164
132 165
133 133
133 134
133 164
133 165
133 166
134 134
134 135
134 165
134 166
134 167
135 135
135 136
135 166
135 167
136 136
136 137
136 167
136 168
137 137
137 138
137 168
138 138
138 139
138 168
138 169
139 139
139 140
139 169
140 140
140 141
140 169
140 170
141 141
141 142
141 170
142 142
142 143
142 170
142 171
143 143
143 144
143 171
143 172
144 144
144 145
144 171
144 172
144 173
145 145
145 146
145 172
145 173
145 174
146 146
146 147
146 173
146 174
146 175
147 147
147 148
147 174
147 175
147 176
148 148
148 149
148 175
148 176
148 177
149 149
149 150
149 176
149 177
149 178
150 150
150 151
150 177
150 178
150 179
151 151
151 152
151 178
151 179
152 152
152 153
152 179
152 180
153 153
153 154
153 180
154 154
154 155
154 180
154 181
155 155
155 156
155 181
156 156
156 157
156 181
156 182
157 157
157 158
157 182
158 158
158 159
158 182
158 183
159 159
159 160
159 183
159 184
160 160
160 161
160 183
160 184
160 185
161 161
161 162
161 184
161 185
161 186
162 162
162 163
162 185
162 186
163 163
163 164
163 186
163 187
163 188
163 210
164 164
164 165
164 187
164 188
164 189
165 165
165 166
165 188
165 189
165 190
166 166
166 167
166 189
166 190
166 191
167 167
167 168
167 190
167 191
167 192
168 168
168 169
168 191
168 192
168 193
169 169
169 170
169 192
169 193
169 194
170 170
170 171
170 193
170 194
170 195
171 171
171 172
171 194
171 195
171 196
172 172
172 173
172 195
172 196
172 197
173 173
173 174
173 196
173 197
173 198
174 174
174 175
174 197
174 198
174 199
175 175
175 176
175 198
175 199
175 200
176 176
176 177
176 199
176 200
176 201
177 177
177 178
177 200
177 201
177 202
178 178
178 179
178 201
178 202
178 203
179 179
179 180
179 202
179 203
179 204
180 180
180 181
180 203
180 204
180 205
181 181
181 182
181 204
181 205
181 206
182 182
182 183
182 205
182 206
182 207
183 183
183 184
183 206
183 207
183 208
184 184
184 185
184 207
184 208
184 209
185 185
185 186
185 208
185 209
185 210
186 186
186 187
186 209
186 210
187 187
187 188
187 210
187 211
187 212
187 234
188 188
188 189
188 211
188 212
188 213
189 189
189 190
189 212
189 213
189 214
190 190
190 191
190 213
190 214
190 215
191 191
191 192
191 214
191 215
191 216
192 192
192 193
192 215
192 216
192 217
193 193
193 194
193 216
193 217
193 218
194 194
194 195
194 217
194 218
194 219
195 195
195 196
195 218
195 219
195 220
196 196
196 197
196 219
196 220
196 221
197 197
197 198
197 220
197 221
197 222
198 198
198 199
198 221
198 222
198 223
199 199
199 200
199 222
199 223
199 224
200 200
200 201
200 223
200 224
200 225
201 201
201 202
201 224
201 225
201 226
202 202
202 203
202 225
202 226
202 227
203 203
203 204
203 226
203 227
203 228
204 204
204 205
204 227
204 228
204 229
205 205
205 206
205 228
205 229
205 230
206 206
206 207
206 229
206 230
206 231
207 207
207 208
207 230
207 231
207 232
208 208
208 209
208 231
208 232
208 233
209 209
209 210
209 232
209 233
209 234
210 210
210 211
210 233
210 234
211 211
211 212
211 234
211 235
211 236
211 258
212 212
212 213
212 235
212 236
212 237
213 213
213 214
213 236
213 237
213 238
214 214
214 215
214 237
214 238
214 239
215 215
215 216
215 238
215 239
215 240
216 216
216 217
216 239
216 240
216 241
217 217
217 218
217 240
217 241
217 242
218 218
218 219
218 241
218 242
218 243
219 219
219 220
219 242
219 243
219 244
220 220
220 221
220 243
220 244
220 245
221 221
221 222
221 244
221 245
221 246
222 222
222 223
222 245
222 246
222 247
223 223
223 224
223 246
223 247
223 248
224 224
224 225
224 247
224 248
224 249
225 225
225 226
225 248
225 249
225 250
226 226
226 227
226 249
226 250
226 251
227 227
227 228
227 250
227 251
227 252
228 228
228 229
228 251
228 252
228 253
229 229
229 230
229 252
229 253
229 254
230 230
230 231
230 253
230 254
230 255
231 231
231 232
231 254
231 255
231 256
232 232
232 233
232 255
232 256
232 257
233 233
233 234
233 256
233 257
233 258
234 234
234 235
234 257
234 258
235 235
235 236
235 258
235 259
235 260
235 282
236 236
236 237
236 259
236 260
236 261
237 237
237 238
237 260
237 261
237 262
238 238
238 239
238 261
238 262
238 263
239 239
239 240
239 262
239 263
239 264
240 240
240 241
240 263
240 264
240 265
241 241
241 242
241 264
241 265
241 266
242 242
242 243
242 265
242 266
242 267
243 243
243 244
243 266
243 267
243 268
244 244
244 245
244 267
244 268
244 269
245 245
245 246
245 268
245 269
245 270
246 246
246 247
246 269
246 270
246 271
247 247
247 248
247 270
247 271
247 272
248 248
248 249
248 271
248 272
248 273
249 249
249 250
249 272
249 273
249 274
250 250
250 251
250 273
250 274
250 275
251 251
251 252
251 274
251 275
251 276
252 252
252 253
252 275
252 276
252 277
253 253
253 254
253 276
253 277
253 278
254 254
254 255
254 277
254 278
254 279
255 255
255 256
255 278
255 279
255 280
256 256
256 257
256 279
256 280
256 281
257 257
257 258
257 280
257 281
257 282
258 258
258 259
258 281
258 282
259 259
259 260
259 282
259 283
259 284
259 306
260 260
260 261
260 283
260 284
260 285
261 261
261 262
261 284
261 285
261 286
262 262
262 263
262 285
262 286
262 287
263 263
263 264
263 286
263 287
263 288
264 264
264 265
264 287
264 288
264 289
265 265
265 266
265 288
265 289
265 290
266 266
266 267
266 289
266 290
266 291
267 267
267 268
267 290
267 291
267 292
268 268
268 269
268 291
268 292
268 293
269 269
269 270
269 292
269 293
269 294
270 270
270 271
270 293
270 294
270 295
271 271
271 272
271 294
271 295
271 296
272 272
272 273
272 295
272 296
272 297
273 273
273 274
273 296
273 297
273 298
274 274
274 275
274 297
274 298
274 299
275 275
275 276
275 298
275 299
275 300
276 276
276 277
276 299
276 300
276 301
277 277
277 278
277 300
277 301
277 302
278 278
278 279
278 301
278 302
278 303
279 279
279 280
279 302
279 303
279 304
280 280
280 281
280 303
280 304
280 305
281 281
281 282
281 304
281 305
281 306
282 282
282 283
282 305
282 306
283 283
283 284
283 306
284 284
284 285
285 285
285 286
286 286
286 287
287 287
287 288
288 288
288 289
289 289
289 290
290 290
290 291
291 291
291 292
292 292
292 293
293 293
293 294
294 294
294 295
295 295
295 296
296 296
296 297
297 297
297 298
298 298
298 299
299 299
299 300
300 300
300 301
301 301
301 302
302 302
302 303
303 303
303 304
304 304
304 305
305 305
305 306
306 306
