0 0
0 1
0 11
0 12
1 1
1 2
1 11
1 12
1 13
2 2
2 3
2 12
2 13
2 14
3 3
3 4
3 13
3 14
3 15
4 4
4 5
4 14
4 15
4 16
5 5
5 6
5 15
5 16
5 17
5 161
6 6
6 7
6 16
6 17
6 18
7 7
7 8
7 17
7 18
7 19
8 8
8 9
8 18
8 19
8 20
9 9
9 10
9 19
9 20
9 21
10 10
10 20
10 21
11 11
11 12
11 22
11 23
12 12
12 13
12 22
12 23
12 24
13 13
13 14
13 23
13 24
13 25
14 14
14 15
14 24
14 25
14 26
15 15
15 16
15 25
15 26
15 27
16 16
16 17
16 26
16 27
16 28
17 17
17 18
17 27
17 28
17 29
18 18
18 19
18 28
18 29
18 30
19 19
19 20
19 29
19 30
19 31
20 20
20 21
20 30
20 31
20 32
21 21
21 31
21 32
22 22
22 23
22 33
22 34
23 23
23 24
23 33
23 34
23 35
24 24
24 25
24 34
24 35
24 36
25 25
25 26
25 35
25 36
25 37
26 26
26 27
26 36
26 37
26 38
27 27
27 28
27 37
27 38
27 39
28 28
28 29
28 38
28 39
28 40
29 29
29 30
29 39
29 40
29 41
30 30
30 31
30 40
30 41
30 42
31 31
31 32
31 41
31 42
31 43
32 32
32 42
32 43
33 33
33 34
33 44
33 45
34 34
34 35
34 44
34 45
34 46
35 35
35 36
35 45
35 46
35 47
36 36
36 37
36 46
36 47
36 48
37 37
37 38
37 47
37 48
37 49
38 38
38 39
38 48
38 49
38 50
39 39
39 40
39 49
39 50
39 51
40 40
40 41
40 50
40 51
40 52
41 41
41 42
41 51
41 52
41 53
42 42
42 43
42 52
42 53
42 54
43 43
43 53
43 54
44 44
44 45
44 55
44 56
45 45
45 46
45 55
45 56
45 57
46 46
46 47
46 56
46 57
46 137
47 47
47 48
47 57
47 137
48 48
48 49
49 49
49 50
50 50
50 51
51 51
51 52
51 58
51 147
52 52
52 53
52 58
52 59
52 147
53 53
53 54
53 58
53 59
53 60
54 54
54 59
54 60
55 55
55 56
55 61
55 62
56 56
56 57
56 61
56 62
56 63
57 57
57 62
57 63
57 137
57 138
58 58
58 59
58 64
58 65
58 147
58 148
59 59
59 60
59 64
59 65
59 66
60 60
60 65
60 66
61 61
61 62
61 67
61 68
62 62
62 63
62 67
62 68
62 69
63 63
63 68
63 69
63 137
63 138
63 139
64 64
64 65
64 70
64 71
64 147
64 148
64 149
65 65
65 66
65 70
65 71
65 72
66 66
66 71
66 72
67 67
67 68
67 73
67 74
68 68
68 69
68 73
68 74
68 75
69 69
69 74
69 75
69 138
69 139
69 140
70 70
70 71
70 76
70 77
70 148
70 149
70 150
71 71
71 72
71 76
71 77
71 78
72 72
72 77
72 78
73 73
73 74
73 79
73 80
74 74
74 75
74 79
74 80
74 81
75 75
75 80
75 81
75 139
75 140
75 141
76 76
76 77
76 82
76 83
76 149
76 150
76 151
77 77
77 78
77 82
77 83
77 84
78 78
78 83
78 84
79 79
79 80
79 85
79 86
80 80
80 81
80 85
80 86
80 87
81 81
81 86
81 87
81 140
81 141
81 142
82 82
82 83
82 88
82 89
82 150
82 151
82 152
83 83
83 84
83 88
83 89
83 90
84 84
84 89
84 90
85 85
85 86
85 91
85 92
86 86
86 87
86 91
86 92
86 93
87 87
87 92
87 93
87 141
87 142
87 143
88 88
88 89
88 94
88 95
88 151
88 152
88 153
89 89
89 90
89 94
89 95
89 96
90 90
90 95
90 96
91 91
91 92
91 97
91 98
92 92
92 93
92 97
92 98
92 99
93 93
93 98
93 99
93 142
93 143
93 144
94 94
94 95
94 100
94 101
94 152
94 153
94 154
95 95
95 96
95 100
95 101
95 102
96 96
96 101
96 102
97 97
97 98
97 103
97 104
98 98
98 99
98 103
98 104
98 105
99 99
99 104
99 105
99 143
99 144
99 145
100 100
100 101
100 106
100 107
100 153
100 154
100 155
101 101
101 102
101 106
101 107
101 108
102 102
102 107
102 108
103 103
103 104
103 109
103 110
104 104
104 105
104 109
104 110
104 111
105 105
105 110
105 111
105 144
105 145
105 146
106 106
106 107
106 112
106 113
106 154
106 155
106 156
107 107
107 108
107 112
107 113
107 114
108 108
108 113
108 114
109 109
109 110
109 115
109 116
110 110
110 111
110 115
110 116
110 117
111 111
111 116
111 117
111 131
111 145
111 146
112 112
112 113
112 118
112 119
112 127
112 155
112 156
113 113
113 114
113 118
113 119
113 120
114 114
114 119
114 120
115 115
115 116
115 121
115 122
116 116
116 117
116 121
116 122
116 123
117 117
117 122
117 123
117 131
117 132
117 146
118 118
118 119
118 124
118 125
118 127
118 136
118 156
119 119
119 120
119 124
119 125
119 126
120 120
120 125
120 126
121 121
121 122
122 122
122 123
123 123
123 131
123 132
124 124
124 125
124 127
124 136
125 125
125 126
126 126
127 127
127 128
127 135
127 136
127 156
128 128
128 129
128 134
128 135
128 136
129 129
129 130
129 133
129 134
129 135
130 130
130 131
130 132
130 133
130 134
131 131
131 132
131 133
131 146
132 132
132 133
133 133
133 134
134 134
134 135
135 135
135 136
136 136
137 137
137 138
138 138
138 139
139 139
139 140
140 140
140 141
141 141
141 142
142 142
142 143
143 143
143 144
144 144
144 145
145 145
145 146
146 146
147 147
147 148
148 148
148 149
149 149
149 150
150 150
150 151
151 151
151 152
152 152
152 153
153 153
153 154
154 154
154 155
155 155
155 156
156 156
157 157
157 158
158 158
158 159
159 159
159 160
160 160
160 161
161 161
