0 0
0 1
0 2
0 8
0 195
0 197
0 198
0 199
0 200
0 201
0 202
0 218
0 222
0 224
0 225
0 226
0 227
0 228
0 229
0 245
1 1
2 2
2 3
2 4
2 5
2 6
2 7
2 8
2 9
2 10
2 11
2 12
2 13
2 14
2 15
2 16
2 17
2 18
2 19
2 20
2 21
2 22
2 23
2 24
2 25
2 26
2 27
2 28
2 29
2 30
2 31
2 32
2 33
2 34
2 35
2 36
2 37
2 38
2 39
2 40
2 41
2 42
2 43
2 44
2 45
2 46
2 47
2 48
2 49
2 50
2 51
2 52
3 3
3 4
3 5
3 6
3 7
3 8
3 9
3 10
3 11
3 12
3 13
3 14
3 15
3 16
3 17
3 18
3 19
3 20
3 21
3 22
3 23
3 24
3 25
3 26
3 27
3 28
3 29
3 30
3 31
3 32
3 33
3 34
3 35
3 36
3 37
3 38
3 39
3 40
3 41
3 42
3 43
3 44
3 45
3 46
3 47
3 48
3 49
3 50
3 51
3 52
3 715
3 716
3 717
3 718
3 719
3 720
3 721
3 722
4 4
4 5
4 6
4 7
4 8
4 9
4 10
4 11
4 12
4 13
4 14
4 15
4 16
4 17
4 18
4 19
4 20
4 21
4 22
4 23
4 24
4 25
4 26
4 27
4 28
4 29
4 30
4 31
4 32
4 33
4 34
4 35
4 36
4 37
4 38
4 39
4 40
4 41
4 42
4 43
4 44
4 45
4 46
4 47
4 48
4 49
4 50
4 51
4 52
4 224
5 5
5 6
5 7
5 8
5 9
5 10
5 11
5 12
5 13
5 14
5 15
5 16
5 17
5 18
5 19
5 20
5 21
5 22
5 23
5 24
5 25
5 26
5 27
5 28
5 29
5 30
5 31
5 32
5 33
5 34
5 35
5 36
5 37
5 38
5 39
5 40
5 41
5 42
5 43
5 44
5 45
5 46
5 47
5 48
5 49
5 50
5 51
5 52
5 715
5 716
5 717
5 718
5 719
5 720
5 721
5 722
6 6
6 7
6 8
6 9
6 10
6 11
6 12
6 13
6 14
6 15
6 16
6 17
6 18
6 19
6 20
6 21
6 22
6 23
6 24
6 25
6 26
6 27
6 28
6 29
6 30
6 31
6 32
6 33
6 34
6 35
6 36
6 37
6 38
6 39
6 40
6 41
6 42
6 43
6 44
6 45
6 46
6 47
6 48
6 49
6 50
6 51
6 52
7 7
7 8
7 9
7 10
7 11
7 12
7 13
7 14
7 15
7 16
7 17
7 18
7 19
7 20
7 21
7 22
7 23
7 24
7 25
7 26
7 27
7 28
7 29
7 30
7 31
7 32
7 33
7 34
7 35
7 36
7 37
7 38
7 39
7 40
7 41
7 42
7 43
7 44
7 45
7 46
7 47
7 48
7 49
7 50
7 51
7 52
8 8
8 9
8 10
8 11
8 12
8 13
8 14
8 15
8 16
8 17
8 18
8 19
8 20
8 21
8 22
8 23
8 24
8 25
8 26
8 27
8 28
8 29
8 30
8 31
8 32
8 33
8 34
8 35
8 36
8 37
8 38
8 39
8 40
8 41
8 42
8 43
8 44
8 45
8 46
8 47
8 48
8 49
8 50
8 51
8 52
9 9
9 10
9 11
9 12
9 13
9 14
9 15
9 16
9 17
9 18
9 19
9 20
9 21
9 22
9 23
9 24
9 25
9 26
9 27
9 28
9 29
9 30
9 31
9 32
9 33
9 34
9 35
9 36
9 37
9 38
9 39
9 40
9 41
9 42
9 43
9 44
9 45
9 46
9 47
9 48
9 49
9 50
9 51
9 52
9 715
9 716
9 717
9 718
9 719
9 720
9 721
9 722
10 10
10 11
10 12
10 13
10 14
10 15
10 16
10 17
10 18
10 19
10 20
10 21
10 22
10 23
10 24
10 25
10 26
10 27
10 28
10 29
10 30
10 31
10 32
10 33
10 34
10 35
10 36
10 37
10 38
10 39
10 40
10 41
10 42
10 43
10 44
10 45
10 46
10 47
10 48
10 49
10 50
10 51
10 52
10 197
11 11
11 12
11 13
11 14
11 15
11 16
11 17
11 18
11 19
11 20
11 21
11 22
11 23
11 24
11 25
11 26
11 27
11 28
11 29
11 30
11 31
11 32
11 33
11 34
11 35
11 36
11 37
11 38
11 39
11 40
11 41
11 42
11 43
11 44
11 45
11 46
11 47
11 48
11 49
11 50
11 51
11 52
11 715
11 716
11 717
11 718
11 719
11 720
11 721
11 722
12 12
12 13
12 14
12 15
12 16
12 17
12 18
12 19
12 20
12 21
12 22
12 23
12 24
12 25
12 26
12 27
12 28
12 29
12 30
12 31
12 32
12 33
12 34
12 35
12 36
12 37
12 38
12 39
12 40
12 41
12 42
12 43
12 44
12 45
12 46
12 47
12 48
12 49
12 50
12 51
12 52
13 13
13 14
13 15
13 16
13 17
13 18
13 19
13 20
13 21
13 22
13 23
13 24
13 25
13 26
13 27
13 28
13 29
13 30
13 31
13 32
13 33
13 34
13 35
13 36
13 37
13 38
13 39
13 40
13 41
13 42
13 43
13 44
13 45
13 46
13 47
13 48
13 49
13 50
13 51
13 52
14 14
14 15
14 16
14 17
14 18
14 19
14 20
14 21
14 22
14 23
14 24
14 25
14 26
14 27
14 28
14 29
14 30
14 31
14 32
14 33
14 34
14 35
14 36
14 37
14 38
14 39
14 40
14 41
14 42
14 43
14 44
14 45
14 46
14 47
14 48
14 49
14 50
14 51
14 52
15 15
15 16
15 17
15 18
15 19
15 20
15 21
15 22
15 23
15 24
15 25
15 26
15 27
15 28
15 29
15 30
15 31
15 32
15 33
15 34
15 35
15 36
15 37
15 38
15 39
15 40
15 41
15 42
15 43
15 44
15 45
15 46
15 47
15 48
15 49
15 50
15 51
15 52
16 16
16 17
16 18
16 19
16 20
16 21
16 22
16 23
16 24
16 25
16 26
16 27
16 28
16 29
16 30
16 31
16 32
16 33
16 34
16 35
16 36
16 37
16 38
16 39
16 40
16 41
16 42
16 43
16 44
16 45
16 46
16 47
16 48
16 49
16 50
16 51
16 52
16 636
16 638
16 639
16 640
16 641
16 642
16 644
16 649
16 661
17 17
17 18
17 19
17 20
17 21
17 22
17 23
17 24
17 25
17 26
17 27
17 28
17 29
17 30
17 31
17 32
17 33
17 34
17 35
17 36
17 37
17 38
17 39
17 40
17 41
17 42
17 43
17 44
17 45
17 46
17 47
17 48
17 49
17 50
17 51
17 52
17 756
17 757
17 758
17 759
18 18
18 19
18 20
18 21
18 22
18 23
18 24
18 25
18 26
18 27
18 28
18 29
18 30
18 31
18 32
18 33
18 34
18 35
18 36
18 37
18 38
18 39
18 40
18 41
18 42
18 43
18 44
18 45
18 46
18 47
18 48
18 49
18 50
18 51
18 52
18 638
19 19
19 20
19 21
19 22
19 23
19 24
19 25
19 26
19 27
19 28
19 29
19 30
19 31
19 32
19 33
19 34
19 35
19 36
19 37
19 38
19 39
19 40
19 41
19 42
19 43
19 44
19 45
19 46
19 47
19 48
19 49
19 50
19 51
19 52
19 756
19 757
19 758
19 759
20 20
20 21
20 22
20 23
20 24
20 25
20 26
20 27
20 28
20 29
20 30
20 31
20 32
20 33
20 34
20 35
20 36
20 37
20 38
20 39
20 40
20 41
20 42
20 43
20 44
20 45
20 46
20 47
20 48
20 49
20 50
20 51
20 52
21 21
21 22
21 23
21 24
21 25
21 26
21 27
21 28
21 29
21 30
21 31
21 32
21 33
21 34
21 35
21 36
21 37
21 38
21 39
21 40
21 41
21 42
21 43
21 44
21 45
21 46
21 47
21 48
21 49
21 50
21 51
21 52
22 22
22 23
22 24
22 25
22 26
22 27
22 28
22 29
22 30
22 31
22 32
22 33
22 34
22 35
22 36
22 37
22 38
22 39
22 40
22 41
22 42
22 43
22 44
22 45
22 46
22 47
22 48
22 49
22 50
22 51
22 52
22 607
23 23
23 24
23 25
23 26
23 27
23 28
23 29
23 30
23 31
23 32
23 33
23 34
23 35
23 36
23 37
23 38
23 39
23 40
23 41
23 42
23 43
23 44
23 45
23 46
23 47
23 48
23 49
23 50
23 51
23 52
23 610
24 24
24 25
24 26
24 27
24 28
24 29
24 30
24 31
24 32
24 33
24 34
24 35
24 36
24 37
24 38
24 39
24 40
24 41
24 42
24 43
24 44
24 45
24 46
24 47
24 48
24 49
24 50
24 51
24 52
25 25
25 26
25 27
25 28
25 29
25 30
25 31
25 32
25 33
25 34
25 35
25 36
25 37
25 38
25 39
25 40
25 41
25 42
25 43
25 44
25 45
25 46
25 47
25 48
25 49
25 50
25 51
25 52
26 26
26 27
26 28
26 29
26 30
26 31
26 32
26 33
26 34
26 35
26 36
26 37
26 38
26 39
26 40
26 41
26 42
26 43
26 44
26 45
26 46
26 47
26 48
26 49
26 50
26 51
26 52
26 578
26 586
27 27
27 28
27 29
27 30
27 31
27 32
27 33
27 34
27 35
27 36
27 37
27 38
27 39
27 40
27 41
27 42
27 43
27 44
27 45
27 46
27 47
27 48
27 49
27 50
27 51
27 52
27 756
27 757
27 758
27 759
28 28
28 29
28 30
28 31
28 32
28 33
28 34
28 35
28 36
28 37
28 38
28 39
28 40
28 41
28 42
28 43
28 44
28 45
28 46
28 47
28 48
28 49
28 50
28 51
28 52
28 581
29 29
29 30
29 31
29 32
29 33
29 34
29 35
29 36
29 37
29 38
29 39
29 40
29 41
29 42
29 43
29 44
29 45
29 46
29 47
29 48
29 49
29 50
29 51
29 52
30 30
30 31
30 32
30 33
30 34
30 35
30 36
30 37
30 38
30 39
30 40
30 41
30 42
30 43
30 44
30 45
30 46
30 47
30 48
30 49
30 50
30 51
30 52
31 31
31 32
31 33
31 34
31 35
31 36
31 37
31 38
31 39
31 40
31 41
31 42
31 43
31 44
31 45
31 46
31 47
31 48
31 49
31 50
31 51
31 52
32 32
32 33
32 34
32 35
32 36
32 37
32 38
32 39
32 40
32 41
32 42
32 43
32 44
32 45
32 46
32 47
32 48
32 49
32 50
32 51
32 52
33 33
33 34
33 35
33 36
33 37
33 38
33 39
33 40
33 41
33 42
33 43
33 44
33 45
33 46
33 47
33 48
33 49
33 50
33 51
33 52
33 429
34 34
34 35
34 36
34 37
34 38
34 39
34 40
34 41
34 42
34 43
34 44
34 45
34 46
34 47
34 48
34 49
34 50
34 51
34 52
34 691
34 693
34 695
34 697
34 699
34 701
35 35
35 36
35 37
35 38
35 39
35 40
35 41
35 42
35 43
35 44
35 45
35 46
35 47
35 48
35 49
35 50
35 51
35 52
35 432
36 36
36 37
36 38
36 39
36 40
36 41
36 42
36 43
36 44
36 45
36 46
36 47
36 48
36 49
36 50
36 51
36 52
36 691
36 693
36 695
36 697
36 699
36 701
37 37
37 38
37 39
37 40
37 41
37 42
37 43
37 44
37 45
37 46
37 47
37 48
37 49
37 50
37 51
37 52
38 38
38 39
38 40
38 41
38 42
38 43
38 44
38 45
38 46
38 47
38 48
38 49
38 50
38 51
38 52
39 39
39 40
39 41
39 42
39 43
39 44
39 45
39 46
39 47
39 48
39 49
39 50
39 51
39 52
39 458
40 40
40 41
40 42
40 43
40 44
40 45
40 46
40 47
40 48
40 49
40 50
40 51
40 52
40 691
40 693
40 695
40 697
40 699
40 701
41 41
41 42
41 43
41 44
41 45
41 46
41 47
41 48
41 49
41 50
41 51
41 52
41 461
42 42
42 43
42 44
42 45
42 46
42 47
42 48
42 49
42 50
42 51
42 52
42 691
42 693
42 695
42 697
42 699
42 701
43 43
43 44
43 45
43 46
43 47
43 48
43 49
43 50
43 51
43 52
44 44
44 45
44 46
44 47
44 48
44 49
44 50
44 51
44 52
45 45
45 46
45 47
45 48
45 49
45 50
45 51
45 52
45 549
46 46
46 47
46 48
46 49
46 50
46 51
46 52
46 691
46 693
46 695
46 697
46 699
46 701
47 47
47 48
47 49
47 50
47 51
47 52
47 552
48 48
48 49
48 50
48 51
48 52
48 691
48 693
48 695
48 697
48 699
48 701
49 49
49 50
49 51
49 52
50 50
50 51
50 52
51 51
51 52
52 52
53 53
53 54
53 55
54 54
55 55
55 56
55 58
55 60
55 61
55 62
56 56
56 57
57 57
58 58
58 59
59 59
60 60
60 61
61 61
61 62
62 62
62 63
63 63
63 64
64 64
64 122
64 134
64 146
64 158
64 170
64 182
64 194
64 760
64 761
64 762
64 763
64 764
64 765
64 766
64 767
64 768
64 769
64 770
64 771
65 65
65 66
65 67
66 66
67 67
67 68
67 70
67 72
67 73
67 74
68 68
68 69
69 69
70 70
70 71
71 71
72 72
72 73
73 73
73 74
74 74
74 75
75 75
75 76
76 76
76 99
76 772
76 773
76 774
76 775
76 776
77 77
77 78
77 79
78 78
79 79
79 80
79 82
79 84
79 85
79 86
80 80
80 81
81 81
82 82
82 83
83 83
84 84
84 85
85 85
85 86
86 86
86 87
87 87
87 88
88 88
88 110
88 777
88 778
88 779
88 780
88 781
89 89
89 90
89 91
90 90
91 91
91 92
91 94
91 96
91 97
91 98
92 92
92 93
93 93
94 94
94 95
95 95
96 96
96 97
97 97
97 98
98 98
98 99
99 99
100 100
100 101
100 102
101 101
102 102
102 103
102 105
102 107
102 108
102 109
103 103
103 104
104 104
105 105
105 106
106 106
107 107
107 108
108 108
108 109
109 109
109 110
110 110
111 111
111 112
111 113
112 112
113 113
113 114
113 116
113 118
113 119
113 120
114 114
114 115
115 115
116 116
116 117
117 117
118 118
118 119
119 119
119 120
120 120
120 121
121 121
121 122
122 122
122 134
122 146
122 158
122 170
122 182
122 194
122 760
122 761
122 762
122 763
122 764
122 765
122 766
122 767
122 768
122 769
122 770
122 771
123 123
123 124
123 125
124 124
125 125
125 126
125 128
125 130
125 131
125 132
126 126
126 127
127 127
128 128
128 129
129 129
130 130
130 131
131 131
131 132
132 132
132 133
133 133
133 134
134 134
134 146
134 158
134 170
134 182
134 194
134 760
134 761
134 762
134 763
134 764
134 765
134 766
134 767
134 768
134 769
134 770
134 771
135 135
135 136
135 137
136 136
137 137
137 138
137 140
137 142
137 143
137 144
138 138
138 139
139 139
140 140
140 141
141 141
142 142
142 143
143 143
143 144
144 144
144 145
145 145
145 146
146 146
146 158
146 170
146 182
146 194
146 760
146 761
146 762
146 763
146 764
146 765
146 766
146 767
146 768
146 769
146 770
146 771
147 147
147 148
147 149
148 148
149 149
149 150
149 152
149 154
149 155
149 156
150 150
150 151
151 151
152 152
152 153
153 153
154 154
154 155
155 155
155 156
156 156
156 157
157 157
157 158
158 158
158 170
158 182
158 194
158 760
158 761
158 762
158 763
158 764
158 765
158 766
158 767
158 768
158 769
158 770
158 771
159 159
159 160
159 161
160 160
161 161
161 162
161 164
161 166
161 167
161 168
162 162
162 163
163 163
164 164
164 165
165 165
166 166
166 167
167 167
167 168
168 168
168 169
169 169
169 170
170 170
170 182
170 194
170 760
170 761
170 762
170 763
170 764
170 765
170 766
170 767
170 768
170 769
170 770
170 771
171 171
171 172
171 173
172 172
173 173
173 174
173 176
173 178
173 179
173 180
174 174
174 175
175 175
176 176
176 177
177 177
178 178
178 179
179 179
179 180
180 180
180 181
181 181
181 182
182 182
182 194
182 760
182 761
182 762
182 763
182 764
182 765
182 766
182 767
182 768
182 769
182 770
182 771
183 183
183 184
183 185
184 184
185 185
185 186
185 188
185 190
185 191
185 192
186 186
186 187
187 187
188 188
188 189
189 189
190 190
190 191
191 191
191 192
192 192
192 193
193 193
193 194
194 194
194 760
194 761
194 762
194 763
194 764
194 765
194 766
194 767
194 768
194 769
194 770
194 771
195 195
195 196
196 196
197 197
197 198
197 202
197 204
197 206
197 219
198 198
199 199
199 206
200 200
200 201
201 201
201 203
201 207
201 209
201 210
201 211
201 213
201 220
202 202
203 203
203 210
203 212
203 214
203 215
203 216
203 221
204 204
204 205
205 205
206 206
206 233
206 500
206 531
206 561
206 665
206 666
206 667
206 668
206 669
206 670
206 671
206 672
206 673
207 207
207 208
208 208
209 209
210 210
211 211
211 212
212 212
213 213
213 214
214 214
215 215
216 216
216 217
217 217
218 218
218 219
219 219
220 220
220 221
221 221
222 222
222 223
223 223
224 224
224 225
224 229
224 231
224 233
224 246
225 225
226 226
226 233
227 227
227 228
228 228
228 230
228 234
228 236
228 237
228 238
228 240
228 247
229 229
230 230
230 237
230 239
230 241
230 242
230 243
230 248
231 231
231 232
232 232
233 233
233 500
233 531
233 561
233 665
233 666
233 667
233 668
233 669
233 670
233 671
233 672
233 673
234 234
234 235
235 235
236 236
237 237
238 238
238 239
239 239
240 240
240 241
241 241
242 242
243 243
243 244
244 244
245 245
245 246
246 246
247 247
247 248
248 248
249 249
249 250
249 252
249 253
249 254
249 255
249 256
249 258
249 263
249 275
250 250
250 251
251 251
252 252
252 253
252 257
252 258
252 260
252 262
252 276
253 253
254 254
254 262
255 255
255 256
256 256
256 259
256 264
256 266
256 267
256 268
256 270
256 277
257 257
257 263
258 258
258 288
258 318
258 348
258 378
258 408
258 723
258 724
258 725
258 726
258 727
258 728
258 729
258 730
259 259
259 267
259 269
259 271
259 272
259 273
259 278
260 260
260 261
261 261
262 262
262 292
262 322
262 352
262 382
262 412
262 683
262 684
262 685
262 686
262 687
262 688
262 689
262 690
263 263
264 264
264 265
265 265
266 266
267 267
268 268
268 269
269 269
270 270
270 271
271 271
272 272
273 273
273 274
274 274
275 275
275 276
276 276
277 277
277 278
278 278
279 279
279 280
279 282
279 283
279 284
279 285
279 286
279 288
279 293
279 305
280 280
280 281
281 281
282 282
282 283
282 287
282 288
282 290
282 292
282 306
283 283
284 284
284 292
285 285
285 286
286 286
286 289
286 294
286 296
286 297
286 298
286 300
286 307
287 287
287 293
288 288
288 318
288 348
288 378
288 408
288 723
288 724
288 725
288 726
288 727
288 728
288 729
288 730
289 289
289 297
289 299
289 301
289 302
289 303
289 308
290 290
290 291
291 291
292 292
292 322
292 352
292 382
292 412
292 683
292 684
292 685
292 686
292 687
292 688
292 689
292 690
293 293
294 294
294 295
295 295
296 296
297 297
298 298
298 299
299 299
300 300
300 301
301 301
302 302
303 303
303 304
304 304
305 305
305 306
306 306
307 307
307 308
308 308
309 309
309 310
309 312
309 313
309 314
309 315
309 316
309 318
309 323
309 335
310 310
310 311
311 311
312 312
312 313
312 317
312 318
312 320
312 322
312 336
313 313
314 314
314 322
315 315
315 316
316 316
316 319
316 324
316 326
316 327
316 328
316 330
316 337
317 317
317 323
318 318
318 348
318 378
318 408
318 723
318 724
318 725
318 726
318 727
318 728
318 729
318 730
319 319
319 327
319 329
319 331
319 332
319 333
319 338
320 320
320 321
321 321
322 322
322 352
322 382
322 412
322 683
322 684
322 685
322 686
322 687
322 688
322 689
322 690
323 323
324 324
324 325
325 325
326 326
327 327
328 328
328 329
329 329
330 330
330 331
331 331
332 332
333 333
333 334
334 334
335 335
335 336
336 336
337 337
337 338
338 338
339 339
339 340
339 342
339 343
339 344
339 345
339 346
339 348
339 353
339 365
340 340
340 341
341 341
342 342
342 343
342 347
342 348
342 350
342 352
342 366
343 343
344 344
344 352
345 345
345 346
346 346
346 349
346 354
346 356
346 357
346 358
346 360
346 367
347 347
347 353
348 348
348 378
348 408
348 723
348 724
348 725
348 726
348 727
348 728
348 729
348 730
349 349
349 357
349 359
349 361
349 362
349 363
349 368
350 350
350 351
351 351
352 352
352 382
352 412
352 683
352 684
352 685
352 686
352 687
352 688
352 689
352 690
353 353
354 354
354 355
355 355
356 356
357 357
358 358
358 359
359 359
360 360
360 361
361 361
362 362
363 363
363 364
364 364
365 365
365 366
366 366
367 367
367 368
368 368
369 369
369 370
369 372
369 373
369 374
369 375
369 376
369 378
369 383
369 395
370 370
370 371
371 371
372 372
372 373
372 377
372 378
372 380
372 382
372 396
373 373
374 374
374 382
375 375
375 376
376 376
376 379
376 384
376 386
376 387
376 388
376 390
376 397
377 377
377 383
378 378
378 408
378 723
378 724
378 725
378 726
378 727
378 728
378 729
378 730
379 379
379 387
379 389
379 391
379 392
379 393
379 398
380 380
380 381
381 381
382 382
382 412
382 683
382 684
382 685
382 686
382 687
382 688
382 689
382 690
383 383
384 384
384 385
385 385
386 386
387 387
388 388
388 389
389 389
390 390
390 391
391 391
392 392
393 393
393 394
394 394
395 395
395 396
396 396
397 397
397 398
398 398
399 399
399 400
399 402
399 403
399 404
399 405
399 406
399 408
399 413
399 425
400 400
400 401
401 401
402 402
402 403
402 407
402 408
402 410
402 412
402 426
403 403
404 404
404 412
405 405
405 406
406 406
406 409
406 414
406 416
406 417
406 418
406 420
406 427
407 407
407 413
408 408
408 723
408 724
408 725
408 726
408 727
408 728
408 729
408 730
409 409
409 417
409 419
409 421
409 422
409 423
409 428
410 410
410 411
411 411
412 412
412 683
412 684
412 685
412 686
412 687
412 688
412 689
412 690
413 413
414 414
414 415
415 415
416 416
417 417
418 418
418 419
419 419
420 420
420 421
421 421
422 422
423 423
423 424
424 424
425 425
425 426
426 426
427 427
427 428
428 428
429 429
429 430
429 432
429 433
429 434
429 435
429 436
429 442
429 454
430 430
430 431
431 431
432 432
432 433
432 437
432 439
432 441
432 455
433 433
434 434
434 441
435 435
435 436
436 436
436 438
436 443
436 445
436 446
436 447
436 449
436 456
437 437
437 442
438 438
438 446
438 448
438 450
438 451
438 452
438 457
439 439
439 440
440 440
441 441
441 470
441 591
441 619
441 648
441 674
441 675
441 676
441 677
441 678
441 679
441 680
441 681
441 682
442 442
443 443
443 444
444 444
445 445
446 446
447 447
447 448
448 448
449 449
449 450
450 450
451 451
452 452
452 453
453 453
454 454
454 455
455 455
456 456
456 457
457 457
458 458
458 459
458 461
458 462
458 463
458 464
458 465
458 471
458 483
459 459
459 460
460 460
461 461
461 462
461 466
461 468
461 470
461 484
462 462
463 463
463 470
464 464
464 465
465 465
465 467
465 472
465 474
465 475
465 476
465 478
465 485
466 466
466 471
467 467
467 475
467 477
467 479
467 480
467 481
467 486
468 468
468 469
469 469
470 470
470 591
470 619
470 648
470 674
470 675
470 676
470 677
470 678
470 679
470 680
470 681
470 682
471 471
472 472
472 473
473 473
474 474
475 475
476 476
476 477
477 477
478 478
478 479
479 479
480 480
481 481
481 482
482 482
483 483
483 484
484 484
485 485
485 486
486 486
487 487
487 488
487 490
487 491
487 492
487 493
487 494
487 496
487 501
487 514
488 488
488 489
489 489
490 490
490 491
490 495
490 498
490 500
490 510
490 515
491 491
492 492
492 500
493 493
493 494
494 494
494 497
494 502
494 504
494 505
494 506
494 508
494 516
495 495
495 501
496 496
497 497
497 505
497 507
497 509
497 511
497 512
497 517
498 498
498 499
499 499
500 500
500 531
500 561
500 665
500 666
500 667
500 668
500 669
500 670
500 671
500 672
500 673
501 501
502 502
502 503
503 503
504 504
505 505
506 506
506 507
507 507
508 508
508 509
509 509
510 510
511 511
512 512
512 513
513 513
514 514
514 515
515 515
516 516
516 517
517 517
518 518
518 519
518 521
518 522
518 523
518 524
518 525
518 527
518 532
518 545
519 519
519 520
520 520
521 521
521 522
521 526
521 529
521 531
521 541
521 546
522 522
523 523
523 531
524 524
524 525
525 525
525 528
525 533
525 535
525 536
525 537
525 539
525 547
526 526
526 532
527 527
528 528
528 536
528 538
528 540
528 542
528 543
528 548
529 529
529 530
530 530
531 531
531 561
531 665
531 666
531 667
531 668
531 669
531 670
531 671
531 672
531 673
532 532
533 533
533 534
534 534
535 535
536 536
537 537
537 538
538 538
539 539
539 540
540 540
541 541
542 542
543 543
543 544
544 544
545 545
545 546
546 546
547 547
547 548
548 548
549 549
549 550
549 552
549 553
549 554
549 555
549 556
549 562
549 574
550 550
550 551
551 551
552 552
552 553
552 557
552 559
552 561
552 575
553 553
554 554
554 561
555 555
555 556
556 556
556 558
556 563
556 565
556 566
556 567
556 569
556 576
557 557
557 562
558 558
558 566
558 568
558 570
558 571
558 572
558 577
559 559
559 560
560 560
561 561
561 665
561 666
561 667
561 668
561 669
561 670
561 671
561 672
561 673
562 562
563 563
563 564
564 564
565 565
566 566
567 567
567 568
568 568
569 569
569 570
570 570
571 571
572 572
572 573
573 573
574 574
574 575
575 575
576 576
576 577
577 577
578 578
578 579
578 581
578 582
578 583
578 584
578 585
578 587
578 603
579 579
579 580
580 580
581 581
581 582
581 586
581 589
581 591
581 604
582 582
583 583
583 591
584 584
584 585
585 585
585 588
585 592
585 594
585 595
585 596
585 598
585 605
586 586
587 587
588 588
588 595
588 597
588 599
588 600
588 601
588 606
589 589
589 590
590 590
591 591
591 619
591 648
591 674
591 675
591 676
591 677
591 678
591 679
591 680
591 681
591 682
592 592
592 593
593 593
594 594
595 595
596 596
596 597
597 597
598 598
598 599
599 599
600 600
601 601
601 602
602 602
603 603
603 604
604 604
605 605
605 606
606 606
607 607
607 608
607 610
607 611
607 612
607 613
607 614
607 620
607 632
608 608
608 609
609 609
610 610
610 611
610 615
610 617
610 619
610 633
611 611
612 612
612 619
613 613
613 614
614 614
614 616
614 621
614 623
614 624
614 625
614 627
614 634
615 615
615 620
616 616
616 624
616 626
616 628
616 629
616 630
616 635
617 617
617 618
618 618
619 619
619 648
619 674
619 675
619 676
619 677
619 678
619 679
619 680
619 681
619 682
620 620
621 621
621 622
622 622
623 623
624 624
625 625
625 626
626 626
627 627
627 628
628 628
629 629
630 630
630 631
631 631
632 632
632 633
633 633
634 634
634 635
635 635
636 636
636 637
637 637
638 638
638 639
638 643
638 646
638 648
638 662
639 639
640 640
640 648
641 641
641 642
642 642
642 645
642 650
642 652
642 653
642 654
642 656
642 663
643 643
643 649
644 644
645 645
645 653
645 655
645 657
645 658
645 659
645 664
646 646
646 647
647 647
648 648
648 674
648 675
648 676
648 677
648 678
648 679
648 680
648 681
648 682
649 649
650 650
650 651
651 651
652 652
653 653
654 654
654 655
655 655
656 656
656 657
657 657
658 658
659 659
659 660
660 660
661 661
661 662
662 662
663 663
663 664
664 664
665 665
665 666
665 667
665 668
665 669
665 670
665 671
665 672
665 673
666 666
666 667
666 668
666 669
666 670
666 671
666 672
666 673
667 667
667 668
667 669
667 670
667 671
667 672
667 673
668 668
668 669
668 670
668 671
668 672
668 673
669 669
669 670
669 671
669 672
669 673
670 670
670 671
670 672
670 673
671 671
671 672
671 673
672 672
672 673
673 673
674 674
674 675
674 676
674 677
674 678
674 679
674 680
674 681
674 682
675 675
675 676
675 677
675 678
675 679
675 680
675 681
675 682
676 676
676 677
676 678
676 679
676 680
676 681
676 682
677 677
677 678
677 679
677 680
677 681
677 682
678 678
678 679
678 680
678 681
678 682
679 679
679 680
679 681
679 682
680 680
680 681
680 682
681 681
681 682
682 682
683 683
683 684
683 685
683 686
683 687
683 688
683 689
683 690
684 684
684 685
684 686
684 687
684 688
684 689
684 690
685 685
685 686
685 687
685 688
685 689
685 690
686 686
686 687
686 688
686 689
686 690
687 687
687 688
687 689
687 690
688 688
688 689
688 690
689 689
689 690
690 690
691 691
691 692
691 693
691 694
691 695
691 696
691 697
691 698
691 699
691 700
691 701
691 702
691 707
692 692
692 693
692 694
692 695
692 696
692 697
692 698
692 699
692 700
692 701
692 702
692 731
692 732
692 733
692 734
692 735
692 736
692 737
692 738
693 693
693 694
693 695
693 696
693 697
693 698
693 699
693 700
693 701
693 702
693 709
694 694
694 695
694 696
694 697
694 698
694 699
694 700
694 701
694 702
694 731
694 732
694 733
694 734
694 735
694 736
694 737
694 738
695 695
695 696
695 697
695 698
695 699
695 700
695 701
695 702
695 703
696 696
696 697
696 698
696 699
696 700
696 701
696 702
696 731
696 732
696 733
696 734
696 735
696 736
696 737
696 738
697 697
697 698
697 699
697 700
697 701
697 702
697 705
698 698
698 699
698 700
698 701
698 702
698 731
698 732
698 733
698 734
698 735
698 736
698 737
698 738
699 699
699 700
699 701
699 702
699 711
700 700
700 701
700 702
700 739
700 740
700 741
700 742
700 743
700 744
700 745
700 746
700 747
700 748
700 749
700 750
700 751
700 752
700 753
700 754
700 755
701 701
701 702
701 713
702 702
702 739
702 740
702 741
702 742
702 743
702 744
702 745
702 746
702 747
702 748
702 749
702 750
702 751
702 752
702 753
702 754
702 755
703 703
703 704
704 704
705 705
705 706
706 706
707 707
707 708
708 708
709 709
709 710
710 710
711 711
711 712
712 712
713 713
713 714
714 714
715 715
715 716
715 717
715 718
715 719
715 720
715 721
715 722
715 876
715 877
716 716
716 717
716 718
716 719
716 720
716 721
716 722
716 876
716 877
717 717
717 718
717 719
717 720
717 721
717 722
718 718
718 719
718 720
718 721
718 722
719 719
719 720
719 721
719 722
720 720
720 721
720 722
721 721
721 722
722 722
723 723
723 724
723 725
723 726
723 727
723 728
723 729
723 730
723 878
723 879
723 880
723 881
724 724
724 725
724 726
724 727
724 728
724 729
724 730
724 878
724 879
724 880
724 881
725 725
725 726
725 727
725 728
725 729
725 730
726 726
726 727
726 728
726 729
726 730
727 727
727 728
727 729
727 730
727 878
727 879
727 880
727 881
728 728
728 729
728 730
728 878
728 879
728 880
728 881
729 729
729 730
730 730
731 731
731 732
731 733
731 734
731 735
731 736
731 737
731 738
732 732
732 733
732 734
732 735
732 736
732 737
732 738
733 733
733 734
733 735
733 736
733 737
733 738
734 734
734 735
734 736
734 737
734 738
735 735
735 736
735 737
735 738
735 855
735 856
736 736
736 737
736 738
736 855
736 856
737 737
737 738
738 738
739 739
739 740
739 741
739 742
739 743
739 744
739 745
739 746
739 747
739 748
739 749
739 750
739 751
739 752
739 753
739 754
739 755
740 740
740 741
740 742
740 743
740 744
740 745
740 746
740 747
740 748
740 749
740 750
740 751
740 752
740 753
740 754
740 755
741 741
741 742
741 743
741 744
741 745
741 746
741 747
741 748
741 749
741 750
741 751
741 752
741 753
741 754
741 755
742 742
742 743
742 744
742 745
742 746
742 747
742 748
742 749
742 750
742 751
742 752
742 753
742 754
742 755
743 743
743 744
743 745
743 746
743 747
743 748
743 749
743 750
743 751
743 752
743 753
743 754
743 755
744 744
744 745
744 746
744 747
744 748
744 749
744 750
744 751
744 752
744 753
744 754
744 755
745 745
745 746
745 747
745 748
745 749
745 750
745 751
745 752
745 753
745 754
745 755
746 746
746 747
746 748
746 749
746 750
746 751
746 752
746 753
746 754
746 755
747 747
747 748
747 749
747 750
747 751
747 752
747 753
747 754
747 755
748 748
748 749
748 750
748 751
748 752
748 753
748 754
748 755
749 749
749 750
749 751
749 752
749 753
749 754
749 755
750 750
750 751
750 752
750 753
750 754
750 755
751 751
751 752
751 753
751 754
751 755
751 760
751 772
751 774
751 777
751 779
751 782
751 783
751 784
751 785
751 786
751 787
751 788
751 789
751 790
751 791
751 792
751 793
751 797
751 798
751 799
751 800
751 801
751 802
751 803
751 804
751 805
751 806
751 807
751 808
751 809
751 810
751 811
751 812
751 813
751 815
751 819
751 821
751 822
751 824
751 825
751 826
751 827
751 838
751 839
751 840
751 841
751 842
751 843
751 847
751 848
751 849
751 850
751 851
751 852
751 853
751 854
752 752
752 753
752 754
752 755
753 753
753 754
753 755
753 760
753 772
753 774
753 777
753 779
753 782
753 783
753 784
753 785
753 786
753 787
753 788
753 789
753 790
753 791
753 792
753 793
753 797
753 798
753 799
753 800
753 801
753 802
753 803
753 804
753 805
753 806
753 807
753 808
753 809
753 810
753 811
753 812
753 813
753 815
753 819
753 821
753 822
753 824
753 825
753 826
753 827
753 838
753 839
753 840
753 841
753 842
753 843
753 847
753 848
753 849
753 850
753 851
753 852
753 853
753 854
754 754
754 755
755 755
756 756
756 757
756 758
756 759
756 869
756 870
756 871
756 874
756 875
756 958
756 991
756 992
757 757
757 758
757 759
757 869
757 870
757 871
758 758
758 759
759 759
760 760
760 761
760 762
760 763
760 764
760 765
760 766
760 767
760 768
760 769
760 770
760 771
760 772
760 774
760 777
760 779
760 782
760 783
760 784
760 785
760 786
760 787
760 788
760 789
760 790
760 791
760 792
760 793
760 797
760 798
760 799
760 800
760 801
760 802
760 803
760 804
760 805
760 806
760 807
760 808
760 809
760 810
760 811
760 812
760 813
760 815
760 819
760 821
760 822
760 824
760 825
760 826
760 827
760 838
760 839
760 840
760 841
760 842
760 843
760 847
760 848
760 849
760 850
760 851
760 852
760 853
760 854
761 761
761 762
761 763
761 764
761 765
761 766
761 767
761 768
761 769
761 770
761 771
762 762
762 763
762 764
762 765
762 766
762 767
762 768
762 769
762 770
762 771
763 763
763 764
763 765
763 766
763 767
763 768
763 769
763 770
763 771
764 764
764 765
764 766
764 767
764 768
764 769
764 770
764 771
765 765
765 766
765 767
765 768
765 769
765 770
765 771
766 766
766 767
766 768
766 769
766 770
766 771
767 767
767 768
767 769
767 770
767 771
768 768
768 769
768 770
768 771
769 769
769 770
769 771
770 770
770 771
771 771
772 772
772 773
772 774
772 775
772 776
772 777
772 779
772 782
772 783
772 784
772 785
772 786
772 787
772 788
772 789
772 790
772 791
772 792
772 793
772 797
772 798
772 799
772 800
772 801
772 802
772 803
772 804
772 805
772 806
772 807
772 808
772 809
772 810
772 811
772 812
772 813
772 815
772 819
772 821
772 822
772 824
772 825
772 826
772 827
772 838
772 839
772 840
772 841
772 842
772 843
772 847
772 848
772 849
772 850
772 851
772 852
772 853
772 854
773 773
773 774
773 775
773 776
774 774
774 775
774 776
774 777
774 779
774 782
774 783
774 784
774 785
774 786
774 787
774 788
774 789
774 790
774 791
774 792
774 793
774 797
774 798
774 799
774 800
774 801
774 802
774 803
774 804
774 805
774 806
774 807
774 808
774 809
774 810
774 811
774 812
774 813
774 815
774 819
774 821
774 822
774 824
774 825
774 826
774 827
774 838
774 839
774 840
774 841
774 842
774 843
774 847
774 848
774 849
774 850
774 851
774 852
774 853
774 854
775 775
775 776
776 776
777 777
777 778
777 779
777 780
777 781
777 782
777 783
777 784
777 785
777 786
777 787
777 788
777 789
777 790
777 791
777 792
777 793
777 797
777 798
777 799
777 800
777 801
777 802
777 803
777 804
777 805
777 806
777 807
777 808
777 809
777 810
777 811
777 812
777 813
777 815
777 819
777 821
777 822
777 824
777 825
777 826
777 827
777 838
777 839
777 840
777 841
777 842
777 843
777 847
777 848
777 849
777 850
777 851
777 852
777 853
777 854
778 778
778 779
778 780
778 781
779 779
779 780
779 781
779 782
779 783
779 784
779 785
779 786
779 787
779 788
779 789
779 790
779 791
779 792
779 793
779 797
779 798
779 799
779 800
779 801
779 802
779 803
779 804
779 805
779 806
779 807
779 808
779 809
779 810
779 811
779 812
779 813
779 815
779 819
779 821
779 822
779 824
779 825
779 826
779 827
779 838
779 839
779 840
779 841
779 842
779 843
779 847
779 848
779 849
779 850
779 851
779 852
779 853
779 854
780 780
780 781
781 781
782 782
782 783
782 784
782 785
782 786
782 787
782 788
782 789
782 790
782 791
782 792
782 793
782 795
782 797
782 798
782 799
782 800
782 801
782 802
782 803
782 804
782 805
782 806
782 807
782 808
782 809
782 810
782 811
782 812
782 813
782 815
782 819
782 821
782 822
782 824
782 825
782 826
782 827
782 838
782 839
782 840
782 841
782 842
782 843
782 847
782 848
782 849
782 850
782 851
782 852
782 853
782 854
783 783
783 784
783 785
783 786
783 787
783 788
783 789
783 790
783 791
783 792
783 793
783 797
783 798
783 799
783 800
783 801
783 802
783 803
783 804
783 805
783 806
783 807
783 808
783 809
783 810
783 811
783 812
783 813
783 815
783 819
783 821
783 822
783 824
783 825
783 826
783 827
783 838
783 839
783 840
783 841
783 842
783 843
783 847
783 848
783 849
783 850
783 851
783 852
783 853
783 854
784 784
784 785
784 786
784 787
784 788
784 789
784 790
784 791
784 792
784 793
784 797
784 798
784 799
784 800
784 801
784 802
784 803
784 804
784 805
784 806
784 807
784 808
784 809
784 810
784 811
784 812
784 813
784 815
784 819
784 821
784 822
784 824
784 825
784 826
784 827
784 838
784 839
784 840
784 841
784 842
784 843
784 847
784 848
784 849
784 850
784 851
784 852
784 853
784 854
785 785
785 786
785 787
785 788
785 789
785 790
785 791
785 792
785 793
785 797
785 798
785 799
785 800
785 801
785 802
785 803
785 804
785 805
785 806
785 807
785 808
785 809
785 810
785 811
785 812
785 813
785 815
785 819
785 821
785 822
785 824
785 825
785 826
785 827
785 838
785 839
785 840
785 841
785 842
785 843
785 847
785 848
785 849
785 850
785 851
785 852
785 853
785 854
786 786
786 787
786 788
786 789
786 790
786 791
786 792
786 793
786 797
786 798
786 799
786 800
786 801
786 802
786 803
786 804
786 805
786 806
786 807
786 808
786 809
786 810
786 811
786 812
786 813
786 815
786 819
786 821
786 822
786 824
786 825
786 826
786 827
786 838
786 839
786 840
786 841
786 842
786 843
786 847
786 848
786 849
786 850
786 851
786 852
786 853
786 854
787 787
787 788
787 789
787 790
787 791
787 792
787 793
787 797
787 798
787 799
787 800
787 801
787 802
787 803
787 804
787 805
787 806
787 807
787 808
787 809
787 810
787 811
787 812
787 813
787 815
787 819
787 821
787 822
787 824
787 825
787 826
787 827
787 838
787 839
787 840
787 841
787 842
787 843
787 847
787 848
787 849
787 850
787 851
787 852
787 853
787 854
788 788
788 789
788 790
788 791
788 792
788 793
788 797
788 798
788 799
788 800
788 801
788 802
788 803
788 804
788 805
788 806
788 807
788 808
788 809
788 810
788 811
788 812
788 813
788 815
788 819
788 821
788 822
788 824
788 825
788 826
788 827
788 838
788 839
788 840
788 841
788 842
788 843
788 847
788 848
788 849
788 850
788 851
788 852
788 853
788 854
789 789
789 790
789 791
789 792
789 793
789 797
789 798
789 799
789 800
789 801
789 802
789 803
789 804
789 805
789 806
789 807
789 808
789 809
789 810
789 811
789 812
789 813
789 815
789 819
789 821
789 822
789 824
789 825
789 826
789 827
789 838
789 839
789 840
789 841
789 842
789 843
789 847
789 848
789 849
789 850
789 851
789 852
789 853
789 854
790 790
790 791
790 792
790 793
790 797
790 798
790 799
790 800
790 801
790 802
790 803
790 804
790 805
790 806
790 807
790 808
790 809
790 810
790 811
790 812
790 813
790 815
790 819
790 821
790 822
790 824
790 825
790 826
790 827
790 838
790 839
790 840
790 841
790 842
790 843
790 847
790 848
790 849
790 850
790 851
790 852
790 853
790 854
791 791
791 792
791 793
791 797
791 798
791 799
791 800
791 801
791 802
791 803
791 804
791 805
791 806
791 807
791 808
791 809
791 810
791 811
791 812
791 813
791 815
791 819
791 821
791 822
791 824
791 825
791 826
791 827
791 838
791 839
791 840
791 841
791 842
791 843
791 847
791 848
791 849
791 850
791 851
791 852
791 853
791 854
792 792
792 793
792 797
792 798
792 799
792 800
792 801
792 802
792 803
792 804
792 805
792 806
792 807
792 808
792 809
792 810
792 811
792 812
792 813
792 815
792 819
792 821
792 822
792 824
792 825
792 826
792 827
792 838
792 839
792 840
792 841
792 842
792 843
792 847
792 848
792 849
792 850
792 851
792 852
792 853
792 854
793 793
793 794
793 797
793 798
793 799
793 800
793 801
793 802
793 803
793 804
793 805
793 806
793 807
793 808
793 809
793 810
793 811
793 812
793 813
793 815
793 819
793 821
793 822
793 824
793 825
793 826
793 827
793 838
793 839
793 840
793 841
793 842
793 843
793 847
793 848
793 849
793 850
793 851
793 852
793 853
793 854
794 794
795 795
796 796
796 802
797 797
797 798
797 799
797 800
797 801
797 802
797 803
797 804
797 805
797 806
797 807
797 808
797 809
797 810
797 811
797 812
797 813
797 815
797 819
797 821
797 822
797 824
797 825
797 826
797 827
797 838
797 839
797 840
797 841
797 842
797 843
797 847
797 848
797 849
797 850
797 851
797 852
797 853
797 854
798 798
798 799
798 800
798 801
798 802
798 803
798 804
798 805
798 806
798 807
798 808
798 809
798 810
798 811
798 812
798 813
798 815
798 819
798 821
798 822
798 824
798 825
798 826
798 827
798 838
798 839
798 840
798 841
798 842
798 843
798 847
798 848
798 849
798 850
798 851
798 852
798 853
798 854
799 799
799 800
799 801
799 802
799 803
799 804
799 805
799 806
799 807
799 808
799 809
799 810
799 811
799 812
799 813
799 815
799 819
799 821
799 822
799 824
799 825
799 826
799 827
799 838
799 839
799 840
799 841
799 842
799 843
799 847
799 848
799 849
799 850
799 851
799 852
799 853
799 854
800 800
800 801
800 802
800 803
800 804
800 805
800 806
800 807
800 808
800 809
800 810
800 811
800 812
800 813
800 815
800 818
800 819
800 821
800 822
800 824
800 825
800 826
800 827
800 838
800 839
800 840
800 841
800 842
800 843
800 847
800 848
800 849
800 850
800 851
800 852
800 853
800 854
801 801
801 802
801 803
801 804
801 805
801 806
801 807
801 808
801 809
801 810
801 811
801 812
801 813
801 815
801 819
801 821
801 822
801 824
801 825
801 826
801 827
801 838
801 839
801 840
801 841
801 842
801 843
801 847
801 848
801 849
801 850
801 851
801 852
801 853
801 854
801 1076
801 1174
801 1175
802 802
802 803
802 804
802 805
802 806
802 807
802 808
802 809
802 810
802 811
802 812
802 813
802 815
802 819
802 821
802 822
802 824
802 825
802 826
802 827
802 838
802 839
802 840
802 841
802 842
802 843
802 847
802 848
802 849
802 850
802 851
802 852
802 853
802 854
803 803
803 804
803 805
803 806
803 807
803 808
803 809
803 810
803 811
803 812
803 813
803 815
803 819
803 821
803 822
803 824
803 825
803 826
803 827
803 838
803 839
803 840
803 841
803 842
803 843
803 847
803 848
803 849
803 850
803 851
803 852
803 853
803 854
804 804
804 805
804 806
804 807
804 808
804 809
804 810
804 811
804 812
804 813
804 815
804 819
804 821
804 822
804 824
804 825
804 826
804 827
804 838
804 839
804 840
804 841
804 842
804 843
804 847
804 848
804 849
804 850
804 851
804 852
804 853
804 854
805 805
805 806
805 807
805 808
805 809
805 810
805 811
805 812
805 813
805 815
805 819
805 821
805 822
805 824
805 825
805 826
805 827
805 838
805 839
805 840
805 841
805 842
805 843
805 847
805 848
805 849
805 850
805 851
805 852
805 853
805 854
805 1076
805 1174
805 1175
806 806
806 807
806 808
806 809
806 810
806 811
806 812
806 813
806 815
806 819
806 821
806 822
806 824
806 825
806 826
806 827
806 838
806 839
806 840
806 841
806 842
806 843
806 847
806 848
806 849
806 850
806 851
806 852
806 853
806 854
807 807
807 808
807 809
807 810
807 811
807 812
807 813
807 815
807 819
807 821
807 822
807 824
807 825
807 826
807 827
807 838
807 839
807 840
807 841
807 842
807 843
807 847
807 848
807 849
807 850
807 851
807 852
807 853
807 854
808 808
808 809
808 810
808 811
808 812
808 813
808 815
808 819
808 821
808 822
808 824
808 825
808 826
808 827
808 838
808 839
808 840
808 841
808 842
808 843
808 847
808 848
808 849
808 850
808 851
808 852
808 853
808 854
809 809
809 810
809 811
809 812
809 813
809 815
809 819
809 821
809 822
809 824
809 825
809 826
809 827
809 838
809 839
809 840
809 841
809 842
809 843
809 847
809 848
809 849
809 850
809 851
809 852
809 853
809 854
810 810
810 811
810 812
810 813
810 815
810 819
810 821
810 822
810 824
810 825
810 826
810 827
810 838
810 839
810 840
810 841
810 842
810 843
810 847
810 848
810 849
810 850
810 851
810 852
810 853
810 854
811 811
811 812
811 813
811 815
811 819
811 821
811 822
811 824
811 825
811 826
811 827
811 838
811 839
811 840
811 841
811 842
811 843
811 847
811 848
811 849
811 850
811 851
811 852
811 853
811 854
811 1076
811 1174
811 1175
812 812
812 813
812 815
812 819
812 821
812 822
812 824
812 825
812 826
812 827
812 838
812 839
812 840
812 841
812 842
812 843
812 847
812 848
812 849
812 850
812 851
812 852
812 853
812 854
813 813
813 814
813 815
813 819
813 820
813 821
813 822
813 823
813 824
813 825
813 826
813 827
813 838
813 839
813 840
813 841
813 842
813 843
813 847
813 848
813 849
813 850
813 851
813 852
813 853
813 854
814 814
814 819
814 820
814 822
814 823
814 828
814 829
815 815
815 816
815 819
815 821
815 822
815 824
815 825
815 826
815 827
815 838
815 839
815 840
815 841
815 842
815 843
815 847
815 848
815 849
815 850
815 851
815 852
815 853
815 854
816 816
816 817
817 817
817 818
817 821
818 818
818 825
819 819
819 820
819 821
819 822
819 823
819 824
819 825
819 826
819 827
819 838
819 839
819 840
819 841
819 842
819 843
819 847
819 848
819 849
819 850
819 851
819 852
819 853
819 854
820 820
820 822
820 823
820 832
820 833
821 821
821 822
821 824
821 825
821 826
821 827
821 838
821 839
821 840
821 841
821 842
821 843
821 847
821 848
821 849
821 850
821 851
821 852
821 853
821 854
822 822
822 823
822 824
822 825
822 826
822 827
822 838
822 839
822 840
822 841
822 842
822 843
822 847
822 848
822 849
822 850
822 851
822 852
822 853
822 854
823 823
823 836
824 824
824 825
824 826
824 827
824 838
824 839
824 840
824 841
824 842
824 843
824 847
824 848
824 849
824 850
824 851
824 852
824 853
824 854
825 825
825 826
825 827
825 838
825 839
825 840
825 841
825 842
825 843
825 847
825 848
825 849
825 850
825 851
825 852
825 853
825 854
826 826
826 827
826 838
826 839
826 840
826 841
826 842
826 843
826 847
826 848
826 849
826 850
826 851
826 852
826 853
826 854
827 827
827 838
827 839
827 840
827 841
827 842
827 843
827 847
827 848
827 849
827 850
827 851
827 852
827 853
827 854
828 828
828 830
829 829
829 831
830 830
831 831
832 832
832 834
833 833
833 835
834 834
835 835
836 836
836 837
837 837
838 838
838 839
838 840
838 841
838 842
838 843
838 847
838 848
838 849
838 850
838 851
838 852
838 853
838 854
839 839
839 840
839 841
839 842
839 843
839 844
839 847
839 848
839 849
839 850
839 851
839 852
839 853
839 854
840 840
840 841
840 842
840 843
840 847
840 848
840 849
840 850
840 851
840 852
840 853
840 854
841 841
841 842
841 843
841 844
841 847
841 848
841 849
841 850
841 851
841 852
841 853
841 854
842 842
842 843
842 847
842 848
842 849
842 850
842 851
842 852
842 853
842 854
843 843
843 847
843 848
843 849
843 850
843 851
843 852
843 853
843 854
844 844
844 845
844 852
845 845
845 846
846 846
847 847
847 848
847 849
847 850
847 851
847 852
847 853
847 854
848 848
848 849
848 850
848 851
848 852
848 853
848 854
849 849
849 850
849 851
849 852
849 853
849 854
850 850
850 851
850 852
850 853
850 854
851 851
851 852
851 853
851 854
852 852
852 853
852 854
853 853
853 854
854 854
855 855
855 856
855 861
856 856
856 865
857 857
857 858
857 859
857 860
857 863
858 858
858 859
858 860
859 859
859 860
859 867
860 860
861 861
861 862
861 863
861 864
862 862
862 863
862 864
863 863
863 864
864 864
865 865
865 866
865 867
865 868
865 872
865 873
865 954
865 955
865 956
865 957
866 866
866 867
866 868
867 867
867 868
867 872
867 873
867 954
867 955
867 956
867 957
868 868
869 869
869 870
869 871
869 872
869 901
870 870
870 871
870 874
870 901
871 871
871 875
872 872
872 873
873 873
873 901
874 874
874 875
875 875
876 876
876 877
876 902
877 877
877 906
878 878
878 879
878 880
878 881
878 910
879 879
879 880
879 881
879 914
880 880
880 881
880 917
881 881
881 920
882 882
882 883
882 884
882 885
882 886
882 887
882 888
882 889
882 911
882 912
883 883
883 884
883 885
883 886
883 887
883 888
883 889
883 892
883 896
883 897
883 898
883 899
883 900
883 935
883 936
883 937
883 938
883 939
883 940
883 941
883 942
883 943
883 944
883 945
883 946
883 947
883 948
883 949
883 950
883 951
883 952
883 953
884 884
884 885
884 886
884 887
884 888
884 889
884 915
884 916
885 885
885 886
885 887
885 888
885 889
885 894
886 886
886 887
886 888
886 889
886 918
886 919
887 887
887 888
887 889
887 898
888 888
888 889
888 921
888 922
889 889
889 900
890 890
890 891
890 892
890 893
890 894
890 895
890 905
891 891
891 892
891 893
891 894
891 895
891 924
891 925
891 926
891 927
891 928
891 929
891 930
891 931
891 932
891 933
891 934
892 892
892 893
892 894
892 895
893 893
893 894
893 895
893 924
893 925
893 926
893 927
893 928
893 929
893 930
893 931
893 932
893 933
893 934
894 894
894 895
895 895
895 924
895 925
895 926
895 927
895 928
895 929
895 930
895 931
895 932
895 933
895 934
896 896
896 897
896 898
896 899
896 900
896 909
897 897
897 898
897 899
897 900
897 935
897 936
897 937
897 938
897 939
897 940
897 941
897 942
897 943
897 944
897 945
897 946
897 947
897 948
897 949
897 950
897 951
897 952
897 953
898 898
898 899
898 900
899 899
899 900
899 935
899 936
899 937
899 938
899 939
899 940
899 941
899 942
899 943
899 944
899 945
899 946
899 947
899 948
899 949
899 950
899 951
899 952
899 953
900 900
901 901
902 902
902 904
903 903
903 904
903 905
904 904
904 905
905 905
906 906
906 908
907 907
907 908
907 909
908 908
908 909
909 909
910 910
910 912
910 913
911 911
911 912
912 912
912 913
913 913
914 914
914 916
915 915
915 916
916 916
917 917
917 919
918 918
918 919
919 919
920 920
920 922
920 923
921 921
921 922
922 922
922 923
923 923
924 924
924 925
924 926
924 927
924 928
924 929
924 930
924 931
924 932
924 933
924 934
924 935
924 942
924 945
924 1025
924 1026
924 1027
924 1028
924 1029
924 1030
924 1031
924 1032
924 1033
924 1034
924 1035
924 1036
924 1037
924 1038
924 1039
924 1040
924 1041
924 1042
924 1043
924 1044
924 1045
924 1046
924 1047
924 1048
924 1049
924 1050
924 1052
924 1053
924 1054
924 1055
924 1056
924 1057
924 1058
924 1059
924 1060
924 1061
924 1062
924 1063
924 1064
924 1065
924 1066
924 1067
924 1068
924 1069
924 1070
924 1071
924 1072
924 1073
924 1074
924 1075
924 1076
924 1077
924 1078
924 1079
924 1080
924 1081
924 1082
924 1083
924 1084
924 1085
924 1086
924 1087
924 1088
924 1089
924 1090
924 1091
924 1092
924 1093
924 1106
924 1107
924 1108
924 1109
924 1114
924 1115
925 925
925 926
925 927
925 928
925 929
925 930
925 931
925 932
925 933
925 934
926 926
926 927
926 928
926 929
926 930
926 931
926 932
926 933
926 934
927 927
927 928
927 929
927 930
927 931
927 932
927 933
927 934
927 935
927 942
927 945
927 1025
927 1026
927 1027
927 1028
927 1029
927 1030
927 1031
927 1032
927 1033
927 1034
927 1035
927 1036
927 1037
927 1038
927 1039
927 1040
927 1041
927 1042
927 1043
927 1044
927 1045
927 1046
927 1047
927 1048
927 1049
927 1050
927 1052
927 1053
927 1054
927 1055
927 1056
927 1057
927 1058
927 1059
927 1060
927 1061
927 1062
927 1063
927 1064
927 1065
927 1066
927 1067
927 1068
927 1069
927 1070
927 1071
927 1072
927 1073
927 1074
927 1075
927 1076
927 1077
927 1078
927 1079
927 1080
927 1081
927 1082
927 1083
927 1084
927 1085
927 1086
927 1087
927 1088
927 1089
927 1090
927 1091
927 1092
927 1093
927 1106
927 1107
927 1108
927 1109
927 1114
927 1115
928 928
928 929
928 930
928 931
928 932
928 933
928 934
929 929
929 930
929 931
929 932
929 933
929 934
930 930
930 931
930 932
930 933
930 934
930 935
930 942
930 945
930 1025
930 1026
930 1027
930 1028
930 1029
930 1030
930 1031
930 1032
930 1033
930 1034
930 1035
930 1036
930 1037
930 1038
930 1039
930 1040
930 1041
930 1042
930 1043
930 1044
930 1045
930 1046
930 1047
930 1048
930 1049
930 1050
930 1052
930 1053
930 1054
930 1055
930 1056
930 1057
930 1058
930 1059
930 1060
930 1061
930 1062
930 1063
930 1064
930 1065
930 1066
930 1067
930 1068
930 1069
930 1070
930 1071
930 1072
930 1073
930 1074
930 1075
930 1076
930 1077
930 1078
930 1079
930 1080
930 1081
930 1082
930 1083
930 1084
930 1085
930 1086
930 1087
930 1088
930 1089
930 1090
930 1091
930 1092
930 1093
930 1106
930 1107
930 1108
930 1109
930 1114
930 1115
931 931
931 932
931 933
931 934
932 932
932 933
932 934
933 933
933 934
934 934
935 935
935 936
935 937
935 938
935 939
935 940
935 941
935 942
935 943
935 944
935 945
935 946
935 947
935 948
935 949
935 950
935 951
935 952
935 953
935 1025
935 1026
935 1027
935 1028
935 1029
935 1030
935 1031
935 1032
935 1033
935 1034
935 1035
935 1036
935 1037
935 1038
935 1039
935 1040
935 1041
935 1042
935 1043
935 1044
935 1045
935 1046
935 1047
935 1048
935 1049
935 1050
935 1052
935 1053
935 1054
935 1055
935 1056
935 1057
935 1058
935 1059
935 1060
935 1061
935 1062
935 1063
935 1064
935 1065
935 1066
935 1067
935 1068
935 1069
935 1070
935 1071
935 1072
935 1073
935 1074
935 1075
935 1076
935 1077
935 1078
935 1079
935 1080
935 1081
935 1082
935 1083
935 1084
935 1085
935 1086
935 1087
935 1088
935 1089
935 1090
935 1091
935 1092
935 1093
935 1106
935 1107
935 1108
935 1109
935 1114
935 1115
936 936
936 937
936 938
936 939
936 940
936 941
936 942
936 943
936 944
936 945
936 946
936 947
936 948
936 949
936 950
936 951
936 952
936 953
937 937
937 938
937 939
937 940
937 941
937 942
937 943
937 944
937 945
937 946
937 947
937 948
937 949
937 950
937 951
937 952
937 953
938 938
938 939
938 940
938 941
938 942
938 943
938 944
938 945
938 946
938 947
938 948
938 949
938 950
938 951
938 952
938 953
939 939
939 940
939 941
939 942
939 943
939 944
939 945
939 946
939 947
939 948
939 949
939 950
939 951
939 952
939 953
940 940
940 941
940 942
940 943
940 944
940 945
940 946
940 947
940 948
940 949
940 950
940 951
940 952
940 953
941 941
941 942
941 943
941 944
941 945
941 946
941 947
941 948
941 949
941 950
941 951
941 952
941 953
942 942
942 943
942 944
942 945
942 946
942 947
942 948
942 949
942 950
942 951
942 952
942 953
942 1025
942 1026
942 1027
942 1028
942 1029
942 1030
942 1031
942 1032
942 1033
942 1034
942 1035
942 1036
942 1037
942 1038
942 1039
942 1040
942 1041
942 1042
942 1043
942 1044
942 1045
942 1046
942 1047
942 1048
942 1049
942 1050
942 1052
942 1053
942 1054
942 1055
942 1056
942 1057
942 1058
942 1059
942 1060
942 1061
942 1062
942 1063
942 1064
942 1065
942 1066
942 1067
942 1068
942 1069
942 1070
942 1071
942 1072
942 1073
942 1074
942 1075
942 1076
942 1077
942 1078
942 1079
942 1080
942 1081
942 1082
942 1083
942 1084
942 1085
942 1086
942 1087
942 1088
942 1089
942 1090
942 1091
942 1092
942 1093
942 1106
942 1107
942 1108
942 1109
942 1114
942 1115
943 943
943 944
943 945
943 946
943 947
943 948
943 949
943 950
943 951
943 952
943 953
944 944
944 945
944 946
944 947
944 948
944 949
944 950
944 951
944 952
944 953
945 945
945 946
945 947
945 948
945 949
945 950
945 951
945 952
945 953
945 1025
945 1026
945 1027
945 1028
945 1029
945 1030
945 1031
945 1032
945 1033
945 1034
945 1035
945 1036
945 1037
945 1038
945 1039
945 1040
945 1041
945 1042
945 1043
945 1044
945 1045
945 1046
945 1047
945 1048
945 1049
945 1050
945 1052
945 1053
945 1054
945 1055
945 1056
945 1057
945 1058
945 1059
945 1060
945 1061
945 1062
945 1063
945 1064
945 1065
945 1066
945 1067
945 1068
945 1069
945 1070
945 1071
945 1072
945 1073
945 1074
945 1075
945 1076
945 1077
945 1078
945 1079
945 1080
945 1081
945 1082
945 1083
945 1084
945 1085
945 1086
945 1087
945 1088
945 1089
945 1090
945 1091
945 1092
945 1093
945 1106
945 1107
945 1108
945 1109
945 1114
945 1115
946 946
946 947
946 948
946 949
946 950
946 951
946 952
946 953
947 947
947 948
947 949
947 950
947 951
947 952
947 953
948 948
948 949
948 950
948 951
948 952
948 953
949 949
949 950
949 951
949 952
949 953
950 950
950 951
950 952
950 953
951 951
951 952
951 953
952 952
952 953
953 953
954 954
954 955
954 956
954 957
955 955
955 956
955 957
956 956
956 957
957 957
958 958
958 959
958 991
958 992
959 959
959 960
960 960
960 961
960 994
960 995
961 961
961 962
961 994
961 995
961 996
962 962
962 963
962 995
962 996
963 963
963 964
964 964
964 965
964 998
964 999
965 965
965 966
965 998
965 999
965 1000
966 966
966 967
966 999
966 1000
966 1001
967 967
967 968
967 1000
967 1001
967 1002
968 968
968 969
968 1001
968 1002
968 1003
969 969
969 970
969 1002
969 1003
970 970
970 971
971 971
971 972
971 1005
971 1006
972 972
972 973
972 1005
972 1006
972 1007
973 973
973 974
973 1006
973 1007
974 974
974 975
975 975
975 976
975 1009
975 1010
976 976
976 977
976 1009
976 1010
976 1011
977 977
977 978
977 1010
977 1011
978 978
978 979
979 979
979 980
979 1013
979 1014
980 980
980 981
980 1013
980 1014
980 1015
981 981
981 982
981 1014
981 1015
981 1016
982 982
982 983
982 1015
982 1016
983 983
983 984
984 984
984 985
984 1018
984 1019
985 985
985 986
985 1018
985 1019
985 1020
986 986
986 987
986 1019
986 1020
986 1021
987 987
987 988
987 1020
987 1021
987 1022
988 988
988 989
988 1021
988 1022
988 1023
989 989
989 990
989 1022
989 1023
990 990
990 1024
991 991
991 992
992 992
992 993
993 993
993 994
994 994
994 995
995 995
995 996
996 996
996 997
997 997
997 998
998 998
998 999
999 999
999 1000
1000 1000
1000 1001
1001 1001
1001 1002
1002 1002
1002 1003
1003 1003
1003 1004
1004 1004
1004 1005
1005 1005
1005 1006
1006 1006
1006 1007
1007 1007
1007 1008
1008 1008
1008 1009
1009 1009
1009 1010
1010 1010
1010 1011
1011 1011
1011 1012
1012 1012
1012 1013
1013 1013
1013 1014
1014 1014
1014 1015
1015 1015
1015 1016
1016 1016
1016 1017
1017 1017
1017 1018
1018 1018
1018 1019
1019 1019
1019 1020
1020 1020
1020 1021
1021 1021
1021 1022
1022 1022
1022 1023
1023 1023
1023 1024
1024 1024
1025 1025
1025 1026
1025 1027
1025 1028
1025 1029
1025 1030
1025 1031
1025 1032
1025 1033
1025 1034
1025 1035
1025 1036
1025 1037
1025 1038
1025 1039
1025 1040
1025 1041
1025 1042
1025 1043
1025 1044
1025 1045
1025 1046
1025 1047
1025 1048
1025 1049
1025 1050
1025 1052
1025 1053
1025 1054
1025 1055
1025 1056
1025 1057
1025 1058
1025 1059
1025 1060
1025 1061
1025 1062
1025 1063
1025 1064
1025 1065
1025 1066
1025 1067
1025 1068
1025 1069
1025 1070
1025 1071
1025 1072
1025 1073
1025 1074
1025 1075
1025 1076
1025 1077
1025 1078
1025 1079
1025 1080
1025 1081
1025 1082
1025 1083
1025 1084
1025 1085
1025 1086
1025 1087
1025 1088
1025 1089
1025 1090
1025 1091
1025 1092
1025 1093
1025 1106
1025 1107
1025 1108
1025 1109
1025 1114
1025 1115
1025 1116
1025 1119
1025 1123
1026 1026
1026 1027
1026 1028
1026 1029
1026 1030
1026 1031
1026 1032
1026 1033
1026 1034
1026 1035
1026 1036
1026 1037
1026 1038
1026 1039
1026 1040
1026 1041
1026 1042
1026 1043
1026 1044
1026 1045
1026 1046
1026 1047
1026 1048
1026 1049
1026 1050
1026 1052
1026 1053
1026 1054
1026 1055
1026 1056
1026 1057
1026 1058
1026 1059
1026 1060
1026 1061
1026 1062
1026 1063
1026 1064
1026 1065
1026 1066
1026 1067
1026 1068
1026 1069
1026 1070
1026 1071
1026 1072
1026 1073
1026 1074
1026 1075
1026 1076
1026 1077
1026 1078
1026 1079
1026 1080
1026 1081
1026 1082
1026 1083
1026 1084
1026 1085
1026 1086
1026 1087
1026 1088
1026 1089
1026 1090
1026 1091
1026 1092
1026 1093
1026 1106
1026 1107
1026 1108
1026 1109
1026 1114
1026 1115
1027 1027
1027 1028
1027 1029
1027 1030
1027 1031
1027 1032
1027 1033
1027 1034
1027 1035
1027 1036
1027 1037
1027 1038
1027 1039
1027 1040
1027 1041
1027 1042
1027 1043
1027 1044
1027 1045
1027 1046
1027 1047
1027 1048
1027 1049
1027 1050
1027 1052
1027 1053
1027 1054
1027 1055
1027 1056
1027 1057
1027 1058
1027 1059
1027 1060
1027 1061
1027 1062
1027 1063
1027 1064
1027 1065
1027 1066
1027 1067
1027 1068
1027 1069
1027 1070
1027 1071
1027 1072
1027 1073
1027 1074
1027 1075
1027 1076
1027 1077
1027 1078
1027 1079
1027 1080
1027 1081
1027 1082
1027 1083
1027 1084
1027 1085
1027 1086
1027 1087
1027 1088
1027 1089
1027 1090
1027 1091
1027 1092
1027 1093
1027 1106
1027 1107
1027 1108
1027 1109
1027 1114
1027 1115
1028 1028
1028 1029
1028 1030
1028 1031
1028 1032
1028 1033
1028 1034
1028 1035
1028 1036
1028 1037
1028 1038
1028 1039
1028 1040
1028 1041
1028 1042
1028 1043
1028 1044
1028 1045
1028 1046
1028 1047
1028 1048
1028 1049
1028 1050
1028 1052
1028 1053
1028 1054
1028 1055
1028 1056
1028 1057
1028 1058
1028 1059
1028 1060
1028 1061
1028 1062
1028 1063
1028 1064
1028 1065
1028 1066
1028 1067
1028 1068
1028 1069
1028 1070
1028 1071
1028 1072
1028 1073
1028 1074
1028 1075
1028 1076
1028 1077
1028 1078
1028 1079
1028 1080
1028 1081
1028 1082
1028 1083
1028 1084
1028 1085
1028 1086
1028 1087
1028 1088
1028 1089
1028 1090
1028 1091
1028 1092
1028 1093
1028 1106
1028 1107
1028 1108
1028 1109
1028 1114
1028 1115
1028 1116
1028 1121
1028 1122
1029 1029
1029 1030
1029 1031
1029 1032
1029 1033
1029 1034
1029 1035
1029 1036
1029 1037
1029 1038
1029 1039
1029 1040
1029 1041
1029 1042
1029 1043
1029 1044
1029 1045
1029 1046
1029 1047
1029 1048
1029 1049
1029 1050
1029 1052
1029 1053
1029 1054
1029 1055
1029 1056
1029 1057
1029 1058
1029 1059
1029 1060
1029 1061
1029 1062
1029 1063
1029 1064
1029 1065
1029 1066
1029 1067
1029 1068
1029 1069
1029 1070
1029 1071
1029 1072
1029 1073
1029 1074
1029 1075
1029 1076
1029 1077
1029 1078
1029 1079
1029 1080
1029 1081
1029 1082
1029 1083
1029 1084
1029 1085
1029 1086
1029 1087
1029 1088
1029 1089
1029 1090
1029 1091
1029 1092
1029 1093
1029 1106
1029 1107
1029 1108
1029 1109
1029 1114
1029 1115
1030 1030
1030 1031
1030 1032
1030 1033
1030 1034
1030 1035
1030 1036
1030 1037
1030 1038
1030 1039
1030 1040
1030 1041
1030 1042
1030 1043
1030 1044
1030 1045
1030 1046
1030 1047
1030 1048
1030 1049
1030 1050
1030 1052
1030 1053
1030 1054
1030 1055
1030 1056
1030 1057
1030 1058
1030 1059
1030 1060
1030 1061
1030 1062
1030 1063
1030 1064
1030 1065
1030 1066
1030 1067
1030 1068
1030 1069
1030 1070
1030 1071
1030 1072
1030 1073
1030 1074
1030 1075
1030 1076
1030 1077
1030 1078
1030 1079
1030 1080
1030 1081
1030 1082
1030 1083
1030 1084
1030 1085
1030 1086
1030 1087
1030 1088
1030 1089
1030 1090
1030 1091
1030 1092
1030 1093
1030 1106
1030 1107
1030 1108
1030 1109
1030 1114
1030 1115
1031 1031
1031 1032
1031 1033
1031 1034
1031 1035
1031 1036
1031 1037
1031 1038
1031 1039
1031 1040
1031 1041
1031 1042
1031 1043
1031 1044
1031 1045
1031 1046
1031 1047
1031 1048
1031 1049
1031 1050
1031 1052
1031 1053
1031 1054
1031 1055
1031 1056
1031 1057
1031 1058
1031 1059
1031 1060
1031 1061
1031 1062
1031 1063
1031 1064
1031 1065
1031 1066
1031 1067
1031 1068
1031 1069
1031 1070
1031 1071
1031 1072
1031 1073
1031 1074
1031 1075
1031 1076
1031 1077
1031 1078
1031 1079
1031 1080
1031 1081
1031 1082
1031 1083
1031 1084
1031 1085
1031 1086
1031 1087
1031 1088
1031 1089
1031 1090
1031 1091
1031 1092
1031 1093
1031 1106
1031 1107
1031 1108
1031 1109
1031 1114
1031 1115
1032 1032
1032 1033
1032 1034
1032 1035
1032 1036
1032 1037
1032 1038
1032 1039
1032 1040
1032 1041
1032 1042
1032 1043
1032 1044
1032 1045
1032 1046
1032 1047
1032 1048
1032 1049
1032 1050
1032 1052
1032 1053
1032 1054
1032 1055
1032 1056
1032 1057
1032 1058
1032 1059
1032 1060
1032 1061
1032 1062
1032 1063
1032 1064
1032 1065
1032 1066
1032 1067
1032 1068
1032 1069
1032 1070
1032 1071
1032 1072
1032 1073
1032 1074
1032 1075
1032 1076
1032 1077
1032 1078
1032 1079
1032 1080
1032 1081
1032 1082
1032 1083
1032 1084
1032 1085
1032 1086
1032 1087
1032 1088
1032 1089
1032 1090
1032 1091
1032 1092
1032 1093
1032 1106
1032 1107
1032 1108
1032 1109
1032 1114
1032 1115
1033 1033
1033 1034
1033 1035
1033 1036
1033 1037
1033 1038
1033 1039
1033 1040
1033 1041
1033 1042
1033 1043
1033 1044
1033 1045
1033 1046
1033 1047
1033 1048
1033 1049
1033 1050
1033 1052
1033 1053
1033 1054
1033 1055
1033 1056
1033 1057
1033 1058
1033 1059
1033 1060
1033 1061
1033 1062
1033 1063
1033 1064
1033 1065
1033 1066
1033 1067
1033 1068
1033 1069
1033 1070
1033 1071
1033 1072
1033 1073
1033 1074
1033 1075
1033 1076
1033 1077
1033 1078
1033 1079
1033 1080
1033 1081
1033 1082
1033 1083
1033 1084
1033 1085
1033 1086
1033 1087
1033 1088
1033 1089
1033 1090
1033 1091
1033 1092
1033 1093
1033 1106
1033 1107
1033 1108
1033 1109
1033 1114
1033 1115
1034 1034
1034 1035
1034 1036
1034 1037
1034 1038
1034 1039
1034 1040
1034 1041
1034 1042
1034 1043
1034 1044
1034 1045
1034 1046
1034 1047
1034 1048
1034 1049
1034 1050
1034 1052
1034 1053
1034 1054
1034 1055
1034 1056
1034 1057
1034 1058
1034 1059
1034 1060
1034 1061
1034 1062
1034 1063
1034 1064
1034 1065
1034 1066
1034 1067
1034 1068
1034 1069
1034 1070
1034 1071
1034 1072
1034 1073
1034 1074
1034 1075
1034 1076
1034 1077
1034 1078
1034 1079
1034 1080
1034 1081
1034 1082
1034 1083
1034 1084
1034 1085
1034 1086
1034 1087
1034 1088
1034 1089
1034 1090
1034 1091
1034 1092
1034 1093
1034 1106
1034 1107
1034 1108
1034 1109
1034 1114
1034 1115
1035 1035
1035 1036
1035 1037
1035 1038
1035 1039
1035 1040
1035 1041
1035 1042
1035 1043
1035 1044
1035 1045
1035 1046
1035 1047
1035 1048
1035 1049
1035 1050
1035 1052
1035 1053
1035 1054
1035 1055
1035 1056
1035 1057
1035 1058
1035 1059
1035 1060
1035 1061
1035 1062
1035 1063
1035 1064
1035 1065
1035 1066
1035 1067
1035 1068
1035 1069
1035 1070
1035 1071
1035 1072
1035 1073
1035 1074
1035 1075
1035 1076
1035 1077
1035 1078
1035 1079
1035 1080
1035 1081
1035 1082
1035 1083
1035 1084
1035 1085
1035 1086
1035 1087
1035 1088
1035 1089
1035 1090
1035 1091
1035 1092
1035 1093
1035 1106
1035 1107
1035 1108
1035 1109
1035 1114
1035 1115
1035 1141
1035 1142
1035 1143
1036 1036
1036 1037
1036 1038
1036 1039
1036 1040
1036 1041
1036 1042
1036 1043
1036 1044
1036 1045
1036 1046
1036 1047
1036 1048
1036 1049
1036 1050
1036 1052
1036 1053
1036 1054
1036 1055
1036 1056
1036 1057
1036 1058
1036 1059
1036 1060
1036 1061
1036 1062
1036 1063
1036 1064
1036 1065
1036 1066
1036 1067
1036 1068
1036 1069
1036 1070
1036 1071
1036 1072
1036 1073
1036 1074
1036 1075
1036 1076
1036 1077
1036 1078
1036 1079
1036 1080
1036 1081
1036 1082
1036 1083
1036 1084
1036 1085
1036 1086
1036 1087
1036 1088
1036 1089
1036 1090
1036 1091
1036 1092
1036 1093
1036 1106
1036 1107
1036 1108
1036 1109
1036 1114
1036 1115
1037 1037
1037 1038
1037 1039
1037 1040
1037 1041
1037 1042
1037 1043
1037 1044
1037 1045
1037 1046
1037 1047
1037 1048
1037 1049
1037 1050
1037 1052
1037 1053
1037 1054
1037 1055
1037 1056
1037 1057
1037 1058
1037 1059
1037 1060
1037 1061
1037 1062
1037 1063
1037 1064
1037 1065
1037 1066
1037 1067
1037 1068
1037 1069
1037 1070
1037 1071
1037 1072
1037 1073
1037 1074
1037 1075
1037 1076
1037 1077
1037 1078
1037 1079
1037 1080
1037 1081
1037 1082
1037 1083
1037 1084
1037 1085
1037 1086
1037 1087
1037 1088
1037 1089
1037 1090
1037 1091
1037 1092
1037 1093
1037 1106
1037 1107
1037 1108
1037 1109
1037 1114
1037 1115
1038 1038
1038 1039
1038 1040
1038 1041
1038 1042
1038 1043
1038 1044
1038 1045
1038 1046
1038 1047
1038 1048
1038 1049
1038 1050
1038 1052
1038 1053
1038 1054
1038 1055
1038 1056
1038 1057
1038 1058
1038 1059
1038 1060
1038 1061
1038 1062
1038 1063
1038 1064
1038 1065
1038 1066
1038 1067
1038 1068
1038 1069
1038 1070
1038 1071
1038 1072
1038 1073
1038 1074
1038 1075
1038 1076
1038 1077
1038 1078
1038 1079
1038 1080
1038 1081
1038 1082
1038 1083
1038 1084
1038 1085
1038 1086
1038 1087
1038 1088
1038 1089
1038 1090
1038 1091
1038 1092
1038 1093
1038 1106
1038 1107
1038 1108
1038 1109
1038 1114
1038 1115
1038 1138
1038 1139
1038 1140
1039 1039
1039 1040
1039 1041
1039 1042
1039 1043
1039 1044
1039 1045
1039 1046
1039 1047
1039 1048
1039 1049
1039 1050
1039 1052
1039 1053
1039 1054
1039 1055
1039 1056
1039 1057
1039 1058
1039 1059
1039 1060
1039 1061
1039 1062
1039 1063
1039 1064
1039 1065
1039 1066
1039 1067
1039 1068
1039 1069
1039 1070
1039 1071
1039 1072
1039 1073
1039 1074
1039 1075
1039 1076
1039 1077
1039 1078
1039 1079
1039 1080
1039 1081
1039 1082
1039 1083
1039 1084
1039 1085
1039 1086
1039 1087
1039 1088
1039 1089
1039 1090
1039 1091
1039 1092
1039 1093
1039 1106
1039 1107
1039 1108
1039 1109
1039 1114
1039 1115
1040 1040
1040 1041
1040 1042
1040 1043
1040 1044
1040 1045
1040 1046
1040 1047
1040 1048
1040 1049
1040 1050
1040 1052
1040 1053
1040 1054
1040 1055
1040 1056
1040 1057
1040 1058
1040 1059
1040 1060
1040 1061
1040 1062
1040 1063
1040 1064
1040 1065
1040 1066
1040 1067
1040 1068
1040 1069
1040 1070
1040 1071
1040 1072
1040 1073
1040 1074
1040 1075
1040 1076
1040 1077
1040 1078
1040 1079
1040 1080
1040 1081
1040 1082
1040 1083
1040 1084
1040 1085
1040 1086
1040 1087
1040 1088
1040 1089
1040 1090
1040 1091
1040 1092
1040 1093
1040 1106
1040 1107
1040 1108
1040 1109
1040 1114
1040 1115
1041 1041
1041 1042
1041 1043
1041 1044
1041 1045
1041 1046
1041 1047
1041 1048
1041 1049
1041 1050
1041 1052
1041 1053
1041 1054
1041 1055
1041 1056
1041 1057
1041 1058
1041 1059
1041 1060
1041 1061
1041 1062
1041 1063
1041 1064
1041 1065
1041 1066
1041 1067
1041 1068
1041 1069
1041 1070
1041 1071
1041 1072
1041 1073
1041 1074
1041 1075
1041 1076
1041 1077
1041 1078
1041 1079
1041 1080
1041 1081
1041 1082
1041 1083
1041 1084
1041 1085
1041 1086
1041 1087
1041 1088
1041 1089
1041 1090
1041 1091
1041 1092
1041 1093
1041 1106
1041 1107
1041 1108
1041 1109
1041 1114
1041 1115
1041 1144
1041 1145
1041 1146
1042 1042
1042 1043
1042 1044
1042 1045
1042 1046
1042 1047
1042 1048
1042 1049
1042 1050
1042 1052
1042 1053
1042 1054
1042 1055
1042 1056
1042 1057
1042 1058
1042 1059
1042 1060
1042 1061
1042 1062
1042 1063
1042 1064
1042 1065
1042 1066
1042 1067
1042 1068
1042 1069
1042 1070
1042 1071
1042 1072
1042 1073
1042 1074
1042 1075
1042 1076
1042 1077
1042 1078
1042 1079
1042 1080
1042 1081
1042 1082
1042 1083
1042 1084
1042 1085
1042 1086
1042 1087
1042 1088
1042 1089
1042 1090
1042 1091
1042 1092
1042 1093
1042 1106
1042 1107
1042 1108
1042 1109
1042 1114
1042 1115
1043 1043
1043 1044
1043 1045
1043 1046
1043 1047
1043 1048
1043 1049
1043 1050
1043 1052
1043 1053
1043 1054
1043 1055
1043 1056
1043 1057
1043 1058
1043 1059
1043 1060
1043 1061
1043 1062
1043 1063
1043 1064
1043 1065
1043 1066
1043 1067
1043 1068
1043 1069
1043 1070
1043 1071
1043 1072
1043 1073
1043 1074
1043 1075
1043 1076
1043 1077
1043 1078
1043 1079
1043 1080
1043 1081
1043 1082
1043 1083
1043 1084
1043 1085
1043 1086
1043 1087
1043 1088
1043 1089
1043 1090
1043 1091
1043 1092
1043 1093
1043 1106
1043 1107
1043 1108
1043 1109
1043 1114
1043 1115
1044 1044
1044 1045
1044 1046
1044 1047
1044 1048
1044 1049
1044 1050
1044 1052
1044 1053
1044 1054
1044 1055
1044 1056
1044 1057
1044 1058
1044 1059
1044 1060
1044 1061
1044 1062
1044 1063
1044 1064
1044 1065
1044 1066
1044 1067
1044 1068
1044 1069
1044 1070
1044 1071
1044 1072
1044 1073
1044 1074
1044 1075
1044 1076
1044 1077
1044 1078
1044 1079
1044 1080
1044 1081
1044 1082
1044 1083
1044 1084
1044 1085
1044 1086
1044 1087
1044 1088
1044 1089
1044 1090
1044 1091
1044 1092
1044 1093
1044 1106
1044 1107
1044 1108
1044 1109
1044 1114
1044 1115
1044 1147
1044 1148
1044 1149
1044 1162
1044 1163
1045 1045
1045 1046
1045 1047
1045 1048
1045 1049
1045 1050
1045 1052
1045 1053
1045 1054
1045 1055
1045 1056
1045 1057
1045 1058
1045 1059
1045 1060
1045 1061
1045 1062
1045 1063
1045 1064
1045 1065
1045 1066
1045 1067
1045 1068
1045 1069
1045 1070
1045 1071
1045 1072
1045 1073
1045 1074
1045 1075
1045 1076
1045 1077
1045 1078
1045 1079
1045 1080
1045 1081
1045 1082
1045 1083
1045 1084
1045 1085
1045 1086
1045 1087
1045 1088
1045 1089
1045 1090
1045 1091
1045 1092
1045 1093
1045 1106
1045 1107
1045 1108
1045 1109
1045 1114
1045 1115
1046 1046
1046 1047
1046 1048
1046 1049
1046 1050
1046 1052
1046 1053
1046 1054
1046 1055
1046 1056
1046 1057
1046 1058
1046 1059
1046 1060
1046 1061
1046 1062
1046 1063
1046 1064
1046 1065
1046 1066
1046 1067
1046 1068
1046 1069
1046 1070
1046 1071
1046 1072
1046 1073
1046 1074
1046 1075
1046 1076
1046 1077
1046 1078
1046 1079
1046 1080
1046 1081
1046 1082
1046 1083
1046 1084
1046 1085
1046 1086
1046 1087
1046 1088
1046 1089
1046 1090
1046 1091
1046 1092
1046 1093
1046 1106
1046 1107
1046 1108
1046 1109
1046 1114
1046 1115
1047 1047
1047 1048
1047 1049
1047 1050
1047 1052
1047 1053
1047 1054
1047 1055
1047 1056
1047 1057
1047 1058
1047 1059
1047 1060
1047 1061
1047 1062
1047 1063
1047 1064
1047 1065
1047 1066
1047 1067
1047 1068
1047 1069
1047 1070
1047 1071
1047 1072
1047 1073
1047 1074
1047 1075
1047 1076
1047 1077
1047 1078
1047 1079
1047 1080
1047 1081
1047 1082
1047 1083
1047 1084
1047 1085
1047 1086
1047 1087
1047 1088
1047 1089
1047 1090
1047 1091
1047 1092
1047 1093
1047 1106
1047 1107
1047 1108
1047 1109
1047 1114
1047 1115
1048 1048
1048 1049
1048 1050
1048 1051
1048 1052
1048 1053
1048 1054
1048 1055
1048 1056
1048 1057
1048 1058
1048 1059
1048 1060
1048 1061
1048 1062
1048 1063
1048 1064
1048 1065
1048 1066
1048 1067
1048 1068
1048 1069
1048 1070
1048 1071
1048 1072
1048 1073
1048 1074
1048 1075
1048 1076
1048 1077
1048 1078
1048 1079
1048 1080
1048 1081
1048 1082
1048 1083
1048 1084
1048 1085
1048 1086
1048 1087
1048 1088
1048 1089
1048 1090
1048 1091
1048 1092
1048 1093
1048 1106
1048 1107
1048 1108
1048 1109
1048 1114
1048 1115
1049 1049
1049 1050
1049 1052
1049 1053
1049 1054
1049 1055
1049 1056
1049 1057
1049 1058
1049 1059
1049 1060
1049 1061
1049 1062
1049 1063
1049 1064
1049 1065
1049 1066
1049 1067
1049 1068
1049 1069
1049 1070
1049 1071
1049 1072
1049 1073
1049 1074
1049 1075
1049 1076
1049 1077
1049 1078
1049 1079
1049 1080
1049 1081
1049 1082
1049 1083
1049 1084
1049 1085
1049 1086
1049 1087
1049 1088
1049 1089
1049 1090
1049 1091
1049 1092
1049 1093
1049 1106
1049 1107
1049 1108
1049 1109
1049 1114
1049 1115
1050 1050
1050 1051
1050 1052
1050 1053
1050 1054
1050 1055
1050 1056
1050 1057
1050 1058
1050 1059
1050 1060
1050 1061
1050 1062
1050 1063
1050 1064
1050 1065
1050 1066
1050 1067
1050 1068
1050 1069
1050 1070
1050 1071
1050 1072
1050 1073
1050 1074
1050 1075
1050 1076
1050 1077
1050 1078
1050 1079
1050 1080
1050 1081
1050 1082
1050 1083
1050 1084
1050 1085
1050 1086
1050 1087
1050 1088
1050 1089
1050 1090
1050 1091
1050 1092
1050 1093
1050 1106
1050 1107
1050 1108
1050 1109
1050 1114
1050 1115
1051 1051
1051 1097
1052 1052
1052 1053
1052 1054
1052 1055
1052 1056
1052 1057
1052 1058
1052 1059
1052 1060
1052 1061
1052 1062
1052 1063
1052 1064
1052 1065
1052 1066
1052 1067
1052 1068
1052 1069
1052 1070
1052 1071
1052 1072
1052 1073
1052 1074
1052 1075
1052 1076
1052 1077
1052 1078
1052 1079
1052 1080
1052 1081
1052 1082
1052 1083
1052 1084
1052 1085
1052 1086
1052 1087
1052 1088
1052 1089
1052 1090
1052 1091
1052 1092
1052 1093
1052 1106
1052 1107
1052 1108
1052 1109
1052 1114
1052 1115
1053 1053
1053 1054
1053 1055
1053 1056
1053 1057
1053 1058
1053 1059
1053 1060
1053 1061
1053 1062
1053 1063
1053 1064
1053 1065
1053 1066
1053 1067
1053 1068
1053 1069
1053 1070
1053 1071
1053 1072
1053 1073
1053 1074
1053 1075
1053 1076
1053 1077
1053 1078
1053 1079
1053 1080
1053 1081
1053 1082
1053 1083
1053 1084
1053 1085
1053 1086
1053 1087
1053 1088
1053 1089
1053 1090
1053 1091
1053 1092
1053 1093
1053 1103
1053 1104
1053 1105
1053 1106
1053 1107
1053 1108
1053 1109
1053 1114
1053 1115
1053 1116
1053 1117
1053 1121
1053 1124
1054 1054
1054 1055
1054 1056
1054 1057
1054 1058
1054 1059
1054 1060
1054 1061
1054 1062
1054 1063
1054 1064
1054 1065
1054 1066
1054 1067
1054 1068
1054 1069
1054 1070
1054 1071
1054 1072
1054 1073
1054 1074
1054 1075
1054 1076
1054 1077
1054 1078
1054 1079
1054 1080
1054 1081
1054 1082
1054 1083
1054 1084
1054 1085
1054 1086
1054 1087
1054 1088
1054 1089
1054 1090
1054 1091
1054 1092
1054 1093
1054 1106
1054 1107
1054 1108
1054 1109
1054 1114
1054 1115
1055 1055
1055 1056
1055 1057
1055 1058
1055 1059
1055 1060
1055 1061
1055 1062
1055 1063
1055 1064
1055 1065
1055 1066
1055 1067
1055 1068
1055 1069
1055 1070
1055 1071
1055 1072
1055 1073
1055 1074
1055 1075
1055 1076
1055 1077
1055 1078
1055 1079
1055 1080
1055 1081
1055 1082
1055 1083
1055 1084
1055 1085
1055 1086
1055 1087
1055 1088
1055 1089
1055 1090
1055 1091
1055 1092
1055 1093
1055 1106
1055 1107
1055 1108
1055 1109
1055 1114
1055 1115
1055 1173
1056 1056
1056 1057
1056 1058
1056 1059
1056 1060
1056 1061
1056 1062
1056 1063
1056 1064
1056 1065
1056 1066
1056 1067
1056 1068
1056 1069
1056 1070
1056 1071
1056 1072
1056 1073
1056 1074
1056 1075
1056 1076
1056 1077
1056 1078
1056 1079
1056 1080
1056 1081
1056 1082
1056 1083
1056 1084
1056 1085
1056 1086
1056 1087
1056 1088
1056 1089
1056 1090
1056 1091
1056 1092
1056 1093
1056 1106
1056 1107
1056 1108
1056 1109
1056 1114
1056 1115
1057 1057
1057 1058
1057 1059
1057 1060
1057 1061
1057 1062
1057 1063
1057 1064
1057 1065
1057 1066
1057 1067
1057 1068
1057 1069
1057 1070
1057 1071
1057 1072
1057 1073
1057 1074
1057 1075
1057 1076
1057 1077
1057 1078
1057 1079
1057 1080
1057 1081
1057 1082
1057 1083
1057 1084
1057 1085
1057 1086
1057 1087
1057 1088
1057 1089
1057 1090
1057 1091
1057 1092
1057 1093
1057 1106
1057 1107
1057 1108
1057 1109
1057 1114
1057 1115
1057 1172
1058 1058
1058 1059
1058 1060
1058 1061
1058 1062
1058 1063
1058 1064
1058 1065
1058 1066
1058 1067
1058 1068
1058 1069
1058 1070
1058 1071
1058 1072
1058 1073
1058 1074
1058 1075
1058 1076
1058 1077
1058 1078
1058 1079
1058 1080
1058 1081
1058 1082
1058 1083
1058 1084
1058 1085
1058 1086
1058 1087
1058 1088
1058 1089
1058 1090
1058 1091
1058 1092
1058 1093
1058 1106
1058 1107
1058 1108
1058 1109
1058 1114
1058 1115
1059 1059
1059 1060
1059 1061
1059 1062
1059 1063
1059 1064
1059 1065
1059 1066
1059 1067
1059 1068
1059 1069
1059 1070
1059 1071
1059 1072
1059 1073
1059 1074
1059 1075
1059 1076
1059 1077
1059 1078
1059 1079
1059 1080
1059 1081
1059 1082
1059 1083
1059 1084
1059 1085
1059 1086
1059 1087
1059 1088
1059 1089
1059 1090
1059 1091
1059 1092
1059 1093
1059 1106
1059 1107
1059 1108
1059 1109
1059 1114
1059 1115
1059 1172
1060 1060
1060 1061
1060 1062
1060 1063
1060 1064
1060 1065
1060 1066
1060 1067
1060 1068
1060 1069
1060 1070
1060 1071
1060 1072
1060 1073
1060 1074
1060 1075
1060 1076
1060 1077
1060 1078
1060 1079
1060 1080
1060 1081
1060 1082
1060 1083
1060 1084
1060 1085
1060 1086
1060 1087
1060 1088
1060 1089
1060 1090
1060 1091
1060 1092
1060 1093
1060 1106
1060 1107
1060 1108
1060 1109
1060 1114
1060 1115
1061 1061
1061 1062
1061 1063
1061 1064
1061 1065
1061 1066
1061 1067
1061 1068
1061 1069
1061 1070
1061 1071
1061 1072
1061 1073
1061 1074
1061 1075
1061 1076
1061 1077
1061 1078
1061 1079
1061 1080
1061 1081
1061 1082
1061 1083
1061 1084
1061 1085
1061 1086
1061 1087
1061 1088
1061 1089
1061 1090
1061 1091
1061 1092
1061 1093
1061 1106
1061 1107
1061 1108
1061 1109
1061 1114
1061 1115
1061 1172
1062 1062
1062 1063
1062 1064
1062 1065
1062 1066
1062 1067
1062 1068
1062 1069
1062 1070
1062 1071
1062 1072
1062 1073
1062 1074
1062 1075
1062 1076
1062 1077
1062 1078
1062 1079
1062 1080
1062 1081
1062 1082
1062 1083
1062 1084
1062 1085
1062 1086
1062 1087
1062 1088
1062 1089
1062 1090
1062 1091
1062 1092
1062 1093
1062 1106
1062 1107
1062 1108
1062 1109
1062 1114
1062 1115
1063 1063
1063 1064
1063 1065
1063 1066
1063 1067
1063 1068
1063 1069
1063 1070
1063 1071
1063 1072
1063 1073
1063 1074
1063 1075
1063 1076
1063 1077
1063 1078
1063 1079
1063 1080
1063 1081
1063 1082
1063 1083
1063 1084
1063 1085
1063 1086
1063 1087
1063 1088
1063 1089
1063 1090
1063 1091
1063 1092
1063 1093
1063 1106
1063 1107
1063 1108
1063 1109
1063 1114
1063 1115
1063 1172
1064 1064
1064 1065
1064 1066
1064 1067
1064 1068
1064 1069
1064 1070
1064 1071
1064 1072
1064 1073
1064 1074
1064 1075
1064 1076
1064 1077
1064 1078
1064 1079
1064 1080
1064 1081
1064 1082
1064 1083
1064 1084
1064 1085
1064 1086
1064 1087
1064 1088
1064 1089
1064 1090
1064 1091
1064 1092
1064 1093
1064 1106
1064 1107
1064 1108
1064 1109
1064 1114
1064 1115
1065 1065
1065 1066
1065 1067
1065 1068
1065 1069
1065 1070
1065 1071
1065 1072
1065 1073
1065 1074
1065 1075
1065 1076
1065 1077
1065 1078
1065 1079
1065 1080
1065 1081
1065 1082
1065 1083
1065 1084
1065 1085
1065 1086
1065 1087
1065 1088
1065 1089
1065 1090
1065 1091
1065 1092
1065 1093
1065 1106
1065 1107
1065 1108
1065 1109
1065 1114
1065 1115
1065 1172
1066 1066
1066 1067
1066 1068
1066 1069
1066 1070
1066 1071
1066 1072
1066 1073
1066 1074
1066 1075
1066 1076
1066 1077
1066 1078
1066 1079
1066 1080
1066 1081
1066 1082
1066 1083
1066 1084
1066 1085
1066 1086
1066 1087
1066 1088
1066 1089
1066 1090
1066 1091
1066 1092
1066 1093
1066 1106
1066 1107
1066 1108
1066 1109
1066 1114
1066 1115
1067 1067
1067 1068
1067 1069
1067 1070
1067 1071
1067 1072
1067 1073
1067 1074
1067 1075
1067 1076
1067 1077
1067 1078
1067 1079
1067 1080
1067 1081
1067 1082
1067 1083
1067 1084
1067 1085
1067 1086
1067 1087
1067 1088
1067 1089
1067 1090
1067 1091
1067 1092
1067 1093
1067 1106
1067 1107
1067 1108
1067 1109
1067 1114
1067 1115
1068 1068
1068 1069
1068 1070
1068 1071
1068 1072
1068 1073
1068 1074
1068 1075
1068 1076
1068 1077
1068 1078
1068 1079
1068 1080
1068 1081
1068 1082
1068 1083
1068 1084
1068 1085
1068 1086
1068 1087
1068 1088
1068 1089
1068 1090
1068 1091
1068 1092
1068 1093
1068 1106
1068 1107
1068 1108
1068 1109
1068 1114
1068 1115
1069 1069
1069 1070
1069 1071
1069 1072
1069 1073
1069 1074
1069 1075
1069 1076
1069 1077
1069 1078
1069 1079
1069 1080
1069 1081
1069 1082
1069 1083
1069 1084
1069 1085
1069 1086
1069 1087
1069 1088
1069 1089
1069 1090
1069 1091
1069 1092
1069 1093
1069 1106
1069 1107
1069 1108
1069 1109
1069 1114
1069 1115
1069 1172
1070 1070
1070 1071
1070 1072
1070 1073
1070 1074
1070 1075
1070 1076
1070 1077
1070 1078
1070 1079
1070 1080
1070 1081
1070 1082
1070 1083
1070 1084
1070 1085
1070 1086
1070 1087
1070 1088
1070 1089
1070 1090
1070 1091
1070 1092
1070 1093
1070 1106
1070 1107
1070 1108
1070 1109
1070 1114
1070 1115
1071 1071
1071 1072
1071 1073
1071 1074
1071 1075
1071 1076
1071 1077
1071 1078
1071 1079
1071 1080
1071 1081
1071 1082
1071 1083
1071 1084
1071 1085
1071 1086
1071 1087
1071 1088
1071 1089
1071 1090
1071 1091
1071 1092
1071 1093
1071 1106
1071 1107
1071 1108
1071 1109
1071 1114
1071 1115
1072 1072
1072 1073
1072 1074
1072 1075
1072 1076
1072 1077
1072 1078
1072 1079
1072 1080
1072 1081
1072 1082
1072 1083
1072 1084
1072 1085
1072 1086
1072 1087
1072 1088
1072 1089
1072 1090
1072 1091
1072 1092
1072 1093
1072 1106
1072 1107
1072 1108
1072 1109
1072 1114
1072 1115
1073 1073
1073 1074
1073 1075
1073 1076
1073 1077
1073 1078
1073 1079
1073 1080
1073 1081
1073 1082
1073 1083
1073 1084
1073 1085
1073 1086
1073 1087
1073 1088
1073 1089
1073 1090
1073 1091
1073 1092
1073 1093
1073 1106
1073 1107
1073 1108
1073 1109
1073 1114
1073 1115
1073 1150
1073 1151
1073 1152
1073 1153
1074 1074
1074 1075
1074 1076
1074 1077
1074 1078
1074 1079
1074 1080
1074 1081
1074 1082
1074 1083
1074 1084
1074 1085
1074 1086
1074 1087
1074 1088
1074 1089
1074 1090
1074 1091
1074 1092
1074 1093
1074 1106
1074 1107
1074 1108
1074 1109
1074 1114
1074 1115
1075 1075
1075 1076
1075 1077
1075 1078
1075 1079
1075 1080
1075 1081
1075 1082
1075 1083
1075 1084
1075 1085
1075 1086
1075 1087
1075 1088
1075 1089
1075 1090
1075 1091
1075 1092
1075 1093
1075 1106
1075 1107
1075 1108
1075 1109
1075 1114
1075 1115
1076 1076
1076 1077
1076 1078
1076 1079
1076 1080
1076 1081
1076 1082
1076 1083
1076 1084
1076 1085
1076 1086
1076 1087
1076 1088
1076 1089
1076 1090
1076 1091
1076 1092
1076 1093
1076 1106
1076 1107
1076 1108
1076 1109
1076 1114
1076 1115
1076 1174
1076 1175
1077 1077
1077 1078
1077 1079
1077 1080
1077 1081
1077 1082
1077 1083
1077 1084
1077 1085
1077 1086
1077 1087
1077 1088
1077 1089
1077 1090
1077 1091
1077 1092
1077 1093
1077 1106
1077 1107
1077 1108
1077 1109
1077 1114
1077 1115
1077 1172
1078 1078
1078 1079
1078 1080
1078 1081
1078 1082
1078 1083
1078 1084
1078 1085
1078 1086
1078 1087
1078 1088
1078 1089
1078 1090
1078 1091
1078 1092
1078 1093
1078 1106
1078 1107
1078 1108
1078 1109
1078 1114
1078 1115
1079 1079
1079 1080
1079 1081
1079 1082
1079 1083
1079 1084
1079 1085
1079 1086
1079 1087
1079 1088
1079 1089
1079 1090
1079 1091
1079 1092
1079 1093
1079 1096
1079 1106
1079 1107
1079 1108
1079 1109
1079 1114
1079 1115
1080 1080
1080 1081
1080 1082
1080 1083
1080 1084
1080 1085
1080 1086
1080 1087
1080 1088
1080 1089
1080 1090
1080 1091
1080 1092
1080 1093
1080 1106
1080 1107
1080 1108
1080 1109
1080 1114
1080 1115
1081 1081
1081 1082
1081 1083
1081 1084
1081 1085
1081 1086
1081 1087
1081 1088
1081 1089
1081 1090
1081 1091
1081 1092
1081 1093
1081 1106
1081 1107
1081 1108
1081 1109
1081 1114
1081 1115
1081 1164
1082 1082
1082 1083
1082 1084
1082 1085
1082 1086
1082 1087
1082 1088
1082 1089
1082 1090
1082 1091
1082 1092
1082 1093
1082 1106
1082 1107
1082 1108
1082 1109
1082 1114
1082 1115
1083 1083
1083 1084
1083 1085
1083 1086
1083 1087
1083 1088
1083 1089
1083 1090
1083 1091
1083 1092
1083 1093
1083 1096
1083 1106
1083 1107
1083 1108
1083 1109
1083 1114
1083 1115
1084 1084
1084 1085
1084 1086
1084 1087
1084 1088
1084 1089
1084 1090
1084 1091
1084 1092
1084 1093
1084 1106
1084 1107
1084 1108
1084 1109
1084 1114
1084 1115
1085 1085
1085 1086
1085 1087
1085 1088
1085 1089
1085 1090
1085 1091
1085 1092
1085 1093
1085 1106
1085 1107
1085 1108
1085 1109
1085 1114
1085 1115
1085 1164
1086 1086
1086 1087
1086 1088
1086 1089
1086 1090
1086 1091
1086 1092
1086 1093
1086 1106
1086 1107
1086 1108
1086 1109
1086 1114
1086 1115
1087 1087
1087 1088
1087 1089
1087 1090
1087 1091
1087 1092
1087 1093
1087 1096
1087 1106
1087 1107
1087 1108
1087 1109
1087 1114
1087 1115
1088 1088
1088 1089
1088 1090
1088 1091
1088 1092
1088 1093
1088 1106
1088 1107
1088 1108
1088 1109
1088 1114
1088 1115
1089 1089
1089 1090
1089 1091
1089 1092
1089 1093
1089 1106
1089 1107
1089 1108
1089 1109
1089 1114
1089 1115
1090 1090
1090 1091
1090 1092
1090 1093
1090 1096
1090 1106
1090 1107
1090 1108
1090 1109
1090 1114
1090 1115
1091 1091
1091 1092
1091 1093
1091 1106
1091 1107
1091 1108
1091 1109
1091 1114
1091 1115
1092 1092
1092 1093
1092 1106
1092 1107
1092 1108
1092 1109
1092 1114
1092 1115
1093 1093
1093 1096
1093 1106
1093 1107
1093 1108
1093 1109
1093 1114
1093 1115
1094 1094
1094 1095
1095 1095
1095 1096
1096 1096
1097 1097
1097 1098
1097 1099
1097 1100
1098 1098
1098 1099
1098 1100
1098 1103
1099 1099
1099 1100
1100 1100
1100 1101
1101 1101
1101 1102
1102 1102
1103 1103
1103 1104
1103 1105
1104 1104
1104 1105
1105 1105
1106 1106
1106 1107
1106 1108
1106 1109
1106 1114
1106 1115
1107 1107
1107 1108
1107 1109
1107 1114
1107 1115
1108 1108
1108 1109
1108 1114
1108 1115
1109 1109
1109 1114
1109 1115
1110 1110
1110 1111
1110 1125
1111 1111
1111 1112
1111 1172
1112 1112
1112 1113
1112 1164
1113 1113
1113 1115
1113 1165
1114 1114
1114 1115
1115 1115
1116 1116
1116 1118
1117 1117
1118 1118
1119 1119
1120 1120
1120 1123
1120 1124
1121 1121
1122 1122
1123 1123
1124 1124
1125 1125
1125 1126
1126 1126
1126 1127
1126 1128
1126 1129
1126 1130
1126 1131
1126 1133
1126 1134
1126 1136
1127 1127
1128 1128
1128 1129
1129 1129
1130 1130
1130 1132
1131 1131
1131 1132
1132 1132
1133 1133
1134 1134
1134 1135
1135 1135
1135 1136
1136 1136
1137 1137
1137 1160
1138 1138
1138 1139
1138 1140
1139 1139
1139 1140
1139 1142
1140 1140
1141 1141
1141 1142
1141 1143
1141 1158
1141 1159
1142 1142
1142 1143
1142 1152
1142 1161
1143 1143
1144 1144
1144 1145
1144 1146
1144 1155
1144 1156
1145 1145
1145 1146
1146 1146
1147 1147
1147 1148
1147 1149
1147 1162
1147 1163
1148 1148
1148 1149
1148 1162
1148 1163
1149 1149
1149 1162
1149 1163
1150 1150
1150 1151
1150 1152
1150 1153
1150 1154
1150 1155
1151 1151
1151 1152
1151 1153
1151 1157
1151 1158
1152 1152
1152 1153
1153 1153
1154 1154
1154 1155
1155 1155
1155 1156
1156 1156
1157 1157
1157 1158
1158 1158
1158 1159
1159 1159
1160 1160
1161 1161
1162 1162
1162 1163
1163 1163
1163 1166
1164 1164
1165 1165
1165 1166
1166 1166
1166 1167
1167 1167
1167 1168
1168 1168
1168 1169
1168 1170
1169 1169
1170 1170
1170 1171
1171 1171
1172 1172
1172 1173
1173 1173
1174 1174
1174 1175
1175 1175
