0 0
0 9
0 396
0 405
0 406
1 1
1 10
1 397
1 405
1 407
1 9
2 2
2 11
2 398
2 405
2 408
2 10
3 3
3 12
3 399
3 405
3 409
4 4
4 13
4 400
4 405
4 410
4 11
5 5
5 14
5 401
5 405
5 411
5 12
6 6
6 15
6 402
6 405
6 412
6 13
7 7
7 16
7 403
7 405
7 413
7 14
8 8
8 17
8 404
8 405
8 414
8 15
9 10
9 18
9 21
9 16
10 11
10 18
10 22
10 17
11 13
11 18
11 24
12 14
12 18
12 25
12 19
13 15
13 18
13 26
13 20
14 16
14 18
14 27
14 21
15 17
15 18
15 28
15 22
16 19
16 29
16 38
16 47
16 23
17 19
17 30
17 39
17 48
17 24
18 19
18 31
18 40
18 49
18 25
19 19
19 32
19 41
19 50
19 20
19 21
19 22
19 23
19 24
19 26
20 33
20 42
20 51
20 25
20 27
21 34
21 43
21 52
21 25
21 28
22 35
22 44
22 53
22 25
22 29
23 36
23 45
23 54
23 25
23 30
24 37
24 46
24 55
24 25
24 31
25 25
25 26
25 27
25 28
25 32
26 29
26 30
26 31
26 32
26 33
26 34
26 35
26 36
26 37
27 34
28 35
29 36
31 37
32 38
33 39
34 40
35 41
36 42
37 43
38 44
39 45
39 81
40 46
40 82
41 47
42 48
43 49
44 47
44 56
44 58
44 50
45 48
45 56
45 59
45 51
46 49
46 56
46 60
46 52
47 50
47 56
47 61
47 53
48 51
48 56
48 62
48 54
49 52
49 56
49 63
49 55
50 53
50 56
50 64
51 54
51 56
51 65
51 57
52 55
52 56
52 66
52 58
53 57
53 67
53 76
53 59
54 57
54 68
54 77
54 60
55 57
55 69
55 78
55 61
56 57
56 70
56 79
56 62
57 57
57 71
57 80
57 58
57 59
57 60
57 61
57 63
58 72
58 81
58 62
58 64
59 73
59 82
59 62
59 65
60 74
60 83
60 62
60 66
61 75
61 84
61 62
61 67
62 62
62 63
62 64
62 65
62 66
62 68
63 67
63 68
63 69
63 70
63 71
63 72
63 73
63 74
63 75
64 70
65 71
66 72
67 73
68 74
70 75
71 76
72 77
73 78
74 79
75 80
76 83
76 92
77 84
77 93
78 85
78 94
79 86
79 95
80 87
80 96
81 88
81 97
82 89
82 98
83 95
83 96
83 90
83 99
84 95
84 97
84 91
84 100
85 95
85 98
85 92
85 93
85 94
85 96
85 97
85 99
85 100
85 101
86 95
86 99
86 92
86 101
86 102
87 95
87 100
87 93
87 101
87 103
88 95
88 101
88 94
88 104
89 95
89 102
89 101
89 105
90 95
90 103
90 96
90 101
90 106
91 95
91 104
91 97
91 101
91 107
92 105
92 98
92 101
92 108
93 106
93 99
93 101
93 109
94 107
94 100
94 101
94 110
95 108
95 112
96 109
96 112
97 110
97 112
98 111
98 112
99 112
100 113
100 112
101 112
102 112
103 112
104 111
104 112
105 113
105 122
106 114
106 123
107 115
107 124
108 116
108 125
109 117
109 126
110 118
110 127
111 119
111 128
112 120
112 129
113 124
113 125
113 121
113 130
114 124
114 126
114 122
114 123
114 125
114 127
114 128
114 129
114 130
114 131
115 124
115 127
115 122
115 131
115 132
116 124
116 128
116 123
116 131
116 133
117 124
117 129
117 131
117 134
118 124
118 130
118 125
118 131
118 135
119 124
119 131
119 126
119 136
120 124
120 132
120 127
120 131
120 137
121 124
121 133
121 128
121 131
121 138
122 135
122 129
122 131
122 139
123 136
123 130
123 131
123 140
124 137
124 142
125 134
125 138
125 142
126 139
126 142
127 140
127 142
128 141
128 142
129 142
130 143
130 142
131 142
132 142
133 141
133 142
134 162
134 163
135 143
135 162
136 144
136 162
137 145
137 162
138 146
138 162
139 147
139 162
140 148
140 162
141 149
141 162
142 150
142 162
143 144
143 145
143 155
143 151
143 162
144 144
144 146
144 156
144 145
144 147
144 148
144 149
144 150
144 151
144 161
145 147
145 154
145 157
145 152
145 161
146 148
146 158
146 153
146 161
147 149
147 159
147 154
147 161
148 150
148 160
148 155
148 161
149 151
149 161
149 156
150 152
150 162
150 157
150 161
151 153
151 163
151 158
151 161
152 159
152 161
153 160
153 161
154 183
154 184
155 164
155 183
156 165
156 183
157 166
157 183
158 167
158 183
159 168
159 183
160 169
160 183
161 170
161 183
162 171
162 183
163 172
163 183
164 164
164 165
164 175
164 166
164 167
164 168
164 169
164 170
164 171
164 172
164 182
165 166
165 176
165 173
165 182
166 167
166 174
166 177
166 182
167 168
167 178
167 175
167 182
168 169
168 179
168 176
168 182
169 170
169 180
169 177
169 182
170 171
170 181
170 178
170 182
171 172
171 182
171 179
172 173
172 183
172 180
172 182
173 181
173 182
174 201
174 202
175 185
175 201
176 186
176 201
177 201
178 201
179 201
180 187
180 201
181 188
181 201
182 189
182 201
183 190
183 201
184 185
184 186
184 187
184 188
184 189
184 190
184 200
185 185
185 194
185 203
185 191
185 200
186 186
186 195
186 204
186 192
186 200
187 190
187 199
187 208
187 193
187 200
188 191
188 200
188 209
188 194
189 192
189 201
189 210
189 195
189 200
190 193
190 202
190 211
190 196
190 200
191 197
191 200
192 198
192 200
193 199
193 200
194 203
195 204
196 205
197 206
198 207
199 208
200 209
201 210
202 211
203 203
203 212
203 214
204 204
204 212
204 215
204 213
205 205
205 212
205 216
205 214
206 206
206 212
206 217
206 215
207 207
207 212
207 218
207 216
208 208
208 212
208 219
208 217
209 209
209 212
209 220
209 218
210 210
210 212
210 221
210 219
211 211
211 212
211 222
211 220
212 213
212 223
212 232
212 221
213 213
213 224
213 233
213 214
213 215
213 216
213 217
213 218
213 219
213 220
213 222
214 225
214 234
214 221
214 223
215 226
215 235
215 221
215 224
216 227
216 236
216 221
216 225
217 228
217 237
217 221
217 226
218 229
218 238
218 221
218 227
219 230
219 239
219 221
219 228
220 231
220 240
220 221
221 221
221 222
221 229
222 223
222 224
222 225
222 226
222 227
222 228
222 229
222 230
222 231
223 231
224 232
225 233
226 234
227 235
228 236
229 237
230 238
231 239
232 240
232 249
233 241
233 250
234 242
234 251
235 243
235 252
236 244
236 253
237 245
237 254
238 246
238 255
239 247
239 256
240 309
240 318
240 327
240 329
240 248
240 257
241 310
241 319
241 327
241 330
241 249
241 250
241 251
241 252
241 253
241 254
241 255
241 256
241 257
241 258
242 311
242 320
242 327
242 331
242 249
242 258
242 259
243 312
243 321
243 327
243 332
243 250
243 258
244 313
244 322
244 327
244 333
244 251
244 258
244 260
245 314
245 323
245 327
245 334
245 252
245 258
245 261
246 315
246 324
246 327
246 335
246 253
246 258
246 262
247 316
247 325
247 327
247 336
247 254
247 258
247 263
248 317
248 326
248 327
248 337
248 255
248 258
248 264
249 252
249 256
249 258
250 251
250 253
250 257
250 258
250 265
251 254
251 285
252 255
252 266
252 285
253 256
253 267
253 285
254 257
254 268
254 285
255 258
255 269
255 285
256 259
256 270
256 285
257 260
257 271
257 285
258 272
258 285
259 273
259 285
260 274
260 285
261 266
261 267
261 268
261 269
261 270
261 271
261 272
261 273
261 274
261 284
262 266
262 275
262 284
263 267
263 276
263 284
264 268
264 277
264 284
265 269
265 278
265 284
266 271
266 280
266 270
266 279
266 284
267 272
267 281
267 271
267 280
267 284
268 273
268 282
268 272
268 281
268 284
269 274
269 283
269 273
269 282
269 284
270 275
270 284
270 274
270 283
271 276
271 285
271 286
272 277
272 286
272 287
273 278
273 287
273 288
274 279
274 288
274 289
275 290
276 291
277 292
278 293
279 294
279 324
280 286
280 295
281 287
281 296
282 288
282 297
283 289
283 298
284 290
284 299
285 291
285 300
286 289
286 291
286 309
286 318
286 292
286 301
287 289
287 292
287 310
287 319
287 293
287 302
288 289
288 293
288 311
288 320
288 294
288 303
289 289
289 294
289 312
289 321
289 290
289 291
289 292
289 293
289 304
290 295
290 313
290 322
290 296
290 297
290 298
290 299
290 300
290 301
290 302
290 303
290 305
291 296
291 314
291 323
291 304
291 306
292 297
292 315
292 324
292 304
292 307
293 298
293 316
293 325
293 304
293 308
294 299
294 317
294 326
294 304
294 309
295 300
295 347
295 304
295 310
296 301
296 348
296 304
296 311
297 302
297 349
297 304
297 312
298 303
298 350
298 304
298 313
299 304
299 351
299 314
300 305
300 352
300 315
301 306
301 353
301 305
301 316
302 307
302 354
302 305
302 317
303 308
303 355
303 305
303 318
304 305
304 319
305 305
305 306
305 307
305 308
305 320
306 321
307 322
308 323
318 325
319 326
320 327
321 328
322 329
323 330
324 331
325 328
325 338
325 332
326 328
326 339
326 333
327 328
327 340
327 334
328 328
328 341
328 329
328 330
328 331
328 332
328 333
328 335
329 342
329 334
329 336
330 343
330 334
330 337
331 344
331 334
331 338
332 345
332 334
332 339
333 346
333 334
333 340
334 334
334 335
334 336
334 337
334 341
335 338
335 339
335 340
335 341
335 342
335 343
335 344
335 345
335 346
336 343
337 344
338 345
339 346
340 347
341 348
342 349
343 350
344 351
345 352
346 353
347 354
347 363
348 355
348 364
349 356
349 365
350 357
350 366
351 358
351 367
352 359
352 368
353 360
353 369
354 366
354 367
354 361
354 370
355 366
355 368
355 362
355 371
356 366
356 369
356 363
356 364
356 365
356 367
356 368
356 370
356 371
356 372
357 366
357 370
357 363
357 372
357 373
358 366
358 371
358 364
358 372
358 374
359 366
359 372
359 365
359 375
360 366
360 373
360 372
360 376
361 366
361 374
361 367
361 372
361 377
362 366
362 375
362 368
362 372
362 378
363 377
363 369
363 372
363 379
364 378
364 370
364 372
364 380
365 379
365 371
365 372
365 381
366 380
366 383
367 381
367 383
368 382
368 383
369 383
370 384
370 383
371 376
371 385
371 383
372 383
373 383
374 383
375 382
375 383
376 403
377 384
377 403
378 385
378 403
379 386
379 403
380 387
380 403
381 388
381 403
382 389
382 403
383 390
383 403
384 386
384 387
384 396
384 391
384 403
385 386
385 388
385 397
385 392
385 403
386 386
386 389
386 398
386 387
386 388
386 390
386 391
386 392
386 402
387 390
387 399
387 393
387 402
388 391
388 400
388 394
388 402
389 392
389 401
389 395
389 402
390 393
390 402
390 396
391 394
391 403
391 397
391 402
392 395
392 404
392 398
392 402
393 399
393 402
394 400
394 402
395 401
395 402
396 404
397 405
398 406
399 407
400 408
401 409
402 410
403 411
404 415
404 416
404 412
405 415
405 417
405 413
406 415
406 418
406 413
406 414
407 415
407 419
407 413
408 415
408 420
408 413
408 416
409 415
409 421
409 413
409 417
410 415
410 422
410 413
410 418
411 415
411 423
411 413
411 419
412 415
412 424
412 413
412 420
413 413
413 414
413 421
414 422
415 424
416 424
417 424
418 424
419 424
420 424
421 424
422 424
423 424
424 424
