0 0
0 1
0 35
0 113
1 1
1 2
1 35
1 36
2 2
2 3
2 36
2 37
3 3
3 4
3 37
3 38
4 4
4 5
4 38
4 39
5 5
5 6
5 39
5 40
6 6
6 7
6 40
6 41
7 7
7 8
7 41
7 42
8 8
8 9
8 42
8 43
9 9
9 10
9 43
9 44
10 10
10 11
10 44
10 45
11 11
11 12
11 13
11 45
12 12
12 13
12 169
12 247
13 13
13 14
13 45
13 169
13 192
14 14
14 15
14 45
14 54
14 192
14 202
15 15
15 16
15 54
15 62
15 202
15 211
16 16
16 17
16 62
16 69
16 211
16 219
17 17
17 18
17 69
17 75
17 219
17 226
18 18
18 19
18 75
18 80
18 226
18 232
19 19
19 20
19 80
19 84
19 232
19 237
20 20
20 21
20 84
20 87
20 237
20 241
21 21
21 22
21 87
21 89
21 241
21 244
22 22
22 23
22 89
22 90
22 244
22 246
23 23
23 24
23 25
23 90
23 191
23 246
24 24
24 25
24 91
24 191
24 793
25 25
25 26
25 90
25 91
25 123
26 26
26 27
26 88
26 90
26 122
26 123
27 27
27 28
27 85
27 88
27 121
27 122
28 28
28 29
28 81
28 85
28 120
28 121
29 29
29 30
29 76
29 81
29 119
29 120
30 30
30 31
30 70
30 76
30 118
30 119
31 31
31 32
31 63
31 70
31 117
31 118
32 32
32 33
32 55
32 63
32 116
32 117
33 33
33 34
33 46
33 55
33 115
33 116
34 34
34 35
34 36
34 46
34 114
34 115
35 35
35 36
35 113
35 114
36 36
36 37
36 46
37 37
37 38
37 46
37 47
38 38
38 39
38 47
38 48
39 39
39 40
39 48
39 49
40 40
40 41
40 49
40 50
41 41
41 42
41 50
41 51
42 42
42 43
42 51
42 52
43 43
43 44
43 52
43 53
44 44
44 45
44 53
44 54
45 45
45 54
46 46
46 47
46 55
47 47
47 48
47 55
47 56
48 48
48 49
48 56
48 57
49 49
49 50
49 57
49 58
50 50
50 51
50 58
50 59
51 51
51 52
51 59
51 60
52 52
52 53
52 60
52 61
53 53
53 54
53 61
53 62
54 54
54 62
55 55
55 56
55 63
56 56
56 57
56 63
56 64
57 57
57 58
57 64
57 65
58 58
58 59
58 65
58 66
59 59
59 60
59 66
59 67
60 60
60 61
60 67
60 68
61 61
61 62
61 68
61 69
62 62
62 69
63 63
63 64
63 70
64 64
64 65
64 70
64 71
65 65
65 66
65 71
65 72
66 66
66 67
66 72
66 73
67 67
67 68
67 73
67 74
68 68
68 69
68 74
68 75
69 69
69 75
70 70
70 71
70 76
71 71
71 72
71 76
71 77
72 72
72 73
72 77
72 78
73 73
73 74
73 78
73 79
74 74
74 75
74 79
74 80
75 75
75 80
76 76
76 77
76 81
77 77
77 78
77 81
77 82
78 78
78 79
78 82
78 83
79 79
79 80
79 83
79 84
80 80
80 84
81 81
81 82
81 85
82 82
82 83
82 85
82 86
83 83
83 84
83 86
83 87
84 84
84 87
85 85
85 86
85 88
86 86
86 87
86 88
86 89
87 87
87 89
88 88
88 89
88 90
89 89
89 90
90 90
91 91
91 92
91 123
91 793
91 824
92 92
92 93
92 123
92 132
92 823
92 824
93 93
93 94
93 132
93 140
93 822
93 823
94 94
94 95
94 140
94 147
94 821
94 822
95 95
95 96
95 147
95 153
95 820
95 821
96 96
96 97
96 153
96 158
96 819
96 820
97 97
97 98
97 158
97 162
97 818
97 819
98 98
98 99
98 162
98 165
98 817
98 818
99 99
99 100
99 165
99 167
99 816
99 817
100 100
100 101
100 167
100 168
100 815
100 816
101 101
101 102
101 103
101 168
101 814
101 815
102 102
102 103
102 814
102 880
103 103
103 104
103 168
104 104
104 105
104 166
104 168
105 105
105 106
105 163
105 166
106 106
106 107
106 159
106 163
107 107
107 108
107 154
107 159
108 108
108 109
108 148
108 154
109 109
109 110
109 141
109 148
110 110
110 111
110 133
110 141
111 111
111 112
111 124
111 133
112 112
112 113
112 114
112 124
113 113
113 114
114 114
114 115
114 124
115 115
115 116
115 124
115 125
116 116
116 117
116 125
116 126
117 117
117 118
117 126
117 127
118 118
118 119
118 127
118 128
119 119
119 120
119 128
119 129
120 120
120 121
120 129
120 130
121 121
121 122
121 130
121 131
122 122
122 123
122 131
122 132
123 123
123 132
124 124
124 125
124 133
125 125
125 126
125 133
125 134
126 126
126 127
126 134
126 135
127 127
127 128
127 135
127 136
128 128
128 129
128 136
128 137
129 129
129 130
129 137
129 138
130 130
130 131
130 138
130 139
131 131
131 132
131 139
131 140
132 132
132 140
133 133
133 134
133 141
134 134
134 135
134 141
134 142
135 135
135 136
135 142
135 143
136 136
136 137
136 143
136 144
137 137
137 138
137 144
137 145
138 138
138 139
138 145
138 146
139 139
139 140
139 146
139 147
140 140
140 147
141 141
141 142
141 148
142 142
142 143
142 148
142 149
143 143
143 144
143 149
143 150
144 144
144 145
144 150
144 151
145 145
145 146
145 151
145 152
146 146
146 147
146 152
146 153
147 147
147 153
148 148
148 149
148 154
149 149
149 150
149 154
149 155
150 150
150 151
150 155
150 156
151 151
151 152
151 156
151 157
152 152
152 153
152 157
152 158
153 153
153 158
154 154
154 155
154 159
155 155
155 156
155 159
155 160
156 156
156 157
156 160
156 161
157 157
157 158
157 161
157 162
158 158
158 162
159 159
159 160
159 163
160 160
160 161
160 163
160 164
161 161
161 162
161 164
161 165
162 162
162 165
163 163
163 164
163 166
164 164
164 165
164 166
164 167
165 165
165 167
166 166
166 167
166 168
167 167
167 168
168 168
169 169
169 170
169 192
169 247
169 270
170 170
170 171
170 192
170 193
170 270
170 280
171 171
171 172
171 193
171 194
171 280
171 289
172 172
172 173
172 194
172 195
172 289
172 297
173 173
173 174
173 195
173 196
173 297
173 304
174 174
174 175
174 196
174 197
174 304
174 310
175 175
175 176
175 197
175 198
175 310
175 315
176 176
176 177
176 198
176 199
176 315
176 319
177 177
177 178
177 199
177 200
177 319
177 322
178 178
178 179
178 200
178 201
178 322
178 324
179 179
179 180
179 181
179 201
179 269
179 324
180 180
180 181
180 269
180 347
180 425
181 181
181 182
181 201
182 182
182 183
182 201
182 210
183 183
183 184
183 210
183 218
184 184
184 185
184 218
184 225
185 185
185 186
185 225
185 231
186 186
186 187
186 231
186 236
187 187
187 188
187 236
187 240
188 188
188 189
188 240
188 243
189 189
189 190
189 243
189 245
190 190
190 191
190 245
190 246
191 191
191 246
192 192
192 193
192 202
193 193
193 194
193 202
193 203
194 194
194 195
194 203
194 204
195 195
195 196
195 204
195 205
196 196
196 197
196 205
196 206
197 197
197 198
197 206
197 207
198 198
198 199
198 207
198 208
199 199
199 200
199 208
199 209
200 200
200 201
200 209
200 210
201 201
201 210
202 202
202 203
202 211
203 203
203 204
203 211
203 212
204 204
204 205
204 212
204 213
205 205
205 206
205 213
205 214
206 206
206 207
206 214
206 215
207 207
207 208
207 215
207 216
208 208
208 209
208 216
208 217
209 209
209 210
209 217
209 218
210 210
210 218
211 211
211 212
211 219
212 212
212 213
212 219
212 220
213 213
213 214
213 220
213 221
214 214
214 215
214 221
214 222
215 215
215 216
215 222
215 223
216 216
216 217
216 223
216 224
217 217
217 218
217 224
217 225
218 218
218 225
219 219
219 220
219 226
220 220
220 221
220 226
220 227
221 221
221 222
221 227
221 228
222 222
222 223
222 228
222 229
223 223
223 224
223 229
223 230
224 224
224 225
224 230
224 231
225 225
225 231
226 226
226 227
226 232
227 227
227 228
227 232
227 233
228 228
228 229
228 233
228 234
229 229
229 230
229 234
229 235
230 230
230 231
230 235
230 236
231 231
231 236
232 232
232 233
232 237
233 233
233 234
233 237
233 238
234 234
234 235
234 238
234 239
235 235
235 236
235 239
235 240
236 236
236 240
237 237
237 238
237 241
238 238
238 239
238 241
238 242
239 239
239 240
239 242
239 243
240 240
240 243
241 241
241 242
241 244
242 242
242 243
242 244
242 245
243 243
243 245
244 244
244 245
244 246
245 245
245 246
246 246
247 247
247 248
247 270
248 248
248 249
248 270
248 271
249 249
249 250
249 271
249 272
250 250
250 251
250 272
250 273
251 251
251 252
251 273
251 274
252 252
252 253
252 274
252 275
253 253
253 254
253 275
253 276
254 254
254 255
254 276
254 277
255 255
255 256
255 277
255 278
256 256
256 257
256 278
256 279
257 257
257 258
257 259
257 279
258 258
258 259
258 325
259 259
259 260
259 279
259 325
259 348
260 260
260 261
260 279
260 288
260 348
260 358
261 261
261 262
261 288
261 296
261 358
261 367
262 262
262 263
262 296
262 303
262 367
262 375
263 263
263 264
263 303
263 309
263 375
263 382
264 264
264 265
264 309
264 314
264 382
264 388
265 265
265 266
265 314
265 318
265 388
265 393
266 266
266 267
266 318
266 321
266 393
266 397
267 267
267 268
267 321
267 323
267 397
267 400
268 268
268 269
268 323
268 324
268 400
268 402
269 269
269 324
269 347
269 402
270 270
270 271
270 280
271 271
271 272
271 280
271 281
272 272
272 273
272 281
272 282
273 273
273 274
273 282
273 283
274 274
274 275
274 283
274 284
275 275
275 276
275 284
275 285
276 276
276 277
276 285
276 286
277 277
277 278
277 286
277 287
278 278
278 279
278 287
278 288
279 279
279 288
280 280
280 281
280 289
281 281
281 282
281 289
281 290
282 282
282 283
282 290
282 291
283 283
283 284
283 291
283 292
284 284
284 285
284 292
284 293
285 285
285 286
285 293
285 294
286 286
286 287
286 294
286 295
287 287
287 288
287 295
287 296
288 288
288 296
289 289
289 290
289 297
290 290
290 291
290 297
290 298
291 291
291 292
291 298
291 299
292 292
292 293
292 299
292 300
293 293
293 294
293 300
293 301
294 294
294 295
294 301
294 302
295 295
295 296
295 302
295 303
296 296
296 303
297 297
297 298
297 304
298 298
298 299
298 304
298 305
299 299
299 300
299 305
299 306
300 300
300 301
300 306
300 307
301 301
301 302
301 307
301 308
302 302
302 303
302 308
302 309
303 303
303 309
304 304
304 305
304 310
305 305
305 306
305 310
305 311
306 306
306 307
306 311
306 312
307 307
307 308
307 312
307 313
308 308
308 309
308 313
308 314
309 309
309 314
310 310
310 311
310 315
311 311
311 312
311 315
311 316
312 312
312 313
312 316
312 317
313 313
313 314
313 317
313 318
314 314
314 318
315 315
315 316
315 319
316 316
316 317
316 319
316 320
317 317
317 318
317 320
317 321
318 318
318 321
319 319
319 320
319 322
320 320
320 321
320 322
320 323
321 321
321 323
322 322
322 323
322 324
323 323
323 324
324 324
325 325
325 326
325 348
326 326
326 327
326 348
326 349
327 327
327 328
327 349
327 350
328 328
328 329
328 350
328 351
329 329
329 330
329 351
329 352
330 330
330 331
330 352
330 353
331 331
331 332
331 353
331 354
332 332
332 333
332 354
332 355
333 333
333 334
333 355
333 356
334 334
334 335
334 356
334 357
335 335
335 336
335 337
335 357
336 336
336 337
336 403
336 481
337 337
337 338
337 357
337 403
337 435
338 338
338 339
338 357
338 366
338 434
338 435
339 339
339 340
339 366
339 374
339 433
339 434
340 340
340 341
340 374
340 381
340 432
340 433
341 341
341 342
341 381
341 387
341 431
341 432
342 342
342 343
342 387
342 392
342 430
342 431
343 343
343 344
343 392
343 396
343 429
343 430
344 344
344 345
344 396
344 399
344 428
344 429
345 345
345 346
345 399
345 401
345 427
345 428
346 346
346 347
346 401
346 402
346 426
346 427
347 347
347 402
347 425
347 426
348 348
348 349
348 358
349 349
349 350
349 358
349 359
350 350
350 351
350 359
350 360
351 351
351 352
351 360
351 361
352 352
352 353
352 361
352 362
353 353
353 354
353 362
353 363
354 354
354 355
354 363
354 364
355 355
355 356
355 364
355 365
356 356
356 357
356 365
356 366
357 357
357 366
358 358
358 359
358 367
359 359
359 360
359 367
359 368
360 360
360 361
360 368
360 369
361 361
361 362
361 369
361 370
362 362
362 363
362 370
362 371
363 363
363 364
363 371
363 372
364 364
364 365
364 372
364 373
365 365
365 366
365 373
365 374
366 366
366 374
367 367
367 368
367 375
368 368
368 369
368 375
368 376
369 369
369 370
369 376
369 377
370 370
370 371
370 377
370 378
371 371
371 372
371 378
371 379
372 372
372 373
372 379
372 380
373 373
373 374
373 380
373 381
374 374
374 381
375 375
375 376
375 382
376 376
376 377
376 382
376 383
377 377
377 378
377 383
377 384
378 378
378 379
378 384
378 385
379 379
379 380
379 385
379 386
380 380
380 381
380 386
380 387
381 381
381 387
382 382
382 383
382 388
383 383
383 384
383 388
383 389
384 384
384 385
384 389
384 390
385 385
385 386
385 390
385 391
386 386
386 387
386 391
386 392
387 387
387 392
388 388
388 389
388 393
389 389
389 390
389 393
389 394
390 390
390 391
390 394
390 395
391 391
391 392
391 395
391 396
392 392
392 396
393 393
393 394
393 397
394 394
394 395
394 397
394 398
395 395
395 396
395 398
395 399
396 396
396 399
397 397
397 398
397 400
398 398
398 399
398 400
398 401
399 399
399 401
400 400
400 401
400 402
401 401
401 402
402 402
403 403
403 404
403 435
403 481
403 513
404 404
404 405
404 435
404 444
404 512
404 513
405 405
405 406
405 444
405 452
405 511
405 512
406 406
406 407
406 452
406 459
406 510
406 511
407 407
407 408
407 459
407 465
407 509
407 510
408 408
408 409
408 465
408 470
408 508
408 509
409 409
409 410
409 470
409 474
409 507
409 508
410 410
410 411
410 474
410 477
410 506
410 507
411 411
411 412
411 477
411 479
411 505
411 506
412 412
412 413
412 479
412 480
412 504
412 505
413 413
413 414
413 415
413 480
413 503
413 504
414 414
414 415
414 503
414 581
414 659
415 415
415 416
415 480
416 416
416 417
416 478
416 480
417 417
417 418
417 475
417 478
418 418
418 419
418 471
418 475
419 419
419 420
419 466
419 471
420 420
420 421
420 460
420 466
421 421
421 422
421 453
421 460
422 422
422 423
422 445
422 453
423 423
423 424
423 436
423 445
424 424
424 425
424 426
424 436
425 425
425 426
426 426
426 427
426 436
427 427
427 428
427 436
427 437
428 428
428 429
428 437
428 438
429 429
429 430
429 438
429 439
430 430
430 431
430 439
430 440
431 431
431 432
431 440
431 441
432 432
432 433
432 441
432 442
433 433
433 434
433 442
433 443
434 434
434 435
434 443
434 444
435 435
435 444
436 436
436 437
436 445
437 437
437 438
437 445
437 446
438 438
438 439
438 446
438 447
439 439
439 440
439 447
439 448
440 440
440 441
440 448
440 449
441 441
441 442
441 449
441 450
442 442
442 443
442 450
442 451
443 443
443 444
443 451
443 452
444 444
444 452
445 445
445 446
445 453
446 446
446 447
446 453
446 454
447 447
447 448
447 454
447 455
448 448
448 449
448 455
448 456
449 449
449 450
449 456
449 457
450 450
450 451
450 457
450 458
451 451
451 452
451 458
451 459
452 452
452 459
453 453
453 454
453 460
454 454
454 455
454 460
454 461
455 455
455 456
455 461
455 462
456 456
456 457
456 462
456 463
457 457
457 458
457 463
457 464
458 458
458 459
458 464
458 465
459 459
459 465
460 460
460 461
460 466
461 461
461 462
461 466
461 467
462 462
462 463
462 467
462 468
463 463
463 464
463 468
463 469
464 464
464 465
464 469
464 470
465 465
465 470
466 466
466 467
466 471
467 467
467 468
467 471
467 472
468 468
468 469
468 472
468 473
469 469
469 470
469 473
469 474
470 470
470 474
471 471
471 472
471 475
472 472
472 473
472 475
472 476
473 473
473 474
473 476
473 477
474 474
474 477
475 475
475 476
475 478
476 476
476 477
476 478
476 479
477 477
477 479
478 478
478 479
478 480
479 479
479 480
480 480
481 481
481 482
481 513
482 482
482 483
482 513
482 522
483 483
483 484
483 522
483 530
484 484
484 485
484 530
484 537
485 485
485 486
485 537
485 543
486 486
486 487
486 543
486 548
487 487
487 488
487 548
487 552
488 488
488 489
488 552
488 555
489 489
489 490
489 555
489 557
490 490
490 491
490 557
490 558
491 491
491 492
491 493
491 558
492 492
492 493
492 559
493 493
493 494
493 558
493 559
493 591
494 494
494 495
494 556
494 558
494 590
494 591
495 495
495 496
495 553
495 556
495 589
495 590
496 496
496 497
496 549
496 553
496 588
496 589
497 497
497 498
497 544
497 549
497 587
497 588
498 498
498 499
498 538
498 544
498 586
498 587
499 499
499 500
499 531
499 538
499 585
499 586
500 500
500 501
500 523
500 531
500 584
500 585
501 501
501 502
501 514
501 523
501 583
501 584
502 502
502 503
502 504
502 514
502 582
502 583
503 503
503 504
503 581
503 582
504 504
504 505
504 514
505 505
505 506
505 514
505 515
506 506
506 507
506 515
506 516
507 507
507 508
507 516
507 517
508 508
508 509
508 517
508 518
509 509
509 510
509 518
509 519
510 510
510 511
510 519
510 520
511 511
511 512
511 520
511 521
512 512
512 513
512 521
512 522
513 513
513 522
514 514
514 515
514 523
515 515
515 516
515 523
515 524
516 516
516 517
516 524
516 525
517 517
517 518
517 525
517 526
518 518
518 519
518 526
518 527
519 519
519 520
519 527
519 528
520 520
520 521
520 528
520 529
521 521
521 522
521 529
521 530
522 522
522 530
523 523
523 524
523 531
524 524
524 525
524 531
524 532
525 525
525 526
525 532
525 533
526 526
526 527
526 533
526 534
527 527
527 528
527 534
527 535
528 528
528 529
528 535
528 536
529 529
529 530
529 536
529 537
530 530
530 537
531 531
531 532
531 538
532 532
532 533
532 538
532 539
533 533
533 534
533 539
533 540
534 534
534 535
534 540
534 541
535 535
535 536
535 541
535 542
536 536
536 537
536 542
536 543
537 537
537 543
538 538
538 539
538 544
539 539
539 540
539 544
539 545
540 540
540 541
540 545
540 546
541 541
541 542
541 546
541 547
542 542
542 543
542 547
542 548
543 543
543 548
544 544
544 545
544 549
545 545
545 546
545 549
545 550
546 546
546 547
546 550
546 551
547 547
547 548
547 551
547 552
548 548
548 552
549 549
549 550
549 553
550 550
550 551
550 553
550 554
551 551
551 552
551 554
551 555
552 552
552 555
553 553
553 554
553 556
554 554
554 555
554 556
554 557
555 555
555 557
556 556
556 557
556 558
557 557
557 558
558 558
559 559
559 560
559 591
560 560
560 561
560 591
560 600
561 561
561 562
561 600
561 608
562 562
562 563
562 608
562 615
563 563
563 564
563 615
563 621
564 564
564 565
564 621
564 626
565 565
565 566
565 626
565 630
566 566
566 567
566 630
566 633
567 567
567 568
567 633
567 635
568 568
568 569
568 635
568 636
569 569
569 570
569 571
569 636
570 570
570 571
570 637
570 715
571 571
571 572
571 636
571 637
571 669
572 572
572 573
572 634
572 636
572 668
572 669
573 573
573 574
573 631
573 634
573 667
573 668
574 574
574 575
574 627
574 631
574 666
574 667
575 575
575 576
575 622
575 627
575 665
575 666
576 576
576 577
576 616
576 622
576 664
576 665
577 577
577 578
577 609
577 616
577 663
577 664
578 578
578 579
578 601
578 609
578 662
578 663
579 579
579 580
579 592
579 601
579 661
579 662
580 580
580 581
580 582
580 592
580 660
580 661
581 581
581 582
581 659
581 660
582 582
582 583
582 592
583 583
583 584
583 592
583 593
584 584
584 585
584 593
584 594
585 585
585 586
585 594
585 595
586 586
586 587
586 595
586 596
587 587
587 588
587 596
587 597
588 588
588 589
588 597
588 598
589 589
589 590
589 598
589 599
590 590
590 591
590 599
590 600
591 591
591 600
592 592
592 593
592 601
593 593
593 594
593 601
593 602
594 594
594 595
594 602
594 603
595 595
595 596
595 603
595 604
596 596
596 597
596 604
596 605
597 597
597 598
597 605
597 606
598 598
598 599
598 606
598 607
599 599
599 600
599 607
599 608
600 600
600 608
601 601
601 602
601 609
602 602
602 603
602 609
602 610
603 603
603 604
603 610
603 611
604 604
604 605
604 611
604 612
605 605
605 606
605 612
605 613
606 606
606 607
606 613
606 614
607 607
607 608
607 614
607 615
608 608
608 615
609 609
609 610
609 616
610 610
610 611
610 616
610 617
611 611
611 612
611 617
611 618
612 612
612 613
612 618
612 619
613 613
613 614
613 619
613 620
614 614
614 615
614 620
614 621
615 615
615 621
616 616
616 617
616 622
617 617
617 618
617 622
617 623
618 618
618 619
618 623
618 624
619 619
619 620
619 624
619 625
620 620
620 621
620 625
620 626
621 621
621 626
622 622
622 623
622 627
623 623
623 624
623 627
623 628
624 624
624 625
624 628
624 629
625 625
625 626
625 629
625 630
626 626
626 630
627 627
627 628
627 631
628 628
628 629
628 631
628 632
629 629
629 630
629 632
629 633
630 630
630 633
631 631
631 632
631 634
632 632
632 633
632 634
632 635
633 633
633 635
634 634
634 635
634 636
635 635
635 636
636 636
637 637
637 638
637 669
637 715
637 747
638 638
638 639
638 669
638 678
638 746
638 747
639 639
639 640
639 678
639 686
639 745
639 746
640 640
640 641
640 686
640 693
640 744
640 745
641 641
641 642
641 693
641 699
641 743
641 744
642 642
642 643
642 699
642 704
642 742
642 743
643 643
643 644
643 704
643 708
643 741
643 742
644 644
644 645
644 708
644 711
644 740
644 741
645 645
645 646
645 711
645 713
645 739
645 740
646 646
646 647
646 713
646 714
646 738
646 739
647 647
647 648
647 649
647 714
647 737
647 738
648 648
648 649
648 737
648 803
648 804
649 649
649 650
649 714
650 650
650 651
650 712
650 714
651 651
651 652
651 709
651 712
652 652
652 653
652 705
652 709
653 653
653 654
653 700
653 705
654 654
654 655
654 694
654 700
655 655
655 656
655 687
655 694
656 656
656 657
656 679
656 687
657 657
657 658
657 670
657 679
658 658
658 659
658 660
658 670
659 659
659 660
660 660
660 661
660 670
661 661
661 662
661 670
661 671
662 662
662 663
662 671
662 672
663 663
663 664
663 672
663 673
664 664
664 665
664 673
664 674
665 665
665 666
665 674
665 675
666 666
666 667
666 675
666 676
667 667
667 668
667 676
667 677
668 668
668 669
668 677
668 678
669 669
669 678
670 670
670 671
670 679
671 671
671 672
671 679
671 680
672 672
672 673
672 680
672 681
673 673
673 674
673 681
673 682
674 674
674 675
674 682
674 683
675 675
675 676
675 683
675 684
676 676
676 677
676 684
676 685
677 677
677 678
677 685
677 686
678 678
678 686
679 679
679 680
679 687
680 680
680 681
680 687
680 688
681 681
681 682
681 688
681 689
682 682
682 683
682 689
682 690
683 683
683 684
683 690
683 691
684 684
684 685
684 691
684 692
685 685
685 686
685 692
685 693
686 686
686 693
687 687
687 688
687 694
688 688
688 689
688 694
688 695
689 689
689 690
689 695
689 696
690 690
690 691
690 696
690 697
691 691
691 692
691 697
691 698
692 692
692 693
692 698
692 699
693 693
693 699
694 694
694 695
694 700
695 695
695 696
695 700
695 701
696 696
696 697
696 701
696 702
697 697
697 698
697 702
697 703
698 698
698 699
698 703
698 704
699 699
699 704
700 700
700 701
700 705
701 701
701 702
701 705
701 706
702 702
702 703
702 706
702 707
703 703
703 704
703 707
703 708
704 704
704 708
705 705
705 706
705 709
706 706
706 707
706 709
706 710
707 707
707 708
707 710
707 711
708 708
708 711
709 709
709 710
709 712
710 710
710 711
710 712
710 713
711 711
711 713
712 712
712 713
712 714
713 713
713 714
714 714
715 715
715 716
715 747
716 716
716 717
716 747
716 756
717 717
717 718
717 756
717 764
718 718
718 719
718 764
718 771
719 719
719 720
719 771
719 777
720 720
720 721
720 777
720 782
721 721
721 722
721 782
721 786
722 722
722 723
722 786
722 789
723 723
723 724
723 789
723 791
724 724
724 725
724 791
724 792
725 725
725 726
725 727
725 792
726 726
726 727
726 870
727 727
727 728
727 792
727 870
727 890
728 728
728 729
728 790
728 792
728 889
728 890
729 729
729 730
729 787
729 790
729 888
729 889
730 730
730 731
730 783
730 787
730 887
730 888
731 731
731 732
731 778
731 783
731 886
731 887
732 732
732 733
732 772
732 778
732 885
732 886
733 733
733 734
733 765
733 772
733 884
733 885
734 734
734 735
734 757
734 765
734 883
734 884
735 735
735 736
735 748
735 757
735 882
735 883
736 736
736 737
736 738
736 748
736 881
736 882
737 737
737 738
737 804
737 881
738 738
738 739
738 748
739 739
739 740
739 748
739 749
740 740
740 741
740 749
740 750
741 741
741 742
741 750
741 751
742 742
742 743
742 751
742 752
743 743
743 744
743 752
743 753
744 744
744 745
744 753
744 754
745 745
745 746
745 754
745 755
746 746
746 747
746 755
746 756
747 747
747 756
748 748
748 749
748 757
749 749
749 750
749 757
749 758
750 750
750 751
750 758
750 759
751 751
751 752
751 759
751 760
752 752
752 753
752 760
752 761
753 753
753 754
753 761
753 762
754 754
754 755
754 762
754 763
755 755
755 756
755 763
755 764
756 756
756 764
757 757
757 758
757 765
758 758
758 759
758 765
758 766
759 759
759 760
759 766
759 767
760 760
760 761
760 767
760 768
761 761
761 762
761 768
761 769
762 762
762 763
762 769
762 770
763 763
763 764
763 770
763 771
764 764
764 771
765 765
765 766
765 772
766 766
766 767
766 772
766 773
767 767
767 768
767 773
767 774
768 768
768 769
768 774
768 775
769 769
769 770
769 775
769 776
770 770
770 771
770 776
770 777
771 771
771 777
772 772
772 773
772 778
773 773
773 774
773 778
773 779
774 774
774 775
774 779
774 780
775 775
775 776
775 780
775 781
776 776
776 777
776 781
776 782
777 777
777 782
778 778
778 779
778 783
779 779
779 780
779 783
779 784
780 780
780 781
780 784
780 785
781 781
781 782
781 785
781 786
782 782
782 786
783 783
783 784
783 787
784 784
784 785
784 787
784 788
785 785
785 786
785 788
785 789
786 786
786 789
787 787
787 788
787 790
788 788
788 789
788 790
788 791
789 789
789 791
790 790
790 791
790 792
791 791
791 792
792 792
793 793
793 794
793 824
794 794
794 795
794 824
794 833
795 795
795 796
795 833
795 841
796 796
796 797
796 841
796 848
797 797
797 798
797 848
797 854
798 798
798 799
798 854
798 859
799 799
799 800
799 859
799 863
800 800
800 801
800 863
800 866
801 801
801 802
801 866
801 868
802 802
802 803
802 868
802 869
803 803
803 804
803 869
804 804
804 805
804 869
804 881
805 805
805 806
805 867
805 869
805 881
805 891
806 806
806 807
806 864
806 867
806 891
806 900
807 807
807 808
807 860
807 864
807 900
807 908
808 808
808 809
808 855
808 860
808 908
808 915
809 809
809 810
809 849
809 855
809 915
809 921
810 810
810 811
810 842
810 849
810 921
810 926
811 811
811 812
811 834
811 842
811 926
811 930
812 812
812 813
812 825
812 834
812 930
812 933
813 813
813 814
813 815
813 825
813 933
813 935
814 814
814 815
814 880
814 935
815 815
815 816
815 825
816 816
816 817
816 825
816 826
817 817
817 818
817 826
817 827
818 818
818 819
818 827
818 828
819 819
819 820
819 828
819 829
820 820
820 821
820 829
820 830
821 821
821 822
821 830
821 831
822 822
822 823
822 831
822 832
823 823
823 824
823 832
823 833
824 824
824 833
825 825
825 826
825 834
826 826
826 827
826 834
826 835
827 827
827 828
827 835
827 836
828 828
828 829
828 836
828 837
829 829
829 830
829 837
829 838
830 830
830 831
830 838
830 839
831 831
831 832
831 839
831 840
832 832
832 833
832 840
832 841
833 833
833 841
834 834
834 835
834 842
835 835
835 836
835 842
835 843
836 836
836 837
836 843
836 844
837 837
837 838
837 844
837 845
838 838
838 839
838 845
838 846
839 839
839 840
839 846
839 847
840 840
840 841
840 847
840 848
841 841
841 848
842 842
842 843
842 849
843 843
843 844
843 849
843 850
844 844
844 845
844 850
844 851
845 845
845 846
845 851
845 852
846 846
846 847
846 852
846 853
847 847
847 848
847 853
847 854
848 848
848 854
849 849
849 850
849 855
850 850
850 851
850 855
850 856
851 851
851 852
851 856
851 857
852 852
852 853
852 857
852 858
853 853
853 854
853 858
853 859
854 854
854 859
855 855
855 856
855 860
856 856
856 857
856 860
856 861
857 857
857 858
857 861
857 862
858 858
858 859
858 862
858 863
859 859
859 863
860 860
860 861
860 864
861 861
861 862
861 864
861 865
862 862
862 863
862 865
862 866
863 863
863 866
864 864
864 865
864 867
865 865
865 866
865 867
865 868
866 866
866 868
867 867
867 868
867 869
868 868
868 869
869 869
870 870
870 871
870 890
871 871
871 872
871 890
871 899
872 872
872 873
872 899
872 907
873 873
873 874
873 907
873 914
874 874
874 875
874 914
874 920
875 875
875 876
875 920
875 925
876 876
876 877
876 925
876 929
877 877
877 878
877 929
877 932
878 878
878 879
878 932
878 934
879 879
879 880
879 934
879 935
880 880
880 935
881 881
881 882
881 891
882 882
882 883
882 891
882 892
883 883
883 884
883 892
883 893
884 884
884 885
884 893
884 894
885 885
885 886
885 894
885 895
886 886
886 887
886 895
886 896
887 887
887 888
887 896
887 897
888 888
888 889
888 897
888 898
889 889
889 890
889 898
889 899
890 890
890 899
891 891
891 892
891 900
892 892
892 893
892 900
892 901
893 893
893 894
893 901
893 902
894 894
894 895
894 902
894 903
895 895
895 896
895 903
895 904
896 896
896 897
896 904
896 905
897 897
897 898
897 905
897 906
898 898
898 899
898 906
898 907
899 899
899 907
900 900
900 901
900 908
901 901
901 902
901 908
901 909
902 902
902 903
902 909
902 910
903 903
903 904
903 910
903 911
904 904
904 905
904 911
904 912
905 905
905 906
905 912
905 913
906 906
906 907
906 913
906 914
907 907
907 914
908 908
908 909
908 915
909 909
909 910
909 915
909 916
910 910
910 911
910 916
910 917
911 911
911 912
911 917
911 918
912 912
912 913
912 918
912 919
913 913
913 914
913 919
913 920
914 914
914 920
915 915
915 916
915 921
916 916
916 917
916 921
916 922
917 917
917 918
917 922
917 923
918 918
918 919
918 923
918 924
919 919
919 920
919 924
919 925
920 920
920 925
921 921
921 922
921 926
922 922
922 923
922 926
922 927
923 923
923 924
923 927
923 928
924 924
924 925
924 928
924 929
925 925
925 929
926 926
926 927
926 930
927 927
927 928
927 930
927 931
928 928
928 929
928 931
928 932
929 929
929 932
930 930
930 931
930 933
931 931
931 932
931 933
931 934
932 932
932 934
933 933
933 934
933 935
934 934
934 935
935 935
