0 0
0 1
0 2
0 126
0 127
0 128
0 129
0 130
0 131
1 1
1 2
1 126
1 127
1 128
1 129
1 130
1 131
2 2
2 126
2 127
2 128
2 129
2 130
2 131
3 3
3 4
3 5
3 129
3 130
3 131
3 132
3 133
3 134
3 135
3 136
3 137
4 4
4 5
4 129
4 130
4 131
4 132
4 133
4 134
4 135
4 136
4 137
5 5
5 129
5 130
5 131
5 132
5 133
5 134
5 135
5 136
5 137
6 6
6 7
6 8
6 126
6 127
6 128
6 138
6 139
6 140
6 141
6 142
6 143
7 7
7 8
7 126
7 127
7 128
7 138
7 139
7 140
7 141
7 142
7 143
8 8
8 126
8 127
8 128
8 138
8 139
8 140
8 141
8 142
8 143
9 9
9 10
9 11
9 126
9 127
9 128
9 129
9 130
9 131
9 132
9 133
9 134
9 141
9 142
9 143
9 144
9 145
9 146
10 10
10 11
10 126
10 127
10 128
10 129
10 130
10 131
10 132
10 133
10 134
10 141
10 142
10 143
10 144
10 145
10 146
11 11
11 126
11 127
11 128
11 129
11 130
11 131
11 132
11 133
11 134
11 141
11 142
11 143
11 144
11 145
11 146
12 12
12 13
12 14
12 129
12 130
12 131
12 135
12 136
12 137
12 144
12 145
12 146
12 147
12 148
12 149
13 13
13 14
13 129
13 130
13 131
13 135
13 136
13 137
13 144
13 145
13 146
13 147
13 148
13 149
14 14
14 129
14 130
14 131
14 135
14 136
14 137
14 144
14 145
14 146
14 147
14 148
14 149
15 15
15 16
15 17
15 135
15 136
15 137
15 150
15 151
15 152
15 153
15 154
15 155
16 16
16 17
16 135
16 136
16 137
16 150
16 151
16 152
16 153
16 154
16 155
17 17
17 135
17 136
17 137
17 150
17 151
17 152
17 153
17 154
17 155
18 18
18 19
18 20
18 132
18 133
18 134
18 141
18 142
18 143
18 156
18 157
18 158
18 159
18 160
18 161
19 19
19 20
19 132
19 133
19 134
19 141
19 142
19 143
19 156
19 157
19 158
19 159
19 160
19 161
20 20
20 132
20 133
20 134
20 141
20 142
20 143
20 156
20 157
20 158
20 159
20 160
20 161
21 21
21 22
21 23
21 132
21 133
21 134
21 135
21 136
21 137
21 144
21 145
21 146
21 150
21 151
21 152
21 159
21 160
21 161
21 162
21 163
21 164
22 22
22 23
22 132
22 133
22 134
22 135
22 136
22 137
22 144
22 145
22 146
22 150
22 151
22 152
22 159
22 160
22 161
22 162
22 163
22 164
23 23
23 132
23 133
23 134
23 135
23 136
23 137
23 144
23 145
23 146
23 150
23 151
23 152
23 159
23 160
23 161
23 162
23 163
23 164
24 24
24 25
24 26
24 135
24 136
24 137
24 147
24 148
24 149
24 153
24 154
24 155
24 162
24 163
24 164
24 165
24 166
24 167
25 25
25 26
25 135
25 136
25 137
25 147
25 148
25 149
25 153
25 154
25 155
25 162
25 163
25 164
25 165
25 166
25 167
26 26
26 135
26 136
26 137
26 147
26 148
26 149
26 153
26 154
26 155
26 162
26 163
26 164
26 165
26 166
26 167
27 27
27 28
27 29
27 138
27 139
27 140
27 168
27 169
27 170
28 28
28 29
28 138
28 139
28 140
28 168
28 169
28 170
29 29
29 138
29 139
29 140
29 168
29 169
29 170
30 30
30 31
30 32
30 138
30 139
30 140
30 141
30 142
30 143
30 156
30 157
30 158
30 168
30 169
30 170
30 171
30 172
30 173
31 31
31 32
31 138
31 139
31 140
31 141
31 142
31 143
31 156
31 157
31 158
31 168
31 169
31 170
31 171
31 172
31 173
32 32
32 138
32 139
32 140
32 141
32 142
32 143
32 156
32 157
32 158
32 168
32 169
32 170
32 171
32 172
32 173
33 33
33 34
33 35
33 141
33 142
33 143
33 144
33 145
33 146
33 159
33 160
33 161
33 171
33 172
33 173
33 174
33 175
33 176
34 34
34 35
34 141
34 142
34 143
34 144
34 145
34 146
34 159
34 160
34 161
34 171
34 172
34 173
34 174
34 175
34 176
35 35
35 141
35 142
35 143
35 144
35 145
35 146
35 159
35 160
35 161
35 171
35 172
35 173
35 174
35 175
35 176
36 36
36 37
36 38
36 144
36 145
36 146
36 147
36 148
36 149
36 162
36 163
36 164
36 174
36 175
36 176
36 177
36 178
36 179
37 37
37 38
37 144
37 145
37 146
37 147
37 148
37 149
37 162
37 163
37 164
37 174
37 175
37 176
37 177
37 178
37 179
38 38
38 144
38 145
38 146
38 147
38 148
38 149
38 162
38 163
38 164
38 174
38 175
38 176
38 177
38 178
38 179
39 39
39 40
39 41
39 147
39 148
39 149
39 165
39 166
39 167
39 177
39 178
39 179
39 180
39 181
39 182
40 40
40 41
40 147
40 148
40 149
40 165
40 166
40 167
40 177
40 178
40 179
40 180
40 181
40 182
41 41
41 147
41 148
41 149
41 165
41 166
41 167
41 177
41 178
41 179
41 180
41 181
41 182
42 42
42 43
42 44
42 153
42 154
42 155
42 183
42 184
42 185
43 43
43 44
43 153
43 154
43 155
43 183
43 184
43 185
44 44
44 153
44 154
44 155
44 183
44 184
44 185
45 45
45 46
45 47
45 150
45 151
45 152
45 159
45 160
45 161
45 186
45 187
45 188
45 189
45 190
45 191
46 46
46 47
46 150
46 151
46 152
46 159
46 160
46 161
46 186
46 187
46 188
46 189
46 190
46 191
47 47
47 150
47 151
47 152
47 159
47 160
47 161
47 186
47 187
47 188
47 189
47 190
47 191
48 48
48 49
48 50
48 150
48 151
48 152
48 153
48 154
48 155
48 162
48 163
48 164
48 183
48 184
48 185
48 189
48 190
48 191
48 192
48 193
48 194
49 49
49 50
49 150
49 151
49 152
49 153
49 154
49 155
49 162
49 163
49 164
49 183
49 184
49 185
49 189
49 190
49 191
49 192
49 193
49 194
50 50
50 150
50 151
50 152
50 153
50 154
50 155
50 162
50 163
50 164
50 183
50 184
50 185
50 189
50 190
50 191
50 192
50 193
50 194
51 51
51 52
51 53
51 153
51 154
51 155
51 165
51 166
51 167
51 192
51 193
51 194
52 52
52 53
52 153
52 154
52 155
52 165
52 166
52 167
52 192
52 193
52 194
53 53
53 153
53 154
53 155
53 165
53 166
53 167
53 192
53 193
53 194
54 54
54 55
54 56
54 156
54 157
54 158
54 168
54 169
54 170
54 195
54 196
54 197
55 55
55 56
55 156
55 157
55 158
55 168
55 169
55 170
55 195
55 196
55 197
56 56
56 156
56 157
56 158
56 168
56 169
56 170
56 195
56 196
56 197
57 57
57 58
57 59
57 156
57 157
57 158
57 159
57 160
57 161
57 171
57 172
57 173
57 186
57 187
57 188
57 195
57 196
57 197
57 198
57 199
57 200
58 58
58 59
58 156
58 157
58 158
58 159
58 160
58 161
58 171
58 172
58 173
58 186
58 187
58 188
58 195
58 196
58 197
58 198
58 199
58 200
59 59
59 156
59 157
59 158
59 159
59 160
59 161
59 171
59 172
59 173
59 186
59 187
59 188
59 195
59 196
59 197
59 198
59 199
59 200
60 60
60 61
60 62
60 159
60 160
60 161
60 162
60 163
60 164
60 174
60 175
60 176
60 189
60 190
60 191
60 198
60 199
60 200
60 201
60 202
60 203
61 61
61 62
61 159
61 160
61 161
61 162
61 163
61 164
61 174
61 175
61 176
61 189
61 190
61 191
61 198
61 199
61 200
61 201
61 202
61 203
62 62
62 159
62 160
62 161
62 162
62 163
62 164
62 174
62 175
62 176
62 189
62 190
62 191
62 198
62 199
62 200
62 201
62 202
62 203
63 63
63 64
63 65
63 162
63 163
63 164
63 165
63 166
63 167
63 177
63 178
63 179
63 192
63 193
63 194
63 201
63 202
63 203
63 204
63 205
63 206
64 64
64 65
64 162
64 163
64 164
64 165
64 166
64 167
64 177
64 178
64 179
64 192
64 193
64 194
64 201
64 202
64 203
64 204
64 205
64 206
65 65
65 162
65 163
65 164
65 165
65 166
65 167
65 177
65 178
65 179
65 192
65 193
65 194
65 201
65 202
65 203
65 204
65 205
65 206
66 66
66 67
66 68
66 165
66 166
66 167
66 180
66 181
66 182
66 204
66 205
66 206
67 67
67 68
67 165
67 166
67 167
67 180
67 181
67 182
67 204
67 205
67 206
68 68
68 165
68 166
68 167
68 180
68 181
68 182
68 204
68 205
68 206
69 69
69 70
69 71
69 168
69 169
69 170
69 171
69 172
69 173
69 195
69 196
69 197
69 207
69 208
69 209
70 70
70 71
70 168
70 169
70 170
70 171
70 172
70 173
70 195
70 196
70 197
70 207
70 208
70 209
71 71
71 168
71 169
71 170
71 171
71 172
71 173
71 195
71 196
71 197
71 207
71 208
71 209
72 72
72 73
72 74
72 171
72 172
72 173
72 174
72 175
72 176
72 198
72 199
72 200
72 207
72 208
72 209
72 210
72 211
72 212
73 73
73 74
73 171
73 172
73 173
73 174
73 175
73 176
73 198
73 199
73 200
73 207
73 208
73 209
73 210
73 211
73 212
74 74
74 171
74 172
74 173
74 174
74 175
74 176
74 198
74 199
74 200
74 207
74 208
74 209
74 210
74 211
74 212
75 75
75 76
75 77
75 174
75 175
75 176
75 177
75 178
75 179
75 201
75 202
75 203
75 210
75 211
75 212
75 213
75 214
75 215
76 76
76 77
76 174
76 175
76 176
76 177
76 178
76 179
76 201
76 202
76 203
76 210
76 211
76 212
76 213
76 214
76 215
77 77
77 174
77 175
77 176
77 177
77 178
77 179
77 201
77 202
77 203
77 210
77 211
77 212
77 213
77 214
77 215
78 78
78 79
78 80
78 177
78 178
78 179
78 180
78 181
78 182
78 204
78 205
78 206
78 213
78 214
78 215
78 216
78 217
78 218
79 79
79 80
79 177
79 178
79 179
79 180
79 181
79 182
79 204
79 205
79 206
79 213
79 214
79 215
79 216
79 217
79 218
80 80
80 177
80 178
80 179
80 180
80 181
80 182
80 204
80 205
80 206
80 213
80 214
80 215
80 216
80 217
80 218
81 81
81 82
81 83
81 180
81 181
81 182
81 216
81 217
81 218
82 82
82 83
82 180
82 181
82 182
82 216
82 217
82 218
83 83
83 180
83 181
83 182
83 216
83 217
83 218
84 84
84 85
84 86
84 183
84 184
84 185
84 189
84 190
84 191
84 219
84 220
84 221
85 85
85 86
85 183
85 184
85 185
85 189
85 190
85 191
85 219
85 220
85 221
86 86
86 183
86 184
86 185
86 189
86 190
86 191
86 219
86 220
86 221
87 87
87 88
87 89
87 186
87 187
87 188
87 195
87 196
87 197
87 222
87 223
87 224
88 88
88 89
88 186
88 187
88 188
88 195
88 196
88 197
88 222
88 223
88 224
89 89
89 186
89 187
89 188
89 195
89 196
89 197
89 222
89 223
89 224
90 90
90 91
90 92
90 186
90 187
90 188
90 189
90 190
90 191
90 198
90 199
90 200
90 219
90 220
90 221
90 222
90 223
90 224
90 225
90 226
90 227
91 91
91 92
91 186
91 187
91 188
91 189
91 190
91 191
91 198
91 199
91 200
91 219
91 220
91 221
91 222
91 223
91 224
91 225
91 226
91 227
92 92
92 186
92 187
92 188
92 189
92 190
92 191
92 198
92 199
92 200
92 219
92 220
92 221
92 222
92 223
92 224
92 225
92 226
92 227
93 93
93 94
93 95
93 189
93 190
93 191
93 192
93 193
93 194
93 201
93 202
93 203
93 225
93 226
93 227
94 94
94 95
94 189
94 190
94 191
94 192
94 193
94 194
94 201
94 202
94 203
94 225
94 226
94 227
95 95
95 189
95 190
95 191
95 192
95 193
95 194
95 201
95 202
95 203
95 225
95 226
95 227
96 96
96 97
96 98
96 195
96 196
96 197
96 198
96 199
96 200
96 207
96 208
96 209
96 222
96 223
96 224
96 228
96 229
96 230
97 97
97 98
97 195
97 196
97 197
97 198
97 199
97 200
97 207
97 208
97 209
97 222
97 223
97 224
97 228
97 229
97 230
98 98
98 195
98 196
98 197
98 198
98 199
98 200
98 207
98 208
98 209
98 222
98 223
98 224
98 228
98 229
98 230
99 99
99 100
99 101
99 198
99 199
99 200
99 201
99 202
99 203
99 210
99 211
99 212
99 225
99 226
99 227
99 228
99 229
99 230
99 231
99 232
99 233
100 100
100 101
100 198
100 199
100 200
100 201
100 202
100 203
100 210
100 211
100 212
100 225
100 226
100 227
100 228
100 229
100 230
100 231
100 232
100 233
101 101
101 198
101 199
101 200
101 201
101 202
101 203
101 210
101 211
101 212
101 225
101 226
101 227
101 228
101 229
101 230
101 231
101 232
101 233
102 102
102 103
102 104
102 201
102 202
102 203
102 204
102 205
102 206
102 213
102 214
102 215
102 231
102 232
102 233
103 103
103 104
103 201
103 202
103 203
103 204
103 205
103 206
103 213
103 214
103 215
103 231
103 232
103 233
104 104
104 201
104 202
104 203
104 204
104 205
104 206
104 213
104 214
104 215
104 231
104 232
104 233
105 105
105 106
105 107
105 207
105 208
105 209
105 210
105 211
105 212
105 228
105 229
105 230
105 234
105 235
105 236
106 106
106 107
106 207
106 208
106 209
106 210
106 211
106 212
106 228
106 229
106 230
106 234
106 235
106 236
107 107
107 207
107 208
107 209
107 210
107 211
107 212
107 228
107 229
107 230
107 234
107 235
107 236
108 108
108 109
108 110
108 210
108 211
108 212
108 213
108 214
108 215
108 231
108 232
108 233
108 234
108 235
108 236
108 237
108 238
108 239
109 109
109 110
109 210
109 211
109 212
109 213
109 214
109 215
109 231
109 232
109 233
109 234
109 235
109 236
109 237
109 238
109 239
110 110
110 210
110 211
110 212
110 213
110 214
110 215
110 231
110 232
110 233
110 234
110 235
110 236
110 237
110 238
110 239
111 111
111 112
111 113
111 213
111 214
111 215
111 216
111 217
111 218
111 237
111 238
111 239
112 112
112 113
112 213
112 214
112 215
112 216
112 217
112 218
112 237
112 238
112 239
113 113
113 213
113 214
113 215
113 216
113 217
113 218
113 237
113 238
113 239
114 114
114 115
114 116
114 219
114 220
114 221
114 222
114 223
114 224
115 115
115 116
115 219
115 220
115 221
115 222
115 223
115 224
116 116
116 219
116 220
116 221
116 222
116 223
116 224
117 117
117 118
117 119
117 222
117 223
117 224
117 225
117 226
117 227
117 228
117 229
117 230
118 118
118 119
118 222
118 223
118 224
118 225
118 226
118 227
118 228
118 229
118 230
119 119
119 222
119 223
119 224
119 225
119 226
119 227
119 228
119 229
119 230
120 120
120 121
120 122
120 228
120 229
120 230
120 231
120 232
120 233
120 234
120 235
120 236
121 121
121 122
121 228
121 229
121 230
121 231
121 232
121 233
121 234
121 235
121 236
122 122
122 228
122 229
122 230
122 231
122 232
122 233
122 234
122 235
122 236
123 123
123 124
123 125
123 234
123 235
123 236
123 237
123 238
123 239
124 124
124 125
124 234
124 235
124 236
124 237
124 238
124 239
125 125
125 234
125 235
125 236
125 237
125 238
125 239
126 126
126 127
126 128
127 127
127 128
128 128
129 129
129 130
129 131
130 130
130 131
131 131
132 132
132 133
132 134
133 133
133 134
134 134
135 135
135 136
135 137
136 136
136 137
137 137
138 138
138 139
138 140
139 139
139 140
140 140
141 141
141 142
141 143
142 142
142 143
143 143
144 144
144 145
144 146
145 145
145 146
146 146
147 147
147 148
147 149
148 148
148 149
149 149
150 150
150 151
150 152
151 151
151 152
152 152
153 153
153 154
153 155
154 154
154 155
155 155
156 156
156 157
156 158
157 157
157 158
158 158
159 159
159 160
159 161
160 160
160 161
161 161
162 162
162 163
162 164
163 163
163 164
164 164
165 165
165 166
165 167
166 166
166 167
167 167
168 168
168 169
168 170
169 169
169 170
170 170
171 171
171 172
171 173
172 172
172 173
173 173
174 174
174 175
174 176
175 175
175 176
176 176
177 177
177 178
177 179
178 178
178 179
179 179
180 180
180 181
180 182
181 181
181 182
182 182
183 183
183 184
183 185
184 184
184 185
185 185
186 186
186 187
186 188
187 187
187 188
188 188
189 189
189 190
189 191
190 190
190 191
191 191
192 192
192 193
192 194
193 193
193 194
194 194
195 195
195 196
195 197
196 196
196 197
197 197
198 198
198 199
198 200
199 199
199 200
200 200
201 201
201 202
201 203
202 202
202 203
203 203
204 204
204 205
204 206
205 205
205 206
206 206
207 207
207 208
207 209
208 208
208 209
209 209
210 210
210 211
210 212
211 211
211 212
212 212
213 213
213 214
213 215
214 214
214 215
215 215
216 216
216 217
216 218
217 217
217 218
218 218
219 219
219 220
219 221
220 220
220 221
221 221
222 222
222 223
222 224
223 223
223 224
224 224
225 225
225 226
225 227
226 226
226 227
227 227
228 228
228 229
228 230
229 229
229 230
230 230
231 231
231 232
231 233
232 232
232 233
233 233
234 234
234 235
234 236
235 235
235 236
236 236
237 237
237 238
237 239
238 238
238 239
239 239
