0 18
0 23
0 33
1 19
1 23
1 14
2 20
2 21
2 15
3 21
3 22
3 16
4 22
4 23
4 17
5 24
5 33
5 14
5 16
5 18
6 25
6 33
6 15
6 17
6 19
7 26
7 33
7 14
7 16
7 20
8 27
8 28
8 29
8 15
8 17
8 21
9 28
9 33
9 22
10 29
10 33
10 18
10 19
10 22
10 23
11 30
11 32
11 20
11 21
11 24
11 33
12 31
12 32
12 23
12 25
13 32
13 33
13 24
13 26
14 25
14 26
14 27
15 27
15 28
16 24
16 29
17 24
17 28
17 30
22 23
22 24
22 27
22 29
22 30
23 32
23 31
23 33
24 31
26 33
28 30
28 31
29 32
30 32
31 40
32 33
33 33
33 35
33 37
34 36
34 37
34 40
34 38
34 45
34 47
35 38
35 99
35 100
35 101
35 102
35 107
35 110
35 111
35 113
35 114
35 116
35 117
35 118
35 125
35 126
35 127
35 128
35 39
35 46
35 48
36 40
36 121
36 38
36 45
37 131
37 39
37 40
37 46
38 52
38 53
38 98
38 108
38 109
38 121
38 123
38 131
38 41
39 52
39 53
39 98
39 108
39 109
39 121
39 124
39 131
39 42
40 40
40 43
41 58
41 59
41 65
41 66
41 67
41 68
41 73
41 76
41 77
41 79
41 80
41 82
41 83
41 84
41 91
41 92
41 93
41 94
41 45
41 46
41 55
42 62
42 63
42 76
42 77
42 79
42 88
42 45
42 46
42 56
43 87
43 55
43 57
44 97
44 56
44 58
45 45
45 46
45 64
45 74
45 75
45 87
45 89
45 97
45 55
45 56
45 57
45 59
46 46
46 64
46 74
46 75
46 87
46 90
46 97
46 55
46 56
46 58
46 60
47 62
47 49
47 59
48 63
48 50
48 60
49 62
49 61
49 125
49 129
50 63
50 61
50 62
50 128
51 56
51 62
51 61
51 63
52 57
52 63
52 64
52 119
52 123
53 60
53 62
53 65
53 120
53 123
54 61
54 63
54 62
54 64
54 66
54 121
54 124
54 125
54 128
54 130
55 62
55 63
55 65
55 67
55 122
55 124
55 125
55 128
55 130
56 66
57 67
58 68
59 69
60 68
61 69
65 98
66 99
67 100
68 101
69 98
69 100
69 102
70 82
70 87
70 99
70 101
70 103
71 83
71 87
71 98
71 100
71 104
72 84
72 85
72 99
72 101
72 105
73 85
73 86
73 106
74 86
74 87
74 102
74 103
74 106
74 107
75 116
75 121
75 104
75 105
75 108
76 117
76 121
76 107
76 109
77 118
77 119
77 108
77 110
78 119
78 120
78 109
78 110
78 111
79 120
79 121
79 111
79 112
80 88
80 97
80 108
80 113
81 89
81 97
81 108
81 112
81 114
82 90
82 97
83 91
83 92
83 93
84 92
84 97
85 93
85 97
86 94
86 96
86 107
86 108
86 111
86 113
86 114
87 95
87 96
88 96
88 97
89 122
89 131
90 123
90 131
91 124
91 131
92 125
92 126
92 127
93 126
93 131
94 127
94 131
94 112
95 128
95 130
95 108
95 112
96 129
96 130
96 107
96 113
96 114
97 130
97 131
99 115
100 116
101 117
102 118
103 115
103 117
103 119
104 116
104 118
104 120
105 115
105 117
105 121
106 116
106 118
106 122
107 123
108 119
108 120
108 123
108 124
109 121
109 122
109 125
110 124
110 126
111 125
111 127
112 126
112 127
112 128
113 128
113 129
114 125
114 130
115 125
115 129
115 131
120 124
120 125
120 128
120 130
120 131
124 130
125 129
128 129
129 129
130 130
130 131
