0 4
0 51
0 11
0 18
0 20
1 67
1 5
1 12
1 19
1 21
2 3
2 8
2 21
2 22
2 51
2 60
2 67
2 6
2 11
2 13
2 18
3 4
3 57
3 5
3 6
3 12
3 13
3 19
4 77
4 6
4 9
4 13
4 16
5 10
5 38
5 39
5 57
5 70
5 77
5 7
5 14
6 15
7 86
7 87
7 88
7 89
7 94
7 97
7 98
7 100
7 101
7 129
7 130
7 131
7 138
7 139
7 140
7 141
7 161
7 162
7 8
8 97
8 98
8 100
8 135
8 165
8 166
9 134
9 11
9 12
10 144
11 78
11 79
11 82
11 83
11 95
11 96
11 134
11 136
11 144
11 18
11 19
12 78
12 79
12 82
12 83
12 95
12 96
12 134
12 137
12 144
12 22
13 23
14 103
14 104
14 105
14 106
14 111
14 114
14 115
14 117
14 118
14 145
14 146
14 147
14 154
14 155
14 156
14 157
14 24
15 114
15 115
15 117
15 151
15 25
16 150
16 22
16 24
16 26
17 160
17 23
17 25
17 27
18 112
18 113
18 123
18 124
18 150
18 152
18 160
18 22
18 24
18 28
19 112
19 113
19 123
19 124
19 150
19 153
19 160
19 23
19 25
19 29
20 165
20 30
21 166
21 26
21 27
21 30
21 31
22 28
22 29
22 32
23 31
23 33
24 32
24 34
25 33
25 34
25 35
26 35
26 36
27 32
27 37
28 32
28 36
28 38
29 39
30 40
31 50
31 66
31 41
32 50
32 65
32 42
33 39
33 41
33 43
34 40
34 42
34 44
35 50
35 39
35 41
35 45
36 64
36 65
36 40
36 42
36 46
37 50
37 66
37 47
38 50
38 66
38 43
38 44
38 47
38 48
39 45
39 46
39 49
40 48
40 50
41 49
41 51
42 50
42 51
42 52
43 52
43 53
44 49
44 54
45 49
45 53
45 55
46 56
47 57
48 56
48 76
48 58
49 56
49 75
49 58
49 59
50 59
50 60
51 56
51 57
51 60
52 56
52 61
53 74
53 75
53 62
54 56
54 76
54 63
55 56
55 76
55 63
55 64
56 64
56 65
57 61
57 62
57 65
58 66
59 67
60 68
61 69
62 69
62 70
63 69
63 71
64 72
65 73
66 67
66 72
66 73
66 74
67 67
67 68
67 70
67 71
67 74
68 75
69 76
70 77
71 78
72 78
72 79
73 78
73 80
74 81
75 77
75 82
76 77
76 81
76 82
76 83
77 77
77 79
77 80
77 83
78 84
79 85
80 84
80 86
81 85
81 87
82 84
82 85
82 86
82 88
83 84
83 85
83 87
83 89
84 88
84 90
85 89
85 91
86 92
87 93
88 94
89 95
90 165
90 92
90 94
90 96
91 166
91 93
91 95
91 97
92 92
92 94
92 98
93 93
93 95
93 99
94 100
95 96
95 97
95 100
95 101
96 98
96 99
96 102
97 101
97 103
98 102
98 104
99 103
99 104
99 105
100 105
100 106
101 133
101 143
101 102
101 107
102 102
102 133
102 142
102 106
102 108
103 109
104 110
105 133
105 111
106 141
106 142
106 112
107 133
107 143
107 109
107 111
107 113
108 133
108 143
108 110
108 112
108 114
109 109
109 111
109 115
110 110
110 112
110 116
111 117
112 113
112 114
112 117
112 118
113 123
113 115
113 116
113 119
114 124
114 118
114 120
115 125
115 119
115 121
116 126
116 120
116 121
116 122
117 123
117 124
117 122
118 125
118 126
118 149
118 159
118 119
118 124
119 119
119 120
119 125
119 126
119 149
119 158
119 123
120 123
120 126
121 122
121 126
121 127
122 125
122 126
122 149
122 128
123 157
123 158
123 129
124 125
124 126
124 149
124 159
124 130
125 149
125 159
125 127
125 128
125 129
125 131
126 127
126 128
126 130
126 132
127 131
127 133
128 132
128 134
129 135
130 136
131 137
132 137
132 138
133 165
133 138
133 139
134 166
134 135
134 136
134 139
135 140
136 141
137 142
138 143
139 143
139 144
140 144
140 143
140 145
141 144
141 146
142 144
142 147
143 146
143 147
143 148
144 144
144 145
144 148
145 149
146 150
147 151
148 151
148 152
149 150
149 152
149 153
150 150
150 153
151 154
152 155
153 156
154 160
154 157
155 160
155 157
155 158
156 160
156 157
156 159
157 160
158 160
158 161
159 160
159 161
159 162
160 162
161 163
162 164
163 163
163 165
164 164
164 166
165 165
166 166
