0 4
0 5
0 6
0 7
0 8
0 24
0 25
0 26
0 27
0 28
0 12
0 17
1 4
1 20
1 24
1 60
1 8
1 13
1 17
2 5
2 21
2 25
2 60
2 9
2 14
2 17
3 6
3 22
3 26
3 60
3 10
3 15
3 17
4 7
4 23
4 27
4 60
4 6
4 12
5 8
5 28
5 60
5 6
5 13
6 6
6 7
6 8
6 9
6 14
7 56
7 10
7 15
8 56
8 11
8 16
9 56
9 12
9 13
9 14
9 15
9 16
9 17
10 56
10 12
10 19
10 20
11 56
11 13
11 19
11 21
12 57
12 14
12 19
12 22
13 57
13 15
13 19
13 23
14 57
14 16
14 18
14 19
14 24
15 57
15 19
15 20
15 25
15 30
15 31
16 57
16 19
16 21
16 26
16 30
16 32
17 19
17 22
17 27
17 30
17 33
18 55
18 19
18 23
18 28
18 30
18 34
19 19
19 24
19 29
19 30
19 35
20 58
20 37
20 42
21 58
21 38
21 42
22 58
22 39
22 42
23 58
23 40
23 42
24 58
24 30
24 31
24 36
24 37
25 35
25 39
25 63
25 30
25 32
25 36
25 38
26 36
26 40
26 63
26 30
26 33
26 39
27 37
27 41
27 63
27 30
27 34
27 36
27 40
28 38
28 42
28 63
28 30
28 35
28 36
28 41
29 43
29 63
29 37
29 38
29 39
29 40
29 41
29 42
30 36
30 37
30 43
30 48
30 49
31 59
31 36
31 38
31 44
31 48
31 50
32 59
32 36
32 39
32 45
32 48
32 51
33 59
33 36
33 40
33 46
33 48
33 52
34 59
34 36
34 41
34 47
34 48
34 53
35 59
35 55
35 60
36 56
36 60
37 61
37 57
37 60
38 61
38 58
38 60
39 61
39 48
39 49
39 54
39 55
40 61
40 48
40 50
40 54
40 56
41 61
41 48
41 51
41 54
41 57
42 48
42 52
42 54
42 58
43 45
43 49
43 65
43 48
43 53
43 54
43 59
44 46
44 50
44 65
44 55
44 56
44 57
44 58
44 59
44 60
45 47
45 51
45 65
45 61
45 66
46 48
46 52
46 65
46 62
46 66
47 53
47 65
47 63
47 66
48 64
48 66
49 62
49 54
49 55
49 61
50 62
50 54
50 56
51 62
51 54
51 57
51 63
52 62
52 54
52 58
52 64
53 62
53 54
53 59
53 65
54 61
54 62
54 63
54 64
54 65
54 66
55 64
56 64
57 64
58 64
59 64
61 66
62 66
63 66
64 66
65 66
