0 146
0 147
0 73
0 79
0 90
0 105
1 147
1 148
1 20
1 39
1 72
1 77
1 89
1 103
1 106
2 58
2 133
2 148
2 105
2 106
2 107
3 51
3 52
3 50
3 112
4 52
4 53
4 51
4 82
5 53
5 58
5 83
6 117
6 118
6 83
6 84
6 91
7 118
7 119
7 83
7 91
8 58
8 104
8 119
8 84
8 85
8 112
9 149
9 150
9 85
9 86
10 149
10 151
10 152
10 155
10 86
10 88
11 151
11 153
11 87
11 88
12 152
12 154
12 87
12 89
13 153
13 155
13 85
13 90
14 154
14 155
14 52
14 113
15 133
15 155
15 82
15 91
16 137
16 140
16 50
16 52
16 114
16 117
16 118
16 121
17 140
17 142
17 52
17 117
18 142
18 50
18 114
18 122
19 142
19 144
19 145
19 50
19 118
19 122
20 143
20 115
21 130
21 132
21 119
22 131
22 132
22 51
22 116
23 132
23 134
23 51
23 120
24 133
24 134
24 118
24 121
24 123
24 126
24 127
24 130
25 136
25 137
25 121
25 126
26 143
26 144
26 118
26 123
26 131
27 141
27 145
27 118
27 127
27 131
28 120
28 121
28 119
28 124
29 120
29 122
29 123
29 126
29 119
29 128
30 122
30 124
30 120
30 125
31 123
31 125
31 120
31 129
32 124
32 126
32 127
32 135
33 125
33 126
33 61
33 129
34 104
34 126
34 130
34 136
35 108
35 111
35 62
35 128
36 111
36 113
36 62
36 63
37 113
37 63
37 64
37 127
37 128
37 130
38 113
38 115
38 116
38 64
38 65
39 114
39 65
39 66
40 101
40 103
40 66
40 67
41 102
41 103
41 67
41 68
42 103
42 105
42 69
43 104
43 105
43 69
43 70
44 107
44 108
44 70
44 71
45 114
45 115
45 68
45 71
45 72
46 112
46 116
46 64
46 73
47 54
47 110
47 119
47 135
47 137
48 117
48 119
48 138
49 54
49 55
49 100
49 119
49 139
49 141
50 136
50 140
51 138
53 60
53 101
53 102
53 109
53 116
53 137
53 138
53 140
54 62
54 106
54 132
54 134
54 137
54 140
55 65
55 98
55 101
55 112
56 66
56 99
56 102
56 112
56 133
57 59
57 75
57 138
57 139
58 61
58 135
59 63
59 75
59 127
59 142
60 64
60 75
60 128
61 144
63 145
64 146
67 92
68 93
68 143
69 94
69 143
70 95
71 94
71 96
72 94
72 97
73 95
73 98
74 90
74 92
74 95
74 99
75 90
75 91
75 96
75 97
75 100
75 143
76 92
76 93
76 98
76 99
76 100
77 93
77 101
77 143
78 94
78 95
78 100
78 101
78 102
79 95
79 103
79 104
80 81
80 83
80 96
80 102
80 104
81 83
81 97
81 145
81 150
82 151
83 145
83 155
84 142
84 146
84 152
85 142
85 147
85 152
86 143
86 148
87 143
87 153
88 144
88 149
89 144
89 154
90 142
91 146
94 142
94 145
96 145
98 110
99 111
100 113
106 109
108 109
108 130
108 131
108 138
108 145
109 135
110 127
110 130
110 141
110 112
111 128
111 131
111 141
112 126
113 126
123 139
123 155
124 152
124 155
125 136
125 150
126 129
126 155
129 134
132 139
132 148
133 136
134 148
