0 95
0 265
0 28
0 29
0 77
0 78
1 23
1 266
1 28
1 30
1 77
1 79
2 216
2 267
2 28
2 31
2 77
2 80
3 47
3 48
3 49
3 50
3 51
3 52
3 53
3 54
3 55
3 56
3 57
3 58
3 59
3 60
3 61
3 62
3 63
3 64
3 65
3 66
3 67
3 68
3 69
3 70
3 341
3 342
3 343
3 344
3 345
3 346
3 347
3 348
3 349
3 350
3 351
3 352
3 353
3 354
3 355
3 356
3 357
3 358
3 359
3 360
3 361
3 362
3 363
3 364
3 366
3 28
3 32
3 77
3 81
4 24
4 47
4 318
4 341
4 367
4 28
4 33
4 77
4 82
5 25
5 48
5 319
5 342
5 367
5 28
5 34
5 77
5 83
6 26
6 49
6 320
6 343
6 367
6 28
6 35
6 77
6 84
7 27
7 50
7 321
7 344
7 367
7 28
7 36
7 77
7 85
8 28
8 51
8 322
8 345
8 367
8 37
8 77
8 86
9 29
9 52
9 323
9 346
9 367
9 28
9 38
9 77
9 87
10 30
10 53
10 324
10 347
10 367
10 28
10 39
10 77
10 88
11 31
11 54
11 325
11 348
11 367
11 28
11 40
11 77
11 89
12 32
12 55
12 326
12 349
12 367
12 28
12 41
12 77
12 90
13 33
13 56
13 327
13 350
13 367
13 28
13 42
13 77
13 91
14 34
14 57
14 328
14 351
14 367
14 28
14 43
14 77
14 92
15 35
15 58
15 329
15 352
15 367
15 28
15 44
15 77
15 93
16 36
16 59
16 330
16 353
16 367
16 28
16 45
16 77
16 94
17 37
17 60
17 331
17 354
17 367
17 19
17 20
17 28
17 46
17 77
17 95
18 38
18 61
18 332
18 355
18 367
18 28
18 47
18 77
18 96
19 39
19 62
19 333
19 356
19 367
19 28
19 48
19 77
19 97
20 40
20 63
20 334
20 357
20 367
20 28
20 49
20 77
20 98
21 41
21 64
21 335
21 358
21 367
21 28
21 50
21 77
21 99
22 42
22 65
22 336
22 359
22 367
22 28
22 51
22 77
22 100
23 43
23 66
23 337
23 360
23 367
23 28
23 52
23 77
23 101
24 44
24 67
24 338
24 361
24 367
24 153
24 177
25 45
25 68
25 339
25 362
25 367
25 154
25 177
26 46
26 69
26 340
26 363
26 367
26 155
26 177
27 70
27 364
27 367
27 156
27 177
28 119
28 120
28 121
28 122
28 123
28 124
28 125
28 126
28 127
28 128
28 129
28 130
28 131
28 132
28 133
28 134
28 135
28 136
28 137
28 138
28 139
28 140
28 141
28 142
28 157
28 177
29 96
29 119
29 143
29 370
29 158
29 177
30 97
30 120
30 143
30 370
30 159
30 177
31 98
31 121
31 143
31 370
31 160
31 177
32 99
32 122
32 143
32 370
32 161
32 177
33 100
33 123
33 143
33 370
33 162
33 177
34 101
34 124
34 143
34 370
34 36
34 163
34 177
35 102
35 125
35 143
35 370
35 164
35 177
36 103
36 126
36 143
36 370
36 165
36 177
37 104
37 127
37 143
37 370
37 166
37 177
38 105
38 128
38 143
38 370
38 167
38 177
39 106
39 129
39 143
39 370
39 168
39 177
40 107
40 130
40 143
40 370
40 169
40 177
41 108
41 131
41 143
41 370
41 170
41 177
42 109
42 132
42 143
42 370
42 171
42 177
43 110
43 133
43 143
43 370
43 172
43 177
44 111
44 134
44 143
44 370
44 173
44 177
45 112
45 135
45 143
45 370
45 174
45 177
46 113
46 136
46 143
46 370
46 175
46 177
47 114
47 137
47 143
47 370
47 102
47 103
47 152
47 153
48 115
48 138
48 143
48 370
48 102
48 104
48 152
48 154
49 116
49 139
49 143
49 370
49 102
49 105
49 152
49 155
50 117
50 140
50 143
50 370
50 102
50 106
50 152
50 156
51 118
51 141
51 143
51 370
51 102
51 107
51 152
51 157
52 142
52 143
52 370
52 102
52 108
52 152
52 158
53 119
53 217
53 376
53 102
53 109
53 152
53 159
54 120
54 218
54 376
54 102
54 110
54 152
54 160
55 121
55 219
55 376
55 102
55 111
55 152
55 161
56 122
56 220
56 376
56 102
56 112
56 152
56 162
57 123
57 221
57 376
57 102
57 113
57 152
57 163
58 124
58 222
58 376
58 102
58 114
58 152
58 164
59 125
59 223
59 376
59 102
59 115
59 152
59 165
60 126
60 224
60 376
60 102
60 116
60 152
60 166
61 127
61 225
61 376
61 102
61 117
61 152
61 167
62 128
62 226
62 376
62 102
62 118
62 152
62 168
63 129
63 227
63 376
63 102
63 119
63 152
63 169
64 130
64 228
64 376
64 102
64 120
64 152
64 170
65 131
65 229
65 376
65 102
65 121
65 152
65 171
66 132
66 230
66 376
66 102
66 122
66 152
66 172
67 133
67 231
67 376
67 102
67 123
67 152
67 173
68 134
68 232
68 376
68 102
68 124
68 152
68 174
69 135
69 233
69 376
69 102
69 125
69 152
69 175
70 136
70 234
70 376
70 102
70 126
70 152
70 176
71 137
71 235
71 376
71 153
71 154
71 155
71 156
71 157
71 158
71 159
71 160
71 161
71 162
71 163
71 164
71 165
71 166
71 167
71 168
71 169
71 170
71 171
71 172
71 173
71 174
71 175
71 176
71 177
72 138
72 236
72 376
72 127
72 128
72 178
72 179
73 139
73 237
73 376
73 127
73 129
73 178
73 180
74 140
74 238
74 376
74 127
74 130
74 178
74 181
75 141
75 239
75 376
75 127
75 131
75 178
75 182
76 142
76 376
76 127
76 132
76 178
76 183
77 292
77 293
77 294
77 295
77 296
77 297
77 298
77 299
77 300
77 301
77 302
77 303
77 304
77 305
77 306
77 307
77 308
77 309
77 310
77 311
77 312
77 313
77 314
77 315
77 127
77 133
77 178
77 184
78 268
78 292
78 127
78 134
78 178
78 185
79 268
79 293
79 127
79 135
79 178
79 186
80 268
80 294
80 127
80 136
80 178
80 187
81 268
81 295
81 127
81 137
81 178
81 188
82 268
82 296
82 127
82 138
82 178
82 189
83 268
83 297
83 127
83 139
83 178
83 190
84 268
84 298
84 127
84 140
84 178
84 191
85 268
85 299
85 127
85 141
85 178
85 192
86 268
86 300
86 127
86 142
86 178
86 193
87 268
87 301
87 127
87 143
87 178
87 194
88 268
88 302
88 127
88 144
88 178
88 195
89 268
89 303
89 127
89 145
89 178
89 196
90 268
90 304
90 127
90 146
90 178
90 197
91 268
91 305
91 127
91 147
91 178
91 198
92 268
92 306
92 127
92 148
92 178
92 199
93 268
93 307
93 127
93 149
93 178
93 200
94 268
94 308
94 127
94 150
94 178
94 201
95 268
95 309
95 127
95 151
95 178
95 202
96 268
96 310
96 179
96 204
96 228
97 268
97 311
97 180
97 205
97 228
98 268
98 312
98 181
98 206
98 228
99 268
99 313
99 182
99 207
99 228
100 268
100 314
100 183
100 208
100 228
101 268
101 315
101 184
101 209
101 228
102 341
102 342
102 343
102 344
102 345
102 346
102 347
102 348
102 349
102 350
102 351
102 352
102 353
102 354
102 355
102 356
102 357
102 358
102 359
102 360
102 361
102 362
102 363
102 364
102 185
102 210
102 228
103 318
103 341
103 365
103 379
103 186
103 211
103 228
104 319
104 342
104 365
104 379
104 187
104 212
104 228
105 320
105 343
105 365
105 379
105 188
105 213
105 228
106 321
106 344
106 365
106 379
106 189
106 214
106 228
107 322
107 345
107 365
107 379
107 190
107 215
107 228
108 323
108 346
108 365
108 379
108 191
108 216
108 228
109 324
109 347
109 365
109 379
109 192
109 217
109 228
110 325
110 348
110 365
110 379
110 193
110 218
110 228
111 326
111 349
111 365
111 379
111 194
111 219
111 228
112 327
112 350
112 365
112 379
112 195
112 220
112 228
113 328
113 351
113 365
113 379
113 196
113 221
113 228
114 329
114 352
114 365
114 379
114 197
114 222
114 228
115 330
115 353
115 365
115 379
115 198
115 223
115 228
116 331
116 354
116 365
116 379
116 199
116 224
116 228
117 332
117 355
117 365
117 379
117 200
117 225
117 228
118 333
118 356
118 365
118 379
118 201
118 226
118 228
119 334
119 357
119 365
119 379
119 178
119 179
119 203
119 204
120 335
120 358
120 365
120 379
120 178
120 180
120 203
120 205
121 336
121 359
121 365
121 379
121 178
121 181
121 203
121 206
122 337
122 360
122 365
122 379
122 178
122 182
122 203
122 207
123 338
123 361
123 365
123 379
123 178
123 183
123 203
123 208
124 339
124 362
124 365
124 379
124 178
124 184
124 203
124 209
125 340
125 363
125 365
125 379
125 178
125 185
125 203
125 210
126 364
126 365
126 379
126 178
126 186
126 203
126 211
127 292
127 293
127 294
127 295
127 296
127 297
127 298
127 299
127 300
127 301
127 302
127 303
127 304
127 305
127 306
127 307
127 308
127 309
127 310
127 311
127 312
127 313
127 314
127 315
127 317
127 178
127 187
127 203
127 212
128 269
128 292
128 378
128 178
128 188
128 203
128 213
129 270
129 293
129 378
129 178
129 189
129 203
129 214
130 271
130 294
130 378
130 178
130 190
130 203
130 215
131 272
131 295
131 378
131 178
131 191
131 203
131 216
132 273
132 296
132 378
132 178
132 192
132 203
132 217
133 274
133 297
133 378
133 178
133 193
133 203
133 218
134 275
134 298
134 378
134 178
134 194
134 203
134 219
135 276
135 299
135 378
135 178
135 195
135 203
135 220
136 277
136 300
136 378
136 178
136 196
136 203
136 221
137 278
137 301
137 378
137 178
137 197
137 203
137 222
138 279
138 302
138 378
138 178
138 198
138 203
138 223
139 280
139 303
139 378
139 178
139 199
139 203
139 224
140 281
140 304
140 378
140 178
140 200
140 203
140 225
141 282
141 305
141 378
141 178
141 201
141 203
141 226
142 283
142 306
142 378
142 178
142 202
142 203
142 227
143 284
143 307
143 378
143 228
144 285
144 308
144 378
144 178
144 203
145 286
145 309
145 378
145 229
145 254
145 278
146 287
146 310
146 378
146 230
146 255
146 278
147 288
147 311
147 378
147 231
147 256
147 278
148 289
148 312
148 378
148 232
148 257
148 278
149 290
149 313
149 378
149 233
149 258
149 278
150 291
150 314
150 378
150 234
150 259
150 278
151 315
151 378
151 235
151 260
151 278
152 236
152 261
152 278
153 368
153 237
153 262
153 278
154 368
154 238
154 263
154 278
155 368
155 239
155 264
155 278
156 368
156 240
156 265
156 278
157 368
157 241
157 266
157 278
158 368
158 242
158 267
158 278
159 368
159 243
159 268
159 278
160 368
160 244
160 269
160 278
161 368
161 245
161 270
161 278
162 368
162 246
162 271
162 278
163 368
163 247
163 272
163 278
164 368
164 248
164 273
164 278
165 368
165 249
165 274
165 278
166 368
166 250
166 275
166 278
167 368
167 251
167 276
167 278
168 368
168 203
168 204
168 229
168 253
168 254
169 368
169 203
169 205
169 230
169 253
169 255
170 368
170 203
170 206
170 231
170 253
170 256
171 368
171 203
171 207
171 232
171 253
171 257
172 368
172 203
172 208
172 233
172 253
172 258
173 368
173 203
173 209
173 234
173 253
173 259
174 368
174 203
174 210
174 235
174 253
174 260
175 368
175 203
175 211
175 236
175 253
175 261
176 368
176 203
176 212
176 237
176 253
176 262
177 203
177 213
177 238
177 253
177 263
178 203
178 214
178 239
178 253
178 264
179 369
179 203
179 215
179 240
179 253
179 265
180 369
180 203
180 216
180 241
180 253
180 266
181 369
181 217
181 242
181 253
181 267
182 369
182 203
182 243
182 253
182 268
183 369
183 203
183 219
183 244
183 253
183 269
184 369
184 203
184 220
184 245
184 253
184 270
185 369
185 203
185 221
185 246
185 253
185 271
186 369
186 203
186 222
186 247
186 253
186 272
187 369
187 203
187 223
187 248
187 253
187 273
188 369
188 203
188 224
188 249
188 253
188 274
189 369
189 203
189 225
189 250
189 253
189 275
190 369
190 203
190 226
190 251
190 253
190 276
191 369
191 203
191 227
191 252
191 253
191 277
192 369
192 254
192 255
192 256
192 257
192 258
192 259
192 260
192 261
192 262
192 263
192 264
192 265
192 266
192 267
192 268
192 269
192 270
192 271
192 272
192 273
192 274
192 275
192 276
192 277
192 278
193 369
193 253
193 254
193 279
193 280
194 369
194 253
194 255
194 279
194 281
195 369
195 253
195 256
195 279
195 282
196 369
196 253
196 257
196 279
196 283
197 369
197 253
197 258
197 279
197 284
198 369
198 253
198 259
198 279
198 285
199 369
199 253
199 260
199 279
199 286
200 369
200 253
200 261
200 279
200 287
201 369
201 253
201 262
201 279
201 288
202 369
202 253
202 263
202 279
202 289
203 253
203 264
203 279
203 290
204 371
204 253
204 265
204 279
204 291
205 371
205 253
205 266
205 279
205 292
206 371
206 253
206 267
206 279
206 293
207 371
207 253
207 268
207 279
207 294
208 371
208 253
208 269
208 279
208 295
209 371
209 253
209 270
209 279
209 296
210 371
210 253
210 271
210 279
210 297
211 371
211 253
211 272
211 279
211 298
212 371
212 253
212 273
212 279
212 299
213 371
213 253
213 274
213 279
213 300
214 371
214 253
214 275
214 279
214 301
215 371
215 253
215 276
215 279
215 302
216 371
216 253
216 277
216 279
216 303
217 371
217 279
217 280
217 304
218 371
218 279
218 281
218 305
219 371
219 279
219 282
219 306
220 371
220 279
220 283
220 307
221 371
221 279
221 284
221 308
222 371
222 279
222 285
222 309
223 371
223 279
223 286
223 310
224 371
224 279
224 287
224 311
225 371
225 279
225 288
225 312
226 371
226 279
226 289
226 313
227 371
227 279
227 290
227 314
228 279
228 291
228 315
229 372
229 279
229 292
229 316
230 372
230 279
230 293
230 317
231 372
231 279
231 294
231 318
232 372
232 279
232 295
232 319
233 372
233 279
233 296
233 320
234 372
234 279
234 297
234 321
235 372
235 279
235 298
235 322
236 372
236 279
236 299
236 323
237 372
237 279
237 300
237 324
238 372
238 279
238 301
238 325
239 372
239 279
239 302
239 326
240 372
240 280
240 304
241 372
241 281
241 305
242 372
242 282
242 306
243 372
243 283
243 307
244 372
244 284
244 308
245 372
245 285
245 309
246 372
246 286
246 310
247 372
247 287
247 311
248 372
248 288
248 312
249 372
249 289
249 313
250 372
250 290
250 314
251 372
251 291
251 315
252 372
252 292
252 316
253 293
253 317
254 373
254 294
254 318
255 373
255 295
255 319
256 373
256 296
256 320
257 373
257 297
257 321
258 373
258 298
258 322
259 373
259 299
259 323
260 373
260 300
260 324
261 373
261 301
261 325
262 373
262 302
262 326
263 373
263 279
263 328
264 373
264 279
264 328
265 373
266 373
267 373
268 373
269 373
269 330
269 355
269 379
270 373
270 331
270 356
270 379
271 373
271 332
271 357
271 379
272 373
272 333
272 358
272 379
273 373
273 334
273 359
273 379
274 373
274 335
274 360
274 379
275 373
275 336
275 361
275 379
276 373
276 337
276 362
276 379
277 373
277 338
277 363
277 379
278 339
278 364
278 379
279 340
279 365
279 379
280 374
280 341
280 366
280 379
281 374
281 342
281 367
281 379
282 374
282 343
282 368
282 379
283 374
283 344
283 369
283 379
284 374
284 345
284 370
284 379
285 374
285 346
285 371
285 379
286 374
286 347
286 372
286 379
287 374
287 348
287 373
287 379
288 374
288 349
288 379
289 374
289 350
289 375
289 379
290 374
290 351
290 376
290 379
291 374
291 352
291 377
291 379
292 374
292 329
292 330
292 354
292 355
293 374
293 329
293 331
293 354
293 356
294 374
294 329
294 332
294 354
294 357
295 374
295 329
295 333
295 354
295 358
296 374
296 329
296 334
296 354
296 359
297 374
297 329
297 335
297 354
297 360
298 374
298 329
298 336
298 354
298 361
299 374
299 329
299 337
299 354
299 362
300 374
300 329
300 338
300 354
300 363
301 374
301 329
301 339
301 354
301 364
302 374
302 329
302 340
302 354
302 365
303 374
303 329
303 341
303 354
303 366
304 375
304 329
304 342
304 354
304 367
305 375
305 329
305 343
305 354
305 368
306 375
306 329
306 344
306 354
306 369
307 375
307 329
307 345
307 354
307 370
308 375
308 329
308 346
308 354
308 371
309 375
309 329
309 347
309 354
309 372
310 375
310 329
310 348
310 354
310 373
311 375
311 329
311 349
311 354
311 374
312 375
312 329
312 350
312 354
313 375
313 329
313 351
313 354
313 376
314 375
314 329
314 352
314 354
314 377
315 375
315 329
315 353
315 354
315 378
316 375
316 330
316 331
316 332
316 333
316 334
316 335
316 336
316 337
316 338
316 339
316 340
316 341
316 342
316 343
316 344
316 345
316 346
316 347
316 348
316 349
316 350
316 351
316 352
316 353
316 379
317 375
317 354
318 375
318 355
318 380
319 375
319 356
319 380
320 375
320 357
320 380
321 375
321 358
321 380
322 375
322 359
322 380
323 375
323 360
323 380
324 375
324 361
324 380
325 375
325 362
325 380
326 375
326 363
326 380
327 375
327 364
327 380
328 365
328 380
329 341
329 342
329 343
329 344
329 345
329 346
329 347
329 348
329 349
329 350
329 351
329 352
329 353
329 354
329 355
329 356
329 357
329 358
329 359
329 360
329 361
329 362
329 363
329 364
329 366
329 380
330 341
330 377
330 367
330 380
331 342
331 377
331 368
331 380
332 343
332 377
332 369
332 380
333 344
333 377
333 370
333 380
334 345
334 377
334 371
334 380
335 346
335 377
335 372
335 380
336 347
336 377
336 373
336 380
337 348
337 377
337 374
337 380
338 349
338 377
338 375
338 380
339 350
339 377
339 376
339 380
340 351
340 377
340 380
341 352
341 377
341 354
341 355
342 353
342 377
342 354
342 356
343 354
343 377
343 357
344 355
344 377
344 354
344 358
345 356
345 377
345 354
345 359
346 357
346 377
346 354
346 360
347 358
347 377
347 354
347 361
348 359
348 377
348 354
348 362
349 360
349 377
349 354
349 363
350 361
350 377
350 354
350 364
351 362
351 377
351 354
351 365
352 363
352 377
352 354
352 366
353 364
353 377
353 354
353 367
354 354
354 355
354 356
354 357
354 358
354 359
354 360
354 361
354 362
354 363
354 364
354 366
354 368
355 380
355 369
356 380
357 380
357 371
358 380
358 372
359 380
359 373
360 380
360 374
361 380
361 375
362 380
362 376
363 380
363 377
364 380
364 378
365 380
366 380
367 380
368 380
369 380
370 380
371 380
372 380
373 380
374 380
375 380
376 380
377 380
378 380
