0 0
0 1
0 7
0 8
0 9
0 10
1 1
1 2
1 8
1 9
1 10
1 11
1 12
1 13
2 2
2 3
2 11
2 12
2 13
2 14
2 15
2 16
3 3
3 4
3 14
3 15
3 16
3 17
3 18
3 19
4 4
4 5
4 17
4 18
4 19
4 20
4 21
4 22
5 5
5 6
5 20
5 21
5 22
5 23
5 24
5 25
6 6
6 23
6 24
6 25
6 26
6 27
7 7
7 8
7 9
7 10
7 28
8 8
8 9
8 10
8 11
8 12
8 13
8 28
8 29
8 30
8 31
9 9
9 10
9 11
9 12
9 13
9 28
9 29
9 30
9 31
10 10
10 11
10 12
10 13
10 28
10 29
10 30
10 31
11 11
11 12
11 13
11 14
11 15
11 16
11 29
11 30
11 31
11 32
11 33
11 34
12 12
12 13
12 14
12 15
12 16
12 29
12 30
12 31
12 32
12 33
12 34
13 13
13 14
13 15
13 16
13 29
13 30
13 31
13 32
13 33
13 34
14 14
14 15
14 16
14 17
14 18
14 19
14 32
14 33
14 34
14 35
14 36
14 37
15 15
15 16
15 17
15 18
15 19
15 32
15 33
15 34
15 35
15 36
15 37
16 16
16 17
16 18
16 19
16 32
16 33
16 34
16 35
16 36
16 37
17 17
17 18
17 19
17 20
17 21
17 22
17 35
17 36
17 37
17 38
17 39
17 40
18 18
18 19
18 20
18 21
18 22
18 35
18 36
18 37
18 38
18 39
18 40
19 19
19 20
19 21
19 22
19 35
19 36
19 37
19 38
19 39
19 40
20 20
20 21
20 22
20 23
20 24
20 25
20 38
20 39
20 40
20 41
20 42
20 43
21 21
21 22
21 23
21 24
21 25
21 38
21 39
21 40
21 41
21 42
21 43
22 22
22 23
22 24
22 25
22 38
22 39
22 40
22 41
22 42
22 43
23 23
23 24
23 25
23 26
23 27
23 41
23 42
23 43
23 44
23 45
23 46
24 24
24 25
24 26
24 27
24 41
24 42
24 43
24 44
24 45
24 46
25 25
25 26
25 27
25 41
25 42
25 43
25 44
25 45
25 46
26 26
26 27
26 44
26 45
26 46
26 47
26 48
27 27
27 44
27 45
27 46
27 47
27 48
28 28
28 29
28 30
28 31
28 49
29 29
29 30
29 31
29 32
29 33
29 34
29 49
29 50
29 51
29 52
30 30
30 31
30 32
30 33
30 34
30 49
30 50
30 51
30 52
31 31
31 32
31 33
31 34
31 49
31 50
31 51
31 52
32 32
32 33
32 34
32 35
32 36
32 37
32 50
32 51
32 52
32 53
32 54
32 55
33 33
33 34
33 35
33 36
33 37
33 50
33 51
33 52
33 53
33 54
33 55
34 34
34 35
34 36
34 37
34 50
34 51
34 52
34 53
34 54
34 55
35 35
35 36
35 37
35 38
35 40
35 53
35 54
35 55
35 56
35 57
35 58
36 36
36 37
36 38
36 39
36 40
36 53
36 54
36 55
36 56
36 57
36 58
37 37
37 38
37 39
37 40
37 53
37 54
37 55
37 56
37 57
37 58
38 38
38 39
38 40
38 41
38 42
38 43
38 56
38 57
38 58
38 59
38 60
38 61
39 39
39 40
39 41
39 42
39 43
39 56
39 57
39 58
39 59
39 60
39 61
40 40
40 41
40 42
40 43
40 56
40 57
40 58
40 59
40 60
40 61
41 41
41 42
41 43
41 44
41 45
41 46
41 59
41 60
41 61
41 62
41 63
41 64
42 42
42 43
42 44
42 45
42 46
42 59
42 60
42 61
42 62
42 63
42 64
43 43
43 44
43 45
43 46
43 59
43 60
43 61
43 62
43 63
43 64
44 44
44 45
44 46
44 47
44 48
44 62
44 63
44 64
44 65
44 66
44 67
45 45
45 46
45 47
45 48
45 62
45 63
45 64
45 65
45 66
45 67
46 46
46 47
46 48
46 62
46 63
46 64
46 65
46 66
46 67
47 47
47 48
47 65
47 66
47 67
47 68
47 69
48 48
48 65
48 66
48 67
48 68
48 69
49 49
49 50
49 51
49 52
49 70
50 50
50 51
50 52
50 53
50 54
50 55
50 70
50 71
50 72
50 73
51 51
51 52
51 53
51 54
51 55
51 70
51 71
51 72
51 73
52 52
52 53
52 54
52 55
52 70
52 71
52 72
52 73
53 53
53 54
53 55
53 56
53 57
53 58
53 71
53 72
53 73
53 74
53 75
53 76
54 54
54 55
54 56
54 57
54 58
54 71
54 72
54 73
54 74
54 75
54 76
55 55
55 56
55 57
55 58
55 71
55 72
55 73
55 74
55 75
55 76
56 56
56 57
56 58
56 59
56 60
56 61
56 74
56 75
56 76
56 77
56 78
56 79
57 57
57 58
57 59
57 60
57 61
57 74
57 75
57 76
57 77
57 78
57 79
58 58
58 59
58 60
58 61
58 74
58 75
58 76
58 77
58 78
58 79
59 59
59 60
59 61
59 62
59 63
59 64
59 77
59 78
59 79
59 80
59 81
59 82
60 60
60 61
60 62
60 63
60 64
60 77
60 78
60 79
60 80
60 81
60 82
61 61
61 62
61 63
61 64
61 77
61 78
61 79
61 80
61 81
61 82
62 62
62 63
62 64
62 65
62 66
62 67
62 80
62 81
62 82
62 83
62 84
62 85
63 63
63 64
63 65
63 66
63 67
63 80
63 81
63 82
63 83
63 84
63 85
64 64
64 65
64 66
64 67
64 80
64 81
64 82
64 83
64 84
64 85
65 65
65 66
65 67
65 68
65 69
65 83
65 84
65 85
65 86
65 87
65 88
66 66
66 67
66 68
66 69
66 83
66 84
66 85
66 86
66 87
66 88
67 67
67 68
67 69
67 83
67 84
67 85
67 86
67 87
67 88
68 68
68 69
68 86
68 87
68 88
68 89
68 90
69 69
69 86
69 87
69 88
69 89
69 90
70 70
70 71
70 72
70 73
70 91
71 71
71 72
71 73
71 74
71 75
71 76
71 91
71 92
71 93
71 94
72 72
72 73
72 74
72 75
72 76
72 91
72 92
72 93
72 94
73 73
73 74
73 75
73 76
73 91
73 92
73 93
73 94
74 74
74 75
74 76
74 77
74 78
74 79
74 92
74 93
74 94
74 95
74 96
74 97
75 75
75 76
75 77
75 78
75 79
75 92
75 93
75 94
75 95
75 96
75 97
76 76
76 77
76 78
76 79
76 92
76 93
76 94
76 95
76 96
76 97
77 77
77 78
77 79
77 80
77 81
77 82
77 95
77 96
77 97
77 98
77 99
77 100
78 78
78 79
78 80
78 81
78 82
78 95
78 96
78 97
78 98
78 99
78 100
79 79
79 80
79 81
79 82
79 95
79 96
79 97
79 98
79 99
79 100
80 80
80 81
80 82
80 83
80 84
80 85
80 98
80 99
80 100
80 101
80 102
80 103
81 81
81 82
81 83
81 84
81 85
81 98
81 99
81 100
81 101
81 102
81 103
82 82
82 83
82 84
82 85
82 98
82 99
82 100
82 101
82 102
82 103
83 83
83 84
83 85
83 86
83 87
83 88
83 101
83 102
83 103
83 104
83 105
83 106
84 84
84 85
84 86
84 87
84 88
84 101
84 102
84 103
84 104
84 105
84 106
85 85
85 86
85 87
85 88
85 101
85 102
85 103
85 104
85 105
85 106
86 86
86 87
86 88
86 89
86 90
86 104
86 105
86 106
86 107
86 108
86 109
87 87
87 88
87 89
87 90
87 104
87 105
87 106
87 107
87 108
87 109
88 88
88 89
88 90
88 104
88 105
88 106
88 107
88 108
88 109
89 89
89 90
89 107
89 108
89 109
89 110
89 111
90 90
90 107
90 108
90 109
90 110
90 111
91 91
91 92
91 93
91 94
91 112
92 92
92 93
92 94
92 95
92 96
92 97
92 112
92 113
92 114
92 115
93 93
93 94
93 95
93 96
93 97
93 112
93 113
93 114
93 115
94 94
94 95
94 96
94 97
94 112
94 113
94 114
94 115
95 95
95 96
95 97
95 98
95 99
95 100
95 113
95 114
95 115
95 116
95 117
95 118
96 96
96 97
96 98
96 99
96 100
96 113
96 114
96 115
96 116
96 117
96 118
97 97
97 98
97 99
97 100
97 113
97 114
97 115
97 116
97 117
97 118
98 98
98 99
98 100
98 101
98 102
98 103
98 116
98 117
98 118
98 119
98 120
98 121
99 99
99 100
99 101
99 102
99 103
99 116
99 117
99 118
99 119
99 120
99 121
100 100
100 101
100 102
100 103
100 116
100 117
100 118
100 119
100 120
100 121
101 101
101 102
101 103
101 104
101 105
101 106
101 119
101 120
101 121
101 122
101 123
101 124
102 102
102 103
102 104
102 105
102 106
102 119
102 120
102 121
102 122
102 123
102 124
103 103
103 104
103 105
103 106
103 119
103 120
103 121
103 122
103 123
103 124
104 104
104 105
104 106
104 107
104 108
104 109
104 122
104 123
104 124
104 125
104 126
104 127
105 105
105 106
105 107
105 108
105 109
105 122
105 123
105 124
105 125
105 126
105 127
106 106
106 107
106 108
106 109
106 122
106 123
106 124
106 125
106 126
106 127
107 107
107 108
107 109
107 110
107 111
107 125
107 126
107 127
107 128
107 129
107 130
108 108
108 109
108 110
108 111
108 125
108 126
108 127
108 128
108 129
108 130
109 109
109 110
109 111
109 125
109 126
109 127
109 128
109 129
109 130
110 110
110 111
110 128
110 129
110 130
110 131
110 132
111 111
111 128
111 129
111 130
111 131
111 132
112 112
112 113
112 114
112 115
112 133
113 113
113 114
113 115
113 116
113 118
113 133
113 134
113 135
114 114
114 115
114 117
114 118
114 133
114 134
114 135
115 115
115 116
115 117
115 118
115 133
115 134
115 135
116 116
116 117
116 118
116 119
116 120
116 121
116 134
116 135
116 136
116 137
117 117
117 118
117 119
117 120
117 121
117 134
117 135
117 136
117 137
118 118
118 119
118 120
118 121
118 134
118 135
118 136
118 137
119 119
119 120
119 121
119 122
119 124
119 136
119 137
119 138
119 139
120 120
120 121
120 123
120 124
120 136
120 137
120 138
120 139
121 121
121 122
121 123
121 124
121 136
121 137
121 138
121 139
122 122
122 123
122 124
122 125
122 126
122 127
122 138
122 139
122 140
122 141
123 123
123 124
123 125
123 126
123 127
123 138
123 139
123 140
123 141
124 124
124 125
124 126
124 127
124 138
124 139
124 140
124 141
125 125
125 126
125 127
125 128
125 129
125 130
125 140
125 141
125 142
125 143
126 126
126 127
126 128
126 129
126 130
126 140
126 141
126 142
126 143
127 127
127 128
127 129
127 130
127 140
127 141
127 142
127 143
128 128
128 129
128 130
128 131
128 142
128 143
128 144
128 145
129 129
129 130
129 132
129 142
129 143
129 144
129 145
130 130
130 131
130 132
130 142
130 143
130 144
130 145
131 131
131 132
131 144
131 145
131 146
132 132
132 144
132 145
132 146
133 133
133 134
133 135
134 134
134 135
134 136
134 137
135 135
135 136
135 137
136 136
136 137
136 138
136 139
137 137
137 138
137 139
138 138
138 139
138 140
138 141
139 139
139 140
139 141
140 140
140 141
140 142
140 143
141 141
141 142
141 143
142 142
142 143
142 144
142 145
143 143
143 144
143 145
144 144
144 145
144 146
145 145
145 146
146 146
