0 0
0 3
1 1
1 4
1 5
2 2
2 4
2 5
3 3
3 6
4 4
4 7
4 8
5 5
5 7
5 8
6 6
6 9
7 7
7 10
7 11
8 8
8 10
8 11
9 9
9 12
10 10
10 13
10 14
11 11
11 13
11 14
12 12
12 15
13 13
13 16
13 17
14 14
14 16
14 17
15 15
15 18
16 16
16 19
16 20
17 17
17 19
17 20
18 18
18 21
19 19
19 22
19 23
20 20
20 22
20 23
21 21
21 24
22 22
22 25
22 26
23 23
23 25
23 26
24 24
24 27
25 25
25 28
25 29
26 26
26 28
26 29
27 27
27 30
28 28
28 31
28 32
29 29
29 31
29 32
30 30
30 33
31 31
31 34
31 35
32 32
32 34
32 35
33 33
33 36
34 34
34 37
34 38
35 35
35 37
35 38
36 36
36 39
37 37
37 40
37 41
38 38
38 40
38 41
39 39
39 42
40 40
40 43
40 44
41 41
41 43
41 44
42 42
42 45
43 43
43 46
43 47
44 44
44 46
44 47
45 45
45 48
46 46
46 49
46 50
47 47
47 49
47 50
48 48
48 51
49 49
49 52
49 53
50 50
50 52
50 53
51 51
51 54
52 52
52 55
52 56
53 53
53 55
53 56
54 54
54 57
55 55
55 58
55 59
56 56
56 58
56 59
57 57
57 60
58 58
58 61
58 62
59 59
59 61
59 62
60 60
60 63
61 61
61 64
61 65
62 62
62 64
62 65
63 63
63 66
64 64
64 67
64 68
65 65
65 67
65 68
66 66
66 69
67 67
67 70
67 71
68 68
68 70
68 71
69 69
69 72
70 70
70 73
70 74
71 71
71 73
71 74
72 72
72 75
73 73
73 76
73 77
74 74
74 76
74 77
75 75
75 78
76 76
76 79
76 80
77 77
77 79
77 80
78 78
78 81
79 79
79 82
79 83
80 80
80 82
80 83
81 81
81 84
82 82
82 85
82 86
83 83
83 85
83 86
84 84
84 87
85 85
85 88
85 89
86 86
86 88
86 89
87 87
87 90
88 88
88 91
88 92
89 89
89 91
89 92
90 90
90 93
91 91
91 94
91 95
92 92
92 94
92 95
93 93
93 96
94 94
94 97
94 98
95 95
95 97
95 98
96 96
96 99
97 97
97 100
97 101
98 98
98 100
98 101
99 99
99 102
100 100
100 103
100 104
101 101
101 103
101 104
102 102
102 105
103 103
103 106
103 107
104 104
104 106
104 107
105 105
105 108
106 106
106 109
106 110
107 107
107 109
107 110
108 108
108 111
109 109
109 112
109 113
110 110
110 112
110 113
111 111
111 114
112 112
112 115
112 116
113 113
113 115
113 116
114 114
114 117
115 115
115 118
115 119
116 116
116 118
116 119
117 117
117 120
118 118
118 121
118 122
119 119
119 121
119 122
120 120
120 123
121 121
121 124
121 125
122 122
122 124
122 125
123 123
123 126
124 124
124 127
124 128
125 125
125 127
125 128
126 126
126 129
127 127
127 130
127 131
128 128
128 130
128 131
129 129
129 132
130 130
130 133
130 134
131 131
131 133
131 134
132 132
132 135
133 133
133 136
133 137
134 134
134 136
134 137
135 135
135 138
136 136
136 139
136 140
137 137
137 139
137 140
138 138
138 141
139 139
139 142
139 143
140 140
140 142
140 143
141 141
141 144
142 142
142 145
142 146
143 143
143 145
143 146
144 144
144 147
145 145
145 148
145 149
146 146
146 148
146 149
147 147
147 150
148 148
148 151
148 152
149 149
149 151
149 152
150 150
150 153
151 151
151 154
151 155
152 152
152 154
152 155
153 153
153 156
154 154
154 157
154 158
155 155
155 157
155 158
156 156
156 159
157 157
157 160
157 161
158 158
158 160
158 161
159 159
159 162
160 160
160 163
160 164
161 161
161 163
161 164
162 162
162 165
163 163
163 166
163 167
164 164
164 166
164 167
165 165
165 168
166 166
166 169
166 170
167 167
167 169
167 170
168 168
168 171
169 169
169 172
169 173
170 170
170 172
170 173
171 171
171 174
172 172
172 175
172 176
173 173
173 175
173 176
174 174
174 177
175 175
175 178
175 179
176 176
176 178
176 179
177 177
177 180
178 178
178 181
178 182
179 179
179 181
179 182
180 180
180 183
181 181
181 184
181 185
182 182
182 184
182 185
183 183
183 186
184 184
184 187
184 188
185 185
185 187
185 188
186 186
186 189
187 187
187 190
187 191
188 188
188 190
188 191
189 189
189 192
190 190
190 193
190 194
191 191
191 193
191 194
192 192
192 195
193 193
193 196
193 197
194 194
194 196
194 197
195 195
195 198
196 196
196 199
196 200
197 197
197 199
197 200
198 198
198 201
199 199
199 202
199 203
200 200
200 202
200 203
201 201
201 204
202 202
202 205
202 206
203 203
203 205
203 206
204 204
204 207
205 205
205 208
205 209
206 206
206 208
206 209
207 207
207 210
208 208
208 211
208 212
209 209
209 211
209 212
210 210
210 213
211 211
211 214
211 215
212 212
212 214
212 215
213 213
213 216
214 214
214 217
214 218
215 215
215 217
215 218
216 216
216 219
217 217
217 220
217 221
218 218
218 220
218 221
219 219
219 222
220 220
220 223
220 224
221 221
221 223
221 224
222 222
222 225
223 223
223 226
223 227
224 224
224 226
224 227
225 225
225 228
226 226
226 229
226 230
227 227
227 229
227 230
228 228
228 231
229 229
229 232
229 233
230 230
230 232
230 233
231 231
231 234
232 232
232 235
232 236
233 233
233 235
233 236
234 234
235 235
236 236
