0 0
0 3
1 1
1 4
1 5
2 2
2 4
2 5
3 3
3 6
4 4
4 7
4 8
5 5
5 7
5 8
6 6
6 9
7 7
7 10
7 11
8 8
8 10
8 11
9 9
9 12
10 10
10 13
10 14
11 11
11 13
11 14
12 12
12 15
13 13
13 16
13 17
14 14
14 16
14 17
15 15
15 18
16 16
16 19
16 20
17 17
17 19
17 20
18 18
18 21
19 19
19 22
19 23
20 20
20 22
20 23
21 21
21 24
22 22
22 25
22 26
23 23
23 25
23 26
24 24
24 27
25 25
25 28
25 29
26 26
26 28
26 29
27 27
27 30
28 28
28 31
28 32
29 29
29 31
29 32
30 30
30 33
31 31
31 34
31 35
32 32
32 34
32 35
33 33
33 36
34 34
34 37
34 38
35 35
35 37
35 38
36 36
36 39
37 37
37 40
37 41
38 38
38 40
38 41
39 39
39 42
40 40
40 43
40 44
41 41
41 43
41 44
42 42
42 45
43 43
43 46
43 47
44 44
44 46
44 47
45 45
45 48
46 46
46 49
46 50
47 47
47 49
47 50
48 48
48 51
49 49
49 52
49 53
50 50
50 52
50 53
51 51
51 54
52 52
52 55
52 56
53 53
53 55
53 56
54 54
54 57
55 55
55 58
55 59
56 56
56 58
56 59
57 57
57 60
58 58
58 61
58 62
59 59
59 61
59 62
60 60
60 63
61 61
61 64
61 65
62 62
62 64
62 65
63 63
63 66
64 64
64 67
64 68
65 65
65 67
65 68
66 66
66 69
67 67
67 70
67 71
68 68
68 70
68 71
69 69
69 72
70 70
70 73
70 74
71 71
71 73
71 74
72 72
72 75
73 73
73 76
73 77
74 74
74 76
74 77
75 75
75 78
76 76
76 79
76 80
77 77
77 79
77 80
78 78
78 81
79 79
79 82
79 83
80 80
80 82
80 83
81 81
81 84
82 82
82 85
82 86
83 83
83 85
83 86
84 84
84 87
85 85
85 88
85 89
86 86
86 88
86 89
87 87
87 90
88 88
88 91
88 92
89 89
89 91
89 92
90 90
90 93
91 91
91 94
91 95
92 92
92 94
92 95
93 93
93 96
94 94
94 97
94 98
95 95
95 97
95 98
96 96
96 99
97 97
97 100
97 101
98 98
98 100
98 101
99 99
99 102
100 100
100 103
100 104
101 101
101 103
101 104
102 102
102 105
103 103
103 106
103 107
104 104
104 106
104 107
105 105
105 108
106 106
106 109
106 110
107 107
107 109
107 110
108 108
108 111
109 109
109 112
109 113
110 110
110 112
110 113
111 111
111 114
112 112
112 115
112 116
113 113
113 115
113 116
114 114
114 117
115 115
115 118
115 119
116 116
116 118
116 119
117 117
117 120
118 118
118 121
118 122
119 119
119 121
119 122
120 120
120 123
121 121
121 124
121 125
122 122
122 124
122 125
123 123
123 126
124 124
124 127
124 128
125 125
125 127
125 128
126 126
126 129
127 127
127 130
127 131
128 128
128 130
128 131
129 129
129 132
130 130
130 133
130 134
131 131
131 133
131 134
132 132
132 135
133 133
133 136
133 137
134 134
134 136
134 137
135 135
135 138
136 136
136 139
136 140
137 137
137 139
137 140
138 138
138 141
139 139
139 142
139 143
140 140
140 142
140 143
141 141
141 144
142 142
142 145
142 146
143 143
143 145
143 146
144 144
144 147
145 145
145 148
145 149
146 146
146 148
146 149
147 147
147 150
148 148
148 151
148 152
149 149
149 151
149 152
150 150
150 153
151 151
151 154
151 155
152 152
152 154
152 155
153 153
153 156
154 154
154 157
154 158
155 155
155 157
155 158
156 156
156 159
157 157
157 160
157 161
158 158
158 160
158 161
159 159
159 162
160 160
160 163
160 164
161 161
161 163
161 164
162 162
162 165
163 163
163 166
163 167
164 164
164 166
164 167
165 165
165 168
166 166
166 169
166 170
167 167
167 169
167 170
168 168
168 171
169 169
169 172
169 173
170 170
170 172
170 173
171 171
171 174
172 172
172 175
172 176
173 173
173 175
173 176
174 174
174 177
175 175
175 178
175 179
176 176
176 178
176 179
177 177
177 180
178 178
178 181
178 182
179 179
179 181
179 182
180 180
180 183
181 181
181 184
181 185
182 182
182 184
182 185
183 183
183 186
184 184
184 187
184 188
185 185
185 187
185 188
186 186
186 189
187 187
187 190
187 191
188 188
188 190
188 191
189 189
189 192
190 190
190 193
190 194
191 191
191 193
191 194
192 192
192 195
193 193
193 196
193 197
194 194
194 196
194 197
195 195
195 198
196 196
196 199
196 200
197 197
197 199
197 200
198 198
198 201
199 199
199 202
199 203
200 200
200 202
200 203
201 201
201 204
202 202
202 205
202 206
203 203
203 205
203 206
204 204
204 207
205 205
205 208
205 209
206 206
206 208
206 209
207 207
207 210
208 208
208 211
208 212
209 209
209 211
209 212
210 210
210 213
211 211
211 214
211 215
212 212
212 214
212 215
213 213
213 216
214 214
214 217
214 218
215 215
215 217
215 218
216 216
216 219
217 217
217 220
217 221
218 218
218 220
218 221
219 219
219 222
220 220
220 223
220 224
221 221
221 223
221 224
222 222
222 225
223 223
223 226
223 227
224 224
224 226
224 227
225 225
225 228
226 226
226 229
226 230
227 227
227 229
227 230
228 228
228 231
229 229
229 232
229 233
230 230
230 232
230 233
231 231
231 234
232 232
232 235
232 236
233 233
233 235
233 236
234 234
234 237
235 235
235 238
235 239
236 236
236 238
236 239
237 237
237 240
238 238
238 241
238 242
239 239
239 241
239 242
240 240
240 243
241 241
241 244
241 245
242 242
242 244
242 245
243 243
243 246
244 244
244 247
244 248
245 245
245 247
245 248
246 246
246 249
247 247
247 250
247 251
248 248
248 250
248 251
249 249
249 252
250 250
250 253
250 254
251 251
251 253
251 254
252 252
252 255
253 253
253 256
253 257
254 254
254 256
254 257
255 255
255 258
256 256
256 259
256 260
257 257
257 259
257 260
258 258
258 261
259 259
259 262
259 263
260 260
260 262
260 263
261 261
261 264
262 262
262 265
262 266
263 263
263 265
263 266
264 264
264 267
265 265
265 268
265 269
266 266
266 268
266 269
267 267
267 270
268 268
268 271
268 272
269 269
269 271
269 272
270 270
270 273
271 271
271 274
271 275
272 272
272 274
272 275
273 273
273 276
274 274
274 277
274 278
275 275
275 277
275 278
276 276
276 279
277 277
277 280
277 281
278 278
278 280
278 281
279 279
279 282
280 280
280 283
280 284
281 281
281 283
281 284
282 282
282 285
283 283
283 286
283 287
284 284
284 286
284 287
285 285
285 288
286 286
286 289
286 290
287 287
287 289
287 290
288 288
288 291
289 289
289 292
289 293
290 290
290 292
290 293
291 291
291 294
292 292
292 295
292 296
293 293
293 295
293 296
294 294
294 297
295 295
295 298
295 299
296 296
296 298
296 299
297 297
297 300
298 298
298 301
298 302
299 299
299 301
299 302
300 300
300 303
301 301
301 304
301 305
302 302
302 304
302 305
303 303
303 306
304 304
304 307
304 308
305 305
305 307
305 308
306 306
306 309
307 307
307 310
307 311
308 308
308 310
308 311
309 309
309 312
310 310
310 313
310 314
311 311
311 313
311 314
312 312
312 315
313 313
313 316
313 317
314 314
314 316
314 317
315 315
315 318
316 316
316 319
316 320
317 317
317 319
317 320
318 318
318 321
319 319
319 322
319 323
320 320
320 322
320 323
321 321
321 324
322 322
322 325
322 326
323 323
323 325
323 326
324 324
324 327
325 325
325 328
325 329
326 326
326 328
326 329
327 327
327 330
328 328
328 331
328 332
329 329
329 331
329 332
330 330
330 333
331 331
331 334
331 335
332 332
332 334
332 335
333 333
333 336
334 334
334 337
334 338
335 335
335 337
335 338
336 336
336 339
337 337
337 340
337 341
338 338
338 340
338 341
339 339
339 342
340 340
340 343
340 344
341 341
341 343
341 344
342 342
342 345
343 343
343 346
343 347
344 344
344 346
344 347
345 345
345 348
346 346
346 349
346 350
347 347
347 349
347 350
348 348
348 351
349 349
349 352
349 353
350 350
350 352
350 353
351 351
351 354
352 352
352 355
352 356
353 353
353 355
353 356
354 354
354 357
355 355
355 358
355 359
356 356
356 358
356 359
357 357
357 360
358 358
358 361
358 362
359 359
359 361
359 362
360 360
360 363
361 361
361 364
361 365
362 362
362 364
362 365
363 363
363 366
364 364
364 367
364 368
365 365
365 367
365 368
366 366
366 369
367 367
367 370
367 371
368 368
368 370
368 371
369 369
369 372
370 370
370 373
370 374
371 371
371 373
371 374
372 372
372 375
373 373
373 376
373 377
374 374
374 376
374 377
375 375
375 378
376 376
376 379
376 380
377 377
377 379
377 380
378 378
378 381
379 379
379 382
379 383
380 380
380 382
380 383
381 381
381 384
382 382
382 385
382 386
383 383
383 385
383 386
384 384
384 387
385 385
385 388
385 389
386 386
386 388
386 389
387 387
387 390
388 388
388 391
388 392
389 389
389 391
389 392
390 390
390 393
391 391
391 394
391 395
392 392
392 394
392 395
393 393
393 396
394 394
394 397
394 398
395 395
395 397
395 398
396 396
396 399
397 397
397 400
397 401
398 398
398 400
398 401
399 399
399 402
400 400
400 403
400 404
401 401
401 403
401 404
402 402
402 405
403 403
403 406
403 407
404 404
404 406
404 407
405 405
405 408
406 406
406 409
406 410
407 407
407 409
407 410
408 408
408 411
409 409
409 412
409 413
410 410
410 412
410 413
411 411
411 414
412 412
412 415
412 416
413 413
413 415
413 416
414 414
414 417
415 415
415 418
415 419
416 416
416 418
416 419
417 417
417 420
418 418
418 421
418 422
419 419
419 421
419 422
420 420
420 423
421 421
421 424
421 425
422 422
422 424
422 425
423 423
423 426
424 424
424 427
424 428
425 425
425 427
425 428
426 426
426 429
427 427
427 430
427 431
428 428
428 430
428 431
429 429
429 432
430 430
430 433
430 434
431 431
431 433
431 434
432 432
432 435
433 433
433 436
433 437
434 434
434 436
434 437
435 435
435 438
436 436
436 439
436 440
437 437
437 439
437 440
438 438
438 441
439 439
439 442
439 443
440 440
440 442
440 443
441 441
441 444
442 442
442 445
442 446
443 443
443 445
443 446
444 444
444 447
445 445
445 448
445 449
446 446
446 448
446 449
447 447
447 450
448 448
448 451
448 452
449 449
449 451
449 452
450 450
450 453
451 451
451 454
451 455
452 452
452 454
452 455
453 453
453 456
454 454
454 457
454 458
455 455
455 457
455 458
456 456
456 459
457 457
457 460
457 461
458 458
458 460
458 461
459 459
459 462
460 460
460 463
460 464
461 461
461 463
461 464
462 462
462 465
463 463
463 466
463 467
464 464
464 466
464 467
465 465
465 468
466 466
466 469
466 470
467 467
467 469
467 470
468 468
468 471
469 469
469 472
469 473
470 470
470 472
470 473
471 471
471 474
472 472
472 475
472 476
473 473
473 475
473 476
474 474
474 477
475 475
475 478
475 479
476 476
476 478
476 479
477 477
477 480
478 478
478 481
478 482
479 479
479 481
479 482
480 480
480 483
481 481
481 484
481 485
482 482
482 484
482 485
483 483
483 486
484 484
484 487
484 488
485 485
485 487
485 488
486 486
486 489
487 487
487 490
487 491
488 488
488 490
488 491
489 489
489 492
490 490
490 493
490 494
491 491
491 493
491 494
492 492
492 495
493 493
493 496
493 497
494 494
494 496
494 497
495 495
495 498
496 496
496 499
496 500
497 497
497 499
497 500
498 498
498 501
499 499
499 502
499 503
500 500
500 502
500 503
501 501
501 504
502 502
502 505
502 506
503 503
503 505
503 506
504 504
504 507
505 505
505 508
505 509
506 506
506 508
506 509
507 507
507 510
508 508
508 511
508 512
509 509
509 511
509 512
510 510
510 513
511 511
511 514
511 515
512 512
512 514
512 515
513 513
513 516
514 514
514 517
514 518
515 515
515 517
515 518
516 516
516 519
517 517
517 520
517 521
518 518
518 520
518 521
519 519
519 522
520 520
520 523
520 524
521 521
521 523
521 524
522 522
522 525
523 523
523 526
523 527
524 524
524 526
524 527
525 525
525 528
526 526
526 529
526 530
527 527
527 529
527 530
528 528
528 531
529 529
529 532
529 533
530 530
530 532
530 533
531 531
531 534
532 532
532 535
532 536
533 533
533 535
533 536
534 534
534 537
535 535
535 538
535 539
536 536
536 538
536 539
537 537
537 540
538 538
538 541
538 542
539 539
539 541
539 542
540 540
540 543
541 541
541 544
541 545
542 542
542 544
542 545
543 543
543 546
544 544
544 547
544 548
545 545
545 547
545 548
546 546
546 549
547 547
547 550
547 551
548 548
548 550
548 551
549 549
549 552
550 550
550 553
550 554
551 551
551 553
551 554
552 552
552 555
553 553
553 556
553 557
554 554
554 556
554 557
555 555
555 558
556 556
556 559
556 560
557 557
557 559
557 560
558 558
558 561
559 559
559 562
559 563
560 560
560 562
560 563
561 561
561 564
562 562
562 565
562 566
563 563
563 565
563 566
564 564
564 567
565 565
565 568
565 569
566 566
566 568
566 569
567 567
567 570
568 568
568 571
568 572
569 569
569 571
569 572
570 570
570 573
571 571
571 574
571 575
572 572
572 574
572 575
573 573
573 576
574 574
574 577
574 578
575 575
575 577
575 578
576 576
576 579
577 577
577 580
577 581
578 578
578 580
578 581
579 579
579 582
580 580
580 583
580 584
581 581
581 583
581 584
582 582
582 585
583 583
583 586
583 587
584 584
584 586
584 587
585 585
585 588
586 586
586 589
586 590
587 587
587 589
587 590
588 588
588 591
589 589
589 592
589 593
590 590
590 592
590 593
591 591
591 594
592 592
592 595
592 596
593 593
593 595
593 596
594 594
594 597
595 595
595 598
595 599
596 596
596 598
596 599
597 597
597 600
598 598
598 601
598 602
599 599
599 601
599 602
600 600
600 603
601 601
601 604
601 605
602 602
602 604
602 605
603 603
603 606
604 604
604 607
604 608
605 605
605 607
605 608
606 606
606 609
607 607
607 610
607 611
608 608
608 610
608 611
609 609
609 612
610 610
610 613
610 614
611 611
611 613
611 614
612 612
612 615
613 613
613 616
613 617
614 614
614 616
614 617
615 615
615 618
616 616
616 619
616 620
617 617
617 619
617 620
618 618
618 621
619 619
619 622
619 623
620 620
620 622
620 623
621 621
621 624
622 622
622 625
622 626
623 623
623 625
623 626
624 624
624 627
625 625
625 628
625 629
626 626
626 628
626 629
627 627
627 630
628 628
628 631
628 632
629 629
629 631
629 632
630 630
630 633
631 631
631 634
631 635
632 632
632 634
632 635
633 633
633 636
634 634
634 637
634 638
635 635
635 637
635 638
636 636
636 639
637 637
637 640
637 641
638 638
638 640
638 641
639 639
639 642
640 640
640 643
640 644
641 641
641 643
641 644
642 642
642 645
643 643
643 646
643 647
644 644
644 646
644 647
645 645
645 648
646 646
646 649
646 650
647 647
647 649
647 650
648 648
648 651
649 649
649 652
649 653
650 650
650 652
650 653
651 651
651 654
652 652
652 655
652 656
653 653
653 655
653 656
654 654
654 657
655 655
655 658
655 659
656 656
656 658
656 659
657 657
657 660
658 658
658 661
658 662
659 659
659 661
659 662
660 660
660 663
661 661
661 664
661 665
662 662
662 664
662 665
663 663
663 666
664 664
664 667
664 668
665 665
665 667
665 668
666 666
666 669
667 667
667 670
667 671
668 668
668 670
668 671
669 669
669 672
670 670
670 673
670 674
671 671
671 673
671 674
672 672
672 675
673 673
673 676
673 677
674 674
674 676
674 677
675 675
675 678
676 676
676 679
676 680
677 677
677 679
677 680
678 678
678 681
679 679
679 682
679 683
680 680
680 682
680 683
681 681
681 684
682 682
682 685
682 686
683 683
683 685
683 686
684 684
684 687
685 685
685 688
685 689
686 686
686 688
686 689
687 687
687 690
688 688
688 691
688 692
689 689
689 691
689 692
690 690
690 693
691 691
691 694
691 695
692 692
692 694
692 695
693 693
693 696
694 694
694 697
694 698
695 695
695 697
695 698
696 696
696 699
697 697
697 700
697 701
698 698
698 700
698 701
699 699
699 702
700 700
700 703
700 704
701 701
701 703
701 704
702 702
702 705
703 703
703 706
703 707
704 704
704 706
704 707
705 705
705 708
706 706
706 709
706 710
707 707
707 709
707 710
708 708
708 711
709 709
709 712
709 713
710 710
710 712
710 713
711 711
711 714
712 712
712 715
712 716
713 713
713 715
713 716
714 714
714 717
715 715
715 718
715 719
716 716
716 718
716 719
717 717
717 720
718 718
718 721
718 722
719 719
719 721
719 722
720 720
720 723
721 721
721 724
721 725
722 722
722 724
722 725
723 723
723 726
724 724
724 727
724 728
725 725
725 727
725 728
726 726
726 729
727 727
727 730
727 731
728 728
728 730
728 731
729 729
729 732
730 730
730 733
730 734
731 731
731 733
731 734
732 732
732 735
733 733
733 736
733 737
734 734
734 736
734 737
735 735
735 738
736 736
736 739
736 740
737 737
737 739
737 740
738 738
738 741
739 739
739 742
739 743
740 740
740 742
740 743
741 741
741 744
742 742
742 745
742 746
743 743
743 745
743 746
744 744
744 747
745 745
745 748
745 749
746 746
746 748
746 749
747 747
747 750
748 748
748 751
748 752
749 749
749 751
749 752
750 750
750 753
751 751
751 754
751 755
752 752
752 754
752 755
753 753
753 756
754 754
754 757
754 758
755 755
755 757
755 758
756 756
756 759
757 757
757 760
757 761
758 758
758 760
758 761
759 759
759 762
760 760
760 763
760 764
761 761
761 763
761 764
762 762
762 765
763 763
763 766
763 767
764 764
764 766
764 767
765 765
765 768
766 766
766 769
766 770
767 767
767 769
767 770
768 768
768 771
769 769
769 772
769 773
770 770
770 772
770 773
771 771
771 774
772 772
772 775
772 776
773 773
773 775
773 776
774 774
774 777
775 775
775 778
775 779
776 776
776 778
776 779
777 777
777 780
778 778
778 781
778 782
779 779
779 781
779 782
780 780
780 783
781 781
781 784
781 785
782 782
782 784
782 785
783 783
783 786
784 784
784 787
784 788
785 785
785 787
785 788
786 786
786 789
787 787
787 790
787 791
788 788
788 790
788 791
789 789
789 792
790 790
790 793
790 794
791 791
791 793
791 794
792 792
792 795
793 793
793 796
793 797
794 794
794 796
794 797
795 795
795 798
796 796
796 799
796 800
797 797
797 799
797 800
798 798
798 801
799 799
799 802
799 803
800 800
800 802
800 803
801 801
801 804
802 802
802 805
802 806
803 803
803 805
803 806
804 804
804 807
805 805
805 808
805 809
806 806
806 808
806 809
807 807
807 810
808 808
808 811
808 812
809 809
809 811
809 812
810 810
810 813
811 811
811 814
811 815
812 812
812 814
812 815
813 813
813 816
814 814
814 817
814 818
815 815
815 817
815 818
816 816
816 819
817 817
817 820
817 821
818 818
818 820
818 821
819 819
819 822
820 820
820 823
820 824
821 821
821 823
821 824
822 822
822 825
823 823
823 826
823 827
824 824
824 826
824 827
825 825
825 828
826 826
826 829
826 830
827 827
827 829
827 830
828 828
828 831
829 829
829 832
829 833
830 830
830 832
830 833
831 831
831 834
832 832
832 835
832 836
833 833
833 835
833 836
834 834
834 837
835 835
835 838
835 839
836 836
836 838
836 839
837 837
837 840
838 838
838 841
838 842
839 839
839 841
839 842
840 840
840 843
841 841
841 844
841 845
842 842
842 844
842 845
843 843
843 846
844 844
844 847
844 848
845 845
845 847
845 848
846 846
846 849
847 847
847 850
847 851
848 848
848 850
848 851
849 849
849 852
850 850
850 853
850 854
851 851
851 853
851 854
852 852
852 855
853 853
853 856
853 857
854 854
854 856
854 857
855 855
855 858
856 856
856 859
856 860
857 857
857 859
857 860
858 858
858 861
859 859
859 862
859 863
860 860
860 862
860 863
861 861
861 864
862 862
862 865
862 866
863 863
863 865
863 866
864 864
864 867
865 865
865 868
865 869
866 866
866 868
866 869
867 867
867 870
868 868
868 871
868 872
869 869
869 871
869 872
870 870
870 873
871 871
871 874
871 875
872 872
872 874
872 875
873 873
873 876
874 874
874 877
874 878
875 875
875 877
875 878
876 876
876 879
877 877
877 880
877 881
878 878
878 880
878 881
879 879
879 882
880 880
880 883
880 884
881 881
881 883
881 884
882 882
882 885
883 883
883 886
883 887
884 884
884 886
884 887
885 885
885 888
886 886
886 889
886 890
887 887
887 889
887 890
888 888
888 891
889 889
889 892
889 893
890 890
890 892
890 893
891 891
891 894
892 892
892 895
892 896
893 893
893 895
893 896
894 894
894 897
895 895
895 898
895 899
896 896
896 898
896 899
897 897
897 900
898 898
898 901
898 902
899 899
899 901
899 902
900 900
900 903
901 901
901 904
901 905
902 902
902 904
902 905
903 903
903 906
904 904
904 907
904 908
905 905
905 907
905 908
906 906
906 909
907 907
907 910
907 911
908 908
908 910
908 911
909 909
909 912
910 910
910 913
910 914
911 911
911 913
911 914
912 912
912 915
913 913
913 916
913 917
914 914
914 916
914 917
915 915
915 918
916 916
916 919
916 920
917 917
917 919
917 920
918 918
918 921
919 919
919 922
919 923
920 920
920 922
920 923
921 921
921 924
922 922
922 925
922 926
923 923
923 925
923 926
924 924
924 927
925 925
925 928
925 929
926 926
926 928
926 929
927 927
927 930
928 928
928 931
928 932
929 929
929 931
929 932
930 930
930 933
931 931
931 934
931 935
932 932
932 934
932 935
933 933
933 936
934 934
934 937
934 938
935 935
935 937
935 938
936 936
936 939
937 937
937 940
937 941
938 938
938 940
938 941
939 939
939 942
940 940
940 943
940 944
941 941
941 943
941 944
942 942
942 945
943 943
943 946
943 947
944 944
944 946
944 947
945 945
945 948
946 946
946 949
946 950
947 947
947 949
947 950
948 948
948 951
949 949
949 952
949 953
950 950
950 952
950 953
951 951
951 954
952 952
952 955
952 956
953 953
953 955
953 956
954 954
955 955
956 956
