0 0
1 1
2 2
3 3
4 4
5 5
6 6
7 7
8 8
9 9
10 10
11 11
12 12
13 13
14 14
15 15
16 16
17 17
18 18
19 19
20 20
21 21
22 22
23 23
24 24
25 25
26 26
27 27
28 28
29 29
30 30
31 31
32 32
33 33
34 34
35 35
36 36
37 37
37 38
37 53
38 38
38 54
39 39
40 40
41 41
41 42
41 57
42 42
42 43
42 58
43 43
43 44
43 59
44 44
44 45
44 60
44 412
45 45
45 46
45 61
45 413
46 46
46 47
46 62
46 414
47 47
47 63
47 415
48 48
49 49
50 50
51 51
52 52
53 53
53 54
53 69
53 421
54 54
54 55
54 70
54 422
55 55
55 56
55 71
55 423
56 56
56 57
56 72
56 424
57 57
57 58
57 73
57 425
58 58
58 59
58 74
58 426
59 59
59 60
59 75
59 427
60 60
60 61
60 76
60 428
61 61
61 62
61 77
61 429
62 62
62 63
62 78
62 430
63 63
63 79
63 431
64 64
65 65
66 66
67 67
68 68
69 69
69 70
69 85
69 437
70 70
70 71
70 86
70 438
71 71
71 72
71 87
71 439
72 72
72 73
72 88
72 440
73 73
73 74
73 89
73 441
74 74
74 75
74 90
74 442
75 75
75 76
75 91
75 443
76 76
76 77
76 92
76 444
77 77
77 78
77 93
77 445
78 78
78 79
78 94
78 446
79 79
79 95
79 447
80 80
81 81
82 82
83 83
84 84
85 85
85 86
85 101
85 453
86 86
86 87
86 102
86 454
87 87
87 88
87 103
87 455
88 88
88 89
88 104
88 456
89 89
89 90
89 105
89 457
90 90
90 91
90 106
90 458
91 91
91 92
91 107
91 459
92 92
92 93
92 108
92 460
93 93
93 94
93 109
93 461
94 94
94 95
94 110
94 462
95 95
95 463
96 96
97 97
98 98
99 99
100 100
101 101
101 102
101 117
101 469
102 102
102 103
102 118
102 470
103 103
103 104
103 119
103 471
104 104
104 105
104 120
104 472
105 105
105 106
105 121
105 473
106 106
106 107
106 122
106 474
107 107
107 108
107 123
107 475
108 108
108 109
108 124
108 476
109 109
109 110
109 125
109 477
110 110
110 126
110 478
111 111
112 112
113 113
114 114
115 115
116 116
117 117
117 118
117 133
117 485
118 118
118 119
118 134
118 486
119 119
119 120
119 135
119 487
120 120
120 121
120 136
120 488
121 121
121 122
121 137
121 489
122 122
122 123
122 138
122 490
123 123
123 124
123 139
123 491
124 124
124 125
124 140
124 492
125 125
125 126
125 141
125 493
126 126
126 142
126 494
127 127
128 128
129 129
130 130
131 131
132 132
132 133
132 148
132 500
133 133
133 134
133 149
133 501
134 134
134 135
134 150
134 502
135 135
135 136
135 151
135 503
136 136
136 137
136 152
136 504
137 137
137 138
137 153
137 505
138 138
138 139
138 154
138 506
139 139
139 140
139 155
139 507
140 140
140 141
140 156
140 508
141 141
141 142
141 157
141 509
142 142
142 158
142 510
143 143
144 144
145 145
146 146
147 147
148 148
148 149
148 164
148 516
149 149
149 150
149 165
149 517
150 150
150 151
150 166
150 518
151 151
151 152
151 167
151 519
152 152
152 153
152 168
152 520
153 153
153 154
153 169
153 521
154 154
154 155
154 170
154 522
155 155
155 156
155 171
155 523
156 156
156 157
156 172
156 524
157 157
157 158
157 173
157 525
158 158
158 526
159 159
160 160
161 161
162 162
163 163
164 164
164 165
164 180
164 532
165 165
165 166
165 181
165 533
166 166
166 167
166 182
166 534
167 167
167 168
167 183
167 535
168 168
168 169
168 184
168 536
169 169
169 170
169 185
169 537
170 170
170 171
170 186
170 538
171 171
171 172
171 187
171 539
172 172
172 173
172 188
172 540
173 173
173 189
173 541
174 174
175 175
176 176
177 177
178 178
179 179
180 180
180 181
180 196
180 548
181 181
181 182
181 197
181 549
182 182
182 183
182 198
182 550
183 183
183 184
183 199
183 551
184 184
184 185
184 200
184 552
185 185
185 186
185 201
185 553
186 186
186 187
186 202
186 554
187 187
187 188
187 203
187 555
188 188
188 189
188 204
188 556
189 189
189 205
189 557
190 190
191 191
192 192
193 193
194 194
195 195
195 196
195 211
195 563
196 196
196 197
196 212
196 564
197 197
197 198
197 213
197 565
198 198
198 199
198 214
198 566
199 199
199 200
199 215
199 567
200 200
200 201
200 216
200 568
201 201
201 202
201 217
201 569
202 202
202 203
202 218
202 570
203 203
203 204
203 219
203 571
204 204
204 205
204 220
204 572
205 205
205 573
206 206
207 207
208 208
209 209
210 210
211 211
211 212
211 227
211 579
212 212
212 213
212 228
212 580
213 213
213 214
213 229
213 581
214 214
214 215
214 230
214 582
215 215
215 216
215 231
215 583
216 216
216 217
216 232
216 584
217 217
217 218
217 233
217 585
218 218
218 219
218 234
218 586
219 219
219 220
219 235
219 587
220 220
220 236
220 588
221 221
222 222
223 223
224 224
225 225
226 226
226 227
226 242
226 594
227 227
227 228
227 243
227 595
228 228
228 229
228 244
228 596
229 229
229 230
229 245
229 597
230 230
230 231
230 246
230 598
231 231
231 232
231 247
231 599
232 232
232 233
232 248
232 600
233 233
233 234
233 249
233 601
234 234
234 235
234 250
234 602
235 235
235 236
235 603
236 236
236 604
237 237
238 238
239 239
240 240
241 241
242 242
242 243
242 258
242 610
243 243
243 244
243 259
243 611
244 244
244 245
244 260
244 612
245 245
245 246
245 261
245 613
246 246
246 247
246 262
246 614
247 247
247 248
247 263
247 615
248 248
248 249
248 264
248 616
249 249
249 250
249 265
249 617
250 250
250 266
250 618
251 251
252 252
253 253
254 254
255 255
256 256
257 257
257 258
257 273
257 625
258 258
258 259
258 274
258 626
259 259
259 260
259 275
259 627
260 260
260 261
260 276
260 628
261 261
261 262
261 277
261 629
262 262
262 263
262 278
262 630
263 263
263 264
263 279
263 631
264 264
264 265
264 280
264 632
265 265
265 266
265 633
266 266
266 634
267 267
268 268
269 269
270 270
271 271
272 272
273 273
273 274
273 289
273 641
274 274
274 275
274 290
274 642
275 275
275 276
275 291
275 643
276 276
276 277
276 292
276 644
277 277
277 278
277 293
277 645
278 278
278 279
278 294
278 646
279 279
279 280
279 295
279 647
280 280
280 296
280 648
281 281
282 282
283 283
284 284
285 285
286 286
287 287
288 288
289 289
289 290
289 305
289 657
290 290
290 291
290 306
290 658
291 291
291 292
291 307
291 659
292 292
292 293
292 308
292 660
293 293
293 294
293 309
293 661
294 294
294 295
294 310
294 662
295 295
295 296
295 663
296 296
296 664
297 297
298 298
299 299
300 300
301 301
302 302
303 303
304 304
305 305
305 306
305 673
306 306
306 307
306 322
306 674
307 307
307 308
307 323
307 675
308 308
308 309
308 324
308 676
309 309
309 310
309 325
309 677
310 310
310 326
310 678
311 311
312 312
313 313
314 314
315 315
316 316
317 317
318 318
319 319
320 320
321 321
322 322
322 323
322 690
323 323
323 324
323 339
323 691
324 324
324 325
324 340
324 692
325 325
325 326
325 341
325 693
326 326
326 694
327 327
328 328
329 329
330 330
331 331
332 332
333 333
334 334
335 335
336 336
337 337
338 338
339 339
339 340
339 355
339 707
340 340
340 341
340 356
340 708
341 341
341 709
342 342
343 343
344 344
345 345
346 346
347 347
348 348
349 349
350 350
351 351
352 352
353 353
354 354
355 355
355 356
355 723
356 356
356 724
357 357
358 358
359 359
360 360
361 361
362 362
363 363
364 364
365 365
366 366
367 367
368 368
369 369
370 370
371 371
372 372
373 373
374 374
375 375
376 376
377 377
378 378
379 379
380 380
381 381
382 382
383 383
384 384
385 385
386 386
387 387
388 388
389 389
390 390
391 391
392 392
393 393
394 394
395 395
396 396
397 397
398 398
399 399
400 400
401 401
402 402
403 403
404 404
405 405
406 406
407 407
408 408
409 409
410 410
411 411
412 412
412 413
412 428
413 413
413 414
413 429
413 781
414 414
414 415
414 430
414 782
415 415
415 431
415 783
416 416
417 417
418 418
419 419
420 420
421 421
421 422
421 437
421 789
422 422
422 423
422 438
423 423
423 424
423 439
424 424
424 425
424 440
425 425
425 426
425 441
426 426
426 427
426 442
426 794
427 427
427 428
427 443
427 795
428 428
428 429
428 444
428 796
429 429
429 430
429 445
429 797
430 430
430 431
430 446
430 798
431 431
431 447
431 799
432 432
433 433
434 434
435 435
436 436
437 437
437 438
437 453
437 805
438 438
438 439
438 454
438 806
439 439
439 440
439 455
439 807
440 440
440 441
440 456
440 808
441 441
441 442
441 457
441 809
442 442
442 443
442 458
442 810
443 443
443 444
443 459
443 811
444 444
444 445
444 460
444 812
445 445
445 446
445 461
445 813
446 446
446 447
446 462
446 814
447 447
447 463
447 815
448 448
449 449
450 450
451 451
452 452
453 453
453 454
453 469
453 821
454 454
454 455
454 470
454 822
455 455
455 456
455 471
455 823
456 456
456 457
456 472
456 824
457 457
457 458
457 473
457 825
458 458
458 459
458 474
458 826
459 459
459 460
459 475
459 827
460 460
460 461
460 476
460 828
461 461
461 462
461 477
461 829
462 462
462 463
462 478
462 830
463 463
463 831
464 464
465 465
466 466
467 467
468 468
469 469
469 470
469 485
469 837
470 470
470 471
470 486
470 838
471 471
471 472
471 487
471 839
472 472
472 473
472 488
472 840
473 473
473 474
473 489
473 841
474 474
474 475
474 490
474 842
475 475
475 476
475 491
475 843
476 476
476 477
476 492
476 844
477 477
477 478
477 493
477 845
478 478
478 494
478 846
479 479
480 480
481 481
482 482
483 483
484 484
485 485
485 486
485 501
485 853
486 486
486 487
486 502
486 854
487 487
487 488
487 503
487 855
488 488
488 489
488 504
488 856
489 489
489 490
489 505
489 857
490 490
490 491
490 506
490 858
491 491
491 492
491 507
491 859
492 492
492 493
492 508
492 860
493 493
493 494
493 509
493 861
494 494
494 510
494 862
495 495
496 496
497 497
498 498
499 499
500 500
500 501
500 516
500 868
501 501
501 502
501 517
501 869
502 502
502 503
502 518
502 870
503 503
503 504
503 519
503 871
504 504
504 505
504 520
504 872
505 505
505 506
505 521
505 873
506 506
506 507
506 522
506 874
507 507
507 508
507 523
507 875
508 508
508 509
508 524
508 876
509 509
509 510
509 525
509 877
510 510
510 526
510 878
511 511
512 512
513 513
514 514
515 515
516 516
516 517
516 532
516 884
517 517
517 518
517 533
517 885
518 518
518 519
518 534
518 886
519 519
519 520
519 535
519 887
520 520
520 521
520 536
520 888
521 521
521 522
521 537
521 889
522 522
522 523
522 538
522 890
523 523
523 524
523 539
523 891
524 524
524 525
524 540
524 892
525 525
525 526
525 541
525 893
526 526
526 894
527 527
528 528
529 529
530 530
531 531
532 532
532 533
532 548
532 900
533 533
533 534
533 549
533 901
534 534
534 535
534 550
534 902
535 535
535 536
535 551
535 903
536 536
536 537
536 552
536 904
537 537
537 538
537 553
537 905
538 538
538 539
538 554
538 906
539 539
539 540
539 555
539 907
540 540
540 541
540 556
540 908
541 541
541 557
541 909
542 542
543 543
544 544
545 545
546 546
547 547
548 548
548 549
548 564
548 916
549 549
549 550
549 565
549 917
550 550
550 551
550 566
550 918
551 551
551 552
551 567
551 919
552 552
552 553
552 568
552 920
553 553
553 554
553 569
553 921
554 554
554 555
554 570
554 922
555 555
555 556
555 571
555 923
556 556
556 557
556 572
556 924
557 557
557 573
557 925
558 558
559 559
560 560
561 561
562 562
563 563
563 564
563 579
563 931
564 564
564 565
564 580
564 932
565 565
565 566
565 581
565 933
566 566
566 567
566 582
566 934
567 567
567 568
567 583
567 935
568 568
568 569
568 584
568 936
569 569
569 570
569 585
569 937
570 570
570 571
570 586
570 938
571 571
571 572
571 587
571 939
572 572
572 573
572 588
572 940
573 573
573 941
574 574
575 575
576 576
577 577
578 578
579 579
579 580
579 595
579 947
580 580
580 581
580 596
580 948
581 581
581 582
581 597
581 949
582 582
582 583
582 598
582 950
583 583
583 584
583 599
583 951
584 584
584 585
584 600
584 952
585 585
585 586
585 601
585 953
586 586
586 587
586 602
586 954
587 587
587 588
587 603
587 955
588 588
588 604
588 956
589 589
590 590
591 591
592 592
593 593
594 594
594 595
594 610
594 962
595 595
595 596
595 611
595 963
596 596
596 597
596 612
596 964
597 597
597 598
597 613
597 965
598 598
598 599
598 614
598 966
599 599
599 600
599 615
599 967
600 600
600 601
600 616
600 968
601 601
601 602
601 617
601 969
602 602
602 603
602 618
602 970
603 603
603 604
603 971
604 604
604 972
605 605
606 606
607 607
608 608
609 609
610 610
610 611
610 626
610 978
611 611
611 612
611 627
611 979
612 612
612 613
612 628
612 980
613 613
613 614
613 629
613 981
614 614
614 615
614 630
614 982
615 615
615 616
615 631
615 983
616 616
616 617
616 632
616 984
617 617
617 618
617 633
617 985
618 618
618 634
618 986
619 619
620 620
621 621
622 622
623 623
624 624
625 625
625 626
625 641
625 993
626 626
626 627
626 642
626 994
627 627
627 628
627 643
627 995
628 628
628 629
628 644
628 996
629 629
629 630
629 645
629 997
630 630
630 631
630 646
630 998
631 631
631 632
631 647
631 999
632 632
632 633
632 648
632 1000
633 633
633 634
633 1001
634 634
634 1002
635 635
636 636
637 637
638 638
639 639
640 640
641 641
641 642
641 657
641 1009
642 642
642 643
642 658
642 1010
643 643
643 644
643 659
643 1011
644 644
644 645
644 660
644 1012
645 645
645 646
645 661
645 1013
646 646
646 647
646 662
646 1014
647 647
647 648
647 663
647 1015
648 648
648 664
648 1016
649 649
650 650
651 651
652 652
653 653
654 654
655 655
656 656
657 657
657 658
657 673
657 1025
658 658
658 659
658 674
658 1026
659 659
659 660
659 675
659 1027
660 660
660 661
660 676
660 1028
661 661
661 662
661 677
661 1029
662 662
662 663
662 678
662 1030
663 663
663 664
663 1031
664 664
664 1032
665 665
666 666
667 667
668 668
669 669
670 670
671 671
672 672
673 673
673 674
673 1041
674 674
674 675
674 690
674 1042
675 675
675 676
675 691
675 1043
676 676
676 677
676 692
676 1044
677 677
677 678
677 693
677 1045
678 678
678 694
678 1046
679 679
680 680
681 681
682 682
683 683
684 684
685 685
686 686
687 687
688 688
689 689
690 690
690 691
690 1058
691 691
691 692
691 707
691 1059
692 692
692 693
692 708
692 1060
693 693
693 694
693 709
693 1061
694 694
694 1062
695 695
696 696
697 697
698 698
699 699
700 700
701 701
702 702
703 703
704 704
705 705
706 706
707 707
707 708
707 723
707 1075
708 708
708 709
708 724
708 1076
709 709
709 1077
710 710
711 711
712 712
713 713
714 714
715 715
716 716
717 717
718 718
719 719
720 720
721 721
722 722
723 723
723 724
723 1091
724 724
724 1092
725 725
726 726
727 727
728 728
729 729
730 730
731 731
732 732
733 733
734 734
735 735
736 736
737 737
738 738
739 739
740 740
741 741
742 742
743 743
744 744
745 745
746 746
747 747
748 748
749 749
750 750
751 751
752 752
753 753
754 754
755 755
756 756
757 757
758 758
759 759
760 760
761 761
762 762
763 763
764 764
765 765
766 766
767 767
768 768
769 769
770 770
771 771
772 772
773 773
774 774
775 775
776 776
777 777
778 778
779 779
780 780
781 781
781 782
781 797
782 782
782 783
782 798
783 783
783 799
784 784
785 785
786 786
787 787
788 788
789 789
789 805
790 790
791 791
792 792
793 793
794 794
794 795
794 810
795 795
795 796
795 811
796 796
796 797
796 812
797 797
797 798
797 813
798 798
798 799
798 814
799 799
799 815
800 800
801 801
802 802
803 803
804 804
805 805
805 806
805 821
806 806
806 807
806 822
807 807
807 808
807 823
808 808
808 809
808 824
809 809
809 810
809 825
810 810
810 811
810 826
811 811
811 812
811 827
812 812
812 813
812 828
813 813
813 814
813 829
814 814
814 815
814 830
815 815
815 831
816 816
817 817
818 818
819 819
820 820
821 821
821 822
821 837
822 822
822 823
822 838
823 823
823 824
823 839
824 824
824 825
824 840
825 825
825 826
825 841
826 826
826 827
826 842
827 827
827 828
827 843
828 828
828 829
828 844
829 829
829 830
829 845
830 830
830 831
830 846
831 831
832 832
833 833
834 834
835 835
836 836
837 837
837 838
837 853
838 838
838 839
838 854
839 839
839 840
839 855
840 840
840 841
840 856
841 841
841 842
841 857
842 842
842 843
842 858
843 843
843 844
843 859
844 844
844 845
844 860
845 845
845 846
845 861
846 846
846 862
847 847
848 848
849 849
850 850
851 851
852 852
853 853
853 854
853 869
854 854
854 855
854 870
855 855
855 856
855 871
856 856
856 857
856 872
857 857
857 858
857 873
858 858
858 859
858 874
859 859
859 860
859 875
860 860
860 861
860 876
861 861
861 862
861 877
862 862
862 878
863 863
864 864
865 865
866 866
867 867
868 868
868 869
868 884
869 869
869 870
869 885
870 870
870 871
870 886
871 871
871 872
871 887
872 872
872 873
872 888
873 873
873 874
873 889
874 874
874 875
874 890
875 875
875 876
875 891
876 876
876 877
876 892
877 877
877 878
877 893
878 878
878 894
879 879
880 880
881 881
882 882
883 883
884 884
884 885
884 900
885 885
885 886
885 901
886 886
886 887
886 902
887 887
887 888
887 903
888 888
888 889
888 904
889 889
889 890
889 905
890 890
890 891
890 906
891 891
891 892
891 907
892 892
892 893
892 908
893 893
893 894
893 909
894 894
895 895
896 896
897 897
898 898
899 899
900 900
900 901
900 916
901 901
901 902
901 917
902 902
902 903
902 918
903 903
903 904
903 919
904 904
904 905
904 920
905 905
905 906
905 921
906 906
906 907
906 922
907 907
907 908
907 923
908 908
908 909
908 924
909 909
909 925
910 910
911 911
912 912
913 913
914 914
915 915
916 916
916 917
916 932
917 917
917 918
917 933
918 918
918 919
918 934
919 919
919 920
919 935
920 920
920 921
920 936
921 921
921 922
921 937
922 922
922 923
922 938
923 923
923 924
923 939
924 924
924 925
924 940
925 925
925 941
926 926
927 927
928 928
929 929
930 930
931 931
931 932
931 947
932 932
932 933
932 948
933 933
933 934
933 949
934 934
934 935
934 950
935 935
935 936
935 951
936 936
936 937
936 952
937 937
937 938
937 953
938 938
938 939
938 954
939 939
939 940
939 955
940 940
940 941
940 956
941 941
942 942
943 943
944 944
945 945
946 946
947 947
947 948
947 963
948 948
948 949
948 964
949 949
949 950
949 965
950 950
950 951
950 966
951 951
951 952
951 967
952 952
952 953
952 968
953 953
953 954
953 969
954 954
954 955
954 970
955 955
955 956
955 971
956 956
956 972
957 957
958 958
959 959
960 960
961 961
962 962
962 963
962 978
963 963
963 964
963 979
964 964
964 965
964 980
965 965
965 966
965 981
966 966
966 967
966 982
967 967
967 968
967 983
968 968
968 969
968 984
969 969
969 970
969 985
970 970
970 971
970 986
971 971
971 972
972 972
973 973
974 974
975 975
976 976
977 977
978 978
978 979
978 994
979 979
979 980
979 995
980 980
980 981
980 996
981 981
981 982
981 997
982 982
982 983
982 998
983 983
983 984
983 999
984 984
984 985
984 1000
985 985
985 986
985 1001
986 986
986 1002
987 987
988 988
989 989
990 990
991 991
992 992
993 993
993 994
993 1009
994 994
994 995
994 1010
995 995
995 996
995 1011
996 996
996 997
996 1012
997 997
997 998
997 1013
998 998
998 999
998 1014
999 999
999 1000
999 1015
1000 1000
1000 1001
1000 1016
1001 1001
1001 1002
1002 1002
1003 1003
1004 1004
1005 1005
1006 1006
1007 1007
1008 1008
1009 1009
1009 1010
1009 1025
1010 1010
1010 1011
1010 1026
1011 1011
1011 1012
1011 1027
1012 1012
1012 1013
1012 1028
1013 1013
1013 1014
1013 1029
1014 1014
1014 1015
1014 1030
1015 1015
1015 1016
1015 1031
1016 1016
1016 1032
1017 1017
1018 1018
1019 1019
1020 1020
1021 1021
1022 1022
1023 1023
1024 1024
1025 1025
1025 1026
1025 1041
1026 1026
1026 1027
1026 1042
1027 1027
1027 1028
1027 1043
1028 1028
1028 1029
1028 1044
1029 1029
1029 1030
1029 1045
1030 1030
1030 1031
1030 1046
1031 1031
1031 1032
1032 1032
1033 1033
1034 1034
1035 1035
1036 1036
1037 1037
1038 1038
1039 1039
1040 1040
1041 1041
1041 1042
1042 1042
1042 1043
1042 1058
1043 1043
1043 1044
1043 1059
1044 1044
1044 1045
1044 1060
1045 1045
1045 1046
1045 1061
1046 1046
1046 1062
1047 1047
1048 1048
1049 1049
1050 1050
1051 1051
1052 1052
1053 1053
1054 1054
1055 1055
1056 1056
1057 1057
1058 1058
1058 1059
1059 1059
1059 1060
1059 1075
1060 1060
1060 1061
1060 1076
1061 1061
1061 1062
1061 1077
1062 1062
1063 1063
1064 1064
1065 1065
1066 1066
1067 1067
1068 1068
1069 1069
1070 1070
1071 1071
1072 1072
1073 1073
1074 1074
1075 1075
1075 1076
1075 1091
1076 1076
1076 1077
1076 1092
1077 1077
1078 1078
1079 1079
1080 1080
1081 1081
1082 1082
1083 1083
1084 1084
1085 1085
1086 1086
1087 1087
1088 1088
1089 1089
1090 1090
1091 1091
1091 1092
1092 1092
1093 1093
1094 1094
1095 1095
1096 1096
1097 1097
1098 1098
1099 1099
1100 1100
1101 1101
1102 1102
1103 1103
