0 0
0 1
1 1
1 2
1 3
2 2
2 29
2 36
3 3
4 4
4 27
4 31
5 5
5 14
5 32
6 6
6 16
6 19
6 33
7 7
7 16
7 36
8 8
8 13
9 9
9 13
10 10
10 13
11 11
11 14
12 12
12 15
13 13
13 14
13 40
14 14
14 15
14 35
15 15
15 21
16 16
17 17
17 18
17 29
17 36
18 18
18 20
19 19
19 27
19 30
20 20
20 44
21 21
21 22
21 37
21 44
22 22
22 23
22 24
22 25
22 37
22 48
23 23
24 24
25 25
26 26
26 27
26 28
27 27
27 31
27 34
28 28
29 29
30 30
31 31
31 32
31 33
31 36
32 32
32 41
33 33
34 34
34 35
35 35
36 36
36 37
37 37
38 38
38 39
38 48
39 39
40 40
40 41
40 42
41 41
41 43
42 42
43 43
44 44
44 45
44 48
45 45
45 46
45 47
45 48
46 46
47 47
48 48
