0 0
0 1
0 211
0 421
0 631
0 841
1 1
1 2
1 3
1 211
1 841
1 843
2 2
2 3
2 4
2 5
2 843
2 846
3 3
3 5
3 6
3 211
3 212
4 4
4 5
4 7
4 8
4 846
4 850
5 5
5 6
5 8
5 9
6 6
6 9
6 10
6 212
6 214
7 7
7 8
7 11
7 12
7 850
7 855
8 8
8 9
8 12
8 13
9 9
9 10
9 13
9 14
10 10
10 14
10 15
10 214
10 217
11 11
11 12
11 16
11 17
11 855
11 861
12 12
12 13
12 17
12 18
13 13
13 14
13 18
13 19
14 14
14 15
14 19
14 20
15 15
15 20
15 21
15 217
15 221
16 16
16 17
16 22
16 23
16 861
16 868
17 17
17 18
17 23
17 24
18 18
18 19
18 24
18 25
19 19
19 20
19 25
19 26
20 20
20 21
20 26
20 27
21 21
21 27
21 28
21 221
21 226
22 22
22 23
22 29
22 30
22 868
22 876
23 23
23 24
23 30
23 31
24 24
24 25
24 31
24 32
25 25
25 26
25 32
25 33
26 26
26 27
26 33
26 34
27 27
27 28
27 34
27 35
28 28
28 35
28 36
28 226
28 232
29 29
29 30
29 37
29 38
29 876
29 885
30 30
30 31
30 38
30 39
31 31
31 32
31 39
31 40
32 32
32 33
32 40
32 41
33 33
33 34
33 41
33 42
34 34
34 35
34 42
34 43
35 35
35 36
35 43
35 44
36 36
36 44
36 45
36 232
36 239
37 37
37 38
37 46
37 47
37 885
37 895
38 38
38 39
38 47
38 48
39 39
39 40
39 48
39 49
40 40
40 41
40 49
40 50
41 41
41 42
41 50
41 51
42 42
42 43
42 51
42 52
43 43
43 44
43 52
43 53
44 44
44 45
44 53
44 54
45 45
45 54
45 55
45 239
45 247
46 46
46 47
46 56
46 57
46 895
46 906
47 47
47 48
47 57
47 58
48 48
48 49
48 58
48 59
49 49
49 50
49 59
49 60
50 50
50 51
50 60
50 61
51 51
51 52
51 61
51 62
52 52
52 53
52 62
52 63
53 53
53 54
53 63
53 64
54 54
54 55
54 64
54 65
55 55
55 65
55 66
55 247
55 256
56 56
56 57
56 67
56 68
56 906
56 918
57 57
57 58
57 68
57 69
58 58
58 59
58 69
58 70
59 59
59 60
59 70
59 71
60 60
60 61
60 71
60 72
61 61
61 62
61 72
61 73
62 62
62 63
62 73
62 74
63 63
63 64
63 74
63 75
64 64
64 65
64 75
64 76
65 65
65 66
65 76
65 77
66 66
66 77
66 78
66 256
66 266
67 67
67 68
67 79
67 80
67 918
67 931
68 68
68 69
68 80
68 81
69 69
69 70
69 81
69 82
70 70
70 71
70 82
70 83
71 71
71 72
71 83
71 84
72 72
72 73
72 84
72 85
73 73
73 74
73 85
73 86
74 74
74 75
74 86
74 87
75 75
75 76
75 87
75 88
76 76
76 77
76 88
76 89
77 77
77 78
77 89
77 90
78 78
78 90
78 91
78 266
78 277
79 79
79 80
79 92
79 93
79 931
79 945
80 80
80 81
80 93
80 94
81 81
81 82
81 94
81 95
82 82
82 83
82 95
82 96
83 83
83 84
83 96
83 97
84 84
84 85
84 97
84 98
85 85
85 86
85 98
85 99
86 86
86 87
86 99
86 100
87 87
87 88
87 100
87 101
88 88
88 89
88 101
88 102
89 89
89 90
89 102
89 103
90 90
90 91
90 103
90 104
91 91
91 104
91 105
91 277
91 289
92 92
92 93
92 106
92 107
92 945
92 960
93 93
93 94
93 107
93 108
94 94
94 95
94 108
94 109
95 95
95 96
95 109
95 110
96 96
96 97
96 110
96 111
97 97
97 98
97 111
97 112
98 98
98 99
98 112
98 113
99 99
99 100
99 113
99 114
100 100
100 101
100 114
100 115
101 101
101 102
101 115
101 116
102 102
102 103
102 116
102 117
103 103
103 104
103 117
103 118
104 104
104 105
104 118
104 119
105 105
105 119
105 120
105 289
105 302
106 106
106 107
106 121
106 122
106 960
106 976
107 107
107 108
107 122
107 123
108 108
108 109
108 123
108 124
109 109
109 110
109 124
109 125
110 110
110 111
110 125
110 126
111 111
111 112
111 126
111 127
112 112
112 113
112 127
112 128
113 113
113 114
113 128
113 129
114 114
114 115
114 129
114 130
115 115
115 116
115 130
115 131
116 116
116 117
116 131
116 132
117 117
117 118
117 132
117 133
118 118
118 119
118 133
118 134
119 119
119 120
119 134
119 135
120 120
120 135
120 136
120 302
120 316
121 121
121 122
121 137
121 138
121 976
121 993
122 122
122 123
122 138
122 139
123 123
123 124
123 139
123 140
124 124
124 125
124 140
124 141
125 125
125 126
125 141
125 142
126 126
126 127
126 142
126 143
127 127
127 128
127 143
127 144
128 128
128 129
128 144
128 145
129 129
129 130
129 145
129 146
130 130
130 131
130 146
130 147
131 131
131 132
131 147
131 148
132 132
132 133
132 148
132 149
133 133
133 134
133 149
133 150
134 134
134 135
134 150
134 151
135 135
135 136
135 151
135 152
136 136
136 152
136 153
136 316
136 331
137 137
137 138
137 154
137 155
137 993
137 1011
138 138
138 139
138 155
138 156
139 139
139 140
139 156
139 157
140 140
140 141
140 157
140 158
141 141
141 142
141 158
141 159
142 142
142 143
142 159
142 160
143 143
143 144
143 160
143 161
144 144
144 145
144 161
144 162
145 145
145 146
145 162
145 163
146 146
146 147
146 163
146 164
147 147
147 148
147 164
147 165
148 148
148 149
148 165
148 166
149 149
149 150
149 166
149 167
150 150
150 151
150 167
150 168
151 151
151 152
151 168
151 169
152 152
152 153
152 169
152 170
153 153
153 170
153 171
153 331
153 347
154 154
154 155
154 172
154 173
154 1011
154 1030
155 155
155 156
155 173
155 174
156 156
156 157
156 174
156 175
157 157
157 158
157 175
157 176
158 158
158 159
158 176
158 177
159 159
159 160
159 177
159 178
160 160
160 161
160 178
160 179
161 161
161 162
161 179
161 180
162 162
162 163
162 180
162 181
163 163
163 164
163 181
163 182
164 164
164 165
164 182
164 183
165 165
165 166
165 183
165 184
166 166
166 167
166 184
166 185
167 167
167 168
167 185
167 186
168 168
168 169
168 186
168 187
169 169
169 170
169 187
169 188
170 170
170 171
170 188
170 189
171 171
171 189
171 190
171 347
171 364
172 172
172 173
172 191
172 192
172 1030
172 1050
173 173
173 174
173 192
173 193
174 174
174 175
174 193
174 194
175 175
175 176
175 194
175 195
176 176
176 177
176 195
176 196
177 177
177 178
177 196
177 197
178 178
178 179
178 197
178 198
179 179
179 180
179 198
179 199
180 180
180 181
180 199
180 200
181 181
181 182
181 200
181 201
182 182
182 183
182 201
182 202
183 183
183 184
183 202
183 203
184 184
184 185
184 203
184 204
185 185
185 186
185 204
185 205
186 186
186 187
186 205
186 206
187 187
187 188
187 206
187 207
188 188
188 189
188 207
188 208
189 189
189 190
189 208
189 209
190 190
190 209
190 210
190 364
190 382
191 191
191 192
191 1050
191 1051
191 1996
192 192
192 193
192 1051
192 1052
193 193
193 194
193 1052
193 1053
194 194
194 195
194 1053
194 1054
195 195
195 196
195 1054
195 1055
196 196
196 197
196 1055
196 1056
197 197
197 198
197 1056
197 1057
198 198
198 199
198 1057
198 1058
199 199
199 200
199 1058
199 1059
200 200
200 201
200 1059
200 1060
201 201
201 202
201 1060
201 1061
202 202
202 203
202 1061
202 1062
203 203
203 204
203 1062
203 1063
204 204
204 205
204 1063
204 1064
205 205
205 206
205 1064
205 1065
206 206
206 207
206 1065
206 1066
207 207
207 208
207 1066
207 1067
208 208
208 209
208 1067
208 1068
209 209
209 210
209 1068
209 1069
210 210
210 382
210 401
210 1069
210 1776
211 211
211 212
211 213
211 421
212 212
212 213
212 214
212 215
213 213
213 215
213 216
213 421
213 422
214 214
214 215
214 217
214 218
215 215
215 216
215 218
215 219
216 216
216 219
216 220
216 422
216 424
217 217
217 218
217 221
217 222
218 218
218 219
218 222
218 223
219 219
219 220
219 223
219 224
220 220
220 224
220 225
220 424
220 427
221 221
221 222
221 226
221 227
222 222
222 223
222 227
222 228
223 223
223 224
223 228
223 229
224 224
224 225
224 229
224 230
225 225
225 230
225 231
225 427
225 431
226 226
226 227
226 232
226 233
227 227
227 228
227 233
227 234
228 228
228 229
228 234
228 235
229 229
229 230
229 235
229 236
230 230
230 231
230 236
230 237
231 231
231 237
231 238
231 431
231 436
232 232
232 233
232 239
232 240
233 233
233 234
233 240
233 241
234 234
234 235
234 241
234 242
235 235
235 236
235 242
235 243
236 236
236 237
236 243
236 244
237 237
237 238
237 244
237 245
238 238
238 245
238 246
238 436
238 442
239 239
239 240
239 247
239 248
240 240
240 241
240 248
240 249
241 241
241 242
241 249
241 250
242 242
242 243
242 250
242 251
243 243
243 244
243 251
243 252
244 244
244 245
244 252
244 253
245 245
245 246
245 253
245 254
246 246
246 254
246 255
246 442
246 449
247 247
247 248
247 256
247 257
248 248
248 249
248 257
248 258
249 249
249 250
249 258
249 259
250 250
250 251
250 259
250 260
251 251
251 252
251 260
251 261
252 252
252 253
252 261
252 262
253 253
253 254
253 262
253 263
254 254
254 255
254 263
254 264
255 255
255 264
255 265
255 449
255 457
256 256
256 257
256 266
256 267
257 257
257 258
257 267
257 268
258 258
258 259
258 268
258 269
259 259
259 260
259 269
259 270
260 260
260 261
260 270
260 271
261 261
261 262
261 271
261 272
262 262
262 263
262 272
262 273
263 263
263 264
263 273
263 274
264 264
264 265
264 274
264 275
265 265
265 275
265 276
265 457
265 466
266 266
266 267
266 277
266 278
267 267
267 268
267 278
267 279
268 268
268 269
268 279
268 280
269 269
269 270
269 280
269 281
270 270
270 271
270 281
270 282
271 271
271 272
271 282
271 283
272 272
272 273
272 283
272 284
273 273
273 274
273 284
273 285
274 274
274 275
274 285
274 286
275 275
275 276
275 286
275 287
276 276
276 287
276 288
276 466
276 476
277 277
277 278
277 289
277 290
278 278
278 279
278 290
278 291
279 279
279 280
279 291
279 292
280 280
280 281
280 292
280 293
281 281
281 282
281 293
281 294
282 282
282 283
282 294
282 295
283 283
283 284
283 295
283 296
284 284
284 285
284 296
284 297
285 285
285 286
285 297
285 298
286 286
286 287
286 298
286 299
287 287
287 288
287 299
287 300
288 288
288 300
288 301
288 476
288 487
289 289
289 290
289 302
289 303
290 290
290 291
290 303
290 304
291 291
291 292
291 304
291 305
292 292
292 293
292 305
292 306
293 293
293 294
293 306
293 307
294 294
294 295
294 307
294 308
295 295
295 296
295 308
295 309
296 296
296 297
296 309
296 310
297 297
297 298
297 310
297 311
298 298
298 299
298 311
298 312
299 299
299 300
299 312
299 313
300 300
300 301
300 313
300 314
301 301
301 314
301 315
301 487
301 499
302 302
302 303
302 316
302 317
303 303
303 304
303 317
303 318
304 304
304 305
304 318
304 319
305 305
305 306
305 319
305 320
306 306
306 307
306 320
306 321
307 307
307 308
307 321
307 322
308 308
308 309
308 322
308 323
309 309
309 310
309 323
309 324
310 310
310 311
310 324
310 325
311 311
311 312
311 325
311 326
312 312
312 313
312 326
312 327
313 313
313 314
313 327
313 328
314 314
314 315
314 328
314 329
315 315
315 329
315 330
315 499
315 512
316 316
316 317
316 331
316 332
317 317
317 318
317 332
317 333
318 318
318 319
318 333
318 334
319 319
319 320
319 334
319 335
320 320
320 321
320 335
320 336
321 321
321 322
321 336
321 337
322 322
322 323
322 337
322 338
323 323
323 324
323 338
323 339
324 324
324 325
324 339
324 340
325 325
325 326
325 340
325 341
326 326
326 327
326 341
326 342
327 327
327 328
327 342
327 343
328 328
328 329
328 343
328 344
329 329
329 330
329 344
329 345
330 330
330 345
330 346
330 512
330 526
331 331
331 332
331 347
331 348
332 332
332 333
332 348
332 349
333 333
333 334
333 349
333 350
334 334
334 335
334 350
334 351
335 335
335 336
335 351
335 352
336 336
336 337
336 352
336 353
337 337
337 338
337 353
337 354
338 338
338 339
338 354
338 355
339 339
339 340
339 355
339 356
340 340
340 341
340 356
340 357
341 341
341 342
341 357
341 358
342 342
342 343
342 358
342 359
343 343
343 344
343 359
343 360
344 344
344 345
344 360
344 361
345 345
345 346
345 361
345 362
346 346
346 362
346 363
346 526
346 541
347 347
347 348
347 364
347 365
348 348
348 349
348 365
348 366
349 349
349 350
349 366
349 367
350 350
350 351
350 367
350 368
351 351
351 352
351 368
351 369
352 352
352 353
352 369
352 370
353 353
353 354
353 370
353 371
354 354
354 355
354 371
354 372
355 355
355 356
355 372
355 373
356 356
356 357
356 373
356 374
357 357
357 358
357 374
357 375
358 358
358 359
358 375
358 376
359 359
359 360
359 376
359 377
360 360
360 361
360 377
360 378
361 361
361 362
361 378
361 379
362 362
362 363
362 379
362 380
363 363
363 380
363 381
363 541
363 557
364 364
364 365
364 382
364 383
365 365
365 366
365 383
365 384
366 366
366 367
366 384
366 385
367 367
367 368
367 385
367 386
368 368
368 369
368 386
368 387
369 369
369 370
369 387
369 388
370 370
370 371
370 388
370 389
371 371
371 372
371 389
371 390
372 372
372 373
372 390
372 391
373 373
373 374
373 391
373 392
374 374
374 375
374 392
374 393
375 375
375 376
375 393
375 394
376 376
376 377
376 394
376 395
377 377
377 378
377 395
377 396
378 378
378 379
378 396
378 397
379 379
379 380
379 397
379 398
380 380
380 381
380 398
380 399
381 381
381 399
381 400
381 557
381 574
382 382
382 383
382 401
382 402
383 383
383 384
383 402
383 403
384 384
384 385
384 403
384 404
385 385
385 386
385 404
385 405
386 386
386 387
386 405
386 406
387 387
387 388
387 406
387 407
388 388
388 389
388 407
388 408
389 389
389 390
389 408
389 409
390 390
390 391
390 409
390 410
391 391
391 392
391 410
391 411
392 392
392 393
392 411
392 412
393 393
393 394
393 412
393 413
394 394
394 395
394 413
394 414
395 395
395 396
395 414
395 415
396 396
396 397
396 415
396 416
397 397
397 398
397 416
397 417
398 398
398 399
398 417
398 418
399 399
399 400
399 418
399 419
400 400
400 419
400 420
400 574
400 592
401 401
401 402
401 1196
401 1776
402 402
402 403
402 1196
402 1197
403 403
403 404
403 1197
403 1198
404 404
404 405
404 1198
404 1199
405 405
405 406
405 1199
405 1200
406 406
406 407
406 1200
406 1201
407 407
407 408
407 1201
407 1202
408 408
408 409
408 1202
408 1203
409 409
409 410
409 1203
409 1204
410 410
410 411
410 1204
410 1205
411 411
411 412
411 1205
411 1206
412 412
412 413
412 1206
412 1207
413 413
413 414
413 1207
413 1208
414 414
414 415
414 1208
414 1209
415 415
415 416
415 1209
415 1210
416 416
416 417
416 1210
416 1211
417 417
417 418
417 1211
417 1212
418 418
418 419
418 1212
418 1213
419 419
419 420
419 1213
419 1214
420 420
420 592
420 611
420 1214
420 1831
421 421
421 422
421 423
421 631
422 422
422 423
422 424
422 425
423 423
423 425
423 426
423 631
423 632
424 424
424 425
424 427
424 428
425 425
425 426
425 428
425 429
426 426
426 429
426 430
426 632
426 634
427 427
427 428
427 431
427 432
428 428
428 429
428 432
428 433
429 429
429 430
429 433
429 434
430 430
430 434
430 435
430 634
430 637
431 431
431 432
431 436
431 437
432 432
432 433
432 437
432 438
433 433
433 434
433 438
433 439
434 434
434 435
434 439
434 440
435 435
435 440
435 441
435 637
435 641
436 436
436 437
436 442
436 443
437 437
437 438
437 443
437 444
438 438
438 439
438 444
438 445
439 439
439 440
439 445
439 446
440 440
440 441
440 446
440 447
441 441
441 447
441 448
441 641
441 646
442 442
442 443
442 449
442 450
443 443
443 444
443 450
443 451
444 444
444 445
444 451
444 452
445 445
445 446
445 452
445 453
446 446
446 447
446 453
446 454
447 447
447 448
447 454
447 455
448 448
448 455
448 456
448 646
448 652
449 449
449 450
449 457
449 458
450 450
450 451
450 458
450 459
451 451
451 452
451 459
451 460
452 452
452 453
452 460
452 461
453 453
453 454
453 461
453 462
454 454
454 455
454 462
454 463
455 455
455 456
455 463
455 464
456 456
456 464
456 465
456 652
456 659
457 457
457 458
457 466
457 467
458 458
458 459
458 467
458 468
459 459
459 460
459 468
459 469
460 460
460 461
460 469
460 470
461 461
461 462
461 470
461 471
462 462
462 463
462 471
462 472
463 463
463 464
463 472
463 473
464 464
464 465
464 473
464 474
465 465
465 474
465 475
465 659
465 667
466 466
466 467
466 476
466 477
467 467
467 468
467 477
467 478
468 468
468 469
468 478
468 479
469 469
469 470
469 479
469 480
470 470
470 471
470 480
470 481
471 471
471 472
471 481
471 482
472 472
472 473
472 482
472 483
473 473
473 474
473 483
473 484
474 474
474 475
474 484
474 485
475 475
475 485
475 486
475 667
475 676
476 476
476 477
476 487
476 488
477 477
477 478
477 488
477 489
478 478
478 479
478 489
478 490
479 479
479 480
479 490
479 491
480 480
480 481
480 491
480 492
481 481
481 482
481 492
481 493
482 482
482 483
482 493
482 494
483 483
483 484
483 494
483 495
484 484
484 485
484 495
484 496
485 485
485 486
485 496
485 497
486 486
486 497
486 498
486 676
486 686
487 487
487 488
487 499
487 500
488 488
488 489
488 500
488 501
489 489
489 490
489 501
489 502
490 490
490 491
490 502
490 503
491 491
491 492
491 503
491 504
492 492
492 493
492 504
492 505
493 493
493 494
493 505
493 506
494 494
494 495
494 506
494 507
495 495
495 496
495 507
495 508
496 496
496 497
496 508
496 509
497 497
497 498
497 509
497 510
498 498
498 510
498 511
498 686
498 697
499 499
499 500
499 512
499 513
500 500
500 501
500 513
500 514
501 501
501 502
501 514
501 515
502 502
502 503
502 515
502 516
503 503
503 504
503 516
503 517
504 504
504 505
504 517
504 518
505 505
505 506
505 518
505 519
506 506
506 507
506 519
506 520
507 507
507 508
507 520
507 521
508 508
508 509
508 521
508 522
509 509
509 510
509 522
509 523
510 510
510 511
510 523
510 524
511 511
511 524
511 525
511 697
511 709
512 512
512 513
512 526
512 527
513 513
513 514
513 527
513 528
514 514
514 515
514 528
514 529
515 515
515 516
515 529
515 530
516 516
516 517
516 530
516 531
517 517
517 518
517 531
517 532
518 518
518 519
518 532
518 533
519 519
519 520
519 533
519 534
520 520
520 521
520 534
520 535
521 521
521 522
521 535
521 536
522 522
522 523
522 536
522 537
523 523
523 524
523 537
523 538
524 524
524 525
524 538
524 539
525 525
525 539
525 540
525 709
525 722
526 526
526 527
526 541
526 542
527 527
527 528
527 542
527 543
528 528
528 529
528 543
528 544
529 529
529 530
529 544
529 545
530 530
530 531
530 545
530 546
531 531
531 532
531 546
531 547
532 532
532 533
532 547
532 548
533 533
533 534
533 548
533 549
534 534
534 535
534 549
534 550
535 535
535 536
535 550
535 551
536 536
536 537
536 551
536 552
537 537
537 538
537 552
537 553
538 538
538 539
538 553
538 554
539 539
539 540
539 554
539 555
540 540
540 555
540 556
540 722
540 736
541 541
541 542
541 557
541 558
542 542
542 543
542 558
542 559
543 543
543 544
543 559
543 560
544 544
544 545
544 560
544 561
545 545
545 546
545 561
545 562
546 546
546 547
546 562
546 563
547 547
547 548
547 563
547 564
548 548
548 549
548 564
548 565
549 549
549 550
549 565
549 566
550 550
550 551
550 566
550 567
551 551
551 552
551 567
551 568
552 552
552 553
552 568
552 569
553 553
553 554
553 569
553 570
554 554
554 555
554 570
554 571
555 555
555 556
555 571
555 572
556 556
556 572
556 573
556 736
556 751
557 557
557 558
557 574
557 575
558 558
558 559
558 575
558 576
559 559
559 560
559 576
559 577
560 560
560 561
560 577
560 578
561 561
561 562
561 578
561 579
562 562
562 563
562 579
562 580
563 563
563 564
563 580
563 581
564 564
564 565
564 581
564 582
565 565
565 566
565 582
565 583
566 566
566 567
566 583
566 584
567 567
567 568
567 584
567 585
568 568
568 569
568 585
568 586
569 569
569 570
569 586
569 587
570 570
570 571
570 587
570 588
571 571
571 572
571 588
571 589
572 572
572 573
572 589
572 590
573 573
573 590
573 591
573 751
573 767
574 574
574 575
574 592
574 593
575 575
575 576
575 593
575 594
576 576
576 577
576 594
576 595
577 577
577 578
577 595
577 596
578 578
578 579
578 596
578 597
579 579
579 580
579 597
579 598
580 580
580 581
580 598
580 599
581 581
581 582
581 599
581 600
582 582
582 583
582 600
582 601
583 583
583 584
583 601
583 602
584 584
584 585
584 602
584 603
585 585
585 586
585 603
585 604
586 586
586 587
586 604
586 605
587 587
587 588
587 605
587 606
588 588
588 589
588 606
588 607
589 589
589 590
589 607
589 608
590 590
590 591
590 608
590 609
591 591
591 609
591 610
591 767
591 784
592 592
592 593
592 611
592 612
593 593
593 594
593 612
593 613
594 594
594 595
594 613
594 614
595 595
595 596
595 614
595 615
596 596
596 597
596 615
596 616
597 597
597 598
597 616
597 617
598 598
598 599
598 617
598 618
599 599
599 600
599 618
599 619
600 600
600 601
600 619
600 620
601 601
601 602
601 620
601 621
602 602
602 603
602 621
602 622
603 603
603 604
603 622
603 623
604 604
604 605
604 623
604 624
605 605
605 606
605 624
605 625
606 606
606 607
606 625
606 626
607 607
607 608
607 626
607 627
608 608
608 609
608 627
608 628
609 609
609 610
609 628
609 629
610 610
610 629
610 630
610 784
610 802
611 611
611 612
611 1341
611 1831
612 612
612 613
612 1341
612 1342
613 613
613 614
613 1342
613 1343
614 614
614 615
614 1343
614 1344
615 615
615 616
615 1344
615 1345
616 616
616 617
616 1345
616 1346
617 617
617 618
617 1346
617 1347
618 618
618 619
618 1347
618 1348
619 619
619 620
619 1348
619 1349
620 620
620 621
620 1349
620 1350
621 621
621 622
621 1350
621 1351
622 622
622 623
622 1351
622 1352
623 623
623 624
623 1352
623 1353
624 624
624 625
624 1353
624 1354
625 625
625 626
625 1354
625 1355
626 626
626 627
626 1355
626 1356
627 627
627 628
627 1356
627 1357
628 628
628 629
628 1357
628 1358
629 629
629 630
629 1358
629 1359
630 630
630 802
630 821
630 1359
630 1886
631 631
631 632
631 633
631 841
632 632
632 633
632 634
632 635
633 633
633 635
633 636
633 841
633 842
634 634
634 635
634 637
634 638
635 635
635 636
635 638
635 639
636 636
636 639
636 640
636 842
636 844
637 637
637 638
637 641
637 642
638 638
638 639
638 642
638 643
639 639
639 640
639 643
639 644
640 640
640 644
640 645
640 844
640 847
641 641
641 642
641 646
641 647
642 642
642 643
642 647
642 648
643 643
643 644
643 648
643 649
644 644
644 645
644 649
644 650
645 645
645 650
645 651
645 847
645 851
646 646
646 647
646 652
646 653
647 647
647 648
647 653
647 654
648 648
648 649
648 654
648 655
649 649
649 650
649 655
649 656
650 650
650 651
650 656
650 657
651 651
651 657
651 658
651 851
651 856
652 652
652 653
652 659
652 660
653 653
653 654
653 660
653 661
654 654
654 655
654 661
654 662
655 655
655 656
655 662
655 663
656 656
656 657
656 663
656 664
657 657
657 658
657 664
657 665
658 658
658 665
658 666
658 856
658 862
659 659
659 660
659 667
659 668
660 660
660 661
660 668
660 669
661 661
661 662
661 669
661 670
662 662
662 663
662 670
662 671
663 663
663 664
663 671
663 672
664 664
664 665
664 672
664 673
665 665
665 666
665 673
665 674
666 666
666 674
666 675
666 862
666 869
667 667
667 668
667 676
667 677
668 668
668 669
668 677
668 678
669 669
669 670
669 678
669 679
670 670
670 671
670 679
670 680
671 671
671 672
671 680
671 681
672 672
672 673
672 681
672 682
673 673
673 674
673 682
673 683
674 674
674 675
674 683
674 684
675 675
675 684
675 685
675 869
675 877
676 676
676 677
676 686
676 687
677 677
677 678
677 687
677 688
678 678
678 679
678 688
678 689
679 679
679 680
679 689
679 690
680 680
680 681
680 690
680 691
681 681
681 682
681 691
681 692
682 682
682 683
682 692
682 693
683 683
683 684
683 693
683 694
684 684
684 685
684 694
684 695
685 685
685 695
685 696
685 877
685 886
686 686
686 687
686 697
686 698
687 687
687 688
687 698
687 699
688 688
688 689
688 699
688 700
689 689
689 690
689 700
689 701
690 690
690 691
690 701
690 702
691 691
691 692
691 702
691 703
692 692
692 693
692 703
692 704
693 693
693 694
693 704
693 705
694 694
694 695
694 705
694 706
695 695
695 696
695 706
695 707
696 696
696 707
696 708
696 886
696 896
697 697
697 698
697 709
697 710
698 698
698 699
698 710
698 711
699 699
699 700
699 711
699 712
700 700
700 701
700 712
700 713
701 701
701 702
701 713
701 714
702 702
702 703
702 714
702 715
703 703
703 704
703 715
703 716
704 704
704 705
704 716
704 717
705 705
705 706
705 717
705 718
706 706
706 707
706 718
706 719
707 707
707 708
707 719
707 720
708 708
708 720
708 721
708 896
708 907
709 709
709 710
709 722
709 723
710 710
710 711
710 723
710 724
711 711
711 712
711 724
711 725
712 712
712 713
712 725
712 726
713 713
713 714
713 726
713 727
714 714
714 715
714 727
714 728
715 715
715 716
715 728
715 729
716 716
716 717
716 729
716 730
717 717
717 718
717 730
717 731
718 718
718 719
718 731
718 732
719 719
719 720
719 732
719 733
720 720
720 721
720 733
720 734
721 721
721 734
721 735
721 907
721 919
722 722
722 723
722 736
722 737
723 723
723 724
723 737
723 738
724 724
724 725
724 738
724 739
725 725
725 726
725 739
725 740
726 726
726 727
726 740
726 741
727 727
727 728
727 741
727 742
728 728
728 729
728 742
728 743
729 729
729 730
729 743
729 744
730 730
730 731
730 744
730 745
731 731
731 732
731 745
731 746
732 732
732 733
732 746
732 747
733 733
733 734
733 747
733 748
734 734
734 735
734 748
734 749
735 735
735 749
735 750
735 919
735 932
736 736
736 737
736 751
736 752
737 737
737 738
737 752
737 753
738 738
738 739
738 753
738 754
739 739
739 740
739 754
739 755
740 740
740 741
740 755
740 756
741 741
741 742
741 756
741 757
742 742
742 743
742 757
742 758
743 743
743 744
743 758
743 759
744 744
744 745
744 759
744 760
745 745
745 746
745 760
745 761
746 746
746 747
746 761
746 762
747 747
747 748
747 762
747 763
748 748
748 749
748 763
748 764
749 749
749 750
749 764
749 765
750 750
750 765
750 766
750 932
750 946
751 751
751 752
751 767
751 768
752 752
752 753
752 768
752 769
753 753
753 754
753 769
753 770
754 754
754 755
754 770
754 771
755 755
755 756
755 771
755 772
756 756
756 757
756 772
756 773
757 757
757 758
757 773
757 774
758 758
758 759
758 774
758 775
759 759
759 760
759 775
759 776
760 760
760 761
760 776
760 777
761 761
761 762
761 777
761 778
762 762
762 763
762 778
762 779
763 763
763 764
763 779
763 780
764 764
764 765
764 780
764 781
765 765
765 766
765 781
765 782
766 766
766 782
766 783
766 946
766 961
767 767
767 768
767 784
767 785
768 768
768 769
768 785
768 786
769 769
769 770
769 786
769 787
770 770
770 771
770 787
770 788
771 771
771 772
771 788
771 789
772 772
772 773
772 789
772 790
773 773
773 774
773 790
773 791
774 774
774 775
774 791
774 792
775 775
775 776
775 792
775 793
776 776
776 777
776 793
776 794
777 777
777 778
777 794
777 795
778 778
778 779
778 795
778 796
779 779
779 780
779 796
779 797
780 780
780 781
780 797
780 798
781 781
781 782
781 798
781 799
782 782
782 783
782 799
782 800
783 783
783 800
783 801
783 961
783 977
784 784
784 785
784 802
784 803
785 785
785 786
785 803
785 804
786 786
786 787
786 804
786 805
787 787
787 788
787 805
787 806
788 788
788 789
788 806
788 807
789 789
789 790
789 807
789 808
790 790
790 791
790 808
790 809
791 791
791 792
791 809
791 810
792 792
792 793
792 810
792 811
793 793
793 794
793 811
793 812
794 794
794 795
794 812
794 813
795 795
795 796
795 813
795 814
796 796
796 797
796 814
796 815
797 797
797 798
797 815
797 816
798 798
798 799
798 816
798 817
799 799
799 800
799 817
799 818
800 800
800 801
800 818
800 819
801 801
801 819
801 820
801 977
801 994
802 802
802 803
802 821
802 822
803 803
803 804
803 822
803 823
804 804
804 805
804 823
804 824
805 805
805 806
805 824
805 825
806 806
806 807
806 825
806 826
807 807
807 808
807 826
807 827
808 808
808 809
808 827
808 828
809 809
809 810
809 828
809 829
810 810
810 811
810 829
810 830
811 811
811 812
811 830
811 831
812 812
812 813
812 831
812 832
813 813
813 814
813 832
813 833
814 814
814 815
814 833
814 834
815 815
815 816
815 834
815 835
816 816
816 817
816 835
816 836
817 817
817 818
817 836
817 837
818 818
818 819
818 837
818 838
819 819
819 820
819 838
819 839
820 820
820 839
820 840
820 994
820 1012
821 821
821 822
821 1486
821 1886
822 822
822 823
822 1486
822 1487
823 823
823 824
823 1487
823 1488
824 824
824 825
824 1488
824 1489
825 825
825 826
825 1489
825 1490
826 826
826 827
826 1490
826 1491
827 827
827 828
827 1491
827 1492
828 828
828 829
828 1492
828 1493
829 829
829 830
829 1493
829 1494
830 830
830 831
830 1494
830 1495
831 831
831 832
831 1495
831 1496
832 832
832 833
832 1496
832 1497
833 833
833 834
833 1497
833 1498
834 834
834 835
834 1498
834 1499
835 835
835 836
835 1499
835 1500
836 836
836 837
836 1500
836 1501
837 837
837 838
837 1501
837 1502
838 838
838 839
838 1502
838 1503
839 839
839 840
839 1503
839 1504
840 840
840 1012
840 1031
840 1504
840 1941
841 841
841 842
841 843
842 842
842 843
842 844
842 845
843 843
843 845
843 846
844 844
844 845
844 847
844 848
845 845
845 846
845 848
845 849
846 846
846 849
846 850
847 847
847 848
847 851
847 852
848 848
848 849
848 852
848 853
849 849
849 850
849 853
849 854
850 850
850 854
850 855
851 851
851 852
851 856
851 857
852 852
852 853
852 857
852 858
853 853
853 854
853 858
853 859
854 854
854 855
854 859
854 860
855 855
855 860
855 861
856 856
856 857
856 862
856 863
857 857
857 858
857 863
857 864
858 858
858 859
858 864
858 865
859 859
859 860
859 865
859 866
860 860
860 861
860 866
860 867
861 861
861 867
861 868
862 862
862 863
862 869
862 870
863 863
863 864
863 870
863 871
864 864
864 865
864 871
864 872
865 865
865 866
865 872
865 873
866 866
866 867
866 873
866 874
867 867
867 868
867 874
867 875
868 868
868 875
868 876
869 869
869 870
869 877
869 878
870 870
870 871
870 878
870 879
871 871
871 872
871 879
871 880
872 872
872 873
872 880
872 881
873 873
873 874
873 881
873 882
874 874
874 875
874 882
874 883
875 875
875 876
875 883
875 884
876 876
876 884
876 885
877 877
877 878
877 886
877 887
878 878
878 879
878 887
878 888
879 879
879 880
879 888
879 889
880 880
880 881
880 889
880 890
881 881
881 882
881 890
881 891
882 882
882 883
882 891
882 892
883 883
883 884
883 892
883 893
884 884
884 885
884 893
884 894
885 885
885 894
885 895
886 886
886 887
886 896
886 897
887 887
887 888
887 897
887 898
888 888
888 889
888 898
888 899
889 889
889 890
889 899
889 900
890 890
890 891
890 900
890 901
891 891
891 892
891 901
891 902
892 892
892 893
892 902
892 903
893 893
893 894
893 903
893 904
894 894
894 895
894 904
894 905
895 895
895 905
895 906
896 896
896 897
896 907
896 908
897 897
897 898
897 908
897 909
898 898
898 899
898 909
898 910
899 899
899 900
899 910
899 911
900 900
900 901
900 911
900 912
901 901
901 902
901 912
901 913
902 902
902 903
902 913
902 914
903 903
903 904
903 914
903 915
904 904
904 905
904 915
904 916
905 905
905 906
905 916
905 917
906 906
906 917
906 918
907 907
907 908
907 919
907 920
908 908
908 909
908 920
908 921
909 909
909 910
909 921
909 922
910 910
910 911
910 922
910 923
911 911
911 912
911 923
911 924
912 912
912 913
912 924
912 925
913 913
913 914
913 925
913 926
914 914
914 915
914 926
914 927
915 915
915 916
915 927
915 928
916 916
916 917
916 928
916 929
917 917
917 918
917 929
917 930
918 918
918 930
918 931
919 919
919 920
919 932
919 933
920 920
920 921
920 933
920 934
921 921
921 922
921 934
921 935
922 922
922 923
922 935
922 936
923 923
923 924
923 936
923 937
924 924
924 925
924 937
924 938
925 925
925 926
925 938
925 939
926 926
926 927
926 939
926 940
927 927
927 928
927 940
927 941
928 928
928 929
928 941
928 942
929 929
929 930
929 942
929 943
930 930
930 931
930 943
930 944
931 931
931 944
931 945
932 932
932 933
932 946
932 947
933 933
933 934
933 947
933 948
934 934
934 935
934 948
934 949
935 935
935 936
935 949
935 950
936 936
936 937
936 950
936 951
937 937
937 938
937 951
937 952
938 938
938 939
938 952
938 953
939 939
939 940
939 953
939 954
940 940
940 941
940 954
940 955
941 941
941 942
941 955
941 956
942 942
942 943
942 956
942 957
943 943
943 944
943 957
943 958
944 944
944 945
944 958
944 959
945 945
945 959
945 960
946 946
946 947
946 961
946 962
947 947
947 948
947 962
947 963
948 948
948 949
948 963
948 964
949 949
949 950
949 964
949 965
950 950
950 951
950 965
950 966
951 951
951 952
951 966
951 967
952 952
952 953
952 967
952 968
953 953
953 954
953 968
953 969
954 954
954 955
954 969
954 970
955 955
955 956
955 970
955 971
956 956
956 957
956 971
956 972
957 957
957 958
957 972
957 973
958 958
958 959
958 973
958 974
959 959
959 960
959 974
959 975
960 960
960 975
960 976
961 961
961 962
961 977
961 978
962 962
962 963
962 978
962 979
963 963
963 964
963 979
963 980
964 964
964 965
964 980
964 981
965 965
965 966
965 981
965 982
966 966
966 967
966 982
966 983
967 967
967 968
967 983
967 984
968 968
968 969
968 984
968 985
969 969
969 970
969 985
969 986
970 970
970 971
970 986
970 987
971 971
971 972
971 987
971 988
972 972
972 973
972 988
972 989
973 973
973 974
973 989
973 990
974 974
974 975
974 990
974 991
975 975
975 976
975 991
975 992
976 976
976 992
976 993
977 977
977 978
977 994
977 995
978 978
978 979
978 995
978 996
979 979
979 980
979 996
979 997
980 980
980 981
980 997
980 998
981 981
981 982
981 998
981 999
982 982
982 983
982 999
982 1000
983 983
983 984
983 1000
983 1001
984 984
984 985
984 1001
984 1002
985 985
985 986
985 1002
985 1003
986 986
986 987
986 1003
986 1004
987 987
987 988
987 1004
987 1005
988 988
988 989
988 1005
988 1006
989 989
989 990
989 1006
989 1007
990 990
990 991
990 1007
990 1008
991 991
991 992
991 1008
991 1009
992 992
992 993
992 1009
992 1010
993 993
993 1010
993 1011
994 994
994 995
994 1012
994 1013
995 995
995 996
995 1013
995 1014
996 996
996 997
996 1014
996 1015
997 997
997 998
997 1015
997 1016
998 998
998 999
998 1016
998 1017
999 999
999 1000
999 1017
999 1018
1000 1000
1000 1001
1000 1018
1000 1019
1001 1001
1001 1002
1001 1019
1001 1020
1002 1002
1002 1003
1002 1020
1002 1021
1003 1003
1003 1004
1003 1021
1003 1022
1004 1004
1004 1005
1004 1022
1004 1023
1005 1005
1005 1006
1005 1023
1005 1024
1006 1006
1006 1007
1006 1024
1006 1025
1007 1007
1007 1008
1007 1025
1007 1026
1008 1008
1008 1009
1008 1026
1008 1027
1009 1009
1009 1010
1009 1027
1009 1028
1010 1010
1010 1011
1010 1028
1010 1029
1011 1011
1011 1029
1011 1030
1012 1012
1012 1013
1012 1031
1012 1032
1013 1013
1013 1014
1013 1032
1013 1033
1014 1014
1014 1015
1014 1033
1014 1034
1015 1015
1015 1016
1015 1034
1015 1035
1016 1016
1016 1017
1016 1035
1016 1036
1017 1017
1017 1018
1017 1036
1017 1037
1018 1018
1018 1019
1018 1037
1018 1038
1019 1019
1019 1020
1019 1038
1019 1039
1020 1020
1020 1021
1020 1039
1020 1040
1021 1021
1021 1022
1021 1040
1021 1041
1022 1022
1022 1023
1022 1041
1022 1042
1023 1023
1023 1024
1023 1042
1023 1043
1024 1024
1024 1025
1024 1043
1024 1044
1025 1025
1025 1026
1025 1044
1025 1045
1026 1026
1026 1027
1026 1045
1026 1046
1027 1027
1027 1028
1027 1046
1027 1047
1028 1028
1028 1029
1028 1047
1028 1048
1029 1029
1029 1030
1029 1048
1029 1049
1030 1030
1030 1049
1030 1050
1031 1031
1031 1032
1031 1631
1031 1941
1032 1032
1032 1033
1032 1631
1032 1632
1033 1033
1033 1034
1033 1632
1033 1633
1034 1034
1034 1035
1034 1633
1034 1634
1035 1035
1035 1036
1035 1634
1035 1635
1036 1036
1036 1037
1036 1635
1036 1636
1037 1037
1037 1038
1037 1636
1037 1637
1038 1038
1038 1039
1038 1637
1038 1638
1039 1039
1039 1040
1039 1638
1039 1639
1040 1040
1040 1041
1040 1639
1040 1640
1041 1041
1041 1042
1041 1640
1041 1641
1042 1042
1042 1043
1042 1641
1042 1642
1043 1043
1043 1044
1043 1642
1043 1643
1044 1044
1044 1045
1044 1643
1044 1644
1045 1045
1045 1046
1045 1644
1045 1645
1046 1046
1046 1047
1046 1645
1046 1646
1047 1047
1047 1048
1047 1646
1047 1647
1048 1048
1048 1049
1048 1647
1048 1648
1049 1049
1049 1050
1049 1648
1049 1649
1050 1050
1050 1649
1050 1996
1051 1051
1051 1052
1051 1070
1051 1996
1051 1998
1052 1052
1052 1053
1052 1070
1052 1071
1053 1053
1053 1054
1053 1071
1053 1072
1054 1054
1054 1055
1054 1072
1054 1073
1055 1055
1055 1056
1055 1073
1055 1074
1056 1056
1056 1057
1056 1074
1056 1075
1057 1057
1057 1058
1057 1075
1057 1076
1058 1058
1058 1059
1058 1076
1058 1077
1059 1059
1059 1060
1059 1077
1059 1078
1060 1060
1060 1061
1060 1078
1060 1079
1061 1061
1061 1062
1061 1079
1061 1080
1062 1062
1062 1063
1062 1080
1062 1081
1063 1063
1063 1064
1063 1081
1063 1082
1064 1064
1064 1065
1064 1082
1064 1083
1065 1065
1065 1066
1065 1083
1065 1084
1066 1066
1066 1067
1066 1084
1066 1085
1067 1067
1067 1068
1067 1085
1067 1086
1068 1068
1068 1069
1068 1086
1068 1087
1069 1069
1069 1087
1069 1776
1069 1777
1070 1070
1070 1071
1070 1088
1070 1998
1070 2001
1071 1071
1071 1072
1071 1088
1071 1089
1072 1072
1072 1073
1072 1089
1072 1090
1073 1073
1073 1074
1073 1090
1073 1091
1074 1074
1074 1075
1074 1091
1074 1092
1075 1075
1075 1076
1075 1092
1075 1093
1076 1076
1076 1077
1076 1093
1076 1094
1077 1077
1077 1078
1077 1094
1077 1095
1078 1078
1078 1079
1078 1095
1078 1096
1079 1079
1079 1080
1079 1096
1079 1097
1080 1080
1080 1081
1080 1097
1080 1098
1081 1081
1081 1082
1081 1098
1081 1099
1082 1082
1082 1083
1082 1099
1082 1100
1083 1083
1083 1084
1083 1100
1083 1101
1084 1084
1084 1085
1084 1101
1084 1102
1085 1085
1085 1086
1085 1102
1085 1103
1086 1086
1086 1087
1086 1103
1086 1104
1087 1087
1087 1104
1087 1777
1087 1779
1088 1088
1088 1089
1088 1105
1088 2001
1088 2005
1089 1089
1089 1090
1089 1105
1089 1106
1090 1090
1090 1091
1090 1106
1090 1107
1091 1091
1091 1092
1091 1107
1091 1108
1092 1092
1092 1093
1092 1108
1092 1109
1093 1093
1093 1094
1093 1109
1093 1110
1094 1094
1094 1095
1094 1110
1094 1111
1095 1095
1095 1096
1095 1111
1095 1112
1096 1096
1096 1097
1096 1112
1096 1113
1097 1097
1097 1098
1097 1113
1097 1114
1098 1098
1098 1099
1098 1114
1098 1115
1099 1099
1099 1100
1099 1115
1099 1116
1100 1100
1100 1101
1100 1116
1100 1117
1101 1101
1101 1102
1101 1117
1101 1118
1102 1102
1102 1103
1102 1118
1102 1119
1103 1103
1103 1104
1103 1119
1103 1120
1104 1104
1104 1120
1104 1779
1104 1782
1105 1105
1105 1106
1105 1121
1105 2005
1105 2010
1106 1106
1106 1107
1106 1121
1106 1122
1107 1107
1107 1108
1107 1122
1107 1123
1108 1108
1108 1109
1108 1123
1108 1124
1109 1109
1109 1110
1109 1124
1109 1125
1110 1110
1110 1111
1110 1125
1110 1126
1111 1111
1111 1112
1111 1126
1111 1127
1112 1112
1112 1113
1112 1127
1112 1128
1113 1113
1113 1114
1113 1128
1113 1129
1114 1114
1114 1115
1114 1129
1114 1130
1115 1115
1115 1116
1115 1130
1115 1131
1116 1116
1116 1117
1116 1131
1116 1132
1117 1117
1117 1118
1117 1132
1117 1133
1118 1118
1118 1119
1118 1133
1118 1134
1119 1119
1119 1120
1119 1134
1119 1135
1120 1120
1120 1135
1120 1782
1120 1786
1121 1121
1121 1122
1121 1136
1121 2010
1121 2016
1122 1122
1122 1123
1122 1136
1122 1137
1123 1123
1123 1124
1123 1137
1123 1138
1124 1124
1124 1125
1124 1138
1124 1139
1125 1125
1125 1126
1125 1139
1125 1140
1126 1126
1126 1127
1126 1140
1126 1141
1127 1127
1127 1128
1127 1141
1127 1142
1128 1128
1128 1129
1128 1142
1128 1143
1129 1129
1129 1130
1129 1143
1129 1144
1130 1130
1130 1131
1130 1144
1130 1145
1131 1131
1131 1132
1131 1145
1131 1146
1132 1132
1132 1133
1132 1146
1132 1147
1133 1133
1133 1134
1133 1147
1133 1148
1134 1134
1134 1135
1134 1148
1134 1149
1135 1135
1135 1149
1135 1786
1135 1791
1136 1136
1136 1137
1136 1150
1136 2016
1136 2023
1137 1137
1137 1138
1137 1150
1137 1151
1138 1138
1138 1139
1138 1151
1138 1152
1139 1139
1139 1140
1139 1152
1139 1153
1140 1140
1140 1141
1140 1153
1140 1154
1141 1141
1141 1142
1141 1154
1141 1155
1142 1142
1142 1143
1142 1155
1142 1156
1143 1143
1143 1144
1143 1156
1143 1157
1144 1144
1144 1145
1144 1157
1144 1158
1145 1145
1145 1146
1145 1158
1145 1159
1146 1146
1146 1147
1146 1159
1146 1160
1147 1147
1147 1148
1147 1160
1147 1161
1148 1148
1148 1149
1148 1161
1148 1162
1149 1149
1149 1162
1149 1791
1149 1797
1150 1150
1150 1151
1150 1163
1150 2023
1150 2031
1151 1151
1151 1152
1151 1163
1151 1164
1152 1152
1152 1153
1152 1164
1152 1165
1153 1153
1153 1154
1153 1165
1153 1166
1154 1154
1154 1155
1154 1166
1154 1167
1155 1155
1155 1156
1155 1167
1155 1168
1156 1156
1156 1157
1156 1168
1156 1169
1157 1157
1157 1158
1157 1169
1157 1170
1158 1158
1158 1159
1158 1170
1158 1171
1159 1159
1159 1160
1159 1171
1159 1172
1160 1160
1160 1161
1160 1172
1160 1173
1161 1161
1161 1162
1161 1173
1161 1174
1162 1162
1162 1174
1162 1797
1162 1804
1163 1163
1163 1164
1163 1175
1163 2031
1163 2040
1164 1164
1164 1165
1164 1175
1164 1176
1165 1165
1165 1166
1165 1176
1165 1177
1166 1166
1166 1167
1166 1177
1166 1178
1167 1167
1167 1168
1167 1178
1167 1179
1168 1168
1168 1169
1168 1179
1168 1180
1169 1169
1169 1170
1169 1180
1169 1181
1170 1170
1170 1171
1170 1181
1170 1182
1171 1171
1171 1172
1171 1182
1171 1183
1172 1172
1172 1173
1172 1183
1172 1184
1173 1173
1173 1174
1173 1184
1173 1185
1174 1174
1174 1185
1174 1804
1174 1812
1175 1175
1175 1176
1175 1186
1175 2040
1175 2050
1176 1176
1176 1177
1176 1186
1176 1187
1177 1177
1177 1178
1177 1187
1177 1188
1178 1178
1178 1179
1178 1188
1178 1189
1179 1179
1179 1180
1179 1189
1179 1190
1180 1180
1180 1181
1180 1190
1180 1191
1181 1181
1181 1182
1181 1191
1181 1192
1182 1182
1182 1183
1182 1192
1182 1193
1183 1183
1183 1184
1183 1193
1183 1194
1184 1184
1184 1185
1184 1194
1184 1195
1185 1185
1185 1195
1185 1812
1185 1821
1186 1186
1186 1187
1186 2050
1186 2111
1187 1187
1187 1188
1187 2111
1188 1188
1188 1189
1188 2111
1189 1189
1189 1190
1189 2111
1190 1190
1190 1191
1190 2111
1191 1191
1191 1192
1191 2111
1192 1192
1192 1193
1192 2111
1193 1193
1193 1194
1193 2074
1193 2075
1193 2111
1194 1194
1194 1195
1194 2074
1195 1195
1195 1821
1195 2074
1196 1196
1196 1197
1196 1215
1196 1776
1196 1778
1197 1197
1197 1198
1197 1215
1197 1216
1198 1198
1198 1199
1198 1216
1198 1217
1199 1199
1199 1200
1199 1217
1199 1218
1200 1200
1200 1201
1200 1218
1200 1219
1201 1201
1201 1202
1201 1219
1201 1220
1202 1202
1202 1203
1202 1220
1202 1221
1203 1203
1203 1204
1203 1221
1203 1222
1204 1204
1204 1205
1204 1222
1204 1223
1205 1205
1205 1206
1205 1223
1205 1224
1206 1206
1206 1207
1206 1224
1206 1225
1207 1207
1207 1208
1207 1225
1207 1226
1208 1208
1208 1209
1208 1226
1208 1227
1209 1209
1209 1210
1209 1227
1209 1228
1210 1210
1210 1211
1210 1228
1210 1229
1211 1211
1211 1212
1211 1229
1211 1230
1212 1212
1212 1213
1212 1230
1212 1231
1213 1213
1213 1214
1213 1231
1213 1232
1214 1214
1214 1232
1214 1831
1214 1832
1215 1215
1215 1216
1215 1233
1215 1778
1215 1781
1216 1216
1216 1217
1216 1233
1216 1234
1217 1217
1217 1218
1217 1234
1217 1235
1218 1218
1218 1219
1218 1235
1218 1236
1219 1219
1219 1220
1219 1236
1219 1237
1220 1220
1220 1221
1220 1237
1220 1238
1221 1221
1221 1222
1221 1238
1221 1239
1222 1222
1222 1223
1222 1239
1222 1240
1223 1223
1223 1224
1223 1240
1223 1241
1224 1224
1224 1225
1224 1241
1224 1242
1225 1225
1225 1226
1225 1242
1225 1243
1226 1226
1226 1227
1226 1243
1226 1244
1227 1227
1227 1228
1227 1244
1227 1245
1228 1228
1228 1229
1228 1245
1228 1246
1229 1229
1229 1230
1229 1246
1229 1247
1230 1230
1230 1231
1230 1247
1230 1248
1231 1231
1231 1232
1231 1248
1231 1249
1232 1232
1232 1249
1232 1832
1232 1834
1233 1233
1233 1234
1233 1250
1233 1781
1233 1785
1234 1234
1234 1235
1234 1250
1234 1251
1235 1235
1235 1236
1235 1251
1235 1252
1236 1236
1236 1237
1236 1252
1236 1253
1237 1237
1237 1238
1237 1253
1237 1254
1238 1238
1238 1239
1238 1254
1238 1255
1239 1239
1239 1240
1239 1255
1239 1256
1240 1240
1240 1241
1240 1256
1240 1257
1241 1241
1241 1242
1241 1257
1241 1258
1242 1242
1242 1243
1242 1258
1242 1259
1243 1243
1243 1244
1243 1259
1243 1260
1244 1244
1244 1245
1244 1260
1244 1261
1245 1245
1245 1246
1245 1261
1245 1262
1246 1246
1246 1247
1246 1262
1246 1263
1247 1247
1247 1248
1247 1263
1247 1264
1248 1248
1248 1249
1248 1264
1248 1265
1249 1249
1249 1265
1249 1834
1249 1837
1250 1250
1250 1251
1250 1266
1250 1785
1250 1790
1251 1251
1251 1252
1251 1266
1251 1267
1252 1252
1252 1253
1252 1267
1252 1268
1253 1253
1253 1254
1253 1268
1253 1269
1254 1254
1254 1255
1254 1269
1254 1270
1255 1255
1255 1256
1255 1270
1255 1271
1256 1256
1256 1257
1256 1271
1256 1272
1257 1257
1257 1258
1257 1272
1257 1273
1258 1258
1258 1259
1258 1273
1258 1274
1259 1259
1259 1260
1259 1274
1259 1275
1260 1260
1260 1261
1260 1275
1260 1276
1261 1261
1261 1262
1261 1276
1261 1277
1262 1262
1262 1263
1262 1277
1262 1278
1263 1263
1263 1264
1263 1278
1263 1279
1264 1264
1264 1265
1264 1279
1264 1280
1265 1265
1265 1280
1265 1837
1265 1841
1266 1266
1266 1267
1266 1281
1266 1790
1266 1796
1267 1267
1267 1268
1267 1281
1267 1282
1268 1268
1268 1269
1268 1282
1268 1283
1269 1269
1269 1270
1269 1283
1269 1284
1270 1270
1270 1271
1270 1284
1270 1285
1271 1271
1271 1272
1271 1285
1271 1286
1272 1272
1272 1273
1272 1286
1272 1287
1273 1273
1273 1274
1273 1287
1273 1288
1274 1274
1274 1275
1274 1288
1274 1289
1275 1275
1275 1276
1275 1289
1275 1290
1276 1276
1276 1277
1276 1290
1276 1291
1277 1277
1277 1278
1277 1291
1277 1292
1278 1278
1278 1279
1278 1292
1278 1293
1279 1279
1279 1280
1279 1293
1279 1294
1280 1280
1280 1294
1280 1841
1280 1846
1281 1281
1281 1282
1281 1295
1281 1796
1281 1803
1282 1282
1282 1283
1282 1295
1282 1296
1283 1283
1283 1284
1283 1296
1283 1297
1284 1284
1284 1285
1284 1297
1284 1298
1285 1285
1285 1286
1285 1298
1285 1299
1286 1286
1286 1287
1286 1299
1286 1300
1287 1287
1287 1288
1287 1300
1287 1301
1288 1288
1288 1289
1288 1301
1288 1302
1289 1289
1289 1290
1289 1302
1289 1303
1290 1290
1290 1291
1290 1303
1290 1304
1291 1291
1291 1292
1291 1304
1291 1305
1292 1292
1292 1293
1292 1305
1292 1306
1293 1293
1293 1294
1293 1306
1293 1307
1294 1294
1294 1307
1294 1846
1294 1852
1295 1295
1295 1296
1295 1308
1295 1803
1295 1811
1296 1296
1296 1297
1296 1308
1296 1309
1297 1297
1297 1298
1297 1309
1297 1310
1298 1298
1298 1299
1298 1310
1298 1311
1299 1299
1299 1300
1299 1311
1299 1312
1300 1300
1300 1301
1300 1312
1300 1313
1301 1301
1301 1302
1301 1313
1301 1314
1302 1302
1302 1303
1302 1314
1302 1315
1303 1303
1303 1304
1303 1315
1303 1316
1304 1304
1304 1305
1304 1316
1304 1317
1305 1305
1305 1306
1305 1317
1305 1318
1306 1306
1306 1307
1306 1318
1306 1319
1307 1307
1307 1319
1307 1852
1307 1859
1308 1308
1308 1309
1308 1320
1308 1811
1308 1820
1309 1309
1309 1310
1309 1320
1309 1321
1310 1310
1310 1311
1310 1321
1310 1322
1311 1311
1311 1312
1311 1322
1311 1323
1312 1312
1312 1313
1312 1323
1312 1324
1313 1313
1313 1314
1313 1324
1313 1325
1314 1314
1314 1315
1314 1325
1314 1326
1315 1315
1315 1316
1315 1326
1315 1327
1316 1316
1316 1317
1316 1327
1316 1328
1317 1317
1317 1318
1317 1328
1317 1329
1318 1318
1318 1319
1318 1329
1318 1330
1319 1319
1319 1330
1319 1859
1319 1867
1320 1320
1320 1321
1320 1331
1320 1820
1320 1830
1321 1321
1321 1322
1321 1331
1321 1332
1322 1322
1322 1323
1322 1332
1322 1333
1323 1323
1323 1324
1323 1333
1323 1334
1324 1324
1324 1325
1324 1334
1324 1335
1325 1325
1325 1326
1325 1335
1325 1336
1326 1326
1326 1327
1326 1336
1326 1337
1327 1327
1327 1328
1327 1337
1327 1338
1328 1328
1328 1329
1328 1338
1328 1339
1329 1329
1329 1330
1329 1339
1329 1340
1330 1330
1330 1340
1330 1867
1330 1876
1331 1331
1331 1332
1331 1830
1331 2063
1331 2064
1331 2065
1331 2072
1331 2074
1332 1332
1332 1333
1332 2072
1333 1333
1333 1334
1333 2072
1334 1334
1334 1335
1334 2072
1335 1335
1335 1336
1335 2072
1336 1336
1336 1337
1336 2072
1337 1337
1337 1338
1337 2072
1338 1338
1338 1339
1338 2072
1339 1339
1339 1340
1339 2072
1340 1340
1340 1876
1340 2072
1341 1341
1341 1342
1341 1360
1341 1831
1341 1833
1342 1342
1342 1343
1342 1360
1342 1361
1343 1343
1343 1344
1343 1361
1343 1362
1344 1344
1344 1345
1344 1362
1344 1363
1345 1345
1345 1346
1345 1363
1345 1364
1346 1346
1346 1347
1346 1364
1346 1365
1347 1347
1347 1348
1347 1365
1347 1366
1348 1348
1348 1349
1348 1366
1348 1367
1349 1349
1349 1350
1349 1367
1349 1368
1350 1350
1350 1351
1350 1368
1350 1369
1351 1351
1351 1352
1351 1369
1351 1370
1352 1352
1352 1353
1352 1370
1352 1371
1353 1353
1353 1354
1353 1371
1353 1372
1354 1354
1354 1355
1354 1372
1354 1373
1355 1355
1355 1356
1355 1373
1355 1374
1356 1356
1356 1357
1356 1374
1356 1375
1357 1357
1357 1358
1357 1375
1357 1376
1358 1358
1358 1359
1358 1376
1358 1377
1359 1359
1359 1377
1359 1886
1359 1887
1360 1360
1360 1361
1360 1378
1360 1833
1360 1836
1361 1361
1361 1362
1361 1378
1361 1379
1362 1362
1362 1363
1362 1379
1362 1380
1363 1363
1363 1364
1363 1380
1363 1381
1364 1364
1364 1365
1364 1381
1364 1382
1365 1365
1365 1366
1365 1382
1365 1383
1366 1366
1366 1367
1366 1383
1366 1384
1367 1367
1367 1368
1367 1384
1367 1385
1368 1368
1368 1369
1368 1385
1368 1386
1369 1369
1369 1370
1369 1386
1369 1387
1370 1370
1370 1371
1370 1387
1370 1388
1371 1371
1371 1372
1371 1388
1371 1389
1372 1372
1372 1373
1372 1389
1372 1390
1373 1373
1373 1374
1373 1390
1373 1391
1374 1374
1374 1375
1374 1391
1374 1392
1375 1375
1375 1376
1375 1392
1375 1393
1376 1376
1376 1377
1376 1393
1376 1394
1377 1377
1377 1394
1377 1887
1377 1889
1378 1378
1378 1379
1378 1395
1378 1836
1378 1840
1379 1379
1379 1380
1379 1395
1379 1396
1380 1380
1380 1381
1380 1396
1380 1397
1381 1381
1381 1382
1381 1397
1381 1398
1382 1382
1382 1383
1382 1398
1382 1399
1383 1383
1383 1384
1383 1399
1383 1400
1384 1384
1384 1385
1384 1400
1384 1401
1385 1385
1385 1386
1385 1401
1385 1402
1386 1386
1386 1387
1386 1402
1386 1403
1387 1387
1387 1388
1387 1403
1387 1404
1388 1388
1388 1389
1388 1404
1388 1405
1389 1389
1389 1390
1389 1405
1389 1406
1390 1390
1390 1391
1390 1406
1390 1407
1391 1391
1391 1392
1391 1407
1391 1408
1392 1392
1392 1393
1392 1408
1392 1409
1393 1393
1393 1394
1393 1409
1393 1410
1394 1394
1394 1410
1394 1889
1394 1892
1395 1395
1395 1396
1395 1411
1395 1840
1395 1845
1396 1396
1396 1397
1396 1411
1396 1412
1397 1397
1397 1398
1397 1412
1397 1413
1398 1398
1398 1399
1398 1413
1398 1414
1399 1399
1399 1400
1399 1414
1399 1415
1400 1400
1400 1401
1400 1415
1400 1416
1401 1401
1401 1402
1401 1416
1401 1417
1402 1402
1402 1403
1402 1417
1402 1418
1403 1403
1403 1404
1403 1418
1403 1419
1404 1404
1404 1405
1404 1419
1404 1420
1405 1405
1405 1406
1405 1420
1405 1421
1406 1406
1406 1407
1406 1421
1406 1422
1407 1407
1407 1408
1407 1422
1407 1423
1408 1408
1408 1409
1408 1423
1408 1424
1409 1409
1409 1410
1409 1424
1409 1425
1410 1410
1410 1425
1410 1892
1410 1896
1411 1411
1411 1412
1411 1426
1411 1845
1411 1851
1412 1412
1412 1413
1412 1426
1412 1427
1413 1413
1413 1414
1413 1427
1413 1428
1414 1414
1414 1415
1414 1428
1414 1429
1415 1415
1415 1416
1415 1429
1415 1430
1416 1416
1416 1417
1416 1430
1416 1431
1417 1417
1417 1418
1417 1431
1417 1432
1418 1418
1418 1419
1418 1432
1418 1433
1419 1419
1419 1420
1419 1433
1419 1434
1420 1420
1420 1421
1420 1434
1420 1435
1421 1421
1421 1422
1421 1435
1421 1436
1422 1422
1422 1423
1422 1436
1422 1437
1423 1423
1423 1424
1423 1437
1423 1438
1424 1424
1424 1425
1424 1438
1424 1439
1425 1425
1425 1439
1425 1896
1425 1901
1426 1426
1426 1427
1426 1440
1426 1851
1426 1858
1427 1427
1427 1428
1427 1440
1427 1441
1428 1428
1428 1429
1428 1441
1428 1442
1429 1429
1429 1430
1429 1442
1429 1443
1430 1430
1430 1431
1430 1443
1430 1444
1431 1431
1431 1432
1431 1444
1431 1445
1432 1432
1432 1433
1432 1445
1432 1446
1433 1433
1433 1434
1433 1446
1433 1447
1434 1434
1434 1435
1434 1447
1434 1448
1435 1435
1435 1436
1435 1448
1435 1449
1436 1436
1436 1437
1436 1449
1436 1450
1437 1437
1437 1438
1437 1450
1437 1451
1438 1438
1438 1439
1438 1451
1438 1452
1439 1439
1439 1452
1439 1901
1439 1907
1440 1440
1440 1441
1440 1453
1440 1858
1440 1866
1441 1441
1441 1442
1441 1453
1441 1454
1442 1442
1442 1443
1442 1454
1442 1455
1443 1443
1443 1444
1443 1455
1443 1456
1444 1444
1444 1445
1444 1456
1444 1457
1445 1445
1445 1446
1445 1457
1445 1458
1446 1446
1446 1447
1446 1458
1446 1459
1447 1447
1447 1448
1447 1459
1447 1460
1448 1448
1448 1449
1448 1460
1448 1461
1449 1449
1449 1450
1449 1461
1449 1462
1450 1450
1450 1451
1450 1462
1450 1463
1451 1451
1451 1452
1451 1463
1451 1464
1452 1452
1452 1464
1452 1907
1452 1914
1453 1453
1453 1454
1453 1465
1453 1866
1453 1875
1454 1454
1454 1455
1454 1465
1454 1466
1455 1455
1455 1456
1455 1466
1455 1467
1456 1456
1456 1457
1456 1467
1456 1468
1457 1457
1457 1458
1457 1468
1457 1469
1458 1458
1458 1459
1458 1469
1458 1470
1459 1459
1459 1460
1459 1470
1459 1471
1460 1460
1460 1461
1460 1471
1460 1472
1461 1461
1461 1462
1461 1472
1461 1473
1462 1462
1462 1463
1462 1473
1462 1474
1463 1463
1463 1464
1463 1474
1463 1475
1464 1464
1464 1475
1464 1914
1464 1922
1465 1465
1465 1466
1465 1476
1465 1875
1465 1885
1466 1466
1466 1467
1466 1476
1466 1477
1467 1467
1467 1468
1467 1477
1467 1478
1468 1468
1468 1469
1468 1478
1468 1479
1469 1469
1469 1470
1469 1479
1469 1480
1470 1470
1470 1471
1470 1480
1470 1481
1471 1471
1471 1472
1471 1481
1471 1482
1472 1472
1472 1473
1472 1482
1472 1483
1473 1473
1473 1474
1473 1483
1473 1484
1474 1474
1474 1475
1474 1484
1474 1485
1475 1475
1475 1485
1475 1922
1475 1931
1476 1476
1476 1477
1476 1885
1476 2107
1477 1477
1477 1478
1477 2107
1478 1478
1478 1479
1478 2107
1479 1479
1479 1480
1479 2107
1480 1480
1480 1481
1480 2107
1481 1481
1481 1482
1481 2107
1481 2125
1482 1482
1482 1483
1482 2125
1483 1483
1483 1484
1483 2125
1484 1484
1484 1485
1484 2125
1485 1485
1485 1931
1485 2125
1486 1486
1486 1487
1486 1505
1486 1886
1486 1888
1487 1487
1487 1488
1487 1505
1487 1506
1488 1488
1488 1489
1488 1506
1488 1507
1489 1489
1489 1490
1489 1507
1489 1508
1490 1490
1490 1491
1490 1508
1490 1509
1491 1491
1491 1492
1491 1509
1491 1510
1492 1492
1492 1493
1492 1510
1492 1511
1493 1493
1493 1494
1493 1511
1493 1512
1494 1494
1494 1495
1494 1512
1494 1513
1495 1495
1495 1496
1495 1513
1495 1514
1496 1496
1496 1497
1496 1514
1496 1515
1497 1497
1497 1498
1497 1515
1497 1516
1498 1498
1498 1499
1498 1516
1498 1517
1499 1499
1499 1500
1499 1517
1499 1518
1500 1500
1500 1501
1500 1518
1500 1519
1501 1501
1501 1502
1501 1519
1501 1520
1502 1502
1502 1503
1502 1520
1502 1521
1503 1503
1503 1504
1503 1521
1503 1522
1504 1504
1504 1522
1504 1941
1504 1942
1505 1505
1505 1506
1505 1523
1505 1888
1505 1891
1506 1506
1506 1507
1506 1523
1506 1524
1507 1507
1507 1508
1507 1524
1507 1525
1508 1508
1508 1509
1508 1525
1508 1526
1509 1509
1509 1510
1509 1526
1509 1527
1510 1510
1510 1511
1510 1527
1510 1528
1511 1511
1511 1512
1511 1528
1511 1529
1512 1512
1512 1513
1512 1529
1512 1530
1513 1513
1513 1514
1513 1530
1513 1531
1514 1514
1514 1515
1514 1531
1514 1532
1515 1515
1515 1516
1515 1532
1515 1533
1516 1516
1516 1517
1516 1533
1516 1534
1517 1517
1517 1518
1517 1534
1517 1535
1518 1518
1518 1519
1518 1535
1518 1536
1519 1519
1519 1520
1519 1536
1519 1537
1520 1520
1520 1521
1520 1537
1520 1538
1521 1521
1521 1522
1521 1538
1521 1539
1522 1522
1522 1539
1522 1942
1522 1944
1523 1523
1523 1524
1523 1540
1523 1891
1523 1895
1524 1524
1524 1525
1524 1540
1524 1541
1525 1525
1525 1526
1525 1541
1525 1542
1526 1526
1526 1527
1526 1542
1526 1543
1527 1527
1527 1528
1527 1543
1527 1544
1528 1528
1528 1529
1528 1544
1528 1545
1529 1529
1529 1530
1529 1545
1529 1546
1530 1530
1530 1531
1530 1546
1530 1547
1531 1531
1531 1532
1531 1547
1531 1548
1532 1532
1532 1533
1532 1548
1532 1549
1533 1533
1533 1534
1533 1549
1533 1550
1534 1534
1534 1535
1534 1550
1534 1551
1535 1535
1535 1536
1535 1551
1535 1552
1536 1536
1536 1537
1536 1552
1536 1553
1537 1537
1537 1538
1537 1553
1537 1554
1538 1538
1538 1539
1538 1554
1538 1555
1539 1539
1539 1555
1539 1944
1539 1947
1540 1540
1540 1541
1540 1556
1540 1895
1540 1900
1541 1541
1541 1542
1541 1556
1541 1557
1542 1542
1542 1543
1542 1557
1542 1558
1543 1543
1543 1544
1543 1558
1543 1559
1544 1544
1544 1545
1544 1559
1544 1560
1545 1545
1545 1546
1545 1560
1545 1561
1546 1546
1546 1547
1546 1561
1546 1562
1547 1547
1547 1548
1547 1562
1547 1563
1548 1548
1548 1549
1548 1563
1548 1564
1549 1549
1549 1550
1549 1564
1549 1565
1550 1550
1550 1551
1550 1565
1550 1566
1551 1551
1551 1552
1551 1566
1551 1567
1552 1552
1552 1553
1552 1567
1552 1568
1553 1553
1553 1554
1553 1568
1553 1569
1554 1554
1554 1555
1554 1569
1554 1570
1555 1555
1555 1570
1555 1947
1555 1951
1556 1556
1556 1557
1556 1571
1556 1900
1556 1906
1557 1557
1557 1558
1557 1571
1557 1572
1558 1558
1558 1559
1558 1572
1558 1573
1559 1559
1559 1560
1559 1573
1559 1574
1560 1560
1560 1561
1560 1574
1560 1575
1561 1561
1561 1562
1561 1575
1561 1576
1562 1562
1562 1563
1562 1576
1562 1577
1563 1563
1563 1564
1563 1577
1563 1578
1564 1564
1564 1565
1564 1578
1564 1579
1565 1565
1565 1566
1565 1579
1565 1580
1566 1566
1566 1567
1566 1580
1566 1581
1567 1567
1567 1568
1567 1581
1567 1582
1568 1568
1568 1569
1568 1582
1568 1583
1569 1569
1569 1570
1569 1583
1569 1584
1570 1570
1570 1584
1570 1951
1570 1956
1571 1571
1571 1572
1571 1585
1571 1906
1571 1913
1572 1572
1572 1573
1572 1585
1572 1586
1573 1573
1573 1574
1573 1586
1573 1587
1574 1574
1574 1575
1574 1587
1574 1588
1575 1575
1575 1576
1575 1588
1575 1589
1576 1576
1576 1577
1576 1589
1576 1590
1577 1577
1577 1578
1577 1590
1577 1591
1578 1578
1578 1579
1578 1591
1578 1592
1579 1579
1579 1580
1579 1592
1579 1593
1580 1580
1580 1581
1580 1593
1580 1594
1581 1581
1581 1582
1581 1594
1581 1595
1582 1582
1582 1583
1582 1595
1582 1596
1583 1583
1583 1584
1583 1596
1583 1597
1584 1584
1584 1597
1584 1956
1584 1962
1585 1585
1585 1586
1585 1598
1585 1913
1585 1921
1586 1586
1586 1587
1586 1598
1586 1599
1587 1587
1587 1588
1587 1599
1587 1600
1588 1588
1588 1589
1588 1600
1588 1601
1589 1589
1589 1590
1589 1601
1589 1602
1590 1590
1590 1591
1590 1602
1590 1603
1591 1591
1591 1592
1591 1603
1591 1604
1592 1592
1592 1593
1592 1604
1592 1605
1593 1593
1593 1594
1593 1605
1593 1606
1594 1594
1594 1595
1594 1606
1594 1607
1595 1595
1595 1596
1595 1607
1595 1608
1596 1596
1596 1597
1596 1608
1596 1609
1597 1597
1597 1609
1597 1962
1597 1969
1598 1598
1598 1599
1598 1610
1598 1921
1598 1930
1599 1599
1599 1600
1599 1610
1599 1611
1600 1600
1600 1601
1600 1611
1600 1612
1601 1601
1601 1602
1601 1612
1601 1613
1602 1602
1602 1603
1602 1613
1602 1614
1603 1603
1603 1604
1603 1614
1603 1615
1604 1604
1604 1605
1604 1615
1604 1616
1605 1605
1605 1606
1605 1616
1605 1617
1606 1606
1606 1607
1606 1617
1606 1618
1607 1607
1607 1608
1607 1618
1607 1619
1608 1608
1608 1609
1608 1619
1608 1620
1609 1609
1609 1620
1609 1969
1609 1977
1610 1610
1610 1611
1610 1621
1610 1930
1610 1940
1611 1611
1611 1612
1611 1621
1611 1622
1612 1612
1612 1613
1612 1622
1612 1623
1613 1613
1613 1614
1613 1623
1613 1624
1614 1614
1614 1615
1614 1624
1614 1625
1615 1615
1615 1616
1615 1625
1615 1626
1616 1616
1616 1617
1616 1626
1616 1627
1617 1617
1617 1618
1617 1627
1617 1628
1618 1618
1618 1619
1618 1628
1618 1629
1619 1619
1619 1620
1619 1629
1619 1630
1620 1620
1620 1630
1620 1977
1620 1986
1621 1621
1621 1622
1621 1940
1621 2081
1622 1622
1622 1623
1622 2081
1623 1623
1623 1624
1623 2081
1624 1624
1624 1625
1624 2081
1625 1625
1625 1626
1625 2081
1626 1626
1626 1627
1626 2081
1627 1627
1627 1628
1627 2081
1628 1628
1628 1629
1628 2081
1629 1629
1629 1630
1629 2081
1630 1630
1630 1986
1630 2081
1631 1631
1631 1632
1631 1650
1631 1941
1631 1943
1632 1632
1632 1633
1632 1650
1632 1651
1633 1633
1633 1634
1633 1651
1633 1652
1634 1634
1634 1635
1634 1652
1634 1653
1635 1635
1635 1636
1635 1653
1635 1654
1636 1636
1636 1637
1636 1654
1636 1655
1637 1637
1637 1638
1637 1655
1637 1656
1638 1638
1638 1639
1638 1656
1638 1657
1639 1639
1639 1640
1639 1657
1639 1658
1640 1640
1640 1641
1640 1658
1640 1659
1641 1641
1641 1642
1641 1659
1641 1660
1642 1642
1642 1643
1642 1660
1642 1661
1643 1643
1643 1644
1643 1661
1643 1662
1644 1644
1644 1645
1644 1662
1644 1663
1645 1645
1645 1646
1645 1663
1645 1664
1646 1646
1646 1647
1646 1664
1646 1665
1647 1647
1647 1648
1647 1665
1647 1666
1648 1648
1648 1649
1648 1666
1648 1667
1649 1649
1649 1667
1649 1996
1649 1997
1650 1650
1650 1651
1650 1668
1650 1943
1650 1946
1651 1651
1651 1652
1651 1668
1651 1669
1652 1652
1652 1653
1652 1669
1652 1670
1653 1653
1653 1654
1653 1670
1653 1671
1654 1654
1654 1655
1654 1671
1654 1672
1655 1655
1655 1656
1655 1672
1655 1673
1656 1656
1656 1657
1656 1673
1656 1674
1657 1657
1657 1658
1657 1674
1657 1675
1658 1658
1658 1659
1658 1675
1658 1676
1659 1659
1659 1660
1659 1676
1659 1677
1660 1660
1660 1661
1660 1677
1660 1678
1661 1661
1661 1662
1661 1678
1661 1679
1662 1662
1662 1663
1662 1679
1662 1680
1663 1663
1663 1664
1663 1680
1663 1681
1664 1664
1664 1665
1664 1681
1664 1682
1665 1665
1665 1666
1665 1682
1665 1683
1666 1666
1666 1667
1666 1683
1666 1684
1667 1667
1667 1684
1667 1997
1667 1999
1668 1668
1668 1669
1668 1685
1668 1946
1668 1950
1669 1669
1669 1670
1669 1685
1669 1686
1670 1670
1670 1671
1670 1686
1670 1687
1671 1671
1671 1672
1671 1687
1671 1688
1672 1672
1672 1673
1672 1688
1672 1689
1673 1673
1673 1674
1673 1689
1673 1690
1674 1674
1674 1675
1674 1690
1674 1691
1675 1675
1675 1676
1675 1691
1675 1692
1676 1676
1676 1677
1676 1692
1676 1693
1677 1677
1677 1678
1677 1693
1677 1694
1678 1678
1678 1679
1678 1694
1678 1695
1679 1679
1679 1680
1679 1695
1679 1696
1680 1680
1680 1681
1680 1696
1680 1697
1681 1681
1681 1682
1681 1697
1681 1698
1682 1682
1682 1683
1682 1698
1682 1699
1683 1683
1683 1684
1683 1699
1683 1700
1684 1684
1684 1700
1684 1999
1684 2002
1685 1685
1685 1686
1685 1701
1685 1950
1685 1955
1686 1686
1686 1687
1686 1701
1686 1702
1687 1687
1687 1688
1687 1702
1687 1703
1688 1688
1688 1689
1688 1703
1688 1704
1689 1689
1689 1690
1689 1704
1689 1705
1690 1690
1690 1691
1690 1705
1690 1706
1691 1691
1691 1692
1691 1706
1691 1707
1692 1692
1692 1693
1692 1707
1692 1708
1693 1693
1693 1694
1693 1708
1693 1709
1694 1694
1694 1695
1694 1709
1694 1710
1695 1695
1695 1696
1695 1710
1695 1711
1696 1696
1696 1697
1696 1711
1696 1712
1697 1697
1697 1698
1697 1712
1697 1713
1698 1698
1698 1699
1698 1713
1698 1714
1699 1699
1699 1700
1699 1714
1699 1715
1700 1700
1700 1715
1700 2002
1700 2006
1701 1701
1701 1702
1701 1716
1701 1955
1701 1961
1702 1702
1702 1703
1702 1716
1702 1717
1703 1703
1703 1704
1703 1717
1703 1718
1704 1704
1704 1705
1704 1718
1704 1719
1705 1705
1705 1706
1705 1719
1705 1720
1706 1706
1706 1707
1706 1720
1706 1721
1707 1707
1707 1708
1707 1721
1707 1722
1708 1708
1708 1709
1708 1722
1708 1723
1709 1709
1709 1710
1709 1723
1709 1724
1710 1710
1710 1711
1710 1724
1710 1725
1711 1711
1711 1712
1711 1725
1711 1726
1712 1712
1712 1713
1712 1726
1712 1727
1713 1713
1713 1714
1713 1727
1713 1728
1714 1714
1714 1715
1714 1728
1714 1729
1715 1715
1715 1729
1715 2006
1715 2011
1716 1716
1716 1717
1716 1730
1716 1961
1716 1968
1717 1717
1717 1718
1717 1730
1717 1731
1718 1718
1718 1719
1718 1731
1718 1732
1719 1719
1719 1720
1719 1732
1719 1733
1720 1720
1720 1721
1720 1733
1720 1734
1721 1721
1721 1722
1721 1734
1721 1735
1722 1722
1722 1723
1722 1735
1722 1736
1723 1723
1723 1724
1723 1736
1723 1737
1724 1724
1724 1725
1724 1737
1724 1738
1725 1725
1725 1726
1725 1738
1725 1739
1726 1726
1726 1727
1726 1739
1726 1740
1727 1727
1727 1728
1727 1740
1727 1741
1728 1728
1728 1729
1728 1741
1728 1742
1729 1729
1729 1742
1729 2011
1729 2017
1730 1730
1730 1731
1730 1743
1730 1968
1730 1976
1731 1731
1731 1732
1731 1743
1731 1744
1732 1732
1732 1733
1732 1744
1732 1745
1733 1733
1733 1734
1733 1745
1733 1746
1734 1734
1734 1735
1734 1746
1734 1747
1735 1735
1735 1736
1735 1747
1735 1748
1736 1736
1736 1737
1736 1748
1736 1749
1737 1737
1737 1738
1737 1749
1737 1750
1738 1738
1738 1739
1738 1750
1738 1751
1739 1739
1739 1740
1739 1751
1739 1752
1740 1740
1740 1741
1740 1752
1740 1753
1741 1741
1741 1742
1741 1753
1741 1754
1742 1742
1742 1754
1742 2017
1742 2024
1743 1743
1743 1744
1743 1755
1743 1976
1743 1985
1744 1744
1744 1745
1744 1755
1744 1756
1745 1745
1745 1746
1745 1756
1745 1757
1746 1746
1746 1747
1746 1757
1746 1758
1747 1747
1747 1748
1747 1758
1747 1759
1748 1748
1748 1749
1748 1759
1748 1760
1749 1749
1749 1750
1749 1760
1749 1761
1750 1750
1750 1751
1750 1761
1750 1762
1751 1751
1751 1752
1751 1762
1751 1763
1752 1752
1752 1753
1752 1763
1752 1764
1753 1753
1753 1754
1753 1764
1753 1765
1754 1754
1754 1765
1754 2024
1754 2032
1755 1755
1755 1756
1755 1766
1755 1985
1755 1995
1756 1756
1756 1757
1756 1766
1756 1767
1757 1757
1757 1758
1757 1767
1757 1768
1758 1758
1758 1759
1758 1768
1758 1769
1759 1759
1759 1760
1759 1769
1759 1770
1760 1760
1760 1761
1760 1770
1760 1771
1761 1761
1761 1762
1761 1771
1761 1772
1762 1762
1762 1763
1762 1772
1762 1773
1763 1763
1763 1764
1763 1773
1763 1774
1764 1764
1764 1765
1764 1774
1764 1775
1765 1765
1765 1775
1765 2032
1765 2041
1766 1766
1766 1767
1766 1995
1766 2083
1767 1767
1767 1768
1767 2083
1768 1768
1768 1769
1768 2083
1769 1769
1769 1770
1769 2083
1769 2084
1769 2129
1770 1770
1770 1771
1770 2129
1771 1771
1771 1772
1771 2129
1772 1772
1772 1773
1772 2129
1773 1773
1773 1774
1773 2129
1774 1774
1774 1775
1774 2129
1775 1775
1775 2041
1775 2129
1776 1776
1776 1777
1776 1778
1777 1777
1777 1778
1777 1779
1777 1780
1778 1778
1778 1780
1778 1781
1779 1779
1779 1780
1779 1782
1779 1783
1780 1780
1780 1781
1780 1783
1780 1784
1781 1781
1781 1784
1781 1785
1782 1782
1782 1783
1782 1786
1782 1787
1783 1783
1783 1784
1783 1787
1783 1788
1784 1784
1784 1785
1784 1788
1784 1789
1785 1785
1785 1789
1785 1790
1786 1786
1786 1787
1786 1791
1786 1792
1787 1787
1787 1788
1787 1792
1787 1793
1788 1788
1788 1789
1788 1793
1788 1794
1789 1789
1789 1790
1789 1794
1789 1795
1790 1790
1790 1795
1790 1796
1791 1791
1791 1792
1791 1797
1791 1798
1792 1792
1792 1793
1792 1798
1792 1799
1793 1793
1793 1794
1793 1799
1793 1800
1794 1794
1794 1795
1794 1800
1794 1801
1795 1795
1795 1796
1795 1801
1795 1802
1796 1796
1796 1802
1796 1803
1797 1797
1797 1798
1797 1804
1797 1805
1798 1798
1798 1799
1798 1805
1798 1806
1799 1799
1799 1800
1799 1806
1799 1807
1800 1800
1800 1801
1800 1807
1800 1808
1801 1801
1801 1802
1801 1808
1801 1809
1802 1802
1802 1803
1802 1809
1802 1810
1803 1803
1803 1810
1803 1811
1804 1804
1804 1805
1804 1812
1804 1813
1805 1805
1805 1806
1805 1813
1805 1814
1806 1806
1806 1807
1806 1814
1806 1815
1807 1807
1807 1808
1807 1815
1807 1816
1808 1808
1808 1809
1808 1816
1808 1817
1809 1809
1809 1810
1809 1817
1809 1818
1810 1810
1810 1811
1810 1818
1810 1819
1811 1811
1811 1819
1811 1820
1812 1812
1812 1813
1812 1821
1812 1822
1813 1813
1813 1814
1813 1822
1813 1823
1814 1814
1814 1815
1814 1823
1814 1824
1815 1815
1815 1816
1815 1824
1815 1825
1816 1816
1816 1817
1816 1825
1816 1826
1817 1817
1817 1818
1817 1826
1817 1827
1818 1818
1818 1819
1818 1827
1818 1828
1819 1819
1819 1820
1819 1828
1819 1829
1820 1820
1820 1829
1820 1830
1821 1821
1821 1822
1821 2074
1822 1822
1822 1823
1822 2074
1823 1823
1823 1824
1823 2074
1824 1824
1824 1825
1824 2074
1825 1825
1825 1826
1825 2074
1826 1826
1826 1827
1826 2074
1827 1827
1827 1828
1827 2074
1828 1828
1828 1829
1828 2074
1829 1829
1829 1830
1829 2074
1830 1830
1830 2074
1831 1831
1831 1832
1831 1833
1832 1832
1832 1833
1832 1834
1832 1835
1833 1833
1833 1835
1833 1836
1834 1834
1834 1835
1834 1837
1834 1838
1835 1835
1835 1836
1835 1838
1835 1839
1836 1836
1836 1839
1836 1840
1837 1837
1837 1838
1837 1841
1837 1842
1838 1838
1838 1839
1838 1842
1838 1843
1839 1839
1839 1840
1839 1843
1839 1844
1840 1840
1840 1844
1840 1845
1841 1841
1841 1842
1841 1846
1841 1847
1842 1842
1842 1843
1842 1847
1842 1848
1843 1843
1843 1844
1843 1848
1843 1849
1844 1844
1844 1845
1844 1849
1844 1850
1845 1845
1845 1850
1845 1851
1846 1846
1846 1847
1846 1852
1846 1853
1847 1847
1847 1848
1847 1853
1847 1854
1848 1848
1848 1849
1848 1854
1848 1855
1849 1849
1849 1850
1849 1855
1849 1856
1850 1850
1850 1851
1850 1856
1850 1857
1851 1851
1851 1857
1851 1858
1852 1852
1852 1853
1852 1859
1852 1860
1853 1853
1853 1854
1853 1860
1853 1861
1854 1854
1854 1855
1854 1861
1854 1862
1855 1855
1855 1856
1855 1862
1855 1863
1856 1856
1856 1857
1856 1863
1856 1864
1857 1857
1857 1858
1857 1864
1857 1865
1858 1858
1858 1865
1858 1866
1859 1859
1859 1860
1859 1867
1859 1868
1860 1860
1860 1861
1860 1868
1860 1869
1861 1861
1861 1862
1861 1869
1861 1870
1862 1862
1862 1863
1862 1870
1862 1871
1863 1863
1863 1864
1863 1871
1863 1872
1864 1864
1864 1865
1864 1872
1864 1873
1865 1865
1865 1866
1865 1873
1865 1874
1866 1866
1866 1874
1866 1875
1867 1867
1867 1868
1867 1876
1867 1877
1868 1868
1868 1869
1868 1877
1868 1878
1869 1869
1869 1870
1869 1878
1869 1879
1870 1870
1870 1871
1870 1879
1870 1880
1871 1871
1871 1872
1871 1880
1871 1881
1872 1872
1872 1873
1872 1881
1872 1882
1873 1873
1873 1874
1873 1882
1873 1883
1874 1874
1874 1875
1874 1883
1874 1884
1875 1875
1875 1884
1875 1885
1876 1876
1876 1877
1876 2072
1877 1877
1877 1878
1877 2072
1878 1878
1878 1879
1878 2072
1879 1879
1879 1880
1879 2071
1879 2072
1879 2107
1880 1880
1880 1881
1880 2107
1881 1881
1881 1882
1881 2107
1882 1882
1882 1883
1882 2107
1883 1883
1883 1884
1883 2107
1884 1884
1884 1885
1884 2107
1885 1885
1885 2107
1886 1886
1886 1887
1886 1888
1887 1887
1887 1888
1887 1889
1887 1890
1888 1888
1888 1890
1888 1891
1889 1889
1889 1890
1889 1892
1889 1893
1890 1890
1890 1891
1890 1893
1890 1894
1891 1891
1891 1894
1891 1895
1892 1892
1892 1893
1892 1896
1892 1897
1893 1893
1893 1894
1893 1897
1893 1898
1894 1894
1894 1895
1894 1898
1894 1899
1895 1895
1895 1899
1895 1900
1896 1896
1896 1897
1896 1901
1896 1902
1897 1897
1897 1898
1897 1902
1897 1903
1898 1898
1898 1899
1898 1903
1898 1904
1899 1899
1899 1900
1899 1904
1899 1905
1900 1900
1900 1905
1900 1906
1901 1901
1901 1902
1901 1907
1901 1908
1902 1902
1902 1903
1902 1908
1902 1909
1903 1903
1903 1904
1903 1909
1903 1910
1904 1904
1904 1905
1904 1910
1904 1911
1905 1905
1905 1906
1905 1911
1905 1912
1906 1906
1906 1912
1906 1913
1907 1907
1907 1908
1907 1914
1907 1915
1908 1908
1908 1909
1908 1915
1908 1916
1909 1909
1909 1910
1909 1916
1909 1917
1910 1910
1910 1911
1910 1917
1910 1918
1911 1911
1911 1912
1911 1918
1911 1919
1912 1912
1912 1913
1912 1919
1912 1920
1913 1913
1913 1920
1913 1921
1914 1914
1914 1915
1914 1922
1914 1923
1915 1915
1915 1916
1915 1923
1915 1924
1916 1916
1916 1917
1916 1924
1916 1925
1917 1917
1917 1918
1917 1925
1917 1926
1918 1918
1918 1919
1918 1926
1918 1927
1919 1919
1919 1920
1919 1927
1919 1928
1920 1920
1920 1921
1920 1928
1920 1929
1921 1921
1921 1929
1921 1930
1922 1922
1922 1923
1922 1931
1922 1932
1923 1923
1923 1924
1923 1932
1923 1933
1924 1924
1924 1925
1924 1933
1924 1934
1925 1925
1925 1926
1925 1934
1925 1935
1926 1926
1926 1927
1926 1935
1926 1936
1927 1927
1927 1928
1927 1936
1927 1937
1928 1928
1928 1929
1928 1937
1928 1938
1929 1929
1929 1930
1929 1938
1929 1939
1930 1930
1930 1939
1930 1940
1931 1931
1931 1932
1931 2125
1932 1932
1932 1933
1932 2125
1933 1933
1933 1934
1933 2125
1934 1934
1934 1935
1934 2125
1935 1935
1935 1936
1935 2125
1936 1936
1936 1937
1936 2125
1937 1937
1937 1938
1937 2125
1938 1938
1938 1939
1938 2080
1938 2081
1938 2125
1939 1939
1939 1940
1939 2081
1940 1940
1940 2081
1941 1941
1941 1942
1941 1943
1942 1942
1942 1943
1942 1944
1942 1945
1943 1943
1943 1945
1943 1946
1944 1944
1944 1945
1944 1947
1944 1948
1945 1945
1945 1946
1945 1948
1945 1949
1946 1946
1946 1949
1946 1950
1947 1947
1947 1948
1947 1951
1947 1952
1948 1948
1948 1949
1948 1952
1948 1953
1949 1949
1949 1950
1949 1953
1949 1954
1950 1950
1950 1954
1950 1955
1951 1951
1951 1952
1951 1956
1951 1957
1952 1952
1952 1953
1952 1957
1952 1958
1953 1953
1953 1954
1953 1958
1953 1959
1954 1954
1954 1955
1954 1959
1954 1960
1955 1955
1955 1960
1955 1961
1956 1956
1956 1957
1956 1962
1956 1963
1957 1957
1957 1958
1957 1963
1957 1964
1958 1958
1958 1959
1958 1964
1958 1965
1959 1959
1959 1960
1959 1965
1959 1966
1960 1960
1960 1961
1960 1966
1960 1967
1961 1961
1961 1967
1961 1968
1962 1962
1962 1963
1962 1969
1962 1970
1963 1963
1963 1964
1963 1970
1963 1971
1964 1964
1964 1965
1964 1971
1964 1972
1965 1965
1965 1966
1965 1972
1965 1973
1966 1966
1966 1967
1966 1973
1966 1974
1967 1967
1967 1968
1967 1974
1967 1975
1968 1968
1968 1975
1968 1976
1969 1969
1969 1970
1969 1977
1969 1978
1970 1970
1970 1971
1970 1978
1970 1979
1971 1971
1971 1972
1971 1979
1971 1980
1972 1972
1972 1973
1972 1980
1972 1981
1973 1973
1973 1974
1973 1981
1973 1982
1974 1974
1974 1975
1974 1982
1974 1983
1975 1975
1975 1976
1975 1983
1975 1984
1976 1976
1976 1984
1976 1985
1977 1977
1977 1978
1977 1986
1977 1987
1978 1978
1978 1979
1978 1987
1978 1988
1979 1979
1979 1980
1979 1988
1979 1989
1980 1980
1980 1981
1980 1989
1980 1990
1981 1981
1981 1982
1981 1990
1981 1991
1982 1982
1982 1983
1982 1991
1982 1992
1983 1983
1983 1984
1983 1992
1983 1993
1984 1984
1984 1985
1984 1993
1984 1994
1985 1985
1985 1994
1985 1995
1986 1986
1986 1987
1986 2081
1986 2083
1986 2090
1986 2091
1986 2092
1987 1987
1987 1988
1987 2083
1988 1988
1988 1989
1988 2083
1989 1989
1989 1990
1989 2083
1990 1990
1990 1991
1990 2083
1991 1991
1991 1992
1991 2083
1992 1992
1992 1993
1992 2083
1993 1993
1993 1994
1993 2083
1994 1994
1994 1995
1994 2083
1995 1995
1995 2083
1996 1996
1996 1997
1996 1998
1997 1997
1997 1998
1997 1999
1997 2000
1998 1998
1998 2000
1998 2001
1999 1999
1999 2000
1999 2002
1999 2003
2000 2000
2000 2001
2000 2003
2000 2004
2001 2001
2001 2004
2001 2005
2002 2002
2002 2003
2002 2006
2002 2007
2003 2003
2003 2004
2003 2007
2003 2008
2004 2004
2004 2005
2004 2008
2004 2009
2005 2005
2005 2009
2005 2010
2006 2006
2006 2007
2006 2011
2006 2012
2007 2007
2007 2008
2007 2012
2007 2013
2008 2008
2008 2009
2008 2013
2008 2014
2009 2009
2009 2010
2009 2014
2009 2015
2010 2010
2010 2015
2010 2016
2011 2011
2011 2012
2011 2017
2011 2018
2012 2012
2012 2013
2012 2018
2012 2019
2013 2013
2013 2014
2013 2019
2013 2020
2014 2014
2014 2015
2014 2020
2014 2021
2015 2015
2015 2016
2015 2021
2015 2022
2016 2016
2016 2022
2016 2023
2017 2017
2017 2018
2017 2024
2017 2025
2018 2018
2018 2019
2018 2025
2018 2026
2019 2019
2019 2020
2019 2026
2019 2027
2020 2020
2020 2021
2020 2027
2020 2028
2021 2021
2021 2022
2021 2028
2021 2029
2022 2022
2022 2023
2022 2029
2022 2030
2023 2023
2023 2030
2023 2031
2024 2024
2024 2025
2024 2032
2024 2033
2025 2025
2025 2026
2025 2033
2025 2034
2026 2026
2026 2027
2026 2034
2026 2035
2027 2027
2027 2028
2027 2035
2027 2036
2028 2028
2028 2029
2028 2036
2028 2037
2029 2029
2029 2030
2029 2037
2029 2038
2030 2030
2030 2031
2030 2038
2030 2039
2031 2031
2031 2039
2031 2040
2032 2032
2032 2033
2032 2041
2032 2042
2033 2033
2033 2034
2033 2042
2033 2043
2034 2034
2034 2035
2034 2043
2034 2044
2035 2035
2035 2036
2035 2044
2035 2045
2036 2036
2036 2037
2036 2045
2036 2046
2037 2037
2037 2038
2037 2046
2037 2047
2038 2038
2038 2039
2038 2047
2038 2048
2039 2039
2039 2040
2039 2048
2039 2049
2040 2040
2040 2049
2040 2050
2041 2041
2041 2042
2041 2129
2042 2042
2042 2043
2042 2129
2043 2043
2043 2044
2043 2129
2044 2044
2044 2045
2044 2129
2045 2045
2045 2046
2045 2129
2046 2046
2046 2047
2046 2111
2046 2129
2047 2047
2047 2048
2047 2111
2048 2048
2048 2049
2048 2111
2049 2049
2049 2050
2049 2111
2050 2050
2050 2111
2051 2051
2051 2052
2051 2060
2051 2061
2052 2052
2052 2053
2052 2060
2052 2061
2052 2062
2053 2053
2053 2054
2053 2061
2053 2062
2053 2063
2054 2054
2054 2055
2054 2062
2054 2063
2054 2064
2055 2055
2055 2056
2055 2063
2055 2064
2055 2065
2056 2056
2056 2057
2056 2064
2056 2065
2056 2066
2057 2057
2057 2058
2057 2065
2057 2066
2057 2067
2058 2058
2058 2059
2058 2066
2058 2067
2058 2068
2059 2059
2059 2067
2059 2068
2060 2060
2060 2061
2060 2069
2060 2070
2061 2061
2061 2062
2061 2069
2061 2070
2061 2071
2062 2062
2062 2063
2062 2070
2062 2071
2062 2072
2063 2063
2063 2064
2063 2071
2063 2072
2064 2064
2064 2065
2064 2072
2064 2074
2065 2065
2065 2066
2065 2074
2065 2075
2066 2066
2066 2067
2066 2074
2066 2075
2066 2076
2067 2067
2067 2068
2067 2075
2067 2076
2067 2077
2068 2068
2068 2076
2068 2077
2069 2069
2069 2070
2069 2105
2069 2106
2070 2070
2070 2071
2070 2105
2070 2106
2071 2071
2071 2072
2071 2106
2071 2107
2072 2072
2072 2107
2073 2073
2074 2074
2074 2075
2074 2111
2075 2075
2075 2076
2075 2111
2075 2112
2076 2076
2076 2077
2076 2112
2076 2113
2077 2077
2077 2112
2077 2113
2078 2078
2078 2079
2078 2087
2078 2088
2078 2123
2078 2124
2079 2079
2079 2080
2079 2087
2079 2088
2079 2089
2079 2123
2079 2124
2080 2080
2080 2081
2080 2088
2080 2089
2080 2090
2080 2124
2080 2125
2081 2081
2081 2089
2081 2090
2081 2091
2081 2125
2082 2082
2083 2083
2083 2084
2083 2091
2083 2092
2083 2093
2083 2129
2084 2084
2084 2085
2084 2092
2084 2093
2084 2094
2084 2129
2084 2130
2085 2085
2085 2086
2085 2093
2085 2094
2085 2095
2085 2130
2085 2131
2086 2086
2086 2094
2086 2095
2086 2130
2086 2131
2087 2087
2087 2088
2087 2096
2087 2097
2088 2088
2088 2089
2088 2096
2088 2097
2088 2098
2089 2089
2089 2090
2089 2097
2089 2098
2089 2099
2090 2090
2090 2091
2090 2098
2090 2099
2090 2100
2091 2091
2091 2092
2091 2099
2091 2100
2091 2101
2092 2092
2092 2093
2092 2100
2092 2101
2092 2102
2093 2093
2093 2094
2093 2101
2093 2102
2093 2103
2094 2094
2094 2095
2094 2102
2094 2103
2094 2104
2095 2095
2095 2103
2095 2104
2096 2096
2096 2097
2097 2097
2097 2098
2098 2098
2098 2099
2099 2099
2099 2100
2100 2100
2100 2101
2101 2101
2101 2102
2102 2102
2102 2103
2103 2103
2103 2104
2104 2104
2105 2105
2105 2106
2105 2114
2105 2115
2106 2106
2106 2107
2106 2114
2106 2115
2107 2107
2107 2115
2107 2116
2108 2108
2109 2109
2110 2110
2111 2111
2111 2112
2111 2120
2111 2121
2112 2112
2112 2113
2112 2121
2112 2122
2113 2113
2113 2121
2113 2122
2114 2114
2114 2115
2114 2123
2114 2124
2115 2115
2115 2116
2115 2123
2115 2124
2115 2125
2116 2116
2116 2125
2117 2117
2118 2118
2119 2119
2120 2120
2120 2121
2120 2129
2121 2121
2121 2122
2121 2129
2121 2130
2121 2131
2122 2122
2122 2130
2122 2131
2123 2123
2123 2124
2124 2124
2124 2125
2125 2125
2126 2126
2127 2127
2128 2128
2129 2129
2129 2130
2130 2130
2130 2131
2131 2131
