0 0
0 306
0 307
0 308
0 309
0 312
0 313
0 314
0 315
0 316
0 317
0 318
0 319
0 320
0 321
0 322
0 323
0 324
0 325
0 326
0 327
0 328
0 329
0 330
0 331
0 332
0 333
0 334
0 335
0 336
0 337
0 338
0 339
0 340
0 341
0 342
0 343
0 344
0 345
0 346
0 347
0 348
0 349
0 350
0 351
0 352
0 353
0 354
0 355
0 356
0 357
0 358
0 359
0 360
0 375
0 376
0 382
0 383
0 384
0 385
0 388
0 400
0 401
0 404
0 405
0 406
0 409
0 410
0 418
0 419
0 420
0 423
0 424
0 425
0 426
0 434
0 440
0 441
0 442
0 501
0 502
0 503
0 505
0 506
0 508
0 509
0 510
0 511
0 512
0 513
0 514
0 515
0 516
0 517
0 518
0 519
0 520
0 521
0 522
0 523
0 524
0 525
0 526
0 527
0 528
0 529
0 530
0 531
0 532
0 533
0 534
0 535
0 536
0 537
0 538
0 539
0 540
0 541
0 542
0 543
0 544
0 545
0 546
0 547
0 548
0 549
0 550
0 551
0 552
0 553
0 554
0 555
0 556
0 557
0 558
0 559
0 560
0 561
0 562
0 563
0 564
0 565
0 566
0 567
0 568
0 569
0 570
0 571
0 572
0 573
0 574
0 575
0 576
0 577
0 578
0 579
0 580
0 581
0 582
0 583
0 584
0 585
0 586
0 587
0 588
0 589
0 590
0 591
0 592
0 593
0 594
0 595
0 596
0 597
0 598
0 599
0 600
0 601
0 602
0 603
0 604
0 605
0 606
0 607
0 608
0 609
0 610
0 611
0 612
0 613
0 614
0 615
0 616
0 617
0 618
0 619
0 620
0 621
0 622
0 623
0 624
0 625
0 626
0 627
0 628
0 629
0 630
0 631
0 632
0 633
0 634
0 635
0 636
0 637
0 638
0 646
0 647
0 648
0 649
0 650
0 651
0 652
0 653
0 654
0 657
0 660
0 663
0 664
0 665
0 666
0 692
0 693
0 694
0 697
0 711
0 712
0 713
0 714
0 715
0 716
0 717
0 718
0 719
0 724
0 756
0 757
0 762
0 763
0 767
0 771
0 772
0 775
0 791
0 794
0 795
0 796
0 797
0 798
0 803
0 804
0 805
0 806
0 807
0 810
0 819
0 820
1 25
1 821
2 71
2 605
3 90
3 612
3 613
4 91
4 618
5 92
5 797
6 93
6 525
7 94
7 522
7 523
7 524
8 96
8 549
9 97
9 542
10 98
10 564
11 99
11 550
11 551
11 552
11 553
11 554
11 555
12 100
12 566
13 101
13 560
13 561
13 562
14 102
14 577
14 578
15 103
15 580
15 581
16 104
16 798
17 105
17 600
17 798
18 106
18 599
18 645
19 107
19 645
20 108
20 640
20 799
21 109
21 641
22 110
22 642
23 111
23 639
24 112
24 312
24 344
24 346
24 347
24 348
24 349
24 351
24 352
24 353
24 354
24 355
24 356
24 512
24 513
24 514
24 515
24 516
24 517
24 518
24 519
24 520
24 521
24 522
24 523
24 524
24 525
24 526
24 527
24 528
24 529
24 530
24 531
24 532
24 533
24 534
24 535
24 536
24 537
24 538
24 539
24 540
24 541
24 542
24 543
24 544
24 545
24 546
24 547
24 548
24 549
24 550
24 551
24 552
24 553
24 554
24 555
24 557
24 558
24 559
24 560
24 561
24 562
24 563
24 564
24 565
24 566
24 567
24 568
24 569
24 570
24 571
24 572
24 574
24 575
24 576
24 577
24 578
24 579
24 580
24 581
24 588
24 589
24 590
24 591
24 592
24 593
24 594
24 595
24 596
24 597
24 598
24 599
24 600
24 601
24 603
24 604
24 605
24 606
24 607
24 608
24 609
24 610
24 611
24 612
24 613
24 614
24 616
24 617
24 618
24 620
24 621
24 622
24 623
24 624
24 625
24 626
24 627
24 628
24 632
24 633
24 637
24 638
24 791
24 794
24 795
24 796
24 797
24 798
24 819
24 820
25 113
26 114
26 306
26 344
26 346
26 347
26 512
26 513
26 515
26 518
26 520
26 522
26 523
26 526
26 624
26 625
26 626
26 794
26 797
27 115
27 307
27 527
27 529
27 530
27 531
27 535
27 536
27 537
27 622
27 623
27 819
27 820
28 116
28 308
28 348
28 539
28 542
29 117
29 309
29 349
29 543
29 546
29 547
29 548
29 549
30 118
30 310
30 352
30 353
30 551
30 552
30 555
30 557
30 561
30 565
30 566
30 569
30 577
30 578
30 580
30 581
30 632
30 633
31 119
31 311
31 354
31 355
31 356
31 574
31 591
31 592
31 597
31 599
31 600
31 604
31 605
31 609
31 612
31 613
31 618
31 637
31 638
31 798
32 120
32 357
32 556
32 573
32 602
32 629
32 630
32 631
32 634
32 635
32 636
33 121
33 650
33 803
34 122
34 339
35 123
35 314
36 124
36 317
37 125
37 325
38 126
38 401
39 127
39 394
39 400
40 128
40 399
40 400
41 129
41 395
41 650
42 130
42 360
42 401
42 620
42 621
42 650
43 131
43 361
43 362
43 395
43 650
44 132
44 363
44 396
44 401
45 133
45 396
45 401
45 651
46 134
46 364
46 365
46 366
46 391
46 393
46 394
46 401
46 629
46 650
46 651
47 135
47 367
47 630
47 650
48 136
48 368
48 401
48 631
48 651
49 139
49 369
49 391
49 634
49 650
50 212
50 370
50 401
50 635
51 229
51 371
51 391
51 393
51 650
52 230
52 372
52 401
52 654
53 231
53 373
54 232
54 374
55 233
55 375
56 234
56 376
56 527
56 531
56 536
56 620
56 621
57 235
57 377
57 400
57 654
58 236
58 397
58 400
58 636
58 654
58 807
59 238
59 378
59 398
60 239
60 379
60 654
61 240
61 380
62 242
62 381
63 243
63 382
63 652
63 653
63 807
64 244
64 383
64 384
64 653
64 807
65 245
65 384
65 385
65 386
65 807
66 247
66 400
66 654
66 807
67 248
67 652
67 807
68 249
68 653
68 807
69 250
69 358
69 359
69 401
69 650
69 652
69 653
69 654
69 807
70 251
70 385
70 387
70 400
70 401
70 650
70 654
71 252
72 253
72 398
72 399
73 254
73 345
73 358
73 375
73 376
73 382
73 383
73 384
73 402
74 255
74 359
74 360
74 403
75 256
75 543
76 257
76 386
76 550
76 560
76 564
77 258
77 651
78 259
78 350
78 361
78 363
78 385
78 388
78 556
79 260
79 388
79 390
80 261
80 362
80 364
80 367
80 368
80 369
80 370
80 377
80 389
80 571
80 572
80 575
81 262
81 389
81 390
82 263
82 390
82 573
83 264
83 365
83 371
83 373
83 374
83 378
83 380
83 381
83 584
83 615
84 265
84 393
84 394
84 602
85 266
85 366
85 372
85 379
85 392
85 397
85 582
85 619
85 654
86 267
86 387
87 268
87 392
88 269
88 391
88 606
89 270
89 654
90 271
90 401
90 650
91 272
91 401
91 650
92 273
93 274
93 400
94 275
94 652
94 653
94 807
95 276
95 807
96 277
96 385
97 278
97 620
97 621
98 279
99 280
99 620
99 621
100 281
100 358
100 375
100 376
100 382
100 383
100 384
101 282
101 358
101 375
101 376
101 382
101 383
101 384
102 283
102 358
102 375
102 376
102 382
102 383
102 384
103 295
103 358
103 375
103 376
103 382
103 383
103 384
103 402
104 333
104 358
104 375
104 376
104 382
104 383
104 384
104 402
105 334
105 359
105 360
105 403
106 335
106 359
106 360
107 336
107 359
107 360
108 337
108 359
108 360
108 403
109 338
109 359
109 360
109 403
110 339
111 340
111 386
111 550
111 564
112 341
112 361
112 363
112 385
113 342
113 386
113 550
113 564
114 343
114 361
114 363
114 385
115 344
115 386
115 550
115 560
116 345
116 386
117 346
117 361
117 363
117 385
118 347
118 386
118 550
118 564
119 348
119 361
119 363
119 385
120 349
120 386
120 550
120 560
120 564
121 350
121 385
121 388
122 351
122 362
122 364
122 367
122 368
122 369
122 370
122 377
122 389
122 575
123 352
123 362
123 364
123 367
123 368
123 369
123 370
123 377
123 575
124 353
124 362
124 364
124 367
124 368
124 369
124 370
124 377
125 354
125 362
125 364
125 367
125 368
125 369
125 370
125 377
126 355
126 362
126 364
126 367
126 368
126 369
126 370
126 377
126 389
126 575
127 356
127 362
127 364
127 367
127 368
127 369
127 370
127 377
127 389
127 575
128 357
128 362
128 364
128 367
128 368
128 369
128 370
128 377
128 389
128 575
129 358
129 365
129 371
129 373
129 374
129 378
129 380
129 381
129 584
130 359
130 365
130 371
130 373
130 374
130 378
130 380
130 381
130 584
131 360
131 365
131 371
131 373
131 374
131 378
131 380
131 381
131 584
131 615
132 361
132 365
132 371
132 373
132 374
132 378
132 380
132 381
132 584
132 615
133 363
133 366
133 372
133 379
133 392
133 397
133 582
133 619
133 654
134 364
134 366
134 372
134 379
134 392
134 397
134 582
134 619
134 654
135 459
135 366
135 372
135 379
135 392
135 397
135 582
135 619
135 654
136 460
136 366
136 372
136 379
136 392
136 397
136 582
136 619
136 654
137 461
137 402
138 462
138 403
139 463
139 527
139 531
139 536
139 543
139 550
139 560
139 564
139 620
139 621
140 464
140 799
141 465
141 646
142 466
142 326
142 411
143 467
143 318
144 468
144 331
144 799
145 469
145 322
146 471
146 334
147 472
147 341
148 473
148 404
148 799
149 474
149 405
149 407
149 408
149 663
149 664
149 665
149 666
149 810
150 476
150 408
150 663
150 664
150 665
150 666
150 799
150 810
151 477
151 406
151 408
152 478
152 656
152 657
152 658
152 659
152 661
152 662
152 663
152 664
152 666
152 799
152 818
153 479
153 655
153 656
153 665
153 810
154 481
154 532
154 655
155 482
155 661
155 663
155 664
155 666
155 668
155 799
156 483
156 662
156 799
157 484
157 659
157 665
157 810
158 485
158 660
159 486
159 666
159 668
159 669
159 670
159 700
159 799
159 800
159 808
160 487
160 412
160 667
160 668
160 672
160 700
160 808
161 488
161 668
161 669
161 670
161 700
161 799
161 800
161 808
161 812
162 489
162 413
162 667
162 671
162 672
162 700
162 800
163 490
163 673
163 700
163 799
163 808
164 491
164 674
165 492
165 675
166 493
166 676
166 800
167 494
167 677
168 495
168 678
168 799
169 496
169 679
169 700
169 799
170 497
170 680
170 800
171 498
171 685
172 499
172 686
172 811
173 500
173 687
174 501
174 688
174 812
175 502
175 684
176 503
176 689
176 811
176 812
177 506
177 643
177 799
177 812
178 507
178 644
178 811
179 508
179 690
179 811
180 509
180 663
181 510
181 664
182 511
182 681
183 512
183 682
184 513
184 683
185 514
185 693
185 810
186 515
186 810
187 517
187 692
188 518
188 694
189 519
189 695
189 809
190 522
190 696
190 811
191 523
191 809
192 524
192 411
192 412
192 413
192 414
192 643
192 644
192 657
192 663
192 664
192 665
192 666
192 667
192 671
192 672
192 799
192 810
192 811
192 812
192 818
193 525
193 407
193 663
193 664
193 665
193 666
193 799
193 810
194 526
194 795
194 796
195 533
195 665
195 666
195 692
195 693
195 694
195 697
196 538
196 514
196 515
197 582
197 657
197 660
198 585
198 517
198 518
199 595
199 658
199 659
199 661
199 662
200 611
200 527
200 528
200 529
200 530
200 646
201 612
201 817
201 818
201 819
201 820
202 613
202 667
202 672
203 614
203 672
204 615
204 808
205 616
205 538
205 539
205 540
205 542
205 671
206 617
206 544
206 548
206 549
206 646
206 668
207 619
207 671
208 620
208 700
209 621
209 551
209 673
209 674
209 675
209 676
209 677
209 678
209 695
209 696
210 623
210 800
211 624
211 570
212 625
212 632
212 688
212 690
213 626
213 414
213 557
213 565
213 646
213 679
213 680
213 698
213 699
214 627
214 698
215 628
215 699
216 629
216 811
217 630
217 812
218 631
218 588
218 589
218 600
219 632
219 688
219 690
220 633
220 639
220 640
220 641
220 642
220 681
220 683
220 685
220 686
220 687
220 811
220 812
221 634
221 616
222 635
222 608
222 609
222 610
223 636
223 590
223 591
223 592
223 593
223 594
223 646
224 637
224 670
224 682
224 684
224 691
225 638
225 669
225 689
226 639
226 356
226 691
227 640
227 691
228 641
228 697
229 642
230 643
230 799
231 644
231 799
232 645
232 811
233 646
233 663
233 664
233 665
233 666
233 810
234 647
235 648
235 671
235 672
236 649
236 657
236 818
237 650
237 409
237 665
237 666
237 692
237 693
237 694
237 697
238 651
238 665
238 666
238 692
238 693
238 694
238 697
239 652
239 665
239 666
239 692
239 693
239 694
239 697
240 653
240 409
240 665
240 666
240 692
240 693
240 694
240 697
241 654
241 410
241 657
241 660
242 655
242 657
242 660
243 656
243 657
243 660
244 692
244 410
244 657
244 660
245 697
245 818
246 709
246 818
247 710
247 818
248 711
248 673
248 674
248 675
248 676
248 677
248 678
248 695
248 696
249 712
249 673
249 674
249 675
249 676
249 677
249 678
249 695
249 696
250 713
250 673
250 674
250 675
250 676
250 677
250 678
250 695
250 696
251 715
251 551
251 673
251 674
251 675
251 676
251 677
251 678
251 695
251 696
252 716
252 673
252 674
252 675
252 676
252 677
252 678
252 695
252 696
253 718
253 673
253 674
253 675
253 676
253 677
253 678
253 695
253 696
254 719
254 565
254 679
254 680
254 699
255 720
255 557
255 565
255 679
255 680
255 699
256 721
256 557
256 565
256 679
256 680
256 698
256 699
257 722
257 565
257 679
257 680
257 698
257 699
258 723
258 565
258 679
258 680
259 724
259 557
259 565
259 679
259 680
259 698
259 699
260 725
260 632
260 688
260 690
261 726
261 688
261 690
262 727
262 632
262 688
262 690
263 728
263 632
263 688
263 690
264 729
264 632
264 688
264 690
265 730
265 632
265 688
265 690
266 731
266 633
266 639
266 640
266 641
266 642
266 681
266 683
266 685
266 686
266 687
266 811
266 812
267 732
267 633
267 639
267 640
267 641
267 642
267 681
267 683
267 685
267 686
267 687
267 811
267 812
268 733
268 633
268 639
268 640
268 641
268 642
268 681
268 683
268 685
268 686
268 687
268 811
268 812
269 734
269 633
269 639
269 640
269 641
269 642
269 681
269 683
269 685
269 686
269 687
269 811
269 812
270 735
270 633
270 639
270 640
270 641
270 642
270 681
270 683
270 685
270 686
270 687
270 811
270 812
271 736
271 670
271 684
272 737
272 670
272 682
272 684
273 738
273 670
273 682
273 684
274 739
274 670
274 682
274 684
275 740
275 544
275 548
275 549
276 741
276 655
277 742
278 751
278 411
278 799
279 752
279 669
279 689
280 757
280 669
280 689
281 758
281 669
281 689
282 759
282 669
282 689
283 760
283 669
283 689
284 761
284 531
284 532
284 533
284 534
284 535
285 762
285 593
286 763
286 610
287 764
287 796
288 780
288 536
289 781
289 540
289 541
290 782
290 567
290 568
290 569
291 783
291 594
291 595
292 784
292 327
292 701
293 785
293 804
294 786
294 319
294 702
295 787
296 801
296 415
296 416
296 417
296 423
296 424
296 425
296 426
296 701
296 702
296 703
297 811
297 703
298 813
298 416
298 423
298 424
298 425
298 426
298 701
298 702
298 703
299 814
299 417
299 418
299 419
299 423
299 424
299 425
299 426
299 701
299 702
300 815
300 420
300 421
300 422
300 701
300 702
301 817
301 423
301 425
301 701
302 818
302 424
302 426
302 702
303 819
303 425
303 701
304 820
304 426
304 702
305 821
305 629
305 701
305 702
305 704
305 709
306 631
306 701
307 630
307 702
308 635
308 701
309 634
309 702
310 701
310 705
311 706
312 702
313 816
313 636
313 705
314 811
314 705
314 707
315 372
315 811
315 418
315 420
315 423
315 424
315 425
315 426
315 428
316 663
316 811
316 428
317 813
317 419
317 429
318 813
318 421
319 813
319 429
320 531
320 813
320 556
320 709
321 662
321 813
321 704
322 814
322 579
323 370
323 814
323 573
324 534
324 814
324 427
324 430
324 431
324 706
325 816
325 430
326 816
326 431
327 816
327 607
328 365
328 816
328 708
329 528
329 816
329 585
330 657
330 816
330 709
331 817
331 602
331 708
331 709
332 373
332 817
332 422
332 423
332 424
332 425
332 426
332 427
332 701
332 702
332 705
333 532
333 817
333 701
333 702
334 818
334 701
334 702
335 371
335 818
335 701
335 702
336 530
336 818
336 701
336 702
337 535
337 819
337 420
337 423
337 424
337 425
337 426
338 664
338 819
338 705
339 820
339 415
340 661
340 820
340 418
340 420
340 423
340 424
340 425
340 426
340 428
341 821
341 418
341 420
341 423
341 424
341 425
341 426
341 428
342 369
342 821
342 418
342 420
342 423
342 424
342 425
342 426
343 376
343 418
343 420
343 423
343 424
343 425
343 426
344 424
344 419
344 429
345 419
345 429
346 431
346 419
347 433
347 419
348 439
348 704
349 440
349 704
350 704
351 779
351 704
352 442
352 486
352 430
352 431
352 706
353 446
353 430
353 431
353 706
354 450
354 430
354 431
354 706
355 453
355 430
355 431
355 706
356 706
357 602
357 708
358 602
358 708
359 602
359 708
360 602
360 708
362 707
364 722
365 432
366 648
367 722
368 433
374 710
374 717
374 718
374 719
374 722
375 435
375 436
375 710
375 711
375 717
375 718
375 719
375 722
376 434
376 722
377 436
378 712
378 715
378 716
378 717
378 722
379 713
379 718
379 719
380 714
381 461
382 715
382 716
383 623
383 722
384 622
384 717
384 718
384 719
385 479
385 722
386 480
387 478
388 463
388 471
388 472
388 722
389 458
389 473
390 446
390 464
390 722
391 464
392 445
392 463
393 447
393 471
394 448
394 449
395 450
395 722
396 451
397 491
398 492
399 493
400 494
401 496
401 720
402 437
402 438
403 468
404 452
404 471
405 469
406 456
407 443
407 444
407 471
408 475
408 574
408 722
409 476
409 720
410 482
411 481
412 477
413 483
414 453
414 720
415 454
415 455
415 722
416 470
417 455
417 720
417 722
418 495
419 484
419 491
419 720
420 487
420 494
421 486
421 493
421 722
422 485
422 492
423 490
424 512
424 513
424 715
425 716
425 794
426 488
427 489
428 711
428 712
428 713
428 714
428 721
428 797
429 721
429 795
430 465
430 624
430 625
430 626
430 627
430 628
431 465
431 514
431 516
432 505
432 466
432 520
432 522
432 526
433 505
433 466
433 517
433 519
434 461
434 521
434 718
434 719
435 521
435 717
436 719
437 442
437 484
437 485
437 486
437 487
437 488
437 459
438 444
438 469
438 494
438 495
438 496
438 533
439 504
439 505
439 538
440 470
440 474
440 462
440 463
441 475
441 479
441 462
441 543
441 544
441 545
441 546
441 547
442 480
442 483
442 443
442 445
442 446
442 447
442 448
442 449
442 450
442 451
442 452
442 456
443 484
443 485
443 487
443 488
443 471
443 566
444 445
444 489
444 490
444 492
444 493
444 468
444 469
444 470
444 563
445 484
445 485
445 486
445 487
445 488
445 453
445 454
445 455
445 457
445 474
446 484
446 485
446 486
446 487
446 488
446 577
446 580
447 485
447 486
447 487
447 488
447 457
447 567
447 570
448 484
448 485
448 486
448 487
448 488
448 720
449 469
449 484
449 485
449 486
449 487
449 488
449 505
449 520
449 474
449 480
449 798
450 484
450 485
450 486
450 487
450 488
450 588
451 484
451 485
451 486
451 487
451 488
451 497
451 616
451 617
452 484
452 485
452 486
452 488
452 460
452 467
452 497
452 498
452 612
452 618
452 637
452 638
453 489
453 490
453 491
453 492
453 493
453 603
453 605
453 608
454 489
454 490
454 491
454 492
454 493
454 498
454 590
454 597
455 489
455 490
455 491
455 492
455 493
455 467
456 484
456 485
456 486
456 487
456 488
456 472
456 475
456 476
456 477
456 478
456 479
456 481
456 482
456 483
456 489
456 490
456 495
456 496
456 499
456 500
456 614
457 489
457 490
457 491
457 492
457 500
458 505
458 499
458 599
459 505
459 780
459 712
459 715
459 716
460 505
461 505
463 505
463 717
463 718
463 719
465 475
465 511
466 480
466 511
466 720
467 502
467 503
467 722
468 494
468 495
468 496
469 494
469 495
469 496
470 494
470 495
470 496
470 711
470 712
470 713
470 714
470 721
470 797
471 711
471 712
471 713
471 714
472 522
472 523
472 524
472 525
472 526
472 711
472 712
472 713
472 714
473 516
473 517
473 518
473 711
473 712
473 713
473 714
474 489
474 490
474 491
474 492
474 497
474 498
474 499
474 500
474 507
474 515
474 711
474 712
474 713
474 714
474 797
475 522
475 523
475 524
475 525
475 526
475 624
475 625
475 626
475 627
475 628
476 522
476 523
476 524
476 525
476 526
476 624
476 625
476 626
476 627
476 628
477 522
477 523
477 524
477 525
477 526
477 624
477 625
477 626
477 627
477 628
478 522
478 523
478 524
478 525
478 526
478 624
478 625
478 626
478 627
478 628
479 522
479 523
479 524
479 525
479 526
479 624
479 625
479 626
479 627
479 628
480 497
480 498
480 499
480 500
480 507
480 515
480 520
480 522
480 526
481 522
481 523
481 524
481 525
481 526
482 522
482 523
482 524
482 525
482 526
483 522
483 523
483 524
483 525
483 526
484 497
484 498
484 499
484 500
484 507
484 515
485 497
485 499
485 500
485 507
485 515
486 497
486 498
486 499
486 500
486 507
486 515
487 497
487 498
487 499
487 507
487 515
488 522
488 523
488 524
488 525
488 526
489 522
489 523
489 524
489 525
489 526
490 522
490 523
490 524
490 525
490 526
491 505
491 506
491 520
492 505
492 506
492 520
493 505
493 506
493 520
494 505
494 506
494 520
495 522
495 523
495 524
495 525
495 526
496 522
496 523
496 524
496 525
496 526
497 502
497 503
498 501
498 503
498 519
499 524
499 525
500 522
500 523
500 524
500 525
500 798
501 537
501 538
501 603
501 605
501 612
502 539
502 612
503 538
503 540
503 612
504 536
504 539
504 715
504 716
504 718
504 719
505 618
505 619
505 622
505 623
505 711
505 712
505 714
505 715
505 716
505 717
505 718
505 719
505 720
505 722
506 622
506 623
507 666
507 713
508 714
508 751
508 622
508 623
509 717
509 752
509 512
509 516
509 519
509 520
509 524
509 525
509 526
509 543
509 544
509 546
509 547
509 550
509 553
509 554
509 560
509 562
509 564
509 570
509 574
509 617
509 622
509 623
509 624
509 625
509 626
509 627
509 628
509 637
509 638
510 797
511 798
511 522
511 721
511 797
512 802
512 722
513 773
513 722
515 745
516 589
518 744
519 591
519 603
519 605
519 612
519 637
519 638
520 806
520 717
520 718
520 719
520 722
521 691
521 717
521 718
521 719
521 752
521 806
522 614
523 590
523 622
523 623
524 690
524 691
524 715
524 716
524 718
524 719
524 614
525 690
525 691
525 715
525 716
525 718
525 719
525 614
526 805
527 647
528 593
529 693
529 805
530 765
530 814
534 592
535 668
535 712
535 813
536 723
536 813
536 814
537 694
537 797
539 699
539 813
539 814
540 724
540 813
540 814
541 596
541 726
541 813
541 814
542 725
542 726
543 727
543 813
543 814
544 728
544 729
544 730
544 731
544 813
544 814
545 594
545 730
545 731
545 755
545 813
545 814
546 698
546 731
546 732
546 755
546 764
546 765
546 813
546 814
547 807
547 733
547 737
548 746
548 765
549 734
549 738
549 764
550 813
551 735
552 597
552 628
552 764
552 765
553 700
553 720
553 723
553 814
554 766
554 736
555 776
555 737
555 755
556 738
556 764
556 813
557 747
557 739
557 764
557 814
558 700
558 741
558 799
559 700
559 741
559 808
559 742
560 744
561 599
561 633
561 743
562 767
562 745
563 598
563 746
563 813
564 747
564 814
565 777
565 740
566 748
567 801
568 600
568 802
569 701
569 750
570 752
571 799
571 800
571 753
572 808
572 809
572 751
573 749
574 768
574 754
575 703
575 756
575 763
576 703
576 792
576 757
577 758
578 603
578 759
579 703
579 760
580 761
581 602
581 723
581 725
581 727
581 801
581 802
581 813
581 814
582 788
582 725
582 727
583 704
583 732
583 733
583 735
583 788
583 628
583 763
584 789
584 627
585 789
585 725
585 727
586 702
586 759
586 760
586 761
586 762
586 763
586 789
587 789
587 810
587 763
588 724
588 756
588 757
588 762
589 605
591 707
592 769
593 647
593 728
593 730
594 647
594 731
595 610
595 647
595 731
596 706
596 769
597 793
597 733
597 734
597 735
597 736
597 758
597 759
598 704
598 794
598 764
598 765
599 647
599 739
601 748
601 809
601 729
603 609
604 609
604 705
604 732
604 733
604 737
604 738
604 750
604 752
606 796
606 613
606 740
606 741
606 742
606 743
606 744
606 745
606 746
606 747
606 748
606 749
606 751
606 753
606 754
606 755
607 796
607 755
608 617
608 647
608 760
608 761
609 770
611 742
611 749
611 799
611 800
612 813
612 814
613 647
613 648
613 649
613 813
613 814
614 778
614 813
614 814
615 790
618 724
618 756
618 757
618 762
619 791
619 724
619 756
619 757
619 762
620 670
620 724
620 756
620 757
620 762
621 669
621 724
621 756
621 757
621 762
622 670
623 669
624 755
625 755
625 756
626 804
626 733
626 734
626 735
626 736
626 758
626 759
627 733
627 734
627 735
627 736
627 758
627 759
628 733
628 734
628 735
628 736
628 758
628 759
629 733
629 734
629 735
629 736
629 758
629 759
630 733
630 734
630 735
630 736
630 758
630 759
631 739
632 799
632 739
633 799
633 739
634 739
635 739
637 771
637 729
638 772
638 729
639 729
640 729
641 729
642 732
642 737
642 738
642 750
642 752
643 732
643 737
643 738
643 750
643 752
644 732
644 737
644 738
644 750
644 752
645 732
645 737
645 738
645 750
645 752
646 815
646 732
646 737
646 738
646 750
646 752
647 815
647 740
647 741
647 742
647 743
647 744
647 745
647 746
647 747
647 748
647 749
647 751
647 753
647 754
648 797
648 816
648 740
648 741
648 742
648 743
648 744
648 745
648 746
648 747
648 748
648 749
648 751
648 753
648 754
649 658
649 797
649 816
649 740
649 741
649 742
649 743
649 744
649 745
649 746
649 747
649 748
649 749
649 751
649 753
649 754
649 755
650 740
650 741
650 742
650 743
650 744
650 745
650 746
650 747
650 748
650 749
650 751
650 753
650 754
651 740
651 741
651 742
651 743
651 744
651 745
651 746
651 747
651 748
651 749
651 751
651 753
651 754
651 755
652 760
652 761
653 760
653 761
654 760
654 761
655 780
655 760
655 761
656 760
656 761
658 780
659 780
659 806
660 815
661 780
662 780
665 767
665 771
665 772
665 775
665 815
666 766
666 771
666 772
666 775
666 815
667 768
667 769
667 771
667 772
667 775
668 768
668 815
669 771
669 772
670 769
670 770
670 775
670 815
671 770
671 771
671 772
671 773
671 774
671 816
672 774
673 773
673 775
673 776
673 815
674 776
674 815
674 816
675 775
675 790
675 815
676 777
676 790
676 815
676 816
677 780
677 815
678 778
679 781
680 779
681 782
682 789
683 783
683 790
684 784
685 785
685 815
686 786
687 787
688 788
689 766
689 771
689 772
689 775
689 815
690 767
691 791
692 776
692 816
695 769
695 770
696 816
697 816
698 776
700 777
700 778
700 779
700 780
700 781
700 782
704 783
704 784
704 785
704 786
704 787
704 788
704 789
704 792
708 790
709 815
710 771
710 772
710 775
712 771
712 772
714 767
715 767
716 767
717 791
720 777
720 778
720 779
720 780
720 781
720 782
721 777
721 778
721 779
721 780
721 781
721 782
722 777
722 778
722 779
722 780
722 781
722 782
723 777
723 778
723 779
723 780
723 781
723 782
724 777
724 778
724 779
724 780
724 781
724 782
728 780
730 780
731 783
731 784
731 785
731 786
731 787
731 788
731 789
731 792
732 783
732 784
732 785
732 786
732 787
732 788
732 789
732 792
733 783
733 784
733 785
733 786
733 787
733 788
733 789
733 792
734 783
734 784
734 785
734 786
734 787
734 788
734 789
735 783
735 784
735 785
735 786
735 787
735 788
735 789
735 792
741 777
741 778
741 779
741 780
741 781
741 782
743 791
750 792
751 767
753 771
754 772
756 775
757 771
757 772
757 775
774 794
775 819
793 802
793 803
793 804
793 805
793 806
793 809
795 820
803 812
804 812
805 812
806 812
