0 0
0 1
0 15
0 16
0 17
0 31
1 1
1 2
1 16
1 17
1 18
2 2
2 3
2 17
2 18
2 19
3 3
3 4
3 18
3 19
3 20
4 4
4 5
4 19
4 20
4 21
5 5
5 6
5 20
5 21
5 22
6 6
6 7
6 21
6 22
6 23
7 7
7 8
7 22
7 23
7 24
8 8
8 9
8 23
8 24
8 25
9 9
9 10
9 24
9 25
9 26
10 10
10 11
10 25
10 26
10 27
11 11
11 12
11 26
11 27
11 28
12 12
12 13
12 27
12 28
12 29
13 13
13 14
13 28
13 29
13 30
14 14
14 15
14 29
14 30
14 31
15 15
15 16
15 30
15 31
16 16
16 17
16 31
16 32
16 33
16 47
17 17
17 18
17 32
17 33
17 34
18 18
18 19
18 33
18 34
18 35
19 19
19 20
19 34
19 35
19 36
20 20
20 21
20 35
20 36
20 37
21 21
21 22
21 36
21 37
21 38
22 22
22 23
22 37
22 38
22 39
23 23
23 24
23 38
23 39
23 40
24 24
24 25
24 39
24 40
24 41
25 25
25 26
25 40
25 41
25 42
26 26
26 27
26 41
26 42
26 43
27 27
27 28
27 42
27 43
27 44
28 28
28 29
28 43
28 44
28 45
29 29
29 30
29 44
29 45
29 46
30 30
30 31
30 45
30 46
30 47
31 31
31 32
31 46
31 47
32 32
32 33
32 47
32 48
32 49
32 63
33 33
33 34
33 48
33 49
33 50
34 34
34 35
34 49
34 50
34 51
35 35
35 36
35 50
35 51
35 52
36 36
36 37
36 51
36 52
36 53
37 37
37 38
37 52
37 53
37 54
38 38
38 39
38 53
38 54
38 55
39 39
39 40
39 54
39 55
39 56
40 40
40 41
40 55
40 56
40 57
41 41
41 42
41 56
41 57
41 58
42 42
42 43
42 57
42 58
42 59
43 43
43 44
43 58
43 59
43 60
44 44
44 45
44 59
44 60
44 61
45 45
45 46
45 60
45 61
45 62
46 46
46 47
46 61
46 62
46 63
47 47
47 48
47 62
47 63
48 48
48 49
48 63
48 64
48 65
48 79
49 49
49 50
49 64
49 65
49 66
50 50
50 51
50 65
50 66
50 67
51 51
51 52
51 66
51 67
51 68
52 52
52 53
52 67
52 68
52 69
53 53
53 54
53 68
53 69
53 70
54 54
54 55
54 69
54 70
54 71
55 55
55 56
55 70
55 71
55 72
56 56
56 57
56 71
56 72
56 73
57 57
57 58
57 72
57 73
57 74
58 58
58 59
58 73
58 74
58 75
59 59
59 60
59 74
59 75
59 76
60 60
60 61
60 75
60 76
60 77
61 61
61 62
61 76
61 77
61 78
62 62
62 63
62 77
62 78
62 79
63 63
63 64
63 78
63 79
64 64
64 65
64 79
64 80
64 81
64 95
65 65
65 66
65 80
65 81
65 82
66 66
66 67
66 81
66 82
66 83
67 67
67 68
67 82
67 83
67 84
68 68
68 69
68 83
68 84
68 85
69 69
69 70
69 84
69 85
69 86
70 70
70 71
70 85
70 86
70 87
71 71
71 72
71 86
71 87
71 88
72 72
72 73
72 87
72 88
72 89
73 73
73 74
73 88
73 89
73 90
74 74
74 75
74 89
74 90
74 91
75 75
75 76
75 90
75 91
75 92
76 76
76 77
76 91
76 92
76 93
77 77
77 78
77 92
77 93
77 94
78 78
78 79
78 93
78 94
78 95
79 79
79 80
79 94
79 95
80 80
80 81
80 95
81 81
81 82
82 82
82 83
83 83
83 84
84 84
84 85
85 85
85 86
86 86
86 87
87 87
87 88
88 88
88 89
89 89
89 90
90 90
90 91
91 91
91 92
92 92
92 93
93 93
93 94
94 94
94 95
95 95
