0 0
0 4
0 5
0 10
0 11
0 12
0 13
0 16
0 17
0 19
0 20
1 1
1 4
1 5
1 10
1 11
1 12
1 13
1 16
1 17
1 19
1 20
2 2
2 4
2 5
2 10
2 11
2 12
2 13
2 16
2 17
2 19
2 20
2 83
2 84
2 87
2 88
2 89
2 90
2 91
2 92
2 93
2 94
2 95
3 3
3 4
3 5
3 10
3 11
3 12
3 13
3 16
3 17
3 19
3 20
3 83
3 84
3 87
3 88
3 89
3 90
3 91
3 92
3 93
3 94
3 95
4 4
4 5
4 10
4 11
4 12
4 13
4 16
4 17
4 19
4 20
4 21
4 22
4 25
4 26
4 27
4 28
4 31
4 32
4 33
4 34
4 35
4 83
4 84
4 87
4 88
4 89
4 90
4 91
4 92
4 93
4 94
4 95
4 96
4 97
4 98
4 99
4 100
4 101
4 102
4 103
4 104
4 105
4 106
4 6
4 7
4 8
4 9
4 14
4 15
4 18
4 23
4 24
4 29
4 30
4 81
4 82
4 85
4 86
5 5
5 10
5 11
5 12
5 13
5 16
5 17
5 19
5 20
5 21
5 22
5 25
5 26
5 27
5 28
5 31
5 32
5 33
5 34
5 35
5 83
5 84
5 87
5 88
5 89
5 90
5 91
5 92
5 93
5 94
5 95
5 96
5 97
5 98
5 99
5 100
5 101
5 102
5 103
5 104
5 105
5 106
5 6
5 7
5 8
5 9
5 14
5 15
5 18
5 23
5 24
5 29
5 30
5 81
5 82
5 85
5 86
6 6
6 10
6 11
6 12
6 13
6 16
6 17
6 19
6 20
6 21
6 22
6 25
6 26
6 27
6 28
6 31
6 32
6 33
6 34
6 35
7 7
7 10
7 11
7 12
7 13
7 16
7 17
7 19
7 20
7 21
7 22
7 25
7 26
7 27
7 28
7 31
7 32
7 33
7 34
7 35
8 8
8 10
8 11
8 12
8 13
8 16
8 17
8 19
8 20
9 9
9 10
9 11
9 12
9 13
9 16
9 17
9 19
9 20
10 10
10 11
10 12
10 13
10 16
10 17
10 19
10 20
10 83
10 84
10 87
10 88
10 89
10 90
10 91
10 92
10 93
10 94
10 95
10 14
10 15
10 18
10 81
10 82
10 85
10 86
11 11
11 12
11 13
11 16
11 17
11 19
11 20
11 83
11 84
11 87
11 88
11 89
11 90
11 91
11 92
11 93
11 94
11 95
11 14
11 15
11 18
11 81
11 82
11 85
11 86
12 12
12 13
12 16
12 17
12 19
12 20
12 21
12 22
12 25
12 26
12 27
12 28
12 31
12 32
12 33
12 34
12 35
12 14
12 15
12 18
12 23
12 24
12 29
12 30
13 13
13 16
13 17
13 19
13 20
13 21
13 22
13 25
13 26
13 27
13 28
13 31
13 32
13 33
13 34
13 35
13 14
13 15
13 18
13 23
13 24
13 29
13 30
14 14
14 16
14 17
14 19
14 20
15 15
15 16
15 17
15 19
15 20
16 16
16 17
16 19
16 20
16 18
17 17
17 19
17 20
17 18
18 18
21 21
21 22
21 25
21 26
21 27
21 28
21 31
21 32
21 33
21 34
21 35
21 36
21 37
21 40
21 41
21 42
21 43
21 46
21 47
21 48
21 49
21 50
21 83
21 84
21 89
21 90
21 96
21 97
21 98
21 99
21 100
21 101
21 102
21 103
21 104
21 105
21 106
21 107
21 108
21 109
21 110
21 111
21 112
21 113
21 114
21 115
21 116
21 117
21 23
21 24
21 29
21 30
21 38
21 39
21 44
21 45
22 22
22 25
22 26
22 27
22 28
22 31
22 32
22 33
22 34
22 35
22 36
22 37
22 40
22 41
22 42
22 43
22 46
22 47
22 48
22 49
22 50
22 83
22 84
22 89
22 90
22 96
22 97
22 98
22 99
22 100
22 101
22 102
22 103
22 104
22 105
22 106
22 107
22 108
22 109
22 110
22 111
22 112
22 113
22 114
22 115
22 116
22 117
22 23
22 24
22 29
22 30
22 38
22 39
22 44
22 45
23 23
23 25
23 26
23 27
23 28
23 31
23 32
23 33
23 34
23 35
23 36
23 37
23 40
23 41
23 42
23 43
23 46
23 47
23 48
23 49
23 50
24 24
24 25
24 26
24 27
24 28
24 31
24 32
24 33
24 34
24 35
24 36
24 37
24 40
24 41
24 42
24 43
24 46
24 47
24 48
24 49
24 50
25 25
25 26
25 27
25 28
25 31
25 32
25 33
25 34
25 35
25 83
25 84
25 89
25 90
25 96
25 97
25 98
25 99
25 100
25 101
25 102
25 103
25 104
25 105
25 106
25 29
25 30
26 26
26 27
26 28
26 31
26 32
26 33
26 34
26 35
26 83
26 84
26 89
26 90
26 96
26 97
26 98
26 99
26 100
26 101
26 102
26 103
26 104
26 105
26 106
26 29
26 30
27 27
27 28
27 31
27 32
27 33
27 34
27 35
27 36
27 37
27 40
27 41
27 42
27 43
27 46
27 47
27 48
27 49
27 50
27 29
27 30
27 38
27 39
27 44
27 45
28 28
28 31
28 32
28 33
28 34
28 35
28 36
28 37
28 40
28 41
28 42
28 43
28 46
28 47
28 48
28 49
28 50
28 29
28 30
28 38
28 39
28 44
28 45
29 29
29 31
29 32
29 33
29 34
29 35
30 30
30 31
30 32
30 33
30 34
30 35
31 31
31 32
31 33
31 34
31 35
32 32
32 33
32 34
32 35
36 36
36 37
36 40
36 41
36 42
36 43
36 46
36 47
36 48
36 49
36 50
36 51
36 52
36 55
36 56
36 57
36 58
36 61
36 62
36 63
36 64
36 65
36 96
36 97
36 100
36 101
36 107
36 108
36 109
36 110
36 111
36 112
36 113
36 114
36 115
36 116
36 117
36 118
36 119
36 120
36 121
36 122
36 123
36 124
36 125
36 126
36 127
36 128
36 38
36 39
36 44
36 45
36 53
36 54
36 59
36 60
37 37
37 40
37 41
37 42
37 43
37 46
37 47
37 48
37 49
37 50
37 51
37 52
37 55
37 56
37 57
37 58
37 61
37 62
37 63
37 64
37 65
37 96
37 97
37 100
37 101
37 107
37 108
37 109
37 110
37 111
37 112
37 113
37 114
37 115
37 116
37 117
37 118
37 119
37 120
37 121
37 122
37 123
37 124
37 125
37 126
37 127
37 128
37 38
37 39
37 44
37 45
37 53
37 54
37 59
37 60
38 38
38 40
38 41
38 42
38 43
38 46
38 47
38 48
38 49
38 50
38 51
38 52
38 55
38 56
38 57
38 58
38 61
38 62
38 63
38 64
38 65
39 39
39 40
39 41
39 42
39 43
39 46
39 47
39 48
39 49
39 50
39 51
39 52
39 55
39 56
39 57
39 58
39 61
39 62
39 63
39 64
39 65
40 40
40 41
40 42
40 43
40 46
40 47
40 48
40 49
40 50
40 96
40 97
40 100
40 101
40 107
40 108
40 109
40 110
40 111
40 112
40 113
40 114
40 115
40 116
40 117
40 44
40 45
41 41
41 42
41 43
41 46
41 47
41 48
41 49
41 50
41 96
41 97
41 100
41 101
41 107
41 108
41 109
41 110
41 111
41 112
41 113
41 114
41 115
41 116
41 117
41 44
41 45
42 42
42 43
42 46
42 47
42 48
42 49
42 50
42 51
42 52
42 55
42 56
42 57
42 58
42 61
42 62
42 63
42 64
42 65
42 44
42 45
42 53
42 54
42 59
42 60
43 43
43 46
43 47
43 48
43 49
43 50
43 51
43 52
43 55
43 56
43 57
43 58
43 61
43 62
43 63
43 64
43 65
43 44
43 45
43 53
43 54
43 59
43 60
44 44
44 46
44 47
44 48
44 49
44 50
45 45
45 46
45 47
45 48
45 49
45 50
46 46
46 47
46 48
46 49
46 50
47 47
47 48
47 49
47 50
51 51
51 52
51 55
51 56
51 57
51 58
51 61
51 62
51 63
51 64
51 65
51 70
51 71
51 76
51 77
51 78
51 79
51 80
51 107
51 108
51 111
51 112
51 118
51 119
51 120
51 121
51 122
51 123
51 124
51 125
51 126
51 127
51 128
51 131
51 132
51 135
51 136
51 137
51 138
51 139
51 53
51 54
51 59
51 60
51 66
51 67
51 68
51 69
51 72
51 73
51 74
51 75
51 129
51 130
51 133
51 134
52 52
52 55
52 56
52 57
52 58
52 61
52 62
52 63
52 64
52 65
52 70
52 71
52 76
52 77
52 78
52 79
52 80
52 107
52 108
52 111
52 112
52 118
52 119
52 120
52 121
52 122
52 123
52 124
52 125
52 126
52 127
52 128
52 131
52 132
52 135
52 136
52 137
52 138
52 139
52 53
52 54
52 59
52 60
52 66
52 67
52 68
52 69
52 72
52 73
52 74
52 75
52 129
52 130
52 133
52 134
53 53
53 55
53 56
53 57
53 58
53 61
53 62
53 63
53 64
53 65
53 70
53 71
53 76
53 77
53 78
53 79
53 80
54 54
54 55
54 56
54 57
54 58
54 61
54 62
54 63
54 64
54 65
54 70
54 71
54 76
54 77
54 78
54 79
54 80
55 55
55 56
55 57
55 58
55 61
55 62
55 63
55 64
55 65
55 107
55 108
55 111
55 112
55 118
55 119
55 120
55 121
55 122
55 123
55 124
55 125
55 126
55 127
55 128
55 59
55 60
56 56
56 57
56 58
56 61
56 62
56 63
56 64
56 65
56 107
56 108
56 111
56 112
56 118
56 119
56 120
56 121
56 122
56 123
56 124
56 125
56 126
56 127
56 128
56 59
56 60
57 57
57 58
57 61
57 62
57 63
57 64
57 65
57 70
57 71
57 76
57 77
57 78
57 79
57 80
57 59
57 60
57 66
57 67
57 68
57 69
57 72
57 73
57 74
57 75
58 58
58 61
58 62
58 63
58 64
58 65
58 70
58 71
58 76
58 77
58 78
58 79
58 80
58 59
58 60
58 66
58 67
58 68
58 69
58 72
58 73
58 74
58 75
59 59
59 61
59 62
59 63
59 64
59 65
60 60
60 61
60 62
60 63
60 64
60 65
61 61
61 62
61 63
61 64
61 65
62 62
62 63
62 64
62 65
66 66
66 70
66 71
66 76
66 77
66 78
66 79
66 80
66 118
66 119
66 122
66 123
66 131
66 132
66 135
66 136
66 137
66 138
66 139
67 67
67 70
67 71
67 76
67 77
67 78
67 79
67 80
67 118
67 119
67 122
67 123
67 131
67 132
67 135
67 136
67 137
67 138
67 139
68 68
68 70
68 71
68 76
68 77
68 78
68 79
68 80
69 69
69 70
69 71
69 76
69 77
69 78
69 79
69 80
70 70
70 71
70 76
70 77
70 78
70 79
70 80
70 118
70 119
70 122
70 123
70 131
70 132
70 135
70 136
70 137
70 138
70 139
70 72
70 73
70 74
70 75
70 129
70 130
70 133
70 134
71 71
71 76
71 77
71 78
71 79
71 80
71 118
71 119
71 122
71 123
71 131
71 132
71 135
71 136
71 137
71 138
71 139
71 72
71 73
71 74
71 75
71 129
71 130
71 133
71 134
72 72
72 76
72 77
72 78
72 79
72 80
73 73
73 76
73 77
73 78
73 79
73 80
74 74
74 76
74 77
74 78
74 79
74 80
75 75
75 76
75 77
75 78
75 79
75 80
76 76
76 77
76 78
76 79
76 80
77 77
77 78
77 79
77 80
81 81
81 83
81 84
81 87
81 88
81 89
81 90
81 91
81 92
81 93
81 94
81 95
81 142
81 143
81 146
81 147
81 148
81 149
81 150
81 151
81 152
81 153
81 154
82 82
82 83
82 84
82 87
82 88
82 89
82 90
82 91
82 92
82 93
82 94
82 95
82 142
82 143
82 146
82 147
82 148
82 149
82 150
82 151
82 152
82 153
82 154
83 83
83 84
83 87
83 88
83 89
83 90
83 91
83 92
83 93
83 94
83 95
83 96
83 97
83 98
83 99
83 100
83 101
83 102
83 103
83 104
83 105
83 106
83 142
83 143
83 146
83 147
83 148
83 149
83 150
83 151
83 152
83 153
83 154
83 155
83 156
83 157
83 158
83 159
83 160
83 161
83 162
83 163
83 164
83 165
83 85
83 86
83 140
83 141
83 144
83 145
84 84
84 87
84 88
84 89
84 90
84 91
84 92
84 93
84 94
84 95
84 96
84 97
84 98
84 99
84 100
84 101
84 102
84 103
84 104
84 105
84 106
84 142
84 143
84 146
84 147
84 148
84 149
84 150
84 151
84 152
84 153
84 154
84 155
84 156
84 157
84 158
84 159
84 160
84 161
84 162
84 163
84 164
84 165
84 85
84 86
84 140
84 141
84 144
84 145
85 85
85 87
85 88
85 89
85 90
85 91
85 92
85 93
85 94
85 95
86 86
86 87
86 88
86 89
86 90
86 91
86 92
86 93
86 94
86 95
87 87
87 88
87 89
87 90
87 91
87 92
87 93
87 94
87 95
87 142
87 143
87 146
87 147
87 148
87 149
87 150
87 151
87 152
87 153
87 154
87 140
87 141
87 144
87 145
88 88
88 89
88 90
88 91
88 92
88 93
88 94
88 95
88 142
88 143
88 146
88 147
88 148
88 149
88 150
88 151
88 152
88 153
88 154
88 140
88 141
88 144
88 145
89 89
89 90
89 91
89 92
89 93
89 94
89 95
89 96
89 97
89 98
89 99
89 100
89 101
89 102
89 103
89 104
89 105
89 106
90 90
90 91
90 92
90 93
90 94
90 95
90 96
90 97
90 98
90 99
90 100
90 101
90 102
90 103
90 104
90 105
90 106
91 91
91 92
91 93
91 94
91 95
92 92
92 93
92 94
92 95
96 96
96 97
96 98
96 99
96 100
96 101
96 102
96 103
96 104
96 105
96 106
96 107
96 108
96 109
96 110
96 111
96 112
96 113
96 114
96 115
96 116
96 117
96 142
96 143
96 148
96 149
96 155
96 156
96 157
96 158
96 159
96 160
96 161
96 162
96 163
96 164
96 165
96 166
96 167
96 168
96 169
96 170
96 171
96 172
96 173
96 174
96 175
96 176
97 97
97 98
97 99
97 100
97 101
97 102
97 103
97 104
97 105
97 106
97 107
97 108
97 109
97 110
97 111
97 112
97 113
97 114
97 115
97 116
97 117
97 142
97 143
97 148
97 149
97 155
97 156
97 157
97 158
97 159
97 160
97 161
97 162
97 163
97 164
97 165
97 166
97 167
97 168
97 169
97 170
97 171
97 172
97 173
97 174
97 175
97 176
98 98
98 99
98 100
98 101
98 102
98 103
98 104
98 105
98 106
98 142
98 143
98 148
98 149
98 155
98 156
98 157
98 158
98 159
98 160
98 161
98 162
98 163
98 164
98 165
99 99
99 100
99 101
99 102
99 103
99 104
99 105
99 106
99 142
99 143
99 148
99 149
99 155
99 156
99 157
99 158
99 159
99 160
99 161
99 162
99 163
99 164
99 165
100 100
100 101
100 102
100 103
100 104
100 105
100 106
100 107
100 108
100 109
100 110
100 111
100 112
100 113
100 114
100 115
100 116
100 117
101 101
101 102
101 103
101 104
101 105
101 106
101 107
101 108
101 109
101 110
101 111
101 112
101 113
101 114
101 115
101 116
101 117
102 102
102 103
102 104
102 105
102 106
103 103
103 104
103 105
103 106
107 107
107 108
107 109
107 110
107 111
107 112
107 113
107 114
107 115
107 116
107 117
107 118
107 119
107 120
107 121
107 122
107 123
107 124
107 125
107 126
107 127
107 128
107 155
107 156
107 159
107 160
107 166
107 167
107 168
107 169
107 170
107 171
107 172
107 173
107 174
107 175
107 176
107 177
107 178
107 179
107 180
107 181
107 182
107 183
107 184
107 185
107 186
107 187
108 108
108 109
108 110
108 111
108 112
108 113
108 114
108 115
108 116
108 117
108 118
108 119
108 120
108 121
108 122
108 123
108 124
108 125
108 126
108 127
108 128
108 155
108 156
108 159
108 160
108 166
108 167
108 168
108 169
108 170
108 171
108 172
108 173
108 174
108 175
108 176
108 177
108 178
108 179
108 180
108 181
108 182
108 183
108 184
108 185
108 186
108 187
109 109
109 110
109 111
109 112
109 113
109 114
109 115
109 116
109 117
109 155
109 156
109 159
109 160
109 166
109 167
109 168
109 169
109 170
109 171
109 172
109 173
109 174
109 175
109 176
110 110
110 111
110 112
110 113
110 114
110 115
110 116
110 117
110 155
110 156
110 159
110 160
110 166
110 167
110 168
110 169
110 170
110 171
110 172
110 173
110 174
110 175
110 176
111 111
111 112
111 113
111 114
111 115
111 116
111 117
111 118
111 119
111 120
111 121
111 122
111 123
111 124
111 125
111 126
111 127
111 128
112 112
112 113
112 114
112 115
112 116
112 117
112 118
112 119
112 120
112 121
112 122
112 123
112 124
112 125
112 126
112 127
112 128
113 113
113 114
113 115
113 116
113 117
114 114
114 115
114 116
114 117
118 118
118 119
118 120
118 121
118 122
118 123
118 124
118 125
118 126
118 127
118 128
118 131
118 132
118 135
118 136
118 137
118 138
118 139
118 166
118 167
118 170
118 171
118 177
118 178
118 179
118 180
118 181
118 182
118 183
118 184
118 185
118 186
118 187
118 190
118 191
118 194
118 195
118 196
118 197
118 198
118 129
118 130
118 133
118 134
118 188
118 189
118 192
118 193
119 119
119 120
119 121
119 122
119 123
119 124
119 125
119 126
119 127
119 128
119 131
119 132
119 135
119 136
119 137
119 138
119 139
119 166
119 167
119 170
119 171
119 177
119 178
119 179
119 180
119 181
119 182
119 183
119 184
119 185
119 186
119 187
119 190
119 191
119 194
119 195
119 196
119 197
119 198
119 129
119 130
119 133
119 134
119 188
119 189
119 192
119 193
120 120
120 121
120 122
120 123
120 124
120 125
120 126
120 127
120 128
120 166
120 167
120 170
120 171
120 177
120 178
120 179
120 180
120 181
120 182
120 183
120 184
120 185
120 186
120 187
121 121
121 122
121 123
121 124
121 125
121 126
121 127
121 128
121 166
121 167
121 170
121 171
121 177
121 178
121 179
121 180
121 181
121 182
121 183
121 184
121 185
121 186
121 187
122 122
122 123
122 124
122 125
122 126
122 127
122 128
122 131
122 132
122 135
122 136
122 137
122 138
122 139
122 129
122 130
122 133
122 134
123 123
123 124
123 125
123 126
123 127
123 128
123 131
123 132
123 135
123 136
123 137
123 138
123 139
123 129
123 130
123 133
123 134
124 124
124 125
124 126
124 127
124 128
125 125
125 126
125 127
125 128
129 129
129 131
129 132
129 135
129 136
129 137
129 138
129 139
129 177
129 178
129 181
129 182
129 190
129 191
129 194
129 195
129 196
129 197
129 198
130 130
130 131
130 132
130 135
130 136
130 137
130 138
130 139
130 177
130 178
130 181
130 182
130 190
130 191
130 194
130 195
130 196
130 197
130 198
131 131
131 132
131 135
131 136
131 137
131 138
131 139
131 177
131 178
131 181
131 182
131 190
131 191
131 194
131 195
131 196
131 197
131 198
131 133
131 134
131 188
131 189
131 192
131 193
132 132
132 135
132 136
132 137
132 138
132 139
132 177
132 178
132 181
132 182
132 190
132 191
132 194
132 195
132 196
132 197
132 198
132 133
132 134
132 188
132 189
132 192
132 193
133 133
133 135
133 136
133 137
133 138
133 139
134 134
134 135
134 136
134 137
134 138
134 139
135 135
135 136
135 137
135 138
135 139
136 136
136 137
136 138
136 139
140 140
140 142
140 143
140 146
140 147
140 148
140 149
140 150
140 151
140 152
140 153
140 154
140 201
140 202
140 205
140 206
140 207
140 208
140 209
140 210
140 211
140 212
140 213
141 141
141 142
141 143
141 146
141 147
141 148
141 149
141 150
141 151
141 152
141 153
141 154
141 201
141 202
141 205
141 206
141 207
141 208
141 209
141 210
141 211
141 212
141 213
142 142
142 143
142 146
142 147
142 148
142 149
142 150
142 151
142 152
142 153
142 154
142 155
142 156
142 157
142 158
142 159
142 160
142 161
142 162
142 163
142 164
142 165
142 201
142 202
142 205
142 206
142 207
142 208
142 209
142 210
142 211
142 212
142 213
142 214
142 215
142 216
142 217
142 218
142 219
142 220
142 221
142 222
142 223
142 224
142 144
142 145
142 199
142 200
142 203
142 204
143 143
143 146
143 147
143 148
143 149
143 150
143 151
143 152
143 153
143 154
143 155
143 156
143 157
143 158
143 159
143 160
143 161
143 162
143 163
143 164
143 165
143 201
143 202
143 205
143 206
143 207
143 208
143 209
143 210
143 211
143 212
143 213
143 214
143 215
143 216
143 217
143 218
143 219
143 220
143 221
143 222
143 223
143 224
143 144
143 145
143 199
143 200
143 203
143 204
144 144
144 146
144 147
144 148
144 149
144 150
144 151
144 152
144 153
144 154
145 145
145 146
145 147
145 148
145 149
145 150
145 151
145 152
145 153
145 154
146 146
146 147
146 148
146 149
146 150
146 151
146 152
146 153
146 154
146 201
146 202
146 205
146 206
146 207
146 208
146 209
146 210
146 211
146 212
146 213
146 199
146 200
146 203
146 204
147 147
147 148
147 149
147 150
147 151
147 152
147 153
147 154
147 201
147 202
147 205
147 206
147 207
147 208
147 209
147 210
147 211
147 212
147 213
147 199
147 200
147 203
147 204
148 148
148 149
148 150
148 151
148 152
148 153
148 154
148 155
148 156
148 157
148 158
148 159
148 160
148 161
148 162
148 163
148 164
148 165
149 149
149 150
149 151
149 152
149 153
149 154
149 155
149 156
149 157
149 158
149 159
149 160
149 161
149 162
149 163
149 164
149 165
150 150
150 151
150 152
150 153
150 154
151 151
151 152
151 153
151 154
155 155
155 156
155 157
155 158
155 159
155 160
155 161
155 162
155 163
155 164
155 165
155 166
155 167
155 168
155 169
155 170
155 171
155 172
155 173
155 174
155 175
155 176
155 201
155 202
155 207
155 208
155 214
155 215
155 216
155 217
155 218
155 219
155 220
155 221
155 222
155 223
155 224
155 225
155 226
155 227
155 228
155 229
155 230
155 231
155 232
155 233
155 234
155 235
156 156
156 157
156 158
156 159
156 160
156 161
156 162
156 163
156 164
156 165
156 166
156 167
156 168
156 169
156 170
156 171
156 172
156 173
156 174
156 175
156 176
156 201
156 202
156 207
156 208
156 214
156 215
156 216
156 217
156 218
156 219
156 220
156 221
156 222
156 223
156 224
156 225
156 226
156 227
156 228
156 229
156 230
156 231
156 232
156 233
156 234
156 235
157 157
157 158
157 159
157 160
157 161
157 162
157 163
157 164
157 165
157 201
157 202
157 207
157 208
157 214
157 215
157 216
157 217
157 218
157 219
157 220
157 221
157 222
157 223
157 224
158 158
158 159
158 160
158 161
158 162
158 163
158 164
158 165
158 201
158 202
158 207
158 208
158 214
158 215
158 216
158 217
158 218
158 219
158 220
158 221
158 222
158 223
158 224
159 159
159 160
159 161
159 162
159 163
159 164
159 165
159 166
159 167
159 168
159 169
159 170
159 171
159 172
159 173
159 174
159 175
159 176
160 160
160 161
160 162
160 163
160 164
160 165
160 166
160 167
160 168
160 169
160 170
160 171
160 172
160 173
160 174
160 175
160 176
161 161
161 162
161 163
161 164
161 165
162 162
162 163
162 164
162 165
166 166
166 167
166 168
166 169
166 170
166 171
166 172
166 173
166 174
166 175
166 176
166 177
166 178
166 179
166 180
166 181
166 182
166 183
166 184
166 185
166 186
166 187
166 214
166 215
166 218
166 219
166 225
166 226
166 227
166 228
166 229
166 230
166 231
166 232
166 233
166 234
166 235
166 236
166 237
166 238
166 239
166 240
166 241
166 242
166 243
166 244
166 245
166 246
167 167
167 168
167 169
167 170
167 171
167 172
167 173
167 174
167 175
167 176
167 177
167 178
167 179
167 180
167 181
167 182
167 183
167 184
167 185
167 186
167 187
167 214
167 215
167 218
167 219
167 225
167 226
167 227
167 228
167 229
167 230
167 231
167 232
167 233
167 234
167 235
167 236
167 237
167 238
167 239
167 240
167 241
167 242
167 243
167 244
167 245
167 246
168 168
168 169
168 170
168 171
168 172
168 173
168 174
168 175
168 176
168 214
168 215
168 218
168 219
168 225
168 226
168 227
168 228
168 229
168 230
168 231
168 232
168 233
168 234
168 235
169 169
169 170
169 171
169 172
169 173
169 174
169 175
169 176
169 214
169 215
169 218
169 219
169 225
169 226
169 227
169 228
169 229
169 230
169 231
169 232
169 233
169 234
169 235
170 170
170 171
170 172
170 173
170 174
170 175
170 176
170 177
170 178
170 179
170 180
170 181
170 182
170 183
170 184
170 185
170 186
170 187
171 171
171 172
171 173
171 174
171 175
171 176
171 177
171 178
171 179
171 180
171 181
171 182
171 183
171 184
171 185
171 186
171 187
172 172
172 173
172 174
172 175
172 176
173 173
173 174
173 175
173 176
177 177
177 178
177 179
177 180
177 181
177 182
177 183
177 184
177 185
177 186
177 187
177 190
177 191
177 194
177 195
177 196
177 197
177 198
177 225
177 226
177 229
177 230
177 236
177 237
177 238
177 239
177 240
177 241
177 242
177 243
177 244
177 245
177 246
177 249
177 250
177 253
177 254
177 255
177 256
177 257
177 188
177 189
177 192
177 193
177 247
177 248
177 251
177 252
178 178
178 179
178 180
178 181
178 182
178 183
178 184
178 185
178 186
178 187
178 190
178 191
178 194
178 195
178 196
178 197
178 198
178 225
178 226
178 229
178 230
178 236
178 237
178 238
178 239
178 240
178 241
178 242
178 243
178 244
178 245
178 246
178 249
178 250
178 253
178 254
178 255
178 256
178 257
178 188
178 189
178 192
178 193
178 247
178 248
178 251
178 252
179 179
179 180
179 181
179 182
179 183
179 184
179 185
179 186
179 187
179 225
179 226
179 229
179 230
179 236
179 237
179 238
179 239
179 240
179 241
179 242
179 243
179 244
179 245
179 246
180 180
180 181
180 182
180 183
180 184
180 185
180 186
180 187
180 225
180 226
180 229
180 230
180 236
180 237
180 238
180 239
180 240
180 241
180 242
180 243
180 244
180 245
180 246
181 181
181 182
181 183
181 184
181 185
181 186
181 187
181 190
181 191
181 194
181 195
181 196
181 197
181 198
181 188
181 189
181 192
181 193
182 182
182 183
182 184
182 185
182 186
182 187
182 190
182 191
182 194
182 195
182 196
182 197
182 198
182 188
182 189
182 192
182 193
183 183
183 184
183 185
183 186
183 187
184 184
184 185
184 186
184 187
188 188
188 190
188 191
188 194
188 195
188 196
188 197
188 198
188 236
188 237
188 240
188 241
188 249
188 250
188 253
188 254
188 255
188 256
188 257
189 189
189 190
189 191
189 194
189 195
189 196
189 197
189 198
189 236
189 237
189 240
189 241
189 249
189 250
189 253
189 254
189 255
189 256
189 257
190 190
190 191
190 194
190 195
190 196
190 197
190 198
190 236
190 237
190 240
190 241
190 249
190 250
190 253
190 254
190 255
190 256
190 257
190 192
190 193
190 247
190 248
190 251
190 252
191 191
191 194
191 195
191 196
191 197
191 198
191 236
191 237
191 240
191 241
191 249
191 250
191 253
191 254
191 255
191 256
191 257
191 192
191 193
191 247
191 248
191 251
191 252
192 192
192 194
192 195
192 196
192 197
192 198
193 193
193 194
193 195
193 196
193 197
193 198
194 194
194 195
194 196
194 197
194 198
195 195
195 196
195 197
195 198
199 199
199 201
199 202
199 205
199 206
199 207
199 208
199 209
199 210
199 211
199 212
199 213
199 266
199 267
199 268
199 269
199 270
199 271
199 272
200 200
200 201
200 202
200 205
200 206
200 207
200 208
200 209
200 210
200 211
200 212
200 213
200 266
200 267
200 268
200 269
200 270
200 271
200 272
201 201
201 202
201 205
201 206
201 207
201 208
201 209
201 210
201 211
201 212
201 213
201 214
201 215
201 216
201 217
201 218
201 219
201 220
201 221
201 222
201 223
201 224
201 266
201 267
201 268
201 269
201 270
201 271
201 272
201 277
201 278
201 279
201 280
201 281
201 282
201 283
201 203
201 204
201 258
201 259
201 260
201 261
201 262
201 263
201 264
201 265
201 273
201 274
201 275
201 276
202 202
202 205
202 206
202 207
202 208
202 209
202 210
202 211
202 212
202 213
202 214
202 215
202 216
202 217
202 218
202 219
202 220
202 221
202 222
202 223
202 224
202 266
202 267
202 268
202 269
202 270
202 271
202 272
202 277
202 278
202 279
202 280
202 281
202 282
202 283
202 203
202 204
202 258
202 259
202 260
202 261
202 262
202 263
202 264
202 265
202 273
202 274
202 275
202 276
203 203
203 205
203 206
203 207
203 208
203 209
203 210
203 211
203 212
203 213
204 204
204 205
204 206
204 207
204 208
204 209
204 210
204 211
204 212
204 213
205 205
205 206
205 207
205 208
205 209
205 210
205 211
205 212
205 213
205 266
205 267
205 268
205 269
205 270
205 271
205 272
205 258
205 259
205 260
205 261
205 262
205 263
205 264
205 265
206 206
206 207
206 208
206 209
206 210
206 211
206 212
206 213
206 266
206 267
206 268
206 269
206 270
206 271
206 272
206 258
206 259
206 260
206 261
206 262
206 263
206 264
206 265
207 207
207 208
207 209
207 210
207 211
207 212
207 213
207 214
207 215
207 216
207 217
207 218
207 219
207 220
207 221
207 222
207 223
207 224
208 208
208 209
208 210
208 211
208 212
208 213
208 214
208 215
208 216
208 217
208 218
208 219
208 220
208 221
208 222
208 223
208 224
209 209
209 210
209 211
209 212
209 213
210 210
210 211
210 212
210 213
214 214
214 215
214 216
214 217
214 218
214 219
214 220
214 221
214 222
214 223
214 224
214 225
214 226
214 227
214 228
214 229
214 230
214 231
214 232
214 233
214 234
214 235
214 266
214 267
214 277
214 278
214 279
214 280
214 281
214 282
214 283
214 288
214 289
214 290
214 291
214 292
214 293
214 294
214 260
214 261
214 273
214 274
214 275
214 276
214 284
214 285
214 286
214 287
215 215
215 216
215 217
215 218
215 219
215 220
215 221
215 222
215 223
215 224
215 225
215 226
215 227
215 228
215 229
215 230
215 231
215 232
215 233
215 234
215 235
215 266
215 267
215 277
215 278
215 279
215 280
215 281
215 282
215 283
215 288
215 289
215 290
215 291
215 292
215 293
215 294
215 260
215 261
215 273
215 274
215 275
215 276
215 284
215 285
215 286
215 287
216 216
216 217
216 218
216 219
216 220
216 221
216 222
216 223
216 224
216 266
216 267
216 277
216 278
216 279
216 280
216 281
216 282
216 283
216 260
216 261
216 273
216 274
216 275
216 276
217 217
217 218
217 219
217 220
217 221
217 222
217 223
217 224
217 266
217 267
217 277
217 278
217 279
217 280
217 281
217 282
217 283
217 260
217 261
217 273
217 274
217 275
217 276
218 218
218 219
218 220
218 221
218 222
218 223
218 224
218 225
218 226
218 227
218 228
218 229
218 230
218 231
218 232
218 233
218 234
218 235
219 219
219 220
219 221
219 222
219 223
219 224
219 225
219 226
219 227
219 228
219 229
219 230
219 231
219 232
219 233
219 234
219 235
220 220
220 221
220 222
220 223
220 224
221 221
221 222
221 223
221 224
225 225
225 226
225 227
225 228
225 229
225 230
225 231
225 232
225 233
225 234
225 235
225 236
225 237
225 238
225 239
225 240
225 241
225 242
225 243
225 244
225 245
225 246
225 277
225 278
225 288
225 289
225 290
225 291
225 292
225 293
225 294
225 299
225 300
225 301
225 302
225 303
225 304
225 305
225 273
225 274
225 284
225 285
225 286
225 287
225 295
225 296
225 297
225 298
226 226
226 227
226 228
226 229
226 230
226 231
226 232
226 233
226 234
226 235
226 236
226 237
226 238
226 239
226 240
226 241
226 242
226 243
226 244
226 245
226 246
226 277
226 278
226 288
226 289
226 290
226 291
226 292
226 293
226 294
226 299
226 300
226 301
226 302
226 303
226 304
226 305
226 273
226 274
226 284
226 285
226 286
226 287
226 295
226 296
226 297
226 298
227 227
227 228
227 229
227 230
227 231
227 232
227 233
227 234
227 235
227 277
227 278
227 288
227 289
227 290
227 291
227 292
227 293
227 294
227 273
227 274
227 284
227 285
227 286
227 287
228 228
228 229
228 230
228 231
228 232
228 233
228 234
228 235
228 277
228 278
228 288
228 289
228 290
228 291
228 292
228 293
228 294
228 273
228 274
228 284
228 285
228 286
228 287
229 229
229 230
229 231
229 232
229 233
229 234
229 235
229 236
229 237
229 238
229 239
229 240
229 241
229 242
229 243
229 244
229 245
229 246
230 230
230 231
230 232
230 233
230 234
230 235
230 236
230 237
230 238
230 239
230 240
230 241
230 242
230 243
230 244
230 245
230 246
231 231
231 232
231 233
231 234
231 235
232 232
232 233
232 234
232 235
236 236
236 237
236 238
236 239
236 240
236 241
236 242
236 243
236 244
236 245
236 246
236 249
236 250
236 253
236 254
236 255
236 256
236 257
236 288
236 289
236 299
236 300
236 301
236 302
236 303
236 304
236 305
236 312
236 313
236 314
236 315
236 316
236 247
236 248
236 251
236 252
236 284
236 285
236 295
236 296
236 297
236 298
236 306
236 307
236 308
236 309
236 310
236 311
237 237
237 238
237 239
237 240
237 241
237 242
237 243
237 244
237 245
237 246
237 249
237 250
237 253
237 254
237 255
237 256
237 257
237 288
237 289
237 299
237 300
237 301
237 302
237 303
237 304
237 305
237 312
237 313
237 314
237 315
237 316
237 247
237 248
237 251
237 252
237 284
237 285
237 295
237 296
237 297
237 298
237 306
237 307
237 308
237 309
237 310
237 311
238 238
238 239
238 240
238 241
238 242
238 243
238 244
238 245
238 246
238 288
238 289
238 299
238 300
238 301
238 302
238 303
238 304
238 305
238 284
238 285
238 295
238 296
238 297
238 298
239 239
239 240
239 241
239 242
239 243
239 244
239 245
239 246
239 288
239 289
239 299
239 300
239 301
239 302
239 303
239 304
239 305
239 284
239 285
239 295
239 296
239 297
239 298
240 240
240 241
240 242
240 243
240 244
240 245
240 246
240 249
240 250
240 253
240 254
240 255
240 256
240 257
240 247
240 248
240 251
240 252
241 241
241 242
241 243
241 244
241 245
241 246
241 249
241 250
241 253
241 254
241 255
241 256
241 257
241 247
241 248
241 251
241 252
242 242
242 243
242 244
242 245
242 246
243 243
243 244
243 245
243 246
247 247
247 249
247 250
247 253
247 254
247 255
247 256
247 257
247 299
247 300
247 312
247 313
247 314
247 315
247 316
248 248
248 249
248 250
248 253
248 254
248 255
248 256
248 257
248 299
248 300
248 312
248 313
248 314
248 315
248 316
249 249
249 250
249 253
249 254
249 255
249 256
249 257
249 299
249 300
249 312
249 313
249 314
249 315
249 316
249 251
249 252
249 295
249 296
249 306
249 307
249 308
249 309
249 310
249 311
250 250
250 253
250 254
250 255
250 256
250 257
250 299
250 300
250 312
250 313
250 314
250 315
250 316
250 251
250 252
250 295
250 296
250 306
250 307
250 308
250 309
250 310
250 311
251 251
251 253
251 254
251 255
251 256
251 257
252 252
252 253
252 254
252 255
252 256
252 257
253 253
253 254
253 255
253 256
253 257
254 254
254 255
254 256
254 257
258 258
258 266
258 267
258 268
258 269
258 270
258 271
258 272
259 259
259 266
259 267
259 268
259 269
259 270
259 271
259 272
260 260
260 266
260 267
260 268
260 269
260 270
260 271
260 272
260 277
260 278
260 279
260 280
260 281
260 282
260 283
261 261
261 266
261 267
261 268
261 269
261 270
261 271
261 272
261 277
261 278
261 279
261 280
261 281
261 282
261 283
262 262
262 266
262 267
262 268
262 269
262 270
262 271
262 272
263 263
263 266
263 267
263 268
263 269
263 270
263 271
263 272
264 264
264 266
264 267
264 268
264 269
264 270
264 271
264 272
265 265
265 266
265 267
265 268
265 269
265 270
265 271
265 272
266 266
266 267
266 268
266 269
266 270
266 271
266 272
266 277
266 278
266 279
266 280
266 281
266 282
266 283
266 273
266 274
266 275
266 276
267 267
267 268
267 269
267 270
267 271
267 272
267 277
267 278
267 279
267 280
267 281
267 282
267 283
267 273
267 274
267 275
267 276
268 268
268 269
268 270
268 271
268 272
269 269
269 270
269 271
269 272
273 273
273 277
273 278
273 279
273 280
273 281
273 282
273 283
273 288
273 289
273 290
273 291
273 292
273 293
273 294
274 274
274 277
274 278
274 279
274 280
274 281
274 282
274 283
274 288
274 289
274 290
274 291
274 292
274 293
274 294
275 275
275 277
275 278
275 279
275 280
275 281
275 282
275 283
276 276
276 277
276 278
276 279
276 280
276 281
276 282
276 283
277 277
277 278
277 279
277 280
277 281
277 282
277 283
277 288
277 289
277 290
277 291
277 292
277 293
277 294
277 284
277 285
277 286
277 287
278 278
278 279
278 280
278 281
278 282
278 283
278 288
278 289
278 290
278 291
278 292
278 293
278 294
278 284
278 285
278 286
278 287
279 279
279 280
279 281
279 282
279 283
280 280
280 281
280 282
280 283
284 284
284 288
284 289
284 290
284 291
284 292
284 293
284 294
284 299
284 300
284 301
284 302
284 303
284 304
284 305
285 285
285 288
285 289
285 290
285 291
285 292
285 293
285 294
285 299
285 300
285 301
285 302
285 303
285 304
285 305
286 286
286 288
286 289
286 290
286 291
286 292
286 293
286 294
287 287
287 288
287 289
287 290
287 291
287 292
287 293
287 294
288 288
288 289
288 290
288 291
288 292
288 293
288 294
288 299
288 300
288 301
288 302
288 303
288 304
288 305
288 295
288 296
288 297
288 298
289 289
289 290
289 291
289 292
289 293
289 294
289 299
289 300
289 301
289 302
289 303
289 304
289 305
289 295
289 296
289 297
289 298
290 290
290 291
290 292
290 293
290 294
291 291
291 292
291 293
291 294
295 295
295 299
295 300
295 301
295 302
295 303
295 304
295 305
295 312
295 313
295 314
295 315
295 316
296 296
296 299
296 300
296 301
296 302
296 303
296 304
296 305
296 312
296 313
296 314
296 315
296 316
297 297
297 299
297 300
297 301
297 302
297 303
297 304
297 305
298 298
298 299
298 300
298 301
298 302
298 303
298 304
298 305
299 299
299 300
299 301
299 302
299 303
299 304
299 305
299 312
299 313
299 314
299 315
299 316
299 306
299 307
299 308
299 309
299 310
299 311
300 300
300 301
300 302
300 303
300 304
300 305
300 312
300 313
300 314
300 315
300 316
300 306
300 307
300 308
300 309
300 310
300 311
301 301
301 302
301 303
301 304
301 305
302 302
302 303
302 304
302 305
306 306
306 312
306 313
306 314
306 315
306 316
307 307
307 312
307 313
307 314
307 315
307 316
308 308
308 312
308 313
308 314
308 315
308 316
309 309
309 312
309 313
309 314
309 315
309 316
310 310
310 312
310 313
310 314
310 315
310 316
311 311
311 312
311 313
311 314
311 315
311 316
312 312
312 313
312 314
312 315
312 316
313 313
313 314
313 315
313 316
