0 0
0 1
0 2
0 3
1 1
1 2
1 4
1 5
2 2
2 3
2 5
2 6
2 7
3 3
3 7
3 8
4 4
4 5
4 9
4 10
5 5
5 6
5 10
5 11
6 6
6 7
6 11
6 12
6 13
7 7
7 8
7 13
7 14
8 8
8 14
8 15
9 9
9 10
9 16
9 17
10 10
10 11
10 17
10 18
11 11
11 12
11 18
11 19
12 12
12 13
12 19
12 20
12 21
13 13
13 14
13 21
13 22
14 14
14 15
14 22
14 23
15 15
15 23
15 24
16 16
16 17
16 25
16 26
17 17
17 18
17 25
17 26
17 27
18 18
18 19
18 26
18 27
18 28
19 19
19 20
19 27
19 28
19 29
20 20
20 21
20 28
20 29
20 30
21 21
21 22
21 29
21 30
21 31
22 22
22 23
22 30
22 31
22 32
23 23
23 24
23 31
23 32
23 33
24 24
24 32
24 33
25 25
25 26
25 34
25 35
26 26
26 27
26 34
26 35
26 36
27 27
27 28
27 35
27 36
27 37
28 28
28 29
28 36
28 37
28 38
29 29
29 30
29 37
29 38
29 39
30 30
30 31
30 38
30 39
30 40
31 31
31 32
31 39
31 40
31 41
32 32
32 33
32 40
32 41
32 42
33 33
33 41
33 42
34 34
34 35
34 43
34 44
35 35
35 36
35 43
35 44
35 45
36 36
36 37
36 44
36 45
36 46
37 37
37 38
37 45
37 46
37 47
38 38
38 39
38 46
38 47
38 48
39 39
39 40
39 47
39 48
39 49
40 40
40 41
40 48
40 49
40 50
41 41
41 42
41 49
41 50
41 51
42 42
42 50
42 51
43 43
43 44
43 52
43 53
44 44
44 45
44 52
44 53
44 54
45 45
45 46
45 53
45 54
45 55
46 46
46 47
46 54
46 55
46 56
47 47
47 48
47 55
47 56
47 57
48 48
48 49
48 56
48 57
48 58
49 49
49 50
49 57
49 58
49 59
50 50
50 51
50 58
50 59
50 60
51 51
51 59
51 60
52 52
52 53
52 61
52 62
53 53
53 54
53 61
53 62
53 63
54 54
54 55
54 62
54 63
54 64
55 55
55 56
55 63
55 64
55 65
56 56
56 57
56 64
56 65
56 66
57 57
57 58
57 65
57 66
57 67
58 58
58 59
58 66
58 67
58 68
59 59
59 60
59 67
59 68
59 69
60 60
60 68
60 69
61 61
61 62
61 70
61 71
62 62
62 63
62 70
62 71
62 72
63 63
63 64
63 71
63 72
63 73
64 64
64 65
64 72
64 73
64 74
65 65
65 66
65 73
65 74
65 75
66 66
66 67
66 74
66 75
66 76
67 67
67 68
67 75
67 76
67 77
68 68
68 69
68 76
68 77
68 78
69 69
69 77
69 78
70 70
70 71
70 79
70 80
71 71
71 72
71 79
71 80
71 81
72 72
72 73
72 80
72 81
72 82
73 73
73 74
73 81
73 82
73 83
74 74
74 75
74 82
74 83
74 84
75 75
75 76
75 83
75 84
75 85
76 76
76 77
76 84
76 85
76 86
77 77
77 78
77 85
77 86
77 87
78 78
78 86
78 87
79 79
79 80
79 88
79 89
80 80
80 81
80 88
80 89
80 90
81 81
81 82
81 89
81 90
81 91
82 82
82 83
82 90
82 91
82 92
83 83
83 84
83 91
83 92
83 93
84 84
84 85
84 92
84 93
84 94
85 85
85 86
85 93
85 94
85 95
86 86
86 87
86 94
86 95
86 96
87 87
87 95
87 96
88 88
88 89
88 97
88 98
89 89
89 90
89 97
89 98
89 99
90 90
90 91
90 98
90 99
90 100
91 91
91 92
91 99
91 100
91 101
92 92
92 93
92 100
92 101
92 102
93 93
93 94
93 101
93 102
93 103
94 94
94 95
94 102
94 103
94 104
95 95
95 96
95 103
95 104
95 105
96 96
96 104
96 105
97 97
97 98
97 106
97 107
98 98
98 99
98 106
98 107
98 108
99 99
99 100
99 107
99 108
99 109
100 100
100 101
100 108
100 109
100 110
101 101
101 102
101 109
101 110
101 111
102 102
102 103
102 110
102 111
102 112
103 103
103 104
103 111
103 112
103 113
104 104
104 105
104 112
104 113
104 114
105 105
105 113
105 114
106 106
106 107
106 115
106 120
107 107
107 108
107 115
107 120
107 122
108 108
108 109
108 120
108 122
108 126
109 109
109 110
109 122
109 126
109 128
110 110
110 111
110 126
110 128
110 136
110 137
110 138
111 111
111 112
111 135
111 136
111 137
112 112
112 113
112 134
112 135
112 136
113 113
113 114
113 133
113 134
113 135
114 114
114 133
114 134
115 115
115 116
115 120
116 116
116 117
116 120
116 121
117 117
117 118
117 121
117 123
117 124
118 118
118 119
118 123
118 124
118 125
119 119
119 124
119 125
120 120
120 121
120 122
121 121
121 122
121 123
121 127
122 122
122 126
122 127
123 123
123 124
123 127
123 130
123 131
124 124
124 125
124 130
124 131
124 132
125 125
125 131
125 132
126 126
126 127
126 128
126 129
127 127
127 129
127 130
128 128
128 129
128 137
128 138
128 139
129 129
129 130
129 138
129 139
130 130
130 131
130 139
130 140
130 141
131 131
131 132
131 140
131 141
131 142
132 132
132 141
132 142
133 133
133 134
133 143
134 134
134 135
134 143
134 144
135 135
135 136
135 144
135 145
136 136
136 137
136 145
136 146
137 137
137 138
137 146
137 147
138 138
138 139
138 146
138 147
138 148
139 139
139 140
139 147
139 148
140 140
140 141
140 148
140 153
140 154
141 141
141 142
141 153
141 154
141 155
142 142
142 154
142 155
143 143
143 144
143 149
144 144
144 145
144 149
144 150
145 145
145 146
145 150
145 151
146 146
146 147
146 151
147 147
147 148
147 151
147 152
148 148
148 152
148 153
149 149
149 150
149 156
149 157
150 150
150 151
150 156
150 157
150 158
151 151
151 152
151 157
151 158
151 159
152 152
152 153
152 158
152 159
152 160
153 153
153 154
153 159
153 160
153 161
154 154
154 155
154 160
154 161
154 162
155 155
155 161
155 162
156 156
156 157
156 163
156 164
157 157
157 158
157 163
157 164
157 165
158 158
158 159
158 164
158 165
158 166
159 159
159 160
159 165
159 166
159 167
160 160
160 161
160 166
160 167
160 168
161 161
161 162
161 167
161 168
161 169
162 162
162 168
162 169
163 163
163 164
163 170
163 171
164 164
164 165
164 170
164 171
164 172
165 165
165 166
165 171
165 172
165 173
166 166
166 167
166 172
166 173
166 174
167 167
167 168
167 173
167 174
167 175
168 168
168 169
168 174
168 175
168 176
169 169
169 175
169 176
170 170
170 171
170 177
170 178
171 171
171 172
171 177
171 178
171 179
172 172
172 173
172 178
172 179
172 180
173 173
173 174
173 179
173 180
173 181
174 174
174 175
174 180
174 181
174 182
175 175
175 176
175 181
175 182
175 183
176 176
176 182
176 183
177 177
177 178
177 184
177 185
178 178
178 179
178 184
178 185
178 186
179 179
179 180
179 185
179 186
179 187
180 180
180 181
180 186
180 187
180 188
181 181
181 182
181 187
181 188
181 189
182 182
182 183
182 188
182 189
182 190
183 183
183 189
183 190
184 184
184 185
184 191
184 192
185 185
185 186
185 191
185 192
185 193
186 186
186 187
186 192
186 193
186 194
187 187
187 188
187 193
187 194
187 195
188 188
188 189
188 194
188 195
188 196
189 189
189 190
189 195
189 196
189 197
190 190
190 196
190 197
191 191
191 192
191 198
191 199
192 192
192 193
192 198
192 199
192 200
193 193
193 194
193 199
193 200
193 201
194 194
194 195
194 200
194 201
194 202
195 195
195 196
195 201
195 202
195 203
196 196
196 197
196 202
196 203
196 204
197 197
197 203
197 204
198 198
198 199
198 205
198 206
199 199
199 200
199 205
199 206
199 207
200 200
200 201
200 206
200 207
200 208
201 201
201 202
201 207
201 208
201 209
202 202
202 203
202 208
202 209
202 210
203 203
203 204
203 209
203 210
203 211
204 204
204 210
204 211
205 205
205 206
205 212
205 213
206 206
206 207
206 212
206 213
206 214
207 207
207 208
207 213
207 214
207 215
208 208
208 209
208 214
208 215
208 216
209 209
209 210
209 215
209 216
209 217
210 210
210 211
210 216
210 217
210 218
211 211
211 217
211 218
212 212
212 213
212 219
212 220
213 213
213 214
213 219
213 220
213 221
214 214
214 215
214 220
214 221
214 222
215 215
215 216
215 221
215 222
215 223
216 216
216 217
216 222
216 223
216 224
217 217
217 218
217 223
217 224
217 225
218 218
218 224
218 225
219 219
219 220
219 226
219 227
220 220
220 221
220 226
220 227
220 228
221 221
221 222
221 227
221 228
221 229
222 222
222 223
222 228
222 229
222 230
223 223
223 224
223 229
223 230
223 231
224 224
224 225
224 230
224 231
224 232
225 225
225 231
225 232
226 226
226 227
226 233
226 234
227 227
227 228
227 233
227 234
227 235
228 228
228 229
228 234
228 235
228 236
229 229
229 230
229 235
229 236
229 237
230 230
230 231
230 236
230 237
230 238
231 231
231 232
231 237
231 238
231 239
232 232
232 238
232 239
233 233
233 234
233 240
233 241
234 234
234 235
234 240
234 241
234 242
235 235
235 236
235 241
235 242
235 243
236 236
236 237
236 242
236 243
236 244
237 237
237 238
237 243
237 244
237 245
238 238
238 239
238 244
238 245
238 246
239 239
239 245
239 246
240 240
240 241
240 247
240 248
241 241
241 242
241 247
241 248
241 249
242 242
242 243
242 248
242 249
242 250
243 243
243 244
243 249
243 250
243 251
244 244
244 245
244 250
244 251
244 252
245 245
245 246
245 251
245 252
245 253
246 246
246 252
246 253
247 247
247 248
247 254
247 255
248 248
248 249
248 254
248 255
248 256
249 249
249 250
249 255
249 256
249 257
250 250
250 251
250 256
250 257
250 258
251 251
251 252
251 257
251 258
251 259
252 252
252 253
252 258
252 259
252 260
253 253
253 259
253 260
254 254
254 255
254 261
254 262
255 255
255 256
255 261
255 262
255 263
256 256
256 257
256 262
256 263
256 264
257 257
257 258
257 263
257 264
257 265
258 258
258 259
258 264
258 265
258 266
259 259
259 260
259 265
259 266
259 267
260 260
260 266
260 267
261 261
261 262
261 268
261 269
262 262
262 263
262 268
262 269
262 270
263 263
263 264
263 269
263 270
263 271
264 264
264 265
264 270
264 271
264 272
265 265
265 266
265 271
265 272
265 273
266 266
266 267
266 272
266 273
266 274
267 267
267 273
267 274
268 268
268 269
268 275
268 276
269 269
269 270
269 275
269 276
269 277
270 270
270 271
270 276
270 277
270 278
271 271
271 272
271 277
271 278
271 279
272 272
272 273
272 278
272 279
272 280
273 273
273 274
273 279
273 280
273 281
274 274
274 280
274 281
275 275
275 276
275 282
275 283
276 276
276 277
276 282
276 283
276 284
277 277
277 278
277 283
277 284
277 285
278 278
278 279
278 284
278 285
278 286
279 279
279 280
279 285
279 286
279 287
280 280
280 281
280 286
280 287
280 288
281 281
281 287
281 288
282 282
282 283
282 289
282 290
283 283
283 284
283 289
283 290
283 291
284 284
284 285
284 290
284 291
284 292
285 285
285 286
285 291
285 292
285 293
286 286
286 287
286 292
286 293
286 294
287 287
287 288
287 293
287 294
287 295
288 288
288 294
288 295
289 289
289 290
289 296
289 297
290 290
290 291
290 296
290 297
290 298
291 291
291 292
291 297
291 298
291 299
292 292
292 293
292 298
292 299
292 300
293 293
293 294
293 299
293 300
293 301
294 294
294 295
294 300
294 301
294 302
295 295
295 301
295 302
296 296
296 297
296 303
296 304
297 297
297 298
297 303
297 304
297 305
298 298
298 299
298 304
298 305
298 306
299 299
299 300
299 305
299 306
299 307
300 300
300 301
300 306
300 307
300 308
301 301
301 302
301 307
301 308
301 309
302 302
302 308
302 309
303 303
303 304
304 304
304 305
305 305
305 306
306 306
306 307
307 307
307 308
308 308
308 309
309 309
