0 0
0 1
0 6
0 8
1 1
1 2
1 6
1 9
2 2
2 10
3 3
3 4
3 11
4 4
4 5
4 7
4 12
5 5
5 7
5 13
6 6
6 8
6 9
7 7
7 12
7 13
8 8
8 9
8 26
9 9
9 10
10 10
10 14
11 11
11 12
11 19
12 12
12 13
13 13
13 29
14 14
14 15
14 33
15 15
15 16
15 20
15 34
16 16
16 17
16 20
16 22
17 17
17 18
17 21
17 23
18 18
18 19
18 21
18 24
19 19
19 25
20 20
20 22
20 34
21 21
21 23
21 24
22 22
22 23
22 34
23 23
23 24
23 35
24 24
24 25
25 25
25 28
26 26
26 27
26 30
26 38
27 27
27 30
27 32
27 33
28 28
28 29
28 31
28 37
29 29
29 31
29 41
30 30
30 38
30 39
31 31
31 40
31 41
32 32
32 39
32 57
33 33
33 34
34 34
35 35
35 36
35 49
35 50
35 58
36 36
36 37
36 50
36 51
37 37
37 40
38 38
38 39
38 43
39 39
39 44
40 40
40 41
40 52
41 41
41 54
42 42
42 43
43 43
43 44
44 44
44 45
44 46
45 45
46 46
46 47
46 48
46 57
47 47
47 48
47 57
47 58
48 48
48 49
48 56
48 58
49 49
49 50
49 51
50 50
50 51
51 51
51 52
52 52
52 53
52 54
53 53
54 54
54 55
55 55
56 56
57 57
57 58
58 58
