0 0
0 1
0 2
0 3
1 1
1 2
2 2
2 3
2 4
3 3
3 4
3 5
4 4
4 5
4 6
4 24
4 26
4 27
4 28
4 29
5 5
5 6
5 7
5 25
5 27
5 28
5 29
6 6
6 7
6 8
7 7
7 8
7 9
7 11
7 28
7 29
8 8
8 9
8 28
8 29
9 9
9 10
9 11
10 10
10 11
10 12
10 28
10 29
10 31
10 32
10 33
11 11
11 12
11 13
11 28
11 29
11 32
11 34
12 12
12 13
12 14
13 13
13 14
13 15
13 17
14 14
14 15
15 15
15 16
15 17
16 16
16 17
16 18
16 33
16 35
16 36
16 37
16 38
17 17
17 18
17 20
17 34
17 36
17 37
17 38
18 18
18 19
18 20
19 19
19 20
19 21
19 37
19 38
20 20
20 21
20 23
20 37
20 38
21 21
21 22
21 23
22 22
22 23
22 37
22 38
22 40
22 41
22 44
23 23
23 37
23 38
23 41
23 45
24 24
24 26
24 27
25 25
25 27
26 26
26 27
26 28
26 29
26 46
26 53
27 27
27 28
27 29
27 46
27 53
28 28
28 29
28 30
28 31
28 32
29 29
29 31
29 32
30 30
31 31
31 32
31 33
31 47
31 57
32 32
32 33
32 34
32 47
32 57
33 33
33 35
33 36
34 34
34 36
35 35
35 36
35 37
35 38
35 48
35 63
36 36
36 37
36 38
36 48
36 63
37 37
37 38
37 39
37 40
37 41
38 38
38 40
38 41
39 39
40 40
40 41
40 42
40 43
40 44
41 41
41 42
41 43
41 45
42 42
42 43
42 44
42 45
42 49
42 67
43 43
43 44
43 45
43 49
43 67
44 44
44 45
44 67
44 89
45 45
45 49
45 67
45 68
45 90
45 129
46 46
46 47
46 53
46 54
46 77
47 47
47 57
47 58
48 48
48 49
48 63
48 64
48 90
49 49
49 67
49 68
50 50
50 51
50 52
50 72
51 51
51 52
51 54
51 73
52 52
52 53
52 54
53 53
53 54
53 55
53 56
53 72
53 73
54 54
54 55
54 56
54 73
55 55
55 56
55 57
55 58
55 74
55 75
56 56
56 57
56 58
56 74
56 75
57 57
57 58
57 59
57 76
57 77
58 58
58 59
58 61
58 77
59 59
59 60
59 61
60 60
60 61
60 62
60 76
60 84
61 61
61 62
61 64
61 77
61 85
62 62
62 63
62 64
63 63
63 64
63 65
63 66
63 84
63 85
64 64
64 65
64 66
64 85
65 65
65 66
65 67
65 68
65 87
65 88
66 66
66 67
66 68
66 87
66 88
67 67
67 68
67 89
67 90
68 68
68 90
69 69
69 71
70 70
70 71
70 73
71 71
71 72
71 73
72 72
72 73
72 74
72 75
72 93
72 95
73 73
73 74
73 75
73 94
73 96
74 74
74 75
74 76
74 77
75 75
75 76
75 77
76 76
76 77
76 78
76 79
76 80
77 77
77 78
77 79
77 81
78 78
78 81
78 82
79 79
79 80
79 96
80 80
80 95
80 96
81 81
81 82
81 83
81 85
82 82
82 83
83 83
83 84
83 85
84 84
84 85
84 86
84 87
84 88
84 95
84 97
85 85
85 86
85 87
85 88
85 96
86 86
86 98
87 87
87 88
87 89
87 90
88 88
88 89
88 90
89 89
89 90
89 91
89 92
90 90
90 91
91 91
91 92
91 98
92 92
92 97
92 98
93 93
93 94
93 95
94 94
94 95
94 96
95 95
95 96
95 97
95 106
95 132
95 137
96 96
96 97
96 98
96 132
96 134
96 136
97 97
97 98
97 99
97 101
97 102
97 108
98 98
98 100
98 102
98 136
98 137
99 99
99 101
99 137
100 100
100 102
100 136
100 138
101 101
101 102
101 119
101 137
101 138
101 139
101 159
102 102
102 115
102 138
102 139
102 160
103 103
103 104
103 108
103 109
103 110
103 218
104 104
104 105
104 141
105 105
105 106
105 142
106 106
106 107
107 107
107 108
107 143
108 108
108 109
108 110
108 144
108 216
108 217
109 109
109 110
109 216
109 217
109 218
110 110
110 209
110 217
110 218
111 111
111 112
112 112
112 113
113 113
113 114
113 172
113 176
114 114
114 115
115 115
115 116
116 116
116 117
116 147
116 148
116 149
116 175
117 117
117 118
117 172
117 176
118 118
118 119
119 119
119 120
120 120
120 121
121 121
121 122
121 180
121 183
122 122
122 123
122 149
122 150
122 181
123 123
123 124
124 124
124 125
124 180
124 183
125 125
125 126
126 126
126 127
127 127
127 128
128 128
128 145
129 129
130 130
130 131
131 131
131 132
131 133
131 134
132 132
132 133
132 135
132 142
133 133
133 134
134 134
134 135
134 136
134 157
135 135
135 156
135 157
136 136
136 138
137 137
137 138
137 146
137 159
137 190
137 192
138 138
138 158
138 159
138 160
138 192
138 193
139 139
139 159
139 160
140 140
140 141
141 141
141 142
142 142
142 165
143 143
143 144
143 146
144 144
144 169
145 145
145 187
146 146
146 168
147 147
147 148
147 149
147 151
147 152
147 175
148 148
148 150
148 151
148 152
148 175
149 149
149 150
149 151
149 152
149 181
150 150
150 151
150 152
150 175
150 181
151 151
151 152
152 152
152 153
153 153
154 154
154 156
155 155
155 157
156 156
156 157
156 164
156 190
157 157
157 158
157 190
157 191
158 158
158 191
158 193
159 159
159 160
159 178
159 192
159 194
160 160
160 174
160 193
160 194
160 195
161 161
161 162
161 200
162 162
162 163
162 201
163 163
163 164
163 202
164 164
164 165
165 165
165 166
166 166
166 167
166 204
167 167
167 168
167 205
168 168
168 169
168 207
169 169
169 208
170 170
170 171
171 171
171 172
172 172
172 173
173 173
173 174
174 174
174 175
175 175
175 176
176 176
176 177
177 177
177 178
178 178
178 179
179 179
179 180
180 180
180 181
181 181
181 182
182 182
182 183
183 183
183 184
184 184
184 185
185 185
185 186
186 186
186 187
187 187
188 188
188 190
188 191
189 189
189 191
190 190
190 191
190 192
190 193
190 196
190 198
190 202
190 227
190 228
191 191
191 193
191 196
191 197
191 229
192 192
192 193
192 194
192 195
192 198
192 205
193 193
193 195
193 198
193 199
194 194
194 195
195 195
196 196
196 197
196 211
196 221
196 223
196 227
197 197
197 221
197 222
198 198
198 199
198 213
198 228
199 199
199 228
199 229
200 200
200 201
201 201
201 203
201 210
202 202
202 203
203 203
203 204
203 212
204 204
204 206
205 205
205 206
206 206
206 207
206 214
207 207
207 208
207 215
208 208
208 216
209 209
209 210
209 216
209 217
209 218
210 210
210 211
211 211
211 212
212 212
212 213
213 213
213 214
214 214
214 215
215 215
215 216
216 216
216 217
216 218
217 217
217 218
218 218
219 219
219 221
220 220
220 221
220 222
221 221
221 222
221 223
221 233
221 242
222 222
222 223
222 225
222 233
222 234
222 243
223 223
223 226
223 227
224 224
224 225
224 238
225 225
225 226
226 226
226 227
226 229
227 227
227 228
227 229
228 228
228 229
228 242
229 229
229 242
229 243
230 230
230 231
230 233
230 234
231 231
231 233
231 234
232 232
232 234
233 233
233 234
233 235
234 234
234 235
234 236
235 235
235 236
235 237
236 236
236 237
236 239
236 240
237 237
237 238
237 239
237 240
238 238
238 239
238 244
239 239
239 240
239 241
240 240
240 241
240 243
241 241
241 242
241 243
242 242
242 243
243 243
244 244
