0 0
0 1
0 14
0 15
0 16
1 1
1 2
1 15
1 18
1 19
1 20
2 2
2 3
2 19
2 20
2 21
2 169
3 3
3 4
3 20
3 21
3 22
4 4
4 5
4 21
4 22
4 23
5 5
5 6
5 22
5 23
5 24
6 6
6 7
6 23
6 24
6 25
6 47
6 48
6 49
6 139
6 145
6 151
6 152
6 173
7 7
7 8
7 24
7 25
7 26
7 47
7 48
7 139
7 140
7 185
8 8
8 9
8 25
8 26
8 27
9 9
9 10
9 26
9 27
9 28
10 10
10 11
10 27
10 28
10 29
10 62
10 138
10 189
10 193
11 11
11 12
11 28
11 29
11 30
12 12
12 13
12 29
12 30
12 31
13 13
13 17
13 30
13 31
13 32
13 197
14 14
14 15
14 16
14 50
14 66
15 15
15 16
15 18
15 19
15 34
16 16
16 18
16 34
16 50
16 66
16 69
17 17
17 31
17 32
17 65
17 85
18 18
18 19
18 34
18 35
19 19
19 20
19 34
19 35
19 36
20 20
20 21
20 35
20 36
20 37
20 171
21 21
21 22
21 36
21 37
21 38
22 22
22 23
22 37
22 38
22 39
23 23
23 24
23 38
23 39
23 40
24 24
24 25
24 39
24 40
24 41
24 49
25 25
25 26
25 40
25 41
25 42
25 187
26 26
26 27
26 41
26 42
26 43
27 27
27 28
27 42
27 43
27 44
28 28
28 29
28 43
28 44
28 45
28 138
28 191
28 195
29 29
29 30
29 33
29 44
29 45
30 30
30 31
30 32
30 33
30 45
30 199
31 31
31 32
31 33
32 32
32 33
32 65
32 84
32 85
33 33
33 45
33 83
33 84
33 85
34 34
34 35
34 66
34 69
34 70
35 35
35 36
35 69
35 70
35 71
36 36
36 37
36 70
36 71
36 72
37 37
37 38
37 71
37 72
37 73
38 38
38 39
38 72
38 73
38 74
39 39
39 40
39 73
39 74
39 75
40 40
40 41
40 49
40 74
40 75
40 76
41 41
41 42
41 75
41 76
41 79
42 42
42 43
42 46
42 76
42 79
42 80
43 43
43 44
43 46
43 80
43 81
43 82
44 44
44 45
44 81
44 82
44 83
45 45
45 82
45 83
45 84
46 46
46 79
46 80
46 81
47 47
47 48
47 49
47 56
47 57
47 140
47 146
47 151
47 152
47 153
48 48
48 56
48 57
48 139
48 140
48 141
49 49
49 56
49 75
50 50
50 51
50 66
50 86
50 87
51 51
51 52
51 70
52 52
52 53
52 67
52 71
52 170
52 177
53 53
53 54
53 67
54 54
54 55
54 67
54 68
54 73
55 55
55 56
55 68
56 56
56 57
56 58
56 59
56 68
56 75
56 141
56 147
56 152
56 153
56 154
56 174
56 181
57 57
57 58
57 59
57 76
57 140
57 141
57 142
58 58
58 59
58 77
58 88
58 89
58 90
58 142
58 148
58 153
58 154
58 155
59 59
59 60
59 78
59 88
59 89
59 141
59 142
59 143
59 186
59 201
60 60
60 61
60 79
61 61
61 62
61 80
62 62
62 63
62 82
62 138
62 190
62 194
63 63
63 64
63 83
64 64
64 65
64 84
64 85
65 65
65 84
65 85
65 91
65 92
65 198
65 205
66 66
66 69
66 86
66 87
66 93
67 67
67 71
67 72
67 73
68 68
68 73
68 74
68 75
69 69
69 70
69 87
69 93
69 94
70 70
70 71
70 93
70 94
70 95
71 71
71 72
71 94
71 95
71 96
71 172
71 179
72 72
72 73
72 95
72 96
72 97
73 73
73 74
73 96
73 97
73 98
74 74
74 75
74 77
74 97
74 98
74 99
75 75
75 76
75 77
75 78
76 76
76 77
76 78
76 79
77 77
77 78
77 90
77 98
77 99
77 100
78 78
78 79
78 99
78 100
78 101
78 188
78 203
79 79
79 80
79 100
79 101
79 102
80 80
80 81
80 101
80 102
80 103
81 81
81 82
81 102
81 103
81 104
82 82
82 83
82 103
82 104
82 137
82 138
82 192
82 196
83 83
83 84
83 104
83 105
83 137
84 84
84 85
84 92
84 105
84 137
84 200
84 207
85 85
85 91
85 92
85 105
86 86
86 87
86 106
86 121
87 87
87 93
87 106
87 121
87 122
88 88
88 89
88 90
88 112
88 113
88 143
88 149
88 154
88 155
88 156
89 89
89 112
89 113
89 142
89 143
89 144
90 90
90 99
90 112
90 128
91 91
91 92
91 120
91 136
92 92
92 105
92 120
92 135
92 136
93 93
93 94
93 121
93 122
93 123
94 94
94 95
94 122
94 123
94 124
95 95
95 96
95 123
95 124
95 125
96 96
96 97
96 124
96 125
96 126
97 97
97 98
97 125
97 126
97 127
98 98
98 99
98 126
98 127
98 128
99 99
99 100
99 127
99 128
99 129
100 100
100 101
100 128
100 129
100 130
101 101
101 102
101 129
101 130
101 131
102 102
102 103
102 130
102 131
102 132
103 103
103 104
103 131
103 132
103 133
104 104
104 132
104 133
104 134
104 137
105 105
105 134
105 135
105 136
105 137
106 106
106 107
106 121
107 107
107 108
107 121
107 122
107 123
107 124
108 108
108 109
108 123
108 124
108 125
108 178
109 109
109 110
109 124
109 125
109 126
110 110
110 111
110 125
110 126
110 127
111 111
111 112
111 126
111 127
111 128
112 112
112 113
112 127
112 128
112 129
112 144
112 150
112 155
112 156
112 182
113 113
113 114
113 128
113 129
113 130
113 143
113 144
113 202
114 114
114 115
114 129
114 130
114 131
115 115
115 116
115 130
115 131
115 132
116 116
116 117
116 131
116 132
116 133
117 117
117 118
117 132
117 133
117 134
118 118
118 119
118 133
118 134
118 135
119 119
119 120
119 134
119 135
119 136
120 120
120 135
120 136
120 206
121 121
121 122
121 123
122 122
122 123
123 123
123 124
124 124
124 125
124 180
125 125
125 126
126 126
126 127
127 127
127 128
128 128
128 129
129 129
129 130
129 204
130 130
130 131
131 131
131 132
132 132
132 133
133 133
133 134
133 137
134 134
134 135
134 137
135 135
135 136
135 137
135 208
136 136
137 137
138 138
139 139
139 140
139 145
139 146
139 151
140 140
140 141
140 145
140 146
140 147
140 152
141 141
141 142
141 146
141 147
141 148
141 153
142 142
142 143
142 147
142 148
142 149
142 154
143 143
143 144
143 148
143 149
143 150
143 155
144 144
144 149
144 150
144 156
145 145
145 146
145 151
145 157
145 158
145 163
146 146
146 147
146 152
146 157
146 158
146 159
146 164
147 147
147 148
147 153
147 158
147 159
147 160
147 165
148 148
148 149
148 154
148 159
148 160
148 161
148 166
149 149
149 150
149 155
149 160
149 161
149 162
149 167
150 150
150 156
150 161
150 162
150 168
151 151
151 152
151 157
151 163
151 164
152 152
152 153
152 158
152 163
152 164
152 165
153 153
153 154
153 159
153 164
153 165
153 166
154 154
154 155
154 160
154 165
154 166
154 167
155 155
155 156
155 161
155 166
155 167
155 168
156 156
156 162
156 167
156 168
157 157
157 158
157 163
157 164
158 158
158 159
158 163
158 164
158 165
159 159
159 160
159 164
159 165
159 166
160 160
160 161
160 165
160 166
160 167
161 161
161 162
161 166
161 167
161 168
162 162
162 167
162 168
163 163
163 164
164 164
164 165
165 165
165 166
166 166
166 167
167 167
167 168
168 168
169 169
169 170
169 171
169 173
169 175
170 170
170 171
170 172
170 173
170 174
171 171
171 172
171 175
171 176
172 172
172 174
172 176
173 173
173 174
173 175
173 176
174 174
174 176
175 175
175 176
176 176
177 177
177 178
177 179
177 181
177 183
178 178
178 179
178 180
178 181
178 182
179 179
179 180
179 183
179 184
180 180
180 182
180 184
181 181
181 182
181 183
181 184
182 182
182 184
183 183
183 184
184 184
185 185
185 186
185 187
185 189
185 191
186 186
186 187
186 188
186 189
186 190
187 187
187 188
187 191
187 192
188 188
188 190
188 192
189 189
189 190
189 191
189 192
190 190
190 192
191 191
191 192
192 192
193 193
193 194
193 195
193 197
193 199
194 194
194 195
194 196
194 197
194 198
195 195
195 196
195 199
195 200
196 196
196 198
196 200
197 197
197 198
197 199
197 200
198 198
198 200
199 199
199 200
200 200
201 201
201 202
201 203
201 205
201 207
202 202
202 203
202 204
202 205
202 206
203 203
203 204
203 207
203 208
204 204
204 206
204 208
205 205
205 206
205 207
205 208
206 206
206 208
207 207
207 208
208 208
