0 0
0 1
0 3
0 4
0 5
0 6
0 11
1 1
1 2
1 3
1 5
1 6
1 7
1 8
1 212
1 214
1 216
1 219
2 2
2 3
2 7
2 8
2 9
2 10
3 3
3 4
3 9
3 10
3 11
3 212
3 214
3 215
3 220
4 4
4 5
4 11
4 15
4 19
4 185
4 214
4 215
4 226
5 5
5 6
5 15
5 19
5 185
5 212
5 216
5 230
6 6
6 7
6 30
6 31
6 185
7 7
7 8
7 30
7 31
7 185
8 8
8 9
8 20
8 24
8 185
8 212
8 219
8 231
9 9
9 10
9 20
9 24
9 185
9 214
9 220
9 235
10 10
10 11
10 106
10 107
10 185
11 11
11 106
11 107
11 185
12 12
12 13
12 16
12 17
12 104
12 105
12 223
12 224
12 227
12 315
13 13
13 14
13 16
13 17
13 18
13 104
13 105
13 223
13 224
13 225
14 14
14 15
14 17
14 18
14 19
14 224
14 225
14 226
15 15
15 18
15 19
15 215
15 225
15 226
16 16
16 17
16 28
16 29
16 223
16 227
16 228
16 239
17 17
17 18
17 28
17 29
17 227
17 228
17 229
18 18
18 19
18 228
18 229
18 230
19 19
19 216
19 229
19 230
20 20
20 21
20 24
20 25
20 219
20 231
20 232
21 21
21 22
21 24
21 25
21 26
21 231
21 232
21 233
22 22
22 23
22 25
22 26
22 27
22 32
22 33
22 232
22 233
22 234
23 23
23 26
23 27
23 32
23 33
23 233
23 234
23 238
23 244
24 24
24 25
24 220
24 235
24 236
25 25
25 26
25 235
25 236
25 237
26 26
26 27
26 108
26 109
26 236
26 237
26 238
27 27
27 108
27 109
27 234
27 237
27 238
27 320
28 28
28 29
28 34
28 35
28 227
28 239
28 245
29 29
29 34
29 35
30 30
30 31
30 38
30 39
31 31
31 39
31 40
32 32
32 33
32 43
32 44
33 33
33 43
33 44
33 234
33 244
33 255
34 34
34 35
34 45
34 46
34 239
34 245
34 246
34 256
35 35
35 36
35 45
35 46
35 245
35 246
35 247
36 36
36 37
36 246
36 247
36 248
37 37
37 38
37 247
37 248
37 249
38 38
38 39
38 47
38 248
38 249
38 250
39 39
39 40
39 47
39 48
39 187
39 249
39 250
39 251
39 395
40 40
40 41
40 48
40 250
40 251
40 252
41 41
41 42
41 251
41 252
41 253
42 42
42 43
42 252
42 253
42 254
43 43
43 44
43 49
43 50
43 253
43 254
43 255
44 44
44 49
44 50
44 244
44 254
44 255
44 261
45 45
45 46
45 51
45 52
45 245
45 256
45 262
46 46
46 51
46 52
47 47
47 56
47 187
47 188
48 48
48 57
48 187
48 188
49 49
49 50
49 61
49 62
50 50
50 61
50 62
50 255
50 261
50 273
51 51
51 52
51 63
51 256
51 262
51 274
52 52
52 53
52 63
52 65
52 189
52 190
53 53
53 54
53 66
53 189
53 190
53 191
53 264
54 54
54 55
54 67
54 190
54 191
54 192
55 55
55 56
55 77
55 78
55 79
55 191
55 192
56 56
56 78
56 79
56 182
56 187
56 188
57 57
57 58
57 80
57 81
57 182
57 187
57 188
58 58
58 59
58 80
58 81
58 83
58 195
58 196
59 59
59 60
59 72
59 195
59 196
59 197
60 60
60 61
60 73
60 196
60 197
60 198
60 271
61 61
61 62
61 74
61 76
61 197
61 198
62 62
62 76
62 261
62 273
62 287
63 63
63 64
63 65
63 189
63 262
63 274
63 275
63 397
64 64
64 65
64 87
64 88
64 274
64 275
64 298
65 65
65 66
65 87
65 88
65 189
65 190
65 276
66 66
66 67
66 189
66 190
66 191
67 67
67 68
67 190
67 191
67 192
67 278
68 68
68 69
68 77
68 85
68 86
68 191
68 192
69 69
69 85
69 86
69 89
69 181
69 193
69 194
70 70
70 71
70 82
70 84
70 90
70 181
70 193
70 194
71 71
71 72
71 82
71 83
71 84
71 195
71 196
72 72
72 73
72 195
72 196
72 197
72 283
73 73
73 74
73 196
73 197
73 198
74 74
74 75
74 76
74 91
74 92
74 197
74 198
74 285
75 75
75 76
75 91
75 92
75 286
75 287
75 303
76 76
76 198
76 273
76 286
76 287
76 406
77 77
77 78
77 86
77 186
77 192
77 288
77 289
77 297
77 400
78 78
78 79
78 186
78 288
78 289
78 290
79 79
79 182
79 186
79 289
79 290
79 393
80 80
80 81
80 182
80 186
80 291
80 292
80 393
81 81
81 83
81 186
81 291
81 292
81 294
82 82
82 83
82 84
82 186
82 293
82 294
82 295
83 83
83 186
83 195
83 292
83 293
83 294
83 403
84 84
84 181
84 186
84 293
84 295
84 392
85 85
85 86
85 181
85 186
85 296
85 297
85 392
86 86
86 186
86 288
86 296
86 297
87 87
87 88
87 93
87 94
87 275
87 298
87 304
88 88
88 93
88 94
89 89
89 90
89 97
89 98
89 193
89 194
90 90
90 98
90 99
90 193
90 194
91 91
91 92
91 102
91 103
92 92
92 102
92 103
92 286
92 303
92 314
93 93
93 94
93 298
93 304
93 305
94 94
94 95
94 304
94 305
94 306
95 95
95 96
95 305
95 306
95 307
96 96
96 97
96 306
96 307
96 308
97 97
97 98
97 307
97 308
97 309
98 98
98 99
98 194
98 308
98 309
98 310
98 402
99 99
99 100
99 309
99 310
99 311
100 100
100 101
100 310
100 311
100 312
101 101
101 102
101 311
101 312
101 313
102 102
102 103
102 312
102 313
102 314
103 103
103 303
103 313
103 314
104 104
104 105
104 110
104 111
104 223
104 315
104 321
105 105
105 110
105 111
106 106
106 107
106 114
106 115
107 107
107 115
107 116
108 108
108 109
108 119
108 120
109 109
109 119
109 120
109 238
109 320
109 331
110 110
110 111
110 121
110 122
110 315
110 321
110 322
110 332
111 111
111 112
111 121
111 122
111 321
111 322
111 323
112 112
112 113
112 322
112 323
112 324
113 113
113 114
113 323
113 324
113 325
114 114
114 115
114 123
114 324
114 325
114 326
115 115
115 116
115 123
115 124
115 206
115 325
115 326
115 327
115 414
116 116
116 117
116 124
116 326
116 327
116 328
117 117
117 118
117 327
117 328
117 329
118 118
118 119
118 328
118 329
118 330
119 119
119 120
119 125
119 126
119 329
119 330
119 331
120 120
120 125
120 126
120 320
120 330
120 331
120 337
121 121
121 122
121 127
121 130
121 321
121 332
121 338
122 122
122 127
122 130
123 123
123 134
123 205
123 206
124 124
124 135
124 205
124 206
125 125
125 126
125 139
125 140
126 126
126 139
126 140
126 331
126 337
126 351
127 127
127 128
127 130
127 332
127 338
127 339
128 128
128 129
128 130
128 141
128 204
128 338
128 339
128 340
128 412
129 129
129 141
129 164
129 165
129 339
129 340
129 375
130 130
130 131
130 141
130 203
130 204
131 131
131 132
131 142
131 202
131 203
131 204
131 342
132 132
132 133
132 143
132 201
132 202
132 203
133 133
133 134
133 153
133 154
133 155
133 201
133 202
134 134
134 154
134 155
134 156
134 205
134 206
135 135
135 136
135 156
135 157
135 158
135 205
135 206
136 136
136 137
136 157
136 158
136 159
136 207
136 208
137 137
137 138
137 148
137 207
137 208
137 209
138 138
138 139
138 149
138 208
138 209
138 210
138 349
139 139
139 140
139 150
139 152
139 209
139 210
140 140
140 152
140 337
140 351
140 363
141 141
141 142
141 164
141 165
141 203
141 204
141 352
142 142
142 143
142 202
142 203
142 204
143 143
143 144
143 201
143 202
143 203
143 354
144 144
144 145
144 153
144 162
144 163
144 201
144 202
145 145
145 162
145 163
145 166
145 183
145 199
145 200
146 146
146 147
146 160
146 161
146 167
146 183
146 199
146 200
147 147
147 148
147 159
147 160
147 161
147 207
147 208
148 148
148 149
148 207
148 208
148 209
148 359
149 149
149 150
149 208
149 209
149 210
150 150
150 151
150 152
150 168
150 169
150 209
150 210
150 361
151 151
151 152
151 168
151 169
151 362
151 363
151 380
152 152
152 210
152 351
152 362
152 363
152 418
153 153
153 154
153 163
153 184
153 201
153 364
153 365
153 374
153 409
154 154
154 155
154 184
154 364
154 365
154 366
155 155
155 156
155 184
155 365
155 366
155 367
156 156
156 157
156 184
156 205
156 366
156 367
156 368
156 413
157 157
157 158
157 184
157 367
157 368
157 369
158 158
158 159
158 184
158 368
158 369
158 370
159 159
159 160
159 184
159 207
159 369
159 370
159 371
159 415
160 160
160 161
160 184
160 370
160 371
160 372
161 161
161 183
161 184
161 371
161 372
161 394
162 162
162 163
162 183
162 184
162 373
162 374
162 394
163 163
163 184
163 364
163 373
163 374
164 164
164 165
164 170
164 171
164 340
164 375
164 381
165 165
165 170
165 171
166 166
166 174
166 175
166 199
166 200
167 167
167 175
167 176
167 199
167 200
168 168
168 169
168 179
168 180
169 169
169 179
169 180
169 362
169 380
169 391
170 170
170 171
170 375
170 381
170 382
171 171
171 172
171 381
171 382
171 383
172 172
172 173
172 382
172 383
172 384
173 173
173 174
173 383
173 384
173 385
174 174
174 175
174 384
174 385
174 386
175 175
175 176
175 199
175 385
175 386
175 387
175 407
176 176
176 177
176 386
176 387
176 388
177 177
177 178
177 387
177 388
177 389
178 178
178 179
178 388
178 389
178 390
179 179
179 180
179 389
179 390
179 391
180 180
180 380
180 390
180 391
181 181
181 186
181 193
181 295
181 296
181 392
181 401
182 182
182 186
182 188
182 290
182 291
182 393
182 396
183 183
183 184
183 200
183 372
183 373
183 394
183 408
184 184
185 185
186 186
187 187
187 188
187 250
187 395
187 396
188 188
188 393
188 395
188 396
189 189
189 190
189 274
189 397
189 398
190 190
190 191
190 397
190 398
190 399
191 191
191 192
191 398
191 399
191 400
192 192
192 288
192 399
192 400
193 193
193 194
193 392
193 401
193 402
194 194
194 309
194 401
194 402
195 195
195 196
195 294
195 403
195 404
196 196
196 197
196 403
196 404
196 405
197 197
197 198
197 404
197 405
197 406
198 198
198 287
198 405
198 406
199 199
199 200
199 386
199 407
199 408
200 200
200 394
200 407
200 408
201 201
201 202
201 364
201 409
201 410
202 202
202 203
202 409
202 410
202 411
203 203
203 204
203 410
203 411
203 412
204 204
204 339
204 411
204 412
205 205
205 206
205 367
205 413
205 414
206 206
206 326
206 413
206 414
207 207
207 208
207 370
207 415
207 416
208 208
208 209
208 415
208 416
208 417
209 209
209 210
209 416
209 417
209 418
210 210
210 363
210 417
210 418
211 211
211 212
211 214
211 215
211 216
211 217
211 222
212 212
212 213
212 214
212 216
212 217
212 218
212 219
213 213
213 214
213 218
213 219
213 220
213 221
214 214
214 215
214 220
214 221
214 222
215 215
215 216
215 222
215 226
215 230
216 216
216 217
216 226
216 230
217 217
217 218
217 241
217 242
218 218
218 219
218 241
218 242
219 219
219 220
219 231
219 235
220 220
220 221
220 231
220 235
221 221
221 222
221 317
221 318
222 222
222 317
222 318
223 223
223 224
223 227
223 228
223 315
223 316
224 224
224 225
224 227
224 228
224 229
224 315
224 316
225 225
225 226
225 228
225 229
225 230
226 226
226 229
226 230
227 227
227 228
227 239
227 240
228 228
228 229
228 239
228 240
229 229
229 230
230 230
231 231
231 232
231 235
231 236
232 232
232 233
232 235
232 236
232 237
233 233
233 234
233 236
233 237
233 238
233 243
233 244
234 234
234 237
234 238
234 243
234 244
235 235
235 236
236 236
236 237
237 237
237 238
237 319
237 320
238 238
238 319
238 320
239 239
239 240
239 245
239 246
240 240
240 245
240 246
241 241
241 242
241 249
241 250
242 242
242 250
242 251
243 243
243 244
243 254
243 255
244 244
244 254
244 255
245 245
245 246
245 256
245 257
246 246
246 247
246 256
246 257
247 247
247 248
248 248
248 249
249 249
249 250
249 258
250 250
250 251
250 258
250 259
250 395
251 251
251 252
251 259
252 252
252 253
253 253
253 254
254 254
254 255
254 260
254 261
255 255
255 260
255 261
256 256
256 257
256 262
256 263
257 257
257 262
257 263
258 258
258 267
258 395
258 396
259 259
259 268
259 395
259 396
260 260
260 261
260 272
260 273
261 261
261 272
261 273
262 262
262 263
262 274
263 263
263 264
263 274
263 276
263 397
263 398
264 264
264 265
264 277
264 397
264 398
264 399
265 265
265 266
265 278
265 398
265 399
265 400
266 266
266 267
266 288
266 289
266 290
266 399
266 400
267 267
267 289
267 290
267 393
267 395
267 396
268 268
268 269
268 291
268 292
268 393
268 395
268 396
269 269
269 270
269 291
269 292
269 294
269 403
269 404
270 270
270 271
270 283
270 403
270 404
270 405
271 271
271 272
271 284
271 404
271 405
271 406
272 272
272 273
272 285
272 287
272 405
272 406
273 273
273 287
274 274
274 275
274 276
274 397
275 275
275 276
275 298
275 299
276 276
276 277
276 298
276 299
276 397
276 398
277 277
277 278
277 397
277 398
277 399
278 278
278 279
278 398
278 399
278 400
279 279
279 280
279 288
279 296
279 297
279 399
279 400
280 280
280 296
280 297
280 300
280 392
280 401
280 402
281 281
281 282
281 293
281 295
281 301
281 392
281 401
281 402
282 282
282 283
282 293
282 294
282 295
282 403
282 404
283 283
283 284
283 403
283 404
283 405
284 284
284 285
284 404
284 405
284 406
285 285
285 286
285 287
285 302
285 303
285 405
285 406
286 286
286 287
286 302
286 303
287 287
287 406
288 288
288 289
288 297
288 400
289 289
289 290
290 290
290 393
291 291
291 292
291 393
292 292
292 294
293 293
293 294
293 295
294 294
294 403
295 295
295 392
296 296
296 297
296 392
297 297
298 298
298 299
298 304
298 305
299 299
299 304
299 305
300 300
300 301
300 308
300 309
300 401
300 402
301 301
301 309
301 310
301 401
301 402
302 302
302 303
302 313
302 314
303 303
303 313
303 314
304 304
304 305
305 305
305 306
306 306
306 307
307 307
307 308
308 308
308 309
309 309
309 310
309 402
310 310
310 311
311 311
311 312
312 312
312 313
313 313
313 314
314 314
315 315
315 316
315 321
315 322
316 316
316 321
316 322
317 317
317 318
317 325
317 326
318 318
318 326
318 327
319 319
319 320
319 330
319 331
320 320
320 330
320 331
321 321
321 322
321 332
321 333
322 322
322 323
322 332
322 333
323 323
323 324
324 324
324 325
325 325
325 326
325 334
326 326
326 327
326 334
326 335
326 414
327 327
327 328
327 335
328 328
328 329
329 329
329 330
330 330
330 331
330 336
330 337
331 331
331 336
331 337
332 332
332 333
332 338
332 341
333 333
333 338
333 341
334 334
334 345
334 413
334 414
335 335
335 346
335 413
335 414
336 336
336 337
336 350
336 351
337 337
337 350
337 351
338 338
338 339
338 341
339 339
339 340
339 341
339 352
339 412
340 340
340 352
340 375
340 376
341 341
341 342
341 352
341 411
341 412
342 342
342 343
342 353
342 410
342 411
342 412
343 343
343 344
343 354
343 409
343 410
343 411
344 344
344 345
344 364
344 365
344 366
344 409
344 410
345 345
345 365
345 366
345 367
345 413
345 414
346 346
346 347
346 367
346 368
346 369
346 413
346 414
347 347
347 348
347 368
347 369
347 370
347 415
347 416
348 348
348 349
348 359
348 415
348 416
348 417
349 349
349 350
349 360
349 416
349 417
349 418
350 350
350 351
350 361
350 363
350 417
350 418
351 351
351 363
352 352
352 353
352 375
352 376
352 411
352 412
353 353
353 354
353 410
353 411
353 412
354 354
354 355
354 409
354 410
354 411
355 355
355 356
355 364
355 373
355 374
355 409
355 410
356 356
356 373
356 374
356 377
356 394
356 407
356 408
357 357
357 358
357 371
357 372
357 378
357 394
357 407
357 408
358 358
358 359
358 370
358 371
358 372
358 415
358 416
359 359
359 360
359 415
359 416
359 417
360 360
360 361
360 416
360 417
360 418
361 361
361 362
361 363
361 379
361 380
361 417
361 418
362 362
362 363
362 379
362 380
363 363
363 418
364 364
364 365
364 374
364 409
365 365
365 366
366 366
366 367
367 367
367 368
367 413
368 368
368 369
369 369
369 370
370 370
370 371
370 415
371 371
371 372
372 372
372 394
373 373
373 374
373 394
374 374
375 375
375 376
375 381
375 382
376 376
376 381
376 382
377 377
377 385
377 386
377 407
377 408
378 378
378 386
378 387
378 407
378 408
379 379
379 380
379 390
379 391
380 380
380 390
380 391
381 381
381 382
382 382
382 383
383 383
383 384
384 384
384 385
385 385
385 386
386 386
386 387
386 407
387 387
387 388
388 388
388 389
389 389
389 390
390 390
390 391
391 391
392 392
392 401
393 393
393 396
394 394
394 408
395 395
395 396
396 396
397 397
397 398
398 398
398 399
399 399
399 400
400 400
401 401
401 402
402 402
403 403
403 404
404 404
404 405
405 405
405 406
406 406
407 407
407 408
408 408
409 409
409 410
410 410
410 411
411 411
411 412
412 412
413 413
413 414
414 414
415 415
415 416
416 416
416 417
417 417
417 418
418 418
