0 6
0 4
0 2
0 0
0 7
0 5
0 3
0 1
0 8
0 9
1 6
1 4
1 2
1 7
1 5
1 3
1 1
1 8
1 9
2 6
2 4
2 7
2 2
2 5
2 3
2 8
2 9
2 16
2 14
2 12
2 10
2 17
2 15
2 13
2 11
2 18
2 19
2 20
3 6
3 4
3 7
3 5
3 3
3 8
3 9
3 16
3 14
3 12
3 10
3 17
3 15
3 13
3 11
3 18
3 19
3 20
4 6
4 7
4 4
4 5
4 8
4 9
4 56
4 54
4 52
4 50
4 57
4 55
4 53
4 51
4 58
4 59
4 60
5 6
5 7
5 5
5 8
5 9
5 56
5 54
5 52
5 50
5 57
5 55
5 53
5 51
5 58
5 59
5 60
6 6
6 7
6 8
6 9
6 17
6 57
6 12
6 16
6 14
6 71
6 10
6 56
6 15
6 13
6 11
6 18
6 19
6 20
6 54
6 52
6 50
6 70
6 55
6 53
6 51
6 58
6 59
6 60
6 67
6 65
6 63
6 61
6 68
6 66
6 64
6 62
6 69
7 8
7 71
7 7
7 17
7 9
7 15
7 14
7 16
7 70
7 12
7 10
7 54
7 13
7 11
7 18
7 19
7 20
7 52
7 50
7 55
7 56
7 53
7 51
7 58
7 59
7 60
7 57
7 69
7 62
7 61
7 65
7 63
7 67
7 68
7 66
7 64
10 14
10 16
10 17
10 15
10 12
10 13
10 10
10 11
10 18
10 19
10 20
11 14
11 16
11 17
11 15
11 12
11 13
11 11
11 18
11 19
11 20
12 16
12 14
12 15
12 17
12 13
12 12
12 26
12 18
12 19
12 20
12 25
12 27
12 24
12 23
12 21
12 22
12 29
12 30
12 31
12 28
13 14
13 16
13 17
13 15
13 25
13 13
13 18
13 19
13 20
13 27
13 23
13 21
13 26
13 28
13 24
13 22
13 29
13 30
13 31
14 71
14 16
14 70
14 69
14 17
14 14
14 15
14 62
14 56
14 18
14 19
14 20
14 53
14 52
14 57
14 61
14 65
14 63
14 67
14 66
14 64
14 68
15 71
15 70
15 16
15 17
15 62
15 15
15 18
15 19
15 20
15 52
15 56
15 53
15 57
15 69
15 61
15 65
15 63
15 67
15 64
15 68
15 66
16 71
16 70
16 52
16 62
16 69
16 17
16 16
16 56
16 82
16 53
16 18
16 19
16 20
16 81
16 27
16 25
16 23
16 21
16 57
16 26
16 24
16 22
16 29
16 30
16 31
16 28
16 67
16 80
16 61
16 65
16 63
16 73
16 66
16 77
16 64
16 76
16 68
16 75
16 72
16 79
16 74
16 78
17 71
17 70
17 69
17 62
17 82
17 56
17 52
17 17
17 18
17 19
17 20
17 53
17 81
17 25
17 26
17 23
17 21
17 24
17 61
17 22
17 29
17 30
17 31
17 27
17 57
17 80
17 65
17 63
17 28
17 73
17 67
17 75
17 64
17 77
17 68
17 72
17 66
17 79
17 76
17 74
17 78
21 25
21 26
21 27
21 23
21 24
21 28
21 22
21 29
21 21
21 30
21 31
22 25
22 27
22 28
22 23
22 26
22 24
22 22
22 29
22 30
22 31
23 25
23 26
23 27
23 24
23 28
23 23
23 29
23 30
23 34
23 31
23 32
23 36
23 35
23 33
23 40
23 37
23 41
23 42
23 38
23 39
24 25
24 27
24 28
24 26
24 24
24 29
24 30
24 31
24 36
24 38
24 34
24 32
24 37
24 39
24 35
24 33
24 40
24 41
24 42
25 82
25 81
25 63
25 27
25 80
25 26
25 25
25 73
25 28
25 29
25 30
25 31
25 67
25 77
25 64
25 75
25 72
25 79
25 68
25 76
25 74
25 78
26 82
26 63
26 81
26 80
26 28
26 27
26 26
26 29
26 30
26 67
26 73
26 31
26 75
26 77
26 64
26 76
26 68
26 72
26 79
26 74
26 78
27 82
27 81
27 80
27 63
27 73
27 28
27 27
27 29
27 30
27 67
27 31
27 64
27 77
27 72
27 75
27 36
27 79
27 34
27 32
27 93
27 92
27 35
27 40
27 33
27 76
27 37
27 41
27 42
27 68
27 39
27 74
27 38
27 91
27 78
27 84
27 83
27 86
27 88
27 87
27 85
27 90
27 89
28 82
28 81
28 63
28 80
28 73
28 30
28 31
28 67
28 29
28 28
28 64
28 77
28 72
28 75
28 34
28 32
28 68
28 79
28 35
28 76
28 33
28 74
28 40
28 41
28 42
28 38
28 93
28 36
28 37
28 92
28 39
28 84
28 91
28 78
28 88
28 83
28 86
28 87
28 90
28 85
28 89
32 36
32 37
32 38
32 34
32 35
32 40
32 39
32 33
32 32
32 41
32 42
33 36
33 38
33 37
33 34
33 39
33 35
33 33
33 40
33 41
33 42
34 36
34 37
34 38
34 35
34 39
34 34
34 40
34 41
34 42
34 43
34 45
34 44
34 46
34 47
34 48
34 49
35 36
35 38
35 39
35 37
35 35
35 40
35 41
35 42
35 45
35 43
35 46
35 44
35 47
35 48
35 49
36 75
36 74
36 79
36 93
36 92
36 37
36 91
36 36
36 84
36 38
36 39
36 40
36 41
36 42
36 78
36 88
36 83
36 86
36 87
36 85
36 90
36 89
37 75
37 79
37 74
37 93
37 92
37 84
37 39
37 38
37 91
37 37
37 40
37 41
37 78
37 42
37 88
37 83
37 86
37 87
37 85
37 90
37 89
38 75
38 74
38 93
38 79
38 92
38 91
38 84
38 39
38 38
38 41
38 40
38 42
38 78
38 88
38 83
38 86
38 45
38 87
38 43
38 46
38 47
38 44
38 48
38 49
38 90
38 85
38 89
38 100
38 94
38 99
38 95
38 98
38 97
38 96
39 75
39 74
39 79
39 93
39 92
39 91
39 84
39 41
39 42
39 78
39 40
39 39
39 88
39 83
39 86
39 43
39 87
39 44
39 45
39 85
39 47
39 48
39 49
39 46
39 90
39 89
39 99
39 100
39 94
39 95
39 98
39 96
39 97
43 45
43 46
43 43
43 44
43 47
43 48
43 49
44 45
44 46
44 44
44 47
44 48
44 49
45 86
45 85
45 90
45 100
45 99
45 95
45 46
45 45
45 98
45 47
45 48
45 49
45 94
45 89
45 96
45 97
46 86
46 85
46 90
46 94
46 99
46 100
46 95
46 46
46 47
46 48
46 49
46 89
46 98
46 97
46 96
50 56
50 52
50 53
50 54
50 57
50 55
50 50
50 51
50 58
50 59
50 60
51 52
51 56
51 53
51 57
51 54
51 55
51 51
51 58
51 59
51 60
52 71
52 70
52 56
52 54
52 69
52 53
52 52
52 55
52 62
52 57
52 61
52 58
52 59
52 60
52 65
52 63
52 64
52 66
52 67
52 68
53 71
53 56
53 70
53 62
53 54
53 69
53 57
53 55
53 53
53 58
53 59
53 60
53 61
53 65
53 63
53 67
53 64
53 66
53 68
54 56
54 57
54 55
54 54
54 111
54 110
54 58
54 59
54 60
54 103
54 102
54 109
54 104
54 101
54 105
54 107
54 108
54 106
55 56
55 57
55 109
55 110
55 103
55 111
55 55
55 58
55 59
55 60
55 104
55 102
55 101
55 107
55 105
55 108
55 106
56 122
56 71
56 69
56 70
56 57
56 56
56 62
56 121
56 61
56 58
56 59
56 60
56 65
56 63
56 67
56 64
56 120
56 66
56 115
56 113
56 103
56 68
56 111
56 112
56 101
56 109
56 110
56 104
56 102
56 105
56 107
56 114
56 106
56 108
56 116
56 117
56 118
56 119
57 122
57 71
57 70
57 69
57 62
57 121
57 61
57 57
57 65
57 58
57 59
57 60
57 63
57 64
57 66
57 67
57 120
57 68
57 111
57 103
57 113
57 112
57 104
57 101
57 115
57 110
57 109
57 102
57 105
57 114
57 107
57 106
57 108
57 116
57 117
57 118
57 119
61 71
61 70
61 69
61 62
61 63
61 65
61 67
61 66
61 61
61 64
61 68
62 63
62 65
62 67
62 66
62 64
62 68
62 62
62 69
62 70
62 71
63 70
63 71
63 69
63 82
63 81
63 80
63 73
63 75
63 65
63 63
63 66
63 72
63 64
63 67
63 76
63 68
63 77
63 74
63 79
63 78
64 82
64 81
64 80
64 73
64 69
64 72
64 75
64 65
64 66
64 70
64 67
64 76
64 64
64 71
64 68
64 77
64 79
64 74
64 78
65 71
65 69
65 70
65 122
65 121
65 66
65 65
65 67
65 104
65 103
65 68
65 112
65 120
65 115
65 113
65 114
65 107
65 108
65 116
65 118
65 117
65 119
66 122
66 121
66 69
66 71
66 70
66 67
66 104
66 103
66 68
66 66
66 112
66 120
66 113
66 115
66 114
66 108
66 116
66 107
66 118
66 119
66 117
67 71
67 70
67 69
67 82
67 81
67 80
67 122
67 133
67 73
67 121
67 75
67 72
67 77
67 103
67 112
67 104
67 76
67 132
67 120
67 131
67 67
67 68
67 124
67 74
67 113
67 123
67 79
67 115
67 114
67 107
67 108
67 116
67 117
67 126
67 118
67 128
67 125
67 127
67 119
67 78
67 130
67 129
68 82
68 81
68 80
68 73
68 122
68 69
68 70
68 75
68 72
68 121
68 133
68 103
68 76
68 71
68 77
68 132
68 104
68 131
68 120
68 124
68 112
68 123
68 74
68 68
68 114
68 113
68 115
68 108
68 107
68 79
68 116
68 126
68 118
68 117
68 128
68 125
68 119
68 127
68 130
68 78
68 129
72 77
72 81
72 76
72 80
72 82
72 73
72 79
72 75
72 72
72 74
72 78
73 77
73 75
73 76
73 79
73 74
73 78
73 73
73 80
73 81
73 82
74 77
74 76
74 80
74 81
74 82
74 75
74 79
74 93
74 92
74 84
74 91
74 83
74 74
74 86
74 88
74 78
74 87
74 85
74 90
74 89
75 77
75 93
75 76
75 92
75 75
75 79
75 91
75 84
75 78
75 86
75 83
75 87
75 80
75 85
75 88
75 90
75 89
75 81
75 82
76 133
76 81
76 82
76 132
76 77
76 131
76 80
76 115
76 124
76 76
76 114
76 123
76 79
76 126
76 118
76 128
76 119
76 78
76 125
76 130
76 127
76 129
77 133
77 132
77 131
77 124
77 123
77 77
77 79
77 115
77 114
77 128
77 126
77 80
77 78
77 118
77 119
77 130
77 81
77 127
77 125
77 129
77 82
78 82
78 80
78 81
78 133
78 132
78 131
78 123
78 115
78 93
78 92
78 124
78 114
78 84
78 79
78 91
78 86
78 83
78 85
78 88
78 126
78 144
78 128
78 118
78 87
78 125
78 119
78 127
78 143
78 142
78 135
78 134
78 130
78 78
78 90
78 137
78 139
78 138
78 89
78 129
78 136
78 141
78 140
79 133
79 132
79 131
79 124
79 93
79 92
79 115
79 79
79 114
79 91
79 123
79 84
79 144
79 126
79 83
79 143
79 142
79 88
79 119
79 85
79 80
79 87
79 128
79 118
79 86
79 130
79 135
79 81
79 89
79 90
79 82
79 127
79 125
79 129
79 134
79 137
79 136
79 139
79 141
79 138
79 140
83 92
83 84
83 88
83 91
83 93
83 87
83 90
83 86
83 83
83 85
83 89
84 88
84 86
84 87
84 85
84 90
84 89
84 84
84 91
84 92
84 93
85 92
85 91
85 93
85 88
85 87
85 86
85 90
85 89
85 95
85 98
85 99
85 96
85 85
85 94
85 97
85 100
86 88
86 87
86 100
86 99
86 86
86 90
86 98
86 95
86 89
86 94
86 91
86 96
86 97
86 92
86 93
87 126
87 144
87 143
87 93
87 92
87 91
87 130
87 88
87 125
87 142
87 135
87 87
87 134
87 90
87 137
87 129
87 139
87 89
87 136
87 138
87 141
87 140
88 126
88 144
88 143
88 130
88 125
88 142
88 88
88 135
88 90
88 134
88 89
88 129
88 91
88 137
88 139
88 92
88 93
88 138
88 141
88 136
88 140
89 126
89 91
89 93
89 92
89 144
89 130
89 142
89 125
89 143
89 134
89 135
89 90
89 129
89 98
89 94
89 99
89 100
89 95
89 139
89 97
89 137
89 96
89 136
89 141
89 89
89 138
89 146
89 145
89 149
89 140
89 150
89 151
89 147
89 148
90 126
90 144
90 130
90 143
90 142
90 125
90 100
90 91
90 99
90 92
90 90
90 134
90 135
90 129
90 94
90 98
90 93
90 95
90 97
90 96
90 137
90 139
90 136
90 151
90 138
90 141
90 145
90 149
90 150
90 140
90 146
90 147
90 148
94 96
94 97
94 95
94 94
94 98
94 99
94 100
95 96
95 97
95 95
95 98
95 99
95 100
96 137
96 98
96 99
96 100
96 97
96 136
96 141
96 96
96 146
96 145
96 150
96 149
96 151
96 140
96 147
96 148
97 137
97 136
97 100
97 98
97 151
97 97
97 99
97 141
97 145
97 149
97 150
97 146
97 140
97 147
97 148
101 107
101 105
101 103
101 106
101 108
101 104
101 102
101 101
101 109
101 110
101 111
102 105
102 107
102 108
102 106
102 103
102 104
102 102
102 109
102 110
102 111
103 121
103 122
103 104
103 105
103 107
103 108
103 103
103 106
103 109
103 112
103 110
103 111
103 116
103 113
103 117
103 120
103 115
103 114
103 118
103 119
104 122
104 107
104 121
104 105
104 106
104 108
104 116
104 109
104 110
104 112
104 104
104 117
104 111
104 118
104 119
104 115
104 120
104 114
104 113
105 111
105 110
105 109
105 107
105 106
105 108
105 105
105 162
105 161
105 160
105 154
105 153
105 155
105 152
105 156
105 157
105 159
105 158
106 107
106 108
106 106
106 109
106 162
106 110
106 161
106 111
106 154
106 152
106 153
106 160
106 155
106 158
106 157
106 156
106 159
107 122
107 121
107 111
107 110
107 109
107 108
107 112
107 107
107 116
107 113
107 120
107 114
107 115
107 117
107 118
107 163
107 119
107 173
107 172
107 171
107 161
107 164
107 154
107 162
107 152
107 155
107 160
107 153
107 166
107 167
107 157
107 165
107 159
107 156
107 158
107 169
107 168
107 170
108 121
108 122
108 109
108 112
108 108
108 110
108 116
108 111
108 113
108 117
108 118
108 120
108 115
108 119
108 163
108 114
108 173
108 172
108 154
108 171
108 164
108 161
108 152
108 162
108 160
108 155
108 153
108 157
108 165
108 156
108 167
108 158
108 166
108 159
108 168
108 169
108 170
112 116
112 117
112 119
112 118
112 121
112 114
112 115
112 113
112 112
112 120
112 122
113 115
113 114
113 116
113 117
113 118
113 119
113 113
113 120
113 121
113 122
114 116
114 133
114 117
114 128
114 118
114 119
114 132
114 120
114 131
114 121
114 122
114 115
114 130
114 114
114 123
114 124
114 127
114 126
114 129
114 125
115 133
115 132
115 131
115 124
115 123
115 115
115 116
115 126
115 118
115 117
115 128
115 120
115 125
115 121
115 130
115 127
115 119
115 122
115 129
116 118
116 117
116 116
116 119
116 173
116 172
116 171
116 164
116 121
116 120
116 166
116 163
116 122
116 154
116 165
116 155
116 158
116 167
116 169
116 159
116 168
116 170
117 118
117 163
117 120
117 173
117 119
117 117
117 122
117 121
117 172
117 155
117 164
117 171
117 154
117 166
117 165
117 167
117 159
117 168
117 158
117 169
117 170
118 133
118 132
118 119
118 173
118 172
118 118
118 171
118 131
118 164
118 120
118 163
118 122
118 121
118 128
118 123
118 124
118 184
118 130
118 166
118 183
118 154
118 126
118 165
118 127
118 155
118 125
118 167
118 158
118 129
118 182
118 169
118 159
118 168
118 175
118 170
118 177
118 176
118 174
118 179
118 178
118 181
118 180
119 132
119 133
119 131
119 124
119 123
119 126
119 121
119 128
119 125
119 120
119 163
119 173
119 155
119 130
119 122
119 127
119 172
119 184
119 183
119 164
119 119
119 171
119 154
119 166
119 165
119 167
119 159
119 168
119 182
119 158
119 175
119 174
119 129
119 169
119 177
119 176
119 170
119 179
119 178
119 180
119 181
123 126
123 128
123 130
123 127
123 125
123 129
123 123
123 124
123 131
123 132
123 133
124 126
124 128
124 130
124 125
124 127
124 129
124 124
124 131
124 132
124 133
125 126
125 128
125 144
125 130
125 143
125 127
125 125
125 131
125 134
125 132
125 142
125 135
125 133
125 139
125 137
125 129
125 136
125 138
125 141
125 140
126 144
126 143
126 128
126 130
126 126
126 135
126 142
126 137
126 134
126 127
126 139
126 129
126 138
126 141
126 136
126 131
126 132
126 140
126 133
127 128
127 184
127 132
127 131
127 130
127 183
127 166
127 127
127 165
127 133
127 175
127 182
127 129
127 174
127 169
127 170
127 177
127 176
127 179
127 178
127 180
127 181
128 184
128 183
128 130
128 166
128 128
128 165
128 182
128 129
128 175
128 170
128 169
128 174
128 131
128 132
128 178
128 176
128 133
128 177
128 181
128 179
128 180
129 131
129 144
129 132
129 143
129 133
129 184
129 142
129 183
129 135
129 130
129 166
129 134
129 165
129 195
129 137
129 182
129 139
129 175
129 194
129 174
129 169
129 177
129 136
129 138
129 193
129 170
129 176
129 179
129 141
129 129
129 181
129 178
129 186
129 180
129 190
129 185
129 189
129 188
129 140
129 187
129 192
129 191
130 144
130 143
130 142
130 184
130 135
130 130
130 166
130 165
130 183
130 195
130 134
130 194
130 137
130 139
130 170
130 193
130 169
130 186
130 141
130 182
130 131
130 174
130 138
130 132
130 136
130 175
130 133
130 177
130 140
130 179
130 176
130 178
130 181
130 180
130 188
130 190
130 185
130 189
130 192
130 187
130 191
134 137
134 139
134 136
134 138
134 135
134 141
134 142
134 143
134 134
134 140
134 144
135 139
135 137
135 136
135 141
135 138
135 140
135 135
135 142
135 143
135 144
136 137
136 139
136 142
136 143
136 141
136 138
136 146
136 144
136 136
136 145
136 149
136 150
136 140
136 151
136 148
136 147
137 139
137 151
137 141
137 138
137 137
137 150
137 149
137 146
137 140
137 145
137 142
137 148
137 147
137 143
137 144
138 195
138 142
138 143
138 139
138 144
138 194
138 177
138 193
138 141
138 176
138 186
138 138
138 181
138 185
138 180
138 188
138 189
138 190
138 140
138 187
138 192
138 191
139 195
139 194
139 193
139 177
139 186
139 139
139 141
139 176
139 140
139 181
139 180
139 142
139 188
139 143
139 190
139 144
139 185
139 187
139 192
139 189
139 191
140 142
140 143
140 195
140 181
140 144
140 176
140 180
140 145
140 177
140 194
140 190
140 193
140 146
140 149
140 150
140 186
140 141
140 148
140 151
140 185
140 189
140 147
140 188
140 187
140 196
140 197
140 200
140 201
140 192
140 140
140 191
140 198
140 202
140 199
141 195
141 194
141 177
141 151
141 193
141 186
141 176
141 181
141 141
141 150
141 149
141 146
141 180
141 145
141 142
141 190
141 143
141 188
141 147
141 185
141 148
141 144
141 202
141 201
141 200
141 197
141 189
141 187
141 196
141 192
141 191
141 198
141 199
145 148
145 147
145 145
145 146
145 149
145 150
145 151
146 147
146 148
146 146
146 149
146 150
146 151
147 188
147 148
147 151
147 149
147 147
147 202
147 196
147 150
147 201
147 200
147 187
147 197
147 192
147 198
147 191
147 199
148 188
148 148
148 150
148 149
148 202
148 201
148 196
148 187
148 200
148 151
148 192
148 197
148 191
148 198
148 199
152 154
152 155
152 153
152 160
152 161
152 162
152 156
152 159
152 152
152 157
152 158
153 156
153 158
153 157
153 159
153 154
153 155
153 153
153 160
153 161
153 162
154 163
154 167
154 173
154 160
154 155
154 172
154 154
154 161
154 171
154 164
154 162
154 157
154 156
154 159
154 158
154 166
154 165
154 169
154 168
154 170
155 156
155 157
155 167
155 158
155 164
155 159
155 163
155 161
155 173
155 169
155 155
155 160
155 172
155 171
155 162
155 170
155 168
155 166
155 165
156 162
156 161
156 160
156 157
156 159
156 158
156 205
156 203
156 206
156 156
156 204
156 207
156 208
156 209
157 158
157 159
157 157
157 161
157 160
157 162
157 205
157 203
157 206
157 204
157 207
157 208
157 209
158 163
158 162
158 161
158 160
158 171
158 172
158 164
158 173
158 166
158 165
158 167
158 159
158 168
158 214
158 205
158 211
158 210
158 169
158 215
158 203
158 158
158 206
158 204
158 207
158 208
158 209
158 216
158 212
158 213
158 170
159 167
159 163
159 172
159 160
159 161
159 171
159 173
159 164
159 162
159 159
159 169
159 166
159 165
159 211
159 216
159 214
159 205
159 168
159 170
159 215
159 210
159 203
159 206
159 204
159 207
159 208
159 209
159 213
159 212
163 168
163 167
163 169
163 170
163 164
163 172
163 171
163 165
163 173
163 163
163 166
164 165
164 166
164 167
164 169
164 168
164 170
164 164
164 171
164 172
164 173
165 167
165 168
165 170
165 169
165 184
165 179
165 183
165 172
165 166
165 171
165 173
165 181
165 174
165 165
165 178
165 180
165 182
165 175
165 177
165 176
166 184
166 183
166 167
166 166
166 182
166 175
166 169
166 168
166 170
166 177
166 171
166 176
166 174
166 172
166 179
166 173
166 178
166 181
166 180
167 170
167 169
167 216
167 215
167 167
167 168
167 214
167 211
167 213
167 210
167 171
167 172
167 173
167 212
167 205
167 206
168 169
168 216
168 210
168 211
168 215
168 214
168 168
168 172
168 171
168 205
168 173
168 206
168 170
168 213
168 212
169 170
169 184
169 169
169 216
169 215
169 214
169 211
169 173
169 172
169 171
169 210
169 213
169 212
169 205
169 206
169 183
169 179
169 223
169 178
169 182
169 174
169 222
169 175
169 181
169 221
169 218
169 180
169 217
169 219
169 220
169 176
169 177
170 184
170 183
170 182
170 175
170 171
170 172
170 216
170 174
170 215
170 214
170 210
170 177
170 206
170 173
170 211
170 205
170 212
170 213
170 176
170 179
170 170
170 178
170 217
170 218
170 221
170 222
170 223
170 220
170 180
170 219
170 181
174 177
174 176
174 179
174 178
174 182
174 175
174 183
174 184
174 174
174 180
174 181
175 176
175 177
175 179
175 178
175 181
175 180
175 175
175 182
175 183
175 184
176 195
176 194
176 193
176 186
176 177
176 182
176 176
176 179
176 178
176 183
176 184
176 188
176 190
176 185
176 187
176 180
176 189
176 181
176 192
176 191
177 195
177 194
177 193
177 186
177 177
177 179
177 178
177 188
177 185
177 181
177 182
177 180
177 190
177 187
177 189
177 183
177 192
177 184
177 191
178 182
178 212
178 213
178 183
178 179
178 184
178 181
178 217
178 180
178 220
178 219
178 178
178 218
178 221
178 222
178 223
179 213
179 212
179 223
179 222
179 221
179 179
179 217
179 218
179 182
179 183
179 184
179 180
179 220
179 219
179 181
180 195
180 183
180 184
180 194
180 182
180 212
180 193
180 213
180 181
180 186
180 190
180 180
180 217
180 185
180 189
180 218
180 219
180 220
180 188
180 187
180 222
180 221
180 223
180 224
180 228
180 192
180 225
180 229
180 230
180 191
180 226
180 227
181 195
181 194
181 193
181 186
181 212
181 213
181 217
181 221
181 222
181 182
181 223
181 185
181 188
181 183
181 184
181 218
181 192
181 187
181 190
181 191
181 220
181 189
181 219
181 225
181 224
181 226
181 227
181 181
181 228
181 229
181 230
185 188
185 187
185 186
185 193
185 194
185 190
185 192
185 191
185 185
185 189
185 195
186 188
186 190
186 192
186 191
186 189
186 187
186 186
186 193
186 194
186 195
187 188
187 190
187 197
187 196
187 189
187 194
187 195
187 187
187 193
187 200
187 192
187 201
187 202
187 191
187 198
187 199
188 202
188 190
188 201
188 188
188 200
188 197
188 189
188 196
188 191
188 192
188 198
188 199
188 193
188 195
188 194
189 193
189 190
189 194
189 195
189 220
189 219
189 225
189 224
189 189
189 228
189 229
189 230
189 192
189 226
189 191
189 227
190 230
190 219
190 220
190 229
190 228
190 190
190 225
190 192
190 224
190 191
190 195
190 193
190 194
190 227
190 226
191 193
191 194
191 219
191 195
191 196
191 220
191 197
191 224
191 201
191 225
191 200
191 192
191 230
191 202
191 198
191 199
191 228
191 229
191 226
191 227
191 191
191 231
191 232
191 233
191 234
191 235
192 230
192 229
192 228
192 219
192 220
192 196
192 225
192 224
192 200
192 197
192 201
192 194
192 193
192 195
192 226
192 192
192 202
192 198
192 199
192 227
192 231
192 232
192 233
192 234
192 235
196 199
196 198
196 196
196 197
196 200
196 201
196 202
197 198
197 199
197 197
197 200
197 201
197 202
198 199
198 226
198 227
198 198
198 202
198 201
198 200
198 231
198 232
198 233
198 234
198 235
199 226
199 227
199 199
199 200
199 201
199 202
199 231
199 232
199 233
199 234
199 235
203 205
203 206
203 203
203 204
203 207
203 208
203 209
204 205
204 206
204 204
204 207
204 208
204 209
205 214
205 211
205 206
205 205
205 210
205 207
205 208
205 209
205 215
205 213
205 216
205 212
206 210
206 212
206 213
206 207
206 206
206 208
206 209
206 211
206 214
206 215
206 216
210 213
210 212
210 210
210 211
210 214
210 215
210 216
211 213
211 212
211 211
211 214
211 215
211 216
212 213
212 214
212 223
212 212
212 218
212 215
212 216
212 222
212 217
212 221
212 220
212 219
213 223
213 222
213 213
213 221
213 217
213 218
213 214
213 219
213 215
213 220
213 216
217 220
217 219
217 217
217 218
217 221
217 222
217 223
218 219
218 220
218 218
218 221
218 222
218 223
219 220
219 230
219 229
219 219
219 228
219 221
219 225
219 222
219 223
219 224
219 226
219 227
220 230
220 229
220 220
220 228
220 224
220 221
220 225
220 222
220 223
220 226
220 227
224 227
224 226
224 224
224 225
224 228
224 229
224 230
225 226
225 227
225 225
225 228
225 229
225 230
226 227
226 228
226 226
226 229
226 230
226 231
226 232
226 233
226 234
226 235
227 227
227 228
227 229
227 230
227 231
227 232
227 233
227 234
227 235
231 231
231 232
231 233
231 234
231 235
232 232
232 233
232 234
232 235
