0 0
0 1
0 4
1 1
1 2
1 3
1 7
2 2
2 4
2 5
2 11
3 3
3 5
3 6
3 12
4 4
4 7
4 16
5 5
5 7
5 8
5 9
5 17
6 6
6 9
6 10
6 18
7 7
7 11
7 12
7 23
8 8
8 11
8 13
8 24
9 9
9 12
9 13
9 14
9 25
10 10
10 14
10 15
10 26
11 11
11 16
11 17
11 31
12 12
12 17
12 18
12 32
13 13
13 17
13 19
13 20
13 33
14 14
14 18
14 20
14 21
14 34
15 15
15 21
15 22
15 35
16 16
16 23
16 40
17 17
17 23
17 24
17 25
17 41
18 18
18 25
18 26
18 42
19 19
19 24
19 27
19 43
20 20
20 25
20 27
20 28
20 44
21 21
21 26
21 28
21 29
21 45
22 22
22 29
22 30
22 46
23 23
23 31
23 32
23 51
24 24
24 31
24 33
24 52
25 25
25 32
25 33
25 34
25 53
26 26
26 34
26 35
26 54
27 27
27 33
27 36
27 37
27 55
28 28
28 34
28 37
28 38
28 56
29 29
29 35
29 38
29 39
29 57
30 30
30 39
30 58
31 31
31 40
31 41
31 63
32 32
32 41
32 42
32 64
33 33
33 41
33 43
33 44
33 65
34 34
34 42
34 44
34 45
34 66
35 35
35 45
35 46
35 67
36 36
36 43
36 47
36 68
37 37
37 44
37 47
37 48
37 69
38 38
38 45
38 48
38 49
38 70
39 39
39 46
39 49
39 50
39 71
40 40
40 51
40 76
41 41
41 51
41 52
41 53
41 77
42 42
42 53
42 54
42 78
43 43
43 52
43 55
43 79
44 44
44 53
44 55
44 56
44 80
45 45
45 54
45 56
45 57
45 81
46 46
46 57
46 58
46 82
47 47
47 55
47 59
47 60
47 83
48 48
48 56
48 60
48 61
48 84
49 49
49 57
49 61
49 62
49 85
50 50
50 58
50 62
50 86
51 51
51 63
51 64
51 91
52 52
52 63
52 65
52 92
53 53
53 64
53 65
53 66
53 93
54 54
54 66
54 67
54 94
55 55
55 65
55 68
55 69
55 95
56 56
56 66
56 69
56 70
56 96
57 57
57 67
57 70
57 71
57 97
58 58
58 71
58 98
59 59
59 68
59 72
59 99
60 60
60 69
60 72
60 73
60 100
61 61
61 70
61 73
61 74
61 101
62 62
62 71
62 74
62 75
62 102
63 63
63 76
63 77
63 107
64 64
64 77
64 78
64 108
65 65
65 77
65 79
65 80
65 109
66 66
66 78
66 80
66 81
66 110
67 67
67 81
67 82
67 111
68 68
68 79
68 83
68 112
69 69
69 80
69 83
69 84
69 113
70 70
70 81
70 84
70 85
70 114
71 71
71 82
71 85
71 86
71 115
72 72
72 83
72 87
72 88
72 116
73 73
73 84
73 88
73 89
73 117
74 74
74 85
74 89
74 90
74 118
75 75
75 86
75 90
75 119
76 76
76 91
76 124
77 77
77 91
77 92
77 93
77 125
78 78
78 93
78 94
78 126
79 79
79 92
79 95
79 127
80 80
80 93
80 95
80 96
80 128
81 81
81 94
81 96
81 97
81 129
82 82
82 97
82 98
82 130
83 83
83 95
83 99
83 100
83 131
84 84
84 96
84 100
84 101
84 132
85 85
85 97
85 101
85 102
85 133
86 86
86 98
86 102
86 134
87 87
87 99
87 103
87 135
88 88
88 100
88 103
88 104
88 136
89 89
89 101
89 104
89 105
89 137
90 90
90 102
90 105
90 106
90 138
91 91
91 107
91 108
91 143
92 92
92 107
92 109
92 144
93 93
93 108
93 109
93 110
93 145
94 94
94 110
94 111
94 146
95 95
95 109
95 112
95 113
95 147
96 96
96 110
96 113
96 114
96 148
97 97
97 111
97 114
97 115
97 149
98 98
98 115
98 150
99 99
99 112
99 116
99 151
100 100
100 113
100 116
100 117
100 152
101 101
101 114
101 117
101 118
101 153
102 102
102 115
102 118
102 119
102 154
103 103
103 116
103 120
103 121
103 155
104 104
104 117
104 121
104 122
104 156
105 105
105 118
105 122
105 123
105 157
106 106
106 119
106 123
106 158
107 107
107 124
107 125
107 162
108 108
108 125
108 126
108 163
109 109
109 125
109 127
109 128
109 164
110 110
110 126
110 128
110 129
110 165
111 111
111 129
111 130
111 166
112 112
112 127
112 131
112 167
113 113
113 128
113 131
113 132
113 168
114 114
114 129
114 132
114 133
114 169
115 115
115 130
115 133
115 134
115 170
116 116
116 131
116 135
116 136
116 171
117 117
117 132
117 136
117 137
117 172
118 118
118 133
118 137
118 138
118 173
119 119
119 134
119 138
119 174
120 120
120 135
120 139
120 175
121 121
121 136
121 139
121 140
121 176
122 122
122 137
122 140
122 141
122 177
123 123
123 138
123 141
123 142
123 178
124 124
124 143
124 182
125 125
125 143
125 144
125 145
125 183
126 126
126 145
126 146
126 184
127 127
127 144
127 147
127 185
128 128
128 145
128 147
128 148
128 186
129 129
129 146
129 148
129 149
129 187
130 130
130 149
130 150
130 188
131 131
131 147
131 151
131 152
131 189
132 132
132 148
132 152
132 153
132 190
133 133
133 149
133 153
133 154
133 191
134 134
134 150
134 154
134 192
135 135
135 151
135 155
135 193
136 136
136 152
136 155
136 156
136 194
137 137
137 153
137 156
137 157
137 195
138 138
138 154
138 157
138 158
138 196
139 139
139 155
139 159
139 197
140 140
140 156
140 159
140 160
140 198
141 141
141 157
141 160
141 161
141 199
142 142
142 158
142 161
142 200
143 143
143 162
143 163
143 203
144 144
144 162
144 164
144 204
145 145
145 163
145 164
145 165
145 205
146 146
146 165
146 166
146 206
147 147
147 164
147 167
147 168
147 207
148 148
148 165
148 168
148 169
148 208
149 149
149 166
149 169
149 170
149 209
150 150
150 170
150 210
151 151
151 167
151 171
151 211
152 152
152 168
152 171
152 172
152 212
153 153
153 169
153 172
153 173
153 213
154 154
154 170
154 173
154 174
154 214
155 155
155 171
155 175
155 176
155 215
156 156
156 172
156 176
156 177
156 216
157 157
157 173
157 177
157 178
157 217
158 158
158 174
158 178
158 218
159 159
159 176
159 179
159 219
160 160
160 177
160 179
160 180
160 220
161 161
161 178
161 180
161 181
161 221
162 162
162 182
162 183
162 224
163 163
163 183
163 184
163 225
164 164
164 183
164 185
164 186
164 226
165 165
165 184
165 186
165 187
165 227
166 166
166 187
166 188
166 228
167 167
167 185
167 189
167 229
168 168
168 186
168 189
168 190
168 230
169 169
169 187
169 190
169 191
169 231
170 170
170 188
170 191
170 192
170 232
171 171
171 189
171 193
171 194
171 233
172 172
172 190
172 194
172 195
172 234
173 173
173 191
173 195
173 196
173 235
174 174
174 192
174 196
174 236
175 175
175 193
175 197
175 237
176 176
176 194
176 197
176 198
176 238
177 177
177 195
177 198
177 199
177 239
178 178
178 196
178 199
178 200
178 240
179 179
179 198
179 201
179 241
180 180
180 199
180 201
180 202
180 242
181 181
181 200
181 202
181 243
182 182
182 203
182 245
183 183
183 203
183 204
183 205
183 246
184 184
184 205
184 206
184 247
185 185
185 204
185 207
185 248
186 186
186 205
186 207
186 208
186 249
187 187
187 206
187 208
187 209
187 250
188 188
188 209
188 210
188 251
189 189
189 207
189 211
189 212
189 252
190 190
190 208
190 212
190 213
190 253
191 191
191 209
191 213
191 214
191 254
192 192
192 210
192 214
192 255
193 193
193 211
193 215
193 256
194 194
194 212
194 215
194 216
194 257
195 195
195 213
195 216
195 217
195 258
196 196
196 214
196 217
196 218
196 259
197 197
197 215
197 219
197 260
198 198
198 216
198 219
198 220
198 261
199 199
199 217
199 220
199 221
199 262
200 200
200 218
200 221
200 263
201 201
201 220
201 222
201 264
202 202
202 221
202 222
202 223
202 265
203 203
203 224
203 225
203 267
204 204
204 224
204 226
204 268
205 205
205 225
205 226
205 227
205 269
206 206
206 227
206 228
206 270
207 207
207 226
207 229
207 230
207 271
208 208
208 227
208 230
208 231
208 272
209 209
209 228
209 231
209 232
209 273
210 210
210 232
210 274
211 211
211 229
211 233
211 275
212 212
212 230
212 233
212 234
212 276
213 213
213 231
213 234
213 235
213 277
214 214
214 232
214 235
214 236
214 278
215 215
215 233
215 237
215 238
215 279
216 216
216 234
216 238
216 239
216 280
217 217
217 235
217 239
217 240
217 281
218 218
218 236
218 240
218 282
219 219
219 238
219 241
219 283
220 220
220 239
220 241
220 242
220 284
221 221
221 240
221 242
221 243
221 285
222 222
222 242
222 244
222 286
223 223
223 243
223 244
223 287
224 224
224 245
224 246
224 288
225 225
225 246
225 247
225 289
226 226
226 246
226 248
226 249
226 290
227 227
227 247
227 249
227 250
227 291
228 228
228 250
228 251
228 292
229 229
229 248
229 252
229 293
230 230
230 249
230 252
230 253
230 294
231 231
231 250
231 253
231 254
231 295
232 232
232 251
232 254
232 255
232 296
233 233
233 252
233 256
233 257
233 297
234 234
234 253
234 257
234 258
234 298
235 235
235 254
235 258
235 259
235 299
236 236
236 255
236 259
236 300
237 237
237 256
237 260
237 301
238 238
238 257
238 260
238 261
238 302
239 239
239 258
239 261
239 262
239 303
240 240
240 259
240 262
240 263
240 304
241 241
241 261
241 264
241 305
242 242
242 262
242 264
242 265
242 306
243 243
243 263
243 265
243 307
244 244
244 265
244 266
244 308
245 245
245 267
246 246
246 267
246 268
246 269
246 309
247 247
247 269
247 270
247 310
248 248
248 268
248 271
248 311
249 249
249 269
249 271
249 272
249 312
250 250
250 270
250 272
250 273
250 313
251 251
251 273
251 274
251 314
252 252
252 271
252 275
252 276
252 315
253 253
253 272
253 276
253 277
253 316
254 254
254 273
254 277
254 278
254 317
255 255
255 274
255 278
255 318
256 256
256 275
256 279
256 319
257 257
257 276
257 279
257 280
257 320
258 258
258 277
258 280
258 281
258 321
259 259
259 278
259 281
259 282
259 322
260 260
260 279
260 283
260 323
261 261
261 280
261 283
261 284
261 324
262 262
262 281
262 284
262 285
262 325
263 263
263 282
263 285
263 326
264 264
264 284
264 286
264 327
265 265
265 285
265 286
265 287
265 328
266 266
266 287
266 329
267 267
267 288
267 289
268 268
268 288
268 290
268 330
269 269
269 289
269 290
269 291
269 331
270 270
270 291
270 292
270 332
271 271
271 290
271 293
271 294
271 333
272 272
272 291
272 294
272 295
272 334
273 273
273 292
273 295
273 296
273 335
274 274
274 296
274 336
275 275
275 293
275 297
275 337
276 276
276 294
276 297
276 298
276 338
277 277
277 295
277 298
277 299
277 339
278 278
278 296
278 299
278 300
278 340
279 279
279 297
279 301
279 302
279 341
280 280
280 298
280 302
280 303
280 342
281 281
281 299
281 303
281 304
281 343
282 282
282 300
282 304
282 344
283 283
283 302
283 305
283 345
284 284
284 303
284 305
284 306
284 346
285 285
285 304
285 306
285 307
285 347
286 286
286 306
286 308
286 348
287 287
287 307
287 308
287 349
288 288
288 309
289 289
289 309
289 310
290 290
290 309
290 311
290 312
290 350
291 291
291 310
291 312
291 313
291 351
292 292
292 313
292 314
292 352
293 293
293 311
293 315
293 353
294 294
294 312
294 315
294 316
294 354
295 295
295 313
295 316
295 317
295 355
296 296
296 314
296 317
296 318
296 356
297 297
297 315
297 319
297 320
297 357
298 298
298 316
298 320
298 321
298 358
299 299
299 317
299 321
299 322
299 359
300 300
300 318
300 322
300 360
301 301
301 319
301 323
301 361
302 302
302 320
302 323
302 324
302 362
303 303
303 321
303 324
303 325
303 363
304 304
304 322
304 325
304 326
304 364
305 305
305 324
305 327
305 365
306 306
306 325
306 327
306 328
306 366
307 307
307 326
307 328
307 367
308 308
308 328
308 329
308 368
309 309
309 330
309 331
310 310
310 331
310 332
311 311
311 330
311 333
311 369
312 312
312 331
312 333
312 334
312 370
313 313
313 332
313 334
313 335
313 371
314 314
314 335
314 336
314 372
315 315
315 333
315 337
315 338
315 373
316 316
316 334
316 338
316 339
316 374
317 317
317 335
317 339
317 340
317 375
318 318
318 336
318 340
318 376
319 319
319 337
319 341
319 377
320 320
320 338
320 341
320 342
320 378
321 321
321 339
321 342
321 343
321 379
322 322
322 340
322 343
322 344
322 380
323 323
323 341
323 345
323 381
324 324
324 342
324 345
324 346
324 382
325 325
325 343
325 346
325 347
325 383
326 326
326 344
326 347
326 384
327 327
327 346
327 348
327 385
328 328
328 347
328 348
328 349
328 386
329 329
329 349
329 387
330 330
330 350
331 331
331 350
331 351
332 332
332 351
332 352
333 333
333 350
333 353
333 354
333 388
334 334
334 351
334 354
334 355
334 389
335 335
335 352
335 355
335 356
335 390
336 336
336 356
336 391
337 337
337 353
337 357
337 392
338 338
338 354
338 357
338 358
338 393
339 339
339 355
339 358
339 359
339 394
340 340
340 356
340 359
340 360
340 395
341 341
341 357
341 361
341 362
341 396
342 342
342 358
342 362
342 363
342 397
343 343
343 359
343 363
343 364
343 398
344 344
344 360
344 364
344 399
345 345
345 362
345 365
345 400
346 346
346 363
346 365
346 366
346 401
347 347
347 364
347 366
347 367
347 402
348 348
348 366
348 368
348 403
349 349
349 367
349 368
349 404
350 350
350 369
350 370
351 351
351 370
351 371
352 352
352 371
352 372
353 353
353 369
353 373
353 405
354 354
354 370
354 373
354 374
354 406
355 355
355 371
355 374
355 375
355 407
356 356
356 372
356 375
356 376
356 408
357 357
357 373
357 377
357 378
357 409
358 358
358 374
358 378
358 379
358 410
359 359
359 375
359 379
359 380
359 411
360 360
360 376
360 380
360 412
361 361
361 377
361 381
361 413
362 362
362 378
362 381
362 382
362 414
363 363
363 379
363 382
363 383
363 415
364 364
364 380
364 383
364 384
364 416
365 365
365 382
365 385
365 417
366 366
366 383
366 385
366 386
366 418
367 367
367 384
367 386
367 419
368 368
368 386
368 387
368 420
369 369
369 388
370 370
370 388
370 389
371 371
371 389
371 390
372 372
372 390
372 391
373 373
373 388
373 392
373 393
373 421
374 374
374 389
374 393
374 394
374 422
375 375
375 390
375 394
375 395
375 423
376 376
376 391
376 395
376 424
377 377
377 392
377 396
377 425
378 378
378 393
378 396
378 397
378 426
379 379
379 394
379 397
379 398
379 427
380 380
380 395
380 398
380 399
380 428
381 381
381 396
381 400
381 429
382 382
382 397
382 400
382 401
382 430
383 383
383 398
383 401
383 402
383 431
384 384
384 399
384 402
384 432
385 385
385 401
385 403
385 433
386 386
386 402
386 403
386 404
386 434
387 387
387 404
387 435
388 388
388 405
388 406
389 389
389 406
389 407
390 390
390 407
390 408
391 391
391 408
392 392
392 405
392 409
392 436
393 393
393 406
393 409
393 410
393 437
394 394
394 407
394 410
394 411
394 438
395 395
395 408
395 411
395 412
395 439
396 396
396 409
396 413
396 414
396 440
397 397
397 410
397 414
397 415
397 441
398 398
398 411
398 415
398 416
398 442
399 399
399 412
399 416
399 443
400 400
400 414
400 417
400 444
401 401
401 415
401 417
401 418
401 445
402 402
402 416
402 418
402 419
402 446
403 403
403 418
403 420
403 447
404 404
404 419
404 420
404 448
405 405
405 421
406 406
406 421
406 422
407 407
407 422
407 423
408 408
408 423
408 424
409 409
409 421
409 425
409 426
409 449
410 410
410 422
410 426
410 427
410 450
411 411
411 423
411 427
411 428
411 451
412 412
412 424
412 428
412 452
413 413
413 425
413 429
413 453
414 414
414 426
414 429
414 430
414 454
415 415
415 427
415 430
415 431
415 455
416 416
416 428
416 431
416 432
416 456
417 417
417 430
417 433
417 457
418 418
418 431
418 433
418 434
418 458
419 419
419 432
419 434
419 459
420 420
420 434
420 435
420 460
421 421
421 436
421 437
422 422
422 437
422 438
423 423
423 438
423 439
424 424
424 439
425 425
425 436
425 440
425 461
426 426
426 437
426 440
426 441
426 462
427 427
427 438
427 441
427 442
427 463
428 428
428 439
428 442
428 443
428 464
429 429
429 440
429 444
429 465
430 430
430 441
430 444
430 445
430 466
431 431
431 442
431 445
431 446
431 467
432 432
432 443
432 446
432 468
433 433
433 445
433 447
433 469
434 434
434 446
434 447
434 448
434 470
435 435
435 448
435 471
436 436
436 449
437 437
437 449
437 450
438 438
438 450
438 451
439 439
439 451
439 452
440 440
440 449
440 453
440 454
440 472
441 441
441 450
441 454
441 455
441 473
442 442
442 451
442 455
442 456
442 474
443 443
443 452
443 456
443 475
444 444
444 454
444 457
444 476
445 445
445 455
445 457
445 458
445 477
446 446
446 456
446 458
446 459
446 478
447 447
447 458
447 460
447 479
448 448
448 459
448 460
448 480
449 449
449 461
449 462
450 450
450 462
450 463
451 451
451 463
451 464
452 452
452 464
453 453
453 461
453 465
453 481
454 454
454 462
454 465
454 466
454 482
455 455
455 463
455 466
455 467
455 483
456 456
456 464
456 467
456 468
456 484
457 457
457 466
457 469
457 485
458 458
458 467
458 469
458 470
458 486
459 459
459 468
459 470
459 487
460 460
460 470
460 471
460 488
461 461
461 472
462 462
462 472
462 473
463 463
463 473
463 474
464 464
464 474
464 475
465 465
465 472
465 476
465 489
466 466
466 473
466 476
466 477
466 490
467 467
467 474
467 477
467 478
467 491
468 468
468 475
468 478
468 492
469 469
469 477
469 479
469 493
470 470
470 478
470 479
470 480
470 494
471 471
471 480
471 495
472 472
472 481
472 482
473 473
473 482
473 483
474 474
474 483
474 484
475 475
475 484
476 476
476 482
476 485
476 496
477 477
477 483
477 485
477 486
477 497
478 478
478 484
478 486
478 487
478 498
479 479
479 486
479 488
479 499
480 480
480 487
480 488
480 500
481 481
481 489
482 482
482 489
482 490
483 483
483 490
483 491
484 484
484 491
484 492
485 485
485 490
485 493
485 501
486 486
486 491
486 493
486 494
486 502
487 487
487 492
487 494
487 503
488 488
488 494
488 495
488 504
489 489
489 496
490 490
490 496
490 497
491 491
491 497
491 498
492 492
492 498
493 493
493 497
493 499
493 505
494 494
494 498
494 499
494 500
494 506
495 495
495 500
495 507
496 496
496 501
497 497
497 501
497 502
498 498
498 502
498 503
499 499
499 502
499 504
499 508
500 500
500 503
500 504
500 509
501 501
501 505
502 502
502 505
502 506
503 503
503 506
504 504
504 506
504 507
504 510
505 505
505 508
506 506
506 508
506 509
507 507
507 509
507 511
508 508
508 510
509 509
509 510
510 510
510 511
511 511
