0 0
0 1
0 2
0 3
0 20
0 52
1 1
1 2
1 3
1 26
1 88
2 2
2 4
2 5
2 6
2 7
2 36
2 87
3 3
3 6
3 8
3 9
3 10
3 43
3 95
4 4
4 5
4 6
4 11
4 53
4 133
5 5
5 12
5 13
5 14
5 15
5 63
5 130
6 6
6 14
6 16
6 17
6 18
6 19
6 8
6 70
6 148
7 7
7 11
7 15
7 18
7 20
7 150
8 8
8 9
8 21
8 73
8 151
9 9
9 17
9 22
9 23
9 24
9 82
9 158
10 10
10 19
10 21
10 24
10 25
10 85
11 11
11 15
11 18
11 26
11 215
12 12
12 13
12 14
12 27
12 96
12 196
13 13
13 28
13 29
13 30
13 31
13 106
13 193
14 14
14 30
14 32
14 33
14 34
14 35
14 16
14 113
14 211
15 15
15 27
15 31
15 34
15 36
15 213
16 16
16 17
16 37
16 38
16 116
16 218
17 17
17 33
17 39
17 40
17 41
17 42
17 22
17 125
17 233
18 18
18 34
18 37
18 41
18 43
18 44
18 235
19 19
19 35
19 38
19 42
19 44
19 45
19 21
19 128
20 20
20 26
20 36
20 43
20 236
21 21
21 24
21 46
21 131
22 22
22 23
22 47
22 134
22 237
23 23
23 40
23 48
23 49
23 50
23 143
23 244
24 24
24 42
24 47
24 50
24 51
24 146
25 25
25 45
25 46
25 51
25 52
25 149
26 26
26 36
26 43
26 323
27 27
27 31
27 34
27 53
27 301
28 28
28 29
28 30
28 54
28 159
28 282
29 29
29 55
29 56
29 57
29 58
29 169
29 279
30 30
30 57
30 59
30 60
30 61
30 62
30 32
30 176
30 297
31 31
31 54
31 58
31 61
31 63
31 299
32 32
32 33
32 64
32 65
32 179
32 304
33 33
33 60
33 66
33 67
33 68
33 69
33 39
33 188
33 319
34 34
34 61
34 64
34 68
34 70
34 71
34 37
34 321
35 35
35 62
35 65
35 69
35 71
35 72
35 38
35 191
36 36
36 53
36 63
36 70
36 322
37 37
37 41
37 73
37 74
37 325
38 38
38 42
38 74
38 75
38 194
39 39
39 40
39 76
39 77
39 197
39 328
40 40
40 67
40 78
40 79
40 80
40 81
40 48
40 206
40 343
41 41
41 68
41 76
41 80
41 82
41 83
41 345
42 42
42 69
42 77
42 81
42 83
42 84
42 47
42 209
43 43
43 70
43 73
43 82
43 85
43 346
44 44
44 71
44 74
44 83
44 85
44 86
45 45
45 72
45 75
45 84
45 86
45 87
45 46
45 212
46 46
46 51
46 88
46 214
47 47
47 50
47 89
47 216
48 48
48 49
48 90
48 219
48 347
49 49
49 79
49 91
49 92
49 93
49 228
49 354
50 50
50 81
50 90
50 93
50 94
50 231
51 51
51 84
51 89
51 94
51 95
51 234
52 52
52 87
52 88
52 95
52 236
53 53
53 63
53 70
53 433
54 54
54 58
54 61
54 96
54 411
55 55
55 56
55 57
55 97
55 245
55 392
56 56
56 98
56 99
56 100
56 101
56 255
56 389
57 57
57 100
57 102
57 103
57 104
57 105
57 59
57 262
57 407
58 58
58 97
58 101
58 104
58 106
58 409
59 59
59 60
59 107
59 108
59 265
59 414
60 60
60 103
60 109
60 110
60 111
60 112
60 66
60 274
60 429
61 61
61 104
61 107
61 111
61 113
61 114
61 64
61 431
62 62
62 105
62 108
62 112
62 114
62 115
62 65
62 277
63 63
63 96
63 106
63 113
63 432
64 64
64 68
64 116
64 117
64 435
65 65
65 69
65 117
65 118
65 280
66 66
66 67
66 119
66 120
66 283
66 438
67 67
67 110
67 121
67 122
67 123
67 124
67 78
67 292
67 453
68 68
68 111
68 119
68 123
68 125
68 126
68 76
68 455
69 69
69 112
69 120
69 124
69 126
69 127
69 77
69 295
70 70
70 113
70 116
70 125
70 128
70 73
70 456
71 71
71 114
71 117
71 126
71 128
71 129
71 74
72 72
72 115
72 118
72 127
72 129
72 130
72 75
72 298
73 73
73 82
73 131
73 457
74 74
74 83
74 131
74 132
75 75
75 84
75 132
75 133
75 300
76 76
76 80
76 134
76 135
76 459
77 77
77 81
77 135
77 136
77 302
78 78
78 79
78 137
78 138
78 305
78 462
79 79
79 122
79 139
79 140
79 141
79 142
79 91
79 314
79 477
80 80
80 123
80 137
80 141
80 143
80 144
80 479
81 81
81 124
81 138
81 142
81 144
81 145
81 90
81 317
82 82
82 125
82 134
82 143
82 146
82 480
83 83
83 126
83 135
83 144
83 146
83 147
84 84
84 127
84 136
84 145
84 147
84 148
84 89
84 320
85 85
85 128
85 131
85 146
85 149
86 86
86 129
86 132
86 147
86 149
86 150
87 87
87 130
87 133
87 148
87 150
87 88
87 322
88 88
88 95
88 323
89 89
89 94
89 151
89 324
90 90
90 93
90 152
90 326
91 91
91 92
91 153
91 329
91 481
92 92
92 140
92 154
92 155
92 156
92 338
92 488
93 93
93 142
93 153
93 156
93 157
93 341
94 94
94 145
94 152
94 157
94 158
94 344
95 95
95 148
95 151
95 158
95 346
96 96
96 106
96 113
96 567
97 97
97 101
97 104
97 159
97 545
98 98
98 99
98 100
98 160
98 355
98 526
99 99
99 161
99 162
99 163
99 164
99 365
99 523
100 100
100 163
100 165
100 166
100 167
100 168
100 102
100 372
100 541
101 101
101 160
101 164
101 167
101 169
101 543
102 102
102 103
102 170
102 171
102 375
102 548
103 103
103 166
103 172
103 173
103 174
103 175
103 109
103 384
103 563
104 104
104 167
104 170
104 174
104 176
104 177
104 107
104 565
105 105
105 168
105 171
105 175
105 177
105 178
105 108
105 387
106 106
106 159
106 169
106 176
106 566
107 107
107 111
107 179
107 180
107 569
108 108
108 112
108 180
108 181
108 390
109 109
109 110
109 182
109 183
109 393
109 572
110 110
110 173
110 184
110 185
110 186
110 187
110 121
110 402
110 587
111 111
111 174
111 182
111 186
111 188
111 189
111 119
111 589
112 112
112 175
112 183
112 187
112 189
112 190
112 120
112 405
113 113
113 176
113 179
113 188
113 191
113 116
113 590
114 114
114 177
114 180
114 189
114 191
114 192
114 117
115 115
115 178
115 181
115 190
115 192
115 193
115 118
115 408
116 116
116 125
116 194
116 591
117 117
117 126
117 194
117 195
118 118
118 127
118 195
118 196
118 410
119 119
119 123
119 197
119 198
119 593
120 120
120 124
120 198
120 199
120 412
121 121
121 122
121 200
121 201
121 415
121 596
122 122
122 185
122 202
122 203
122 204
122 205
122 139
122 424
122 611
123 123
123 186
123 200
123 204
123 206
123 207
123 137
123 613
124 124
124 187
124 201
124 205
124 207
124 208
124 138
124 427
125 125
125 188
125 197
125 206
125 209
125 134
125 614
126 126
126 189
126 198
126 207
126 209
126 210
126 135
127 127
127 190
127 199
127 208
127 210
127 211
127 136
127 430
128 128
128 191
128 194
128 209
128 212
128 131
129 129
129 192
129 195
129 210
129 212
129 213
129 132
130 130
130 193
130 196
130 211
130 213
130 133
130 432
131 131
131 146
131 214
132 132
132 147
132 214
132 215
133 133
133 148
133 215
133 433
134 134
134 143
134 216
134 615
135 135
135 144
135 216
135 217
136 136
136 145
136 217
136 218
136 434
137 137
137 141
137 219
137 220
137 617
138 138
138 142
138 220
138 221
138 436
139 139
139 140
139 222
139 223
139 439
139 620
140 140
140 203
140 224
140 225
140 226
140 227
140 154
140 448
140 635
141 141
141 204
141 222
141 226
141 228
141 229
141 637
142 142
142 205
142 223
142 227
142 229
142 230
142 153
142 451
143 143
143 206
143 219
143 228
143 231
143 638
144 144
144 207
144 220
144 229
144 231
144 232
145 145
145 208
145 221
145 230
145 232
145 233
145 152
145 454
146 146
146 209
146 216
146 231
146 234
147 147
147 210
147 217
147 232
147 234
147 235
148 148
148 211
148 218
148 233
148 235
148 151
148 456
149 149
149 212
149 214
149 234
149 236
150 150
150 213
150 215
150 235
150 236
151 151
151 158
151 457
152 152
152 157
152 237
152 458
153 153
153 156
153 238
153 460
154 154
154 155
154 239
154 463
154 639
155 155
155 225
155 240
155 241
155 242
155 472
155 646
156 156
156 227
156 239
156 242
156 243
156 475
157 157
157 230
157 238
157 243
157 244
157 478
158 158
158 233
158 237
158 244
158 480
159 159
159 169
159 176
159 712
160 160
160 164
160 167
160 245
160 692
161 161
161 162
161 163
161 246
161 489
161 675
162 162
162 247
162 248
162 249
162 250
162 499
162 672
163 163
163 249
163 251
163 252
163 253
163 254
163 165
163 506
163 688
164 164
164 246
164 250
164 253
164 255
164 690
165 165
165 166
165 256
165 257
165 509
165 695
166 166
166 252
166 258
166 259
166 260
166 261
166 172
166 518
166 708
167 167
167 253
167 256
167 260
167 262
167 263
167 170
167 710
168 168
168 254
168 257
168 261
168 263
168 264
168 171
168 521
169 169
169 245
169 255
169 262
169 711
170 170
170 174
170 265
170 266
170 714
171 171
171 175
171 266
171 267
171 524
172 172
172 173
172 268
172 269
172 527
172 717
173 173
173 259
173 270
173 271
173 272
173 273
173 184
173 536
173 730
174 174
174 260
174 268
174 272
174 274
174 275
174 182
174 732
175 175
175 261
175 269
175 273
175 275
175 276
175 183
175 539
176 176
176 262
176 265
176 274
176 277
176 179
176 733
177 177
177 263
177 266
177 275
177 277
177 278
177 180
178 178
178 264
178 267
178 276
178 278
178 279
178 181
178 542
179 179
179 188
179 280
179 734
180 180
180 189
180 280
180 281
181 181
181 190
181 281
181 282
181 544
182 182
182 186
182 283
182 284
182 736
183 183
183 187
183 284
183 285
183 546
184 184
184 185
184 286
184 287
184 549
184 739
185 185
185 271
185 288
185 289
185 290
185 291
185 202
185 558
185 752
186 186
186 272
186 286
186 290
186 292
186 293
186 200
186 754
187 187
187 273
187 287
187 291
187 293
187 294
187 201
187 561
188 188
188 274
188 283
188 292
188 295
188 197
188 755
189 189
189 275
189 284
189 293
189 295
189 296
189 198
190 190
190 276
190 285
190 294
190 296
190 297
190 199
190 564
191 191
191 277
191 280
191 295
191 298
191 194
192 192
192 278
192 281
192 296
192 298
192 299
192 195
193 193
193 279
193 282
193 297
193 299
193 196
193 566
194 194
194 209
194 300
195 195
195 210
195 300
195 301
196 196
196 211
196 301
196 567
197 197
197 206
197 302
197 756
198 198
198 207
198 302
198 303
199 199
199 208
199 303
199 304
199 568
200 200
200 204
200 305
200 306
200 758
201 201
201 205
201 306
201 307
201 570
202 202
202 203
202 308
202 309
202 573
202 761
203 203
203 289
203 310
203 311
203 312
203 313
203 224
203 582
203 774
204 204
204 290
204 308
204 312
204 314
204 315
204 222
204 776
205 205
205 291
205 309
205 313
205 315
205 316
205 223
205 585
206 206
206 292
206 305
206 314
206 317
206 219
206 777
207 207
207 293
207 306
207 315
207 317
207 318
207 220
208 208
208 294
208 307
208 316
208 318
208 319
208 221
208 588
209 209
209 295
209 302
209 317
209 320
209 216
210 210
210 296
210 303
210 318
210 320
210 321
210 217
211 211
211 297
211 304
211 319
211 321
211 218
211 590
212 212
212 298
212 300
212 320
212 322
212 214
213 213
213 299
213 301
213 321
213 322
213 215
214 214
214 234
214 323
215 215
215 235
215 323
216 216
216 231
216 324
217 217
217 232
217 324
217 325
218 218
218 233
218 325
218 591
219 219
219 228
219 326
219 778
220 220
220 229
220 326
220 327
221 221
221 230
221 327
221 328
221 592
222 222
222 226
222 329
222 330
222 780
223 223
223 227
223 330
223 331
223 594
224 224
224 225
224 332
224 333
224 597
224 783
225 225
225 311
225 334
225 335
225 336
225 337
225 240
225 606
225 796
226 226
226 312
226 332
226 336
226 338
226 339
226 798
227 227
227 313
227 333
227 337
227 339
227 340
227 239
227 609
228 228
228 314
228 329
228 338
228 341
228 799
229 229
229 315
229 330
229 339
229 341
229 342
230 230
230 316
230 331
230 340
230 342
230 343
230 238
230 612
231 231
231 317
231 326
231 341
231 344
232 232
232 318
232 327
232 342
232 344
232 345
233 233
233 319
233 328
233 343
233 345
233 237
233 614
234 234
234 320
234 324
234 344
234 346
235 235
235 321
235 325
235 345
235 346
236 236
236 322
236 323
236 346
237 237
237 244
237 615
238 238
238 243
238 347
238 616
239 239
239 242
239 348
239 618
240 240
240 241
240 349
240 621
240 800
241 241
241 335
241 350
241 351
241 352
241 630
241 805
242 242
242 337
242 349
242 352
242 353
242 633
243 243
243 340
243 348
243 353
243 354
243 636
244 244
244 343
244 347
244 354
244 638
245 245
245 255
245 262
245 851
246 246
246 250
246 253
246 355
246 835
247 247
247 248
247 249
247 356
247 647
247 822
248 248
248 357
248 358
248 359
248 360
248 652
248 819
249 249
249 359
249 361
249 362
249 363
249 364
249 251
249 657
249 831
250 250
250 356
250 360
250 363
250 365
250 833
251 251
251 252
251 366
251 367
251 660
251 838
252 252
252 362
252 368
252 369
252 370
252 371
252 258
252 667
252 847
253 253
253 363
253 366
253 370
253 372
253 373
253 256
253 849
254 254
254 364
254 367
254 371
254 373
254 374
254 257
254 670
255 255
255 355
255 365
255 372
255 850
256 256
256 260
256 375
256 376
256 853
257 257
257 261
257 376
257 377
257 673
258 258
258 259
258 378
258 379
258 676
258 856
259 259
259 369
259 380
259 381
259 382
259 383
259 270
259 683
259 865
260 260
260 370
260 378
260 382
260 384
260 385
260 268
260 867
261 261
261 371
261 379
261 383
261 385
261 386
261 269
261 686
262 262
262 372
262 375
262 384
262 387
262 265
262 868
263 263
263 373
263 376
263 385
263 387
263 388
263 266
264 264
264 374
264 377
264 386
264 388
264 389
264 267
264 689
265 265
265 274
265 390
265 869
266 266
266 275
266 390
266 391
267 267
267 276
267 391
267 392
267 691
268 268
268 272
268 393
268 394
268 871
269 269
269 273
269 394
269 395
269 693
270 270
270 271
270 396
270 397
270 696
270 874
271 271
271 381
271 398
271 399
271 400
271 401
271 288
271 703
271 883
272 272
272 382
272 396
272 400
272 402
272 403
272 286
272 885
273 273
273 383
273 397
273 401
273 403
273 404
273 287
273 706
274 274
274 384
274 393
274 402
274 405
274 283
274 886
275 275
275 385
275 394
275 403
275 405
275 406
275 284
276 276
276 386
276 395
276 404
276 406
276 407
276 285
276 709
277 277
277 387
277 390
277 405
277 408
277 280
278 278
278 388
278 391
278 406
278 408
278 409
278 281
279 279
279 389
279 392
279 407
279 409
279 282
279 711
280 280
280 295
280 410
281 281
281 296
281 410
281 411
282 282
282 297
282 411
282 712
283 283
283 292
283 412
283 887
284 284
284 293
284 412
284 413
285 285
285 294
285 413
285 414
285 713
286 286
286 290
286 415
286 416
286 889
287 287
287 291
287 416
287 417
287 715
288 288
288 289
288 418
288 419
288 718
288 892
289 289
289 399
289 420
289 421
289 422
289 423
289 310
289 725
289 901
290 290
290 400
290 418
290 422
290 424
290 425
290 308
290 903
291 291
291 401
291 419
291 423
291 425
291 426
291 309
291 728
292 292
292 402
292 415
292 424
292 427
292 305
292 904
293 293
293 403
293 416
293 425
293 427
293 428
293 306
294 294
294 404
294 417
294 426
294 428
294 429
294 307
294 731
295 295
295 405
295 412
295 427
295 430
295 302
296 296
296 406
296 413
296 428
296 430
296 431
296 303
297 297
297 407
297 414
297 429
297 431
297 304
297 733
298 298
298 408
298 410
298 430
298 432
298 300
299 299
299 409
299 411
299 431
299 432
299 301
300 300
300 320
300 433
301 301
301 321
301 433
302 302
302 317
302 434
303 303
303 318
303 434
303 435
304 304
304 319
304 435
304 734
305 305
305 314
305 436
305 905
306 306
306 315
306 436
306 437
307 307
307 316
307 437
307 438
307 735
308 308
308 312
308 439
308 440
308 907
309 309
309 313
309 440
309 441
309 737
310 310
310 311
310 442
310 443
310 740
310 910
311 311
311 421
311 444
311 445
311 446
311 447
311 334
311 747
311 919
312 312
312 422
312 442
312 446
312 448
312 449
312 332
312 921
313 313
313 423
313 443
313 447
313 449
313 450
313 333
313 750
314 314
314 424
314 439
314 448
314 451
314 329
314 922
315 315
315 425
315 440
315 449
315 451
315 452
315 330
316 316
316 426
316 441
316 450
316 452
316 453
316 331
316 753
317 317
317 427
317 436
317 451
317 454
317 326
318 318
318 428
318 437
318 452
318 454
318 455
318 327
319 319
319 429
319 438
319 453
319 455
319 328
319 755
320 320
320 430
320 434
320 454
320 456
320 324
321 321
321 431
321 435
321 455
321 456
321 325
322 322
322 432
322 433
322 456
322 323
323 323
323 346
324 324
324 344
324 457
325 325
325 345
325 457
326 326
326 341
326 458
327 327
327 342
327 458
327 459
328 328
328 343
328 459
328 756
329 329
329 338
329 460
329 923
330 330
330 339
330 460
330 461
331 331
331 340
331 461
331 462
331 757
332 332
332 336
332 463
332 464
332 925
333 333
333 337
333 464
333 465
333 759
334 334
334 335
334 466
334 467
334 762
334 928
335 335
335 445
335 468
335 469
335 470
335 471
335 350
335 769
335 937
336 336
336 446
336 466
336 470
336 472
336 473
336 939
337 337
337 447
337 467
337 471
337 473
337 474
337 349
337 772
338 338
338 448
338 463
338 472
338 475
338 940
339 339
339 449
339 464
339 473
339 475
339 476
340 340
340 450
340 465
340 474
340 476
340 477
340 348
340 775
341 341
341 451
341 460
341 475
341 478
342 342
342 452
342 461
342 476
342 478
342 479
343 343
343 453
343 462
343 477
343 479
343 347
343 777
344 344
344 454
344 458
344 478
344 480
345 345
345 455
345 459
345 479
345 480
346 346
346 456
346 457
346 480
347 347
347 354
347 778
348 348
348 353
348 481
348 779
349 349
349 352
349 482
349 781
350 350
350 351
350 483
350 784
350 941
351 351
351 469
351 484
351 485
351 486
351 791
351 944
352 352
352 471
352 483
352 486
352 487
352 794
353 353
353 474
353 482
353 487
353 488
353 797
354 354
354 477
354 481
354 488
354 799
355 355
355 365
355 372
355 967
356 356
356 360
356 363
356 489
356 957
357 357
357 358
357 359
357 490
357 806
357 950
358 358
358 491
358 492
358 493
358 494
358 807
358 947
359 359
359 493
359 495
359 496
359 497
359 498
359 361
359 808
359 953
360 360
360 490
360 494
360 497
360 499
360 955
361 361
361 362
361 500
361 501
361 811
361 960
362 362
362 496
362 502
362 503
362 504
362 505
362 368
362 814
362 963
363 363
363 497
363 500
363 504
363 506
363 507
363 366
363 965
364 364
364 498
364 501
364 505
364 507
364 508
364 367
364 817
365 365
365 489
365 499
365 506
365 966
366 366
366 370
366 509
366 510
366 969
367 367
367 371
367 510
367 511
367 820
368 368
368 369
368 512
368 513
368 823
368 972
369 369
369 503
369 514
369 515
369 516
369 517
369 380
369 826
369 975
370 370
370 504
370 512
370 516
370 518
370 519
370 378
370 977
371 371
371 505
371 513
371 517
371 519
371 520
371 379
371 829
372 372
372 506
372 509
372 518
372 521
372 375
372 978
373 373
373 507
373 510
373 519
373 521
373 522
373 376
374 374
374 508
374 511
374 520
374 522
374 523
374 377
374 832
375 375
375 384
375 524
375 979
376 376
376 385
376 524
376 525
377 377
377 386
377 525
377 526
377 834
378 378
378 382
378 527
378 528
378 981
379 379
379 383
379 528
379 529
379 836
380 380
380 381
380 530
380 531
380 839
380 984
381 381
381 515
381 532
381 533
381 534
381 535
381 398
381 842
381 987
382 382
382 516
382 530
382 534
382 536
382 537
382 396
382 989
383 383
383 517
383 531
383 535
383 537
383 538
383 397
383 845
384 384
384 518
384 527
384 536
384 539
384 393
384 990
385 385
385 519
385 528
385 537
385 539
385 540
385 394
386 386
386 520
386 529
386 538
386 540
386 541
386 395
386 848
387 387
387 521
387 524
387 539
387 542
387 390
388 388
388 522
388 525
388 540
388 542
388 543
388 391
389 389
389 523
389 526
389 541
389 543
389 392
389 850
390 390
390 405
390 544
391 391
391 406
391 544
391 545
392 392
392 407
392 545
392 851
393 393
393 402
393 546
393 991
394 394
394 403
394 546
394 547
395 395
395 404
395 547
395 548
395 852
396 396
396 400
396 549
396 550
396 993
397 397
397 401
397 550
397 551
397 854
398 398
398 399
398 552
398 553
398 857
398 996
399 399
399 533
399 554
399 555
399 556
399 557
399 420
399 860
399 999
400 400
400 534
400 552
400 556
400 558
400 559
400 418
400 1001
401 401
401 535
401 553
401 557
401 559
401 560
401 419
401 863
402 402
402 536
402 549
402 558
402 561
402 415
402 1002
403 403
403 537
403 550
403 559
403 561
403 562
403 416
404 404
404 538
404 551
404 560
404 562
404 563
404 417
404 866
405 405
405 539
405 546
405 561
405 564
405 412
406 406
406 540
406 547
406 562
406 564
406 565
406 413
407 407
407 541
407 548
407 563
407 565
407 414
407 868
408 408
408 542
408 544
408 564
408 566
408 410
409 409
409 543
409 545
409 565
409 566
409 411
410 410
410 430
410 567
411 411
411 431
411 567
412 412
412 427
412 568
413 413
413 428
413 568
413 569
414 414
414 429
414 569
414 869
415 415
415 424
415 570
415 1003
416 416
416 425
416 570
416 571
417 417
417 426
417 571
417 572
417 870
418 418
418 422
418 573
418 574
418 1005
419 419
419 423
419 574
419 575
419 872
420 420
420 421
420 576
420 577
420 875
420 1008
421 421
421 555
421 578
421 579
421 580
421 581
421 444
421 878
421 1011
422 422
422 556
422 576
422 580
422 582
422 583
422 442
422 1013
423 423
423 557
423 577
423 581
423 583
423 584
423 443
423 881
424 424
424 558
424 573
424 582
424 585
424 439
424 1014
425 425
425 559
425 574
425 583
425 585
425 586
425 440
426 426
426 560
426 575
426 584
426 586
426 587
426 441
426 884
427 427
427 561
427 570
427 585
427 588
427 436
428 428
428 562
428 571
428 586
428 588
428 589
428 437
429 429
429 563
429 572
429 587
429 589
429 438
429 886
430 430
430 564
430 568
430 588
430 590
430 434
431 431
431 565
431 569
431 589
431 590
431 435
432 432
432 566
432 567
432 590
432 433
433 433
433 456
434 434
434 454
434 591
435 435
435 455
435 591
436 436
436 451
436 592
437 437
437 452
437 592
437 593
438 438
438 453
438 593
438 887
439 439
439 448
439 594
439 1015
440 440
440 449
440 594
440 595
441 441
441 450
441 595
441 596
441 888
442 442
442 446
442 597
442 598
442 1017
443 443
443 447
443 598
443 599
443 890
444 444
444 445
444 600
444 601
444 893
444 1020
445 445
445 579
445 602
445 603
445 604
445 605
445 468
445 896
445 1023
446 446
446 580
446 600
446 604
446 606
446 607
446 466
446 1025
447 447
447 581
447 601
447 605
447 607
447 608
447 467
447 899
448 448
448 582
448 597
448 606
448 609
448 463
448 1026
449 449
449 583
449 598
449 607
449 609
449 610
449 464
450 450
450 584
450 599
450 608
450 610
450 611
450 465
450 902
451 451
451 585
451 594
451 609
451 612
451 460
452 452
452 586
452 595
452 610
452 612
452 613
452 461
453 453
453 587
453 596
453 611
453 613
453 462
453 904
454 454
454 588
454 592
454 612
454 614
454 458
455 455
455 589
455 593
455 613
455 614
455 459
456 456
456 590
456 591
456 614
456 457
457 457
457 480
458 458
458 478
458 615
459 459
459 479
459 615
460 460
460 475
460 616
461 461
461 476
461 616
461 617
462 462
462 477
462 617
462 905
463 463
463 472
463 618
463 1027
464 464
464 473
464 618
464 619
465 465
465 474
465 619
465 620
465 906
466 466
466 470
466 621
466 622
466 1029
467 467
467 471
467 622
467 623
467 908
468 468
468 469
468 624
468 625
468 911
468 1032
469 469
469 603
469 626
469 627
469 628
469 629
469 484
469 914
469 1035
470 470
470 604
470 624
470 628
470 630
470 631
470 1037
471 471
471 605
471 625
471 629
471 631
471 632
471 483
471 917
472 472
472 606
472 621
472 630
472 633
472 1038
473 473
473 607
473 622
473 631
473 633
473 634
474 474
474 608
474 623
474 632
474 634
474 635
474 482
474 920
475 475
475 609
475 618
475 633
475 636
476 476
476 610
476 619
476 634
476 636
476 637
477 477
477 611
477 620
477 635
477 637
477 481
477 922
478 478
478 612
478 616
478 636
478 638
479 479
479 613
479 617
479 637
479 638
480 480
480 614
480 615
480 638
481 481
481 488
481 923
482 482
482 487
482 639
482 924
483 483
483 486
483 640
483 926
484 484
484 485
484 641
484 929
484 1039
485 485
485 627
485 642
485 643
485 644
485 932
485 1040
486 486
486 629
486 641
486 644
486 645
486 935
487 487
487 632
487 640
487 645
487 646
487 938
488 488
488 635
488 639
488 646
488 940
489 489
489 499
489 506
489 1048
490 490
490 494
490 497
490 647
490 1044
491 491
491 492
491 493
491 648
492 492
492 649
493 493
493 650
493 651
493 495
494 494
494 648
494 649
494 650
494 652
494 1042
495 495
495 496
495 653
495 654
496 496
496 655
496 656
496 502
497 497
497 650
497 653
497 655
497 657
497 658
497 500
497 1046
498 498
498 651
498 654
498 656
498 658
498 659
498 501
498 945
499 499
499 647
499 652
499 657
499 1047
500 500
500 504
500 660
500 661
500 1050
501 501
501 505
501 661
501 662
501 948
502 502
502 503
502 663
502 664
503 503
503 665
503 666
503 514
504 504
504 655
504 663
504 665
504 667
504 668
504 512
504 1052
505 505
505 656
505 664
505 666
505 668
505 669
505 513
505 951
506 506
506 657
506 660
506 667
506 670
506 509
506 1053
507 507
507 658
507 661
507 668
507 670
507 671
507 510
508 508
508 659
508 662
508 669
508 671
508 672
508 511
508 954
509 509
509 518
509 673
509 1054
510 510
510 519
510 673
510 674
511 511
511 520
511 674
511 675
511 956
512 512
512 516
512 676
512 677
512 1056
513 513
513 517
513 677
513 678
513 958
514 514
514 515
514 679
514 680
515 515
515 681
515 682
515 532
516 516
516 665
516 679
516 681
516 683
516 684
516 530
516 1058
517 517
517 666
517 680
517 682
517 684
517 685
517 531
517 961
518 518
518 667
518 676
518 683
518 686
518 527
518 1059
519 519
519 668
519 677
519 684
519 686
519 687
519 528
520 520
520 669
520 678
520 685
520 687
520 688
520 529
520 964
521 521
521 670
521 673
521 686
521 689
521 524
522 522
522 671
522 674
522 687
522 689
522 690
522 525
523 523
523 672
523 675
523 688
523 690
523 526
523 966
524 524
524 539
524 691
525 525
525 540
525 691
525 692
526 526
526 541
526 692
526 967
527 527
527 536
527 693
527 1060
528 528
528 537
528 693
528 694
529 529
529 538
529 694
529 695
529 968
530 530
530 534
530 696
530 697
530 1062
531 531
531 535
531 697
531 698
531 970
532 532
532 533
532 699
532 700
533 533
533 701
533 702
533 554
534 534
534 681
534 699
534 701
534 703
534 704
534 552
534 1064
535 535
535 682
535 700
535 702
535 704
535 705
535 553
535 973
536 536
536 683
536 696
536 703
536 706
536 549
536 1065
537 537
537 684
537 697
537 704
537 706
537 707
537 550
538 538
538 685
538 698
538 705
538 707
538 708
538 551
538 976
539 539
539 686
539 693
539 706
539 709
539 546
540 540
540 687
540 694
540 707
540 709
540 710
540 547
541 541
541 688
541 695
541 708
541 710
541 548
541 978
542 542
542 689
542 691
542 709
542 711
542 544
543 543
543 690
543 692
543 710
543 711
543 545
544 544
544 564
544 712
545 545
545 565
545 712
546 546
546 561
546 713
547 547
547 562
547 713
547 714
548 548
548 563
548 714
548 979
549 549
549 558
549 715
549 1066
550 550
550 559
550 715
550 716
551 551
551 560
551 716
551 717
551 980
552 552
552 556
552 718
552 719
552 1068
553 553
553 557
553 719
553 720
553 982
554 554
554 555
554 721
554 722
555 555
555 723
555 724
555 578
556 556
556 701
556 721
556 723
556 725
556 726
556 576
556 1070
557 557
557 702
557 722
557 724
557 726
557 727
557 577
557 985
558 558
558 703
558 718
558 725
558 728
558 573
558 1071
559 559
559 704
559 719
559 726
559 728
559 729
559 574
560 560
560 705
560 720
560 727
560 729
560 730
560 575
560 988
561 561
561 706
561 715
561 728
561 731
561 570
562 562
562 707
562 716
562 729
562 731
562 732
562 571
563 563
563 708
563 717
563 730
563 732
563 572
563 990
564 564
564 709
564 713
564 731
564 733
564 568
565 565
565 710
565 714
565 732
565 733
565 569
566 566
566 711
566 712
566 733
566 567
567 567
567 590
568 568
568 588
568 734
569 569
569 589
569 734
570 570
570 585
570 735
571 571
571 586
571 735
571 736
572 572
572 587
572 736
572 991
573 573
573 582
573 737
573 1072
574 574
574 583
574 737
574 738
575 575
575 584
575 738
575 739
575 992
576 576
576 580
576 740
576 741
576 1074
577 577
577 581
577 741
577 742
577 994
578 578
578 579
578 743
578 744
579 579
579 745
579 746
579 602
580 580
580 723
580 743
580 745
580 747
580 748
580 600
580 1076
581 581
581 724
581 744
581 746
581 748
581 749
581 601
581 997
582 582
582 725
582 740
582 747
582 750
582 597
582 1077
583 583
583 726
583 741
583 748
583 750
583 751
583 598
584 584
584 727
584 742
584 749
584 751
584 752
584 599
584 1000
585 585
585 728
585 737
585 750
585 753
585 594
586 586
586 729
586 738
586 751
586 753
586 754
586 595
587 587
587 730
587 739
587 752
587 754
587 596
587 1002
588 588
588 731
588 735
588 753
588 755
588 592
589 589
589 732
589 736
589 754
589 755
589 593
590 590
590 733
590 734
590 755
590 591
591 591
591 614
592 592
592 612
592 756
593 593
593 613
593 756
594 594
594 609
594 757
595 595
595 610
595 757
595 758
596 596
596 611
596 758
596 1003
597 597
597 606
597 759
597 1078
598 598
598 607
598 759
598 760
599 599
599 608
599 760
599 761
599 1004
600 600
600 604
600 762
600 763
600 1080
601 601
601 605
601 763
601 764
601 1006
602 602
602 603
602 765
602 766
603 603
603 767
603 768
603 626
604 604
604 745
604 765
604 767
604 769
604 770
604 624
604 1082
605 605
605 746
605 766
605 768
605 770
605 771
605 625
605 1009
606 606
606 747
606 762
606 769
606 772
606 621
606 1083
607 607
607 748
607 763
607 770
607 772
607 773
607 622
608 608
608 749
608 764
608 771
608 773
608 774
608 623
608 1012
609 609
609 750
609 759
609 772
609 775
609 618
610 610
610 751
610 760
610 773
610 775
610 776
610 619
611 611
611 752
611 761
611 774
611 776
611 620
611 1014
612 612
612 753
612 757
612 775
612 777
612 616
613 613
613 754
613 758
613 776
613 777
613 617
614 614
614 755
614 756
614 777
614 615
615 615
615 638
616 616
616 636
616 778
617 617
617 637
617 778
618 618
618 633
618 779
619 619
619 634
619 779
619 780
620 620
620 635
620 780
620 1015
621 621
621 630
621 781
621 1084
622 622
622 631
622 781
622 782
623 623
623 632
623 782
623 783
623 1016
624 624
624 628
624 784
624 785
624 1086
625 625
625 629
625 785
625 786
625 1018
626 626
626 627
626 787
626 788
627 627
627 789
627 790
627 642
628 628
628 767
628 787
628 789
628 791
628 792
628 1088
629 629
629 768
629 788
629 790
629 792
629 793
629 641
629 1021
630 630
630 769
630 784
630 791
630 794
630 1089
631 631
631 770
631 785
631 792
631 794
631 795
632 632
632 771
632 786
632 793
632 795
632 796
632 640
632 1024
633 633
633 772
633 781
633 794
633 797
634 634
634 773
634 782
634 795
634 797
634 798
635 635
635 774
635 783
635 796
635 798
635 639
635 1026
636 636
636 775
636 779
636 797
636 799
637 637
637 776
637 780
637 798
637 799
638 638
638 777
638 778
638 799
639 639
639 646
639 1027
640 640
640 645
640 800
640 1028
641 641
641 644
641 801
641 1030
642 642
642 643
642 802
643 643
643 803
644 644
644 790
644 802
644 803
644 804
644 1033
645 645
645 793
645 801
645 804
645 805
645 1036
646 646
646 796
646 800
646 805
646 1038
647 647
647 652
647 657
647 1091
648 648
648 649
648 650
648 806
649 649
649 807
650 650
650 808
650 809
650 653
651 651
651 809
651 810
651 654
652 652
652 806
652 807
652 808
652 1090
653 653
653 655
653 811
653 812
654 654
654 656
654 812
654 813
655 655
655 814
655 815
655 663
656 656
656 815
656 816
656 664
657 657
657 808
657 811
657 814
657 817
657 660
657 1092
658 658
658 809
658 812
658 815
658 817
658 818
658 661
659 659
659 810
659 813
659 816
659 818
659 819
659 662
659 1041
660 660
660 667
660 820
660 1093
661 661
661 668
661 820
661 821
662 662
662 669
662 821
662 822
662 1043
663 663
663 665
663 823
663 824
664 664
664 666
664 824
664 825
665 665
665 826
665 827
665 679
666 666
666 827
666 828
666 680
667 667
667 814
667 823
667 826
667 829
667 676
667 1094
668 668
668 815
668 824
668 827
668 829
668 830
668 677
669 669
669 816
669 825
669 828
669 830
669 831
669 678
669 1045
670 670
670 817
670 820
670 829
670 832
670 673
671 671
671 818
671 821
671 830
671 832
671 833
671 674
672 672
672 819
672 822
672 831
672 833
672 675
672 1047
673 673
673 686
673 834
674 674
674 687
674 834
674 835
675 675
675 688
675 835
675 1048
676 676
676 683
676 836
676 1095
677 677
677 684
677 836
677 837
678 678
678 685
678 837
678 838
678 1049
679 679
679 681
679 839
679 840
680 680
680 682
680 840
680 841
681 681
681 842
681 843
681 699
682 682
682 843
682 844
682 700
683 683
683 826
683 839
683 842
683 845
683 696
683 1096
684 684
684 827
684 840
684 843
684 845
684 846
684 697
685 685
685 828
685 841
685 844
685 846
685 847
685 698
685 1051
686 686
686 829
686 836
686 845
686 848
686 693
687 687
687 830
687 837
687 846
687 848
687 849
687 694
688 688
688 831
688 838
688 847
688 849
688 695
688 1053
689 689
689 832
689 834
689 848
689 850
689 691
690 690
690 833
690 835
690 849
690 850
690 692
691 691
691 709
691 851
692 692
692 710
692 851
693 693
693 706
693 852
694 694
694 707
694 852
694 853
695 695
695 708
695 853
695 1054
696 696
696 703
696 854
696 1097
697 697
697 704
697 854
697 855
698 698
698 705
698 855
698 856
698 1055
699 699
699 701
699 857
699 858
700 700
700 702
700 858
700 859
701 701
701 860
701 861
701 721
702 702
702 861
702 862
702 722
703 703
703 842
703 857
703 860
703 863
703 718
703 1098
704 704
704 843
704 858
704 861
704 863
704 864
704 719
705 705
705 844
705 859
705 862
705 864
705 865
705 720
705 1057
706 706
706 845
706 854
706 863
706 866
706 715
707 707
707 846
707 855
707 864
707 866
707 867
707 716
708 708
708 847
708 856
708 865
708 867
708 717
708 1059
709 709
709 848
709 852
709 866
709 868
709 713
710 710
710 849
710 853
710 867
710 868
710 714
711 711
711 850
711 851
711 868
711 712
712 712
712 733
713 713
713 731
713 869
714 714
714 732
714 869
715 715
715 728
715 870
716 716
716 729
716 870
716 871
717 717
717 730
717 871
717 1060
718 718
718 725
718 872
718 1099
719 719
719 726
719 872
719 873
720 720
720 727
720 873
720 874
720 1061
721 721
721 723
721 875
721 876
722 722
722 724
722 876
722 877
723 723
723 878
723 879
723 743
724 724
724 879
724 880
724 744
725 725
725 860
725 875
725 878
725 881
725 740
725 1100
726 726
726 861
726 876
726 879
726 881
726 882
726 741
727 727
727 862
727 877
727 880
727 882
727 883
727 742
727 1063
728 728
728 863
728 872
728 881
728 884
728 737
729 729
729 864
729 873
729 882
729 884
729 885
729 738
730 730
730 865
730 874
730 883
730 885
730 739
730 1065
731 731
731 866
731 870
731 884
731 886
731 735
732 732
732 867
732 871
732 885
732 886
732 736
733 733
733 868
733 869
733 886
733 734
734 734
734 755
735 735
735 753
735 887
736 736
736 754
736 887
737 737
737 750
737 888
738 738
738 751
738 888
738 889
739 739
739 752
739 889
739 1066
740 740
740 747
740 890
740 1101
741 741
741 748
741 890
741 891
742 742
742 749
742 891
742 892
742 1067
743 743
743 745
743 893
743 894
744 744
744 746
744 894
744 895
745 745
745 896
745 897
745 765
746 746
746 897
746 898
746 766
747 747
747 878
747 893
747 896
747 899
747 762
747 1102
748 748
748 879
748 894
748 897
748 899
748 900
748 763
749 749
749 880
749 895
749 898
749 900
749 901
749 764
749 1069
750 750
750 881
750 890
750 899
750 902
750 759
751 751
751 882
751 891
751 900
751 902
751 903
751 760
752 752
752 883
752 892
752 901
752 903
752 761
752 1071
753 753
753 884
753 888
753 902
753 904
753 757
754 754
754 885
754 889
754 903
754 904
754 758
755 755
755 886
755 887
755 904
755 756
756 756
756 777
757 757
757 775
757 905
758 758
758 776
758 905
759 759
759 772
759 906
760 760
760 773
760 906
760 907
761 761
761 774
761 907
761 1072
762 762
762 769
762 908
762 1103
763 763
763 770
763 908
763 909
764 764
764 771
764 909
764 910
764 1073
765 765
765 767
765 911
765 912
766 766
766 768
766 912
766 913
767 767
767 914
767 915
767 787
768 768
768 915
768 916
768 788
769 769
769 896
769 911
769 914
769 917
769 784
769 1104
770 770
770 897
770 912
770 915
770 917
770 918
770 785
771 771
771 898
771 913
771 916
771 918
771 919
771 786
771 1075
772 772
772 899
772 908
772 917
772 920
772 781
773 773
773 900
773 909
773 918
773 920
773 921
773 782
774 774
774 901
774 910
774 919
774 921
774 783
774 1077
775 775
775 902
775 906
775 920
775 922
775 779
776 776
776 903
776 907
776 921
776 922
776 780
777 777
777 904
777 905
777 922
777 778
778 778
778 799
779 779
779 797
779 923
780 780
780 798
780 923
781 781
781 794
781 924
782 782
782 795
782 924
782 925
783 783
783 796
783 925
783 1078
784 784
784 791
784 926
784 1105
785 785
785 792
785 926
785 927
786 786
786 793
786 927
786 928
786 1079
787 787
787 789
787 929
787 930
788 788
788 790
788 930
788 931
789 789
789 932
789 933
790 790
790 933
790 934
790 802
791 791
791 914
791 929
791 932
791 935
791 1106
792 792
792 915
792 930
792 933
792 935
792 936
793 793
793 916
793 931
793 934
793 936
793 937
793 801
793 1081
794 794
794 917
794 926
794 935
794 938
795 795
795 918
795 927
795 936
795 938
795 939
796 796
796 919
796 928
796 937
796 939
796 800
796 1083
797 797
797 920
797 924
797 938
797 940
798 798
798 921
798 925
798 939
798 940
799 799
799 922
799 923
799 940
800 800
800 805
800 1084
801 801
801 804
801 941
801 1085
802 802
802 803
802 942
803 803
803 943
804 804
804 934
804 942
804 943
804 944
804 1087
805 805
805 937
805 941
805 944
805 1089
806 806
806 807
806 808
807 807
808 808
808 945
808 811
809 809
809 945
809 946
809 812
810 810
810 946
810 947
810 813
811 811
811 814
811 948
812 812
812 815
812 948
812 949
813 813
813 816
813 949
813 950
814 814
814 951
814 823
815 815
815 951
815 952
815 824
816 816
816 952
816 953
816 825
817 817
817 945
817 948
817 951
817 954
817 820
818 818
818 946
818 949
818 952
818 954
818 955
818 821
819 819
819 947
819 950
819 953
819 955
819 822
819 1090
820 820
820 829
820 956
821 821
821 830
821 956
821 957
822 822
822 831
822 957
822 1091
823 823
823 826
823 958
824 824
824 827
824 958
824 959
825 825
825 828
825 959
825 960
826 826
826 961
826 839
827 827
827 961
827 962
827 840
828 828
828 962
828 963
828 841
829 829
829 951
829 958
829 961
829 964
829 836
830 830
830 952
830 959
830 962
830 964
830 965
830 837
831 831
831 953
831 960
831 963
831 965
831 838
831 1092
832 832
832 954
832 956
832 964
832 966
832 834
833 833
833 955
833 957
833 965
833 966
833 835
834 834
834 848
834 967
835 835
835 849
835 967
836 836
836 845
836 968
837 837
837 846
837 968
837 969
838 838
838 847
838 969
838 1093
839 839
839 842
839 970
840 840
840 843
840 970
840 971
841 841
841 844
841 971
841 972
842 842
842 973
842 857
843 843
843 973
843 974
843 858
844 844
844 974
844 975
844 859
845 845
845 961
845 970
845 973
845 976
845 854
846 846
846 962
846 971
846 974
846 976
846 977
846 855
847 847
847 963
847 972
847 975
847 977
847 856
847 1094
848 848
848 964
848 968
848 976
848 978
848 852
849 849
849 965
849 969
849 977
849 978
849 853
850 850
850 966
850 967
850 978
850 851
851 851
851 868
852 852
852 866
852 979
853 853
853 867
853 979
854 854
854 863
854 980
855 855
855 864
855 980
855 981
856 856
856 865
856 981
856 1095
857 857
857 860
857 982
858 858
858 861
858 982
858 983
859 859
859 862
859 983
859 984
860 860
860 985
860 875
861 861
861 985
861 986
861 876
862 862
862 986
862 987
862 877
863 863
863 973
863 982
863 985
863 988
863 872
864 864
864 974
864 983
864 986
864 988
864 989
864 873
865 865
865 975
865 984
865 987
865 989
865 874
865 1096
866 866
866 976
866 980
866 988
866 990
866 870
867 867
867 977
867 981
867 989
867 990
867 871
868 868
868 978
868 979
868 990
868 869
869 869
869 886
870 870
870 884
870 991
871 871
871 885
871 991
872 872
872 881
872 992
873 873
873 882
873 992
873 993
874 874
874 883
874 993
874 1097
875 875
875 878
875 994
876 876
876 879
876 994
876 995
877 877
877 880
877 995
877 996
878 878
878 997
878 893
879 879
879 997
879 998
879 894
880 880
880 998
880 999
880 895
881 881
881 985
881 994
881 997
881 1000
881 890
882 882
882 986
882 995
882 998
882 1000
882 1001
882 891
883 883
883 987
883 996
883 999
883 1001
883 892
883 1098
884 884
884 988
884 992
884 1000
884 1002
884 888
885 885
885 989
885 993
885 1001
885 1002
885 889
886 886
886 990
886 991
886 1002
886 887
887 887
887 904
888 888
888 902
888 1003
889 889
889 903
889 1003
890 890
890 899
890 1004
891 891
891 900
891 1004
891 1005
892 892
892 901
892 1005
892 1099
893 893
893 896
893 1006
894 894
894 897
894 1006
894 1007
895 895
895 898
895 1007
895 1008
896 896
896 1009
896 911
897 897
897 1009
897 1010
897 912
898 898
898 1010
898 1011
898 913
899 899
899 997
899 1006
899 1009
899 1012
899 908
900 900
900 998
900 1007
900 1010
900 1012
900 1013
900 909
901 901
901 999
901 1008
901 1011
901 1013
901 910
901 1100
902 902
902 1000
902 1004
902 1012
902 1014
902 906
903 903
903 1001
903 1005
903 1013
903 1014
903 907
904 904
904 1002
904 1003
904 1014
904 905
905 905
905 922
906 906
906 920
906 1015
907 907
907 921
907 1015
908 908
908 917
908 1016
909 909
909 918
909 1016
909 1017
910 910
910 919
910 1017
910 1101
911 911
911 914
911 1018
912 912
912 915
912 1018
912 1019
913 913
913 916
913 1019
913 1020
914 914
914 1021
914 929
915 915
915 1021
915 1022
915 930
916 916
916 1022
916 1023
916 931
917 917
917 1009
917 1018
917 1021
917 1024
917 926
918 918
918 1010
918 1019
918 1022
918 1024
918 1025
918 927
919 919
919 1011
919 1020
919 1023
919 1025
919 928
919 1102
920 920
920 1012
920 1016
920 1024
920 1026
920 924
921 921
921 1013
921 1017
921 1025
921 1026
921 925
922 922
922 1014
922 1015
922 1026
922 923
923 923
923 940
924 924
924 938
924 1027
925 925
925 939
925 1027
926 926
926 935
926 1028
927 927
927 936
927 1028
927 1029
928 928
928 937
928 1029
928 1103
929 929
929 932
929 1030
930 930
930 933
930 1030
930 1031
931 931
931 934
931 1031
931 1032
932 932
932 1033
933 933
933 1033
933 1034
934 934
934 1034
934 1035
934 942
935 935
935 1021
935 1030
935 1033
935 1036
936 936
936 1022
936 1031
936 1034
936 1036
936 1037
937 937
937 1023
937 1032
937 1035
937 1037
937 941
937 1104
938 938
938 1024
938 1028
938 1036
938 1038
939 939
939 1025
939 1029
939 1037
939 1038
940 940
940 1026
940 1027
940 1038
941 941
941 944
941 1105
942 942
942 943
942 1039
943 943
943 1040
944 944
944 1035
944 1039
944 1040
944 1106
945 945
945 1041
945 948
946 946
946 1041
946 1042
946 949
947 947
947 1042
947 950
948 948
948 951
948 1043
949 949
949 952
949 1043
949 1044
950 950
950 953
950 1044
951 951
951 1045
951 958
952 952
952 1045
952 1046
952 959
953 953
953 1046
953 960
954 954
954 1041
954 1043
954 1045
954 1047
954 956
955 955
955 1042
955 1044
955 1046
955 1047
955 957
956 956
956 964
956 1048
957 957
957 965
957 1048
958 958
958 961
958 1049
959 959
959 962
959 1049
959 1050
960 960
960 963
960 1050
961 961
961 1051
961 970
962 962
962 1051
962 1052
962 971
963 963
963 1052
963 972
964 964
964 1045
964 1049
964 1051
964 1053
964 968
965 965
965 1046
965 1050
965 1052
965 1053
965 969
966 966
966 1047
966 1048
966 1053
966 967
967 967
967 978
968 968
968 976
968 1054
969 969
969 977
969 1054
970 970
970 973
970 1055
971 971
971 974
971 1055
971 1056
972 972
972 975
972 1056
973 973
973 1057
973 982
974 974
974 1057
974 1058
974 983
975 975
975 1058
975 984
976 976
976 1051
976 1055
976 1057
976 1059
976 980
977 977
977 1052
977 1056
977 1058
977 1059
977 981
978 978
978 1053
978 1054
978 1059
978 979
979 979
979 990
980 980
980 988
980 1060
981 981
981 989
981 1060
982 982
982 985
982 1061
983 983
983 986
983 1061
983 1062
984 984
984 987
984 1062
985 985
985 1063
985 994
986 986
986 1063
986 1064
986 995
987 987
987 1064
987 996
988 988
988 1057
988 1061
988 1063
988 1065
988 992
989 989
989 1058
989 1062
989 1064
989 1065
989 993
990 990
990 1059
990 1060
990 1065
990 991
991 991
991 1002
992 992
992 1000
992 1066
993 993
993 1001
993 1066
994 994
994 997
994 1067
995 995
995 998
995 1067
995 1068
996 996
996 999
996 1068
997 997
997 1069
997 1006
998 998
998 1069
998 1070
998 1007
999 999
999 1070
999 1008
1000 1000
1000 1063
1000 1067
1000 1069
1000 1071
1000 1004
1001 1001
1001 1064
1001 1068
1001 1070
1001 1071
1001 1005
1002 1002
1002 1065
1002 1066
1002 1071
1002 1003
1003 1003
1003 1014
1004 1004
1004 1012
1004 1072
1005 1005
1005 1013
1005 1072
1006 1006
1006 1009
1006 1073
1007 1007
1007 1010
1007 1073
1007 1074
1008 1008
1008 1011
1008 1074
1009 1009
1009 1075
1009 1018
1010 1010
1010 1075
1010 1076
1010 1019
1011 1011
1011 1076
1011 1020
1012 1012
1012 1069
1012 1073
1012 1075
1012 1077
1012 1016
1013 1013
1013 1070
1013 1074
1013 1076
1013 1077
1013 1017
1014 1014
1014 1071
1014 1072
1014 1077
1014 1015
1015 1015
1015 1026
1016 1016
1016 1024
1016 1078
1017 1017
1017 1025
1017 1078
1018 1018
1018 1021
1018 1079
1019 1019
1019 1022
1019 1079
1019 1080
1020 1020
1020 1023
1020 1080
1021 1021
1021 1081
1021 1030
1022 1022
1022 1081
1022 1082
1022 1031
1023 1023
1023 1082
1023 1032
1024 1024
1024 1075
1024 1079
1024 1081
1024 1083
1024 1028
1025 1025
1025 1076
1025 1080
1025 1082
1025 1083
1025 1029
1026 1026
1026 1077
1026 1078
1026 1083
1026 1027
1027 1027
1027 1038
1028 1028
1028 1036
1028 1084
1029 1029
1029 1037
1029 1084
1030 1030
1030 1033
1030 1085
1031 1031
1031 1034
1031 1085
1031 1086
1032 1032
1032 1035
1032 1086
1033 1033
1033 1087
1034 1034
1034 1087
1034 1088
1035 1035
1035 1088
1035 1039
1036 1036
1036 1081
1036 1085
1036 1087
1036 1089
1037 1037
1037 1082
1037 1086
1037 1088
1037 1089
1038 1038
1038 1083
1038 1084
1038 1089
1039 1039
1039 1040
1040 1040
1041 1041
1041 1090
1041 1043
1042 1042
1042 1090
1042 1044
1043 1043
1043 1045
1043 1091
1044 1044
1044 1046
1044 1091
1045 1045
1045 1092
1045 1049
1046 1046
1046 1092
1046 1050
1047 1047
1047 1090
1047 1091
1047 1092
1047 1048
1048 1048
1048 1053
1049 1049
1049 1051
1049 1093
1050 1050
1050 1052
1050 1093
1051 1051
1051 1094
1051 1055
1052 1052
1052 1094
1052 1056
1053 1053
1053 1092
1053 1093
1053 1094
1053 1054
1054 1054
1054 1059
1055 1055
1055 1057
1055 1095
1056 1056
1056 1058
1056 1095
1057 1057
1057 1096
1057 1061
1058 1058
1058 1096
1058 1062
1059 1059
1059 1094
1059 1095
1059 1096
1059 1060
1060 1060
1060 1065
1061 1061
1061 1063
1061 1097
1062 1062
1062 1064
1062 1097
1063 1063
1063 1098
1063 1067
1064 1064
1064 1098
1064 1068
1065 1065
1065 1096
1065 1097
1065 1098
1065 1066
1066 1066
1066 1071
1067 1067
1067 1069
1067 1099
1068 1068
1068 1070
1068 1099
1069 1069
1069 1100
1069 1073
1070 1070
1070 1100
1070 1074
1071 1071
1071 1098
1071 1099
1071 1100
1071 1072
1072 1072
1072 1077
1073 1073
1073 1075
1073 1101
1074 1074
1074 1076
1074 1101
1075 1075
1075 1102
1075 1079
1076 1076
1076 1102
1076 1080
1077 1077
1077 1100
1077 1101
1077 1102
1077 1078
1078 1078
1078 1083
1079 1079
1079 1081
1079 1103
1080 1080
1080 1082
1080 1103
1081 1081
1081 1104
1081 1085
1082 1082
1082 1104
1082 1086
1083 1083
1083 1102
1083 1103
1083 1104
1083 1084
1084 1084
1084 1089
1085 1085
1085 1087
1085 1105
1086 1086
1086 1088
1086 1105
1087 1087
1087 1106
1088 1088
1088 1106
1089 1089
1089 1104
1089 1105
1089 1106
1090 1090
1090 1091
1091 1091
1091 1092
1092 1092
1092 1093
1093 1093
1093 1094
1094 1094
1094 1095
1095 1095
1095 1096
1096 1096
1096 1097
1097 1097
1097 1098
1098 1098
1098 1099
1099 1099
1099 1100
1100 1100
1100 1101
1101 1101
1101 1102
1102 1102
1102 1103
1103 1103
1103 1104
1104 1104
1104 1105
1105 1105
1105 1106
1106 1106
