0 0
0 2
0 14
0 226
1 1
1 3
1 16
1 227
2 2
2 4
2 17
2 226
2 233
3 3
3 5
3 19
3 227
3 234
4 4
4 6
4 20
4 233
4 238
5 5
5 7
5 22
5 234
5 239
6 6
6 8
6 23
6 238
6 243
7 7
7 9
7 25
7 239
7 244
8 8
8 10
8 26
8 243
8 248
9 9
9 11
9 28
9 244
9 249
10 10
10 12
10 29
10 248
10 253
11 11
11 13
11 31
11 249
11 254
12 12
12 32
12 253
12 421
12 422
12 423
12 424
12 425
12 426
12 427
12 428
12 429
12 430
12 431
12 432
12 433
13 13
13 34
13 254
13 427
14 14
14 15
14 17
14 35
14 224
14 225
14 226
14 228
14 230
15 15
15 16
15 18
15 224
15 225
15 230
16 16
16 19
16 36
16 225
16 227
16 229
16 230
17 17
17 18
17 20
17 37
17 224
17 225
17 226
17 228
17 231
17 232
17 233
17 235
18 18
18 19
18 21
18 224
18 225
18 231
18 232
19 19
19 22
19 38
19 225
19 227
19 229
19 232
19 234
19 236
20 20
20 21
20 23
20 39
20 231
20 232
20 233
20 235
20 237
20 238
20 240
21 21
21 22
21 24
21 231
21 232
21 237
22 22
22 25
22 40
22 232
22 234
22 236
22 237
22 239
22 241
23 23
23 24
23 26
23 41
23 237
23 238
23 240
23 242
23 243
23 245
24 24
24 25
24 27
24 237
24 242
25 25
25 28
25 42
25 237
25 239
25 241
25 242
25 244
25 246
26 26
26 27
26 29
26 43
26 242
26 243
26 245
26 247
26 248
26 250
27 27
27 28
27 30
27 242
27 247
28 28
28 31
28 44
28 242
28 244
28 246
28 247
28 249
28 251
29 29
29 30
29 32
29 45
29 247
29 248
29 250
29 252
29 253
29 255
30 30
30 31
30 33
30 247
30 252
31 31
31 34
31 46
31 247
31 249
31 251
31 252
31 254
31 256
32 32
32 33
32 47
32 252
32 253
32 255
32 421
32 422
32 423
32 424
32 425
32 426
32 427
32 428
32 429
32 430
32 431
32 432
32 433
33 33
33 34
33 252
33 427
33 428
33 429
33 430
33 431
33 432
33 433
34 34
34 48
34 252
34 254
34 256
34 427
34 428
34 429
34 430
34 431
34 432
34 433
35 35
35 37
35 49
35 228
35 230
35 259
36 36
36 38
36 51
36 229
36 230
36 260
37 37
37 39
37 52
37 228
37 235
37 259
37 266
38 38
38 40
38 54
38 229
38 236
38 260
38 267
39 39
39 41
39 55
39 235
39 240
39 266
39 271
40 40
40 42
40 57
40 236
40 241
40 267
40 272
41 41
41 43
41 58
41 240
41 245
41 271
41 276
42 42
42 44
42 60
42 241
42 246
42 272
42 277
43 43
43 45
43 61
43 245
43 250
43 276
43 281
44 44
44 46
44 63
44 246
44 251
44 277
44 282
45 45
45 47
45 64
45 250
45 255
45 281
45 286
46 46
46 48
46 66
46 251
46 256
46 282
46 287
47 47
47 67
47 255
47 286
47 421
47 422
47 423
47 424
47 425
47 426
48 48
48 69
48 256
48 287
48 428
48 429
48 430
48 431
48 432
48 433
49 49
49 50
49 52
49 70
49 230
49 257
49 258
49 259
49 261
49 263
50 50
50 51
50 53
50 230
50 257
50 258
50 263
51 51
51 54
51 71
51 230
51 258
51 260
51 262
51 263
52 52
52 53
52 55
52 72
52 257
52 258
52 259
52 261
52 264
52 265
52 266
52 268
53 53
53 54
53 56
53 257
53 258
53 264
53 265
54 54
54 57
54 73
54 258
54 260
54 262
54 265
54 267
54 269
55 55
55 56
55 58
55 74
55 264
55 265
55 266
55 268
55 270
55 271
55 273
56 56
56 57
56 59
56 264
56 265
56 270
57 57
57 60
57 75
57 265
57 267
57 269
57 270
57 272
57 274
58 58
58 59
58 61
58 76
58 270
58 271
58 273
58 275
58 276
58 278
59 59
59 60
59 62
59 270
59 275
60 60
60 63
60 77
60 270
60 272
60 274
60 275
60 277
60 279
61 61
61 62
61 64
61 78
61 275
61 276
61 278
61 280
61 281
61 283
62 62
62 63
62 65
62 275
62 280
63 63
63 66
63 79
63 275
63 277
63 279
63 280
63 282
63 284
64 64
64 65
64 67
64 80
64 280
64 281
64 283
64 285
64 286
64 288
65 65
65 66
65 68
65 280
65 285
66 66
66 69
66 81
66 280
66 282
66 284
66 285
66 287
66 289
67 67
67 68
67 82
67 285
67 286
67 288
67 422
67 423
67 424
67 425
67 426
68 68
68 69
68 285
69 69
69 83
69 285
69 287
69 289
69 429
69 430
69 431
69 432
69 433
70 70
70 72
70 84
70 261
70 263
70 292
71 71
71 73
71 86
71 262
71 263
71 293
72 72
72 74
72 87
72 261
72 268
72 292
72 299
73 73
73 75
73 89
73 262
73 269
73 293
73 300
74 74
74 76
74 90
74 268
74 273
74 299
74 304
75 75
75 77
75 92
75 269
75 274
75 300
75 305
76 76
76 78
76 93
76 273
76 278
76 304
76 309
77 77
77 79
77 95
77 274
77 279
77 305
77 310
78 78
78 80
78 96
78 278
78 283
78 309
78 314
79 79
79 81
79 98
79 279
79 284
79 310
79 315
80 80
80 82
80 99
80 283
80 288
80 314
80 319
81 81
81 83
81 101
81 284
81 289
81 315
81 320
82 82
82 102
82 288
82 319
82 422
82 423
82 424
82 425
82 426
83 83
83 104
83 289
83 320
83 429
83 430
83 431
83 432
83 433
84 84
84 85
84 87
84 105
84 263
84 290
84 291
84 292
84 294
84 296
85 85
85 86
85 88
85 263
85 290
85 291
85 296
86 86
86 89
86 106
86 263
86 291
86 293
86 295
86 296
87 87
87 88
87 90
87 107
87 290
87 291
87 292
87 294
87 297
87 298
87 299
87 301
88 88
88 89
88 91
88 290
88 291
88 297
88 298
89 89
89 92
89 108
89 291
89 293
89 295
89 298
89 300
89 302
90 90
90 91
90 93
90 109
90 297
90 298
90 299
90 301
90 303
90 304
90 306
91 91
91 92
91 94
91 297
91 298
91 303
92 92
92 95
92 110
92 298
92 300
92 302
92 303
92 305
92 307
93 93
93 94
93 96
93 111
93 303
93 304
93 306
93 308
93 309
93 311
94 94
94 95
94 97
94 303
94 308
95 95
95 98
95 112
95 303
95 305
95 307
95 308
95 310
95 312
96 96
96 97
96 99
96 113
96 308
96 309
96 311
96 313
96 314
96 316
97 97
97 98
97 100
97 308
97 313
98 98
98 101
98 114
98 308
98 310
98 312
98 313
98 315
98 317
99 99
99 100
99 102
99 115
99 313
99 314
99 316
99 318
99 319
99 321
100 100
100 101
100 103
100 313
100 318
101 101
101 104
101 116
101 313
101 315
101 317
101 318
101 320
101 322
102 102
102 103
102 117
102 318
102 319
102 321
102 423
102 424
102 425
102 426
103 103
103 104
103 318
104 104
104 118
104 318
104 320
104 322
104 430
104 431
104 432
104 433
105 105
105 107
105 119
105 294
105 296
105 325
106 106
106 108
106 121
106 295
106 296
106 326
107 107
107 109
107 122
107 294
107 301
107 325
107 332
108 108
108 110
108 124
108 295
108 302
108 326
108 333
109 109
109 111
109 125
109 301
109 306
109 332
109 337
110 110
110 112
110 127
110 302
110 307
110 333
110 338
111 111
111 113
111 128
111 306
111 311
111 337
111 342
112 112
112 114
112 130
112 307
112 312
112 338
112 343
113 113
113 115
113 131
113 311
113 316
113 342
113 347
114 114
114 116
114 133
114 312
114 317
114 343
114 348
115 115
115 117
115 134
115 316
115 321
115 347
115 352
116 116
116 118
116 136
116 317
116 322
116 348
116 353
117 117
117 137
117 321
117 352
117 423
117 424
117 425
117 426
118 118
118 139
118 322
118 353
118 430
118 431
118 432
118 433
119 119
119 120
119 122
119 140
119 296
119 323
119 324
119 325
119 327
119 329
120 120
120 121
120 123
120 296
120 323
120 324
120 329
121 121
121 124
121 141
121 296
121 324
121 326
121 328
121 329
122 122
122 123
122 125
122 142
122 323
122 324
122 325
122 327
122 330
122 331
122 332
122 334
123 123
123 124
123 126
123 323
123 324
123 330
123 331
124 124
124 127
124 143
124 324
124 326
124 328
124 331
124 333
124 335
125 125
125 126
125 128
125 144
125 330
125 331
125 332
125 334
125 336
125 337
125 339
126 126
126 127
126 129
126 330
126 331
126 336
127 127
127 130
127 145
127 331
127 333
127 335
127 336
127 338
127 340
128 128
128 129
128 131
128 146
128 336
128 337
128 339
128 341
128 342
128 344
129 129
129 130
129 132
129 336
129 341
130 130
130 133
130 147
130 336
130 338
130 340
130 341
130 343
130 345
131 131
131 132
131 134
131 148
131 341
131 342
131 344
131 346
131 347
131 349
132 132
132 133
132 135
132 341
132 346
133 133
133 136
133 149
133 341
133 343
133 345
133 346
133 348
133 350
134 134
134 135
134 137
134 150
134 346
134 347
134 349
134 351
134 352
134 354
135 135
135 136
135 138
135 346
135 351
136 136
136 139
136 151
136 346
136 348
136 350
136 351
136 353
136 355
137 137
137 138
137 152
137 351
137 352
137 354
137 424
137 425
137 426
138 138
138 139
138 351
139 139
139 153
139 351
139 353
139 355
139 431
139 432
139 433
140 140
140 142
140 154
140 327
140 329
140 358
141 141
141 143
141 156
141 328
141 329
141 359
142 142
142 144
142 157
142 327
142 334
142 358
142 365
143 143
143 145
143 159
143 328
143 335
143 359
143 366
144 144
144 146
144 160
144 334
144 339
144 365
144 370
145 145
145 147
145 162
145 335
145 340
145 366
145 371
146 146
146 148
146 163
146 339
146 344
146 370
146 375
147 147
147 149
147 165
147 340
147 345
147 371
147 376
148 148
148 150
148 166
148 344
148 349
148 375
148 380
149 149
149 151
149 168
149 345
149 350
149 376
149 381
150 150
150 152
150 169
150 349
150 354
150 380
150 385
151 151
151 153
151 171
151 350
151 355
151 381
151 386
152 152
152 172
152 354
152 385
152 424
152 425
152 426
153 153
153 174
153 355
153 386
153 431
153 432
153 433
154 154
154 155
154 157
154 175
154 329
154 356
154 357
154 358
154 360
154 362
155 155
155 156
155 158
155 329
155 356
155 357
155 362
156 156
156 159
156 176
156 329
156 357
156 359
156 361
156 362
157 157
157 158
157 160
157 177
157 356
157 357
157 358
157 360
157 363
157 364
157 365
157 367
158 158
158 159
158 161
158 356
158 357
158 363
158 364
159 159
159 162
159 178
159 357
159 359
159 361
159 364
159 366
159 368
160 160
160 161
160 163
160 179
160 363
160 364
160 365
160 367
160 369
160 370
160 372
161 161
161 162
161 164
161 363
161 364
161 369
162 162
162 165
162 180
162 364
162 366
162 368
162 369
162 371
162 373
163 163
163 164
163 166
163 181
163 369
163 370
163 372
163 374
163 375
163 377
164 164
164 165
164 167
164 369
164 374
165 165
165 168
165 182
165 369
165 371
165 373
165 374
165 376
165 378
166 166
166 167
166 169
166 183
166 374
166 375
166 377
166 379
166 380
166 382
167 167
167 168
167 170
167 374
167 379
168 168
168 171
168 184
168 374
168 376
168 378
168 379
168 381
168 383
169 169
169 170
169 172
169 185
169 379
169 380
169 382
169 384
169 385
169 387
170 170
170 171
170 173
170 379
170 384
171 171
171 174
171 186
171 379
171 381
171 383
171 384
171 386
171 388
172 172
172 173
172 187
172 384
172 385
172 387
172 425
172 426
173 173
173 174
173 384
174 174
174 188
174 384
174 386
174 388
174 432
174 433
175 175
175 177
175 189
175 360
175 362
175 391
176 176
176 178
176 191
176 361
176 362
176 392
177 177
177 179
177 192
177 360
177 367
177 391
177 397
178 178
178 180
178 194
178 361
178 368
178 392
178 398
179 179
179 181
179 195
179 367
179 372
179 397
179 402
180 180
180 182
180 197
180 368
180 373
180 398
180 403
181 181
181 183
181 198
181 372
181 377
181 402
181 407
182 182
182 184
182 200
182 373
182 378
182 403
182 408
183 183
183 185
183 201
183 377
183 382
183 407
183 412
184 184
184 186
184 203
184 378
184 383
184 408
184 413
185 185
185 187
185 204
185 382
185 387
185 412
185 417
186 186
186 188
186 206
186 383
186 388
186 413
186 418
187 187
187 207
187 387
187 417
187 425
187 426
188 188
188 209
188 388
188 418
188 432
188 433
189 189
189 190
189 192
189 210
189 362
189 389
189 390
189 391
189 393
190 190
190 191
190 193
190 362
190 389
190 390
191 191
191 194
191 211
191 362
191 390
191 392
191 394
192 192
192 193
192 195
192 212
192 389
192 390
192 391
192 393
192 395
192 396
192 397
192 399
193 193
193 194
193 196
193 389
193 390
193 395
193 396
194 194
194 197
194 213
194 390
194 392
194 394
194 396
194 398
194 400
195 195
195 196
195 198
195 214
195 395
195 396
195 397
195 399
195 401
195 402
195 404
196 196
196 197
196 199
196 395
196 396
196 401
197 197
197 200
197 215
197 396
197 398
197 400
197 401
197 403
197 405
198 198
198 199
198 201
198 216
198 401
198 402
198 404
198 406
198 407
198 409
199 199
199 200
199 202
199 401
199 406
200 200
200 203
200 217
200 401
200 403
200 405
200 406
200 408
200 410
201 201
201 202
201 204
201 218
201 406
201 407
201 409
201 411
201 412
201 414
202 202
202 203
202 205
202 406
202 411
203 203
203 206
203 219
203 406
203 408
203 410
203 411
203 413
203 415
204 204
204 205
204 207
204 220
204 411
204 412
204 414
204 416
204 417
204 419
205 205
205 206
205 208
205 411
205 416
206 206
206 209
206 221
206 411
206 413
206 415
206 416
206 418
206 420
207 207
207 208
207 222
207 416
207 417
207 419
207 426
208 208
208 209
208 416
209 209
209 223
209 416
209 418
209 420
209 433
210 210
210 212
210 393
211 211
211 213
211 394
212 212
212 214
212 393
212 399
213 213
213 215
213 394
213 400
214 214
214 216
214 399
214 404
215 215
215 217
215 400
215 405
216 216
216 218
216 404
216 409
217 217
217 219
217 405
217 410
218 218
218 220
218 409
218 414
219 219
219 221
219 410
219 415
220 220
220 222
220 414
220 419
221 221
221 223
221 415
221 420
222 222
222 419
222 426
223 223
223 420
223 433
224 224
224 225
224 226
224 228
224 230
224 231
224 232
225 225
225 226
225 227
225 228
225 229
225 230
225 231
225 232
226 226
226 228
226 233
227 227
227 229
227 234
228 228
228 230
228 235
228 259
229 229
229 230
229 236
229 260
230 230
230 257
230 258
230 259
230 260
230 263
231 231
231 232
231 233
231 235
231 237
232 232
232 233
232 234
232 235
232 236
232 237
233 233
233 235
233 238
234 234
234 236
234 239
235 235
235 240
235 266
236 236
236 241
236 267
237 237
237 238
237 239
237 240
237 241
237 242
238 238
238 240
238 243
239 239
239 241
239 244
240 240
240 245
240 271
241 241
241 246
241 272
242 242
242 243
242 244
242 245
242 246
242 247
243 243
243 245
243 248
244 244
244 246
244 249
245 245
245 250
245 276
246 246
246 251
246 277
247 247
247 248
247 249
247 250
247 251
247 252
248 248
248 250
248 253
249 249
249 251
249 254
250 250
250 255
250 281
251 251
251 256
251 282
252 252
252 253
252 254
252 255
252 256
252 427
252 428
252 429
252 430
252 431
252 432
252 433
253 253
253 255
253 421
253 422
253 423
253 424
253 425
253 426
253 427
253 428
253 429
253 430
253 431
253 432
253 433
254 254
254 256
254 427
255 255
255 286
255 421
255 422
255 423
255 424
255 425
255 426
256 256
256 287
256 428
256 429
256 430
256 431
256 432
256 433
257 257
257 258
257 259
257 261
257 263
257 264
257 265
258 258
258 259
258 260
258 261
258 262
258 263
258 264
258 265
259 259
259 261
259 266
260 260
260 262
260 267
261 261
261 263
261 268
261 292
262 262
262 263
262 269
262 293
263 263
263 290
263 291
263 292
263 293
263 296
264 264
264 265
264 266
264 268
264 270
265 265
265 266
265 267
265 268
265 269
265 270
266 266
266 268
266 271
267 267
267 269
267 272
268 268
268 273
268 299
269 269
269 274
269 300
270 270
270 271
270 272
270 273
270 274
270 275
271 271
271 273
271 276
272 272
272 274
272 277
273 273
273 278
273 304
274 274
274 279
274 305
275 275
275 276
275 277
275 278
275 279
275 280
276 276
276 278
276 281
277 277
277 279
277 282
278 278
278 283
278 309
279 279
279 284
279 310
280 280
280 281
280 282
280 283
280 284
280 285
281 281
281 283
281 286
282 282
282 284
282 287
283 283
283 288
283 314
284 284
284 289
284 315
285 285
285 286
285 287
285 288
285 289
286 286
286 288
286 422
286 423
286 424
286 425
286 426
287 287
287 289
287 429
287 430
287 431
287 432
287 433
288 288
288 319
288 422
288 423
288 424
288 425
288 426
289 289
289 320
289 429
289 430
289 431
289 432
289 433
290 290
290 291
290 292
290 294
290 296
290 297
290 298
291 291
291 292
291 293
291 294
291 295
291 296
291 297
291 298
292 292
292 294
292 299
293 293
293 295
293 300
294 294
294 296
294 301
294 325
295 295
295 296
295 302
295 326
296 296
296 323
296 324
296 325
296 326
296 329
297 297
297 298
297 299
297 301
297 303
298 298
298 299
298 300
298 301
298 302
298 303
299 299
299 301
299 304
300 300
300 302
300 305
301 301
301 306
301 332
302 302
302 307
302 333
303 303
303 304
303 305
303 306
303 307
303 308
304 304
304 306
304 309
305 305
305 307
305 310
306 306
306 311
306 337
307 307
307 312
307 338
308 308
308 309
308 310
308 311
308 312
308 313
309 309
309 311
309 314
310 310
310 312
310 315
311 311
311 316
311 342
312 312
312 317
312 343
313 313
313 314
313 315
313 316
313 317
313 318
314 314
314 316
314 319
315 315
315 317
315 320
316 316
316 321
316 347
317 317
317 322
317 348
318 318
318 319
318 320
318 321
318 322
319 319
319 321
319 423
319 424
319 425
319 426
320 320
320 322
320 430
320 431
320 432
320 433
321 321
321 352
321 423
321 424
321 425
321 426
322 322
322 353
322 430
322 431
322 432
322 433
323 323
323 324
323 325
323 327
323 329
323 330
323 331
324 324
324 325
324 326
324 327
324 328
324 329
324 330
324 331
325 325
325 327
325 332
326 326
326 328
326 333
327 327
327 329
327 334
327 358
328 328
328 329
328 335
328 359
329 329
329 356
329 357
329 358
329 359
329 362
330 330
330 331
330 332
330 334
330 336
331 331
331 332
331 333
331 334
331 335
331 336
332 332
332 334
332 337
333 333
333 335
333 338
334 334
334 339
334 365
335 335
335 340
335 366
336 336
336 337
336 338
336 339
336 340
336 341
337 337
337 339
337 342
338 338
338 340
338 343
339 339
339 344
339 370
340 340
340 345
340 371
341 341
341 342
341 343
341 344
341 345
341 346
342 342
342 344
342 347
343 343
343 345
343 348
344 344
344 349
344 375
345 345
345 350
345 376
346 346
346 347
346 348
346 349
346 350
346 351
347 347
347 349
347 352
348 348
348 350
348 353
349 349
349 354
349 380
350 350
350 355
350 381
351 351
351 352
351 353
351 354
351 355
352 352
352 354
352 424
352 425
352 426
353 353
353 355
353 431
353 432
353 433
354 354
354 385
354 424
354 425
354 426
355 355
355 386
355 431
355 432
355 433
356 356
356 357
356 358
356 360
356 362
356 363
356 364
357 357
357 358
357 359
357 360
357 361
357 362
357 363
357 364
358 358
358 360
358 365
359 359
359 361
359 366
360 360
360 362
360 367
360 391
361 361
361 362
361 368
361 392
362 362
362 389
362 390
362 391
362 392
363 363
363 364
363 365
363 367
363 369
364 364
364 365
364 366
364 367
364 368
364 369
365 365
365 367
365 370
366 366
366 368
366 371
367 367
367 372
367 397
368 368
368 373
368 398
369 369
369 370
369 371
369 372
369 373
369 374
370 370
370 372
370 375
371 371
371 373
371 376
372 372
372 377
372 402
373 373
373 378
373 403
374 374
374 375
374 376
374 377
374 378
374 379
375 375
375 377
375 380
376 376
376 378
376 381
377 377
377 382
377 407
378 378
378 383
378 408
379 379
379 380
379 381
379 382
379 383
379 384
380 380
380 382
380 385
381 381
381 383
381 386
382 382
382 387
382 412
383 383
383 388
383 413
384 384
384 385
384 386
384 387
384 388
385 385
385 387
385 425
385 426
386 386
386 388
386 432
386 433
387 387
387 417
387 425
387 426
388 388
388 418
388 432
388 433
389 389
389 390
389 391
389 393
389 395
389 396
390 390
390 391
390 392
390 393
390 394
390 395
390 396
391 391
391 393
391 397
392 392
392 394
392 398
393 393
393 399
394 394
394 400
395 395
395 396
395 397
395 399
395 401
396 396
396 397
396 398
396 399
396 400
396 401
397 397
397 399
397 402
398 398
398 400
398 403
399 399
399 404
400 400
400 405
401 401
401 402
401 403
401 404
401 405
401 406
402 402
402 404
402 407
403 403
403 405
403 408
404 404
404 409
405 405
405 410
406 406
406 407
406 408
406 409
406 410
406 411
407 407
407 409
407 412
408 408
408 410
408 413
409 409
409 414
410 410
410 415
411 411
411 412
411 413
411 414
411 415
411 416
412 412
412 414
412 417
413 413
413 415
413 418
414 414
414 419
415 415
415 420
416 416
416 417
416 418
416 419
416 420
417 417
417 419
417 426
418 418
418 420
418 433
419 419
419 426
420 420
420 433
421 421
421 422
421 423
421 424
421 425
421 426
421 427
421 428
421 429
421 430
421 431
421 432
421 433
422 422
422 423
422 424
422 425
422 426
422 427
422 428
422 429
422 430
422 431
422 432
422 433
423 423
423 424
423 425
423 426
423 427
423 428
423 429
423 430
423 431
423 432
423 433
424 424
424 425
424 426
424 427
424 428
424 429
424 430
424 431
424 432
424 433
425 425
425 426
425 427
425 428
425 429
425 430
425 431
425 432
425 433
426 426
426 427
426 428
426 429
426 430
426 431
426 432
426 433
427 427
427 428
427 429
427 430
427 431
427 432
427 433
428 428
428 429
428 430
428 431
428 432
428 433
429 429
429 430
429 431
429 432
429 433
430 430
430 431
430 432
430 433
431 431
431 432
431 433
432 432
432 433
433 433
