0 4
0 5
0 7
0 10
0 11
0 1
1 1
1 10
1 11
2 2
2 3
2 9
2 10
2 11
2 5
3 4
3 64
3 65
4 61
5 63
5 6
6 7
7 9
8 8
9 13
9 16
9 17
9 11
10 11
10 16
10 17
10 12
11 15
11 16
11 17
11 12
12 13
12 16
13 16
13 17
13 22
13 23
13 19
14 16
14 17
14 18
14 19
14 15
15 16
15 17
15 20
15 21
16 30
16 32
16 17
16 21
17 32
17 21
18 31
18 23
19 33
19 35
20 24
22 22
22 25
22 28
22 29
23 28
23 29
23 25
24 27
24 28
24 29
24 26
25 28
26 27
27 29
28 30
28 32
29 30
30 31
31 32
31 33
32 32
33 34
33 36
33 38
33 40
33 42
33 44
34 35
34 37
34 46
35 39
35 36
35 38
35 40
35 42
35 44
35 45
36 202
36 50
37 204
37 47
38 196
38 51
39 198
39 49
40 97
40 47
40 48
40 49
40 52
41 99
41 47
41 48
41 49
41 52
42 66
42 48
42 57
43 68
43 54
43 57
44 94
44 95
44 49
44 58
45 91
45 55
45 58
46 93
46 47
46 53
46 56
47 53
47 56
47 59
48 54
48 64
49 61
49 64
50 55
50 65
51 62
51 65
52 53
52 60
52 63
53 60
53 63
53 66
54 61
54 71
55 68
55 71
56 202
56 205
56 206
56 62
56 72
57 205
57 206
57 69
57 72
58 204
58 205
58 206
58 60
58 67
58 70
59 67
59 70
59 73
60 68
60 75
61 75
62 69
62 76
63 196
63 199
63 200
63 76
64 199
64 200
64 67
64 74
65 198
65 199
65 200
65 74
65 77
66 74
67 78
67 80
68 76
69 79
69 81
70 97
70 100
70 101
70 74
70 75
70 76
70 78
70 79
70 82
71 100
71 101
71 74
71 75
71 76
71 78
71 79
71 82
72 99
72 100
72 101
72 83
72 88
73 78
73 86
74 85
74 89
75 79
75 87
76 83
76 84
76 85
76 86
76 87
76 90
77 83
77 84
77 85
77 86
77 87
77 90
78 84
78 95
79 84
79 92
80 85
80 96
81 85
81 93
82 83
82 91
82 94
83 83
83 91
83 97
84 92
84 102
85 99
85 102
86 163
86 93
86 103
87 165
87 100
87 103
88 108
88 110
88 91
88 98
88 101
89 98
89 101
89 104
90 99
90 106
91 106
92 100
92 107
93 107
94 130
94 133
94 134
94 98
94 105
95 133
95 134
95 105
95 108
96 132
96 133
96 134
96 109
96 111
98 110
98 112
100 109
100 110
100 113
101 103
101 106
101 107
101 109
101 110
101 113
102 106
102 107
102 109
103 105
103 106
103 107
103 114
104 110
105 121
105 122
105 115
106 118
106 116
107 120
107 116
108 114
108 117
108 119
108 121
108 124
109 118
109 126
110 114
110 117
110 119
110 121
110 122
110 124
110 125
111 130
112 121
112 127
113 131
114 123
114 129
115 127
115 128
115 129
115 132
116 122
116 127
116 128
116 129
116 132
117 130
117 128
117 134
118 132
118 134
119 124
119 129
119 135
120 126
120 135
121 127
121 133
122 133
122 136
123 137
123 140
124 160
124 161
124 133
125 157
125 139
125 141
126 159
126 135
127 133
127 134
127 135
127 137
127 138
127 139
127 142
128 133
128 134
128 135
128 137
128 138
128 139
128 142
129 143
129 146
130 201
130 205
130 206
131 203
131 205
131 206
131 145
131 147
133 143
133 144
133 145
133 148
134 143
134 144
134 145
134 148
135 144
135 150
136 144
137 189
137 145
137 151
138 193
138 145
139 191
139 143
139 149
140 195
140 199
140 200
140 143
140 152
141 197
141 199
141 200
141 153
142 149
142 155
143 154
144 151
144 157
145 149
145 150
145 151
145 158
146 153
146 155
146 149
146 150
146 151
146 156
146 158
147 154
147 159
148 155
148 161
149 160
150 157
150 163
151 155
151 156
151 157
151 164
152 155
152 156
152 157
152 162
152 164
153 161
153 165
154 166
155 161
155 162
155 165
156 168
156 171
157 168
158 169
158 172
159 169
160 167
160 170
161 167
161 173
162 167
162 177
163 174
164 169
164 178
165 176
166 167
166 168
166 169
166 174
166 175
166 176
166 179
167 167
167 168
167 169
167 174
167 175
167 176
167 179
168 180
168 185
169 174
169 182
170 190
170 193
170 194
170 181
170 186
171 193
171 194
171 176
171 184
172 192
172 193
172 194
172 180
172 181
172 182
172 183
172 184
172 187
173 175
173 180
173 181
173 182
173 183
173 184
173 187
174 188
174 191
175 182
176 190
176 192
177 184
177 187
177 188
178 186
178 187
178 188
178 189
178 190
178 193
179 183
179 188
179 189
179 190
179 193
180 190
180 185
180 188
180 194
181 192
181 186
181 190
182 185
182 188
182 189
182 194
183 196
184 194
185 198
186 195
187 197
187 199
188 199
193 200
194 200
195 201
197 202
199 203
200 203
201 204
203 205
205 206
206 206
