0 0
0 8
0 56
1 1
2 2
2 52
3 3
4 4
4 8
4 13
4 54
4 56
4 61
5 5
5 55
6 6
6 8
6 56
7 7
7 57
8 56
9 9
9 13
9 18
9 59
9 61
9 66
10 10
10 60
11 11
11 13
11 61
12 12
12 62
13 61
14 14
14 18
14 23
14 64
14 66
14 71
15 15
15 65
16 16
16 18
16 66
17 17
17 67
18 66
19 19
19 23
19 28
19 69
19 71
19 76
20 20
20 70
21 21
21 23
21 71
22 22
22 72
23 71
24 24
24 28
24 33
24 74
24 76
24 81
25 25
25 75
26 26
26 28
26 76
27 27
27 77
28 76
29 29
29 33
29 38
29 79
29 81
29 86
30 30
30 80
31 31
31 33
31 81
32 32
32 82
33 81
34 34
34 38
34 43
34 84
34 86
34 91
35 35
35 85
36 36
36 38
36 86
37 37
37 87
38 86
39 39
39 43
39 48
39 89
39 91
39 96
40 40
40 90
41 41
41 43
41 91
42 42
42 92
43 91
44 44
44 48
44 96
45 45
46 46
46 48
46 96
47 47
48 96
49 49
49 99
50 50
50 54
50 56
50 58
50 106
51 51
51 55
52 52
52 56
53 53
53 57
54 54
54 55
54 56
54 57
54 58
54 59
54 61
54 63
54 104
54 106
54 111
55 55
55 60
55 105
56 56
56 58
56 61
56 106
57 57
57 62
57 107
58 106
59 59
59 60
59 61
59 62
59 63
59 64
59 66
59 68
59 109
59 111
59 116
60 60
60 65
60 110
61 61
61 63
61 66
61 111
62 62
62 67
62 112
63 111
64 64
64 65
64 66
64 67
64 68
64 69
64 71
64 73
64 114
64 116
64 121
65 65
65 70
65 115
66 66
66 68
66 71
66 116
67 67
67 72
67 117
68 116
69 69
69 70
69 71
69 72
69 73
69 74
69 76
69 78
69 119
69 121
69 126
70 70
70 75
70 120
71 71
71 73
71 76
71 121
72 72
72 77
72 122
73 121
74 74
74 75
74 76
74 77
74 78
74 79
74 81
74 83
74 124
74 126
74 131
75 75
75 80
75 125
76 76
76 78
76 81
76 126
77 77
77 82
77 127
78 126
79 79
79 80
79 81
79 82
79 83
79 84
79 86
79 88
79 129
79 131
79 136
80 80
80 85
80 130
81 81
81 83
81 86
81 131
82 82
82 87
82 132
83 131
84 84
84 85
84 86
84 87
84 88
84 89
84 91
84 93
84 134
84 136
84 141
85 85
85 90
85 135
86 86
86 88
86 91
86 136
87 87
87 92
87 137
88 136
89 89
89 90
89 91
89 92
89 93
89 96
89 98
89 139
89 141
89 146
89 94
90 90
90 140
90 95
91 91
91 93
91 96
91 141
92 92
92 142
92 97
93 141
94 94
94 96
94 98
94 146
95 95
96 96
96 98
96 99
96 146
97 97
98 146
99 99
100 100
100 104
100 106
100 108
100 156
101 101
101 105
102 102
102 106
103 103
103 107
104 104
104 105
104 106
104 107
104 108
104 109
104 111
104 113
104 154
104 156
104 161
105 105
105 110
105 155
106 106
106 108
106 111
106 156
107 107
107 112
107 157
108 156
109 109
109 110
109 111
109 112
109 113
109 114
109 116
109 118
109 159
109 161
109 166
110 110
110 115
110 160
111 111
111 113
111 116
111 161
112 112
112 117
112 162
113 161
114 114
114 115
114 116
114 117
114 118
114 119
114 121
114 123
114 164
114 166
114 171
115 115
115 120
115 165
116 116
116 118
116 121
116 166
117 117
117 122
117 167
118 166
119 119
119 120
119 121
119 122
119 123
119 124
119 126
119 128
119 169
119 171
119 176
120 120
120 125
120 170
121 121
121 123
121 126
121 171
122 122
122 127
122 172
123 171
124 124
124 125
124 126
124 127
124 128
124 129
124 131
124 133
124 174
124 176
124 181
125 125
125 130
125 175
126 126
126 128
126 131
126 176
127 127
127 132
127 177
128 176
129 129
129 130
129 131
129 132
129 133
129 134
129 136
129 138
129 179
129 181
129 186
130 130
130 135
130 180
131 131
131 133
131 136
131 181
132 132
132 137
132 182
133 181
134 134
134 135
134 136
134 137
134 138
134 139
134 141
134 143
134 184
134 186
134 191
135 135
135 140
135 185
136 136
136 138
136 141
136 186
137 137
137 142
137 187
138 186
139 139
139 140
139 141
139 142
139 143
139 146
139 148
139 189
139 191
139 196
139 144
140 140
140 190
140 145
141 141
141 143
141 146
141 191
142 142
142 192
142 147
143 191
144 144
144 146
144 148
144 196
145 145
146 146
146 148
146 149
146 196
147 147
148 196
149 149
150 150
150 154
150 156
150 158
150 206
151 151
151 155
152 152
152 156
153 153
153 157
154 154
154 155
154 156
154 157
154 158
154 159
154 161
154 163
154 204
154 206
154 211
155 155
155 160
155 205
156 156
156 158
156 161
156 206
157 157
157 162
157 207
158 206
159 159
159 160
159 161
159 162
159 163
159 164
159 166
159 168
159 209
159 211
159 216
160 160
160 165
160 210
161 161
161 163
161 166
161 211
162 162
162 167
162 212
163 211
164 164
164 165
164 166
164 167
164 168
164 169
164 171
164 173
164 214
164 216
164 221
165 165
165 170
165 215
166 166
166 168
166 171
166 216
167 167
167 172
167 217
168 216
169 169
169 170
169 171
169 172
169 173
169 174
169 176
169 178
169 219
169 221
169 226
170 170
170 175
170 220
171 171
171 173
171 176
171 221
172 172
172 177
172 222
173 221
174 174
174 175
174 176
174 177
174 178
174 179
174 181
174 183
174 224
174 226
174 231
175 175
175 180
175 225
176 176
176 178
176 181
176 226
177 177
177 182
177 227
178 226
179 179
179 180
179 181
179 182
179 183
179 184
179 186
179 188
179 229
179 231
179 236
180 180
180 185
180 230
181 181
181 183
181 186
181 231
182 182
182 187
182 232
183 231
184 184
184 185
184 186
184 187
184 188
184 189
184 191
184 193
184 234
184 236
184 241
185 185
185 190
185 235
186 186
186 188
186 191
186 236
187 187
187 192
187 237
188 236
189 189
189 190
189 191
189 192
189 193
189 196
189 198
189 239
189 241
189 246
189 194
190 190
190 240
190 195
191 191
191 193
191 196
191 241
192 192
192 242
192 197
193 241
194 194
194 196
194 198
194 246
195 195
196 196
196 198
196 199
196 246
197 197
198 246
199 199
200 200
200 204
200 206
200 208
200 256
201 201
201 205
202 202
202 206
203 203
203 207
204 204
204 205
204 206
204 207
204 208
204 209
204 211
204 213
204 254
204 256
204 261
205 205
205 210
205 255
206 206
206 208
206 211
206 256
207 207
207 212
207 257
208 256
209 209
209 210
209 211
209 212
209 213
209 214
209 216
209 218
209 259
209 261
209 266
210 210
210 215
210 260
211 211
211 213
211 216
211 261
212 212
212 217
212 262
213 261
214 214
214 215
214 216
214 217
214 218
214 219
214 221
214 223
214 264
214 266
214 271
215 215
215 220
215 265
216 216
216 218
216 221
216 266
217 217
217 222
217 267
218 266
219 219
219 220
219 221
219 222
219 223
219 224
219 226
219 228
219 269
219 271
219 276
220 220
220 225
220 270
221 221
221 223
221 226
221 271
222 222
222 227
222 272
223 271
224 224
224 225
224 226
224 227
224 228
224 229
224 231
224 233
224 274
224 276
224 281
225 225
225 230
225 275
226 226
226 228
226 231
226 276
227 227
227 232
227 277
228 276
229 229
229 230
229 231
229 232
229 233
229 234
229 236
229 238
229 279
229 281
229 286
230 230
230 235
230 280
231 231
231 233
231 236
231 281
232 232
232 237
232 282
233 281
234 234
234 235
234 236
234 237
234 238
234 239
234 241
234 243
234 284
234 286
234 291
235 235
235 240
235 285
236 236
236 238
236 241
236 286
237 237
237 242
237 287
238 286
239 239
239 240
239 241
239 242
239 243
239 246
239 248
239 289
239 291
239 296
239 244
240 240
240 290
240 245
241 241
241 243
241 246
241 291
242 242
242 292
242 247
243 291
244 244
244 246
244 248
244 296
245 245
246 246
246 248
246 249
246 296
247 247
248 296
249 249
250 250
250 254
250 256
250 258
250 306
251 251
251 255
252 252
252 256
253 253
253 257
254 254
254 255
254 256
254 257
254 258
254 259
254 261
254 263
254 304
254 306
254 311
255 255
255 260
255 305
256 256
256 258
256 261
256 306
257 257
257 262
257 307
258 306
259 259
259 260
259 261
259 262
259 263
259 264
259 266
259 268
259 309
259 311
259 316
260 260
260 265
260 310
261 261
261 263
261 266
261 311
262 262
262 267
262 312
263 311
264 264
264 265
264 266
264 267
264 268
264 269
264 271
264 273
264 314
264 316
264 321
265 265
265 270
265 315
266 266
266 268
266 271
266 316
267 267
267 272
267 317
268 316
269 269
269 270
269 271
269 272
269 273
269 274
269 276
269 278
269 319
269 321
269 326
270 270
270 275
270 320
271 271
271 273
271 276
271 321
272 272
272 277
272 322
273 321
274 274
274 275
274 276
274 277
274 278
274 279
274 281
274 283
274 324
274 326
274 331
275 275
275 280
275 325
276 276
276 278
276 281
276 326
277 277
277 282
277 327
278 326
279 279
279 280
279 281
279 282
279 283
279 284
279 286
279 288
279 329
279 331
279 336
280 280
280 285
280 330
281 281
281 283
281 286
281 331
282 282
282 287
282 332
283 331
284 284
284 285
284 286
284 287
284 288
284 289
284 291
284 293
284 334
284 336
284 341
285 285
285 290
285 335
286 286
286 288
286 291
286 336
287 287
287 292
287 337
288 336
289 289
289 290
289 291
289 292
289 293
289 296
289 298
289 339
289 341
289 346
289 294
290 290
290 340
290 295
291 291
291 293
291 296
291 341
292 292
292 342
292 297
293 341
294 294
294 296
294 298
294 346
295 295
296 296
296 298
296 299
296 346
297 297
298 346
299 299
300 300
300 304
300 306
300 308
300 356
301 301
301 305
302 302
302 306
303 303
303 307
304 304
304 305
304 306
304 307
304 308
304 309
304 311
304 313
304 354
304 356
304 361
305 305
305 310
305 355
306 306
306 308
306 311
306 356
307 307
307 312
307 357
308 356
309 309
309 310
309 311
309 312
309 313
309 314
309 316
309 318
309 359
309 361
309 366
310 310
310 315
310 360
311 311
311 313
311 316
311 361
312 312
312 317
312 362
313 361
314 314
314 315
314 316
314 317
314 318
314 319
314 321
314 323
314 364
314 366
314 371
315 315
315 320
315 365
316 316
316 318
316 321
316 366
317 317
317 322
317 367
318 366
319 319
319 320
319 321
319 322
319 323
319 324
319 326
319 328
319 369
319 371
319 376
320 320
320 325
320 370
321 321
321 323
321 326
321 371
322 322
322 327
322 372
323 371
324 324
324 325
324 326
324 327
324 328
324 329
324 331
324 333
324 374
324 376
324 381
325 325
325 330
325 375
326 326
326 328
326 331
326 376
327 327
327 332
327 377
328 376
329 329
329 330
329 331
329 332
329 333
329 334
329 336
329 338
329 379
329 381
329 386
330 330
330 335
330 380
331 331
331 333
331 336
331 381
332 332
332 337
332 382
333 381
334 334
334 335
334 336
334 337
334 338
334 339
334 341
334 343
334 384
334 386
334 391
335 335
335 340
335 385
336 336
336 338
336 341
336 386
337 337
337 342
337 387
338 386
339 339
339 340
339 341
339 342
339 343
339 346
339 348
339 389
339 391
339 396
339 344
340 340
340 390
340 345
341 341
341 343
341 346
341 391
342 342
342 392
342 347
343 391
344 344
344 346
344 348
344 396
345 345
346 346
346 348
346 349
346 396
347 347
348 396
349 349
350 350
350 354
350 356
350 358
350 406
351 351
351 355
352 352
352 356
353 353
353 357
354 354
354 355
354 356
354 357
354 358
354 359
354 361
354 363
354 404
354 406
354 411
355 355
355 360
355 405
356 356
356 358
356 361
356 406
357 357
357 362
357 407
358 406
359 359
359 360
359 361
359 362
359 363
359 364
359 366
359 368
359 409
359 411
359 416
360 360
360 365
360 410
361 361
361 363
361 366
361 411
362 362
362 367
362 412
363 411
364 364
364 365
364 366
364 367
364 368
364 369
364 371
364 373
364 414
364 416
364 421
365 365
365 370
365 415
366 366
366 368
366 371
366 416
367 367
367 372
367 417
368 416
369 369
369 370
369 371
369 372
369 373
369 374
369 376
369 378
369 419
369 421
369 426
370 370
370 375
370 420
371 371
371 373
371 376
371 421
372 372
372 377
372 422
373 421
374 374
374 375
374 376
374 377
374 378
374 379
374 381
374 383
374 424
374 426
374 431
375 375
375 380
375 425
376 376
376 378
376 381
376 426
377 377
377 382
377 427
378 426
379 379
379 380
379 381
379 382
379 383
379 384
379 386
379 388
379 429
379 431
379 436
380 380
380 385
380 430
381 381
381 383
381 386
381 431
382 382
382 387
382 432
383 431
384 384
384 385
384 386
384 387
384 388
384 389
384 391
384 393
384 434
384 436
384 441
385 385
385 390
385 435
386 386
386 388
386 391
386 436
387 387
387 392
387 437
388 436
389 389
389 390
389 391
389 392
389 393
389 396
389 398
389 439
389 441
389 446
389 394
390 390
390 440
390 395
391 391
391 393
391 396
391 441
392 392
392 442
392 397
393 441
394 394
394 396
394 398
394 446
395 395
396 396
396 398
396 399
396 446
397 397
398 446
399 399
400 400
400 404
400 406
400 408
400 456
401 401
401 405
402 402
402 406
403 403
403 407
404 404
404 405
404 406
404 407
404 408
404 409
404 411
404 413
404 456
404 461
404 454
405 405
405 410
405 455
406 406
406 408
406 411
406 456
407 407
407 412
407 457
408 456
409 409
409 410
409 411
409 412
409 413
409 414
409 416
409 418
409 461
409 466
409 459
410 410
410 415
410 460
411 411
411 413
411 416
411 461
412 412
412 417
412 462
413 461
414 414
414 415
414 416
414 417
414 418
414 419
414 421
414 423
414 466
414 471
414 464
415 415
415 420
415 465
416 416
416 418
416 421
416 466
417 417
417 422
417 467
418 466
419 419
419 420
419 421
419 422
419 423
419 424
419 426
419 428
419 471
419 476
419 469
420 420
420 425
420 470
421 421
421 423
421 426
421 471
422 422
422 427
422 472
423 471
424 424
424 425
424 426
424 427
424 428
424 429
424 431
424 433
424 476
424 481
424 474
425 425
425 430
425 475
426 426
426 428
426 431
426 476
427 427
427 432
427 477
428 476
429 429
429 430
429 431
429 432
429 433
429 434
429 436
429 438
429 481
429 486
429 479
430 430
430 435
430 480
431 431
431 433
431 436
431 481
432 432
432 437
432 482
433 481
434 434
434 435
434 436
434 437
434 438
434 439
434 441
434 443
434 486
434 491
434 484
435 435
435 440
435 485
436 436
436 438
436 441
436 486
437 437
437 442
437 487
438 486
439 439
439 440
439 441
439 442
439 443
439 446
439 448
439 491
439 496
439 444
439 489
440 440
440 445
440 490
441 441
441 443
441 446
441 491
442 442
442 447
442 492
443 491
444 444
444 446
444 448
444 496
445 445
446 446
446 448
446 449
446 496
447 447
448 496
449 449
450 450
450 456
450 458
451 451
452 452
452 456
452 500
453 453
454 454
454 456
454 458
454 461
454 463
455 455
456 456
456 458
456 461
456 501
457 457
458 501
459 459
459 461
459 463
459 466
459 468
460 460
461 461
461 463
461 466
461 502
462 462
463 502
464 464
464 466
464 468
464 471
464 473
465 465
466 466
466 468
466 471
466 503
467 467
468 503
469 469
469 471
469 473
469 476
469 478
470 470
471 471
471 473
471 476
471 504
472 472
473 504
474 474
474 476
474 478
474 481
474 483
475 475
476 476
476 478
476 481
476 505
477 477
478 505
479 479
479 481
479 483
479 486
479 488
480 480
481 481
481 483
481 486
481 506
482 482
483 506
484 484
484 486
484 488
484 491
484 493
485 485
486 486
486 488
486 491
486 507
487 487
488 507
489 489
489 491
489 493
489 496
490 490
491 491
491 493
491 496
491 508
492 492
493 508
494 494
494 496
495 495
496 496
496 499
496 509
496 498
497 497
498 498
499 499
499 510
500 500
501 501
502 502
503 503
504 504
505 505
506 506
507 507
508 508
509 509
510 510
