0 0
0 1
0 14
0 355
0 356
0 366
0 379
1 1
1 2
1 14
1 15
1 379
1 390
2 2
2 3
2 15
2 16
2 390
2 393
3 3
3 4
3 16
3 17
3 393
3 395
4 4
4 5
4 6
4 17
4 389
4 395
5 5
5 6
5 389
6 6
6 7
6 17
7 7
7 8
7 17
7 19
8 8
8 9
8 19
8 20
9 9
9 10
9 11
9 20
10 10
10 11
10 396
11 11
11 12
11 20
11 396
11 405
12 12
12 13
12 18
12 20
12 404
12 405
13 13
13 14
13 15
13 18
13 402
13 404
14 14
14 15
14 366
14 402
15 15
15 16
15 18
16 16
16 17
16 18
16 19
17 17
17 19
18 18
18 19
18 20
19 19
19 20
20 20
21 21
21 22
21 35
21 230
22 22
22 23
22 35
22 36
23 23
23 24
23 36
23 37
24 24
24 25
24 37
24 38
25 25
25 26
25 27
25 38
26 26
26 27
26 42
26 57
26 72
27 27
27 28
27 38
27 42
27 51
28 28
28 29
28 38
28 40
28 51
28 54
29 29
29 30
29 40
29 41
29 54
29 56
30 30
30 31
30 32
30 41
30 50
30 56
31 31
31 32
31 50
31 200
31 215
31 222
32 32
32 33
32 41
32 222
32 233
33 33
33 34
33 39
33 41
33 232
33 233
34 34
34 35
34 36
34 39
34 231
34 232
35 35
35 36
35 230
35 231
36 36
36 37
36 39
37 37
37 38
37 39
37 40
38 38
38 40
39 39
39 40
39 41
40 40
40 41
41 41
42 42
42 43
42 51
42 57
42 66
43 43
43 44
43 51
43 52
43 66
43 69
44 44
44 45
44 52
44 53
44 69
44 71
45 45
45 46
45 47
45 53
45 65
45 71
46 46
46 47
46 65
46 135
46 175
46 190
47 47
47 48
47 53
47 190
47 203
48 48
48 49
48 53
48 55
48 202
48 203
49 49
49 50
49 55
49 56
49 201
49 202
50 50
50 56
50 200
50 201
51 51
51 52
51 54
52 52
52 53
52 54
52 55
53 53
53 55
54 54
54 55
54 56
55 55
55 56
56 56
57 57
57 58
57 66
57 72
57 81
58 58
58 59
58 66
58 67
58 81
58 84
59 59
59 60
59 67
59 68
59 84
59 86
60 60
60 61
60 62
60 68
60 80
60 86
61 61
61 62
61 80
61 95
61 110
61 125
62 62
62 63
62 68
62 125
62 136
63 63
63 64
63 68
63 70
63 136
63 139
64 64
64 65
64 70
64 71
64 139
64 141
65 65
65 71
65 135
65 141
66 66
66 67
66 69
67 67
67 68
67 69
67 70
68 68
68 70
69 69
69 70
69 71
70 70
70 71
71 71
72 72
72 73
72 81
73 73
73 74
73 81
73 82
74 74
74 75
74 82
74 83
75 75
75 76
75 77
75 83
76 76
76 77
76 87
77 77
77 78
77 83
77 87
77 96
78 78
78 79
78 83
78 85
78 96
78 99
79 79
79 80
79 85
79 86
79 99
79 101
80 80
80 86
80 95
80 101
81 81
81 82
81 84
82 82
82 83
82 84
82 85
83 83
83 85
84 84
84 85
84 86
85 85
85 86
86 86
87 87
87 88
87 96
88 88
88 89
88 96
88 97
89 89
89 90
89 97
89 98
90 90
90 91
90 92
90 98
91 91
91 92
91 102
92 92
92 93
92 98
92 102
92 113
93 93
93 94
93 98
93 100
93 112
93 113
94 94
94 95
94 100
94 101
94 111
94 112
95 95
95 101
95 110
95 111
96 96
96 97
96 99
97 97
97 98
97 99
97 100
98 98
98 100
99 99
99 100
99 101
100 100
100 101
101 101
102 102
102 103
102 113
103 103
103 104
103 113
103 115
104 104
104 105
104 115
104 116
105 105
105 106
105 107
105 116
106 106
106 107
106 117
106 142
107 107
107 108
107 116
107 117
107 128
108 108
108 109
108 114
108 116
108 127
108 128
109 109
109 110
109 111
109 114
109 126
109 127
110 110
110 111
110 125
110 126
111 111
111 112
111 114
112 112
112 113
112 114
112 115
113 113
113 115
114 114
114 115
114 116
115 115
115 116
116 116
117 117
117 118
117 128
117 142
117 153
118 118
118 119
118 128
118 130
118 152
118 153
119 119
119 120
119 130
119 131
119 151
119 152
120 120
120 121
120 122
120 131
120 150
120 151
121 121
121 122
121 132
121 150
121 165
122 122
122 123
122 131
122 132
122 138
123 123
123 124
123 129
123 131
123 137
123 138
124 124
124 125
124 126
124 129
124 136
124 137
125 125
125 126
125 136
126 126
126 127
126 129
127 127
127 128
127 129
127 130
128 128
128 130
129 129
129 130
129 131
130 130
130 131
131 131
132 132
132 133
132 138
132 165
132 178
133 133
133 134
133 138
133 140
133 177
133 178
134 134
134 135
134 140
134 141
134 176
134 177
135 135
135 141
135 175
135 176
136 136
136 137
136 139
137 137
137 138
137 139
137 140
138 138
138 140
139 139
139 140
139 141
140 140
140 141
141 141
142 142
142 143
142 153
143 143
143 144
143 153
143 155
144 144
144 145
144 155
144 156
145 145
145 146
145 147
145 156
146 146
146 147
146 157
146 287
147 147
147 148
147 156
147 157
147 168
148 148
148 149
148 154
148 156
148 167
148 168
149 149
149 150
149 151
149 154
149 166
149 167
150 150
150 151
150 165
150 166
151 151
151 152
151 154
152 152
152 153
152 154
152 155
153 153
153 155
154 154
154 155
154 156
155 155
155 156
156 156
157 157
157 158
157 168
157 287
157 293
158 158
158 159
158 168
158 170
158 292
158 293
159 159
159 160
159 170
159 171
159 291
159 292
160 160
160 161
160 162
160 171
160 272
160 291
161 161
161 162
161 172
161 182
161 262
161 272
162 162
162 163
162 171
162 172
162 181
163 163
163 164
163 169
163 171
163 180
163 181
164 164
164 165
164 166
164 169
164 178
164 180
165 165
165 166
165 178
166 166
166 167
166 169
167 167
167 168
167 169
167 170
168 168
168 170
169 169
169 170
169 171
170 170
170 171
171 171
172 172
172 173
172 181
172 182
172 193
173 173
173 174
173 179
173 181
173 192
173 193
174 174
174 175
174 176
174 179
174 191
174 192
175 175
175 176
175 190
175 191
176 176
176 177
176 179
177 177
177 178
177 179
177 180
178 178
178 180
179 179
179 180
179 181
180 180
180 181
181 181
182 182
182 183
182 193
182 262
182 268
183 183
183 184
183 193
183 195
183 267
183 268
184 184
184 185
184 195
184 196
184 266
184 267
185 185
185 186
185 187
185 196
185 247
185 266
186 186
186 187
186 197
186 207
186 247
187 187
187 188
187 196
187 197
187 206
188 188
188 189
188 194
188 196
188 205
188 206
189 189
189 190
189 191
189 194
189 203
189 205
190 190
190 191
190 203
191 191
191 192
191 194
192 192
192 193
192 194
192 195
193 193
193 195
194 194
194 195
194 196
195 195
195 196
196 196
197 197
197 198
197 206
197 207
197 218
198 198
198 199
198 204
198 206
198 217
198 218
199 199
199 200
199 201
199 204
199 216
199 217
200 200
200 201
200 215
200 216
201 201
201 202
201 204
202 202
202 203
202 204
202 205
203 203
203 205
204 204
204 205
204 206
205 205
205 206
206 206
207 207
207 208
207 218
207 247
207 256
208 208
208 209
208 218
208 220
208 256
208 259
209 209
209 210
209 220
209 221
209 259
209 261
210 210
210 211
210 212
210 221
210 255
210 261
211 211
211 212
211 237
211 255
211 330
211 359
212 212
212 213
212 221
212 237
212 243
213 213
213 214
213 219
213 221
213 242
213 243
214 214
214 215
214 216
214 219
214 241
214 242
215 215
215 216
215 222
215 241
216 216
216 217
216 219
217 217
217 218
217 219
217 220
218 218
218 220
219 219
219 220
219 221
220 220
220 221
221 221
222 222
222 223
222 233
222 241
223 223
223 224
223 233
223 235
223 241
223 244
224 224
224 225
224 235
224 236
224 244
224 246
225 225
225 226
225 227
225 236
225 240
225 246
226 226
226 227
226 240
226 369
226 399
227 227
227 228
227 236
228 228
228 229
228 234
228 236
229 229
229 230
229 231
229 234
230 230
230 231
231 231
231 232
231 234
232 232
232 233
232 234
232 235
233 233
233 235
234 234
234 235
234 236
235 235
235 236
236 236
237 237
237 238
237 243
237 359
237 372
238 238
238 239
238 243
238 245
238 371
238 372
239 239
239 240
239 245
239 246
239 370
239 371
240 240
240 246
240 369
240 370
241 241
241 242
241 244
242 242
242 243
242 244
242 245
243 243
243 245
244 244
244 245
244 246
245 245
245 246
246 246
247 247
247 248
247 256
247 266
248 248
248 249
248 256
248 257
248 266
248 269
249 249
249 250
249 257
249 258
249 269
249 271
250 250
250 251
250 252
250 258
250 265
250 271
251 251
251 252
251 265
251 280
251 305
251 320
252 252
252 253
252 258
252 320
252 333
253 253
253 254
253 258
253 260
253 332
253 333
254 254
254 255
254 260
254 261
254 331
254 332
255 255
255 261
255 330
255 331
256 256
256 257
256 259
257 257
257 258
257 259
257 260
258 258
258 260
259 259
259 260
259 261
260 260
260 261
261 261
262 262
262 263
262 268
262 272
262 281
263 263
263 264
263 268
263 270
263 281
263 284
264 264
264 265
264 270
264 271
264 284
264 286
265 265
265 271
265 280
265 286
266 266
266 267
266 269
267 267
267 268
267 269
267 270
268 268
268 270
269 269
269 270
269 271
270 270
270 271
271 271
272 272
272 273
272 281
272 291
273 273
273 274
273 281
273 282
273 291
273 294
274 274
274 275
274 282
274 283
274 294
274 296
275 275
275 276
275 277
275 283
275 290
275 296
276 276
276 277
276 290
276 297
277 277
277 278
277 283
277 297
277 308
278 278
278 279
278 283
278 285
278 307
278 308
279 279
279 280
279 285
279 286
279 306
279 307
280 280
280 286
280 305
280 306
281 281
281 282
281 284
282 282
282 283
282 284
282 285
283 283
283 285
284 284
284 285
284 286
285 285
285 286
286 286
287 287
287 288
287 293
288 288
288 289
288 293
288 295
289 289
289 290
289 295
289 296
290 290
290 296
291 291
291 292
291 294
292 292
292 293
292 294
292 295
293 293
293 295
294 294
294 295
294 296
295 295
295 296
296 296
297 297
297 298
297 308
298 298
298 299
298 308
298 310
299 299
299 300
299 310
299 311
300 300
300 301
300 302
300 311
301 301
301 302
301 312
301 337
302 302
302 303
302 311
302 312
302 323
303 303
303 304
303 309
303 311
303 322
303 323
304 304
304 305
304 306
304 309
304 321
304 322
305 305
305 306
305 320
305 321
306 306
306 307
306 309
307 307
307 308
307 309
307 310
308 308
308 310
309 309
309 310
309 311
310 310
310 311
311 311
312 312
312 313
312 323
312 337
312 348
313 313
313 314
313 323
313 325
313 347
313 348
314 314
314 315
314 325
314 326
314 346
314 347
315 315
315 316
315 317
315 326
315 345
315 346
316 316
316 317
316 327
316 345
316 352
317 317
317 318
317 326
317 327
317 336
318 318
318 319
318 324
318 326
318 335
318 336
319 319
319 320
319 321
319 324
319 333
319 335
320 320
320 321
320 333
321 321
321 322
321 324
322 322
322 323
322 324
322 325
323 323
323 325
324 324
324 325
324 326
325 325
325 326
326 326
327 327
327 328
327 336
327 352
327 362
328 328
328 329
328 334
328 336
328 361
328 362
329 329
329 330
329 331
329 334
329 360
329 361
330 330
330 331
330 359
330 360
331 331
331 332
331 334
332 332
332 333
332 334
332 335
333 333
333 335
334 334
334 335
334 336
335 335
335 336
336 336
337 337
337 338
337 348
338 338
338 339
338 348
338 350
339 339
339 340
339 350
339 351
340 340
340 341
340 342
340 351
341 341
341 342
341 376
341 386
342 342
342 343
342 351
342 376
342 382
343 343
343 344
343 349
343 351
343 381
343 382
344 344
344 345
344 346
344 349
344 380
344 381
345 345
345 346
345 352
345 380
346 346
346 347
346 349
347 347
347 348
347 349
347 350
348 348
348 350
349 349
349 350
349 351
350 350
350 351
351 351
352 352
352 353
352 362
352 380
353 353
353 354
353 362
353 364
353 380
353 383
354 354
354 355
354 364
354 365
354 383
354 385
355 355
355 356
355 365
355 379
355 385
356 356
356 357
356 365
356 366
356 375
357 357
357 358
357 363
357 365
357 374
357 375
358 358
358 359
358 360
358 363
358 372
358 374
359 359
359 360
359 372
360 360
360 361
360 363
361 361
361 362
361 363
361 364
362 362
362 364
363 363
363 364
363 365
364 364
364 365
365 365
366 366
366 367
366 375
366 402
367 367
367 368
367 373
367 375
367 401
367 402
368 368
368 369
368 370
368 373
368 400
368 401
369 369
369 370
369 399
369 400
370 370
370 371
370 373
371 371
371 372
371 373
371 374
372 372
372 374
373 373
373 374
373 375
374 374
374 375
375 375
376 376
376 377
376 382
376 386
376 392
377 377
377 378
377 382
377 384
377 391
377 392
378 378
378 379
378 384
378 385
378 390
378 391
379 379
379 385
379 390
380 380
380 381
380 383
381 381
381 382
381 383
381 384
382 382
382 384
383 383
383 384
383 385
384 384
384 385
385 385
386 386
386 387
386 392
387 387
387 388
387 392
387 394
388 388
388 389
388 394
388 395
389 389
389 395
390 390
390 391
390 393
391 391
391 392
391 393
391 394
392 392
392 394
393 393
393 394
393 395
394 394
394 395
395 395
396 396
396 397
396 405
397 397
397 398
397 403
397 405
398 398
398 399
398 400
398 403
399 399
399 400
400 400
400 401
400 403
401 401
401 402
401 403
401 404
402 402
402 404
403 403
403 404
403 405
404 404
404 405
405 405
