0 0
0 1
0 2
0 3
1 1
1 2
1 3
2 2
2 3
3 3
4 4
4 5
4 6
4 7
5 5
5 6
5 7
6 6
6 7
7 7
8 8
8 9
8 10
8 11
9 9
9 10
9 11
10 10
10 11
11 11
12 12
12 13
12 14
12 15
12 18
13 13
13 14
13 15
14 14
14 15
14 18
15 15
16 16
16 17
16 18
16 19
16 22
16 26
17 17
17 18
17 19
18 18
18 19
18 22
18 26
18 28
18 30
18 32
18 34
19 19
20 20
20 21
20 22
20 23
20 26
20 30
21 21
21 22
21 23
22 22
22 23
22 26
22 30
22 28
22 32
22 34
22 36
22 38
23 23
24 24
24 25
24 26
24 27
24 30
24 34
25 25
25 26
25 27
26 26
26 27
26 30
26 34
26 28
26 32
26 36
26 38
26 40
26 42
27 27
28 28
28 29
28 30
28 31
28 34
28 38
29 29
29 30
29 31
30 30
30 31
30 34
30 38
30 32
30 36
30 40
30 42
30 44
30 46
31 31
32 32
32 33
32 34
32 35
32 38
32 42
33 33
33 34
33 35
34 34
34 35
34 38
34 42
34 36
34 40
34 44
34 46
34 48
34 50
34 52
34 54
34 56
34 58
34 60
34 62
35 35
36 36
36 37
36 38
36 39
36 42
36 46
36 50
37 37
37 38
37 39
37 45
37 46
38 38
38 39
38 42
38 45
38 46
38 50
38 40
38 44
38 48
38 52
38 54
38 56
38 58
38 60
38 62
38 64
38 66
38 68
38 70
38 88
38 90
38 92
38 94
39 39
40 40
40 41
40 42
40 43
40 46
40 50
40 54
40 58
40 62
40 66
40 70
40 74
41 41
41 42
41 43
41 45
41 46
41 49
41 50
42 42
42 43
42 45
42 46
42 49
42 50
42 54
42 58
42 62
42 66
42 70
42 74
42 44
42 48
42 52
42 56
42 64
42 68
42 72
42 76
42 78
42 88
42 90
42 92
42 94
42 96
42 98
42 100
42 102
43 43
44 44
44 45
44 46
44 47
44 50
44 54
44 58
44 62
44 66
44 70
44 74
44 78
44 82
45 45
45 46
45 47
45 49
45 50
45 53
45 54
45 57
45 58
45 61
45 62
46 46
46 47
46 49
46 50
46 53
46 54
46 58
46 62
46 66
46 70
46 74
46 78
46 82
46 48
46 52
46 56
46 57
46 60
46 61
46 68
46 72
46 80
46 84
46 86
46 88
46 90
46 92
46 94
46 96
46 98
46 100
46 102
46 104
46 106
47 47
48 48
48 49
48 50
48 51
48 54
48 58
48 62
48 66
48 70
48 74
48 78
48 82
48 86
48 90
49 49
49 50
49 51
49 53
49 54
49 57
49 58
49 61
49 62
49 65
49 66
49 69
49 70
50 50
50 51
50 53
50 54
50 57
50 58
50 61
50 62
50 66
50 70
50 74
50 78
50 82
50 86
50 90
50 52
50 56
50 60
50 64
50 65
50 69
50 76
50 80
50 84
50 88
50 92
50 94
50 96
50 98
50 100
50 102
50 104
50 106
51 51
52 52
52 53
52 54
52 55
52 58
52 62
52 66
52 70
52 74
52 78
52 82
52 86
52 90
52 94
53 53
53 54
53 55
53 57
53 58
53 61
53 62
53 65
53 66
53 69
53 70
53 81
53 82
53 85
53 86
53 89
53 90
53 109
53 110
53 113
53 114
54 54
54 55
54 57
54 58
54 61
54 62
54 65
54 66
54 69
54 70
54 74
54 78
54 81
54 82
54 86
54 90
54 94
54 56
54 60
54 64
54 68
54 72
54 76
54 85
54 88
54 89
54 92
54 96
54 98
54 100
54 102
54 104
54 106
54 108
54 109
54 110
54 113
54 114
55 55
56 56
56 57
56 58
56 59
56 62
56 66
56 70
56 74
56 78
56 82
56 86
56 90
56 94
57 57
57 58
57 59
57 61
57 62
57 65
57 66
57 69
57 70
57 73
57 74
57 77
57 78
57 81
57 82
57 85
57 86
57 89
57 90
57 93
57 94
57 97
57 98
57 109
57 110
57 113
57 114
58 58
58 59
58 61
58 62
58 65
58 66
58 69
58 70
58 73
58 74
58 77
58 78
58 81
58 82
58 85
58 86
58 89
58 90
58 94
58 60
58 64
58 68
58 72
58 84
58 88
58 92
58 93
58 96
58 97
58 98
58 100
58 102
58 104
58 106
58 108
58 109
58 110
58 113
58 114
59 59
60 60
60 61
60 62
60 63
60 66
60 70
60 74
60 78
60 82
60 86
60 90
60 94
60 98
61 61
61 62
61 63
61 65
61 66
61 69
61 70
61 73
61 74
61 77
61 78
61 81
61 82
61 85
61 86
61 89
61 90
61 93
61 94
61 97
61 98
61 101
61 102
61 109
61 110
61 113
61 114
61 117
61 118
61 121
61 122
62 62
62 63
62 65
62 66
62 69
62 70
62 73
62 74
62 77
62 78
62 81
62 82
62 85
62 86
62 89
62 90
62 93
62 94
62 98
62 64
62 68
62 72
62 88
62 92
62 96
62 97
62 100
62 101
62 102
62 104
62 106
62 108
62 109
62 110
62 113
62 114
62 117
62 118
62 121
62 122
63 63
64 64
64 65
64 66
64 67
64 70
64 74
64 78
64 82
64 86
64 90
64 94
64 98
65 65
65 66
65 67
65 69
65 70
65 73
65 74
65 77
65 78
65 81
65 82
65 85
65 86
65 89
65 90
65 93
65 94
65 97
65 98
65 101
65 102
65 105
65 106
65 109
65 110
65 113
65 114
65 117
65 118
65 121
65 122
65 125
65 126
65 129
65 130
66 66
66 67
66 69
66 70
66 73
66 74
66 77
66 78
66 81
66 82
66 85
66 86
66 89
66 90
66 93
66 94
66 97
66 98
66 101
66 102
66 68
66 72
66 76
66 80
66 84
66 88
66 92
66 96
66 100
66 104
66 105
66 106
66 108
66 109
66 110
66 113
66 114
66 117
66 118
66 121
66 122
66 125
66 126
66 129
66 130
67 67
68 68
68 69
68 70
68 71
68 74
68 78
68 82
68 86
68 90
68 94
68 98
69 69
69 70
69 71
69 73
69 74
69 77
69 78
69 81
69 82
69 85
69 86
69 89
69 90
69 93
69 94
69 97
69 98
69 101
69 102
69 105
69 106
69 109
69 110
69 113
69 114
69 117
69 118
69 121
69 122
69 125
69 126
69 129
69 130
70 70
70 71
70 73
70 74
70 77
70 78
70 81
70 82
70 85
70 86
70 89
70 90
70 93
70 94
70 97
70 98
70 101
70 102
70 105
70 106
70 72
70 76
70 80
70 88
70 92
70 96
70 100
70 104
70 108
70 109
70 110
70 113
70 114
70 117
70 118
70 121
70 122
70 125
70 126
70 129
70 130
71 71
72 72
72 73
72 74
72 75
72 78
72 82
72 86
72 90
72 94
72 98
73 73
73 74
73 75
73 77
73 78
73 81
73 82
73 85
73 86
73 89
73 90
73 93
73 94
73 97
73 98
73 101
73 102
73 105
73 106
73 109
73 110
73 113
73 114
73 117
73 118
73 121
73 122
73 125
73 126
73 129
73 130
73 133
73 134
74 74
74 75
74 77
74 78
74 81
74 82
74 85
74 86
74 89
74 90
74 93
74 94
74 97
74 98
74 101
74 102
74 105
74 106
74 109
74 110
74 76
74 80
74 84
74 88
74 92
74 96
74 100
74 104
74 108
74 113
74 114
74 117
74 118
74 121
74 122
74 125
74 126
74 129
74 130
74 133
74 134
75 75
76 76
76 77
76 78
76 79
76 82
76 86
76 90
76 94
76 98
77 77
77 78
77 79
77 81
77 82
77 85
77 86
77 89
77 90
77 93
77 94
77 97
77 98
77 101
77 102
77 105
77 106
77 109
77 110
77 113
77 114
77 117
77 118
77 121
77 122
77 125
77 126
77 129
77 130
77 133
77 134
78 78
78 79
78 81
78 82
78 85
78 86
78 89
78 90
78 93
78 94
78 97
78 98
78 101
78 102
78 105
78 106
78 109
78 110
78 113
78 114
78 117
78 118
78 80
78 84
78 88
78 92
78 96
78 100
78 104
78 108
78 121
78 122
78 125
78 126
78 129
78 130
78 133
78 134
79 79
80 80
80 81
80 82
80 83
80 86
80 90
80 94
80 98
80 102
81 81
81 82
81 83
81 85
81 86
81 89
81 90
81 93
81 94
81 97
81 98
81 101
81 102
81 105
81 106
81 109
81 110
81 113
81 114
81 117
81 118
81 121
81 122
81 125
81 126
81 129
81 130
81 133
81 134
82 82
82 83
82 85
82 86
82 89
82 90
82 93
82 94
82 97
82 98
82 101
82 102
82 105
82 106
82 109
82 110
82 113
82 114
82 117
82 118
82 84
82 88
82 92
82 96
82 100
82 104
82 108
82 121
82 122
82 125
82 126
82 129
82 130
82 133
82 134
83 83
84 84
84 85
84 86
84 87
84 90
84 94
84 98
84 102
85 85
85 86
85 87
85 89
85 90
85 93
85 94
85 97
85 98
85 101
85 102
85 105
85 106
85 109
85 110
85 113
85 114
85 117
85 118
85 121
85 122
85 125
85 126
85 129
85 130
85 133
85 134
86 86
86 87
86 89
86 90
86 93
86 94
86 97
86 98
86 101
86 102
86 105
86 106
86 109
86 110
86 113
86 114
86 117
86 118
86 121
86 122
86 88
86 92
86 96
86 100
86 104
86 108
86 125
86 126
86 129
86 130
86 133
86 134
87 87
88 88
88 89
88 90
88 91
88 94
88 98
88 102
89 89
89 90
89 91
89 93
89 94
89 97
89 98
89 101
89 102
89 105
89 106
89 109
89 110
89 113
89 114
89 117
89 118
89 121
89 122
89 125
89 126
89 129
89 130
89 133
89 134
90 90
90 91
90 93
90 94
90 97
90 98
90 101
90 102
90 105
90 106
90 109
90 110
90 113
90 114
90 117
90 118
90 121
90 122
90 92
90 96
90 100
90 104
90 108
90 125
90 126
90 129
90 130
90 133
90 134
91 91
92 92
92 93
92 94
92 95
92 98
92 102
93 93
93 94
93 95
93 97
93 98
93 101
93 102
93 105
93 106
93 109
93 110
93 113
93 114
93 117
93 118
93 121
93 122
93 125
93 126
93 129
93 130
93 133
93 134
94 94
94 95
94 97
94 98
94 101
94 102
94 105
94 106
94 109
94 110
94 113
94 114
94 117
94 118
94 121
94 122
94 96
94 100
94 104
94 108
94 125
94 126
94 129
94 130
94 133
94 134
95 95
96 96
96 97
96 98
96 99
96 102
96 106
97 97
97 98
97 99
97 101
97 102
97 105
97 106
97 109
97 110
97 113
97 114
97 117
97 118
97 121
97 122
97 125
97 126
97 129
97 130
97 133
97 134
98 98
98 99
98 101
98 102
98 105
98 106
98 109
98 110
98 113
98 114
98 117
98 118
98 121
98 122
98 100
98 104
98 108
98 112
98 125
98 126
98 129
98 130
98 133
98 134
99 99
100 100
100 101
100 102
100 103
100 106
100 110
101 101
101 102
101 103
101 105
101 106
101 109
101 110
101 113
101 114
101 117
101 118
101 121
101 122
101 125
101 126
101 129
101 130
101 133
101 134
102 102
102 103
102 105
102 106
102 109
102 110
102 113
102 114
102 117
102 118
102 121
102 122
102 104
102 108
102 112
102 116
102 125
102 126
102 129
102 130
102 133
102 134
103 103
104 104
104 105
104 106
104 107
104 110
104 114
105 105
105 106
105 107
105 109
105 110
105 113
105 114
105 117
105 118
105 121
105 122
105 125
105 126
105 129
105 130
105 133
105 134
105 137
105 138
106 106
106 107
106 109
106 110
106 113
106 114
106 117
106 118
106 121
106 122
106 125
106 126
106 108
106 112
106 116
106 120
106 124
106 129
106 130
106 133
106 134
106 137
106 138
107 107
108 108
108 109
108 110
108 111
108 114
108 118
109 109
109 110
109 111
109 113
109 114
109 117
109 118
109 121
109 122
109 125
109 126
109 129
109 130
109 133
109 134
109 137
109 138
110 110
110 111
110 113
110 114
110 117
110 118
110 121
110 122
110 125
110 126
110 112
110 116
110 120
110 124
110 128
110 129
110 130
110 133
110 134
110 137
110 138
111 111
112 112
112 113
112 114
112 115
112 118
112 122
113 113
113 114
113 115
113 117
113 118
113 121
113 122
113 125
113 126
113 129
113 130
113 133
113 134
113 137
113 138
114 114
114 115
114 117
114 118
114 121
114 122
114 125
114 126
114 116
114 120
114 124
114 128
114 129
114 130
114 132
114 133
114 134
114 137
114 138
115 115
116 116
116 117
116 118
116 119
116 122
116 126
117 117
117 118
117 119
117 121
117 122
117 125
117 126
117 129
117 130
117 133
117 134
117 137
117 138
118 118
118 119
118 121
118 122
118 125
118 126
118 120
118 124
118 128
118 129
118 130
118 132
118 133
118 134
118 136
118 137
118 138
119 119
120 120
120 121
120 122
120 123
120 126
120 130
121 121
121 122
121 123
121 125
121 126
121 129
121 130
121 133
121 134
121 137
121 138
121 141
121 142
122 122
122 123
122 125
122 126
122 129
122 130
122 124
122 128
122 132
122 133
122 134
122 136
122 137
122 138
122 140
122 141
122 142
123 123
124 124
124 125
124 126
124 127
124 130
124 134
125 125
125 126
125 127
125 129
125 130
125 133
125 134
125 137
125 138
125 141
125 142
126 126
126 127
126 129
126 130
126 133
126 134
126 128
126 132
126 136
126 137
126 138
126 140
126 141
126 142
126 144
126 146
127 127
128 128
128 129
128 130
128 131
128 134
128 138
129 129
129 130
129 131
129 133
129 134
129 137
129 138
129 141
129 142
129 145
129 146
130 130
130 131
130 133
130 134
130 137
130 138
130 132
130 136
130 140
130 141
130 142
130 144
130 145
130 146
131 131
132 132
132 133
132 134
132 135
132 138
132 142
133 133
133 134
133 135
133 137
133 138
133 141
133 142
133 145
133 146
133 149
133 150
134 134
134 135
134 137
134 138
134 141
134 142
134 136
134 140
134 144
134 145
134 146
134 148
134 149
134 150
135 135
136 136
136 137
136 138
136 139
136 142
136 146
137 137
137 138
137 139
137 141
137 142
137 145
137 146
137 149
137 150
137 153
137 154
138 138
138 139
138 141
138 142
138 145
138 146
138 140
138 144
138 148
138 149
138 150
138 152
138 153
138 154
139 139
140 140
140 141
140 142
140 143
140 146
140 150
141 141
141 142
141 143
141 145
141 146
141 149
141 150
141 153
141 154
141 157
141 158
142 142
142 143
142 145
142 146
142 149
142 150
142 144
142 148
142 152
142 153
142 154
142 156
142 157
142 158
142 160
142 162
143 143
144 144
144 145
144 146
144 147
144 150
144 154
145 145
145 146
145 147
145 149
145 150
145 153
145 154
145 157
145 158
145 161
145 162
146 146
146 147
146 149
146 150
146 153
146 154
146 148
146 152
146 156
146 157
146 158
146 160
146 161
146 162
146 164
146 166
147 147
148 148
148 149
148 150
148 151
148 154
148 158
149 149
149 150
149 151
149 153
149 154
149 157
149 158
149 161
149 162
149 165
149 166
150 150
150 151
150 153
150 154
150 157
150 158
150 152
150 156
150 160
150 161
150 162
150 164
150 165
150 166
151 151
152 152
152 153
152 154
152 155
152 158
153 153
153 154
153 155
153 157
153 158
153 161
153 162
153 165
153 166
154 154
154 155
154 157
154 158
154 156
154 160
154 161
154 162
154 164
154 165
154 166
154 168
154 170
155 155
156 156
156 157
156 158
156 159
156 162
157 157
157 158
157 159
157 161
157 162
157 165
157 166
158 158
158 159
158 161
158 162
158 160
158 164
158 165
158 166
158 168
158 170
159 159
160 160
160 161
160 162
160 163
160 166
161 161
161 162
161 163
161 165
161 166
161 169
161 170
162 162
162 163
162 165
162 166
162 164
162 168
162 169
162 170
163 163
164 164
164 165
164 166
164 167
164 170
165 165
165 166
165 167
165 169
165 170
166 166
166 167
166 169
166 170
166 168
167 167
168 168
168 169
168 170
168 171
168 174
169 169
169 170
169 171
169 173
169 174
170 170
170 171
170 173
170 174
170 172
171 171
172 172
172 173
172 174
172 175
173 173
173 174
173 175
173 177
173 178
174 174
174 175
174 176
174 177
174 178
175 175
176 176
176 177
176 178
176 179
177 177
177 178
177 179
178 178
178 179
179 179
