0 0
0 9
0 10
0 20
0 21
1 1
1 10
1 21
1 9
1 20
2 2
2 8
2 10
2 47
2 49
3 3
3 10
3 49
3 8
3 47
4 4
4 8
4 9
4 10
4 29
4 30
4 31
5 5
5 10
5 31
5 8
5 9
5 29
5 30
6 6
6 8
6 9
6 10
6 24
6 25
6 26
7 7
7 10
7 26
7 8
7 9
7 24
7 25
8 11
9 12
11 11
13 13
13 19
13 21
13 62
13 64
14 14
14 21
14 64
14 19
14 62
15 15
15 19
15 20
15 21
15 32
15 33
15 34
16 16
16 21
16 34
16 19
16 20
16 32
16 33
17 17
17 19
17 20
17 21
17 29
17 30
17 31
18 18
18 21
18 31
18 19
18 20
18 29
18 30
19 22
19 23
20 22
20 23
22 22
24 28
24 43
24 44
25 43
25 44
26 27
26 43
26 44
29 45
29 46
29 58
29 59
30 45
30 46
30 58
30 59
31 45
31 46
31 58
31 59
32 60
32 61
32 69
32 70
33 60
33 61
33 69
33 70
34 60
34 61
34 69
34 70
35 35
35 48
35 49
35 63
35 64
36 36
36 49
36 64
36 48
36 63
37 37
37 47
37 49
37 99
37 101
38 38
38 49
38 101
38 47
38 99
39 39
39 47
39 48
39 49
39 81
39 82
39 83
40 40
40 49
40 83
40 47
40 48
40 81
40 82
41 41
41 47
41 48
41 49
41 76
41 77
41 78
42 42
42 49
42 78
42 47
42 48
42 76
42 77
43 43
43 47
43 48
43 49
44 44
44 49
44 47
44 48
45 45
45 47
45 48
45 49
46 46
46 49
46 47
46 48
50 50
50 63
50 64
50 72
50 73
51 51
51 64
51 73
51 63
51 72
52 52
52 62
52 64
52 114
52 116
53 53
53 64
53 116
53 62
53 114
54 54
54 62
54 63
54 64
54 84
54 85
54 86
55 55
55 64
55 86
55 62
55 63
55 84
55 85
56 56
56 62
56 63
56 64
56 81
56 82
56 83
57 57
57 64
57 83
57 62
57 63
57 81
57 82
58 58
58 62
58 63
58 64
59 59
59 64
59 62
59 63
60 60
60 62
60 63
60 64
61 61
61 64
61 62
61 63
65 65
65 71
65 73
65 123
65 125
66 66
66 73
66 125
66 71
66 123
67 67
67 71
67 72
67 73
67 84
67 85
67 86
68 68
68 73
68 86
68 71
68 72
68 84
68 85
69 69
69 71
69 72
69 73
70 70
70 73
70 71
70 72
71 74
71 75
72 74
72 75
74 74
76 80
76 95
76 96
77 95
77 96
78 79
78 95
78 96
81 97
81 98
81 110
81 111
82 97
82 98
82 110
82 111
83 97
83 98
83 110
83 111
84 112
84 113
84 121
84 122
85 112
85 113
85 121
85 122
86 112
86 113
86 121
86 122
87 87
87 100
87 101
87 115
87 116
88 88
88 101
88 116
88 100
88 115
89 89
89 99
89 101
89 151
89 153
90 90
90 101
90 153
90 99
90 151
91 91
91 99
91 100
91 101
91 133
91 134
91 135
92 92
92 101
92 135
92 99
92 100
92 133
92 134
93 93
93 99
93 100
93 101
93 128
93 129
93 130
94 94
94 101
94 130
94 99
94 100
94 128
94 129
95 95
95 99
95 100
95 101
96 96
96 101
96 99
96 100
97 97
97 99
97 100
97 101
98 98
98 101
98 99
98 100
102 102
102 115
102 116
102 124
102 125
103 103
103 116
103 125
103 115
103 124
104 104
104 114
104 116
104 166
104 168
105 105
105 116
105 168
105 114
105 166
106 106
106 114
106 115
106 116
106 136
106 137
106 138
107 107
107 116
107 138
107 114
107 115
107 136
107 137
108 108
108 114
108 115
108 116
108 133
108 134
108 135
109 109
109 116
109 135
109 114
109 115
109 133
109 134
110 110
110 114
110 115
110 116
111 111
111 116
111 114
111 115
112 112
112 114
112 115
112 116
113 113
113 116
113 114
113 115
117 117
117 123
117 125
117 175
117 177
118 118
118 125
118 177
118 123
118 175
119 119
119 123
119 124
119 125
119 136
119 137
119 138
120 120
120 125
120 138
120 123
120 124
120 136
120 137
121 121
121 123
121 124
121 125
122 122
122 125
122 123
122 124
123 127
124 126
126 126
128 132
128 147
128 148
129 147
129 148
130 131
130 147
130 148
133 149
133 150
133 162
133 163
134 149
134 150
134 162
134 163
135 149
135 150
135 162
135 163
136 164
136 165
136 173
136 174
137 164
137 165
137 173
137 174
138 164
138 165
138 173
138 174
139 139
139 152
139 153
139 167
139 168
140 140
140 153
140 168
140 152
140 167
141 141
141 151
141 153
141 203
141 205
142 142
142 153
142 205
142 151
142 203
143 143
143 151
143 152
143 153
143 185
143 186
143 187
144 144
144 153
144 187
144 151
144 152
144 185
144 186
145 145
145 151
145 152
145 153
145 180
145 181
145 182
146 146
146 153
146 182
146 151
146 152
146 180
146 181
147 147
147 151
147 152
147 153
148 148
148 153
148 151
148 152
149 149
149 151
149 152
149 153
150 150
150 153
150 151
150 152
154 154
154 167
154 168
154 176
154 177
155 155
155 168
155 177
155 167
155 176
156 156
156 166
156 168
156 218
156 220
157 157
157 168
157 220
157 166
157 218
158 158
158 166
158 167
158 168
158 188
158 189
158 190
159 159
159 168
159 190
159 166
159 167
159 188
159 189
160 160
160 166
160 167
160 168
160 185
160 186
160 187
161 161
161 168
161 187
161 166
161 167
161 185
161 186
162 162
162 166
162 167
162 168
163 163
163 168
163 166
163 167
164 164
164 166
164 167
164 168
165 165
165 168
165 166
165 167
169 169
169 175
169 177
169 225
169 227
170 170
170 177
170 227
170 175
170 225
171 171
171 175
171 176
171 177
171 188
171 189
171 190
172 172
172 177
172 190
172 175
172 176
172 188
172 189
173 173
173 175
173 176
173 177
174 174
174 177
174 175
174 176
175 179
176 178
178 178
180 184
180 199
180 200
181 199
181 200
182 183
182 199
182 200
185 201
185 202
185 214
185 215
186 201
186 202
186 214
186 215
187 201
187 202
187 214
187 215
188 216
188 217
188 223
188 224
189 216
189 217
189 223
189 224
190 216
190 217
190 223
190 224
191 191
191 204
191 205
191 219
191 220
192 192
192 205
192 220
192 204
192 219
193 193
193 203
193 205
193 247
193 249
194 194
194 205
194 249
194 203
194 247
195 195
195 203
195 204
195 205
195 235
195 236
195 237
196 196
196 205
196 237
196 203
196 204
196 235
196 236
197 197
197 203
197 204
197 205
197 230
197 231
197 232
198 198
198 205
198 232
198 203
198 204
198 230
198 231
199 199
199 203
199 204
199 205
200 200
200 205
200 203
200 204
201 201
201 203
201 204
201 205
202 202
202 205
202 203
202 204
206 206
206 219
206 220
206 226
206 227
207 207
207 220
207 227
207 219
207 226
208 208
208 218
208 220
208 256
208 258
209 209
209 220
209 258
209 218
209 256
210 210
210 218
210 219
210 220
210 238
210 239
210 240
211 211
211 220
211 240
211 218
211 219
211 238
211 239
212 212
212 218
212 219
212 220
212 235
212 236
212 237
213 213
213 220
213 237
213 218
213 219
213 235
213 236
214 214
214 218
214 219
214 220
215 215
215 220
215 218
215 219
216 216
216 218
216 219
216 220
217 217
217 220
217 218
217 219
221 221
221 225
221 226
221 227
221 238
221 239
221 240
222 222
222 227
222 240
222 225
222 226
222 238
222 239
223 223
223 225
223 226
223 227
224 224
224 227
224 225
224 226
225 228
225 229
226 228
226 229
228 228
230 234
230 243
230 244
231 243
231 244
232 233
232 243
232 244
235 245
235 246
235 252
235 253
236 245
236 246
236 252
236 253
237 245
237 246
237 252
237 253
238 254
238 255
239 254
239 255
240 254
240 255
241 241
241 248
241 249
241 257
241 258
242 242
242 249
242 258
242 248
242 257
243 243
243 247
243 248
243 249
244 244
244 249
244 247
244 248
245 245
245 247
245 248
245 249
246 246
246 249
246 247
246 248
247 250
248 251
250 250
252 252
252 256
252 257
252 258
253 253
253 258
253 256
253 257
254 254
254 256
254 257
254 258
255 255
255 258
255 256
255 257
256 259
256 260
257 259
257 260
259 259
