0 0
0 9
0 10
0 22
0 23
1 1
1 10
1 23
1 9
1 22
2 2
2 8
2 10
2 49
2 51
3 3
3 10
3 51
3 8
3 49
4 4
4 8
4 9
4 10
4 31
4 32
4 33
5 5
5 10
5 33
5 8
5 9
5 31
5 32
6 6
6 8
6 9
6 10
6 26
6 27
6 28
7 7
7 10
7 28
7 8
7 9
7 26
7 27
8 11
9 12
11 11
11 13
12 12
12 13
13 14
13 24
13 25
15 15
15 21
15 23
15 64
15 66
16 16
16 23
16 66
16 21
16 64
17 17
17 21
17 22
17 23
17 34
17 35
17 36
18 18
18 23
18 36
18 21
18 22
18 34
18 35
19 19
19 21
19 22
19 23
19 31
19 32
19 33
20 20
20 23
20 33
20 21
20 22
20 31
20 32
21 24
22 25
24 24
25 25
26 30
26 45
26 46
27 45
27 46
28 29
28 45
28 46
31 47
31 48
31 60
31 61
32 47
32 48
32 60
32 61
33 47
33 48
33 60
33 61
34 62
34 63
34 73
34 74
35 62
35 63
35 73
35 74
36 62
36 63
36 73
36 74
37 37
37 50
37 51
37 65
37 66
38 38
38 51
38 66
38 50
38 65
39 39
39 49
39 51
39 107
39 109
40 40
40 51
40 109
40 49
40 107
41 41
41 49
41 50
41 51
41 86
41 87
41 88
42 42
42 51
42 88
42 49
42 50
42 86
42 87
43 43
43 49
43 50
43 51
43 81
43 82
43 83
44 44
44 51
44 83
44 49
44 50
44 81
44 82
45 45
45 49
45 50
45 51
46 46
46 51
46 49
46 50
47 47
47 49
47 50
47 51
48 48
48 51
48 49
48 50
52 52
52 65
52 66
52 76
52 77
53 53
53 66
53 77
53 65
53 76
54 54
54 64
54 66
54 122
54 124
55 55
55 66
55 124
55 64
55 122
56 56
56 64
56 65
56 66
56 89
56 90
56 91
57 57
57 66
57 91
57 64
57 65
57 89
57 90
58 58
58 64
58 65
58 66
58 86
58 87
58 88
59 59
59 66
59 88
59 64
59 65
59 86
59 87
60 60
60 64
60 65
60 66
61 61
61 66
61 64
61 65
62 62
62 64
62 65
62 66
63 63
63 66
63 64
63 65
67 67
67 75
67 77
67 137
67 139
68 68
68 77
68 139
68 75
68 137
69 69
69 75
69 76
69 77
69 92
69 93
69 94
70 70
70 77
70 94
70 75
70 76
70 92
70 93
71 71
71 75
71 76
71 77
71 89
71 90
71 91
72 72
72 77
72 91
72 75
72 76
72 89
72 90
73 73
73 75
73 76
73 77
74 74
74 77
74 75
74 76
75 78
75 79
76 78
76 79
78 78
78 80
79 79
79 80
80 151
80 152
81 85
81 103
81 104
82 103
82 104
83 84
83 103
83 104
86 105
86 106
86 118
86 119
87 105
87 106
87 118
87 119
88 105
88 106
88 118
88 119
89 120
89 121
89 133
89 134
90 120
90 121
90 133
90 134
91 120
91 121
91 133
91 134
92 135
92 136
92 146
92 147
93 135
93 136
93 146
93 147
94 135
94 136
94 146
94 147
95 95
95 108
95 109
95 123
95 124
96 96
96 109
96 124
96 108
96 123
97 97
97 107
97 109
97 182
97 184
98 98
98 109
98 184
98 107
98 182
99 99
99 107
99 108
99 109
99 158
99 159
99 160
100 100
100 109
100 160
100 107
100 108
100 158
100 159
101 101
101 107
101 108
101 109
101 153
101 154
101 155
102 102
102 109
102 155
102 107
102 108
102 153
102 154
103 103
103 107
103 108
103 109
104 104
104 109
104 107
104 108
105 105
105 107
105 108
105 109
106 106
106 109
106 107
106 108
110 110
110 123
110 124
110 138
110 139
111 111
111 124
111 139
111 123
111 138
112 112
112 122
112 124
112 197
112 199
113 113
113 124
113 199
113 122
113 197
114 114
114 122
114 123
114 124
114 161
114 162
114 163
115 115
115 124
115 163
115 122
115 123
115 161
115 162
116 116
116 122
116 123
116 124
116 158
116 159
116 160
117 117
117 124
117 160
117 122
117 123
117 158
117 159
118 118
118 122
118 123
118 124
119 119
119 124
119 122
119 123
120 120
120 122
120 123
120 124
121 121
121 124
121 122
121 123
125 125
125 138
125 139
125 149
125 150
126 126
126 139
126 150
126 138
126 149
127 127
127 137
127 139
127 212
127 214
128 128
128 139
128 214
128 137
128 212
129 129
129 137
129 138
129 139
129 164
129 165
129 166
130 130
130 139
130 166
130 137
130 138
130 164
130 165
131 131
131 137
131 138
131 139
131 161
131 162
131 163
132 132
132 139
132 163
132 137
132 138
132 161
132 162
133 133
133 137
133 138
133 139
134 134
134 139
134 137
134 138
135 135
135 137
135 138
135 139
136 136
136 139
136 137
136 138
140 140
140 148
140 150
140 227
140 229
141 141
141 150
141 229
141 148
141 227
142 142
142 148
142 149
142 150
142 167
142 168
142 169
143 143
143 150
143 169
143 148
143 149
143 167
143 168
144 144
144 148
144 149
144 150
144 164
144 165
144 166
145 145
145 150
145 166
145 148
145 149
145 164
145 165
146 146
146 148
146 149
146 150
147 147
147 150
147 148
147 149
148 151
148 152
149 151
149 152
151 151
152 152
153 157
153 178
153 179
154 178
154 179
155 156
155 178
155 179
158 180
158 181
158 193
158 194
159 180
159 181
159 193
159 194
160 180
160 181
160 193
160 194
161 195
161 196
161 208
161 209
162 195
162 196
162 208
162 209
163 195
163 196
163 208
163 209
164 210
164 211
164 223
164 224
165 210
165 211
165 223
165 224
166 210
166 211
166 223
166 224
167 225
167 226
167 234
167 235
168 225
168 226
168 234
168 235
169 225
169 226
169 234
169 235
170 170
170 183
170 184
170 198
170 199
171 171
171 184
171 199
171 183
171 198
172 172
172 182
172 184
172 271
172 273
173 173
173 184
173 273
173 182
173 271
174 174
174 182
174 183
174 184
174 247
174 248
174 249
175 175
175 184
175 249
175 182
175 183
175 247
175 248
176 176
176 182
176 183
176 184
176 242
176 243
176 244
177 177
177 184
177 244
177 182
177 183
177 242
177 243
178 178
178 182
178 183
178 184
179 179
179 184
179 182
179 183
180 180
180 182
180 183
180 184
181 181
181 184
181 182
181 183
185 185
185 198
185 199
185 213
185 214
186 186
186 199
186 214
186 198
186 213
187 187
187 197
187 199
187 286
187 288
188 188
188 199
188 288
188 197
188 286
189 189
189 197
189 198
189 199
189 250
189 251
189 252
190 190
190 199
190 252
190 197
190 198
190 250
190 251
191 191
191 197
191 198
191 199
191 247
191 248
191 249
192 192
192 199
192 249
192 197
192 198
192 247
192 248
193 193
193 197
193 198
193 199
194 194
194 199
194 197
194 198
195 195
195 197
195 198
195 199
196 196
196 199
196 197
196 198
200 200
200 213
200 214
200 228
200 229
201 201
201 214
201 229
201 213
201 228
202 202
202 212
202 214
202 301
202 303
203 203
203 214
203 303
203 212
203 301
204 204
204 212
204 213
204 214
204 253
204 254
204 255
205 205
205 214
205 255
205 212
205 213
205 253
205 254
206 206
206 212
206 213
206 214
206 250
206 251
206 252
207 207
207 214
207 252
207 212
207 213
207 250
207 251
208 208
208 212
208 213
208 214
209 209
209 214
209 212
209 213
210 210
210 212
210 213
210 214
211 211
211 214
211 212
211 213
215 215
215 228
215 229
215 237
215 238
216 216
216 229
216 238
216 228
216 237
217 217
217 227
217 229
217 316
217 318
218 218
218 229
218 318
218 227
218 316
219 219
219 227
219 228
219 229
219 256
219 257
219 258
220 220
220 229
220 258
220 227
220 228
220 256
220 257
221 221
221 227
221 228
221 229
221 253
221 254
221 255
222 222
222 229
222 255
222 227
222 228
222 253
222 254
223 223
223 227
223 228
223 229
224 224
224 229
224 227
224 228
225 225
225 227
225 228
225 229
226 226
226 229
226 227
226 228
230 230
230 236
230 238
230 325
230 327
231 231
231 238
231 327
231 236
231 325
232 232
232 236
232 237
232 238
232 256
232 257
232 258
233 233
233 238
233 258
233 236
233 237
233 256
233 257
234 234
234 236
234 237
234 238
235 235
235 238
235 236
235 237
236 240
237 239
239 239
239 241
240 240
240 241
241 328
241 329
241 416
241 417
241 502
241 503
242 246
242 267
242 268
243 267
243 268
244 245
244 267
244 268
247 269
247 270
247 282
247 283
248 269
248 270
248 282
248 283
249 269
249 270
249 282
249 283
250 284
250 285
250 297
250 298
251 284
251 285
251 297
251 298
252 284
252 285
252 297
252 298
253 299
253 300
253 312
253 313
254 299
254 300
254 312
254 313
255 299
255 300
255 312
255 313
256 314
256 315
256 323
256 324
257 314
257 315
257 323
257 324
258 314
258 315
258 323
258 324
259 259
259 272
259 273
259 287
259 288
260 260
260 273
260 288
260 272
260 287
261 261
261 271
261 273
261 359
261 361
262 262
262 273
262 361
262 271
262 359
263 263
263 271
263 272
263 273
263 335
263 336
263 337
264 264
264 273
264 337
264 271
264 272
264 335
264 336
265 265
265 271
265 272
265 273
265 330
265 331
265 332
266 266
266 273
266 332
266 271
266 272
266 330
266 331
267 267
267 271
267 272
267 273
268 268
268 273
268 271
268 272
269 269
269 271
269 272
269 273
270 270
270 273
270 271
270 272
274 274
274 287
274 288
274 302
274 303
275 275
275 288
275 303
275 287
275 302
276 276
276 286
276 288
276 374
276 376
277 277
277 288
277 376
277 286
277 374
278 278
278 286
278 287
278 288
278 338
278 339
278 340
279 279
279 288
279 340
279 286
279 287
279 338
279 339
280 280
280 286
280 287
280 288
280 335
280 336
280 337
281 281
281 288
281 337
281 286
281 287
281 335
281 336
282 282
282 286
282 287
282 288
283 283
283 288
283 286
283 287
284 284
284 286
284 287
284 288
285 285
285 288
285 286
285 287
289 289
289 302
289 303
289 317
289 318
290 290
290 303
290 318
290 302
290 317
291 291
291 301
291 303
291 389
291 391
292 292
292 303
292 391
292 301
292 389
293 293
293 301
293 302
293 303
293 341
293 342
293 343
294 294
294 303
294 343
294 301
294 302
294 341
294 342
295 295
295 301
295 302
295 303
295 338
295 339
295 340
296 296
296 303
296 340
296 301
296 302
296 338
296 339
297 297
297 301
297 302
297 303
298 298
298 303
298 301
298 302
299 299
299 301
299 302
299 303
300 300
300 303
300 301
300 302
304 304
304 317
304 318
304 326
304 327
305 305
305 318
305 327
305 317
305 326
306 306
306 316
306 318
306 404
306 406
307 307
307 318
307 406
307 316
307 404
308 308
308 316
308 317
308 318
308 344
308 345
308 346
309 309
309 318
309 346
309 316
309 317
309 344
309 345
310 310
310 316
310 317
310 318
310 341
310 342
310 343
311 311
311 318
311 343
311 316
311 317
311 341
311 342
312 312
312 316
312 317
312 318
313 313
313 318
313 316
313 317
314 314
314 316
314 317
314 318
315 315
315 318
315 316
315 317
319 319
319 325
319 327
319 413
319 415
320 320
320 327
320 415
320 325
320 413
321 321
321 325
321 326
321 327
321 344
321 345
321 346
322 322
322 327
322 346
322 325
322 326
322 344
322 345
323 323
323 325
323 326
323 327
324 324
324 327
324 325
324 326
325 329
326 328
328 328
329 329
330 334
330 355
330 356
331 355
331 356
332 333
332 355
332 356
335 357
335 358
335 370
335 371
336 357
336 358
336 370
336 371
337 357
337 358
337 370
337 371
338 372
338 373
338 385
338 386
339 372
339 373
339 385
339 386
340 372
340 373
340 385
340 386
341 387
341 388
341 400
341 401
342 387
342 388
342 400
342 401
343 387
343 388
343 400
343 401
344 402
344 403
344 411
344 412
345 402
345 403
345 411
345 412
346 402
346 403
346 411
346 412
347 347
347 360
347 361
347 375
347 376
348 348
348 361
348 376
348 360
348 375
349 349
349 359
349 361
349 447
349 449
350 350
350 361
350 449
350 359
350 447
351 351
351 359
351 360
351 361
351 423
351 424
351 425
352 352
352 361
352 425
352 359
352 360
352 423
352 424
353 353
353 359
353 360
353 361
353 418
353 419
353 420
354 354
354 361
354 420
354 359
354 360
354 418
354 419
355 355
355 359
355 360
355 361
356 356
356 361
356 359
356 360
357 357
357 359
357 360
357 361
358 358
358 361
358 359
358 360
362 362
362 375
362 376
362 390
362 391
363 363
363 376
363 391
363 375
363 390
364 364
364 374
364 376
364 462
364 464
365 365
365 376
365 464
365 374
365 462
366 366
366 374
366 375
366 376
366 426
366 427
366 428
367 367
367 376
367 428
367 374
367 375
367 426
367 427
368 368
368 374
368 375
368 376
368 423
368 424
368 425
369 369
369 376
369 425
369 374
369 375
369 423
369 424
370 370
370 374
370 375
370 376
371 371
371 376
371 374
371 375
372 372
372 374
372 375
372 376
373 373
373 376
373 374
373 375
377 377
377 390
377 391
377 405
377 406
378 378
378 391
378 406
378 390
378 405
379 379
379 389
379 391
379 477
379 479
380 380
380 391
380 479
380 389
380 477
381 381
381 389
381 390
381 391
381 429
381 430
381 431
382 382
382 391
382 431
382 389
382 390
382 429
382 430
383 383
383 389
383 390
383 391
383 426
383 427
383 428
384 384
384 391
384 428
384 389
384 390
384 426
384 427
385 385
385 389
385 390
385 391
386 386
386 391
386 389
386 390
387 387
387 389
387 390
387 391
388 388
388 391
388 389
388 390
392 392
392 405
392 406
392 414
392 415
393 393
393 406
393 415
393 405
393 414
394 394
394 404
394 406
394 492
394 494
395 395
395 406
395 494
395 404
395 492
396 396
396 404
396 405
396 406
396 432
396 433
396 434
397 397
397 406
397 434
397 404
397 405
397 432
397 433
398 398
398 404
398 405
398 406
398 429
398 430
398 431
399 399
399 406
399 431
399 404
399 405
399 429
399 430
400 400
400 404
400 405
400 406
401 401
401 406
401 404
401 405
402 402
402 404
402 405
402 406
403 403
403 406
403 404
403 405
407 407
407 413
407 415
407 499
407 501
408 408
408 415
408 501
408 413
408 499
409 409
409 413
409 414
409 415
409 432
409 433
409 434
410 410
410 415
410 434
410 413
410 414
410 432
410 433
411 411
411 413
411 414
411 415
412 412
412 415
412 413
412 414
413 417
414 416
416 416
417 417
418 422
418 443
418 444
419 443
419 444
420 421
420 443
420 444
423 445
423 446
423 458
423 459
424 445
424 446
424 458
424 459
425 445
425 446
425 458
425 459
426 460
426 461
426 473
426 474
427 460
427 461
427 473
427 474
428 460
428 461
428 473
428 474
429 475
429 476
429 488
429 489
430 475
430 476
430 488
430 489
431 475
431 476
431 488
431 489
432 490
432 491
432 497
432 498
433 490
433 491
433 497
433 498
434 490
434 491
434 497
434 498
435 435
435 448
435 449
435 463
435 464
436 436
436 449
436 464
436 448
436 463
437 437
437 447
437 449
437 533
437 535
438 438
438 449
438 535
438 447
438 533
439 439
439 447
439 448
439 449
439 509
439 510
439 511
440 440
440 449
440 511
440 447
440 448
440 509
440 510
441 441
441 447
441 448
441 449
441 504
441 505
441 506
442 442
442 449
442 506
442 447
442 448
442 504
442 505
443 443
443 447
443 448
443 449
444 444
444 449
444 447
444 448
445 445
445 447
445 448
445 449
446 446
446 449
446 447
446 448
450 450
450 463
450 464
450 478
450 479
451 451
451 464
451 479
451 463
451 478
452 452
452 462
452 464
452 548
452 550
453 453
453 464
453 550
453 462
453 548
454 454
454 462
454 463
454 464
454 512
454 513
454 514
455 455
455 464
455 514
455 462
455 463
455 512
455 513
456 456
456 462
456 463
456 464
456 509
456 510
456 511
457 457
457 464
457 511
457 462
457 463
457 509
457 510
458 458
458 462
458 463
458 464
459 459
459 464
459 462
459 463
460 460
460 462
460 463
460 464
461 461
461 464
461 462
461 463
465 465
465 478
465 479
465 493
465 494
466 466
466 479
466 494
466 478
466 493
467 467
467 477
467 479
467 563
467 565
468 468
468 479
468 565
468 477
468 563
469 469
469 477
469 478
469 479
469 515
469 516
469 517
470 470
470 479
470 517
470 477
470 478
470 515
470 516
471 471
471 477
471 478
471 479
471 512
471 513
471 514
472 472
472 479
472 514
472 477
472 478
472 512
472 513
473 473
473 477
473 478
473 479
474 474
474 479
474 477
474 478
475 475
475 477
475 478
475 479
476 476
476 479
476 477
476 478
480 480
480 493
480 494
480 500
480 501
481 481
481 494
481 501
481 493
481 500
482 482
482 492
482 494
482 572
482 574
483 483
483 494
483 574
483 492
483 572
484 484
484 492
484 493
484 494
484 518
484 519
484 520
485 485
485 494
485 520
485 492
485 493
485 518
485 519
486 486
486 492
486 493
486 494
486 515
486 516
486 517
487 487
487 494
487 517
487 492
487 493
487 515
487 516
488 488
488 492
488 493
488 494
489 489
489 494
489 492
489 493
490 490
490 492
490 493
490 494
491 491
491 494
491 492
491 493
495 495
495 499
495 500
495 501
495 518
495 519
495 520
496 496
496 501
496 520
496 499
496 500
496 518
496 519
497 497
497 499
497 500
497 501
498 498
498 501
498 499
498 500
499 503
500 502
502 502
503 503
504 508
504 529
504 530
505 529
505 530
506 507
506 529
506 530
509 531
509 532
509 544
509 545
510 531
510 532
510 544
510 545
511 531
511 532
511 544
511 545
512 546
512 547
512 559
512 560
513 546
513 547
513 559
513 560
514 546
514 547
514 559
514 560
515 561
515 562
515 568
515 569
516 561
516 562
516 568
516 569
517 561
517 562
517 568
517 569
518 570
518 571
519 570
519 571
520 570
520 571
521 521
521 534
521 535
521 549
521 550
522 522
522 535
522 550
522 534
522 549
523 523
523 533
523 535
523 604
523 606
524 524
524 535
524 606
524 533
524 604
525 525
525 533
525 534
525 535
525 583
525 584
525 585
526 526
526 535
526 585
526 533
526 534
526 583
526 584
527 527
527 533
527 534
527 535
527 578
527 579
527 580
528 528
528 535
528 580
528 533
528 534
528 578
528 579
529 529
529 533
529 534
529 535
530 530
530 535
530 533
530 534
531 531
531 533
531 534
531 535
532 532
532 535
532 533
532 534
536 536
536 549
536 550
536 564
536 565
537 537
537 550
537 565
537 549
537 564
538 538
538 548
538 550
538 619
538 621
539 539
539 550
539 621
539 548
539 619
540 540
540 548
540 549
540 550
540 586
540 587
540 588
541 541
541 550
541 588
541 548
541 549
541 586
541 587
542 542
542 548
542 549
542 550
542 583
542 584
542 585
543 543
543 550
543 585
543 548
543 549
543 583
543 584
544 544
544 548
544 549
544 550
545 545
545 550
545 548
545 549
546 546
546 548
546 549
546 550
547 547
547 550
547 548
547 549
551 551
551 564
551 565
551 573
551 574
552 552
552 565
552 574
552 564
552 573
553 553
553 563
553 565
553 628
553 630
554 554
554 565
554 630
554 563
554 628
555 555
555 563
555 564
555 565
555 589
555 590
555 591
556 556
556 565
556 591
556 563
556 564
556 589
556 590
557 557
557 563
557 564
557 565
557 586
557 587
557 588
558 558
558 565
558 588
558 563
558 564
558 586
558 587
559 559
559 563
559 564
559 565
560 560
560 565
560 563
560 564
561 561
561 563
561 564
561 565
562 562
562 565
562 563
562 564
566 566
566 572
566 573
566 574
566 589
566 590
566 591
567 567
567 574
567 591
567 572
567 573
567 589
567 590
568 568
568 572
568 573
568 574
569 569
569 574
569 572
569 573
570 570
570 572
570 573
570 574
571 571
571 574
571 572
571 573
572 575
572 576
573 575
573 576
575 575
575 577
576 576
576 577
577 631
577 632
578 582
578 600
578 601
579 600
579 601
580 581
580 600
580 601
583 602
583 603
583 615
583 616
584 602
584 603
584 615
584 616
585 602
585 603
585 615
585 616
586 617
586 618
586 624
586 625
587 617
587 618
587 624
587 625
588 617
588 618
588 624
588 625
589 626
589 627
590 626
590 627
591 626
591 627
592 592
592 605
592 606
592 620
592 621
593 593
593 606
593 621
593 605
593 620
594 594
594 604
594 606
594 650
594 652
595 595
595 606
595 652
595 604
595 650
596 596
596 604
596 605
596 606
596 638
596 639
596 640
597 597
597 606
597 640
597 604
597 605
597 638
597 639
598 598
598 604
598 605
598 606
598 633
598 634
598 635
599 599
599 606
599 635
599 604
599 605
599 633
599 634
600 600
600 604
600 605
600 606
601 601
601 606
601 604
601 605
602 602
602 604
602 605
602 606
603 603
603 606
603 604
603 605
607 607
607 620
607 621
607 629
607 630
608 608
608 621
608 630
608 620
608 629
609 609
609 619
609 621
609 661
609 663
610 610
610 621
610 663
610 619
610 661
611 611
611 619
611 620
611 621
611 641
611 642
611 643
612 612
612 621
612 643
612 619
612 620
612 641
612 642
613 613
613 619
613 620
613 621
613 638
613 639
613 640
614 614
614 621
614 640
614 619
614 620
614 638
614 639
615 615
615 619
615 620
615 621
616 616
616 621
616 619
616 620
617 617
617 619
617 620
617 621
618 618
618 621
618 619
618 620
622 622
622 628
622 629
622 630
622 641
622 642
622 643
623 623
623 630
623 643
623 628
623 629
623 641
623 642
624 624
624 628
624 629
624 630
625 625
625 630
625 628
625 629
626 626
626 628
626 629
626 630
627 627
627 630
627 628
627 629
628 631
628 632
629 631
629 632
631 631
632 632
633 637
633 646
633 647
634 646
634 647
635 636
635 646
635 647
638 648
638 649
638 657
638 658
639 648
639 649
639 657
639 658
640 648
640 649
640 657
640 658
641 659
641 660
642 659
642 660
643 659
643 660
644 644
644 651
644 652
644 662
644 663
645 645
645 652
645 663
645 651
645 662
646 646
646 650
646 651
646 652
647 647
647 652
647 650
647 651
648 648
648 650
648 651
648 652
649 649
649 652
649 650
649 651
650 653
651 654
653 653
653 655
654 654
654 655
655 656
655 664
655 665
657 657
657 661
657 662
657 663
658 658
658 663
658 661
658 662
659 659
659 661
659 662
659 663
660 660
660 663
660 661
660 662
661 664
662 665
664 664
665 665
