0 0
0 1
0 2
0 3
0 40
0 41
0 42
0 43
1 1
1 2
1 3
1 40
1 41
1 42
1 43
2 2
2 3
2 4
2 5
2 40
2 41
2 42
2 43
2 44
2 45
3 3
3 4
3 5
3 40
3 41
3 42
3 43
3 44
3 45
4 4
4 5
4 6
4 7
4 42
4 43
4 44
4 45
4 46
4 47
5 5
5 6
5 7
5 42
5 43
5 44
5 45
5 46
5 47
6 6
6 7
6 8
6 9
6 44
6 45
6 46
6 47
6 48
6 49
7 7
7 8
7 9
7 44
7 45
7 46
7 47
7 48
7 49
8 8
8 9
8 10
8 11
8 46
8 47
8 48
8 49
8 50
8 51
9 9
9 10
9 11
9 46
9 47
9 48
9 49
9 50
9 51
10 10
10 11
10 12
10 13
10 48
10 49
10 50
10 51
10 52
10 53
11 11
11 12
11 13
11 48
11 49
11 50
11 51
11 52
11 53
12 12
12 13
12 14
12 15
12 50
12 51
12 52
12 53
12 54
12 55
13 13
13 14
13 15
13 50
13 51
13 52
13 53
13 54
13 55
14 14
14 15
14 16
14 17
14 52
14 53
14 54
14 55
14 56
14 57
15 15
15 16
15 17
15 52
15 53
15 54
15 55
15 56
15 57
16 16
16 17
16 18
16 19
16 54
16 55
16 56
16 57
16 58
16 59
17 17
17 18
17 19
17 54
17 55
17 56
17 57
17 58
17 59
18 18
18 19
18 20
18 21
18 56
18 57
18 58
18 59
18 60
18 61
19 19
19 20
19 21
19 56
19 57
19 58
19 59
19 60
19 61
20 20
20 21
20 22
20 23
20 58
20 59
20 60
20 61
20 62
20 63
21 21
21 22
21 23
21 58
21 59
21 60
21 61
21 62
21 63
22 22
22 23
22 24
22 25
22 60
22 61
22 62
22 63
22 64
22 65
23 23
23 24
23 25
23 60
23 61
23 62
23 63
23 64
23 65
24 24
24 25
24 26
24 27
24 62
24 63
24 64
24 65
24 66
24 67
25 25
25 26
25 27
25 62
25 63
25 64
25 65
25 66
25 67
26 26
26 27
26 28
26 29
26 64
26 65
26 66
26 67
26 68
26 69
27 27
27 28
27 29
27 64
27 65
27 66
27 67
27 68
27 69
28 28
28 29
28 30
28 66
28 67
28 68
28 70
28 71
29 29
29 31
29 66
29 67
29 69
29 70
29 71
30 30
30 31
30 32
30 33
30 68
30 69
30 70
30 71
30 72
30 73
31 31
31 32
31 33
31 68
31 69
31 70
31 71
31 72
31 73
32 32
32 33
32 34
32 35
32 70
32 71
32 72
32 73
32 74
32 75
33 33
33 34
33 35
33 70
33 71
33 72
33 73
33 74
33 75
34 34
34 35
34 36
34 72
34 73
34 74
34 76
34 77
35 35
35 37
35 72
35 73
35 75
35 76
35 77
36 36
36 38
36 74
36 75
36 76
36 78
36 79
37 37
37 39
37 74
37 75
37 77
37 78
37 79
38 38
38 76
38 77
38 78
38 79
39 39
39 76
39 77
39 78
39 79
40 40
40 41
40 42
40 43
40 80
40 81
40 82
40 83
41 41
41 42
41 43
41 80
41 81
41 82
41 83
42 42
42 43
42 44
42 45
42 80
42 81
42 82
42 83
42 84
42 85
43 43
43 44
43 45
43 80
43 81
43 82
43 83
43 84
43 85
44 44
44 45
44 46
44 47
44 82
44 83
44 84
44 85
44 86
44 87
45 45
45 46
45 47
45 82
45 83
45 84
45 85
45 86
45 87
46 46
46 47
46 48
46 49
46 84
46 85
46 86
46 87
46 88
46 89
47 47
47 48
47 49
47 84
47 85
47 86
47 87
47 88
47 89
48 48
48 49
48 50
48 51
48 86
48 87
48 88
48 89
48 90
48 91
49 49
49 50
49 51
49 86
49 87
49 88
49 89
49 90
49 91
50 50
50 51
50 52
50 53
50 88
50 89
50 90
50 91
50 92
50 93
51 51
51 52
51 53
51 88
51 89
51 90
51 91
51 92
51 93
52 52
52 53
52 54
52 55
52 90
52 91
52 92
52 93
52 94
52 95
53 53
53 54
53 55
53 90
53 91
53 92
53 93
53 94
53 95
54 54
54 55
54 56
54 57
54 92
54 93
54 94
54 95
54 96
54 97
55 55
55 56
55 57
55 92
55 93
55 94
55 95
55 96
55 97
56 56
56 57
56 58
56 59
56 94
56 95
56 96
56 97
56 98
56 99
57 57
57 58
57 59
57 94
57 95
57 96
57 97
57 98
57 99
58 58
58 59
58 60
58 61
58 96
58 97
58 98
58 99
58 100
58 101
59 59
59 60
59 61
59 96
59 97
59 98
59 99
59 100
59 101
60 60
60 61
60 62
60 63
60 98
60 99
60 100
60 101
60 102
60 103
61 61
61 62
61 63
61 98
61 99
61 100
61 101
61 102
61 103
62 62
62 63
62 64
62 65
62 100
62 101
62 102
62 103
62 104
62 105
63 63
63 64
63 65
63 100
63 101
63 102
63 103
63 104
63 105
64 64
64 65
64 66
64 67
64 102
64 103
64 104
64 105
64 106
64 107
65 65
65 66
65 67
65 102
65 103
65 104
65 105
65 106
65 107
66 66
66 67
66 68
66 69
66 104
66 105
66 106
66 107
66 108
66 109
67 67
67 68
67 69
67 104
67 105
67 106
67 107
67 108
67 109
68 68
68 69
68 70
68 106
68 107
68 108
68 110
68 111
69 69
69 71
69 106
69 107
69 109
69 110
69 111
70 70
70 71
70 72
70 73
70 108
70 109
70 110
70 111
70 112
70 113
71 71
71 72
71 73
71 108
71 109
71 110
71 111
71 112
71 113
72 72
72 73
72 74
72 75
72 110
72 111
72 112
72 113
72 114
72 115
73 73
73 74
73 75
73 110
73 111
73 112
73 113
73 114
73 115
74 74
74 75
74 76
74 112
74 113
74 114
74 116
74 117
75 75
75 77
75 112
75 113
75 115
75 116
75 117
76 76
76 78
76 114
76 115
76 116
76 118
76 119
77 77
77 79
77 114
77 115
77 117
77 118
77 119
78 78
78 116
78 117
78 118
78 119
79 79
79 116
79 117
79 118
79 119
80 80
80 81
80 82
80 83
80 120
80 121
80 122
80 123
81 81
81 82
81 83
81 120
81 121
81 122
81 123
82 82
82 83
82 84
82 85
82 120
82 121
82 122
82 123
82 124
82 125
83 83
83 84
83 85
83 120
83 121
83 122
83 123
83 124
83 125
84 84
84 85
84 86
84 87
84 122
84 123
84 124
84 125
84 126
84 127
85 85
85 86
85 87
85 122
85 123
85 124
85 125
85 126
85 127
86 86
86 87
86 88
86 89
86 124
86 125
86 126
86 127
86 128
86 129
87 87
87 88
87 89
87 124
87 125
87 126
87 127
87 128
87 129
88 88
88 89
88 90
88 91
88 126
88 127
88 128
88 129
88 130
88 131
89 89
89 90
89 91
89 126
89 127
89 128
89 129
89 130
89 131
90 90
90 91
90 92
90 93
90 128
90 129
90 130
90 131
90 132
90 133
91 91
91 92
91 93
91 128
91 129
91 130
91 131
91 132
91 133
92 92
92 93
92 94
92 95
92 130
92 131
92 132
92 133
92 134
92 135
93 93
93 94
93 95
93 130
93 131
93 132
93 133
93 134
93 135
94 94
94 95
94 96
94 97
94 132
94 133
94 134
94 135
94 136
94 137
95 95
95 96
95 97
95 132
95 133
95 134
95 135
95 136
95 137
96 96
96 97
96 98
96 99
96 134
96 135
96 136
96 137
96 138
96 139
97 97
97 98
97 99
97 134
97 135
97 136
97 137
97 138
97 139
98 98
98 99
98 100
98 101
98 136
98 137
98 138
98 139
98 140
98 141
99 99
99 100
99 101
99 136
99 137
99 138
99 139
99 140
99 141
100 100
100 101
100 102
100 103
100 138
100 139
100 140
100 141
100 142
100 143
101 101
101 102
101 103
101 138
101 139
101 140
101 141
101 142
101 143
102 102
102 103
102 104
102 105
102 140
102 141
102 142
102 143
102 144
102 145
103 103
103 104
103 105
103 140
103 141
103 142
103 143
103 144
103 145
104 104
104 105
104 106
104 107
104 142
104 143
104 144
104 145
104 146
104 147
105 105
105 106
105 107
105 142
105 143
105 144
105 145
105 146
105 147
106 106
106 107
106 108
106 109
106 144
106 145
106 146
106 147
106 148
106 149
107 107
107 108
107 109
107 144
107 145
107 146
107 147
107 148
107 149
108 108
108 109
108 110
108 146
108 147
108 148
108 150
108 151
109 109
109 111
109 146
109 147
109 149
109 150
109 151
110 110
110 111
110 112
110 113
110 148
110 149
110 150
110 151
110 152
110 153
111 111
111 112
111 113
111 148
111 149
111 150
111 151
111 152
111 153
112 112
112 113
112 114
112 115
112 150
112 151
112 152
112 153
112 154
112 155
113 113
113 114
113 115
113 150
113 151
113 152
113 153
113 154
113 155
114 114
114 115
114 116
114 152
114 153
114 154
114 156
114 157
115 115
115 117
115 152
115 153
115 155
115 156
115 157
116 116
116 118
116 154
116 155
116 156
116 158
116 159
117 117
117 119
117 154
117 155
117 157
117 158
117 159
118 118
118 156
118 157
118 158
118 159
119 119
119 156
119 157
119 158
119 159
120 120
120 121
120 122
120 123
120 160
120 161
120 162
120 163
121 121
121 122
121 123
121 160
121 161
121 162
121 163
122 122
122 123
122 124
122 125
122 160
122 161
122 162
122 163
122 164
122 165
123 123
123 124
123 125
123 160
123 161
123 162
123 163
123 164
123 165
124 124
124 125
124 126
124 127
124 162
124 163
124 164
124 165
124 166
124 167
125 125
125 126
125 127
125 162
125 163
125 164
125 165
125 166
125 167
126 126
126 127
126 128
126 129
126 164
126 165
126 166
126 167
126 168
126 169
127 127
127 128
127 129
127 164
127 165
127 166
127 167
127 168
127 169
128 128
128 129
128 130
128 131
128 166
128 167
128 168
128 169
128 170
128 171
129 129
129 130
129 131
129 166
129 167
129 168
129 169
129 170
129 171
130 130
130 131
130 132
130 133
130 168
130 169
130 170
130 171
130 172
130 173
131 131
131 132
131 133
131 168
131 169
131 170
131 171
131 172
131 173
132 132
132 133
132 134
132 135
132 170
132 171
132 172
132 173
132 174
132 175
133 133
133 134
133 135
133 170
133 171
133 172
133 173
133 174
133 175
134 134
134 135
134 136
134 137
134 172
134 173
134 174
134 175
134 176
134 177
135 135
135 136
135 137
135 172
135 173
135 174
135 175
135 176
135 177
136 136
136 137
136 138
136 139
136 174
136 175
136 176
136 177
136 178
136 179
137 137
137 138
137 139
137 174
137 175
137 176
137 177
137 178
137 179
138 138
138 139
138 140
138 141
138 176
138 177
138 178
138 179
138 180
138 181
139 139
139 140
139 141
139 176
139 177
139 178
139 179
139 180
139 181
140 140
140 141
140 142
140 143
140 178
140 179
140 180
140 181
140 182
140 183
141 141
141 142
141 143
141 178
141 179
141 180
141 181
141 182
141 183
142 142
142 143
142 144
142 145
142 180
142 181
142 182
142 183
142 184
142 185
143 143
143 144
143 145
143 180
143 181
143 182
143 183
143 184
143 185
144 144
144 146
144 147
144 182
144 183
144 184
144 185
144 186
144 187
145 145
145 146
145 147
145 182
145 183
145 184
145 185
145 186
145 187
146 146
146 147
146 148
146 149
146 184
146 185
146 186
146 188
146 189
147 147
147 148
147 149
147 184
147 185
147 187
147 188
147 189
148 148
148 149
148 150
148 151
148 186
148 187
148 188
148 189
148 190
148 191
149 149
149 150
149 151
149 186
149 187
149 188
149 189
149 190
149 191
150 150
150 151
150 152
150 153
150 188
150 189
150 190
150 192
150 193
151 151
151 152
151 153
151 188
151 189
151 191
151 192
151 193
152 152
152 153
152 154
152 155
152 190
152 191
152 192
152 194
152 195
153 153
153 154
153 155
153 190
153 191
153 193
153 194
153 195
154 154
154 155
154 156
154 157
154 192
154 193
154 194
154 195
154 196
154 197
155 155
155 156
155 157
155 192
155 193
155 194
155 195
155 196
155 197
156 156
156 157
156 158
156 159
156 194
156 195
156 196
156 197
156 198
156 199
157 157
157 158
157 159
157 194
157 195
157 196
157 197
157 198
157 199
158 158
158 159
158 196
158 197
158 198
158 199
159 159
159 196
159 197
159 198
159 199
160 160
160 161
160 162
160 163
160 200
160 201
160 202
160 203
161 161
161 162
161 163
161 200
161 201
161 202
161 203
162 162
162 163
162 164
162 165
162 200
162 201
162 202
162 203
162 204
162 205
163 163
163 164
163 165
163 200
163 201
163 202
163 203
163 204
163 205
164 164
164 165
164 166
164 167
164 202
164 203
164 204
164 205
164 206
164 207
165 165
165 166
165 167
165 202
165 203
165 204
165 205
165 206
165 207
166 166
166 167
166 168
166 169
166 204
166 205
166 206
166 207
166 208
166 209
167 167
167 168
167 169
167 204
167 205
167 206
167 207
167 208
167 209
168 168
168 169
168 170
168 171
168 206
168 207
168 208
168 209
168 210
168 211
169 169
169 170
169 171
169 206
169 207
169 208
169 209
169 210
169 211
170 170
170 171
170 172
170 173
170 208
170 209
170 210
170 211
170 212
170 213
171 171
171 172
171 173
171 208
171 209
171 210
171 211
171 212
171 213
172 172
172 173
172 174
172 175
172 210
172 211
172 212
172 213
172 214
172 215
173 173
173 174
173 175
173 210
173 211
173 212
173 213
173 214
173 215
174 174
174 175
174 176
174 177
174 212
174 213
174 214
174 215
174 216
174 217
175 175
175 176
175 177
175 212
175 213
175 214
175 215
175 216
175 217
176 176
176 177
176 178
176 179
176 214
176 215
176 216
176 217
176 218
176 219
177 177
177 178
177 179
177 214
177 215
177 216
177 217
177 218
177 219
178 178
178 179
178 180
178 181
178 216
178 217
178 218
178 219
178 220
178 221
179 179
179 180
179 181
179 216
179 217
179 218
179 219
179 220
179 221
180 180
180 181
180 182
180 183
180 218
180 219
180 220
180 221
180 222
180 223
181 181
181 182
181 183
181 218
181 219
181 220
181 221
181 222
181 223
182 182
182 183
182 184
182 185
182 220
182 221
182 222
182 223
182 224
182 225
183 183
183 184
183 185
183 220
183 221
183 222
183 223
183 224
183 225
184 184
184 185
184 186
184 187
184 222
184 223
184 224
184 225
184 226
184 227
185 185
185 186
185 187
185 222
185 223
185 224
185 225
185 226
185 227
186 186
186 187
186 188
186 189
186 224
186 225
186 226
186 227
186 228
186 229
187 187
187 188
187 189
187 224
187 225
187 226
187 227
187 228
187 229
188 188
188 189
188 190
188 226
188 227
188 228
188 230
188 231
189 189
189 191
189 226
189 227
189 229
189 230
189 231
190 190
190 191
190 192
190 193
190 228
190 229
190 230
190 231
190 232
190 233
191 191
191 192
191 193
191 228
191 229
191 230
191 231
191 232
191 233
192 192
192 193
192 194
192 195
192 230
192 231
192 232
192 233
192 234
192 235
193 193
193 194
193 195
193 230
193 231
193 232
193 233
193 234
193 235
194 194
194 196
194 232
194 233
194 234
194 236
194 237
195 195
195 197
195 232
195 233
195 235
195 236
195 237
196 196
196 198
196 234
196 235
196 236
196 238
196 239
197 197
197 199
197 234
197 235
197 237
197 238
197 239
198 198
198 236
198 237
198 238
198 239
199 199
199 236
199 237
199 238
199 239
200 200
200 201
200 202
200 203
200 240
200 241
200 242
200 243
201 201
201 202
201 203
201 240
201 241
201 242
201 243
202 202
202 203
202 204
202 205
202 240
202 241
202 242
202 243
202 244
202 245
203 203
203 204
203 205
203 240
203 241
203 242
203 243
203 244
203 245
204 204
204 205
204 206
204 207
204 242
204 243
204 244
204 245
204 246
204 247
205 205
205 206
205 207
205 242
205 243
205 244
205 245
205 246
205 247
206 206
206 207
206 208
206 209
206 244
206 245
206 246
206 247
206 248
206 249
207 207
207 208
207 209
207 244
207 245
207 246
207 247
207 248
207 249
208 208
208 209
208 210
208 211
208 246
208 247
208 248
208 249
208 250
208 251
209 209
209 210
209 211
209 246
209 247
209 248
209 249
209 250
209 251
210 210
210 211
210 212
210 213
210 248
210 249
210 250
210 251
210 252
210 253
211 211
211 212
211 213
211 248
211 249
211 250
211 251
211 252
211 253
212 212
212 213
212 214
212 215
212 250
212 251
212 252
212 253
212 254
212 255
213 213
213 214
213 215
213 250
213 251
213 252
213 253
213 254
213 255
214 214
214 215
214 216
214 217
214 252
214 253
214 254
214 255
214 256
214 257
215 215
215 216
215 217
215 252
215 253
215 254
215 255
215 256
215 257
216 216
216 217
216 218
216 219
216 254
216 255
216 256
216 257
216 258
216 259
217 217
217 218
217 219
217 254
217 255
217 256
217 257
217 258
217 259
218 218
218 219
218 220
218 221
218 256
218 257
218 258
218 259
218 260
218 261
219 219
219 220
219 221
219 256
219 257
219 258
219 259
219 260
219 261
220 220
220 221
220 222
220 223
220 258
220 259
220 260
220 261
220 262
220 263
221 221
221 222
221 223
221 258
221 259
221 260
221 261
221 262
221 263
222 222
222 223
222 224
222 225
222 260
222 261
222 262
222 263
222 264
222 265
223 223
223 224
223 225
223 260
223 261
223 262
223 263
223 264
223 265
224 224
224 226
224 227
224 262
224 263
224 264
224 265
224 266
224 267
225 225
225 226
225 227
225 262
225 263
225 264
225 265
225 266
225 267
226 226
226 227
226 228
226 229
226 264
226 265
226 266
226 267
226 268
226 269
227 227
227 228
227 229
227 264
227 265
227 266
227 267
227 268
227 269
228 228
228 229
228 230
228 231
228 266
228 267
228 268
228 270
228 271
229 229
229 230
229 231
229 266
229 267
229 269
229 270
229 271
230 230
230 231
230 232
230 233
230 268
230 269
230 270
230 271
230 272
230 273
231 231
231 232
231 233
231 268
231 269
231 270
231 271
231 272
231 273
232 232
232 233
232 234
232 235
232 270
232 271
232 272
232 274
232 275
233 233
233 234
233 235
233 270
233 271
233 273
233 274
233 275
234 234
234 235
234 236
234 237
234 272
234 273
234 274
234 275
234 276
234 277
235 235
235 236
235 237
235 272
235 273
235 274
235 275
235 276
235 277
236 236
236 237
236 238
236 239
236 274
236 275
236 276
236 277
236 278
236 279
237 237
237 238
237 239
237 274
237 275
237 276
237 277
237 278
237 279
238 238
238 239
238 276
238 277
238 278
238 279
239 239
239 276
239 277
239 278
239 279
240 240
240 241
240 242
240 243
240 280
240 281
240 282
240 283
241 241
241 242
241 243
241 280
241 281
241 282
241 283
242 242
242 243
242 244
242 245
242 280
242 281
242 282
242 283
242 284
242 285
243 243
243 244
243 245
243 280
243 281
243 282
243 283
243 284
243 285
244 244
244 245
244 246
244 247
244 282
244 283
244 284
244 285
244 286
244 287
245 245
245 246
245 247
245 282
245 283
245 284
245 285
245 286
245 287
246 246
246 247
246 248
246 249
246 284
246 285
246 286
246 287
246 288
246 289
247 247
247 248
247 249
247 284
247 285
247 286
247 287
247 288
247 289
248 248
248 249
248 250
248 251
248 286
248 287
248 288
248 289
248 290
248 291
249 249
249 250
249 251
249 286
249 287
249 288
249 289
249 290
249 291
250 250
250 251
250 252
250 253
250 288
250 289
250 290
250 291
250 292
250 293
251 251
251 252
251 253
251 288
251 289
251 290
251 291
251 292
251 293
252 252
252 253
252 254
252 255
252 290
252 291
252 292
252 293
252 294
252 295
253 253
253 254
253 255
253 290
253 291
253 292
253 293
253 294
253 295
254 254
254 255
254 256
254 257
254 292
254 293
254 294
254 295
254 296
254 297
255 255
255 256
255 257
255 292
255 293
255 294
255 295
255 296
255 297
256 256
256 257
256 258
256 259
256 294
256 295
256 296
256 297
256 298
256 299
257 257
257 258
257 259
257 294
257 295
257 296
257 297
257 298
257 299
258 258
258 259
258 260
258 261
258 296
258 297
258 298
258 299
258 300
258 301
259 259
259 260
259 261
259 296
259 297
259 298
259 299
259 300
259 301
260 260
260 261
260 262
260 263
260 298
260 299
260 300
260 301
260 302
260 303
261 261
261 262
261 263
261 298
261 299
261 300
261 301
261 302
261 303
262 262
262 263
262 264
262 265
262 300
262 301
262 302
262 303
262 304
262 305
263 263
263 264
263 265
263 300
263 301
263 302
263 303
263 304
263 305
264 264
264 265
264 266
264 267
264 302
264 303
264 304
264 305
264 306
264 307
265 265
265 266
265 267
265 302
265 303
265 304
265 305
265 306
265 307
266 266
266 267
266 268
266 269
266 304
266 305
266 306
266 307
266 308
266 309
267 267
267 268
267 269
267 304
267 305
267 306
267 307
267 308
267 309
268 268
268 269
268 270
268 306
268 307
268 308
268 310
268 311
269 269
269 271
269 306
269 307
269 309
269 310
269 311
270 270
270 271
270 272
270 273
270 308
270 309
270 310
270 311
270 312
270 313
271 271
271 272
271 273
271 308
271 309
271 310
271 311
271 312
271 313
272 272
272 273
272 274
272 275
272 310
272 311
272 312
272 313
272 314
272 315
273 273
273 274
273 275
273 310
273 311
273 312
273 313
273 314
273 315
274 274
274 276
274 312
274 313
274 314
274 316
274 317
275 275
275 277
275 312
275 313
275 315
275 316
275 317
276 276
276 278
276 314
276 315
276 316
276 318
276 319
277 277
277 279
277 314
277 315
277 317
277 318
277 319
278 278
278 316
278 317
278 318
278 319
279 279
279 316
279 317
279 318
279 319
280 280
280 281
280 282
280 283
280 320
280 321
280 322
280 323
281 281
281 282
281 283
281 320
281 321
281 322
281 323
282 282
282 283
282 284
282 285
282 320
282 321
282 322
282 323
282 324
282 325
283 283
283 284
283 285
283 320
283 321
283 322
283 323
283 324
283 325
284 284
284 285
284 286
284 287
284 322
284 323
284 324
284 325
284 326
284 327
285 285
285 286
285 287
285 322
285 323
285 324
285 325
285 326
285 327
286 286
286 287
286 288
286 289
286 324
286 325
286 326
286 327
286 328
286 329
287 287
287 288
287 289
287 324
287 325
287 326
287 327
287 328
287 329
288 288
288 289
288 290
288 291
288 326
288 327
288 328
288 329
288 330
288 331
289 289
289 290
289 291
289 326
289 327
289 328
289 329
289 330
289 331
290 290
290 291
290 292
290 293
290 328
290 329
290 330
290 331
290 332
290 333
291 291
291 292
291 293
291 328
291 329
291 330
291 331
291 332
291 333
292 292
292 293
292 294
292 295
292 330
292 331
292 332
292 333
292 334
292 335
293 293
293 294
293 295
293 330
293 331
293 332
293 333
293 334
293 335
294 294
294 295
294 296
294 297
294 332
294 333
294 334
294 335
294 336
294 337
295 295
295 296
295 297
295 332
295 333
295 334
295 335
295 336
295 337
296 296
296 297
296 298
296 299
296 334
296 335
296 336
296 337
296 338
296 339
297 297
297 298
297 299
297 334
297 335
297 336
297 337
297 338
297 339
298 298
298 299
298 300
298 301
298 336
298 337
298 338
298 339
298 340
298 341
299 299
299 300
299 301
299 336
299 337
299 338
299 339
299 340
299 341
300 300
300 301
300 302
300 303
300 338
300 339
300 340
300 341
300 342
300 343
301 301
301 302
301 303
301 338
301 339
301 340
301 341
301 342
301 343
302 302
302 303
302 304
302 305
302 340
302 341
302 342
302 343
302 344
302 345
303 303
303 304
303 305
303 340
303 341
303 342
303 343
303 344
303 345
304 304
304 306
304 307
304 342
304 343
304 344
304 345
304 346
304 347
305 305
305 306
305 307
305 342
305 343
305 344
305 345
305 346
305 347
306 306
306 307
306 308
306 309
306 344
306 345
306 346
306 347
306 348
306 349
307 307
307 308
307 309
307 344
307 345
307 346
307 347
307 348
307 349
308 308
308 309
308 310
308 311
308 346
308 347
308 348
308 350
308 351
309 309
309 310
309 311
309 346
309 347
309 349
309 350
309 351
310 310
310 311
310 312
310 313
310 348
310 349
310 350
310 351
310 352
310 353
311 311
311 312
311 313
311 348
311 349
311 350
311 351
311 352
311 353
312 312
312 313
312 314
312 315
312 350
312 351
312 352
312 354
312 355
313 313
313 314
313 315
313 350
313 351
313 353
313 354
313 355
314 314
314 315
314 316
314 317
314 352
314 353
314 354
314 355
314 356
314 357
315 315
315 316
315 317
315 352
315 353
315 354
315 355
315 356
315 357
316 316
316 317
316 318
316 319
316 354
316 355
316 356
316 357
316 358
316 359
317 317
317 318
317 319
317 354
317 355
317 356
317 357
317 358
317 359
318 318
318 319
318 356
318 357
318 358
318 359
319 319
319 356
319 357
319 358
319 359
320 320
320 321
320 322
320 323
320 360
320 361
320 362
320 363
321 321
321 322
321 323
321 360
321 361
321 362
321 363
322 322
322 323
322 324
322 325
322 360
322 361
322 362
322 363
322 364
322 365
323 323
323 324
323 325
323 360
323 361
323 362
323 363
323 364
323 365
324 324
324 325
324 326
324 327
324 362
324 363
324 364
324 365
324 366
324 367
325 325
325 326
325 327
325 362
325 363
325 364
325 365
325 366
325 367
326 326
326 327
326 328
326 329
326 364
326 365
326 366
326 367
326 368
326 369
327 327
327 328
327 329
327 364
327 365
327 366
327 367
327 368
327 369
328 328
328 329
328 330
328 331
328 366
328 367
328 368
328 369
328 370
328 371
329 329
329 330
329 331
329 366
329 367
329 368
329 369
329 370
329 371
330 330
330 331
330 332
330 333
330 368
330 369
330 370
330 371
330 372
330 373
331 331
331 332
331 333
331 368
331 369
331 370
331 371
331 372
331 373
332 332
332 333
332 334
332 335
332 370
332 371
332 372
332 373
332 374
332 375
333 333
333 334
333 335
333 370
333 371
333 372
333 373
333 374
333 375
334 334
334 335
334 336
334 337
334 372
334 373
334 374
334 375
334 376
334 377
335 335
335 336
335 337
335 372
335 373
335 374
335 375
335 376
335 377
336 336
336 337
336 338
336 339
336 374
336 375
336 376
336 377
336 378
336 379
337 337
337 338
337 339
337 374
337 375
337 376
337 377
337 378
337 379
338 338
338 339
338 340
338 341
338 376
338 377
338 378
338 379
338 380
338 381
339 339
339 340
339 341
339 376
339 377
339 378
339 379
339 380
339 381
340 340
340 342
340 343
340 378
340 379
340 380
340 381
340 382
340 383
341 341
341 342
341 343
341 378
341 379
341 380
341 381
341 382
341 383
342 342
342 343
342 344
342 345
342 380
342 381
342 382
342 383
342 384
342 385
343 343
343 344
343 345
343 380
343 381
343 382
343 383
343 384
343 385
344 344
344 346
344 347
344 382
344 383
344 384
344 385
344 386
344 387
345 345
345 346
345 347
345 382
345 383
345 384
345 385
345 386
345 387
346 346
346 347
346 348
346 349
346 384
346 385
346 386
346 387
346 388
346 389
347 347
347 348
347 349
347 384
347 385
347 386
347 387
347 388
347 389
348 348
348 349
348 350
348 351
348 386
348 387
348 388
348 390
348 391
349 349
349 350
349 351
349 386
349 387
349 389
349 390
349 391
350 350
350 351
350 352
350 353
350 388
350 389
350 390
350 391
350 392
350 393
351 351
351 352
351 353
351 388
351 389
351 390
351 391
351 392
351 393
352 352
352 353
352 354
352 355
352 390
352 391
352 392
352 394
352 395
353 353
353 354
353 355
353 390
353 391
353 393
353 394
353 395
354 354
354 355
354 356
354 357
354 392
354 393
354 394
354 395
354 396
354 397
355 355
355 356
355 357
355 392
355 393
355 394
355 395
355 396
355 397
356 356
356 357
356 358
356 359
356 394
356 395
356 396
356 397
356 398
356 399
357 357
357 358
357 359
357 394
357 395
357 396
357 397
357 398
357 399
358 358
358 359
358 396
358 397
358 398
358 399
359 359
359 396
359 397
359 398
359 399
360 360
360 361
360 362
360 363
360 400
360 401
360 402
360 403
361 361
361 362
361 363
361 400
361 401
361 402
361 403
362 362
362 363
362 364
362 365
362 400
362 401
362 402
362 403
362 404
362 405
363 363
363 364
363 365
363 400
363 401
363 402
363 403
363 404
363 405
364 364
364 365
364 366
364 367
364 402
364 403
364 404
364 405
364 406
364 407
365 365
365 366
365 367
365 402
365 403
365 404
365 405
365 406
365 407
366 366
366 367
366 368
366 369
366 404
366 405
366 406
366 407
366 408
366 409
367 367
367 368
367 369
367 404
367 405
367 406
367 407
367 408
367 409
368 368
368 369
368 370
368 371
368 406
368 407
368 408
368 409
368 410
368 411
369 369
369 370
369 371
369 406
369 407
369 408
369 409
369 410
369 411
370 370
370 371
370 372
370 373
370 408
370 409
370 410
370 411
370 412
370 413
371 371
371 372
371 373
371 408
371 409
371 410
371 411
371 412
371 413
372 372
372 373
372 374
372 375
372 410
372 411
372 412
372 413
372 414
372 415
373 373
373 374
373 375
373 410
373 411
373 412
373 413
373 414
373 415
374 374
374 375
374 376
374 377
374 412
374 413
374 414
374 415
374 416
374 417
375 375
375 376
375 377
375 412
375 413
375 414
375 415
375 416
375 417
376 376
376 377
376 378
376 379
376 414
376 415
376 416
376 417
376 418
376 419
377 377
377 378
377 379
377 414
377 415
377 416
377 417
377 418
377 419
378 378
378 379
378 380
378 381
378 416
378 417
378 418
378 419
378 420
378 421
379 379
379 380
379 381
379 416
379 417
379 418
379 419
379 420
379 421
380 380
380 381
380 382
380 383
380 418
380 419
380 420
380 421
380 422
380 423
381 381
381 382
381 383
381 418
381 419
381 420
381 421
381 422
381 423
382 382
382 383
382 384
382 385
382 420
382 421
382 422
382 423
382 424
382 425
383 383
383 384
383 385
383 420
383 421
383 422
383 423
383 424
383 425
384 384
384 385
384 386
384 387
384 422
384 423
384 424
384 425
384 426
384 427
385 385
385 386
385 387
385 422
385 423
385 424
385 425
385 426
385 427
386 386
386 387
386 388
386 389
386 424
386 425
386 426
386 427
386 428
386 429
387 387
387 388
387 389
387 424
387 425
387 426
387 427
387 428
387 429
388 388
388 389
388 390
388 426
388 427
388 428
388 430
388 431
389 389
389 391
389 426
389 427
389 429
389 430
389 431
390 390
390 391
390 392
390 393
390 428
390 429
390 430
390 431
390 432
390 433
391 391
391 392
391 393
391 428
391 429
391 430
391 431
391 432
391 433
392 392
392 393
392 394
392 395
392 430
392 431
392 432
392 433
392 434
392 435
393 393
393 394
393 395
393 430
393 431
393 432
393 433
393 434
393 435
394 394
394 396
394 397
394 432
394 433
394 434
394 436
394 437
395 395
395 396
395 397
395 432
395 433
395 435
395 436
395 437
396 396
396 398
396 399
396 434
396 435
396 436
396 438
396 439
397 397
397 398
397 399
397 434
397 435
397 437
397 438
397 439
398 398
398 399
398 436
398 437
398 438
398 439
399 399
399 436
399 437
399 438
399 439
400 400
400 401
400 402
400 403
400 440
400 441
400 442
400 443
401 401
401 402
401 403
401 440
401 441
401 442
401 443
402 402
402 403
402 404
402 405
402 440
402 441
402 442
402 443
402 444
402 445
403 403
403 404
403 405
403 440
403 441
403 442
403 443
403 444
403 445
404 404
404 405
404 406
404 407
404 442
404 443
404 444
404 445
404 446
404 447
405 405
405 406
405 407
405 442
405 443
405 444
405 445
405 446
405 447
406 406
406 407
406 408
406 409
406 444
406 445
406 446
406 447
406 448
406 449
407 407
407 408
407 409
407 444
407 445
407 446
407 447
407 448
407 449
408 408
408 409
408 410
408 446
408 447
408 448
408 449
408 450
408 451
409 409
409 411
409 446
409 447
409 448
409 449
409 450
409 451
410 410
410 411
410 412
410 413
410 448
410 449
410 450
410 451
410 452
410 453
411 411
411 412
411 413
411 448
411 449
411 450
411 451
411 452
411 453
412 412
412 413
412 414
412 415
412 450
412 451
412 452
412 453
412 454
412 455
413 413
413 414
413 415
413 450
413 451
413 452
413 453
413 454
413 455
414 414
414 415
414 416
414 417
414 452
414 453
414 454
414 455
414 456
414 457
415 415
415 416
415 417
415 452
415 453
415 454
415 455
415 456
415 457
416 416
416 417
416 418
416 419
416 454
416 455
416 456
416 457
416 458
416 459
417 417
417 418
417 419
417 454
417 455
417 456
417 457
417 458
417 459
418 418
418 419
418 420
418 421
418 456
418 457
418 458
418 459
418 460
418 461
419 419
419 420
419 421
419 456
419 457
419 458
419 459
419 460
419 461
420 420
420 421
420 422
420 423
420 458
420 459
420 460
420 461
420 462
420 463
421 421
421 422
421 423
421 458
421 459
421 460
421 461
421 462
421 463
422 422
422 423
422 424
422 425
422 460
422 461
422 462
422 463
422 464
422 465
423 423
423 424
423 425
423 460
423 461
423 462
423 463
423 464
423 465
424 424
424 425
424 426
424 427
424 462
424 463
424 464
424 465
424 466
424 467
425 425
425 426
425 427
425 462
425 463
425 464
425 465
425 466
425 467
426 426
426 427
426 428
426 429
426 464
426 465
426 466
426 467
426 468
426 469
427 427
427 428
427 429
427 464
427 465
427 466
427 467
427 468
427 469
428 428
428 429
428 430
428 466
428 467
428 468
428 470
428 471
429 429
429 431
429 466
429 467
429 469
429 470
429 471
430 430
430 431
430 432
430 433
430 468
430 469
430 470
430 471
430 472
430 473
431 431
431 432
431 433
431 468
431 469
431 470
431 471
431 472
431 473
432 432
432 433
432 434
432 435
432 470
432 471
432 472
432 473
432 474
432 475
433 433
433 434
433 435
433 470
433 471
433 472
433 473
433 474
433 475
434 434
434 435
434 436
434 437
434 472
434 473
434 474
434 475
434 476
434 477
435 435
435 436
435 437
435 472
435 473
435 474
435 475
435 476
435 477
436 436
436 437
436 438
436 439
436 474
436 475
436 476
436 477
436 478
436 479
437 437
437 438
437 439
437 474
437 475
437 476
437 477
437 478
437 479
438 438
438 439
438 476
438 477
438 478
438 479
439 439
439 476
439 477
439 478
439 479
440 440
440 441
440 442
440 443
440 480
440 481
440 482
440 483
441 441
441 442
441 443
441 480
441 481
441 482
441 483
442 442
442 443
442 444
442 445
442 480
442 481
442 482
442 483
442 484
442 485
443 443
443 444
443 445
443 480
443 481
443 482
443 483
443 484
443 485
444 444
444 445
444 446
444 447
444 482
444 483
444 484
444 485
444 486
444 487
445 445
445 446
445 447
445 482
445 483
445 484
445 485
445 486
445 487
446 446
446 447
446 448
446 449
446 484
446 485
446 486
446 487
446 488
446 489
447 447
447 448
447 449
447 484
447 485
447 486
447 487
447 488
447 489
448 448
448 449
448 450
448 486
448 487
448 488
448 489
448 490
448 491
449 449
449 451
449 486
449 487
449 488
449 489
449 490
449 491
450 450
450 451
450 452
450 453
450 488
450 489
450 490
450 491
450 492
450 493
451 451
451 452
451 453
451 488
451 489
451 490
451 491
451 492
451 493
452 452
452 453
452 454
452 455
452 490
452 491
452 492
452 493
452 494
452 495
453 453
453 454
453 455
453 490
453 491
453 492
453 493
453 494
453 495
454 454
454 455
454 456
454 457
454 492
454 493
454 494
454 495
454 496
454 497
455 455
455 456
455 457
455 492
455 493
455 494
455 495
455 496
455 497
456 456
456 457
456 458
456 459
456 494
456 495
456 496
456 497
456 498
456 499
457 457
457 458
457 459
457 494
457 495
457 496
457 497
457 498
457 499
458 458
458 459
458 460
458 461
458 496
458 497
458 498
458 499
458 500
458 501
459 459
459 460
459 461
459 496
459 497
459 498
459 499
459 500
459 501
460 460
460 461
460 462
460 463
460 498
460 499
460 500
460 501
460 502
460 503
461 461
461 462
461 463
461 498
461 499
461 500
461 501
461 502
461 503
462 462
462 463
462 464
462 465
462 500
462 501
462 502
462 503
462 504
462 505
463 463
463 464
463 465
463 500
463 501
463 502
463 503
463 504
463 505
464 464
464 465
464 466
464 467
464 502
464 503
464 504
464 506
464 507
465 465
465 466
465 467
465 502
465 503
465 505
465 506
465 507
466 466
466 467
466 468
466 469
466 504
466 505
466 506
466 508
466 509
467 467
467 468
467 469
467 504
467 505
467 507
467 508
467 509
468 468
468 469
468 470
468 471
468 506
468 507
468 508
468 509
468 510
468 511
469 469
469 470
469 471
469 506
469 507
469 508
469 509
469 510
469 511
470 470
470 471
470 472
470 473
470 508
470 509
470 510
470 512
470 513
471 471
471 472
471 473
471 508
471 509
471 511
471 512
471 513
472 472
472 473
472 474
472 475
472 510
472 511
472 512
472 513
472 514
472 515
473 473
473 474
473 475
473 510
473 511
473 512
473 513
473 514
473 515
474 474
474 475
474 476
474 477
474 512
474 513
474 514
474 515
474 516
474 517
475 475
475 476
475 477
475 512
475 513
475 514
475 515
475 516
475 517
476 476
476 477
476 478
476 479
476 514
476 515
476 516
476 518
476 519
477 477
477 478
477 479
477 514
477 515
477 517
477 518
477 519
478 478
478 479
478 516
478 517
478 518
478 519
479 479
479 516
479 517
479 518
479 519
480 480
480 481
480 482
480 483
480 520
480 521
480 522
480 523
481 481
481 482
481 483
481 520
481 521
481 522
481 523
482 482
482 483
482 484
482 485
482 520
482 521
482 522
482 523
482 524
482 525
483 483
483 484
483 485
483 520
483 521
483 522
483 523
483 524
483 525
484 484
484 485
484 486
484 487
484 522
484 523
484 524
484 525
484 526
484 527
485 485
485 486
485 487
485 522
485 523
485 524
485 525
485 526
485 527
486 486
486 487
486 488
486 489
486 524
486 525
486 526
486 527
486 528
486 529
487 487
487 488
487 489
487 524
487 525
487 526
487 527
487 528
487 529
488 488
488 489
488 490
488 526
488 527
488 528
488 529
488 530
488 531
489 489
489 491
489 526
489 527
489 528
489 529
489 530
489 531
490 490
490 491
490 492
490 493
490 528
490 529
490 530
490 531
490 532
490 533
491 491
491 492
491 493
491 528
491 529
491 530
491 531
491 532
491 533
492 492
492 493
492 494
492 495
492 530
492 531
492 532
492 533
492 534
492 535
493 493
493 494
493 495
493 530
493 531
493 532
493 533
493 534
493 535
494 494
494 495
494 496
494 497
494 532
494 533
494 534
494 535
494 536
494 537
495 495
495 496
495 497
495 532
495 533
495 534
495 535
495 536
495 537
496 496
496 497
496 498
496 499
496 534
496 535
496 536
496 537
496 538
496 539
497 497
497 498
497 499
497 534
497 535
497 536
497 537
497 538
497 539
498 498
498 499
498 500
498 501
498 536
498 537
498 538
498 539
498 540
498 541
499 499
499 500
499 501
499 536
499 537
499 538
499 539
499 540
499 541
500 500
500 501
500 502
500 503
500 538
500 539
500 540
500 541
500 542
500 543
501 501
501 502
501 503
501 538
501 539
501 540
501 541
501 542
501 543
502 502
502 503
502 504
502 505
502 540
502 541
502 542
502 543
502 544
502 545
503 503
503 504
503 505
503 540
503 541
503 542
503 543
503 544
503 545
504 504
504 505
504 506
504 507
504 542
504 543
504 544
504 546
504 547
505 505
505 506
505 507
505 542
505 543
505 545
505 546
505 547
506 506
506 507
506 508
506 509
506 544
506 545
506 546
506 548
506 549
507 507
507 508
507 509
507 544
507 545
507 547
507 548
507 549
508 508
508 509
508 510
508 511
508 546
508 547
508 548
508 549
508 550
508 551
509 509
509 510
509 511
509 546
509 547
509 548
509 549
509 550
509 551
510 510
510 511
510 512
510 513
510 548
510 549
510 550
510 552
510 553
511 511
511 512
511 513
511 548
511 549
511 551
511 552
511 553
512 512
512 513
512 514
512 550
512 551
512 552
512 553
512 554
512 555
513 513
513 515
513 550
513 551
513 552
513 553
513 554
513 555
514 514
514 515
514 516
514 517
514 552
514 553
514 554
514 556
514 557
515 515
515 516
515 517
515 552
515 553
515 555
515 556
515 557
516 516
516 518
516 519
516 554
516 555
516 556
516 557
516 558
516 559
517 517
517 518
517 519
517 554
517 555
517 556
517 557
517 558
517 559
518 518
518 519
518 556
518 557
518 558
518 559
519 519
519 556
519 557
519 558
519 559
520 520
520 521
520 522
520 523
520 560
520 561
520 562
520 563
521 521
521 522
521 523
521 560
521 561
521 562
521 563
522 522
522 523
522 524
522 525
522 560
522 561
522 562
522 563
522 564
522 565
523 523
523 524
523 525
523 560
523 561
523 562
523 563
523 564
523 565
524 524
524 525
524 526
524 527
524 562
524 563
524 564
524 565
524 566
524 567
525 525
525 526
525 527
525 562
525 563
525 564
525 565
525 566
525 567
526 526
526 527
526 528
526 529
526 564
526 565
526 566
526 567
526 568
526 569
527 527
527 528
527 529
527 564
527 565
527 566
527 567
527 568
527 569
528 528
528 529
528 530
528 531
528 566
528 567
528 568
528 569
528 570
528 571
529 529
529 530
529 531
529 566
529 567
529 568
529 569
529 570
529 571
530 530
530 531
530 532
530 533
530 568
530 569
530 570
530 571
530 572
530 573
531 531
531 532
531 533
531 568
531 569
531 570
531 571
531 572
531 573
532 532
532 533
532 534
532 535
532 570
532 571
532 572
532 573
532 574
532 575
533 533
533 534
533 535
533 570
533 571
533 572
533 573
533 574
533 575
534 534
534 535
534 536
534 537
534 572
534 573
534 574
534 575
534 576
534 577
535 535
535 536
535 537
535 572
535 573
535 574
535 575
535 576
535 577
536 536
536 537
536 538
536 539
536 574
536 575
536 576
536 577
536 578
536 579
537 537
537 538
537 539
537 574
537 575
537 576
537 577
537 578
537 579
538 538
538 539
538 540
538 541
538 576
538 577
538 578
538 579
538 580
538 581
539 539
539 540
539 541
539 576
539 577
539 578
539 579
539 580
539 581
540 540
540 541
540 542
540 543
540 578
540 579
540 580
540 581
540 582
540 583
541 541
541 542
541 543
541 578
541 579
541 580
541 581
541 582
541 583
542 542
542 543
542 544
542 545
542 580
542 581
542 582
542 583
542 584
542 585
543 543
543 544
543 545
543 580
543 581
543 582
543 583
543 584
543 585
544 544
544 545
544 546
544 547
544 582
544 583
544 584
544 585
544 586
544 587
545 545
545 546
545 547
545 582
545 583
545 584
545 585
545 586
545 587
546 546
546 547
546 548
546 549
546 584
546 585
546 586
546 587
546 588
546 589
547 547
547 548
547 549
547 584
547 585
547 586
547 587
547 588
547 589
548 548
548 549
548 550
548 551
548 586
548 587
548 588
548 590
548 591
549 549
549 550
549 551
549 586
549 587
549 588
549 589
549 590
549 591
550 550
550 551
550 552
550 553
550 588
550 589
550 590
550 592
550 593
551 551
551 552
551 553
551 588
551 589
551 591
551 592
551 593
552 552
552 553
552 554
552 555
552 590
552 591
552 592
552 593
552 594
552 595
553 553
553 554
553 555
553 590
553 591
553 592
553 593
553 594
553 595
554 554
554 555
554 556
554 557
554 592
554 593
554 594
554 595
554 596
554 597
555 555
555 556
555 557
555 592
555 593
555 594
555 595
555 596
555 597
556 556
556 557
556 558
556 559
556 594
556 595
556 596
556 597
556 598
556 599
557 557
557 558
557 559
557 594
557 595
557 596
557 597
557 598
557 599
558 558
558 559
558 596
558 597
558 598
558 599
559 559
559 596
559 597
559 598
559 599
560 560
560 561
560 562
560 563
560 600
560 601
560 602
560 603
561 561
561 562
561 563
561 600
561 601
561 602
561 603
562 562
562 563
562 564
562 565
562 600
562 601
562 602
562 603
562 604
562 605
563 563
563 564
563 565
563 600
563 601
563 602
563 603
563 604
563 605
564 564
564 565
564 566
564 567
564 602
564 603
564 604
564 605
564 606
564 607
565 565
565 566
565 567
565 602
565 603
565 604
565 605
565 606
565 607
566 566
566 567
566 568
566 569
566 604
566 605
566 606
566 607
566 608
566 609
567 567
567 568
567 569
567 604
567 605
567 606
567 607
567 608
567 609
568 568
568 569
568 570
568 571
568 606
568 607
568 608
568 609
568 610
568 611
569 569
569 570
569 571
569 606
569 607
569 608
569 609
569 610
569 611
570 570
570 571
570 572
570 573
570 608
570 609
570 610
570 611
570 612
570 613
571 571
571 572
571 573
571 608
571 609
571 610
571 611
571 612
571 613
572 572
572 573
572 574
572 575
572 610
572 611
572 612
572 613
572 614
572 615
573 573
573 574
573 575
573 610
573 611
573 612
573 613
573 614
573 615
574 574
574 575
574 576
574 577
574 612
574 613
574 614
574 615
574 616
574 617
575 575
575 576
575 577
575 612
575 613
575 614
575 615
575 616
575 617
576 576
576 577
576 578
576 579
576 614
576 615
576 616
576 617
576 618
576 619
577 577
577 578
577 579
577 614
577 615
577 616
577 617
577 618
577 619
578 578
578 579
578 580
578 581
578 616
578 617
578 618
578 619
578 620
578 621
579 579
579 580
579 581
579 616
579 617
579 618
579 619
579 620
579 621
580 580
580 581
580 582
580 583
580 618
580 619
580 620
580 621
580 622
580 623
581 581
581 582
581 583
581 618
581 619
581 620
581 621
581 622
581 623
582 582
582 583
582 584
582 585
582 620
582 621
582 622
582 623
582 624
582 625
583 583
583 584
583 585
583 620
583 621
583 622
583 623
583 624
583 625
584 584
584 585
584 586
584 587
584 622
584 623
584 624
584 625
584 626
584 627
585 585
585 586
585 587
585 622
585 623
585 624
585 625
585 626
585 627
586 586
586 587
586 588
586 589
586 624
586 625
586 626
586 628
586 629
587 587
587 588
587 589
587 624
587 625
587 627
587 628
587 629
588 588
588 589
588 590
588 591
588 626
588 627
588 628
588 630
588 631
589 589
589 590
589 591
589 626
589 627
589 629
589 630
589 631
590 590
590 591
590 592
590 593
590 628
590 629
590 630
590 631
590 632
590 633
591 591
591 592
591 593
591 628
591 629
591 630
591 631
591 632
591 633
592 592
592 593
592 594
592 595
592 630
592 631
592 632
592 633
592 634
592 635
593 593
593 594
593 595
593 630
593 631
593 632
593 633
593 634
593 635
594 594
594 595
594 596
594 597
594 632
594 633
594 634
594 636
594 637
595 595
595 596
595 597
595 632
595 633
595 635
595 636
595 637
596 596
596 597
596 598
596 599
596 634
596 635
596 636
596 638
596 639
597 597
597 598
597 599
597 634
597 635
597 637
597 638
597 639
598 598
598 599
598 636
598 637
598 638
598 639
599 599
599 636
599 637
599 638
599 639
600 600
600 601
600 602
600 603
600 640
600 641
600 642
600 643
601 601
601 602
601 603
601 640
601 641
601 642
601 643
602 602
602 603
602 604
602 605
602 640
602 641
602 642
602 643
602 644
602 645
603 603
603 604
603 605
603 640
603 641
603 642
603 643
603 644
603 645
604 604
604 605
604 606
604 607
604 642
604 643
604 644
604 645
604 646
604 647
605 605
605 606
605 607
605 642
605 643
605 644
605 645
605 646
605 647
606 606
606 607
606 608
606 609
606 644
606 645
606 646
606 647
606 648
606 649
607 607
607 608
607 609
607 644
607 645
607 646
607 647
607 648
607 649
608 608
608 609
608 610
608 611
608 646
608 647
608 648
608 649
608 650
608 651
609 609
609 610
609 611
609 646
609 647
609 648
609 649
609 650
609 651
610 610
610 611
610 612
610 613
610 648
610 649
610 650
610 651
610 652
610 653
611 611
611 612
611 613
611 648
611 649
611 650
611 651
611 652
611 653
612 612
612 613
612 614
612 615
612 650
612 651
612 652
612 653
612 654
612 655
613 613
613 614
613 615
613 650
613 651
613 652
613 653
613 654
613 655
614 614
614 615
614 616
614 617
614 652
614 653
614 654
614 655
614 656
614 657
615 615
615 616
615 617
615 652
615 653
615 654
615 655
615 656
615 657
616 616
616 617
616 618
616 619
616 654
616 655
616 656
616 657
616 658
616 659
617 617
617 618
617 619
617 654
617 655
617 656
617 657
617 658
617 659
618 618
618 619
618 620
618 621
618 656
618 657
618 658
618 659
618 660
618 661
619 619
619 620
619 621
619 656
619 657
619 658
619 659
619 660
619 661
620 620
620 621
620 622
620 623
620 658
620 659
620 660
620 661
620 662
620 663
621 621
621 622
621 623
621 658
621 659
621 660
621 661
621 662
621 663
622 622
622 623
622 624
622 625
622 660
622 661
622 662
622 663
622 664
622 665
623 623
623 624
623 625
623 660
623 661
623 662
623 663
623 664
623 665
624 624
624 625
624 626
624 627
624 662
624 663
624 664
624 666
624 667
625 625
625 626
625 627
625 662
625 663
625 665
625 666
625 667
626 626
626 627
626 628
626 629
626 664
626 665
626 666
626 667
626 668
626 669
627 627
627 628
627 629
627 664
627 665
627 666
627 667
627 668
627 669
628 628
628 629
628 630
628 631
628 666
628 667
628 668
628 669
628 670
628 671
629 629
629 630
629 631
629 666
629 667
629 668
629 669
629 670
629 671
630 630
630 631
630 632
630 633
630 668
630 669
630 670
630 671
630 672
630 673
631 631
631 632
631 633
631 668
631 669
631 670
631 671
631 672
631 673
632 632
632 633
632 634
632 635
632 670
632 671
632 672
632 673
632 674
632 675
633 633
633 634
633 635
633 670
633 671
633 672
633 673
633 674
633 675
634 634
634 635
634 636
634 637
634 672
634 673
634 674
634 675
634 676
634 677
635 635
635 636
635 637
635 672
635 673
635 674
635 675
635 676
635 677
636 636
636 638
636 639
636 674
636 675
636 676
636 678
636 679
637 637
637 638
637 639
637 674
637 675
637 677
637 678
637 679
638 638
638 639
638 676
638 677
638 678
638 679
639 639
639 676
639 677
639 678
639 679
640 640
640 641
640 642
640 643
640 680
640 681
640 682
640 683
641 641
641 642
641 643
641 680
641 681
641 682
641 683
642 642
642 643
642 644
642 645
642 680
642 681
642 682
642 683
642 684
642 685
643 643
643 644
643 645
643 680
643 681
643 682
643 683
643 684
643 685
644 644
644 645
644 646
644 647
644 682
644 683
644 684
644 685
644 686
644 687
645 645
645 646
645 647
645 682
645 683
645 684
645 685
645 686
645 687
646 646
646 647
646 648
646 649
646 684
646 685
646 686
646 687
646 688
646 689
647 647
647 648
647 649
647 684
647 685
647 686
647 687
647 688
647 689
648 648
648 649
648 650
648 651
648 686
648 687
648 688
648 689
648 690
648 691
649 649
649 650
649 651
649 686
649 687
649 688
649 689
649 690
649 691
650 650
650 651
650 652
650 653
650 688
650 689
650 690
650 691
650 692
650 693
651 651
651 652
651 653
651 688
651 689
651 690
651 691
651 692
651 693
652 652
652 653
652 654
652 655
652 690
652 691
652 692
652 693
652 694
652 695
653 653
653 654
653 655
653 690
653 691
653 692
653 693
653 694
653 695
654 654
654 655
654 656
654 657
654 692
654 693
654 694
654 695
654 696
654 697
655 655
655 656
655 657
655 692
655 693
655 694
655 695
655 696
655 697
656 656
656 657
656 658
656 659
656 694
656 695
656 696
656 697
656 698
656 699
657 657
657 658
657 659
657 694
657 695
657 696
657 697
657 698
657 699
658 658
658 659
658 660
658 661
658 696
658 697
658 698
658 699
658 700
658 701
659 659
659 660
659 661
659 696
659 697
659 698
659 699
659 700
659 701
660 660
660 661
660 662
660 663
660 698
660 699
660 700
660 701
660 702
660 703
661 661
661 662
661 663
661 698
661 699
661 700
661 701
661 702
661 703
662 662
662 663
662 664
662 665
662 700
662 701
662 702
662 703
662 704
662 705
663 663
663 664
663 665
663 700
663 701
663 702
663 703
663 704
663 705
664 664
664 666
664 667
664 702
664 703
664 704
664 705
664 706
664 707
665 665
665 666
665 667
665 702
665 703
665 704
665 705
665 706
665 707
666 666
666 667
666 668
666 669
666 704
666 705
666 706
666 708
666 709
667 667
667 668
667 669
667 704
667 705
667 707
667 708
667 709
668 668
668 669
668 670
668 671
668 706
668 707
668 708
668 710
668 711
669 669
669 670
669 671
669 706
669 707
669 708
669 709
669 710
669 711
670 670
670 671
670 672
670 673
670 708
670 709
670 710
670 712
670 713
671 671
671 672
671 673
671 708
671 709
671 711
671 712
671 713
672 672
672 673
672 674
672 675
672 710
672 711
672 712
672 714
672 715
673 673
673 674
673 675
673 710
673 711
673 713
673 714
673 715
674 674
674 675
674 676
674 677
674 712
674 713
674 714
674 716
674 717
675 675
675 676
675 677
675 712
675 713
675 715
675 716
675 717
676 676
676 677
676 678
676 679
676 714
676 715
676 716
676 717
676 718
676 719
677 677
677 678
677 679
677 714
677 715
677 716
677 717
677 718
677 719
678 678
678 679
678 716
678 717
678 718
678 719
679 679
679 716
679 717
679 718
679 719
680 680
680 681
680 682
680 683
680 720
680 721
680 722
680 723
681 681
681 682
681 683
681 720
681 721
681 722
681 723
682 682
682 683
682 684
682 685
682 720
682 721
682 722
682 723
682 724
682 725
683 683
683 684
683 685
683 720
683 721
683 722
683 723
683 724
683 725
684 684
684 685
684 686
684 687
684 722
684 723
684 724
684 725
684 726
684 727
685 685
685 686
685 687
685 722
685 723
685 724
685 725
685 726
685 727
686 686
686 687
686 688
686 689
686 724
686 725
686 726
686 727
686 728
686 729
687 687
687 688
687 689
687 724
687 725
687 726
687 727
687 728
687 729
688 688
688 689
688 690
688 691
688 726
688 727
688 728
688 729
688 730
688 731
689 689
689 690
689 691
689 726
689 727
689 728
689 729
689 730
689 731
690 690
690 691
690 692
690 693
690 728
690 729
690 730
690 731
690 732
690 733
691 691
691 692
691 693
691 728
691 729
691 730
691 731
691 732
691 733
692 692
692 693
692 694
692 695
692 730
692 731
692 732
692 733
692 734
692 735
693 693
693 694
693 695
693 730
693 731
693 732
693 733
693 734
693 735
694 694
694 695
694 696
694 697
694 732
694 733
694 734
694 735
694 736
694 737
695 695
695 696
695 697
695 732
695 733
695 734
695 735
695 736
695 737
696 696
696 697
696 698
696 699
696 734
696 735
696 736
696 737
696 738
696 739
697 697
697 698
697 699
697 734
697 735
697 736
697 737
697 738
697 739
698 698
698 699
698 700
698 701
698 736
698 737
698 738
698 739
698 740
698 741
699 699
699 700
699 701
699 736
699 737
699 738
699 739
699 740
699 741
700 700
700 701
700 702
700 703
700 738
700 739
700 740
700 741
700 742
700 743
701 701
701 702
701 703
701 738
701 739
701 740
701 741
701 742
701 743
702 702
702 703
702 704
702 705
702 740
702 741
702 742
702 743
702 744
702 745
703 703
703 704
703 705
703 740
703 741
703 742
703 743
703 744
703 745
704 704
704 705
704 706
704 707
704 742
704 743
704 744
704 745
704 746
704 747
705 705
705 706
705 707
705 742
705 743
705 744
705 745
705 746
705 747
706 706
706 707
706 708
706 709
706 744
706 745
706 746
706 748
706 749
707 707
707 708
707 709
707 744
707 745
707 747
707 748
707 749
708 708
708 709
708 710
708 711
708 746
708 747
708 748
708 749
708 750
708 751
709 709
709 710
709 711
709 746
709 747
709 748
709 749
709 750
709 751
710 710
710 711
710 712
710 713
710 748
710 749
710 750
710 752
710 753
711 711
711 712
711 713
711 748
711 749
711 751
711 752
711 753
712 712
712 713
712 714
712 715
712 750
712 751
712 752
712 754
712 755
713 713
713 714
713 715
713 750
713 751
713 753
713 754
713 755
714 714
714 716
714 717
714 752
714 753
714 754
714 755
714 756
714 757
715 715
715 716
715 717
715 752
715 753
715 754
715 755
715 756
715 757
716 716
716 717
716 718
716 719
716 754
716 755
716 756
716 758
716 759
717 717
717 718
717 719
717 754
717 755
717 757
717 758
717 759
718 718
718 719
718 756
718 757
718 758
718 759
719 719
719 756
719 757
719 758
719 759
720 720
720 721
720 722
720 723
720 760
720 761
720 762
720 763
721 721
721 722
721 723
721 760
721 761
721 762
721 763
722 722
722 723
722 724
722 725
722 760
722 761
722 762
722 763
722 764
722 765
723 723
723 724
723 725
723 760
723 761
723 762
723 763
723 764
723 765
724 724
724 725
724 726
724 727
724 762
724 763
724 764
724 765
724 766
724 767
725 725
725 726
725 727
725 762
725 763
725 764
725 765
725 766
725 767
726 726
726 727
726 728
726 729
726 764
726 765
726 766
726 767
726 768
726 769
727 727
727 728
727 729
727 764
727 765
727 766
727 767
727 768
727 769
728 728
728 729
728 730
728 731
728 766
728 767
728 768
728 769
728 770
728 771
729 729
729 730
729 731
729 766
729 767
729 768
729 769
729 770
729 771
730 730
730 731
730 732
730 733
730 768
730 769
730 770
730 771
730 772
730 773
731 731
731 732
731 733
731 768
731 769
731 770
731 771
731 772
731 773
732 732
732 733
732 734
732 735
732 770
732 771
732 772
732 773
732 774
732 775
733 733
733 734
733 735
733 770
733 771
733 772
733 773
733 774
733 775
734 734
734 735
734 736
734 737
734 772
734 773
734 774
734 775
734 776
734 777
735 735
735 736
735 737
735 772
735 773
735 774
735 775
735 776
735 777
736 736
736 737
736 738
736 739
736 774
736 775
736 776
736 777
736 778
736 779
737 737
737 738
737 739
737 774
737 775
737 776
737 777
737 778
737 779
738 738
738 739
738 740
738 741
738 776
738 777
738 778
738 779
738 780
738 781
739 739
739 740
739 741
739 776
739 777
739 778
739 779
739 780
739 781
740 740
740 741
740 742
740 743
740 778
740 779
740 780
740 781
740 782
740 783
741 741
741 742
741 743
741 778
741 779
741 780
741 781
741 782
741 783
742 742
742 743
742 744
742 745
742 780
742 781
742 782
742 783
742 784
742 785
743 743
743 744
743 745
743 780
743 781
743 782
743 783
743 784
743 785
744 744
744 746
744 747
744 782
744 783
744 784
744 785
744 786
744 787
745 745
745 746
745 747
745 782
745 783
745 784
745 785
745 786
745 787
746 746
746 747
746 748
746 749
746 784
746 785
746 786
746 787
746 788
746 789
747 747
747 748
747 749
747 784
747 785
747 786
747 787
747 788
747 789
748 748
748 749
748 750
748 751
748 786
748 787
748 788
748 790
748 791
749 749
749 750
749 751
749 786
749 787
749 789
749 790
749 791
750 750
750 751
750 752
750 753
750 788
750 789
750 790
750 791
750 792
750 793
751 751
751 752
751 753
751 788
751 789
751 790
751 791
751 792
751 793
752 752
752 753
752 754
752 755
752 790
752 791
752 792
752 793
752 794
752 795
753 753
753 754
753 755
753 790
753 791
753 792
753 793
753 794
753 795
754 754
754 756
754 757
754 792
754 793
754 794
754 795
754 796
754 797
755 755
755 756
755 757
755 792
755 793
755 794
755 795
755 796
755 797
756 756
756 758
756 759
756 794
756 795
756 796
756 797
756 798
756 799
757 757
757 758
757 759
757 794
757 795
757 796
757 797
757 798
757 799
758 758
758 759
758 796
758 797
758 798
758 799
759 759
759 796
759 797
759 798
759 799
760 760
760 761
760 762
760 763
760 800
760 801
760 802
760 803
761 761
761 762
761 763
761 800
761 801
761 802
761 803
762 762
762 763
762 764
762 765
762 800
762 801
762 802
762 803
762 804
762 805
763 763
763 764
763 765
763 800
763 801
763 802
763 803
763 804
763 805
764 764
764 765
764 766
764 767
764 802
764 803
764 804
764 805
764 806
764 807
765 765
765 766
765 767
765 802
765 803
765 804
765 805
765 806
765 807
766 766
766 767
766 768
766 769
766 804
766 805
766 806
766 807
766 808
766 809
767 767
767 768
767 769
767 804
767 805
767 806
767 807
767 808
767 809
768 768
768 769
768 770
768 771
768 806
768 807
768 808
768 809
768 810
768 811
769 769
769 770
769 771
769 806
769 807
769 808
769 809
769 810
769 811
770 770
770 771
770 772
770 773
770 808
770 809
770 810
770 811
770 812
770 813
771 771
771 772
771 773
771 808
771 809
771 810
771 811
771 812
771 813
772 772
772 773
772 774
772 775
772 810
772 811
772 812
772 813
772 814
772 815
773 773
773 774
773 775
773 810
773 811
773 812
773 813
773 814
773 815
774 774
774 775
774 776
774 777
774 812
774 813
774 814
774 815
774 816
774 817
775 775
775 776
775 777
775 812
775 813
775 814
775 815
775 816
775 817
776 776
776 777
776 778
776 779
776 814
776 815
776 816
776 817
776 818
776 819
777 777
777 778
777 779
777 814
777 815
777 816
777 817
777 818
777 819
778 778
778 779
778 780
778 781
778 816
778 817
778 818
778 819
778 820
778 821
779 779
779 780
779 781
779 816
779 817
779 818
779 819
779 820
779 821
780 780
780 781
780 782
780 783
780 818
780 819
780 820
780 821
780 822
780 823
781 781
781 782
781 783
781 818
781 819
781 820
781 821
781 822
781 823
782 782
782 783
782 784
782 785
782 820
782 821
782 822
782 823
782 824
782 825
783 783
783 784
783 785
783 820
783 821
783 822
783 823
783 824
783 825
784 784
784 785
784 786
784 787
784 822
784 823
784 824
784 826
784 827
785 785
785 786
785 787
785 822
785 823
785 825
785 826
785 827
786 786
786 787
786 788
786 789
786 824
786 825
786 826
786 828
786 829
787 787
787 788
787 789
787 824
787 825
787 827
787 828
787 829
788 788
788 789
788 790
788 791
788 826
788 827
788 828
788 830
788 831
789 789
789 790
789 791
789 826
789 827
789 829
789 830
789 831
790 790
790 791
790 792
790 793
790 828
790 829
790 830
790 831
790 832
790 833
791 791
791 792
791 793
791 828
791 829
791 830
791 831
791 832
791 833
792 792
792 793
792 794
792 795
792 830
792 831
792 832
792 834
792 835
793 793
793 794
793 795
793 830
793 831
793 833
793 834
793 835
794 794
794 795
794 796
794 797
794 832
794 833
794 834
794 835
794 836
794 837
795 795
795 796
795 797
795 832
795 833
795 834
795 835
795 836
795 837
796 796
796 797
796 798
796 799
796 834
796 835
796 836
796 837
796 838
796 839
797 797
797 798
797 799
797 834
797 835
797 837
797 838
797 839
798 798
798 799
798 836
798 837
798 838
798 839
799 799
799 836
799 837
799 838
799 839
800 800
800 801
800 802
800 803
800 840
800 841
800 842
800 843
801 801
801 802
801 803
801 840
801 841
801 842
801 843
802 802
802 803
802 804
802 805
802 840
802 841
802 842
802 843
802 844
802 845
803 803
803 804
803 805
803 840
803 841
803 842
803 843
803 844
803 845
804 804
804 805
804 806
804 807
804 842
804 843
804 844
804 845
804 846
804 847
805 805
805 806
805 807
805 842
805 843
805 844
805 845
805 846
805 847
806 806
806 807
806 808
806 809
806 844
806 845
806 846
806 847
806 848
806 849
807 807
807 808
807 809
807 844
807 845
807 846
807 847
807 848
807 849
808 808
808 809
808 810
808 811
808 846
808 847
808 848
808 849
808 850
808 851
809 809
809 810
809 811
809 846
809 847
809 848
809 849
809 850
809 851
810 810
810 811
810 812
810 813
810 848
810 849
810 850
810 851
810 852
810 853
811 811
811 812
811 813
811 848
811 849
811 850
811 851
811 852
811 853
812 812
812 813
812 814
812 815
812 850
812 851
812 852
812 853
812 854
812 855
813 813
813 814
813 815
813 850
813 851
813 852
813 853
813 854
813 855
814 814
814 815
814 816
814 817
814 852
814 853
814 854
814 855
814 856
814 857
815 815
815 816
815 817
815 852
815 853
815 854
815 855
815 856
815 857
816 816
816 817
816 818
816 819
816 854
816 855
816 856
816 857
816 858
816 859
817 817
817 818
817 819
817 854
817 855
817 856
817 857
817 858
817 859
818 818
818 819
818 820
818 821
818 856
818 857
818 858
818 859
818 860
818 861
819 819
819 820
819 821
819 856
819 857
819 858
819 859
819 860
819 861
820 820
820 821
820 822
820 823
820 858
820 859
820 860
820 861
820 862
820 863
821 821
821 822
821 823
821 858
821 859
821 860
821 861
821 862
821 863
822 822
822 823
822 824
822 825
822 860
822 861
822 862
822 863
822 864
822 865
823 823
823 824
823 825
823 860
823 861
823 862
823 863
823 864
823 865
824 824
824 825
824 826
824 827
824 862
824 863
824 864
824 865
824 866
824 867
825 825
825 826
825 827
825 862
825 863
825 864
825 865
825 866
825 867
826 826
826 827
826 828
826 829
826 864
826 865
826 866
826 867
826 868
826 869
827 827
827 828
827 829
827 864
827 865
827 866
827 867
827 868
827 869
828 828
828 829
828 830
828 866
828 867
828 868
828 870
828 871
829 829
829 831
829 866
829 867
829 869
829 870
829 871
830 830
830 831
830 832
830 833
830 868
830 869
830 870
830 871
830 872
830 873
831 831
831 832
831 833
831 868
831 869
831 870
831 871
831 872
831 873
832 832
832 833
832 834
832 835
832 870
832 871
832 872
832 873
832 874
832 875
833 833
833 834
833 835
833 870
833 871
833 872
833 873
833 874
833 875
834 834
834 835
834 836
834 837
834 872
834 873
834 874
834 875
834 876
834 877
835 835
835 836
835 837
835 872
835 873
835 874
835 875
835 876
835 877
836 836
836 837
836 838
836 839
836 874
836 875
836 876
836 877
836 878
836 879
837 837
837 838
837 839
837 874
837 875
837 876
837 877
837 878
837 879
838 838
838 839
838 876
838 877
838 878
838 879
839 839
839 876
839 877
839 878
839 879
840 840
840 841
840 842
840 843
840 880
840 881
840 882
840 883
841 841
841 842
841 843
841 880
841 881
841 882
841 883
842 842
842 843
842 844
842 845
842 880
842 881
842 882
842 883
842 884
842 885
843 843
843 844
843 845
843 880
843 881
843 882
843 883
843 884
843 885
844 844
844 845
844 846
844 847
844 882
844 883
844 884
844 885
844 886
844 887
845 845
845 846
845 847
845 882
845 883
845 884
845 885
845 886
845 887
846 846
846 847
846 848
846 849
846 884
846 885
846 886
846 887
846 888
846 889
847 847
847 848
847 849
847 884
847 885
847 886
847 887
847 888
847 889
848 848
848 849
848 850
848 851
848 886
848 887
848 888
848 889
848 890
848 891
849 849
849 850
849 851
849 886
849 887
849 888
849 889
849 890
849 891
850 850
850 851
850 852
850 853
850 888
850 889
850 890
850 891
850 892
850 893
851 851
851 852
851 853
851 888
851 889
851 890
851 891
851 892
851 893
852 852
852 853
852 854
852 855
852 890
852 891
852 892
852 893
852 894
852 895
853 853
853 854
853 855
853 890
853 891
853 892
853 893
853 894
853 895
854 854
854 855
854 856
854 857
854 892
854 893
854 894
854 895
854 896
854 897
855 855
855 856
855 857
855 892
855 893
855 894
855 895
855 896
855 897
856 856
856 857
856 858
856 859
856 894
856 895
856 896
856 897
856 898
856 899
857 857
857 858
857 859
857 894
857 895
857 896
857 897
857 898
857 899
858 858
858 859
858 860
858 861
858 896
858 897
858 898
858 899
858 900
858 901
859 859
859 860
859 861
859 896
859 897
859 898
859 899
859 900
859 901
860 860
860 861
860 862
860 863
860 898
860 899
860 900
860 901
860 902
860 903
861 861
861 862
861 863
861 898
861 899
861 900
861 901
861 902
861 903
862 862
862 863
862 864
862 865
862 900
862 901
862 902
862 903
862 904
862 905
863 863
863 864
863 865
863 900
863 901
863 902
863 903
863 904
863 905
864 864
864 865
864 866
864 867
864 902
864 903
864 904
864 905
864 906
864 907
865 865
865 866
865 867
865 902
865 903
865 904
865 905
865 906
865 907
866 866
866 867
866 868
866 869
866 904
866 905
866 906
866 907
866 908
866 909
867 867
867 868
867 869
867 904
867 905
867 906
867 907
867 908
867 909
868 868
868 869
868 870
868 906
868 907
868 908
868 910
868 911
869 869
869 871
869 906
869 907
869 909
869 910
869 911
870 870
870 871
870 872
870 873
870 908
870 909
870 910
870 911
870 912
870 913
871 871
871 872
871 873
871 908
871 909
871 910
871 911
871 912
871 913
872 872
872 873
872 874
872 875
872 910
872 911
872 912
872 913
872 914
872 915
873 873
873 874
873 875
873 910
873 911
873 912
873 913
873 914
873 915
874 874
874 875
874 876
874 877
874 912
874 913
874 914
874 915
874 916
874 917
875 875
875 876
875 877
875 912
875 913
875 914
875 915
875 916
875 917
876 876
876 877
876 878
876 914
876 915
876 916
876 917
876 918
876 919
877 877
877 879
877 914
877 915
877 916
877 917
877 918
877 919
878 878
878 879
878 916
878 917
878 918
878 919
879 879
879 916
879 917
879 918
879 919
880 880
880 881
880 882
880 883
880 920
880 921
880 922
880 923
881 881
881 882
881 883
881 920
881 921
881 922
881 923
882 882
882 883
882 884
882 885
882 920
882 921
882 922
882 923
882 924
882 925
883 883
883 884
883 885
883 920
883 921
883 922
883 923
883 924
883 925
884 884
884 885
884 886
884 887
884 922
884 923
884 924
884 925
884 926
884 927
885 885
885 886
885 887
885 922
885 923
885 924
885 925
885 926
885 927
886 886
886 887
886 888
886 889
886 924
886 925
886 926
886 927
886 928
886 929
887 887
887 888
887 889
887 924
887 925
887 926
887 927
887 928
887 929
888 888
888 889
888 890
888 891
888 926
888 927
888 928
888 929
888 930
888 931
889 889
889 890
889 891
889 926
889 927
889 928
889 929
889 930
889 931
890 890
890 891
890 892
890 893
890 928
890 929
890 930
890 931
890 932
890 933
891 891
891 892
891 893
891 928
891 929
891 930
891 931
891 932
891 933
892 892
892 893
892 894
892 895
892 930
892 931
892 932
892 933
892 934
892 935
893 893
893 894
893 895
893 930
893 931
893 932
893 933
893 934
893 935
894 894
894 895
894 896
894 897
894 932
894 933
894 934
894 935
894 936
894 937
895 895
895 896
895 897
895 932
895 933
895 934
895 935
895 936
895 937
896 896
896 897
896 898
896 899
896 934
896 935
896 936
896 937
896 938
896 939
897 897
897 898
897 899
897 934
897 935
897 936
897 937
897 938
897 939
898 898
898 899
898 900
898 901
898 936
898 937
898 938
898 939
898 940
898 941
899 899
899 900
899 901
899 936
899 937
899 938
899 939
899 940
899 941
900 900
900 901
900 902
900 903
900 938
900 939
900 940
900 941
900 942
900 943
901 901
901 902
901 903
901 938
901 939
901 940
901 941
901 942
901 943
902 902
902 903
902 904
902 905
902 940
902 941
902 942
902 944
902 945
903 903
903 904
903 905
903 940
903 941
903 942
903 943
903 944
903 945
904 904
904 905
904 906
904 907
904 942
904 943
904 944
904 945
904 946
904 947
905 905
905 906
905 907
905 942
905 943
905 944
905 945
905 946
905 947
906 906
906 907
906 908
906 909
906 944
906 945
906 946
906 947
906 948
906 949
907 907
907 908
907 909
907 944
907 945
907 946
907 947
907 948
907 949
908 908
908 909
908 910
908 946
908 947
908 948
908 950
908 951
909 909
909 911
909 946
909 947
909 949
909 950
909 951
910 910
910 911
910 912
910 913
910 948
910 949
910 950
910 951
910 952
910 953
911 911
911 912
911 913
911 948
911 949
911 950
911 951
911 952
911 953
912 912
912 913
912 914
912 915
912 950
912 951
912 952
912 953
912 954
912 955
913 913
913 914
913 915
913 950
913 951
913 952
913 953
913 954
913 955
914 914
914 915
914 916
914 917
914 952
914 953
914 954
914 955
914 956
914 957
915 915
915 916
915 917
915 952
915 953
915 954
915 955
915 956
915 957
916 916
916 917
916 918
916 919
916 954
916 955
916 956
916 957
916 958
916 959
917 917
917 918
917 919
917 954
917 955
917 956
917 957
917 958
917 959
918 918
918 919
918 956
918 957
918 958
918 959
919 919
919 956
919 957
919 958
919 959
920 920
920 921
920 922
920 923
921 921
921 922
921 923
922 922
922 923
922 924
922 925
923 923
923 924
923 925
924 924
924 925
924 926
924 927
925 925
925 926
925 927
926 926
926 927
926 928
926 929
927 927
927 928
927 929
928 928
928 929
928 930
928 931
929 929
929 930
929 931
930 930
930 931
930 932
930 933
931 931
931 932
931 933
932 932
932 933
932 934
932 935
933 933
933 934
933 935
934 934
934 935
934 936
934 937
935 935
935 936
935 937
936 936
936 937
936 938
936 939
937 937
937 938
937 939
938 938
938 939
938 940
938 941
939 939
939 940
939 941
940 940
940 941
940 942
940 943
941 941
941 942
941 943
942 942
942 943
942 944
942 945
943 943
943 944
943 945
944 944
944 945
944 946
944 947
945 945
945 946
945 947
946 946
946 947
946 948
946 949
947 947
947 948
947 949
948 948
948 949
948 950
948 951
949 949
949 950
949 951
950 950
950 951
950 952
950 953
951 951
951 952
951 953
952 952
952 953
952 954
952 955
953 953
953 954
953 955
954 954
954 955
954 956
954 957
955 955
955 956
955 957
956 956
956 957
956 958
956 959
957 957
957 958
957 959
958 958
958 959
959 959
