0 0
0 2
0 5
0 6
0 18
0 22
0 54
0 56
0 59
1 1
1 5
1 7
1 11
1 19
1 21
1 55
2 2
2 3
2 4
2 8
2 10
2 20
2 54
2 56
2 57
3 3
3 9
3 19
3 21
3 56
3 57
4 4
4 8
4 10
4 18
4 22
4 58
5 5
5 7
5 11
5 23
5 54
5 59
6 6
6 11
6 12
6 24
6 28
6 60
6 65
7 7
7 13
7 17
7 25
7 27
7 61
8 8
8 9
8 14
8 16
8 26
8 62
8 63
9 9
9 15
9 25
9 27
9 62
9 63
10 10
10 14
10 16
10 24
10 28
10 64
11 11
11 13
11 17
11 29
11 60
11 65
12 12
12 17
12 30
12 34
12 66
12 71
13 13
13 17
13 31
13 33
13 67
14 14
14 15
14 16
14 32
14 68
14 69
15 15
15 31
15 33
15 68
15 69
16 16
16 30
16 34
16 70
17 17
17 35
17 66
17 71
18 18
18 23
18 24
18 36
18 40
18 72
18 77
19 19
19 23
19 25
19 29
19 37
19 39
19 73
20 20
20 21
20 22
20 26
20 28
20 38
20 74
20 75
21 21
21 27
21 37
21 39
21 74
21 75
22 22
22 26
22 28
22 36
22 40
22 76
23 23
23 25
23 29
23 41
23 72
23 77
24 24
24 29
24 30
24 42
24 46
24 78
24 83
25 25
25 31
25 35
25 43
25 45
25 79
26 26
26 27
26 32
26 34
26 44
26 80
26 81
27 27
27 33
27 43
27 45
27 80
27 81
28 28
28 32
28 34
28 42
28 46
28 82
29 29
29 31
29 35
29 47
29 78
29 83
30 30
30 33
30 35
30 48
30 52
30 84
30 87
30 89
31 31
31 35
31 49
31 51
31 85
32 32
32 33
32 34
32 35
32 50
32 86
32 87
32 89
33 33
33 35
33 49
33 51
33 84
33 86
33 87
33 89
34 34
34 48
34 52
34 88
35 35
35 53
35 84
35 86
35 87
35 89
36 36
36 40
36 41
36 42
36 90
36 95
37 37
37 39
37 41
37 43
37 47
37 91
38 38
38 39
38 40
38 44
38 46
38 92
38 93
39 39
39 45
39 92
39 93
40 40
40 44
40 46
40 94
41 41
41 43
41 47
41 90
41 95
42 42
42 45
42 46
42 47
42 48
42 96
42 99
42 101
43 43
43 45
43 49
43 53
43 97
44 44
44 45
44 47
44 50
44 52
44 98
44 99
44 101
45 45
45 47
45 51
45 96
45 98
45 99
45 101
46 46
46 50
46 52
46 100
47 47
47 49
47 53
47 96
47 98
47 99
47 101
48 48
48 50
48 51
48 52
48 53
48 102
48 104
48 105
48 107
49 49
49 51
49 53
49 103
50 50
50 51
50 52
50 53
50 102
50 104
50 105
50 107
51 51
51 102
51 104
51 105
52 52
52 106
53 53
53 102
53 104
53 107
54 54
54 56
54 60
54 72
54 76
54 108
54 110
54 113
55 55
55 59
55 61
55 65
55 73
55 75
55 109
56 56
56 58
56 62
56 64
56 74
56 108
56 110
56 111
57 57
57 63
57 73
57 75
57 110
57 111
58 58
58 62
58 64
58 72
58 76
58 112
59 59
59 61
59 65
59 77
59 108
59 113
60 60
60 66
60 78
60 82
60 114
60 119
61 61
61 67
61 71
61 79
61 81
61 115
62 62
62 68
62 70
62 80
62 116
62 117
63 63
63 69
63 79
63 81
63 116
63 117
64 64
64 68
64 70
64 78
64 82
64 118
65 65
65 67
65 71
65 83
65 114
65 119
66 66
66 84
66 87
66 88
66 120
66 125
67 67
67 71
67 85
67 87
67 88
67 121
68 68
68 70
68 86
68 122
68 123
69 69
69 70
69 84
69 85
69 87
69 88
69 122
69 123
70 70
70 84
70 85
70 87
70 88
70 124
71 71
71 89
71 120
71 125
72 72
72 78
72 90
72 94
72 126
72 131
73 73
73 77
73 79
73 83
73 91
73 93
73 127
74 74
74 76
74 80
74 82
74 92
74 128
74 129
75 75
75 81
75 91
75 93
75 128
75 129
76 76
76 80
76 82
76 90
76 94
76 130
77 77
77 79
77 83
77 95
77 126
77 131
78 78
78 84
78 96
78 100
78 132
78 137
79 79
79 85
79 89
79 97
79 99
79 133
80 80
80 86
80 88
80 98
80 134
80 135
81 81
81 87
81 97
81 99
81 134
81 135
82 82
82 86
82 88
82 96
82 100
82 136
83 83
83 85
83 89
83 101
83 132
83 137
84 84
84 102
84 105
84 106
84 138
84 141
84 143
85 85
85 89
85 103
85 105
85 106
85 139
86 86
86 88
86 104
86 140
86 141
86 143
87 87
87 88
87 89
87 102
87 103
87 105
87 106
87 138
87 140
87 141
87 143
88 88
88 102
88 103
88 105
88 106
88 142
89 89
89 107
89 138
89 140
89 141
89 143
90 90
90 94
90 96
90 144
90 149
91 91
91 92
91 93
91 95
91 97
91 98
91 101
91 145
92 92
92 94
92 97
92 98
92 100
92 146
92 147
93 93
93 99
93 146
93 147
94 94
94 98
94 100
94 148
95 95
95 97
95 101
95 144
95 149
96 96
96 100
96 102
96 150
96 153
96 155
97 97
97 98
97 99
97 103
97 104
97 107
97 151
98 98
98 103
98 104
98 106
98 152
98 153
98 155
99 99
99 101
99 105
99 150
99 152
99 153
99 155
100 100
100 104
100 106
100 154
101 101
101 103
101 107
101 150
101 152
101 153
101 155
102 102
102 104
102 105
102 106
102 156
102 158
102 159
102 161
103 103
103 104
103 105
103 106
103 107
103 157
104 104
104 106
104 156
104 158
104 159
104 161
105 105
105 106
105 156
105 158
105 159
106 106
106 160
107 107
107 156
107 158
107 161
108 108
108 110
108 114
108 126
108 129
108 130
108 162
108 164
108 167
109 109
109 113
109 115
109 119
109 127
109 129
109 130
109 163
110 110
110 112
110 116
110 118
110 128
110 162
110 164
110 165
111 111
111 112
111 117
111 126
111 127
111 129
111 130
111 164
111 165
112 112
112 116
112 118
112 126
112 127
112 129
112 130
112 166
113 113
113 115
113 119
113 131
113 162
113 167
114 114
114 120
114 132
114 136
114 168
114 173
115 115
115 121
115 125
115 133
115 135
115 169
116 116
116 122
116 124
116 134
116 170
116 171
117 117
117 123
117 133
117 135
117 170
117 171
118 118
118 122
118 124
118 132
118 136
118 172
119 119
119 121
119 125
119 137
119 168
119 173
120 120
120 138
120 142
120 174
120 179
121 121
121 125
121 139
121 141
121 175
122 122
122 124
122 140
122 176
122 177
123 123
123 139
123 141
123 176
123 177
124 124
124 138
124 142
124 178
125 125
125 143
125 174
125 179
126 126
126 132
126 144
126 147
126 148
126 180
126 185
127 127
127 131
127 133
127 137
127 145
127 147
127 148
127 181
128 128
128 130
128 134
128 136
128 146
128 182
128 183
129 129
129 130
129 135
129 144
129 145
129 147
129 148
129 182
129 183
130 130
130 134
130 136
130 144
130 145
130 147
130 148
130 184
131 131
131 133
131 137
131 149
131 180
131 185
132 132
132 138
132 150
132 154
132 186
132 191
133 133
133 139
133 143
133 151
133 153
133 187
134 134
134 140
134 142
134 152
134 188
134 189
135 135
135 141
135 151
135 153
135 188
135 189
136 136
136 140
136 142
136 150
136 154
136 190
137 137
137 139
137 143
137 155
137 186
137 191
138 138
138 156
138 160
138 192
138 195
138 197
139 139
139 143
139 157
139 159
139 193
140 140
140 142
140 158
140 194
140 195
140 197
141 141
141 143
141 157
141 159
141 192
141 194
141 195
141 197
142 142
142 156
142 160
142 196
143 143
143 161
143 192
143 194
143 195
143 197
144 144
144 147
144 148
144 150
144 198
144 203
145 145
145 146
145 147
145 148
145 149
145 151
145 152
145 155
145 199
146 146
146 148
146 151
146 152
146 154
146 200
146 201
147 147
147 148
147 153
147 200
147 201
148 148
148 149
148 152
148 154
148 155
148 202
149 149
149 151
149 154
149 155
149 198
149 203
150 150
150 154
150 156
150 204
150 207
150 209
151 151
151 152
151 153
151 157
151 158
151 161
151 205
152 152
152 157
152 158
152 160
152 206
152 207
152 209
153 153
153 155
153 159
153 204
153 206
153 207
153 209
154 154
154 155
154 158
154 160
154 161
154 208
155 155
155 157
155 160
155 161
155 204
155 206
155 207
155 209
156 156
156 158
156 160
156 210
156 212
156 213
156 215
157 157
157 158
157 159
157 161
157 211
158 158
158 160
158 210
158 212
158 213
158 215
159 159
159 210
159 212
159 213
160 160
160 161
160 214
161 161
161 210
161 212
161 215
162 162
162 163
162 164
162 168
162 180
162 181
162 183
162 184
162 216
162 218
162 221
163 163
163 164
163 167
163 169
163 170
163 173
163 180
163 181
163 183
163 184
163 217
164 164
164 166
164 169
164 170
164 172
164 182
164 216
164 218
164 219
165 165
165 171
165 180
165 181
165 183
165 218
165 219
166 166
166 170
166 172
166 180
166 181
166 184
166 220
167 167
167 169
167 173
167 185
167 216
167 221
168 168
168 174
168 186
168 190
168 222
168 227
169 169
169 170
169 175
169 176
169 179
169 187
169 189
169 223
170 170
170 175
170 176
170 178
170 188
170 224
170 225
171 171
171 177
171 187
171 189
171 224
171 225
172 172
172 176
172 178
172 186
172 190
172 226
173 173
173 175
173 179
173 191
173 222
173 227
174 174
174 175
174 177
174 178
174 210
174 211
174 213
174 214
174 228
174 233
174 348
175 175
175 176
175 177
175 178
175 210
175 211
175 213
175 214
175 229
175 349
175 350
175 353
176 176
176 212
176 230
176 231
176 349
176 350
176 352
177 177
177 210
177 211
177 213
177 230
177 231
177 351
178 178
178 210
178 211
178 214
178 232
178 350
178 352
179 179
179 215
179 228
179 233
179 349
179 353
180 180
180 181
180 186
180 198
180 199
180 201
180 202
180 234
180 239
181 181
181 184
181 185
181 187
181 190
181 191
181 198
181 199
181 201
181 202
181 235
182 182
182 184
182 185
182 188
182 190
182 191
182 200
182 236
182 237
183 183
183 189
183 198
183 199
183 201
183 236
183 237
184 184
184 187
184 188
184 190
184 198
184 199
184 202
184 238
185 185
185 187
185 188
185 191
185 203
185 234
185 239
186 186
186 192
186 204
186 208
186 240
186 245
187 187
187 193
187 196
187 197
187 205
187 207
187 241
188 188
188 194
188 196
188 197
188 206
188 242
188 243
189 189
189 195
189 205
189 207
189 242
189 243
190 190
190 193
190 194
190 196
190 204
190 208
190 244
191 191
191 193
191 194
191 197
191 209
191 240
191 245
192 192
192 193
192 194
192 195
192 196
192 197
192 246
192 249
192 251
192 354
193 193
193 194
193 195
193 196
193 247
193 355
193 358
193 359
194 194
194 195
194 248
194 249
194 251
194 356
194 358
194 359
195 195
195 196
195 197
195 246
195 248
195 249
195 251
195 357
196 196
196 197
196 250
196 355
196 356
196 358
197 197
197 246
197 248
197 249
197 251
197 355
197 356
197 359
198 198
198 199
198 201
198 202
198 204
198 252
198 257
199 199
199 201
199 202
199 203
199 205
199 209
199 253
200 200
200 202
200 206
200 208
200 254
200 255
201 201
201 207
201 254
201 255
202 202
202 206
202 208
202 256
203 203
203 205
203 209
203 252
203 257
204 204
204 208
204 210
204 258
204 261
204 263
205 205
205 207
205 211
205 215
205 259
206 206
206 212
206 214
206 260
206 261
206 263
207 207
207 209
207 213
207 258
207 260
207 261
207 263
208 208
208 212
208 214
208 262
209 209
209 211
209 215
209 258
209 260
209 261
209 263
210 210
210 211
210 212
210 213
210 214
210 264
210 266
210 267
210 269
210 324
210 325
210 327
210 328
210 360
211 211
211 213
211 214
211 265
211 324
211 325
211 327
211 328
211 361
211 365
212 212
212 264
212 266
212 267
212 269
212 326
212 362
212 364
213 213
213 264
213 266
213 267
213 324
213 325
213 327
213 363
214 214
214 268
214 324
214 325
214 328
214 362
214 364
215 215
215 264
215 266
215 269
215 329
215 361
215 365
216 216
216 218
216 222
216 234
216 238
216 270
216 272
216 275
217 217
217 221
217 223
217 227
217 235
217 237
217 271
218 218
218 220
218 224
218 226
218 236
218 270
218 272
218 273
219 219
219 225
219 235
219 237
219 272
219 273
220 220
220 224
220 226
220 234
220 238
220 274
221 221
221 223
221 227
221 239
221 270
221 275
222 222
222 228
222 240
222 244
222 276
222 281
223 223
223 229
223 233
223 241
223 243
223 277
224 224
224 230
224 232
224 242
224 278
224 279
225 225
225 231
225 241
225 243
225 278
225 279
226 226
226 230
226 232
226 240
226 244
226 280
227 227
227 229
227 233
227 245
227 276
227 281
228 228
228 246
228 250
228 282
228 287
228 378
229 229
229 247
229 249
229 283
229 379
229 383
230 230
230 248
230 284
230 285
230 380
230 382
231 231
231 247
231 249
231 284
231 285
231 381
232 232
232 246
232 250
232 286
232 380
232 382
233 233
233 251
233 282
233 287
233 379
233 383
234 234
234 240
234 252
234 256
234 288
234 293
235 235
235 239
235 241
235 245
235 253
235 255
235 289
236 236
236 238
236 242
236 244
236 254
236 290
236 291
237 237
237 243
237 253
237 255
237 290
237 291
238 238
238 242
238 244
238 252
238 256
238 292
239 239
239 241
239 245
239 257
239 288
239 293
240 240
240 246
240 258
240 262
240 294
240 299
241 241
241 247
241 251
241 259
241 261
241 295
242 242
242 248
242 250
242 260
242 296
242 297
243 243
243 249
243 259
243 261
243 296
243 297
244 244
244 248
244 250
244 258
244 262
244 298
245 245
245 247
245 251
245 263
245 294
245 299
246 246
246 264
246 268
246 300
246 303
246 305
246 384
247 247
247 265
247 267
247 301
247 385
247 389
248 248
248 266
248 302
248 303
248 305
248 386
248 388
249 249
249 251
249 265
249 267
249 300
249 302
249 303
249 305
249 387
250 250
250 264
250 268
250 304
250 386
250 388
251 251
251 269
251 300
251 302
251 303
251 305
251 385
251 389
252 252
252 256
252 258
252 306
252 311
253 253
253 255
253 256
253 257
253 259
253 262
253 263
253 307
254 254
254 256
254 257
254 260
254 262
254 263
254 308
254 309
255 255
255 261
255 308
255 309
256 256
256 259
256 260
256 262
256 310
257 257
257 259
257 260
257 263
257 306
257 311
258 258
258 262
258 264
258 312
258 315
258 317
259 259
259 261
259 265
259 268
259 269
259 313
260 260
260 266
260 268
260 269
260 314
260 315
260 317
261 261
261 263
261 267
261 312
261 314
261 315
261 317
262 262
262 265
262 266
262 268
262 316
263 263
263 265
263 266
263 269
263 312
263 314
263 315
263 317
264 264
264 266
264 318
264 320
264 321
264 323
264 330
264 334
264 390
265 265
265 319
265 331
265 333
265 391
265 394
265 395
266 266
266 318
266 320
266 321
266 323
266 332
266 392
266 394
266 395
267 267
267 318
267 320
267 321
267 331
267 333
267 393
268 268
268 322
268 330
268 334
268 391
268 392
268 394
269 269
269 318
269 320
269 323
269 335
269 391
269 392
269 395
270 270
270 272
270 275
270 276
270 288
270 291
270 292
271 271
271 274
271 275
271 277
271 280
271 281
271 289
271 291
271 292
272 272
272 273
272 274
272 275
272 278
272 280
272 281
272 290
273 273
273 279
273 288
273 289
273 291
274 274
274 275
274 277
274 278
274 280
274 281
274 288
274 289
274 292
275 275
275 277
275 278
275 280
275 281
275 293
276 276
276 281
276 282
276 294
276 298
277 277
277 283
277 286
277 287
277 295
277 297
278 278
278 279
278 284
278 286
278 287
278 296
279 279
279 285
279 295
279 297
280 280
280 281
280 283
280 284
280 286
280 287
280 294
280 298
281 281
281 283
281 284
281 286
281 287
281 299
282 282
282 287
282 300
282 304
283 283
283 286
283 287
283 301
283 303
284 284
284 285
284 286
284 287
284 302
285 285
285 301
285 303
286 286
286 287
286 300
286 304
287 287
287 305
288 288
288 293
288 294
288 306
288 309
288 310
289 289
289 292
289 293
289 295
289 298
289 299
289 307
289 309
289 310
290 290
290 291
290 292
290 293
290 296
290 298
290 299
290 308
291 291
291 297
291 306
291 307
291 309
292 292
292 293
292 295
292 296
292 298
292 299
292 306
292 307
292 310
293 293
293 295
293 296
293 298
293 299
293 311
294 294
294 299
294 300
294 312
294 316
295 295
295 301
295 304
295 305
295 313
295 315
296 296
296 297
296 302
296 304
296 305
296 314
297 297
297 303
297 313
297 315
298 298
298 299
298 301
298 302
298 304
298 305
298 312
298 316
299 299
299 301
299 302
299 304
299 305
299 317
300 300
300 303
300 305
300 318
300 322
301 301
301 304
301 305
301 319
301 321
302 302
302 303
302 304
302 305
302 320
303 303
303 305
303 319
303 321
304 304
304 305
304 318
304 322
305 305
305 323
306 306
306 309
306 310
306 311
306 312
307 307
307 308
307 309
307 310
307 311
307 313
307 314
307 317
308 308
308 309
308 310
308 313
308 314
308 316
309 309
309 315
310 310
310 314
310 316
311 311
311 313
311 317
312 312
312 315
312 316
312 317
312 318
313 313
313 314
313 315
313 319
313 320
313 323
314 314
314 315
314 317
314 319
314 320
314 322
315 315
315 317
315 321
316 316
316 320
316 322
317 317
317 319
317 323
318 318
318 320
318 321
318 322
318 323
319 319
319 320
319 321
319 323
320 320
320 321
320 322
320 323
321 321
322 322
323 323
324 324
324 325
324 329
324 330
324 335
324 336
324 337
324 339
324 340
324 366
325 325
325 326
325 329
325 331
325 336
325 337
325 339
325 340
325 367
325 368
325 371
326 326
326 327
326 328
326 332
326 333
326 338
326 367
326 368
326 370
327 327
327 332
327 333
327 336
327 337
327 339
327 369
328 328
328 334
328 336
328 337
328 340
328 368
328 370
329 329
329 330
329 335
329 341
329 367
329 371
330 330
330 335
330 342
330 346
330 396
331 331
331 335
331 343
331 345
331 397
331 401
332 332
332 333
332 334
332 344
332 398
332 400
333 333
333 343
333 345
333 399
334 334
334 342
334 346
334 398
334 400
335 335
335 347
335 397
335 401
336 336
336 337
336 339
336 340
336 341
336 342
336 345
336 347
336 372
337 337
337 338
337 339
337 340
337 341
337 343
337 373
337 374
337 377
338 338
338 339
338 340
338 341
338 344
338 345
338 347
338 373
338 374
338 376
339 339
339 342
339 344
339 345
339 375
340 340
340 341
340 346
340 374
340 376
340 377
341 341
341 342
341 344
341 347
341 373
341 376
341 377
342 342
342 345
342 346
342 347
342 402
343 343
343 345
343 346
343 347
343 403
343 406
343 407
344 344
344 345
344 346
344 347
344 404
344 406
344 407
345 345
345 405
346 346
346 403
346 404
346 406
347 347
347 403
347 404
347 407
348 348
348 349
348 351
348 353
348 354
348 355
348 358
348 378
348 381
348 383
348 408
349 349
349 350
349 354
349 355
349 357
349 379
349 409
349 410
349 413
350 350
350 351
350 353
350 356
350 380
350 381
350 383
350 409
350 410
350 412
351 351
351 353
351 355
351 357
351 378
351 380
351 381
351 383
351 411
352 352
352 354
352 358
352 382
352 410
352 412
353 353
353 359
353 378
353 380
353 381
353 383
353 409
353 413
354 354
354 355
354 359
354 360
354 361
354 364
354 384
354 389
354 414
355 355
355 360
355 361
355 363
355 385
355 415
355 418
355 419
356 356
356 357
356 362
356 386
356 387
356 416
356 418
356 419
357 357
357 361
357 363
357 386
357 387
357 417
358 358
358 360
358 364
358 388
358 415
358 416
358 418
359 359
359 365
359 384
359 389
359 415
359 416
359 419
360 360
360 361
360 362
360 363
360 365
360 366
360 367
360 370
360 390
360 392
360 393
360 395
360 420
361 361
361 366
361 367
361 369
361 391
361 421
361 425
362 362
362 363
362 365
362 368
362 390
362 392
362 393
362 395
362 422
362 424
363 363
363 365
363 367
363 369
363 390
363 392
363 393
363 395
363 423
364 364
364 366
364 370
364 394
364 422
364 424
365 365
365 371
365 390
365 392
365 393
365 395
365 421
365 425
366 366
366 367
366 371
366 372
366 373
366 376
366 396
366 401
366 426
367 367
367 368
367 372
367 373
367 375
367 397
367 427
367 428
367 431
368 368
368 369
368 374
368 398
368 399
368 427
368 428
368 430
369 369
369 373
369 375
369 398
369 399
369 429
370 370
370 372
370 376
370 400
370 428
370 430
371 371
371 377
371 396
371 401
371 427
371 431
372 372
372 373
372 376
372 377
372 402
372 407
372 432
373 373
373 374
373 375
373 403
373 433
373 434
373 437
374 374
374 375
374 404
374 405
374 433
374 434
374 436
375 375
375 404
375 405
375 435
376 376
376 377
376 406
376 434
376 436
376 437
377 377
377 402
377 407
377 433
377 436
377 437
378 378
378 381
378 383
378 384
378 387
378 388
378 438
379 379
379 385
379 387
379 388
379 439
379 443
380 380
380 381
380 383
380 386
380 440
380 442
381 381
381 383
381 384
381 385
381 387
381 441
382 382
382 384
382 385
382 388
382 440
382 442
383 383
383 389
383 439
383 443
384 384
384 389
384 390
384 393
384 394
384 444
385 385
385 391
385 393
385 394
385 445
385 449
386 386
386 387
386 392
386 446
386 448
387 387
387 390
387 391
387 393
387 447
388 388
388 390
388 391
388 394
388 446
388 448
389 389
389 395
389 445
389 449
390 390
390 392
390 393
390 395
390 396
390 399
390 400
390 450
391 391
391 397
391 399
391 400
391 451
391 454
391 455
392 392
392 393
392 395
392 398
392 452
392 454
392 455
393 393
393 395
393 396
393 397
393 399
393 453
394 394
394 396
394 397
394 400
394 451
394 452
394 454
395 395
395 401
395 451
395 452
395 455
396 396
396 401
396 402
396 405
396 406
396 456
397 397
397 403
397 405
397 406
397 457
397 461
398 398
398 399
398 404
398 458
398 460
399 399
399 402
399 403
399 405
399 459
400 400
400 402
400 403
400 406
400 458
400 460
401 401
401 407
401 457
401 461
402 402
402 405
402 406
402 407
402 462
403 403
403 405
403 406
403 463
403 466
403 467
404 404
404 405
404 464
404 466
404 467
405 405
405 465
406 406
406 463
406 464
406 466
407 407
407 463
407 464
407 467
408 408
408 413
408 414
408 418
408 438
408 443
409 409
409 410
409 413
409 415
409 417
409 439
410 410
410 411
410 412
410 416
410 440
410 441
411 411
411 415
411 417
411 440
411 441
412 412
412 414
412 418
412 442
413 413
413 419
413 438
413 443
414 414
414 419
414 420
414 424
414 444
414 449
415 415
415 418
415 419
415 421
415 423
415 445
416 416
416 417
416 418
416 419
416 422
416 446
416 447
417 417
417 421
417 423
417 446
417 447
418 418
418 420
418 424
418 448
419 419
419 425
419 444
419 449
420 420
420 425
420 426
420 430
420 450
420 455
421 421
421 425
421 427
421 429
421 451
422 422
422 423
422 424
422 428
422 452
422 453
423 423
423 427
423 429
423 452
423 453
424 424
424 426
424 430
424 454
425 425
425 431
425 450
425 455
426 426
426 431
426 432
426 436
426 456
426 461
427 427
427 428
427 431
427 433
427 435
427 457
428 428
428 429
428 430
428 434
428 458
428 459
429 429
429 433
429 435
429 458
429 459
430 430
430 432
430 436
430 460
431 431
431 437
431 456
431 461
432 432
432 436
432 437
432 462
432 467
433 433
433 434
433 435
433 437
433 463
434 434
434 435
434 436
434 464
434 465
435 435
435 464
435 465
436 436
436 437
436 466
437 437
437 462
437 467
438 438
438 443
438 444
438 448
439 439
439 443
439 445
439 447
440 440
440 441
440 442
440 446
441 441
441 445
441 447
442 442
442 444
442 448
443 443
443 449
444 444
444 449
444 450
444 454
445 445
445 449
445 451
445 453
446 446
446 447
446 448
446 452
447 447
447 451
447 453
448 448
448 450
448 454
449 449
449 455
450 450
450 455
450 456
450 460
451 451
451 454
451 455
451 457
451 459
452 452
452 453
452 454
452 455
452 458
453 453
453 457
453 459
454 454
454 456
454 460
455 455
455 461
456 456
456 461
456 462
456 466
457 457
457 461
457 463
457 465
458 458
458 459
458 460
458 464
459 459
459 463
459 465
460 460
460 462
460 466
461 461
461 467
462 462
462 466
462 467
463 463
463 465
463 466
463 467
464 464
464 465
464 466
464 467
465 465
466 466
467 467
