0 0
0 1
0 9
0 81
1 1
1 2
1 10
1 82
2 2
2 3
2 11
2 83
3 3
3 4
3 12
3 84
4 4
4 5
4 13
4 85
5 5
5 6
5 14
5 86
6 6
6 7
6 15
6 87
7 7
7 8
7 16
7 88
8 8
8 17
8 89
9 9
9 10
9 18
9 90
10 10
10 11
10 19
10 91
11 11
11 12
11 20
11 92
12 12
12 13
12 21
12 93
13 13
13 14
13 22
13 94
14 14
14 15
14 23
14 95
15 15
15 16
15 24
15 96
16 16
16 17
16 25
16 97
17 17
17 26
17 98
18 18
18 19
18 27
18 99
19 19
19 20
19 28
19 100
20 20
20 21
20 29
20 101
21 21
21 22
21 30
21 102
22 22
22 23
22 31
22 103
23 23
23 24
23 32
23 104
24 24
24 25
24 33
24 105
25 25
25 26
25 34
25 106
26 26
26 35
26 107
27 27
27 28
27 36
27 108
28 28
28 29
28 37
28 109
29 29
29 30
29 38
29 110
30 30
30 31
30 39
30 111
31 31
31 32
31 40
31 112
32 32
32 33
32 41
32 113
33 33
33 34
33 42
33 114
34 34
34 35
34 43
34 115
35 35
35 44
35 116
36 36
36 37
36 45
36 117
37 37
37 38
37 46
37 118
38 38
38 39
38 47
38 119
39 39
39 40
39 48
39 120
40 40
40 41
40 49
40 121
41 41
41 42
41 50
41 122
42 42
42 43
42 51
42 123
43 43
43 44
43 52
43 124
44 44
44 53
44 125
45 45
45 46
45 54
45 126
46 46
46 47
46 55
46 127
47 47
47 48
47 56
47 128
48 48
48 49
48 57
48 129
49 49
49 50
49 58
49 130
50 50
50 51
50 59
50 131
51 51
51 52
51 60
51 132
52 52
52 53
52 61
52 133
53 53
53 62
53 134
54 54
54 55
54 63
54 135
55 55
55 56
55 64
55 136
56 56
56 57
56 65
56 137
57 57
57 58
57 66
57 138
58 58
58 59
58 67
58 139
59 59
59 60
59 68
59 140
60 60
60 61
60 69
60 141
61 61
61 62
61 70
61 142
62 62
62 71
62 143
63 63
63 64
63 72
63 144
64 64
64 65
64 73
64 145
65 65
65 66
65 74
65 146
66 66
66 67
66 75
66 147
67 67
67 68
67 76
67 148
68 68
68 69
68 77
68 149
69 69
69 70
69 78
69 150
70 70
70 71
70 79
70 151
71 71
71 80
71 152
72 72
72 73
72 153
73 73
73 74
73 154
74 74
74 75
74 155
75 75
75 76
75 156
76 76
76 77
76 157
77 77
77 78
77 158
78 78
78 79
78 159
79 79
79 80
79 160
80 80
80 161
81 81
81 82
81 90
81 162
82 82
82 83
82 91
82 163
83 83
83 84
83 92
83 164
84 84
84 85
84 93
84 165
85 85
85 86
85 94
85 166
86 86
86 87
86 95
86 167
87 87
87 88
87 96
87 168
88 88
88 89
88 97
88 169
89 89
89 98
89 170
90 90
90 91
90 99
90 171
91 91
91 92
91 100
91 172
92 92
92 93
92 101
92 173
93 93
93 94
93 102
93 174
94 94
94 95
94 103
94 175
95 95
95 96
95 104
95 176
96 96
96 97
96 105
96 177
97 97
97 98
97 106
97 178
98 98
98 107
98 179
99 99
99 100
99 108
99 180
100 100
100 101
100 109
100 181
101 101
101 102
101 110
101 182
102 102
102 103
102 111
102 183
103 103
103 104
103 112
103 184
104 104
104 105
104 113
104 185
105 105
105 106
105 114
105 186
106 106
106 107
106 115
106 187
107 107
107 116
107 188
108 108
108 109
108 117
108 189
109 109
109 110
109 118
109 190
110 110
110 111
110 119
110 191
111 111
111 112
111 120
111 192
112 112
112 113
112 121
112 193
113 113
113 114
113 122
113 194
114 114
114 115
114 123
114 195
115 115
115 116
115 124
115 196
116 116
116 125
116 197
117 117
117 118
117 126
117 198
118 118
118 119
118 127
118 199
119 119
119 120
119 128
119 200
120 120
120 121
120 129
120 201
121 121
121 122
121 130
121 202
122 122
122 123
122 131
122 203
123 123
123 124
123 132
123 204
124 124
124 125
124 133
124 205
125 125
125 134
125 206
126 126
126 127
126 135
126 207
127 127
127 128
127 136
127 208
128 128
128 129
128 137
128 209
129 129
129 130
129 138
129 210
130 130
130 131
130 139
130 211
131 131
131 132
131 140
131 212
132 132
132 133
132 141
132 213
133 133
133 134
133 142
133 214
134 134
134 143
134 215
135 135
135 136
135 144
135 216
136 136
136 137
136 145
136 217
137 137
137 138
137 146
137 218
138 138
138 139
138 147
138 219
139 139
139 140
139 148
139 220
140 140
140 141
140 149
140 221
141 141
141 142
141 150
141 222
142 142
142 143
142 151
142 223
143 143
143 152
143 224
144 144
144 145
144 153
144 225
145 145
145 146
145 154
145 226
146 146
146 147
146 155
146 227
147 147
147 148
147 156
147 228
148 148
148 149
148 157
148 229
149 149
149 150
149 158
149 230
150 150
150 151
150 159
150 231
151 151
151 152
151 160
151 232
152 152
152 161
152 233
153 153
153 154
153 234
154 154
154 155
154 235
155 155
155 156
155 236
156 156
156 157
156 237
157 157
157 158
157 238
158 158
158 159
158 239
159 159
159 160
159 240
160 160
160 161
160 241
161 161
161 242
162 162
162 163
162 171
162 243
163 163
163 164
163 172
163 244
164 164
164 165
164 173
164 245
165 165
165 166
165 174
165 246
166 166
166 167
166 175
166 247
167 167
167 168
167 176
167 248
168 168
168 169
168 177
168 249
169 169
169 170
169 178
169 250
170 170
170 179
170 251
171 171
171 172
171 180
171 252
172 172
172 173
172 181
172 253
173 173
173 174
173 182
173 254
174 174
174 175
174 183
174 255
175 175
175 176
175 184
175 256
176 176
176 177
176 185
176 257
177 177
177 178
177 186
177 258
178 178
178 179
178 187
178 259
179 179
179 188
179 260
180 180
180 181
180 189
180 261
181 181
181 182
181 190
181 262
182 182
182 183
182 191
182 263
183 183
183 184
183 192
183 264
184 184
184 185
184 193
184 265
185 185
185 186
185 194
185 266
186 186
186 187
186 195
186 267
187 187
187 188
187 196
187 268
188 188
188 197
188 269
189 189
189 190
189 198
189 270
190 190
190 191
190 199
190 271
191 191
191 192
191 200
191 272
192 192
192 193
192 201
192 273
193 193
193 194
193 202
193 274
194 194
194 195
194 203
194 275
195 195
195 196
195 204
195 276
196 196
196 197
196 205
196 277
197 197
197 206
197 278
198 198
198 199
198 207
198 279
199 199
199 200
199 208
199 280
200 200
200 201
200 209
200 281
201 201
201 202
201 210
201 282
202 202
202 203
202 211
202 283
203 203
203 204
203 212
203 284
204 204
204 205
204 213
204 285
205 205
205 206
205 214
205 286
206 206
206 215
206 287
207 207
207 208
207 216
207 288
208 208
208 209
208 217
208 289
209 209
209 210
209 218
209 290
210 210
210 211
210 219
210 291
211 211
211 212
211 220
211 292
212 212
212 213
212 221
212 293
213 213
213 214
213 222
213 294
214 214
214 215
214 223
214 295
215 215
215 224
215 296
216 216
216 217
216 225
216 297
217 217
217 218
217 226
217 298
218 218
218 219
218 227
218 299
219 219
219 220
219 228
219 300
220 220
220 221
220 229
220 301
221 221
221 222
221 230
221 302
222 222
222 223
222 231
222 303
223 223
223 224
223 232
223 304
224 224
224 233
224 305
225 225
225 226
225 234
225 306
226 226
226 227
226 235
226 307
227 227
227 228
227 236
227 308
228 228
228 229
228 237
228 309
229 229
229 230
229 238
229 310
230 230
230 231
230 239
230 311
231 231
231 232
231 240
231 312
232 232
232 233
232 241
232 313
233 233
233 242
233 314
234 234
234 235
234 315
235 235
235 236
235 316
236 236
236 237
236 317
237 237
237 238
237 318
238 238
238 239
238 319
239 239
239 240
239 320
240 240
240 241
240 321
241 241
241 242
241 322
242 242
242 323
243 243
243 244
243 252
243 324
244 244
244 245
244 253
244 325
245 245
245 246
245 254
245 326
246 246
246 247
246 255
246 327
247 247
247 248
247 256
247 328
248 248
248 249
248 257
248 329
249 249
249 250
249 258
249 330
250 250
250 251
250 259
250 331
251 251
251 260
251 332
252 252
252 253
252 261
252 333
253 253
253 254
253 262
253 334
254 254
254 255
254 263
254 335
255 255
255 256
255 264
255 336
256 256
256 257
256 265
256 337
257 257
257 258
257 266
257 338
258 258
258 259
258 267
258 339
259 259
259 260
259 268
259 340
260 260
260 269
260 341
261 261
261 262
261 270
261 342
262 262
262 263
262 271
262 343
263 263
263 264
263 272
263 344
264 264
264 265
264 273
264 345
265 265
265 266
265 274
265 346
266 266
266 267
266 275
266 347
267 267
267 268
267 276
267 348
268 268
268 269
268 277
268 349
269 269
269 278
269 350
270 270
270 271
270 279
270 351
271 271
271 272
271 280
271 352
272 272
272 273
272 281
272 353
273 273
273 274
273 282
273 354
274 274
274 275
274 283
274 355
275 275
275 276
275 284
275 356
276 276
276 277
276 285
276 357
277 277
277 278
277 286
277 358
278 278
278 287
278 359
279 279
279 280
279 288
279 360
280 280
280 281
280 289
280 361
281 281
281 282
281 290
281 362
282 282
282 283
282 291
282 363
283 283
283 284
283 292
283 364
284 284
284 285
284 293
284 365
285 285
285 286
285 294
285 366
286 286
286 287
286 295
286 367
287 287
287 296
287 368
288 288
288 289
288 297
288 369
289 289
289 290
289 298
289 370
290 290
290 291
290 299
290 371
291 291
291 292
291 300
291 372
292 292
292 293
292 301
292 373
293 293
293 294
293 302
293 374
294 294
294 295
294 303
294 375
295 295
295 296
295 304
295 376
296 296
296 305
296 377
297 297
297 298
297 306
297 378
298 298
298 299
298 307
298 379
299 299
299 300
299 308
299 380
300 300
300 301
300 309
300 381
301 301
301 302
301 310
301 382
302 302
302 303
302 311
302 383
303 303
303 304
303 312
303 384
304 304
304 305
304 313
304 385
305 305
305 314
305 386
306 306
306 307
306 315
306 387
307 307
307 308
307 316
307 388
308 308
308 309
308 317
308 389
309 309
309 310
309 318
309 390
310 310
310 311
310 319
310 391
311 311
311 312
311 320
311 392
312 312
312 313
312 321
312 393
313 313
313 314
313 322
313 394
314 314
314 323
314 395
315 315
315 316
315 396
316 316
316 317
316 397
317 317
317 318
317 398
318 318
318 319
318 399
319 319
319 320
319 400
320 320
320 321
320 401
321 321
321 322
321 402
322 322
322 323
322 403
323 323
323 404
324 324
324 325
324 333
324 405
325 325
325 326
325 334
325 406
326 326
326 327
326 335
326 407
327 327
327 328
327 336
327 408
328 328
328 329
328 337
328 409
329 329
329 330
329 338
329 410
330 330
330 331
330 339
330 411
331 331
331 332
331 340
331 412
332 332
332 341
332 413
333 333
333 334
333 342
333 414
334 334
334 335
334 343
334 415
335 335
335 336
335 344
335 416
336 336
336 337
336 345
336 417
337 337
337 338
337 346
337 418
338 338
338 339
338 347
338 419
339 339
339 340
339 348
339 420
340 340
340 341
340 349
340 421
341 341
341 350
341 422
342 342
342 343
342 351
342 423
343 343
343 344
343 352
343 424
344 344
344 345
344 353
344 425
345 345
345 346
345 354
345 426
346 346
346 347
346 355
346 427
347 347
347 348
347 356
347 428
348 348
348 349
348 357
348 429
349 349
349 350
349 358
349 430
350 350
350 359
350 431
351 351
351 352
351 360
351 432
352 352
352 353
352 361
352 433
353 353
353 354
353 362
353 434
354 354
354 355
354 363
354 435
355 355
355 356
355 364
355 436
356 356
356 357
356 365
356 437
357 357
357 358
357 366
357 438
358 358
358 359
358 367
358 439
359 359
359 368
359 440
360 360
360 361
360 369
360 441
361 361
361 362
361 370
361 442
362 362
362 363
362 371
362 443
363 363
363 364
363 372
363 444
364 364
364 365
364 373
364 445
365 365
365 366
365 374
365 446
366 366
366 367
366 375
366 447
367 367
367 368
367 376
367 448
368 368
368 377
368 449
369 369
369 370
369 378
369 450
370 370
370 371
370 379
370 451
371 371
371 372
371 380
371 452
372 372
372 373
372 381
372 453
373 373
373 374
373 382
373 454
374 374
374 375
374 383
374 455
375 375
375 376
375 384
375 456
376 376
376 377
376 385
376 457
377 377
377 386
377 458
378 378
378 379
378 387
378 459
379 379
379 380
379 388
379 460
380 380
380 381
380 389
380 461
381 381
381 382
381 390
381 462
382 382
382 383
382 391
382 463
383 383
383 384
383 392
383 464
384 384
384 385
384 393
384 465
385 385
385 386
385 394
385 466
386 386
386 395
386 467
387 387
387 388
387 396
387 468
388 388
388 389
388 397
388 469
389 389
389 390
389 398
389 470
390 390
390 391
390 399
390 471
391 391
391 392
391 400
391 472
392 392
392 393
392 401
392 473
393 393
393 394
393 402
393 474
394 394
394 395
394 403
394 475
395 395
395 404
395 476
396 396
396 397
396 477
397 397
397 398
397 478
398 398
398 399
398 479
399 399
399 400
399 480
400 400
400 401
400 481
401 401
401 402
401 482
402 402
402 403
402 483
403 403
403 404
403 484
404 404
404 485
405 405
405 406
405 414
405 486
406 406
406 407
406 415
406 487
407 407
407 408
407 416
407 488
408 408
408 409
408 417
408 489
409 409
409 410
409 418
409 490
410 410
410 411
410 419
410 491
411 411
411 412
411 420
411 492
412 412
412 413
412 421
412 493
413 413
413 422
413 494
414 414
414 415
414 423
414 495
415 415
415 416
415 424
415 496
416 416
416 417
416 425
416 497
417 417
417 418
417 426
417 498
418 418
418 419
418 427
418 499
419 419
419 420
419 428
419 500
420 420
420 421
420 429
420 501
421 421
421 422
421 430
421 502
422 422
422 431
422 503
423 423
423 424
423 432
423 504
424 424
424 425
424 433
424 505
425 425
425 426
425 434
425 506
426 426
426 427
426 435
426 507
427 427
427 428
427 436
427 508
428 428
428 429
428 437
428 509
429 429
429 430
429 438
429 510
430 430
430 431
430 439
430 511
431 431
431 440
431 512
432 432
432 433
432 441
432 513
433 433
433 434
433 442
433 514
434 434
434 435
434 443
434 515
435 435
435 436
435 444
435 516
436 436
436 437
436 445
436 517
437 437
437 438
437 446
437 518
438 438
438 439
438 447
438 519
439 439
439 440
439 448
439 520
440 440
440 449
440 521
441 441
441 442
441 450
441 522
442 442
442 443
442 451
442 523
443 443
443 444
443 452
443 524
444 444
444 445
444 453
444 525
445 445
445 446
445 454
445 526
446 446
446 447
446 455
446 527
447 447
447 448
447 456
447 528
448 448
448 449
448 457
448 529
449 449
449 458
449 530
450 450
450 451
450 459
450 531
451 451
451 452
451 460
451 532
452 452
452 453
452 461
452 533
453 453
453 454
453 462
453 534
454 454
454 455
454 463
454 535
455 455
455 456
455 464
455 536
456 456
456 457
456 465
456 537
457 457
457 458
457 466
457 538
458 458
458 467
458 539
459 459
459 460
459 468
459 540
460 460
460 461
460 469
460 541
461 461
461 462
461 470
461 542
462 462
462 463
462 471
462 543
463 463
463 464
463 472
463 544
464 464
464 465
464 473
464 545
465 465
465 466
465 474
465 546
466 466
466 467
466 475
466 547
467 467
467 476
467 548
468 468
468 469
468 477
468 549
469 469
469 470
469 478
469 550
470 470
470 471
470 479
470 551
471 471
471 472
471 480
471 552
472 472
472 473
472 481
472 553
473 473
473 474
473 482
473 554
474 474
474 475
474 483
474 555
475 475
475 476
475 484
475 556
476 476
476 485
476 557
477 477
477 478
477 558
478 478
478 479
478 559
479 479
479 480
479 560
480 480
480 481
480 561
481 481
481 482
481 562
482 482
482 483
482 563
483 483
483 484
483 564
484 484
484 485
484 565
485 485
485 566
486 486
486 487
486 495
486 567
487 487
487 488
487 496
487 568
488 488
488 489
488 497
488 569
489 489
489 490
489 498
489 570
490 490
490 491
490 499
490 571
491 491
491 492
491 500
491 572
492 492
492 493
492 501
492 573
493 493
493 494
493 502
493 574
494 494
494 503
494 575
495 495
495 496
495 504
495 576
496 496
496 497
496 505
496 577
497 497
497 498
497 506
497 578
498 498
498 499
498 507
498 579
499 499
499 500
499 508
499 580
500 500
500 501
500 509
500 581
501 501
501 502
501 510
501 582
502 502
502 503
502 511
502 583
503 503
503 512
503 584
504 504
504 505
504 513
504 585
505 505
505 506
505 514
505 586
506 506
506 507
506 515
506 587
507 507
507 508
507 516
507 588
508 508
508 509
508 517
508 589
509 509
509 510
509 518
509 590
510 510
510 511
510 519
510 591
511 511
511 512
511 520
511 592
512 512
512 521
512 593
513 513
513 514
513 522
513 594
514 514
514 515
514 523
514 595
515 515
515 516
515 524
515 596
516 516
516 517
516 525
516 597
517 517
517 518
517 526
517 598
518 518
518 519
518 527
518 599
519 519
519 520
519 528
519 600
520 520
520 521
520 529
520 601
521 521
521 530
521 602
522 522
522 523
522 531
522 603
523 523
523 524
523 532
523 604
524 524
524 525
524 533
524 605
525 525
525 526
525 534
525 606
526 526
526 527
526 535
526 607
527 527
527 528
527 536
527 608
528 528
528 529
528 537
528 609
529 529
529 530
529 538
529 610
530 530
530 539
530 611
531 531
531 532
531 540
531 612
532 532
532 533
532 541
532 613
533 533
533 534
533 542
533 614
534 534
534 535
534 543
534 615
535 535
535 536
535 544
535 616
536 536
536 537
536 545
536 617
537 537
537 538
537 546
537 618
538 538
538 539
538 547
538 619
539 539
539 548
539 620
540 540
540 541
540 549
540 621
541 541
541 542
541 550
541 622
542 542
542 543
542 551
542 623
543 543
543 544
543 552
543 624
544 544
544 545
544 553
544 625
545 545
545 546
545 554
545 626
546 546
546 547
546 555
546 627
547 547
547 548
547 556
547 628
548 548
548 557
548 629
549 549
549 550
549 558
549 630
550 550
550 551
550 559
550 631
551 551
551 552
551 560
551 632
552 552
552 553
552 561
552 633
553 553
553 554
553 562
553 634
554 554
554 555
554 563
554 635
555 555
555 556
555 564
555 636
556 556
556 557
556 565
556 637
557 557
557 566
557 638
558 558
558 559
558 639
559 559
559 560
559 640
560 560
560 561
560 641
561 561
561 562
561 642
562 562
562 563
562 643
563 563
563 564
563 644
564 564
564 565
564 645
565 565
565 566
565 646
566 566
566 647
567 567
567 568
567 576
567 648
568 568
568 569
568 577
568 649
569 569
569 570
569 578
569 650
570 570
570 571
570 579
570 651
571 571
571 572
571 580
571 652
572 572
572 573
572 581
572 653
573 573
573 574
573 582
573 654
574 574
574 575
574 583
574 655
575 575
575 584
575 656
576 576
576 577
576 585
576 657
577 577
577 578
577 586
577 658
578 578
578 579
578 587
578 659
579 579
579 580
579 588
579 660
580 580
580 581
580 589
580 661
581 581
581 582
581 590
581 662
582 582
582 583
582 591
582 663
583 583
583 584
583 592
583 664
584 584
584 593
584 665
585 585
585 586
585 594
585 666
586 586
586 587
586 595
586 667
587 587
587 588
587 596
587 668
588 588
588 589
588 597
588 669
589 589
589 590
589 598
589 670
590 590
590 591
590 599
590 671
591 591
591 592
591 600
591 672
592 592
592 593
592 601
592 673
593 593
593 602
593 674
594 594
594 595
594 603
594 675
595 595
595 596
595 604
595 676
596 596
596 597
596 605
596 677
597 597
597 598
597 606
597 678
598 598
598 599
598 607
598 679
599 599
599 600
599 608
599 680
600 600
600 601
600 609
600 681
601 601
601 602
601 610
601 682
602 602
602 611
602 683
603 603
603 604
603 612
603 684
604 604
604 605
604 613
604 685
605 605
605 606
605 614
605 686
606 606
606 607
606 615
606 687
607 607
607 608
607 616
607 688
608 608
608 609
608 617
608 689
609 609
609 610
609 618
609 690
610 610
610 611
610 619
610 691
611 611
611 620
611 692
612 612
612 613
612 621
612 693
613 613
613 614
613 622
613 694
614 614
614 615
614 623
614 695
615 615
615 616
615 624
615 696
616 616
616 617
616 625
616 697
617 617
617 618
617 626
617 698
618 618
618 619
618 627
618 699
619 619
619 620
619 628
619 700
620 620
620 629
620 701
621 621
621 622
621 630
621 702
622 622
622 623
622 631
622 703
623 623
623 624
623 632
623 704
624 624
624 625
624 633
624 705
625 625
625 626
625 634
625 706
626 626
626 627
626 635
626 707
627 627
627 628
627 636
627 708
628 628
628 629
628 637
628 709
629 629
629 638
629 710
630 630
630 631
630 639
630 711
631 631
631 632
631 640
631 712
632 632
632 633
632 641
632 713
633 633
633 634
633 642
633 714
634 634
634 635
634 643
634 715
635 635
635 636
635 644
635 716
636 636
636 637
636 645
636 717
637 637
637 638
637 646
637 718
638 638
638 647
638 719
639 639
639 640
639 720
640 640
640 641
640 721
641 641
641 642
641 722
642 642
642 643
642 723
643 643
643 644
643 724
644 644
644 645
644 725
645 645
645 646
645 726
646 646
646 647
646 727
647 647
647 728
648 648
648 649
648 657
649 649
649 650
649 658
650 650
650 651
650 659
651 651
651 652
651 660
652 652
652 653
652 661
653 653
653 654
653 662
654 654
654 655
654 663
655 655
655 656
655 664
656 656
656 665
657 657
657 658
657 666
658 658
658 659
658 667
659 659
659 660
659 668
660 660
660 661
660 669
661 661
661 662
661 670
662 662
662 663
662 671
663 663
663 664
663 672
664 664
664 665
664 673
665 665
665 674
666 666
666 667
666 675
667 667
667 668
667 676
668 668
668 669
668 677
669 669
669 670
669 678
670 670
670 671
670 679
671 671
671 672
671 680
672 672
672 673
672 681
673 673
673 674
673 682
674 674
674 683
675 675
675 676
675 684
676 676
676 677
676 685
677 677
677 678
677 686
678 678
678 679
678 687
679 679
679 680
679 688
680 680
680 681
680 689
681 681
681 682
681 690
682 682
682 683
682 691
683 683
683 692
684 684
684 685
684 693
685 685
685 686
685 694
686 686
686 687
686 695
687 687
687 688
687 696
688 688
688 689
688 697
689 689
689 690
689 698
690 690
690 691
690 699
691 691
691 692
691 700
692 692
692 701
693 693
693 694
693 702
694 694
694 695
694 703
695 695
695 696
695 704
696 696
696 697
696 705
697 697
697 698
697 706
698 698
698 699
698 707
699 699
699 700
699 708
700 700
700 701
700 709
701 701
701 710
702 702
702 703
702 711
703 703
703 704
703 712
704 704
704 705
704 713
705 705
705 706
705 714
706 706
706 707
706 715
707 707
707 708
707 716
708 708
708 709
708 717
709 709
709 710
709 718
710 710
710 719
711 711
711 712
711 720
712 712
712 713
712 721
713 713
713 714
713 722
714 714
714 715
714 723
715 715
715 716
715 724
716 716
716 717
716 725
717 717
717 718
717 726
718 718
718 719
718 727
719 719
719 728
720 720
720 721
721 721
721 722
722 722
722 723
723 723
723 724
724 724
724 725
725 725
725 726
726 726
726 727
727 727
727 728
728 728
