0 0
0 1
0 2
0 3
1 1
1 2
2 2
2 3
2 4
2 5
3 3
3 4
4 4
4 5
4 6
4 7
5 5
5 6
6 6
6 7
6 8
6 9
7 7
7 8
8 8
8 9
8 10
8 11
9 9
9 10
10 10
10 11
10 12
10 13
11 11
11 12
12 12
12 13
12 14
12 15
13 13
13 14
14 14
14 15
14 16
14 17
15 15
15 16
16 16
16 17
16 18
16 19
17 17
17 18
18 18
18 19
18 20
18 21
19 19
19 20
20 20
20 21
20 22
20 23
21 21
21 22
22 22
22 23
22 24
22 25
23 23
23 24
24 24
24 25
24 26
24 27
25 25
25 26
26 26
26 27
26 28
26 29
27 27
27 28
28 28
28 29
28 30
28 31
29 29
29 30
30 30
30 31
30 32
30 33
31 31
31 32
32 32
32 33
32 34
32 35
33 33
33 34
34 34
34 35
34 36
34 37
35 35
35 36
36 36
36 37
36 38
36 39
37 37
37 38
38 38
38 39
38 40
38 41
39 39
39 40
40 40
40 41
40 42
40 43
41 41
41 42
42 42
42 43
42 44
42 45
43 43
43 44
44 44
44 45
44 46
44 47
45 45
45 46
46 46
46 47
46 48
46 49
47 47
47 48
48 48
48 49
48 50
48 51
49 49
49 50
50 50
50 51
50 52
50 53
51 51
51 52
52 52
52 53
52 54
52 55
53 53
53 54
54 54
54 55
54 56
54 57
55 55
55 56
56 56
56 57
56 58
56 59
57 57
57 58
58 58
58 59
58 60
58 61
59 59
59 60
60 60
60 61
60 62
60 63
61 61
61 62
62 62
62 63
62 64
62 65
63 63
63 64
64 64
64 65
64 66
64 67
65 65
65 66
66 66
66 67
66 68
66 69
67 67
67 68
68 68
68 69
68 70
68 71
69 69
69 70
70 70
70 71
70 72
70 73
71 71
71 72
72 72
72 73
72 74
72 75
73 73
73 74
74 74
74 75
74 76
74 77
75 75
75 76
76 76
76 77
76 78
76 79
77 77
77 78
78 78
78 79
78 80
78 81
79 79
79 80
80 80
80 81
80 82
80 83
81 81
81 82
82 82
82 83
82 84
82 85
83 83
83 84
84 84
84 85
84 86
84 87
85 85
85 86
86 86
86 87
86 88
86 89
87 87
87 88
88 88
88 89
88 90
88 91
89 89
89 90
90 90
90 91
90 92
90 93
91 91
91 92
92 92
92 93
92 94
92 95
93 93
93 94
94 94
94 95
94 96
94 97
95 95
95 96
96 96
96 97
96 98
96 99
97 97
97 98
98 98
98 99
98 100
98 101
99 99
99 100
100 100
100 101
100 102
100 103
101 101
101 102
102 102
102 103
102 104
102 105
103 103
103 104
104 104
104 105
104 106
104 107
105 105
105 106
106 106
106 107
106 108
106 109
107 107
107 108
108 108
108 109
108 110
108 111
109 109
109 110
110 110
110 111
110 112
110 113
111 111
111 112
112 112
112 113
112 114
112 115
113 113
113 114
114 114
114 115
114 116
114 117
115 115
115 116
116 116
116 117
116 118
116 119
117 117
117 118
118 118
118 119
118 120
118 121
119 119
119 120
120 120
120 121
120 122
120 123
121 121
121 122
122 122
122 123
122 124
122 125
123 123
123 124
124 124
124 125
124 126
124 127
125 125
125 126
126 126
126 127
126 128
126 129
127 127
127 128
128 128
128 129
128 130
128 131
129 129
129 130
130 130
130 131
130 132
130 133
131 131
131 132
132 132
132 133
132 134
132 135
133 133
133 134
134 134
134 135
134 136
134 137
135 135
135 136
136 136
136 137
136 138
136 139
137 137
137 138
138 138
138 139
138 140
138 141
139 139
139 140
140 140
140 141
140 142
140 143
141 141
141 142
142 142
142 143
142 144
142 145
143 143
143 144
144 144
144 145
144 146
144 147
145 145
145 146
146 146
146 147
146 148
146 149
147 147
147 148
148 148
148 149
148 150
148 151
149 149
149 150
150 150
150 151
150 152
150 153
151 151
151 152
152 152
152 153
152 154
152 155
153 153
153 154
154 154
154 155
154 156
154 157
155 155
155 156
156 156
156 157
156 158
156 159
157 157
157 158
158 158
158 159
158 160
158 161
159 159
159 160
160 160
160 161
160 162
160 163
161 161
161 162
162 162
162 163
162 164
162 165
163 163
163 164
164 164
164 165
164 166
164 167
165 165
165 166
166 166
166 167
166 168
166 169
167 167
167 168
168 168
168 169
168 170
168 171
169 169
169 170
170 170
170 171
170 172
170 173
171 171
171 172
172 172
172 173
172 174
172 175
173 173
173 174
174 174
174 175
174 176
174 177
175 175
175 176
176 176
176 177
176 178
176 179
177 177
177 178
178 178
178 179
178 180
178 181
179 179
179 180
180 180
180 181
180 182
180 183
181 181
181 182
182 182
182 183
182 184
182 185
183 183
183 184
184 184
184 185
184 186
184 187
185 185
185 186
186 186
186 187
186 188
186 189
187 187
187 188
188 188
188 189
188 190
188 191
189 189
189 190
190 190
190 191
190 192
190 193
191 191
191 192
192 192
192 193
192 194
192 195
193 193
193 194
194 194
194 195
194 196
194 197
195 195
195 196
196 196
196 197
196 198
196 199
197 197
197 198
198 198
198 199
198 200
198 201
199 199
199 200
200 200
200 201
200 202
200 203
201 201
201 202
202 202
202 203
202 204
202 205
203 203
203 204
204 204
204 205
204 206
204 207
205 205
205 206
206 206
206 207
206 208
206 209
207 207
207 208
208 208
208 209
208 210
208 211
209 209
209 210
210 210
210 211
210 212
210 213
211 211
211 212
212 212
212 213
212 214
212 215
213 213
213 214
214 214
214 215
214 216
214 217
215 215
215 216
216 216
216 217
216 218
216 219
217 217
217 218
218 218
218 219
218 220
218 221
219 219
219 220
220 220
220 221
220 222
220 223
221 221
221 222
222 222
222 223
222 224
222 225
223 223
223 224
224 224
224 225
224 226
224 227
225 225
225 226
226 226
226 227
226 228
226 229
227 227
227 228
228 228
228 229
228 230
228 231
229 229
229 230
230 230
230 231
230 232
230 233
231 231
231 232
232 232
232 233
232 234
232 235
233 233
233 234
234 234
234 235
234 236
234 237
235 235
235 236
236 236
236 237
236 238
236 239
237 237
237 238
238 238
238 239
238 240
238 241
239 239
239 240
240 240
240 241
240 242
240 243
241 241
241 242
242 242
242 243
242 244
242 245
243 243
243 244
244 244
244 245
244 246
244 247
245 245
245 246
246 246
246 247
246 248
246 249
247 247
247 248
248 248
248 249
248 250
248 251
249 249
249 250
250 250
250 251
250 252
250 253
251 251
251 252
252 252
252 253
252 254
252 255
253 253
253 254
254 254
254 255
254 256
254 257
255 255
255 256
256 256
256 257
256 258
256 259
257 257
257 258
258 258
258 259
258 260
258 261
259 259
259 260
260 260
260 261
260 262
260 263
261 261
261 262
262 262
262 263
262 264
262 265
263 263
263 264
264 264
264 265
264 266
264 267
265 265
265 266
266 266
266 267
266 268
266 269
267 267
267 268
268 268
268 269
268 270
268 271
269 269
269 270
270 270
270 271
270 272
270 273
271 271
271 272
272 272
272 273
272 274
272 275
273 273
273 274
274 274
274 275
274 276
274 277
275 275
275 276
276 276
276 277
276 278
276 279
277 277
277 278
278 278
278 279
278 280
278 281
279 279
279 280
280 280
280 281
280 282
280 283
281 281
281 282
282 282
282 283
282 284
282 285
283 283
283 284
284 284
284 285
284 286
284 287
285 285
285 286
286 286
286 287
286 288
286 289
287 287
287 288
288 288
288 289
288 290
288 291
289 289
289 290
290 290
290 291
290 292
290 293
291 291
291 292
292 292
292 293
292 294
292 295
293 293
293 294
294 294
294 295
294 296
294 297
295 295
295 296
296 296
296 297
296 298
296 299
297 297
297 298
298 298
298 299
298 300
298 301
299 299
299 300
300 300
300 301
300 302
300 303
301 301
301 302
302 302
302 303
302 304
302 305
303 303
303 304
304 304
304 305
304 306
304 307
305 305
305 306
306 306
306 307
306 308
306 309
307 307
307 308
308 308
308 309
308 310
308 311
309 309
309 310
310 310
310 311
310 312
310 313
311 311
311 312
312 312
312 313
312 314
312 315
313 313
313 314
314 314
314 315
314 316
314 317
315 315
315 316
316 316
316 317
316 318
316 319
317 317
317 318
318 318
318 319
318 320
318 321
319 319
319 320
320 320
320 321
320 322
320 323
321 321
321 322
322 322
322 323
322 324
322 325
323 323
323 324
324 324
324 325
324 326
324 327
325 325
325 326
326 326
326 327
326 328
326 329
327 327
327 328
328 328
328 329
328 330
328 331
329 329
329 330
330 330
330 331
330 332
330 333
331 331
331 332
332 332
332 333
332 334
332 335
333 333
333 334
334 334
334 335
334 336
334 337
335 335
335 336
336 336
336 337
336 338
336 339
337 337
337 338
338 338
338 339
338 340
338 341
339 339
339 340
340 340
340 341
340 342
340 343
341 341
341 342
342 342
342 343
342 344
342 345
343 343
343 344
344 344
344 345
344 346
344 347
345 345
345 346
346 346
346 347
346 348
346 349
347 347
347 348
348 348
348 349
348 350
348 351
349 349
349 350
350 350
350 351
350 352
350 353
351 351
351 352
352 352
352 353
352 354
352 355
353 353
353 354
354 354
354 355
354 356
354 357
355 355
355 356
356 356
356 357
356 358
356 359
357 357
357 358
358 358
358 359
358 360
358 361
359 359
359 360
360 360
360 361
360 362
360 363
361 361
361 362
362 362
362 363
362 364
362 365
363 363
363 364
364 364
364 365
364 366
364 367
365 365
365 366
366 366
366 367
366 368
366 369
367 367
367 368
368 368
368 369
368 370
368 371
369 369
369 370
370 370
370 371
370 372
370 373
371 371
371 372
372 372
372 373
372 374
372 375
373 373
373 374
374 374
374 375
374 376
374 377
375 375
375 376
376 376
376 377
376 378
376 379
377 377
377 378
378 378
378 379
378 380
378 381
379 379
379 380
380 380
380 381
380 382
380 383
381 381
381 382
382 382
382 383
382 384
382 385
383 383
383 384
384 384
384 385
384 386
384 387
385 385
385 386
386 386
386 387
386 388
386 389
387 387
387 388
388 388
388 389
388 390
388 391
389 389
389 390
390 390
390 391
390 392
390 393
391 391
391 392
392 392
392 393
392 394
392 395
393 393
393 394
394 394
394 395
394 396
394 397
395 395
395 396
396 396
396 397
396 398
396 399
397 397
397 398
398 398
398 399
398 400
398 401
399 399
399 400
400 400
400 401
400 402
400 403
401 401
401 402
402 402
402 403
402 404
402 405
403 403
403 404
404 404
404 405
404 406
404 407
405 405
405 406
406 406
406 407
406 408
406 409
407 407
407 408
408 408
408 409
408 410
408 411
409 409
409 410
410 410
410 411
410 412
410 413
411 411
411 412
412 412
412 413
412 414
412 415
413 413
413 414
414 414
414 415
414 416
414 417
415 415
415 416
416 416
416 417
416 418
416 419
417 417
417 418
418 418
418 419
418 420
418 421
419 419
419 420
420 420
420 421
420 422
420 423
421 421
421 422
422 422
422 423
422 424
422 425
423 423
423 424
424 424
424 425
424 426
424 427
425 425
425 426
426 426
426 427
426 428
426 429
427 427
427 428
428 428
428 429
428 430
428 431
429 429
429 430
430 430
430 431
430 432
430 433
431 431
431 432
432 432
432 433
432 434
432 435
433 433
433 434
434 434
434 435
434 436
434 437
435 435
435 436
436 436
436 437
436 438
436 439
437 437
437 438
438 438
438 439
438 440
438 441
439 439
439 440
440 440
440 441
440 442
440 443
441 441
441 442
442 442
442 443
442 444
442 445
443 443
443 444
444 444
444 445
444 446
444 447
445 445
445 446
446 446
446 447
446 448
446 449
447 447
447 448
448 448
448 449
448 450
448 451
449 449
449 450
450 450
450 451
450 452
450 453
451 451
451 452
452 452
452 453
452 454
452 455
453 453
453 454
454 454
454 455
454 456
454 457
455 455
455 456
456 456
456 457
456 458
456 459
457 457
457 458
458 458
458 459
458 460
458 461
459 459
459 460
460 460
460 461
460 462
460 463
461 461
461 462
462 462
462 463
462 464
462 465
463 463
463 464
464 464
464 465
464 466
464 467
465 465
465 466
466 466
466 467
466 468
466 469
467 467
467 468
468 468
468 469
468 470
468 471
469 469
469 470
470 470
470 471
470 472
470 473
471 471
471 472
472 472
472 473
472 474
472 475
473 473
473 474
474 474
474 475
474 476
474 477
475 475
475 476
476 476
476 477
476 478
476 479
477 477
477 478
478 478
478 479
478 480
478 481
479 479
479 480
480 480
480 481
480 482
480 483
481 481
481 482
482 482
482 483
482 484
482 485
483 483
483 484
484 484
484 485
484 486
484 487
485 485
485 486
486 486
486 487
486 488
486 489
487 487
487 488
488 488
488 489
488 490
488 491
489 489
489 490
490 490
490 491
490 492
490 493
491 491
491 492
492 492
492 493
492 494
492 495
493 493
493 494
494 494
494 495
494 496
494 497
495 495
495 496
496 496
496 497
496 498
496 499
497 497
497 498
498 498
498 499
499 499
