0 0
0 1
0 8
0 64
0 507
0 514
1 1
1 2
1 9
1 65
1 507
2 2
2 3
2 10
2 66
2 507
3 3
3 4
3 11
3 67
3 507
4 4
4 5
4 12
4 68
4 508
5 5
5 6
5 13
5 69
5 508
6 6
6 7
6 14
6 70
6 508
7 7
7 15
7 71
7 508
7 515
8 8
8 9
8 16
8 72
8 514
9 9
9 10
9 17
9 73
10 10
10 11
10 18
10 74
11 11
11 12
11 19
11 75
12 12
12 13
12 20
12 76
13 13
13 14
13 21
13 77
14 14
14 15
14 22
14 78
15 15
15 23
15 79
15 515
16 16
16 17
16 24
16 80
16 514
17 17
17 18
17 25
17 81
18 18
18 19
18 26
18 82
19 19
19 20
19 27
19 83
20 20
20 21
20 28
20 84
21 21
21 22
21 29
21 85
22 22
22 23
22 30
22 86
23 23
23 31
23 87
23 515
24 24
24 25
24 32
24 88
24 514
25 25
25 26
25 33
25 89
26 26
26 27
26 34
26 90
27 27
27 28
27 35
27 91
28 28
28 29
28 36
28 92
29 29
29 30
29 37
29 93
30 30
30 31
30 38
30 94
31 31
31 39
31 95
31 515
32 32
32 33
32 40
32 96
32 520
33 33
33 34
33 41
33 97
34 34
34 35
34 42
34 98
35 35
35 36
35 43
35 99
36 36
36 37
36 44
36 100
37 37
37 38
37 45
37 101
38 38
38 39
38 46
38 102
39 39
39 47
39 103
39 521
40 40
40 41
40 48
40 104
40 520
41 41
41 42
41 49
41 105
42 42
42 43
42 50
42 106
43 43
43 44
43 51
43 107
44 44
44 45
44 52
44 108
45 45
45 46
45 53
45 109
46 46
46 47
46 54
46 110
47 47
47 55
47 111
47 521
48 48
48 49
48 56
48 112
48 520
49 49
49 50
49 57
49 113
50 50
50 51
50 58
50 114
51 51
51 52
51 59
51 115
52 52
52 53
52 60
52 116
53 53
53 54
53 61
53 117
54 54
54 55
54 62
54 118
55 55
55 63
55 119
55 521
56 56
56 57
56 120
56 520
56 526
57 57
57 58
57 121
57 526
58 58
58 59
58 122
58 526
59 59
59 60
59 123
59 526
60 60
60 61
60 124
60 527
61 61
61 62
61 125
61 527
62 62
62 63
62 126
62 527
63 63
63 127
63 521
63 527
64 64
64 65
64 72
64 128
64 581
64 588
65 65
65 66
65 73
65 129
65 581
66 66
66 67
66 74
66 130
66 581
67 67
67 68
67 75
67 131
67 581
68 68
68 69
68 76
68 132
68 582
69 69
69 70
69 77
69 133
69 582
70 70
70 71
70 78
70 134
70 582
71 71
71 79
71 135
71 582
71 589
72 72
72 73
72 80
72 136
72 588
73 73
73 74
73 81
73 137
74 74
74 75
74 82
74 138
75 75
75 76
75 83
75 139
76 76
76 77
76 84
76 140
77 77
77 78
77 85
77 141
78 78
78 79
78 86
78 142
79 79
79 87
79 143
79 589
80 80
80 81
80 88
80 144
80 588
81 81
81 82
81 89
81 145
82 82
82 83
82 90
82 146
83 83
83 84
83 91
83 147
84 84
84 85
84 92
84 148
85 85
85 86
85 93
85 149
86 86
86 87
86 94
86 150
87 87
87 95
87 151
87 589
88 88
88 89
88 96
88 152
88 588
89 89
89 90
89 97
89 153
90 90
90 91
90 98
90 154
91 91
91 92
91 99
91 155
92 92
92 93
92 100
92 156
93 93
93 94
93 101
93 157
94 94
94 95
94 102
94 158
95 95
95 103
95 159
95 589
96 96
96 97
96 104
96 160
96 594
97 97
97 98
97 105
97 161
98 98
98 99
98 106
98 162
99 99
99 100
99 107
99 163
100 100
100 101
100 108
100 164
101 101
101 102
101 109
101 165
102 102
102 103
102 110
102 166
103 103
103 111
103 167
103 595
104 104
104 105
104 112
104 168
104 594
105 105
105 106
105 113
105 169
106 106
106 107
106 114
106 170
107 107
107 108
107 115
107 171
108 108
108 109
108 116
108 172
109 109
109 110
109 117
109 173
110 110
110 111
110 118
110 174
111 111
111 119
111 175
111 595
112 112
112 113
112 120
112 176
112 594
113 113
113 114
113 121
113 177
114 114
114 115
114 122
114 178
115 115
115 116
115 123
115 179
116 116
116 117
116 124
116 180
117 117
117 118
117 125
117 181
118 118
118 119
118 126
118 182
119 119
119 127
119 183
119 595
120 120
120 121
120 184
120 594
120 600
121 121
121 122
121 185
121 600
122 122
122 123
122 186
122 600
123 123
123 124
123 187
123 600
124 124
124 125
124 188
124 601
125 125
125 126
125 189
125 601
126 126
126 127
126 190
126 601
127 127
127 191
127 595
127 601
128 128
128 129
128 136
128 192
128 655
128 662
129 129
129 130
129 137
129 193
129 655
130 130
130 131
130 138
130 194
130 655
131 131
131 132
131 139
131 195
131 655
132 132
132 133
132 140
132 196
132 656
133 133
133 134
133 141
133 197
133 656
134 134
134 135
134 142
134 198
134 656
135 135
135 143
135 199
135 656
135 663
136 136
136 137
136 144
136 200
136 662
137 137
137 138
137 145
137 201
138 138
138 139
138 146
138 202
139 139
139 140
139 147
139 203
140 140
140 141
140 148
140 204
141 141
141 142
141 149
141 205
142 142
142 143
142 150
142 206
143 143
143 151
143 207
143 663
144 144
144 145
144 152
144 208
144 662
145 145
145 146
145 153
145 209
146 146
146 147
146 154
146 210
147 147
147 148
147 155
147 211
148 148
148 149
148 156
148 212
149 149
149 150
149 157
149 213
150 150
150 151
150 158
150 214
151 151
151 159
151 215
151 663
152 152
152 153
152 160
152 216
152 662
153 153
153 154
153 161
153 217
154 154
154 155
154 162
154 218
155 155
155 156
155 163
155 219
156 156
156 157
156 164
156 220
157 157
157 158
157 165
157 221
158 158
158 159
158 166
158 222
159 159
159 167
159 223
159 663
160 160
160 161
160 168
160 224
160 668
161 161
161 162
161 169
161 225
162 162
162 163
162 170
162 226
163 163
163 164
163 171
163 227
164 164
164 165
164 172
164 228
165 165
165 166
165 173
165 229
166 166
166 167
166 174
166 230
167 167
167 175
167 231
167 669
168 168
168 169
168 176
168 232
168 668
169 169
169 170
169 177
169 233
170 170
170 171
170 178
170 234
171 171
171 172
171 179
171 235
172 172
172 173
172 180
172 236
173 173
173 174
173 181
173 237
174 174
174 175
174 182
174 238
175 175
175 183
175 239
175 669
176 176
176 177
176 184
176 240
176 668
177 177
177 178
177 185
177 241
178 178
178 179
178 186
178 242
179 179
179 180
179 187
179 243
180 180
180 181
180 188
180 244
181 181
181 182
181 189
181 245
182 182
182 183
182 190
182 246
183 183
183 191
183 247
183 669
184 184
184 185
184 248
184 668
184 674
185 185
185 186
185 249
185 674
186 186
186 187
186 250
186 674
187 187
187 188
187 251
187 674
188 188
188 189
188 252
188 675
189 189
189 190
189 253
189 675
190 190
190 191
190 254
190 675
191 191
191 255
191 669
191 675
192 192
192 193
192 200
192 256
192 729
192 736
193 193
193 194
193 201
193 257
193 729
194 194
194 195
194 202
194 258
194 729
195 195
195 196
195 203
195 259
195 729
196 196
196 197
196 204
196 260
196 730
197 197
197 198
197 205
197 261
197 730
198 198
198 199
198 206
198 262
198 730
199 199
199 207
199 263
199 730
199 737
200 200
200 201
200 208
200 264
200 736
201 201
201 202
201 209
201 265
202 202
202 203
202 210
202 266
203 203
203 204
203 211
203 267
204 204
204 205
204 212
204 268
205 205
205 206
205 213
205 269
206 206
206 207
206 214
206 270
207 207
207 215
207 271
207 737
208 208
208 209
208 216
208 272
208 736
209 209
209 210
209 217
209 273
210 210
210 211
210 218
210 274
211 211
211 212
211 219
211 275
212 212
212 213
212 220
212 276
213 213
213 214
213 221
213 277
214 214
214 215
214 222
214 278
215 215
215 223
215 279
215 737
216 216
216 217
216 224
216 280
216 736
217 217
217 218
217 225
217 281
218 218
218 219
218 226
218 282
219 219
219 220
219 227
219 283
220 220
220 221
220 228
220 284
221 221
221 222
221 229
221 285
222 222
222 223
222 230
222 286
223 223
223 231
223 287
223 737
224 224
224 225
224 232
224 288
224 742
225 225
225 226
225 233
225 289
226 226
226 227
226 234
226 290
227 227
227 228
227 235
227 291
228 228
228 229
228 236
228 292
229 229
229 230
229 237
229 293
230 230
230 231
230 238
230 294
231 231
231 239
231 295
231 743
232 232
232 233
232 240
232 296
232 742
233 233
233 234
233 241
233 297
234 234
234 235
234 242
234 298
235 235
235 236
235 243
235 299
236 236
236 237
236 244
236 300
237 237
237 238
237 245
237 301
238 238
238 239
238 246
238 302
239 239
239 247
239 303
239 743
240 240
240 241
240 248
240 304
240 742
241 241
241 242
241 249
241 305
242 242
242 243
242 250
242 306
243 243
243 244
243 251
243 307
244 244
244 245
244 252
244 308
245 245
245 246
245 253
245 309
246 246
246 247
246 254
246 310
247 247
247 255
247 311
247 743
248 248
248 249
248 312
248 742
248 748
249 249
249 250
249 313
249 748
250 250
250 251
250 314
250 748
251 251
251 252
251 315
251 748
252 252
252 253
252 316
252 749
253 253
253 254
253 317
253 749
254 254
254 255
254 318
254 749
255 255
255 319
255 743
255 749
256 256
256 257
256 264
256 803
256 810
257 257
257 258
257 265
257 803
258 258
258 259
258 266
258 803
259 259
259 260
259 267
259 803
260 260
260 261
260 268
260 804
261 261
261 262
261 269
261 804
262 262
262 263
262 270
262 804
263 263
263 271
263 804
263 811
264 264
264 265
264 272
264 810
265 265
265 266
265 273
266 266
266 267
266 274
267 267
267 268
267 275
268 268
268 269
268 276
269 269
269 270
269 277
270 270
270 271
270 278
271 271
271 279
271 811
272 272
272 273
272 280
272 810
273 273
273 274
273 281
274 274
274 275
274 282
275 275
275 276
275 283
276 276
276 277
276 284
277 277
277 278
277 285
278 278
278 279
278 286
279 279
279 287
279 811
280 280
280 281
280 288
280 810
281 281
281 282
281 289
282 282
282 283
282 290
283 283
283 284
283 291
284 284
284 285
284 292
285 285
285 286
285 293
286 286
286 287
286 294
287 287
287 295
287 811
288 288
288 289
288 296
288 816
289 289
289 290
289 297
290 290
290 291
290 298
291 291
291 292
291 299
292 292
292 293
292 300
293 293
293 294
293 301
294 294
294 295
294 302
295 295
295 303
295 817
296 296
296 297
296 304
296 816
297 297
297 298
297 305
298 298
298 299
298 306
299 299
299 300
299 307
300 300
300 301
300 308
301 301
301 302
301 309
302 302
302 303
302 310
303 303
303 311
303 817
304 304
304 305
304 312
304 816
305 305
305 306
305 313
306 306
306 307
306 314
307 307
307 308
307 315
308 308
308 309
308 316
309 309
309 310
309 317
310 310
310 311
310 318
311 311
311 319
311 817
312 312
312 313
312 816
312 822
313 313
313 314
313 822
314 314
314 315
314 822
315 315
315 316
315 822
316 316
316 317
316 823
317 317
317 318
317 823
318 318
318 319
318 823
319 319
319 817
319 823
320 320
320 321
320 324
320 336
320 493
320 500
321 321
321 322
321 325
321 337
321 493
322 322
322 323
322 326
322 338
322 493
323 323
323 327
323 339
323 493
323 501
324 324
324 325
324 328
324 340
324 500
325 325
325 326
325 329
325 341
326 326
326 327
326 330
326 342
327 327
327 331
327 343
327 501
328 328
328 329
328 332
328 344
328 500
329 329
329 330
329 333
329 345
330 330
330 331
330 334
330 346
331 331
331 335
331 347
331 501
332 332
332 333
332 348
332 500
332 508
333 333
333 334
333 349
333 508
334 334
334 335
334 350
334 508
335 335
335 351
335 501
335 508
336 336
336 337
336 340
336 352
336 567
336 574
337 337
337 338
337 341
337 353
337 567
338 338
338 339
338 342
338 354
338 567
339 339
339 343
339 355
339 567
339 575
340 340
340 341
340 344
340 356
340 574
341 341
341 342
341 345
341 357
342 342
342 343
342 346
342 358
343 343
343 347
343 359
343 575
344 344
344 345
344 348
344 360
344 574
345 345
345 346
345 349
345 361
346 346
346 347
346 350
346 362
347 347
347 351
347 363
347 575
348 348
348 349
348 364
348 574
348 582
349 349
349 350
349 365
349 582
350 350
350 351
350 366
350 582
351 351
351 367
351 575
351 582
352 352
352 353
352 356
352 368
352 641
352 648
353 353
353 354
353 357
353 369
353 641
354 354
354 355
354 358
354 370
354 641
355 355
355 359
355 371
355 641
355 649
356 356
356 357
356 360
356 372
356 648
357 357
357 358
357 361
357 373
358 358
358 359
358 362
358 374
359 359
359 363
359 375
359 649
360 360
360 361
360 364
360 376
360 648
361 361
361 362
361 365
361 377
362 362
362 363
362 366
362 378
363 363
363 367
363 379
363 649
364 364
364 365
364 380
364 648
364 656
365 365
365 366
365 381
365 656
366 366
366 367
366 382
366 656
367 367
367 383
367 649
367 656
368 368
368 369
368 372
368 384
368 715
368 722
369 369
369 370
369 373
369 385
369 715
370 370
370 371
370 374
370 386
370 715
371 371
371 375
371 387
371 715
371 723
372 372
372 373
372 376
372 388
372 722
373 373
373 374
373 377
373 389
374 374
374 375
374 378
374 390
375 375
375 379
375 391
375 723
376 376
376 377
376 380
376 392
376 722
377 377
377 378
377 381
377 393
378 378
378 379
378 382
378 394
379 379
379 383
379 395
379 723
380 380
380 381
380 396
380 722
380 730
381 381
381 382
381 397
381 730
382 382
382 383
382 398
382 730
383 383
383 399
383 723
383 730
384 384
384 385
384 388
384 789
384 796
385 385
385 386
385 389
385 789
386 386
386 387
386 390
386 789
387 387
387 391
387 789
387 797
388 388
388 389
388 392
388 796
389 389
389 390
389 393
390 390
390 391
390 394
391 391
391 395
391 797
392 392
392 393
392 396
392 796
393 393
393 394
393 397
394 394
394 395
394 398
395 395
395 399
395 797
396 396
396 397
396 796
396 804
397 397
397 398
397 804
398 398
398 399
398 804
399 399
399 797
399 804
400 400
400 401
400 404
400 416
400 516
400 521
401 401
401 402
401 405
401 417
401 516
402 402
402 403
402 406
402 418
402 516
403 403
403 407
403 419
403 516
404 404
404 405
404 408
404 420
404 521
405 405
405 406
405 409
405 421
406 406
406 407
406 410
406 422
407 407
407 411
407 423
408 408
408 409
408 412
408 424
408 521
409 409
409 410
409 413
409 425
410 410
410 411
410 414
410 426
411 411
411 415
411 427
412 412
412 413
412 428
412 521
412 529
413 413
413 414
413 429
413 529
414 414
414 415
414 430
414 529
415 415
415 431
415 529
416 416
416 417
416 420
416 432
416 590
416 595
417 417
417 418
417 421
417 433
417 590
418 418
418 419
418 422
418 434
418 590
419 419
419 423
419 435
419 590
420 420
420 421
420 424
420 436
420 595
421 421
421 422
421 425
421 437
422 422
422 423
422 426
422 438
423 423
423 427
423 439
424 424
424 425
424 428
424 440
424 595
425 425
425 426
425 429
425 441
426 426
426 427
426 430
426 442
427 427
427 431
427 443
428 428
428 429
428 444
428 595
428 603
429 429
429 430
429 445
429 603
430 430
430 431
430 446
430 603
431 431
431 447
431 603
432 432
432 433
432 436
432 448
432 664
432 669
433 433
433 434
433 437
433 449
433 664
434 434
434 435
434 438
434 450
434 664
435 435
435 439
435 451
435 664
436 436
436 437
436 440
436 452
436 669
437 437
437 438
437 441
437 453
438 438
438 439
438 442
438 454
439 439
439 443
439 455
440 440
440 441
440 444
440 456
440 669
441 441
441 442
441 445
441 457
442 442
442 443
442 446
442 458
443 443
443 447
443 459
444 444
444 445
444 460
444 669
444 677
445 445
445 446
445 461
445 677
446 446
446 447
446 462
446 677
447 447
447 463
447 677
448 448
448 449
448 452
448 464
448 738
448 743
449 449
449 450
449 453
449 465
449 738
450 450
450 451
450 454
450 466
450 738
451 451
451 455
451 467
451 738
452 452
452 453
452 456
452 468
452 743
453 453
453 454
453 457
453 469
454 454
454 455
454 458
454 470
455 455
455 459
455 471
456 456
456 457
456 460
456 472
456 743
457 457
457 458
457 461
457 473
458 458
458 459
458 462
458 474
459 459
459 463
459 475
460 460
460 461
460 476
460 743
460 751
461 461
461 462
461 477
461 751
462 462
462 463
462 478
462 751
463 463
463 479
463 751
464 464
464 465
464 468
464 812
464 817
465 465
465 466
465 469
465 812
466 466
466 467
466 470
466 812
467 467
467 471
467 812
468 468
468 469
468 472
468 817
469 469
469 470
469 473
470 470
470 471
470 474
471 471
471 475
472 472
472 473
472 476
472 817
473 473
473 474
473 477
474 474
474 475
474 478
475 475
475 479
476 476
476 477
476 817
476 825
477 477
477 478
477 825
478 478
478 479
478 825
479 479
479 825
480 480
480 481
480 488
480 554
480 853
481 481
481 482
481 489
481 555
482 482
482 483
482 490
482 556
483 483
483 484
483 491
483 557
484 484
484 485
484 492
484 558
485 485
485 486
485 493
485 559
486 486
486 487
486 494
486 560
487 487
487 495
487 561
488 488
488 489
488 496
488 562
488 853
489 489
489 490
489 497
489 563
490 490
490 491
490 498
490 564
491 491
491 492
491 499
491 565
492 492
492 493
492 500
492 566
493 493
493 494
493 567
494 494
494 495
494 501
494 568
495 495
495 502
495 569
496 496
496 497
496 503
496 570
496 857
497 497
497 498
497 504
497 571
498 498
498 499
498 505
498 572
499 499
499 500
499 506
499 573
500 500
500 507
500 574
501 501
501 502
501 509
501 575
502 502
502 510
502 576
503 503
503 504
503 511
503 577
503 857
504 504
504 505
504 512
504 578
505 505
505 506
505 513
505 579
506 506
506 507
506 514
506 580
507 507
507 508
507 581
508 508
508 509
508 582
509 509
509 510
509 515
509 583
510 510
510 516
510 584
511 511
511 512
511 517
511 585
511 861
512 512
512 513
512 518
512 586
513 513
513 514
513 519
513 587
514 514
514 520
514 588
515 515
515 516
515 521
515 589
516 516
516 590
517 517
517 518
517 522
517 591
517 861
518 518
518 519
518 523
518 592
519 519
519 520
519 524
519 593
520 520
520 525
520 594
521 521
521 528
521 595
522 522
522 523
522 530
522 596
522 865
523 523
523 524
523 531
523 597
524 524
524 525
524 532
524 598
525 525
525 526
525 533
525 599
526 526
526 527
526 534
526 600
527 527
527 528
527 535
527 601
528 528
528 529
528 536
528 602
529 529
529 537
529 603
530 530
530 531
530 538
530 604
530 865
531 531
531 532
531 539
531 605
532 532
532 533
532 540
532 606
533 533
533 534
533 541
533 607
534 534
534 535
534 542
534 608
535 535
535 536
535 543
535 609
536 536
536 537
536 544
536 610
537 537
537 545
537 611
538 538
538 539
538 546
538 612
538 869
539 539
539 540
539 547
539 613
540 540
540 541
540 548
540 614
541 541
541 542
541 549
541 615
542 542
542 543
542 550
542 616
543 543
543 544
543 551
543 617
544 544
544 545
544 552
544 618
545 545
545 553
545 619
546 546
546 547
546 620
546 869
546 874
547 547
547 548
547 621
547 874
548 548
548 549
548 622
548 875
549 549
549 550
549 623
549 875
550 550
550 551
550 624
550 876
551 551
551 552
551 625
551 876
552 552
552 553
552 626
552 877
553 553
553 627
553 877
554 554
554 555
554 562
554 628
554 889
555 555
555 556
555 563
555 629
556 556
556 557
556 564
556 630
557 557
557 558
557 565
557 631
558 558
558 559
558 566
558 632
559 559
559 560
559 567
559 633
560 560
560 561
560 568
560 634
561 561
561 569
561 635
562 562
562 563
562 570
562 636
562 889
563 563
563 564
563 571
563 637
564 564
564 565
564 572
564 638
565 565
565 566
565 573
565 639
566 566
566 567
566 574
566 640
567 567
567 568
567 641
568 568
568 569
568 575
568 642
569 569
569 576
569 643
570 570
570 571
570 577
570 644
570 893
571 571
571 572
571 578
571 645
572 572
572 573
572 579
572 646
573 573
573 574
573 580
573 647
574 574
574 581
574 648
575 575
575 576
575 583
575 649
576 576
576 584
576 650
577 577
577 578
577 585
577 651
577 893
578 578
578 579
578 586
578 652
579 579
579 580
579 587
579 653
580 580
580 581
580 588
580 654
581 581
581 582
581 655
582 582
582 583
582 656
583 583
583 584
583 589
583 657
584 584
584 590
584 658
585 585
585 586
585 591
585 659
585 897
586 586
586 587
586 592
586 660
587 587
587 588
587 593
587 661
588 588
588 594
588 662
589 589
589 590
589 595
589 663
590 590
590 664
591 591
591 592
591 596
591 665
591 897
592 592
592 593
592 597
592 666
593 593
593 594
593 598
593 667
594 594
594 599
594 668
595 595
595 602
595 669
596 596
596 597
596 604
596 670
596 901
597 597
597 598
597 605
597 671
598 598
598 599
598 606
598 672
599 599
599 600
599 607
599 673
600 600
600 601
600 608
600 674
601 601
601 602
601 609
601 675
602 602
602 603
602 610
602 676
603 603
603 611
603 677
604 604
604 605
604 612
604 678
604 901
605 605
605 606
605 613
605 679
606 606
606 607
606 614
606 680
607 607
607 608
607 615
607 681
608 608
608 609
608 616
608 682
609 609
609 610
609 617
609 683
610 610
610 611
610 618
610 684
611 611
611 619
611 685
612 612
612 613
612 620
612 686
612 905
613 613
613 614
613 621
613 687
614 614
614 615
614 622
614 688
615 615
615 616
615 623
615 689
616 616
616 617
616 624
616 690
617 617
617 618
617 625
617 691
618 618
618 619
618 626
618 692
619 619
619 627
619 693
620 620
620 621
620 694
620 905
620 910
621 621
621 622
621 695
621 910
622 622
622 623
622 696
622 911
623 623
623 624
623 697
623 911
624 624
624 625
624 698
624 912
625 625
625 626
625 699
625 912
626 626
626 627
626 700
626 913
627 627
627 701
627 913
628 628
628 629
628 636
628 702
628 925
629 629
629 630
629 637
629 703
630 630
630 631
630 638
630 704
631 631
631 632
631 639
631 705
632 632
632 633
632 640
632 706
633 633
633 634
633 641
633 707
634 634
634 635
634 642
634 708
635 635
635 643
635 709
636 636
636 637
636 644
636 710
636 925
637 637
637 638
637 645
637 711
638 638
638 639
638 646
638 712
639 639
639 640
639 647
639 713
640 640
640 641
640 648
640 714
641 641
641 642
641 715
642 642
642 643
642 649
642 716
643 643
643 650
643 717
644 644
644 645
644 651
644 718
644 929
645 645
645 646
645 652
645 719
646 646
646 647
646 653
646 720
647 647
647 648
647 654
647 721
648 648
648 655
648 722
649 649
649 650
649 657
649 723
650 650
650 658
650 724
651 651
651 652
651 659
651 725
651 929
652 652
652 653
652 660
652 726
653 653
653 654
653 661
653 727
654 654
654 655
654 662
654 728
655 655
655 656
655 729
656 656
656 657
656 730
657 657
657 658
657 663
657 731
658 658
658 664
658 732
659 659
659 660
659 665
659 733
659 933
660 660
660 661
660 666
660 734
661 661
661 662
661 667
661 735
662 662
662 668
662 736
663 663
663 664
663 669
663 737
664 664
664 738
665 665
665 666
665 670
665 739
665 933
666 666
666 667
666 671
666 740
667 667
667 668
667 672
667 741
668 668
668 673
668 742
669 669
669 676
669 743
670 670
670 671
670 678
670 744
670 937
671 671
671 672
671 679
671 745
672 672
672 673
672 680
672 746
673 673
673 674
673 681
673 747
674 674
674 675
674 682
674 748
675 675
675 676
675 683
675 749
676 676
676 677
676 684
676 750
677 677
677 685
677 751
678 678
678 679
678 686
678 752
678 937
679 679
679 680
679 687
679 753
680 680
680 681
680 688
680 754
681 681
681 682
681 689
681 755
682 682
682 683
682 690
682 756
683 683
683 684
683 691
683 757
684 684
684 685
684 692
684 758
685 685
685 693
685 759
686 686
686 687
686 694
686 760
686 941
687 687
687 688
687 695
687 761
688 688
688 689
688 696
688 762
689 689
689 690
689 697
689 763
690 690
690 691
690 698
690 764
691 691
691 692
691 699
691 765
692 692
692 693
692 700
692 766
693 693
693 701
693 767
694 694
694 695
694 768
694 941
694 946
695 695
695 696
695 769
695 946
696 696
696 697
696 770
696 947
697 697
697 698
697 771
697 947
698 698
698 699
698 772
698 948
699 699
699 700
699 773
699 948
700 700
700 701
700 774
700 949
701 701
701 775
701 949
702 702
702 703
702 710
702 776
702 961
703 703
703 704
703 711
703 777
704 704
704 705
704 712
704 778
705 705
705 706
705 713
705 779
706 706
706 707
706 714
706 780
707 707
707 708
707 715
707 781
708 708
708 709
708 716
708 782
709 709
709 717
709 783
710 710
710 711
710 718
710 784
710 961
711 711
711 712
711 719
711 785
712 712
712 713
712 720
712 786
713 713
713 714
713 721
713 787
714 714
714 715
714 722
714 788
715 715
715 716
715 789
716 716
716 717
716 723
716 790
717 717
717 724
717 791
718 718
718 719
718 725
718 792
718 965
719 719
719 720
719 726
719 793
720 720
720 721
720 727
720 794
721 721
721 722
721 728
721 795
722 722
722 729
722 796
723 723
723 724
723 731
723 797
724 724
724 732
724 798
725 725
725 726
725 733
725 799
725 965
726 726
726 727
726 734
726 800
727 727
727 728
727 735
727 801
728 728
728 729
728 736
728 802
729 729
729 730
729 803
730 730
730 731
730 804
731 731
731 732
731 737
731 805
732 732
732 738
732 806
733 733
733 734
733 739
733 807
733 969
734 734
734 735
734 740
734 808
735 735
735 736
735 741
735 809
736 736
736 742
736 810
737 737
737 738
737 743
737 811
738 738
738 812
739 739
739 740
739 744
739 813
739 969
740 740
740 741
740 745
740 814
741 741
741 742
741 746
741 815
742 742
742 747
742 816
743 743
743 750
743 817
744 744
744 745
744 752
744 818
744 973
745 745
745 746
745 753
745 819
746 746
746 747
746 754
746 820
747 747
747 748
747 755
747 821
748 748
748 749
748 756
748 822
749 749
749 750
749 757
749 823
750 750
750 751
750 758
750 824
751 751
751 759
751 825
752 752
752 753
752 760
752 826
752 973
753 753
753 754
753 761
753 827
754 754
754 755
754 762
754 828
755 755
755 756
755 763
755 829
756 756
756 757
756 764
756 830
757 757
757 758
757 765
757 831
758 758
758 759
758 766
758 832
759 759
759 767
759 833
760 760
760 761
760 768
760 834
760 977
761 761
761 762
761 769
761 835
762 762
762 763
762 770
762 836
763 763
763 764
763 771
763 837
764 764
764 765
764 772
764 838
765 765
765 766
765 773
765 839
766 766
766 767
766 774
766 840
767 767
767 775
767 841
768 768
768 769
768 842
768 977
768 982
769 769
769 770
769 843
769 982
770 770
770 771
770 844
770 983
771 771
771 772
771 845
771 983
772 772
772 773
772 846
772 984
773 773
773 774
773 847
773 984
774 774
774 775
774 848
774 985
775 775
775 849
775 985
776 776
776 777
776 784
776 997
777 777
777 778
777 785
778 778
778 779
778 786
779 779
779 780
779 787
780 780
780 781
780 788
781 781
781 782
781 789
782 782
782 783
782 790
783 783
783 791
784 784
784 785
784 792
784 997
785 785
785 786
785 793
786 786
786 787
786 794
787 787
787 788
787 795
788 788
788 789
788 796
789 789
789 790
790 790
790 791
790 797
791 791
791 798
792 792
792 793
792 799
792 1001
793 793
793 794
793 800
794 794
794 795
794 801
795 795
795 796
795 802
796 796
796 803
797 797
797 798
797 805
798 798
798 806
799 799
799 800
799 807
799 1001
800 800
800 801
800 808
801 801
801 802
801 809
802 802
802 803
802 810
803 803
803 804
804 804
804 805
805 805
805 806
805 811
806 806
806 812
807 807
807 808
807 813
807 1005
808 808
808 809
808 814
809 809
809 810
809 815
810 810
810 816
811 811
811 812
811 817
812 812
813 813
813 814
813 818
813 1005
814 814
814 815
814 819
815 815
815 816
815 820
816 816
816 821
817 817
817 824
818 818
818 819
818 826
818 1009
819 819
819 820
819 827
820 820
820 821
820 828
821 821
821 822
821 829
822 822
822 823
822 830
823 823
823 824
823 831
824 824
824 825
824 832
825 825
825 833
826 826
826 827
826 834
826 1009
827 827
827 828
827 835
828 828
828 829
828 836
829 829
829 830
829 837
830 830
830 831
830 838
831 831
831 832
831 839
832 832
832 833
832 840
833 833
833 841
834 834
834 835
834 842
834 1013
835 835
835 836
835 843
836 836
836 837
836 844
837 837
837 838
837 845
838 838
838 839
838 846
839 839
839 840
839 847
840 840
840 841
840 848
841 841
841 849
842 842
842 843
842 1013
842 1018
843 843
843 844
843 1018
844 844
844 845
844 1019
845 845
845 846
845 1019
846 846
846 847
846 1020
847 847
847 848
847 1020
848 848
848 849
848 1021
849 849
849 1021
850 850
850 851
850 854
850 886
851 851
851 852
851 855
851 887
852 852
852 853
852 856
852 888
853 853
853 857
853 889
854 854
854 855
854 858
854 890
855 855
855 856
855 859
855 891
856 856
856 857
856 860
856 892
857 857
857 861
857 893
858 858
858 859
858 862
858 894
859 859
859 860
859 863
859 895
860 860
860 861
860 864
860 896
861 861
861 865
861 897
862 862
862 863
862 866
862 898
863 863
863 864
863 867
863 899
864 864
864 865
864 868
864 900
865 865
865 869
865 901
866 866
866 867
866 870
866 902
867 867
867 868
867 871
867 903
868 868
868 869
868 872
868 904
869 869
869 873
869 905
870 870
870 871
870 878
870 906
871 871
871 872
871 879
871 907
872 872
872 873
872 880
872 908
873 873
873 874
873 881
873 909
874 874
874 875
874 882
874 910
875 875
875 876
875 883
875 911
876 876
876 877
876 884
876 912
877 877
877 885
877 913
878 878
878 879
878 914
879 879
879 880
879 915
880 880
880 881
880 916
881 881
881 882
881 917
882 882
882 883
882 918
883 883
883 884
883 919
884 884
884 885
884 920
885 885
885 921
886 886
886 887
886 890
886 922
887 887
887 888
887 891
887 923
888 888
888 889
888 892
888 924
889 889
889 893
889 925
890 890
890 891
890 894
890 926
891 891
891 892
891 895
891 927
892 892
892 893
892 896
892 928
893 893
893 897
893 929
894 894
894 895
894 898
894 930
895 895
895 896
895 899
895 931
896 896
896 897
896 900
896 932
897 897
897 901
897 933
898 898
898 899
898 902
898 934
899 899
899 900
899 903
899 935
900 900
900 901
900 904
900 936
901 901
901 905
901 937
902 902
902 903
902 906
902 938
903 903
903 904
903 907
903 939
904 904
904 905
904 908
904 940
905 905
905 909
905 941
906 906
906 907
906 914
906 942
907 907
907 908
907 915
907 943
908 908
908 909
908 916
908 944
909 909
909 910
909 917
909 945
910 910
910 911
910 918
910 946
911 911
911 912
911 919
911 947
912 912
912 913
912 920
912 948
913 913
913 921
913 949
914 914
914 915
914 950
915 915
915 916
915 951
916 916
916 917
916 952
917 917
917 918
917 953
918 918
918 919
918 954
919 919
919 920
919 955
920 920
920 921
920 956
921 921
921 957
922 922
922 923
922 926
922 958
923 923
923 924
923 927
923 959
924 924
924 925
924 928
924 960
925 925
925 929
925 961
926 926
926 927
926 930
926 962
927 927
927 928
927 931
927 963
928 928
928 929
928 932
928 964
929 929
929 933
929 965
930 930
930 931
930 934
930 966
931 931
931 932
931 935
931 967
932 932
932 933
932 936
932 968
933 933
933 937
933 969
934 934
934 935
934 938
934 970
935 935
935 936
935 939
935 971
936 936
936 937
936 940
936 972
937 937
937 941
937 973
938 938
938 939
938 942
938 974
939 939
939 940
939 943
939 975
940 940
940 941
940 944
940 976
941 941
941 945
941 977
942 942
942 943
942 950
942 978
943 943
943 944
943 951
943 979
944 944
944 945
944 952
944 980
945 945
945 946
945 953
945 981
946 946
946 947
946 954
946 982
947 947
947 948
947 955
947 983
948 948
948 949
948 956
948 984
949 949
949 957
949 985
950 950
950 951
950 986
951 951
951 952
951 987
952 952
952 953
952 988
953 953
953 954
953 989
954 954
954 955
954 990
955 955
955 956
955 991
956 956
956 957
956 992
957 957
957 993
958 958
958 959
958 962
958 994
959 959
959 960
959 963
959 995
960 960
960 961
960 964
960 996
961 961
961 965
961 997
962 962
962 963
962 966
962 998
963 963
963 964
963 967
963 999
964 964
964 965
964 968
964 1000
965 965
965 969
965 1001
966 966
966 967
966 970
966 1002
967 967
967 968
967 971
967 1003
968 968
968 969
968 972
968 1004
969 969
969 973
969 1005
970 970
970 971
970 974
970 1006
971 971
971 972
971 975
971 1007
972 972
972 973
972 976
972 1008
973 973
973 977
973 1009
974 974
974 975
974 978
974 1010
975 975
975 976
975 979
975 1011
976 976
976 977
976 980
976 1012
977 977
977 981
977 1013
978 978
978 979
978 986
978 1014
979 979
979 980
979 987
979 1015
980 980
980 981
980 988
980 1016
981 981
981 982
981 989
981 1017
982 982
982 983
982 990
982 1018
983 983
983 984
983 991
983 1019
984 984
984 985
984 992
984 1020
985 985
985 993
985 1021
986 986
986 987
986 1022
987 987
987 988
987 1023
988 988
988 989
988 1024
989 989
989 990
989 1025
990 990
990 991
990 1026
991 991
991 992
991 1027
992 992
992 993
992 1028
993 993
993 1029
994 994
994 995
994 998
995 995
995 996
995 999
996 996
996 997
996 1000
997 997
997 1001
998 998
998 999
998 1002
999 999
999 1000
999 1003
1000 1000
1000 1001
1000 1004
1001 1001
1001 1005
1002 1002
1002 1003
1002 1006
1003 1003
1003 1004
1003 1007
1004 1004
1004 1005
1004 1008
1005 1005
1005 1009
1006 1006
1006 1007
1006 1010
1007 1007
1007 1008
1007 1011
1008 1008
1008 1009
1008 1012
1009 1009
1009 1013
1010 1010
1010 1011
1010 1014
1011 1011
1011 1012
1011 1015
1012 1012
1012 1013
1012 1016
1013 1013
1013 1017
1014 1014
1014 1015
1014 1022
1015 1015
1015 1016
1015 1023
1016 1016
1016 1017
1016 1024
1017 1017
1017 1018
1017 1025
1018 1018
1018 1019
1018 1026
1019 1019
1019 1020
1019 1027
1020 1020
1020 1021
1020 1028
1021 1021
1021 1029
1022 1022
1022 1023
1023 1023
1023 1024
1024 1024
1024 1025
1025 1025
1025 1026
1026 1026
1026 1027
1027 1027
1027 1028
1028 1028
1028 1029
1029 1029
