0 0
0 1
0 3
0 130
0 132
0 133
0 245
0 246
0 247
1 1
1 4
1 130
1 131
1 133
1 134
1 245
1 246
1 247
1 248
2 2
2 3
2 8
2 132
2 137
2 138
2 246
2 249
2 250
3 3
3 4
3 9
3 130
3 132
3 133
3 138
3 139
3 246
3 247
3 249
3 250
3 251
4 4
4 5
4 10
4 130
4 131
4 133
4 134
4 139
4 140
4 246
4 247
4 248
4 250
4 251
4 252
5 5
5 11
5 131
5 134
5 135
5 140
5 141
5 247
5 248
5 251
5 252
5 253
6 6
6 7
6 13
6 136
6 143
6 254
6 255
7 7
7 8
7 14
7 136
7 137
7 143
7 144
7 249
7 254
7 255
7 256
8 8
8 9
8 15
8 132
8 137
8 138
8 144
8 145
8 249
8 250
8 255
8 256
8 257
9 9
9 10
9 16
9 132
9 133
9 138
9 139
9 145
9 146
9 249
9 250
9 251
9 256
9 257
9 258
10 10
10 11
10 17
10 133
10 134
10 139
10 140
10 146
10 147
10 250
10 251
10 252
10 257
10 258
10 259
11 11
11 12
11 18
11 134
11 135
11 140
11 141
11 147
11 148
11 251
11 252
11 253
11 258
11 259
11 260
12 12
12 19
12 135
12 141
12 142
12 148
12 252
12 253
12 259
12 260
13 13
13 14
13 22
13 136
13 143
13 150
13 151
13 254
13 255
13 261
13 262
14 14
14 15
14 23
14 136
14 137
14 143
14 144
14 151
14 152
14 254
14 255
14 256
14 261
14 262
14 263
15 15
15 16
15 24
15 137
15 138
15 144
15 145
15 152
15 153
15 255
15 256
15 257
15 262
15 263
15 264
16 16
16 17
16 25
16 138
16 139
16 145
16 146
16 153
16 154
16 256
16 257
16 258
16 263
16 264
16 265
17 17
17 18
17 26
17 139
17 140
17 146
17 147
17 154
17 155
17 257
17 258
17 259
17 264
17 265
17 266
18 18
18 19
18 27
18 140
18 141
18 147
18 148
18 155
18 156
18 258
18 259
18 260
18 265
18 266
18 267
19 19
19 28
19 141
19 142
19 148
19 156
19 259
19 260
19 266
19 267
20 20
20 21
20 30
20 149
20 157
20 158
20 268
20 269
21 21
21 22
21 31
21 149
21 150
21 158
21 159
21 261
21 268
21 269
21 270
22 22
22 23
22 32
22 143
22 150
22 151
22 159
22 160
22 261
22 262
22 269
22 270
22 271
23 23
23 24
23 33
23 143
23 144
23 151
23 152
23 160
23 161
23 261
23 262
23 263
23 270
23 271
23 272
24 24
24 25
24 34
24 144
24 145
24 152
24 153
24 161
24 162
24 262
24 263
24 264
24 271
24 272
24 273
25 25
25 26
25 35
25 145
25 146
25 153
25 154
25 162
25 163
25 263
25 264
25 265
25 272
25 273
25 274
26 26
26 27
26 36
26 146
26 147
26 154
26 155
26 163
26 164
26 264
26 265
26 266
26 273
26 274
26 275
27 27
27 28
27 37
27 147
27 148
27 155
27 156
27 164
27 165
27 265
27 266
27 267
27 274
27 275
27 276
28 28
28 38
28 148
28 156
28 165
28 166
28 266
28 267
28 275
28 276
29 29
29 30
29 40
29 157
29 167
29 268
29 277
29 278
30 30
30 31
30 41
30 149
30 157
30 158
30 167
30 168
30 268
30 269
30 277
30 278
30 279
31 31
31 32
31 42
31 149
31 150
31 158
31 159
31 168
31 169
31 268
31 269
31 270
31 278
31 279
31 280
32 32
32 33
32 43
32 150
32 151
32 159
32 160
32 169
32 170
32 269
32 270
32 271
32 279
32 280
32 281
33 33
33 34
33 44
33 151
33 152
33 160
33 161
33 170
33 171
33 270
33 271
33 272
33 280
33 281
33 282
34 34
34 35
34 45
34 152
34 153
34 161
34 162
34 171
34 172
34 271
34 272
34 273
34 281
34 282
34 283
35 35
35 36
35 46
35 153
35 154
35 162
35 163
35 172
35 173
35 272
35 273
35 274
35 282
35 283
35 284
36 36
36 37
36 47
36 154
36 155
36 163
36 164
36 173
36 174
36 273
36 274
36 275
36 283
36 284
36 285
37 37
37 38
37 48
37 155
37 156
37 164
37 165
37 174
37 175
37 274
37 275
37 276
37 284
37 285
37 286
38 38
38 39
38 49
38 156
38 165
38 166
38 175
38 176
38 275
38 276
38 285
38 286
38 287
39 39
39 50
39 166
39 176
39 276
39 286
39 287
40 40
40 41
40 51
40 157
40 167
40 177
40 277
40 278
40 288
40 289
41 41
41 42
41 52
41 157
41 158
41 167
41 168
41 177
41 178
41 277
41 278
41 279
41 288
41 289
41 290
42 42
42 43
42 53
42 158
42 159
42 168
42 169
42 178
42 179
42 278
42 279
42 280
42 289
42 290
42 291
43 43
43 44
43 54
43 159
43 160
43 169
43 170
43 179
43 180
43 279
43 280
43 281
43 290
43 291
43 292
44 44
44 45
44 55
44 160
44 161
44 170
44 171
44 180
44 181
44 280
44 281
44 282
44 291
44 292
44 293
45 45
45 46
45 56
45 161
45 162
45 171
45 172
45 181
45 182
45 281
45 282
45 283
45 292
45 293
45 294
46 46
46 47
46 57
46 162
46 163
46 172
46 173
46 182
46 183
46 282
46 283
46 284
46 293
46 294
46 295
47 47
47 48
47 58
47 163
47 164
47 173
47 174
47 183
47 184
47 283
47 284
47 285
47 294
47 295
47 296
48 48
48 49
48 59
48 164
48 165
48 174
48 175
48 184
48 185
48 284
48 285
48 286
48 295
48 296
48 297
49 49
49 50
49 60
49 165
49 166
49 175
49 176
49 185
49 186
49 285
49 286
49 287
49 296
49 297
49 298
50 50
50 61
50 166
50 176
50 186
50 187
50 286
50 287
50 297
50 298
51 51
51 52
51 167
51 177
51 288
51 289
51 299
52 52
52 53
52 63
52 167
52 168
52 177
52 178
52 188
52 288
52 289
52 290
52 299
52 300
53 53
53 54
53 64
53 168
53 169
53 178
53 179
53 188
53 189
53 289
53 290
53 291
53 299
53 300
53 301
54 54
54 55
54 65
54 169
54 170
54 179
54 180
54 189
54 190
54 290
54 291
54 292
54 300
54 301
54 302
55 55
55 56
55 66
55 170
55 171
55 180
55 181
55 190
55 191
55 291
55 292
55 293
55 301
55 302
55 303
56 56
56 57
56 67
56 171
56 172
56 181
56 182
56 191
56 192
56 292
56 293
56 294
56 302
56 303
56 304
57 57
57 58
57 68
57 172
57 173
57 182
57 183
57 192
57 193
57 293
57 294
57 295
57 303
57 304
57 305
58 58
58 59
58 69
58 173
58 174
58 183
58 184
58 193
58 194
58 294
58 295
58 296
58 304
58 305
58 306
59 59
59 60
59 70
59 174
59 175
59 184
59 185
59 194
59 195
59 295
59 296
59 297
59 305
59 306
59 307
60 60
60 61
60 71
60 175
60 176
60 185
60 186
60 195
60 196
60 296
60 297
60 298
60 306
60 307
60 308
61 61
61 62
61 72
61 176
61 186
61 187
61 196
61 197
61 297
61 298
61 307
61 308
61 309
62 62
62 73
62 187
62 197
62 298
62 308
62 309
63 63
63 64
63 177
63 178
63 188
63 299
63 300
64 64
64 65
64 178
64 179
64 188
64 189
64 299
64 300
64 301
64 310
65 65
65 66
65 74
65 179
65 180
65 189
65 190
65 198
65 300
65 301
65 302
65 310
65 311
66 66
66 67
66 75
66 180
66 181
66 190
66 191
66 198
66 199
66 301
66 302
66 303
66 310
66 311
66 312
67 67
67 68
67 76
67 181
67 182
67 191
67 192
67 199
67 200
67 302
67 303
67 304
67 311
67 312
67 313
68 68
68 69
68 77
68 182
68 183
68 192
68 193
68 200
68 201
68 303
68 304
68 305
68 312
68 313
68 314
69 69
69 70
69 78
69 183
69 184
69 193
69 194
69 201
69 202
69 304
69 305
69 306
69 313
69 314
69 315
70 70
70 71
70 79
70 184
70 185
70 194
70 195
70 202
70 203
70 305
70 306
70 307
70 314
70 315
70 316
71 71
71 72
71 80
71 185
71 186
71 195
71 196
71 203
71 204
71 306
71 307
71 308
71 315
71 316
71 317
72 72
72 73
72 81
72 186
72 187
72 196
72 197
72 204
72 205
72 307
72 308
72 309
72 316
72 317
72 318
73 73
73 82
73 187
73 197
73 205
73 206
73 308
73 309
73 317
73 318
74 74
74 75
74 189
74 190
74 198
74 310
74 311
74 319
75 75
75 76
75 84
75 190
75 191
75 198
75 199
75 207
75 310
75 311
75 312
75 319
75 320
76 76
76 77
76 85
76 191
76 192
76 199
76 200
76 207
76 208
76 311
76 312
76 313
76 319
76 320
76 321
77 77
77 78
77 86
77 192
77 193
77 200
77 201
77 208
77 209
77 312
77 313
77 314
77 320
77 321
77 322
78 78
78 79
78 87
78 193
78 194
78 201
78 202
78 209
78 210
78 313
78 314
78 315
78 321
78 322
78 323
79 79
79 80
79 88
79 194
79 195
79 202
79 203
79 210
79 211
79 314
79 315
79 316
79 322
79 323
79 324
80 80
80 81
80 89
80 195
80 196
80 203
80 204
80 211
80 212
80 315
80 316
80 317
80 323
80 324
80 325
81 81
81 82
81 90
81 196
81 197
81 204
81 205
81 212
81 213
81 316
81 317
81 318
81 324
81 325
81 326
82 82
82 83
82 91
82 197
82 205
82 206
82 213
82 317
82 318
82 325
82 326
83 83
83 318
83 326
84 84
84 85
84 92
84 198
84 199
84 207
84 214
84 319
84 320
84 327
84 328
85 85
85 86
85 93
85 199
85 200
85 207
85 208
85 214
85 215
85 319
85 320
85 321
85 327
85 328
85 329
86 86
86 87
86 94
86 200
86 201
86 208
86 209
86 215
86 216
86 320
86 321
86 322
86 328
86 329
86 330
87 87
87 88
87 95
87 201
87 202
87 209
87 210
87 216
87 217
87 321
87 322
87 323
87 329
87 330
87 331
88 88
88 89
88 96
88 202
88 203
88 210
88 211
88 217
88 218
88 322
88 323
88 324
88 330
88 331
88 332
89 89
89 90
89 97
89 203
89 204
89 211
89 212
89 218
89 219
89 323
89 324
89 325
89 331
89 332
89 333
90 90
90 91
90 98
90 204
90 205
90 212
90 213
90 219
90 324
90 325
90 326
90 332
90 333
91 91
91 205
91 206
91 213
91 325
91 326
91 333
92 92
92 93
92 100
92 207
92 214
92 220
92 221
92 327
92 328
92 334
92 335
93 93
93 94
93 101
93 207
93 208
93 214
93 215
93 221
93 222
93 327
93 328
93 329
93 334
93 335
93 336
94 94
94 95
94 102
94 208
94 209
94 215
94 216
94 222
94 223
94 328
94 329
94 330
94 335
94 336
94 337
95 95
95 96
95 103
95 209
95 210
95 216
95 217
95 223
95 224
95 329
95 330
95 331
95 336
95 337
95 338
96 96
96 97
96 104
96 210
96 211
96 217
96 218
96 224
96 225
96 330
96 331
96 332
96 337
96 338
96 339
97 97
97 98
97 105
97 211
97 212
97 218
97 219
97 225
97 226
97 331
97 332
97 333
97 338
97 339
97 340
98 98
98 106
98 212
98 213
98 219
98 226
98 227
98 332
98 333
98 339
98 340
99 99
99 100
99 109
99 220
99 228
99 229
99 334
99 341
99 342
100 100
100 101
100 110
100 214
100 220
100 221
100 229
100 230
100 334
100 335
100 341
100 342
100 343
101 101
101 102
101 111
101 214
101 215
101 221
101 222
101 230
101 231
101 334
101 335
101 336
101 342
101 343
101 344
102 102
102 103
102 112
102 215
102 216
102 222
102 223
102 231
102 232
102 335
102 336
102 337
102 343
102 344
102 345
103 103
103 104
103 113
103 216
103 217
103 223
103 224
103 232
103 233
103 336
103 337
103 338
103 344
103 345
103 346
104 104
104 105
104 114
104 217
104 218
104 224
104 225
104 233
104 234
104 337
104 338
104 339
104 345
104 346
104 347
105 105
105 106
105 115
105 218
105 219
105 225
105 226
105 234
105 235
105 338
105 339
105 340
105 346
105 347
105 348
106 106
106 107
106 116
106 219
106 226
106 227
106 235
106 236
106 339
106 340
106 347
106 348
106 349
107 107
107 117
107 227
107 236
107 340
107 348
107 349
108 108
108 109
108 118
108 228
108 237
108 341
108 350
108 351
109 109
109 110
109 119
109 220
109 228
109 229
109 237
109 238
109 341
109 342
109 350
109 351
109 352
110 110
110 111
110 120
110 220
110 221
110 229
110 230
110 238
110 341
110 342
110 343
110 351
110 352
111 111
111 112
111 221
111 222
111 230
111 231
111 342
111 343
111 344
111 352
111 353
112 112
112 113
112 121
112 222
112 223
112 231
112 232
112 239
112 343
112 344
112 345
112 353
112 354
113 113
113 114
113 122
113 223
113 224
113 232
113 233
113 239
113 240
113 344
113 345
113 346
113 353
113 354
113 355
114 114
114 115
114 123
114 224
114 225
114 233
114 234
114 240
114 241
114 345
114 346
114 347
114 354
114 355
114 356
115 115
115 116
115 124
115 225
115 226
115 234
115 235
115 241
115 242
115 346
115 347
115 348
115 355
115 356
115 357
116 116
116 117
116 125
116 226
116 227
116 235
116 236
116 242
116 347
116 348
116 349
116 356
116 357
117 117
117 227
117 236
117 348
117 349
117 357
118 118
118 119
118 126
118 228
118 237
118 243
118 350
118 351
118 358
118 359
119 119
119 120
119 127
119 228
119 229
119 237
119 238
119 243
119 350
119 351
119 352
119 358
119 359
120 120
120 229
120 230
120 238
120 351
120 352
120 359
121 121
121 122
121 231
121 232
121 239
121 353
121 354
121 360
122 122
122 123
122 128
122 232
122 233
122 239
122 240
122 244
122 353
122 354
122 355
122 360
122 361
123 123
123 124
123 129
123 233
123 234
123 240
123 241
123 244
123 354
123 355
123 356
123 360
123 361
124 124
124 125
124 234
124 235
124 241
124 242
124 355
124 356
124 357
124 361
125 125
125 235
125 236
125 242
125 356
125 357
126 126
126 127
126 237
126 243
126 358
126 359
127 127
127 237
127 238
127 243
127 358
127 359
128 128
128 129
128 239
128 240
128 244
128 360
128 361
129 129
129 240
129 241
129 244
129 360
129 361
130 130
130 131
130 132
130 133
130 134
130 245
130 246
130 247
131 131
131 133
131 134
131 135
131 245
131 247
132 132
132 133
132 137
132 138
132 139
132 246
132 249
132 250
133 133
133 134
133 138
133 139
133 140
133 246
133 247
133 250
133 251
134 134
134 135
134 139
134 140
134 141
134 247
134 248
134 251
134 252
135 135
135 140
135 141
135 142
135 248
135 252
136 136
136 137
136 143
136 144
136 254
136 255
137 137
137 138
137 143
137 144
137 145
137 249
137 255
137 256
138 138
138 139
138 144
138 145
138 146
138 249
138 250
138 256
138 257
139 139
139 140
139 145
139 146
139 147
139 250
139 251
139 257
139 258
140 140
140 141
140 146
140 147
140 148
140 251
140 252
140 258
140 259
141 141
141 142
141 147
141 148
141 252
141 253
141 259
141 260
142 142
142 148
142 253
142 260
143 143
143 144
143 150
143 151
143 152
143 254
143 255
143 261
143 262
144 144
144 145
144 151
144 152
144 153
144 255
144 256
144 262
144 263
145 145
145 146
145 152
145 153
145 154
145 256
145 257
145 263
145 264
146 146
146 147
146 153
146 154
146 155
146 257
146 258
146 264
146 265
147 147
147 148
147 154
147 155
147 156
147 258
147 259
147 265
147 266
148 148
148 155
148 156
148 259
148 260
148 266
148 267
149 149
149 150
149 157
149 158
149 159
149 268
149 269
150 150
150 151
150 158
150 159
150 160
150 261
150 269
150 270
151 151
151 152
151 159
151 160
151 161
151 261
151 262
151 270
151 271
152 152
152 153
152 160
152 161
152 162
152 262
152 263
152 271
152 272
153 153
153 154
153 161
153 162
153 163
153 263
153 264
153 272
153 273
154 154
154 155
154 162
154 163
154 164
154 264
154 265
154 273
154 274
155 155
155 156
155 163
155 164
155 165
155 265
155 266
155 274
155 275
156 156
156 164
156 165
156 166
156 266
156 267
156 275
156 276
157 157
157 158
157 167
157 168
157 268
157 277
157 278
158 158
158 159
158 167
158 168
158 169
158 268
158 269
158 278
158 279
159 159
159 160
159 168
159 169
159 170
159 269
159 270
159 279
159 280
160 160
160 161
160 169
160 170
160 171
160 270
160 271
160 280
160 281
161 161
161 162
161 170
161 171
161 172
161 271
161 272
161 281
161 282
162 162
162 163
162 171
162 172
162 173
162 272
162 273
162 282
162 283
163 163
163 164
163 172
163 173
163 174
163 273
163 274
163 283
163 284
164 164
164 165
164 173
164 174
164 175
164 274
164 275
164 284
164 285
165 165
165 166
165 174
165 175
165 176
165 275
165 276
165 285
165 286
166 166
166 175
166 176
166 276
166 286
166 287
167 167
167 168
167 177
167 178
167 277
167 278
167 288
167 289
168 168
168 169
168 177
168 178
168 179
168 278
168 279
168 289
168 290
169 169
169 170
169 178
169 179
169 180
169 279
169 280
169 290
169 291
170 170
170 171
170 179
170 180
170 181
170 280
170 281
170 291
170 292
171 171
171 172
171 180
171 181
171 182
171 281
171 282
171 292
171 293
172 172
172 173
172 181
172 182
172 183
172 282
172 283
172 293
172 294
173 173
173 174
173 182
173 183
173 184
173 283
173 284
173 294
173 295
174 174
174 175
174 183
174 184
174 185
174 284
174 285
174 295
174 296
175 175
175 176
175 184
175 185
175 186
175 285
175 286
175 296
175 297
176 176
176 185
176 186
176 187
176 286
176 287
176 297
176 298
177 177
177 178
177 188
177 288
177 289
177 299
178 178
178 179
178 188
178 189
178 289
178 290
178 299
178 300
179 179
179 180
179 188
179 189
179 190
179 290
179 291
179 300
179 301
180 180
180 181
180 189
180 190
180 191
180 291
180 292
180 301
180 302
181 181
181 182
181 190
181 191
181 192
181 292
181 293
181 302
181 303
182 182
182 183
182 191
182 192
182 193
182 293
182 294
182 303
182 304
183 183
183 184
183 192
183 193
183 194
183 294
183 295
183 304
183 305
184 184
184 185
184 193
184 194
184 195
184 295
184 296
184 305
184 306
185 185
185 186
185 194
185 195
185 196
185 296
185 297
185 306
185 307
186 186
186 187
186 195
186 196
186 197
186 297
186 298
186 307
186 308
187 187
187 196
187 197
187 298
187 308
187 309
188 188
188 189
188 299
188 300
189 189
189 190
189 198
189 300
189 301
189 310
190 190
190 191
190 198
190 199
190 301
190 302
190 310
190 311
191 191
191 192
191 198
191 199
191 200
191 302
191 303
191 311
191 312
192 192
192 193
192 199
192 200
192 201
192 303
192 304
192 312
192 313
193 193
193 194
193 200
193 201
193 202
193 304
193 305
193 313
193 314
194 194
194 195
194 201
194 202
194 203
194 305
194 306
194 314
194 315
195 195
195 196
195 202
195 203
195 204
195 306
195 307
195 315
195 316
196 196
196 197
196 203
196 204
196 205
196 307
196 308
196 316
196 317
197 197
197 204
197 205
197 206
197 308
197 309
197 317
197 318
198 198
198 199
198 207
198 310
198 311
198 319
199 199
199 200
199 207
199 208
199 311
199 312
199 319
199 320
200 200
200 201
200 207
200 208
200 209
200 312
200 313
200 320
200 321
201 201
201 202
201 208
201 209
201 210
201 313
201 314
201 321
201 322
202 202
202 203
202 209
202 210
202 211
202 314
202 315
202 322
202 323
203 203
203 204
203 210
203 211
203 212
203 315
203 316
203 323
203 324
204 204
204 205
204 211
204 212
204 213
204 316
204 317
204 324
204 325
205 205
205 206
205 212
205 213
205 317
205 318
205 325
205 326
206 206
206 213
206 318
206 326
207 207
207 208
207 214
207 215
207 319
207 320
207 327
207 328
208 208
208 209
208 214
208 215
208 216
208 320
208 321
208 328
208 329
209 209
209 210
209 215
209 216
209 217
209 321
209 322
209 329
209 330
210 210
210 211
210 216
210 217
210 218
210 322
210 323
210 330
210 331
211 211
211 212
211 217
211 218
211 219
211 323
211 324
211 331
211 332
212 212
212 213
212 218
212 219
212 324
212 325
212 332
212 333
213 213
213 219
213 325
213 326
213 333
214 214
214 215
214 220
214 221
214 222
214 327
214 328
214 334
214 335
215 215
215 216
215 221
215 222
215 223
215 328
215 329
215 335
215 336
216 216
216 217
216 222
216 223
216 224
216 329
216 330
216 336
216 337
217 217
217 218
217 223
217 224
217 225
217 330
217 331
217 337
217 338
218 218
218 219
218 224
218 225
218 226
218 331
218 332
218 338
218 339
219 219
219 225
219 226
219 227
219 332
219 333
219 339
219 340
220 220
220 221
220 228
220 229
220 230
220 334
220 341
220 342
221 221
221 222
221 229
221 230
221 231
221 334
221 335
221 342
221 343
222 222
222 223
222 230
222 231
222 232
222 335
222 336
222 343
222 344
223 223
223 224
223 231
223 232
223 233
223 336
223 337
223 344
223 345
224 224
224 225
224 232
224 233
224 234
224 337
224 338
224 345
224 346
225 225
225 226
225 233
225 234
225 235
225 338
225 339
225 346
225 347
226 226
226 227
226 234
226 235
226 236
226 339
226 340
226 347
226 348
227 227
227 235
227 236
227 340
227 348
227 349
228 228
228 229
228 237
228 238
228 341
228 350
228 351
229 229
229 230
229 237
229 238
229 341
229 342
229 351
229 352
230 230
230 231
230 238
230 342
230 343
230 352
231 231
231 232
231 239
231 343
231 344
231 353
232 232
232 233
232 239
232 240
232 344
232 345
232 353
232 354
233 233
233 234
233 239
233 240
233 241
233 345
233 346
233 354
233 355
234 234
234 235
234 240
234 241
234 242
234 346
234 347
234 355
234 356
235 235
235 236
235 241
235 242
235 347
235 348
235 356
235 357
236 236
236 242
236 348
236 349
236 357
237 237
237 238
237 243
237 350
237 351
237 358
237 359
238 238
238 243
238 351
238 352
238 359
239 239
239 240
239 244
239 353
239 354
239 360
240 240
240 241
240 244
240 354
240 355
240 360
240 361
241 241
241 242
241 244
241 355
241 356
241 361
242 242
242 356
242 357
243 243
243 358
243 359
244 244
244 360
244 361
245 245
245 246
245 247
245 248
246 246
246 247
246 249
246 250
246 251
247 247
247 248
247 250
247 251
247 252
248 248
248 251
248 252
248 253
249 249
249 250
249 255
249 256
249 257
250 250
250 251
250 256
250 257
250 258
251 251
251 252
251 257
251 258
251 259
252 252
252 253
252 258
252 259
252 260
253 253
253 259
253 260
254 254
254 255
254 261
254 262
255 255
255 256
255 261
255 262
255 263
256 256
256 257
256 262
256 263
256 264
257 257
257 258
257 263
257 264
257 265
258 258
258 259
258 264
258 265
258 266
259 259
259 260
259 265
259 266
259 267
260 260
260 266
260 267
261 261
261 262
261 269
261 270
261 271
262 262
262 263
262 270
262 271
262 272
263 263
263 264
263 271
263 272
263 273
264 264
264 265
264 272
264 273
264 274
265 265
265 266
265 273
265 274
265 275
266 266
266 267
266 274
266 275
266 276
267 267
267 275
267 276
268 268
268 269
268 277
268 278
268 279
269 269
269 270
269 278
269 279
269 280
270 270
270 271
270 279
270 280
270 281
271 271
271 272
271 280
271 281
271 282
272 272
272 273
272 281
272 282
272 283
273 273
273 274
273 282
273 283
273 284
274 274
274 275
274 283
274 284
274 285
275 275
275 276
275 284
275 285
275 286
276 276
276 285
276 286
276 287
277 277
277 278
277 288
277 289
278 278
278 279
278 288
278 289
278 290
279 279
279 280
279 289
279 290
279 291
280 280
280 281
280 290
280 291
280 292
281 281
281 282
281 291
281 292
281 293
282 282
282 283
282 292
282 293
282 294
283 283
283 284
283 293
283 294
283 295
284 284
284 285
284 294
284 295
284 296
285 285
285 286
285 295
285 296
285 297
286 286
286 287
286 296
286 297
286 298
287 287
287 297
287 298
288 288
288 289
288 299
289 289
289 290
289 299
289 300
290 290
290 291
290 299
290 300
290 301
291 291
291 292
291 300
291 301
291 302
292 292
292 293
292 301
292 302
292 303
293 293
293 294
293 302
293 303
293 304
294 294
294 295
294 303
294 304
294 305
295 295
295 296
295 304
295 305
295 306
296 296
296 297
296 305
296 306
296 307
297 297
297 298
297 306
297 307
297 308
298 298
298 307
298 308
298 309
299 299
299 300
300 300
300 301
300 310
301 301
301 302
301 310
301 311
302 302
302 303
302 310
302 311
302 312
303 303
303 304
303 311
303 312
303 313
304 304
304 305
304 312
304 313
304 314
305 305
305 306
305 313
305 314
305 315
306 306
306 307
306 314
306 315
306 316
307 307
307 308
307 315
307 316
307 317
308 308
308 309
308 316
308 317
308 318
309 309
309 317
309 318
310 310
310 311
310 319
311 311
311 312
311 319
311 320
312 312
312 313
312 319
312 320
312 321
313 313
313 314
313 320
313 321
313 322
314 314
314 315
314 321
314 322
314 323
315 315
315 316
315 322
315 323
315 324
316 316
316 317
316 323
316 324
316 325
317 317
317 318
317 324
317 325
317 326
318 318
318 325
318 326
319 319
319 320
319 327
319 328
320 320
320 321
320 327
320 328
320 329
321 321
321 322
321 328
321 329
321 330
322 322
322 323
322 329
322 330
322 331
323 323
323 324
323 330
323 331
323 332
324 324
324 325
324 331
324 332
324 333
325 325
325 326
325 332
325 333
326 326
326 333
327 327
327 328
327 334
327 335
328 328
328 329
328 334
328 335
328 336
329 329
329 330
329 335
329 336
329 337
330 330
330 331
330 336
330 337
330 338
331 331
331 332
331 337
331 338
331 339
332 332
332 333
332 338
332 339
332 340
333 333
333 339
333 340
334 334
334 335
334 341
334 342
334 343
335 335
335 336
335 342
335 343
335 344
336 336
336 337
336 343
336 344
336 345
337 337
337 338
337 344
337 345
337 346
338 338
338 339
338 345
338 346
338 347
339 339
339 340
339 346
339 347
339 348
340 340
340 347
340 348
340 349
341 341
341 342
341 350
341 351
341 352
342 342
342 343
342 351
342 352
343 343
343 344
343 352
343 353
344 344
344 345
344 353
344 354
345 345
345 346
345 353
345 354
345 355
346 346
346 347
346 354
346 355
346 356
347 347
347 348
347 355
347 356
347 357
348 348
348 349
348 356
348 357
349 349
349 357
350 350
350 351
350 358
350 359
351 351
351 352
351 358
351 359
352 352
352 359
353 353
353 354
353 360
354 354
354 355
354 360
354 361
355 355
355 356
355 360
355 361
356 356
356 357
356 361
357 357
358 358
358 359
359 359
360 360
360 361
361 361
