0 0
0 1
0 2
1 1
2 2
2 3
2 4
3 3
4 4
4 5
4 6
5 5
6 6
6 7
6 8
7 7
8 8
8 9
8 10
9 9
10 10
10 11
10 12
11 11
12 12
12 13
12 14
13 13
14 14
14 15
14 16
15 15
16 16
16 17
16 18
17 17
18 18
18 19
18 20
19 19
20 20
20 21
20 22
21 21
22 22
22 23
22 24
23 23
24 24
24 25
24 26
25 25
26 26
26 27
26 28
27 27
28 28
28 29
28 30
29 29
30 30
30 31
30 32
31 31
32 32
32 33
32 34
33 33
34 34
34 35
34 36
35 35
36 36
36 37
36 38
37 37
38 38
38 39
38 40
39 39
40 40
40 41
40 42
41 41
42 42
42 43
42 44
43 43
44 44
44 45
44 46
45 45
46 46
46 47
46 48
47 47
48 48
48 49
48 50
49 49
50 50
50 51
50 52
51 51
52 52
52 53
52 54
53 53
54 54
54 55
54 56
55 55
56 56
56 57
56 58
57 57
58 58
58 59
58 60
59 59
60 60
60 61
60 62
61 61
62 62
62 63
62 64
63 63
64 64
64 65
64 66
65 65
66 66
66 67
66 68
67 67
68 68
68 69
68 70
69 69
70 70
70 71
70 72
70 73
71 71
71 72
71 73
72 72
72 73
72 74
72 75
73 73
73 74
73 75
74 74
74 75
75 75
76 76
76 77
76 78
76 79
76 152
76 153
77 77
77 152
77 153
77 78
77 79
78 78
78 79
78 80
78 81
78 154
78 155
79 79
79 154
79 155
79 80
79 81
80 80
80 81
80 82
80 83
80 156
80 157
81 81
81 156
81 157
81 82
81 83
82 82
82 83
82 84
82 85
82 158
82 159
83 83
83 158
83 159
83 84
83 85
84 84
84 85
84 86
84 87
84 160
84 161
85 85
85 160
85 161
85 86
85 87
86 86
86 87
86 88
86 89
86 162
86 163
87 87
87 162
87 163
87 88
87 89
88 88
88 89
88 90
88 91
88 164
88 165
89 89
89 164
89 165
89 90
89 91
90 90
90 91
90 92
90 93
90 166
90 167
91 91
91 166
91 167
91 92
91 93
92 92
92 93
92 94
92 95
92 168
92 169
93 93
93 168
93 169
93 94
93 95
94 94
94 95
94 96
94 97
94 170
94 171
95 95
95 170
95 171
95 96
95 97
96 96
96 97
96 98
96 99
96 172
96 173
97 97
97 172
97 173
97 98
97 99
98 98
98 99
98 100
98 101
98 174
98 175
99 99
99 174
99 175
99 100
99 101
100 100
100 101
100 102
100 103
100 176
100 177
101 101
101 176
101 177
101 102
101 103
102 102
102 103
102 104
102 105
102 178
102 179
103 103
103 178
103 179
103 104
103 105
104 104
104 105
104 106
104 107
104 180
104 181
105 105
105 180
105 181
105 106
105 107
106 106
106 107
106 108
106 109
106 182
106 183
107 107
107 182
107 183
107 108
107 109
108 108
108 109
108 110
108 111
108 184
108 185
109 109
109 184
109 185
109 110
109 111
110 110
110 111
110 112
110 113
110 186
110 187
111 111
111 186
111 187
111 112
111 113
112 112
112 113
112 114
112 115
112 188
112 189
113 113
113 188
113 189
113 114
113 115
114 114
114 115
114 116
114 117
114 190
114 191
115 115
115 190
115 191
115 116
115 117
116 116
116 117
116 118
116 119
116 192
116 193
117 117
117 192
117 193
117 118
117 119
118 118
118 119
118 120
118 121
118 194
118 195
119 119
119 194
119 195
119 120
119 121
120 120
120 121
120 122
120 123
120 196
120 197
121 121
121 196
121 197
121 122
121 123
122 122
122 123
122 124
122 125
122 198
122 199
123 123
123 198
123 199
123 124
123 125
124 124
124 125
124 126
124 127
124 200
124 201
125 125
125 200
125 201
125 126
125 127
126 126
126 127
126 128
126 129
126 202
126 203
127 127
127 202
127 203
127 128
127 129
128 128
128 129
128 130
128 131
128 204
128 205
129 129
129 204
129 205
129 130
129 131
130 130
130 131
130 132
130 133
130 206
130 207
131 131
131 206
131 207
131 132
131 133
132 132
132 133
132 134
132 135
132 208
132 209
133 133
133 208
133 209
133 134
133 135
134 134
134 135
134 136
134 137
134 210
134 211
135 135
135 210
135 211
135 136
135 137
136 136
136 137
136 138
136 139
136 212
136 213
137 137
137 212
137 213
137 138
137 139
138 138
138 139
138 140
138 141
138 214
138 215
139 139
139 214
139 215
139 140
139 141
140 140
140 141
140 142
140 143
140 216
140 217
141 141
141 216
141 217
141 142
141 143
142 142
142 143
142 144
142 218
142 219
143 143
143 218
143 219
144 144
144 145
144 146
144 220
145 145
146 146
146 147
146 148
146 222
147 147
148 148
148 149
148 150
148 151
148 224
149 149
149 150
149 151
150 150
150 151
150 226
150 227
151 151
151 227
151 226
152 152
152 153
152 154
152 155
152 228
152 229
153 153
153 228
153 229
153 154
153 155
154 154
154 155
154 156
154 157
154 230
154 231
155 155
155 230
155 231
155 156
155 157
156 156
156 157
156 158
156 159
156 232
156 233
157 157
157 232
157 233
157 158
157 159
158 158
158 159
158 160
158 161
158 234
158 235
159 159
159 234
159 235
159 160
159 161
160 160
160 161
160 162
160 163
160 236
160 237
161 161
161 236
161 237
161 162
161 163
162 162
162 163
162 164
162 165
162 238
162 239
163 163
163 238
163 239
163 164
163 165
164 164
164 165
164 166
164 167
164 240
164 241
165 165
165 240
165 241
165 166
165 167
166 166
166 167
166 168
166 169
166 242
166 243
167 167
167 242
167 243
167 168
167 169
168 168
168 169
168 170
168 171
168 244
168 245
169 169
169 244
169 245
169 170
169 171
170 170
170 171
170 172
170 173
170 246
170 247
171 171
171 246
171 247
171 172
171 173
172 172
172 173
172 174
172 175
172 248
172 249
173 173
173 248
173 249
173 174
173 175
174 174
174 175
174 176
174 177
174 250
174 251
175 175
175 250
175 251
175 176
175 177
176 176
176 177
176 178
176 179
176 252
176 253
177 177
177 252
177 253
177 178
177 179
178 178
178 179
178 180
178 181
178 254
178 255
179 179
179 254
179 255
179 180
179 181
180 180
180 181
180 182
180 183
180 256
180 257
181 181
181 256
181 257
181 182
181 183
182 182
182 183
182 184
182 185
182 258
182 259
183 183
183 258
183 259
183 184
183 185
184 184
184 185
184 186
184 187
184 260
184 261
185 185
185 260
185 261
185 186
185 187
186 186
186 187
186 188
186 189
186 262
186 263
187 187
187 262
187 263
187 188
187 189
188 188
188 189
188 190
188 191
188 264
188 265
189 189
189 264
189 265
189 190
189 191
190 190
190 191
190 192
190 193
190 266
190 267
191 191
191 266
191 267
191 192
191 193
192 192
192 193
192 194
192 195
192 268
192 269
193 193
193 268
193 269
193 194
193 195
194 194
194 195
194 196
194 197
194 270
194 271
195 195
195 270
195 271
195 196
195 197
196 196
196 197
196 198
196 199
196 272
196 273
197 197
197 272
197 273
197 198
197 199
198 198
198 199
198 200
198 201
198 274
198 275
199 199
199 274
199 275
199 200
199 201
200 200
200 201
200 202
200 203
200 276
200 277
201 201
201 276
201 277
201 202
201 203
202 202
202 203
202 204
202 205
202 278
202 279
203 203
203 278
203 279
203 204
203 205
204 204
204 205
204 206
204 207
204 280
204 281
205 205
205 280
205 281
205 206
205 207
206 206
206 207
206 208
206 209
206 282
206 283
207 207
207 282
207 283
207 208
207 209
208 208
208 209
208 210
208 211
208 284
208 285
209 209
209 284
209 285
209 210
209 211
210 210
210 211
210 212
210 213
210 286
210 287
211 211
211 286
211 287
211 212
211 213
212 212
212 213
212 214
212 215
212 288
212 289
213 213
213 288
213 289
213 214
213 215
214 214
214 215
214 216
214 217
214 290
214 291
215 215
215 290
215 291
215 216
215 217
216 216
216 217
216 218
216 219
216 292
216 293
217 217
217 292
217 293
217 218
217 219
218 218
218 219
218 220
218 294
218 295
219 219
219 294
219 295
220 220
220 221
220 222
220 296
221 221
222 222
222 223
222 224
222 298
223 223
224 224
224 225
224 226
224 227
224 300
225 225
225 226
225 227
226 226
226 227
226 302
226 303
227 227
227 303
227 302
228 228
228 229
228 230
228 231
228 304
228 305
229 229
229 230
229 231
229 304
229 305
230 230
230 231
230 232
230 233
230 306
230 307
231 231
231 232
231 233
231 306
231 307
232 232
232 233
232 234
232 235
232 308
232 309
233 233
233 234
233 235
233 308
233 309
234 234
234 235
234 236
234 237
234 310
234 311
235 235
235 236
235 237
235 310
235 311
236 236
236 237
236 238
236 239
236 312
236 313
237 237
237 238
237 239
237 312
237 313
238 238
238 239
238 240
238 241
238 314
238 315
239 239
239 240
239 241
239 314
239 315
240 240
240 241
240 242
240 243
240 316
240 317
241 241
241 242
241 243
241 316
241 317
242 242
242 243
242 244
242 245
242 318
242 319
243 243
243 244
243 245
243 318
243 319
244 244
244 245
244 246
244 247
244 320
244 321
245 245
245 246
245 247
245 320
245 321
246 246
246 247
246 248
246 249
246 322
246 323
247 247
247 248
247 249
247 322
247 323
248 248
248 249
248 250
248 251
248 324
248 325
249 249
249 250
249 251
249 324
249 325
250 250
250 251
250 252
250 253
250 326
250 327
251 251
251 252
251 253
251 326
251 327
252 252
252 253
252 254
252 255
252 328
252 329
253 253
253 254
253 255
253 328
253 329
254 254
254 255
254 256
254 257
254 330
254 331
255 255
255 256
255 257
255 330
255 331
256 256
256 257
256 258
256 259
256 332
256 333
257 257
257 258
257 259
257 332
257 333
258 258
258 259
258 260
258 261
258 334
258 335
259 259
259 260
259 261
259 334
259 335
260 260
260 261
260 262
260 263
260 336
260 337
261 261
261 262
261 263
261 336
261 337
262 262
262 263
262 264
262 265
262 338
262 339
263 263
263 264
263 265
263 338
263 339
264 264
264 265
264 266
264 267
264 340
264 341
265 265
265 266
265 267
265 340
265 341
266 266
266 267
266 268
266 269
266 342
266 343
267 267
267 268
267 269
267 342
267 343
268 268
268 269
268 270
268 271
268 344
268 345
269 269
269 270
269 271
269 344
269 345
270 270
270 271
270 272
270 273
270 346
270 347
271 271
271 272
271 273
271 346
271 347
272 272
272 273
272 274
272 275
272 348
272 349
273 273
273 274
273 275
273 348
273 349
274 274
274 275
274 276
274 277
274 350
274 351
275 275
275 276
275 277
275 350
275 351
276 276
276 277
276 278
276 279
276 352
276 353
277 277
277 278
277 279
277 352
277 353
278 278
278 279
278 280
278 281
278 354
278 355
279 279
279 280
279 281
279 354
279 355
280 280
280 281
280 282
280 283
280 356
280 357
281 281
281 282
281 283
281 356
281 357
282 282
282 283
282 284
282 285
282 358
282 359
283 283
283 284
283 285
283 358
283 359
284 284
284 285
284 286
284 287
284 360
284 361
285 285
285 286
285 287
285 360
285 361
286 286
286 287
286 288
286 289
286 362
286 363
287 287
287 288
287 289
287 362
287 363
288 288
288 289
288 290
288 291
288 364
288 365
289 289
289 290
289 291
289 364
289 365
290 290
290 291
290 292
290 293
290 366
290 367
291 291
291 292
291 293
291 366
291 367
292 292
292 293
292 294
292 295
292 368
292 369
293 293
293 294
293 295
293 368
293 369
294 294
294 295
294 296
294 370
294 371
295 295
295 370
295 371
296 296
296 297
296 298
296 372
297 297
298 298
298 299
298 300
298 301
298 374
299 299
299 300
299 301
300 300
300 301
300 302
300 303
300 376
301 301
301 302
301 303
302 302
302 303
302 378
302 379
303 303
303 379
303 378
304 304
304 305
304 306
304 307
304 380
304 381
305 305
305 306
305 307
305 380
305 381
306 306
306 307
306 308
306 309
306 382
306 383
307 307
307 308
307 309
307 382
307 383
308 308
308 309
308 310
308 311
308 384
308 385
309 309
309 310
309 311
309 384
309 385
310 310
310 311
310 312
310 313
310 386
310 387
311 311
311 312
311 313
311 386
311 387
312 312
312 313
312 314
312 315
312 388
312 389
313 313
313 314
313 315
313 388
313 389
314 314
314 315
314 316
314 317
314 390
314 391
315 315
315 316
315 317
315 390
315 391
316 316
316 317
316 318
316 319
316 392
316 393
317 317
317 318
317 319
317 392
317 393
318 318
318 319
318 320
318 321
318 394
318 395
319 319
319 320
319 321
319 394
319 395
320 320
320 321
320 322
320 323
320 396
320 397
321 321
321 322
321 323
321 396
321 397
322 322
322 323
322 324
322 325
322 398
322 399
323 323
323 324
323 325
323 398
323 399
324 324
324 325
324 326
324 327
324 400
324 401
325 325
325 326
325 327
325 400
325 401
326 326
326 327
326 328
326 329
326 402
326 403
327 327
327 328
327 329
327 402
327 403
328 328
328 329
328 330
328 331
328 404
328 405
329 329
329 330
329 331
329 404
329 405
330 330
330 331
330 332
330 333
330 406
330 407
331 331
331 332
331 333
331 406
331 407
332 332
332 333
332 334
332 335
332 408
332 409
333 333
333 334
333 335
333 408
333 409
334 334
334 335
334 336
334 337
334 410
334 411
335 335
335 336
335 337
335 410
335 411
336 336
336 337
336 338
336 339
336 412
336 413
337 337
337 338
337 339
337 412
337 413
338 338
338 339
338 340
338 341
338 414
338 415
339 339
339 340
339 341
339 414
339 415
340 340
340 341
340 342
340 343
340 416
340 417
341 341
341 342
341 343
341 416
341 417
342 342
342 343
342 344
342 345
342 418
342 419
343 343
343 344
343 345
343 418
343 419
344 344
344 345
344 346
344 347
344 420
344 421
345 345
345 346
345 347
345 420
345 421
346 346
346 347
346 348
346 349
346 422
346 423
347 347
347 348
347 349
347 422
347 423
348 348
348 349
348 350
348 351
348 424
348 425
349 349
349 350
349 351
349 424
349 425
350 350
350 351
350 352
350 353
350 426
350 427
351 351
351 352
351 353
351 426
351 427
352 352
352 353
352 354
352 355
352 428
352 429
353 353
353 354
353 355
353 428
353 429
354 354
354 355
354 356
354 357
354 430
354 431
355 355
355 356
355 357
355 430
355 431
356 356
356 357
356 358
356 359
356 432
356 433
357 357
357 358
357 359
357 432
357 433
358 358
358 359
358 360
358 361
358 434
358 435
359 359
359 360
359 361
359 434
359 435
360 360
360 361
360 362
360 363
360 436
360 437
361 361
361 362
361 363
361 436
361 437
362 362
362 363
362 364
362 365
362 438
362 439
363 363
363 364
363 365
363 438
363 439
364 364
364 365
364 366
364 367
364 440
364 441
365 365
365 366
365 367
365 440
365 441
366 366
366 367
366 368
366 369
366 442
366 443
367 367
367 368
367 369
367 442
367 443
368 368
368 369
368 370
368 371
368 444
368 445
369 369
369 370
369 371
369 444
369 445
370 370
370 371
370 372
370 446
370 447
371 371
371 446
371 447
372 372
372 373
372 374
372 448
373 373
374 374
374 375
374 376
374 450
375 375
376 376
376 377
376 378
376 452
377 377
378 378
378 379
378 454
379 379
380 380
380 381
380 382
380 383
380 456
380 457
381 381
381 457
381 382
381 383
381 456
382 382
382 383
382 384
382 385
382 458
382 459
383 383
383 459
383 384
383 385
383 458
384 384
384 385
384 386
384 387
384 460
384 461
385 385
385 461
385 386
385 387
385 460
386 386
386 387
386 388
386 389
386 462
386 463
387 387
387 463
387 388
387 389
387 462
388 388
388 389
388 390
388 391
388 464
388 465
389 389
389 465
389 390
389 391
389 464
390 390
390 391
390 392
390 393
390 466
390 467
391 391
391 467
391 392
391 393
391 466
392 392
392 393
392 394
392 395
392 468
392 469
393 393
393 469
393 394
393 395
393 468
394 394
394 395
394 396
394 397
394 470
394 471
395 395
395 471
395 396
395 397
395 470
396 396
396 397
396 398
396 399
396 472
396 473
397 397
397 473
397 398
397 399
397 472
398 398
398 399
398 400
398 401
398 474
398 475
399 399
399 475
399 400
399 401
399 474
400 400
400 401
400 402
400 403
400 476
400 477
401 401
401 477
401 402
401 403
401 476
402 402
402 403
402 404
402 405
402 478
402 479
403 403
403 479
403 404
403 405
403 478
404 404
404 405
404 406
404 407
404 480
404 481
405 405
405 481
405 406
405 407
405 480
406 406
406 407
406 408
406 409
406 482
406 483
407 407
407 483
407 408
407 409
407 482
408 408
408 409
408 410
408 411
408 484
408 485
409 409
409 485
409 410
409 411
409 484
410 410
410 411
410 412
410 413
410 486
410 487
411 411
411 487
411 412
411 413
411 486
412 412
412 413
412 414
412 415
412 488
412 489
413 413
413 489
413 414
413 415
413 488
414 414
414 415
414 416
414 417
414 490
414 491
415 415
415 491
415 416
415 417
415 490
416 416
416 417
416 418
416 419
416 492
416 493
417 417
417 493
417 418
417 419
417 492
418 418
418 419
418 420
418 421
418 494
418 495
419 419
419 495
419 420
419 421
419 494
420 420
420 421
420 422
420 423
420 496
420 497
421 421
421 497
421 422
421 423
421 496
422 422
422 423
422 424
422 425
422 498
422 499
423 423
423 499
423 424
423 425
423 498
424 424
424 425
424 426
424 427
424 500
424 501
425 425
425 501
425 426
425 427
425 500
426 426
426 427
426 428
426 429
426 502
426 503
427 427
427 503
427 428
427 429
427 502
428 428
428 429
428 430
428 431
428 504
428 505
429 429
429 505
429 430
429 431
429 504
430 430
430 431
430 432
430 433
430 506
430 507
431 431
431 507
431 432
431 433
431 506
432 432
432 433
432 434
432 435
432 508
432 509
433 433
433 509
433 434
433 435
433 508
434 434
434 435
434 436
434 437
434 510
434 511
435 435
435 511
435 436
435 437
435 510
436 436
436 437
436 438
436 439
436 512
436 513
437 437
437 513
437 438
437 439
437 512
438 438
438 439
438 440
438 441
438 514
438 515
439 439
439 515
439 440
439 441
439 514
440 440
440 441
440 442
440 443
440 516
440 517
441 441
441 517
441 442
441 443
441 516
442 442
442 443
442 444
442 445
442 518
442 519
443 443
443 519
443 444
443 445
443 518
444 444
444 445
444 446
444 447
444 520
444 521
445 445
445 521
445 446
445 447
445 520
446 446
446 447
446 448
446 522
446 523
447 447
447 523
447 522
448 448
448 449
448 450
448 524
449 449
450 450
450 451
450 452
450 526
451 451
452 452
452 453
452 454
452 528
453 453
454 454
454 455
454 530
454 531
455 455
456 456
456 457
456 458
456 459
457 457
457 458
457 459
458 458
458 459
458 460
458 461
459 459
459 460
459 461
460 460
460 461
460 462
460 463
461 461
461 462
461 463
462 462
462 463
462 464
462 465
463 463
463 464
463 465
464 464
464 465
464 466
464 467
465 465
465 466
465 467
466 466
466 467
466 468
466 469
467 467
467 468
467 469
468 468
468 469
468 470
468 471
469 469
469 470
469 471
470 470
470 471
470 472
470 473
471 471
471 472
471 473
472 472
472 473
472 474
472 475
473 473
473 474
473 475
474 474
474 475
474 476
474 477
475 475
475 476
475 477
476 476
476 477
476 478
476 479
477 477
477 478
477 479
478 478
478 479
478 480
478 481
479 479
479 480
479 481
480 480
480 481
480 482
480 483
481 481
481 482
481 483
482 482
482 483
482 484
482 485
483 483
483 484
483 485
484 484
484 485
484 486
484 487
485 485
485 486
485 487
486 486
486 487
486 488
486 489
487 487
487 488
487 489
488 488
488 489
488 490
488 491
489 489
489 490
489 491
490 490
490 491
490 492
490 493
491 491
491 492
491 493
492 492
492 493
492 494
492 495
493 493
493 494
493 495
494 494
494 495
494 496
494 497
495 495
495 496
495 497
496 496
496 497
496 498
496 499
497 497
497 498
497 499
498 498
498 499
498 500
498 501
499 499
499 500
499 501
500 500
500 501
500 502
500 503
501 501
501 502
501 503
502 502
502 503
502 504
502 505
503 503
503 504
503 505
504 504
504 505
504 506
504 507
505 505
505 506
505 507
506 506
506 507
506 508
506 509
507 507
507 508
507 509
508 508
508 509
508 510
508 511
509 509
509 510
509 511
510 510
510 511
510 512
510 513
511 511
511 512
511 513
512 512
512 513
512 514
512 515
513 513
513 514
513 515
514 514
514 515
514 516
514 517
515 515
515 516
515 517
516 516
516 517
516 518
516 519
517 517
517 518
517 519
518 518
518 519
518 520
518 521
519 519
519 520
519 521
520 520
520 521
520 522
520 523
521 521
521 522
521 523
522 522
522 523
522 524
523 523
524 524
524 525
524 526
525 525
526 526
526 527
526 528
527 527
528 528
528 529
528 530
528 531
529 529
529 530
529 531
530 530
530 531
531 531
