0 0
0 1
0 2
0 3
0 32
0 33
0 264
0 265
1 1
1 2
1 3
1 32
1 33
1 264
1 265
2 2
2 3
2 4
2 5
2 34
2 35
2 266
2 267
3 3
3 4
3 5
3 34
3 35
3 266
3 267
4 4
4 5
4 6
4 7
4 36
4 37
4 268
4 269
5 5
5 6
5 7
5 36
5 37
5 268
5 269
6 6
6 7
6 8
6 9
6 38
6 39
6 270
6 271
7 7
7 8
7 9
7 38
7 39
7 270
7 271
8 8
8 9
8 10
8 11
8 40
8 41
8 272
8 273
9 9
9 10
9 11
9 40
9 41
9 272
9 273
10 10
10 11
10 12
10 13
10 42
10 43
10 274
10 275
11 11
11 12
11 13
11 42
11 43
11 274
11 275
12 12
12 13
12 14
12 15
12 44
12 45
12 276
12 277
13 13
13 14
13 15
13 44
13 45
13 276
13 277
14 14
14 15
14 16
14 17
14 46
14 47
14 278
14 279
15 15
15 16
15 46
15 278
16 16
16 17
16 18
16 19
16 48
16 49
16 280
16 281
17 17
17 18
17 48
17 280
18 18
18 19
18 50
18 51
18 282
18 283
19 19
19 50
19 282
20 20
20 21
20 22
20 23
20 52
20 53
20 228
20 229
20 246
20 247
20 284
20 285
21 21
21 22
21 52
21 228
21 246
21 284
22 22
22 23
22 24
22 25
22 54
22 55
22 228
22 229
22 286
22 287
23 23
23 24
23 54
23 228
23 286
24 24
24 25
24 26
24 27
24 56
24 57
24 228
24 229
24 288
24 289
25 25
25 26
25 56
25 228
25 288
26 26
26 27
26 28
26 29
26 58
26 59
26 230
26 231
26 290
26 291
27 27
27 28
27 58
27 230
27 290
28 28
28 29
28 30
28 31
28 60
28 61
28 230
28 231
28 292
28 293
29 29
29 30
29 60
29 230
29 292
30 30
30 31
30 62
30 63
30 230
30 231
30 294
30 295
31 31
31 62
31 230
31 294
32 32
32 33
32 34
32 35
32 64
32 65
32 296
32 297
33 33
33 34
33 35
33 64
33 65
33 296
33 297
34 34
34 35
34 36
34 37
34 66
34 67
34 298
34 299
35 35
35 36
35 37
35 66
35 67
35 298
35 299
36 36
36 37
36 38
36 39
36 68
36 69
36 300
36 301
37 37
37 38
37 39
37 68
37 69
37 300
37 301
38 38
38 39
38 40
38 41
38 70
38 71
38 302
38 303
39 39
39 40
39 41
39 70
39 71
39 302
39 303
40 40
40 41
40 42
40 43
40 72
40 73
40 304
40 305
41 41
41 42
41 43
41 72
41 73
41 304
41 305
42 42
42 43
42 44
42 45
42 74
42 75
42 306
42 307
43 43
43 44
43 45
43 74
43 75
43 306
43 307
44 44
44 45
44 46
44 47
44 76
44 77
44 308
44 309
45 45
45 46
45 76
45 308
46 46
46 47
46 48
46 49
46 78
46 79
46 310
46 311
47 47
47 48
47 78
47 310
48 48
48 49
48 50
48 51
48 80
48 81
48 312
48 313
49 49
49 50
49 80
49 312
50 50
50 51
50 82
50 83
50 314
50 315
51 51
51 82
51 314
52 52
52 53
52 54
52 55
52 84
52 85
52 246
52 247
52 316
52 317
53 53
53 54
53 84
53 246
53 316
54 54
54 55
54 56
54 57
54 86
54 87
54 318
54 319
55 55
55 56
55 86
55 318
56 56
56 57
56 58
56 59
56 88
56 89
56 320
56 321
57 57
57 58
57 88
57 320
58 58
58 59
58 60
58 61
58 90
58 91
58 322
58 323
59 59
59 60
59 90
59 322
60 60
60 61
60 62
60 63
60 92
60 93
60 324
60 325
61 61
61 62
61 92
61 324
62 62
62 63
62 94
62 95
62 326
62 327
63 63
63 94
63 326
64 64
64 65
64 66
64 67
64 96
64 97
64 328
64 329
65 65
65 66
65 67
65 96
65 97
65 328
65 329
66 66
66 67
66 68
66 69
66 98
66 99
66 330
66 331
67 67
67 68
67 69
67 98
67 99
67 330
67 331
68 68
68 69
68 70
68 71
68 100
68 101
68 332
68 333
69 69
69 70
69 71
69 100
69 101
69 332
69 333
70 70
70 71
70 72
70 73
70 102
70 103
70 334
70 335
71 71
71 72
71 73
71 102
71 103
71 334
71 335
72 72
72 73
72 74
72 75
72 104
72 105
72 336
72 337
73 73
73 74
73 75
73 104
73 105
73 336
73 337
74 74
74 75
74 76
74 77
74 106
74 107
74 338
74 339
75 75
75 76
75 77
75 106
75 107
75 338
75 339
76 76
76 77
76 78
76 79
76 108
76 109
76 340
76 341
77 77
77 78
77 108
77 340
78 78
78 79
78 80
78 81
78 110
78 111
78 342
78 343
79 79
79 80
79 110
79 342
80 80
80 81
80 82
80 83
80 112
80 113
80 344
80 345
81 81
81 82
81 112
81 344
82 82
82 83
82 114
82 115
82 346
82 347
83 83
83 114
83 346
84 84
84 85
84 86
84 87
84 116
84 117
84 246
84 247
84 348
84 349
85 85
85 86
85 116
85 246
85 348
86 86
86 87
86 88
86 89
86 118
86 119
86 350
86 351
87 87
87 88
87 118
87 350
88 88
88 89
88 90
88 91
88 120
88 121
88 352
88 353
89 89
89 90
89 120
89 352
90 90
90 91
90 92
90 93
90 122
90 123
90 354
90 355
91 91
91 92
91 122
91 354
92 92
92 93
92 94
92 95
92 124
92 125
92 356
92 357
93 93
93 94
93 124
93 356
94 94
94 95
94 126
94 127
94 358
94 359
95 95
95 126
95 358
96 96
96 97
96 98
96 99
96 128
96 129
96 360
96 361
97 97
97 98
97 99
97 128
97 129
97 360
97 361
98 98
98 99
98 100
98 101
98 130
98 131
98 362
98 363
99 99
99 100
99 101
99 130
99 131
99 362
99 363
100 100
100 101
100 102
100 103
100 132
100 133
100 364
100 365
101 101
101 102
101 103
101 132
101 133
101 364
101 365
102 102
102 103
102 104
102 105
102 134
102 135
102 366
102 367
103 103
103 104
103 105
103 134
103 135
103 366
103 367
104 104
104 105
104 106
104 107
104 136
104 137
104 368
104 369
105 105
105 106
105 107
105 136
105 137
105 368
105 369
106 106
106 107
106 108
106 109
106 138
106 139
106 370
106 371
107 107
107 108
107 138
107 370
108 108
108 109
108 110
108 111
108 140
108 141
108 372
108 373
109 109
109 110
109 140
109 372
110 110
110 111
110 112
110 113
110 142
110 143
110 374
110 375
111 111
111 112
111 142
111 374
112 112
112 113
112 114
112 115
112 144
112 145
112 376
112 377
113 113
113 114
113 144
113 376
114 114
114 115
114 146
114 147
114 378
114 379
115 115
115 146
115 378
116 116
116 117
116 118
116 119
116 148
116 149
116 262
116 263
116 380
116 381
117 117
117 118
117 148
117 262
117 380
118 118
118 119
118 120
118 121
118 150
118 151
118 382
118 383
119 119
119 120
119 150
119 382
120 120
120 121
120 122
120 123
120 152
120 153
120 384
120 385
121 121
121 122
121 152
121 384
122 122
122 123
122 124
122 125
122 154
122 155
122 386
122 387
123 123
123 124
123 154
123 386
124 124
124 125
124 126
124 127
124 156
124 157
124 388
124 389
125 125
125 126
125 127
125 156
125 157
125 388
125 389
126 126
126 127
126 158
126 159
126 390
126 391
127 127
127 158
127 159
127 390
127 391
128 128
128 129
128 130
128 131
128 160
128 161
128 392
128 393
129 129
129 130
129 131
129 160
129 161
129 392
129 393
130 130
130 131
130 132
130 133
130 162
130 163
130 394
130 395
131 131
131 132
131 133
131 162
131 163
131 394
131 395
132 132
132 133
132 134
132 135
132 164
132 165
132 396
132 397
133 133
133 134
133 135
133 164
133 165
133 396
133 397
134 134
134 135
134 136
134 137
134 166
134 167
134 398
134 399
135 135
135 136
135 137
135 166
135 167
135 398
135 399
136 136
136 137
136 138
136 139
136 168
136 169
136 400
136 401
137 137
137 138
137 168
137 400
138 138
138 139
138 140
138 141
138 170
138 171
138 402
138 403
139 139
139 140
139 170
139 402
140 140
140 141
140 142
140 143
140 172
140 173
140 404
140 405
141 141
141 142
141 172
141 404
142 142
142 143
142 144
142 145
142 174
142 175
142 406
142 407
143 143
143 144
143 174
143 406
144 144
144 145
144 146
144 147
144 176
144 177
144 408
144 409
145 145
145 146
145 176
145 408
146 146
146 147
146 178
146 179
146 410
146 411
147 147
147 178
147 410
148 148
148 149
148 150
148 151
148 180
148 181
148 262
148 263
148 412
148 413
149 149
149 150
149 180
149 262
149 412
150 150
150 151
150 152
150 153
150 182
150 183
150 414
150 415
151 151
151 152
151 182
151 414
152 152
152 153
152 154
152 155
152 184
152 185
152 416
152 417
153 153
153 154
153 184
153 416
154 154
154 155
154 156
154 157
154 186
154 187
154 418
154 419
155 155
155 156
155 157
155 186
155 187
155 418
155 419
156 156
156 157
156 158
156 159
156 188
156 189
156 420
156 421
157 157
157 420
157 421
157 158
157 159
157 188
157 189
158 158
158 159
158 190
158 191
158 422
158 423
159 159
159 190
159 191
159 422
159 423
160 160
160 161
160 162
160 163
160 192
160 193
160 424
160 425
161 161
161 162
161 163
161 192
161 193
161 424
161 425
162 162
162 163
162 164
162 165
162 194
162 195
162 426
162 427
163 163
163 164
163 165
163 194
163 195
163 426
163 427
164 164
164 165
164 166
164 167
164 196
164 197
164 428
164 429
165 165
165 166
165 167
165 196
165 197
165 428
165 429
166 166
166 167
166 168
166 169
166 198
166 199
166 430
166 431
167 167
167 168
167 198
167 430
168 168
168 169
168 170
168 171
168 200
168 201
168 432
168 433
169 169
169 170
169 200
169 432
170 170
170 171
170 172
170 173
170 202
170 203
170 434
170 435
171 171
171 172
171 202
171 434
172 172
172 173
172 174
172 175
172 204
172 205
172 436
172 437
173 173
173 174
173 204
173 436
174 174
174 175
174 176
174 177
174 206
174 207
174 438
174 439
175 175
175 176
175 206
175 438
176 176
176 177
176 178
176 179
176 208
176 209
176 440
176 441
177 177
177 178
177 208
177 440
178 178
178 179
178 210
178 211
178 442
178 443
179 179
179 210
179 442
180 180
180 181
180 182
180 183
180 262
180 263
180 444
180 445
181 181
181 182
181 262
181 444
182 182
182 183
182 184
182 185
182 446
182 447
183 183
183 184
183 446
184 184
184 185
184 186
184 187
184 448
184 449
185 185
185 186
185 448
186 186
186 187
186 188
186 189
186 450
186 451
187 187
187 188
187 189
187 450
187 451
188 188
188 189
188 190
188 191
188 452
188 453
189 189
189 190
189 191
189 452
189 453
190 190
190 191
190 454
190 455
191 191
191 454
191 455
192 192
192 193
192 194
192 195
192 212
192 213
192 456
192 457
193 193
193 194
193 195
193 212
193 213
193 456
193 457
194 194
194 195
194 196
194 197
194 214
194 215
194 458
194 459
195 195
195 196
195 214
195 458
196 196
196 197
196 198
196 199
196 216
196 217
196 460
196 461
197 197
197 198
197 216
197 460
198 198
198 199
198 200
198 201
198 218
198 219
198 462
198 463
199 199
199 200
199 218
199 462
200 200
200 201
200 202
200 203
200 220
200 221
200 464
200 465
201 201
201 202
201 220
201 464
202 202
202 203
202 204
202 205
202 222
202 223
202 466
202 467
203 203
203 204
203 222
203 466
204 204
204 205
204 206
204 207
204 224
204 225
204 468
204 469
205 205
205 206
205 224
205 468
206 206
206 207
206 208
206 209
206 226
206 227
206 470
206 471
207 207
207 208
207 226
207 470
208 208
208 209
208 210
208 211
208 228
208 229
208 472
208 473
209 209
209 210
209 228
209 472
210 210
210 211
210 230
210 231
210 474
210 475
211 211
211 230
211 474
212 212
212 213
212 214
212 215
212 232
212 233
212 476
212 477
213 213
213 214
213 232
213 476
214 214
214 215
214 216
214 217
214 234
214 235
214 478
214 479
215 215
215 216
215 234
215 478
216 216
216 217
216 218
216 219
216 236
216 237
216 480
216 481
217 217
217 218
217 236
217 480
218 218
218 219
218 220
218 221
218 238
218 239
218 482
218 483
219 219
219 220
219 238
219 482
220 220
220 221
220 222
220 223
220 240
220 241
220 484
220 485
221 221
221 222
221 240
221 484
222 222
222 223
222 224
222 225
222 242
222 243
222 486
222 487
223 223
223 224
223 242
223 486
224 224
224 225
224 226
224 227
224 244
224 245
224 488
224 489
225 225
225 226
225 244
225 488
226 226
226 227
226 228
226 229
226 246
226 247
226 490
226 491
227 227
227 228
227 246
227 490
228 228
228 229
228 230
228 231
228 284
228 285
228 286
228 287
228 288
228 289
228 492
228 493
228 548
228 549
228 550
228 551
228 552
228 553
229 229
229 230
229 284
229 286
229 288
229 492
229 548
229 550
229 552
230 230
230 231
230 290
230 291
230 292
230 293
230 294
230 295
230 494
230 495
230 554
230 555
230 556
230 557
230 558
230 559
231 231
231 290
231 292
231 294
231 494
231 554
231 556
231 558
232 232
232 233
232 234
232 235
232 248
232 249
232 496
232 497
233 233
233 234
233 248
233 496
234 234
234 235
234 236
234 237
234 250
234 251
234 498
234 499
235 235
235 236
235 250
235 498
236 236
236 237
236 238
236 239
236 252
236 253
236 500
236 501
237 237
237 238
237 252
237 500
238 238
238 239
238 240
238 241
238 254
238 255
238 502
238 503
239 239
239 240
239 254
239 502
240 240
240 241
240 242
240 243
240 256
240 257
240 504
240 505
241 241
241 242
241 256
241 504
242 242
242 243
242 244
242 245
242 258
242 259
242 506
242 507
243 243
243 244
243 258
243 506
244 244
244 245
244 246
244 247
244 260
244 261
244 508
244 509
245 245
245 246
245 260
245 508
246 246
246 247
246 262
246 263
246 284
246 285
246 316
246 317
246 348
246 349
246 510
246 511
246 548
246 549
246 580
246 581
246 612
246 613
247 247
247 262
247 284
247 316
247 348
247 510
247 548
247 580
247 612
248 248
248 249
248 250
248 251
248 512
248 513
249 249
249 250
249 512
250 250
250 251
250 252
250 253
250 514
250 515
251 251
251 252
251 514
252 252
252 253
252 254
252 255
252 516
252 517
253 253
253 254
253 516
254 254
254 255
254 256
254 257
254 518
254 519
255 255
255 256
255 518
256 256
256 257
256 258
256 259
256 520
256 521
257 257
257 258
257 520
258 258
258 259
258 260
258 261
258 522
258 523
259 259
259 260
259 522
260 260
260 261
260 262
260 263
260 524
260 525
261 261
261 262
261 524
262 262
262 263
262 380
262 381
262 412
262 413
262 444
262 445
262 526
262 527
262 644
262 645
262 676
262 677
262 708
262 709
263 263
263 380
263 412
263 444
263 526
263 644
263 676
263 708
264 264
264 265
264 266
264 267
264 296
264 297
264 528
264 529
265 265
265 266
265 267
265 296
265 297
265 528
265 529
266 266
266 267
266 268
266 269
266 298
266 299
266 530
266 531
267 267
267 268
267 269
267 298
267 299
267 530
267 531
268 268
268 269
268 270
268 271
268 300
268 301
268 532
268 533
269 269
269 270
269 271
269 300
269 301
269 532
269 533
270 270
270 271
270 272
270 273
270 302
270 303
270 534
270 535
271 271
271 272
271 302
271 534
272 272
272 273
272 274
272 275
272 304
272 305
272 536
272 537
273 273
273 274
273 304
273 536
274 274
274 275
274 276
274 277
274 306
274 307
274 538
274 539
275 275
275 276
275 306
275 538
276 276
276 277
276 278
276 279
276 308
276 309
276 540
276 541
277 277
277 278
277 308
277 540
278 278
278 279
278 280
278 281
278 310
278 311
278 542
278 543
279 279
279 280
279 310
279 542
280 280
280 281
280 282
280 283
280 312
280 313
280 544
280 545
281 281
281 282
281 312
281 544
282 282
282 283
282 314
282 315
282 546
282 547
283 283
283 314
283 546
284 284
284 285
284 286
284 287
284 316
284 317
284 548
284 549
285 285
285 286
285 316
285 548
286 286
286 287
286 288
286 289
286 318
286 319
286 550
286 551
287 287
287 288
287 318
287 550
288 288
288 289
288 290
288 291
288 320
288 321
288 552
288 553
289 289
289 290
289 320
289 552
290 290
290 291
290 292
290 293
290 322
290 323
290 554
290 555
291 291
291 292
291 322
291 554
292 292
292 293
292 294
292 295
292 324
292 325
292 556
292 557
293 293
293 294
293 324
293 556
294 294
294 295
294 326
294 327
294 558
294 559
295 295
295 326
295 558
296 296
296 297
296 298
296 299
296 328
296 329
296 560
296 561
297 297
297 298
297 299
297 328
297 329
297 560
297 561
298 298
298 299
298 300
298 301
298 330
298 331
298 562
298 563
299 299
299 300
299 301
299 330
299 331
299 562
299 563
300 300
300 301
300 302
300 303
300 332
300 333
300 564
300 565
301 301
301 302
301 332
301 564
302 302
302 303
302 304
302 305
302 334
302 335
302 566
302 567
303 303
303 304
303 334
303 566
304 304
304 305
304 306
304 307
304 336
304 337
304 568
304 569
305 305
305 306
305 336
305 568
306 306
306 307
306 308
306 309
306 338
306 339
306 570
306 571
307 307
307 308
307 338
307 570
308 308
308 309
308 310
308 311
308 340
308 341
308 572
308 573
309 309
309 310
309 340
309 572
310 310
310 311
310 312
310 313
310 342
310 343
310 574
310 575
311 311
311 312
311 342
311 574
312 312
312 313
312 314
312 315
312 344
312 345
312 576
312 577
313 313
313 314
313 344
313 576
314 314
314 315
314 346
314 347
314 578
314 579
315 315
315 346
315 578
316 316
316 317
316 318
316 319
316 348
316 349
316 580
316 581
317 317
317 318
317 348
317 580
318 318
318 319
318 320
318 321
318 350
318 351
318 582
318 583
319 319
319 320
319 350
319 582
320 320
320 321
320 322
320 323
320 352
320 353
320 584
320 585
321 321
321 322
321 352
321 584
322 322
322 323
322 324
322 325
322 354
322 355
322 586
322 587
323 323
323 324
323 354
323 586
324 324
324 325
324 326
324 327
324 356
324 357
324 588
324 589
325 325
325 326
325 356
325 588
326 326
326 327
326 358
326 359
326 590
326 591
327 327
327 358
327 590
328 328
328 329
328 330
328 331
328 360
328 361
328 592
328 593
329 329
329 330
329 331
329 360
329 361
329 592
329 593
330 330
330 331
330 332
330 333
330 362
330 363
330 594
330 595
331 331
331 332
331 362
331 594
332 332
332 333
332 334
332 335
332 364
332 365
332 596
332 597
333 333
333 334
333 364
333 596
334 334
334 335
334 336
334 337
334 366
334 367
334 598
334 599
335 335
335 336
335 366
335 598
336 336
336 337
336 338
336 339
336 368
336 369
336 600
336 601
337 337
337 338
337 368
337 600
338 338
338 339
338 340
338 341
338 370
338 371
338 602
338 603
339 339
339 340
339 370
339 602
340 340
340 341
340 342
340 343
340 372
340 373
340 604
340 605
341 341
341 342
341 372
341 604
342 342
342 343
342 344
342 345
342 374
342 375
342 606
342 607
343 343
343 344
343 374
343 606
344 344
344 345
344 346
344 347
344 376
344 377
344 608
344 609
345 345
345 346
345 376
345 608
346 346
346 347
346 378
346 379
346 610
346 611
347 347
347 378
347 610
348 348
348 349
348 350
348 351
348 380
348 381
348 612
348 613
349 349
349 350
349 380
349 612
350 350
350 351
350 352
350 353
350 382
350 383
350 614
350 615
351 351
351 352
351 382
351 614
352 352
352 353
352 354
352 355
352 384
352 385
352 616
352 617
353 353
353 354
353 384
353 616
354 354
354 355
354 356
354 357
354 386
354 387
354 618
354 619
355 355
355 356
355 386
355 618
356 356
356 357
356 358
356 359
356 388
356 389
356 620
356 621
357 357
357 358
357 388
357 620
358 358
358 359
358 390
358 391
358 622
358 623
359 359
359 390
359 622
360 360
360 361
360 362
360 363
360 392
360 393
360 624
360 625
361 361
361 362
361 392
361 624
362 362
362 363
362 364
362 365
362 394
362 395
362 626
362 627
363 363
363 364
363 394
363 626
364 364
364 365
364 366
364 367
364 396
364 397
364 628
364 629
365 365
365 366
365 396
365 628
366 366
366 367
366 368
366 369
366 398
366 399
366 630
366 631
367 367
367 368
367 398
367 630
368 368
368 369
368 370
368 371
368 400
368 401
368 632
368 633
369 369
369 370
369 400
369 632
370 370
370 371
370 372
370 373
370 402
370 403
370 634
370 635
371 371
371 372
371 402
371 634
372 372
372 373
372 374
372 375
372 404
372 405
372 636
372 637
373 373
373 374
373 404
373 636
374 374
374 375
374 376
374 377
374 406
374 407
374 638
374 639
375 375
375 376
375 406
375 638
376 376
376 377
376 378
376 379
376 408
376 409
376 640
376 641
377 377
377 378
377 408
377 640
378 378
378 379
378 410
378 411
378 642
378 643
379 379
379 410
379 642
380 380
380 381
380 382
380 383
380 412
380 413
380 644
380 645
381 381
381 382
381 412
381 644
382 382
382 383
382 384
382 385
382 414
382 415
382 646
382 647
383 383
383 384
383 414
383 646
384 384
384 385
384 386
384 387
384 416
384 417
384 648
384 649
385 385
385 386
385 416
385 648
386 386
386 387
386 388
386 389
386 418
386 419
386 650
386 651
387 387
387 388
387 418
387 650
388 388
388 389
388 390
388 391
388 420
388 421
388 652
388 653
389 389
389 390
389 391
389 420
389 421
389 652
389 653
390 390
390 391
390 422
390 423
390 654
390 655
391 391
391 422
391 423
391 654
391 655
392 392
392 393
392 394
392 395
392 424
392 425
392 656
392 657
393 393
393 394
393 424
393 656
394 394
394 395
394 396
394 397
394 426
394 427
394 658
394 659
395 395
395 396
395 426
395 658
396 396
396 397
396 398
396 399
396 428
396 429
396 660
396 661
397 397
397 398
397 428
397 660
398 398
398 399
398 400
398 401
398 430
398 431
398 662
398 663
399 399
399 400
399 430
399 662
400 400
400 401
400 402
400 403
400 432
400 433
400 664
400 665
401 401
401 402
401 432
401 664
402 402
402 403
402 404
402 405
402 434
402 435
402 666
402 667
403 403
403 404
403 434
403 666
404 404
404 405
404 406
404 407
404 436
404 437
404 668
404 669
405 405
405 406
405 436
405 668
406 406
406 407
406 408
406 409
406 438
406 439
406 670
406 671
407 407
407 408
407 438
407 670
408 408
408 409
408 410
408 411
408 440
408 441
408 672
408 673
409 409
409 410
409 440
409 672
410 410
410 411
410 442
410 443
410 674
410 675
411 411
411 442
411 674
412 412
412 413
412 414
412 415
412 444
412 445
412 676
412 677
413 413
413 414
413 444
413 676
414 414
414 415
414 416
414 417
414 446
414 447
414 678
414 679
415 415
415 416
415 446
415 678
416 416
416 417
416 418
416 419
416 448
416 449
416 680
416 681
417 417
417 418
417 448
417 680
418 418
418 419
418 420
418 421
418 450
418 451
418 682
418 683
419 419
419 420
419 421
419 450
419 451
419 682
419 683
420 420
420 421
420 422
420 423
420 452
420 453
420 684
420 685
421 421
421 684
421 685
421 422
421 423
421 452
421 453
422 422
422 423
422 454
422 455
422 686
422 687
423 423
423 454
423 455
423 686
423 687
424 424
424 425
424 426
424 427
424 456
424 457
424 688
424 689
425 425
425 426
425 456
425 688
426 426
426 427
426 428
426 429
426 458
426 459
426 690
426 691
427 427
427 428
427 458
427 690
428 428
428 429
428 430
428 431
428 460
428 461
428 692
428 693
429 429
429 430
429 460
429 692
430 430
430 431
430 432
430 433
430 462
430 463
430 694
430 695
431 431
431 432
431 462
431 694
432 432
432 433
432 434
432 435
432 464
432 465
432 696
432 697
433 433
433 434
433 464
433 696
434 434
434 435
434 436
434 437
434 466
434 467
434 698
434 699
435 435
435 436
435 466
435 698
436 436
436 437
436 438
436 439
436 468
436 469
436 700
436 701
437 437
437 438
437 468
437 700
438 438
438 439
438 440
438 441
438 470
438 471
438 702
438 703
439 439
439 440
439 470
439 702
440 440
440 441
440 442
440 443
440 472
440 473
440 704
440 705
441 441
441 442
441 472
441 704
442 442
442 443
442 474
442 475
442 706
442 707
443 443
443 474
443 706
444 444
444 445
444 446
444 447
444 708
444 709
445 445
445 446
445 708
446 446
446 447
446 448
446 449
446 710
446 711
447 447
447 448
447 710
448 448
448 449
448 450
448 451
448 712
448 713
449 449
449 450
449 712
450 450
450 451
450 452
450 453
450 714
450 715
451 451
451 452
451 453
451 714
451 715
452 452
452 453
452 454
452 455
452 716
452 717
453 453
453 454
453 455
453 716
453 717
454 454
454 455
454 718
454 719
455 455
455 718
455 719
456 456
456 457
456 458
456 459
456 476
456 477
456 720
456 721
457 457
457 458
457 476
457 720
458 458
458 459
458 460
458 461
458 478
458 479
458 722
458 723
459 459
459 460
459 478
459 722
460 460
460 461
460 462
460 463
460 480
460 481
460 724
460 725
461 461
461 462
461 480
461 724
462 462
462 463
462 464
462 465
462 482
462 483
462 726
462 727
463 463
463 464
463 482
463 726
464 464
464 465
464 466
464 467
464 484
464 485
464 728
464 729
465 465
465 466
465 484
465 728
466 466
466 467
466 468
466 469
466 486
466 487
466 730
466 731
467 467
467 468
467 486
467 730
468 468
468 469
468 470
468 471
468 488
468 489
468 732
468 733
469 469
469 470
469 488
469 732
470 470
470 471
470 472
470 473
470 490
470 491
470 734
470 735
471 471
471 472
471 490
471 734
472 472
472 473
472 474
472 475
472 492
472 493
472 736
472 737
473 473
473 474
473 492
473 736
474 474
474 475
474 494
474 495
474 738
474 739
475 475
475 494
475 738
476 476
476 477
476 478
476 479
476 496
476 497
476 740
476 741
477 477
477 478
477 496
477 740
478 478
478 479
478 480
478 481
478 498
478 499
478 742
478 743
479 479
479 480
479 498
479 742
480 480
480 481
480 482
480 483
480 500
480 501
480 744
480 745
481 481
481 482
481 500
481 744
482 482
482 483
482 484
482 485
482 502
482 503
482 746
482 747
483 483
483 484
483 502
483 746
484 484
484 485
484 486
484 487
484 504
484 505
484 748
484 749
485 485
485 486
485 504
485 748
486 486
486 487
486 488
486 489
486 506
486 507
486 750
486 751
487 487
487 488
487 506
487 750
488 488
488 489
488 490
488 491
488 508
488 509
488 752
488 753
489 489
489 490
489 508
489 752
490 490
490 491
490 492
490 493
490 510
490 511
490 754
490 755
491 491
491 492
491 510
491 754
492 492
492 493
492 494
492 495
492 756
492 757
492 792
492 793
492 794
492 795
492 796
492 797
492 864
492 865
492 866
492 867
492 868
492 869
492 936
492 937
492 938
492 939
492 940
492 941
493 493
493 494
493 756
493 792
493 794
493 796
493 864
493 866
493 868
493 936
493 938
493 940
494 494
494 495
494 758
494 759
494 798
494 799
494 800
494 801
494 802
494 803
494 870
494 871
494 872
494 873
494 874
494 875
494 942
494 943
494 944
494 945
494 946
494 947
495 495
495 758
495 798
495 800
495 802
495 870
495 872
495 874
495 942
495 944
495 946
496 496
496 497
496 498
496 499
496 512
496 513
496 760
496 761
497 497
497 498
497 512
497 760
498 498
498 499
498 500
498 501
498 514
498 515
498 762
498 763
499 499
499 500
499 514
499 762
500 500
500 501
500 502
500 503
500 516
500 517
500 764
500 765
501 501
501 502
501 516
501 764
502 502
502 503
502 504
502 505
502 518
502 519
502 766
502 767
503 503
503 504
503 518
503 766
504 504
504 505
504 506
504 507
504 520
504 521
504 768
504 769
505 505
505 506
505 520
505 768
506 506
506 507
506 508
506 509
506 522
506 523
506 770
506 771
507 507
507 508
507 522
507 770
508 508
508 509
508 510
508 511
508 524
508 525
508 772
508 773
509 509
509 510
509 524
509 772
510 510
510 511
510 526
510 527
510 774
510 775
510 792
510 793
510 804
510 805
510 816
510 817
510 864
510 865
510 876
510 877
510 888
510 889
510 936
510 937
510 948
510 949
510 960
510 961
511 511
511 526
511 774
511 792
511 804
511 816
511 864
511 876
511 888
511 936
511 948
511 960
512 512
512 513
512 514
512 515
512 776
512 777
513 513
513 514
513 776
514 514
514 515
514 516
514 517
514 778
514 779
515 515
515 516
515 778
516 516
516 517
516 518
516 519
516 780
516 781
517 517
517 518
517 780
518 518
518 519
518 520
518 521
518 782
518 783
519 519
519 520
519 782
520 520
520 521
520 522
520 523
520 784
520 785
521 521
521 522
521 784
522 522
522 523
522 524
522 525
522 786
522 787
523 523
523 524
523 786
524 524
524 525
524 526
524 527
524 788
524 789
525 525
525 526
525 788
526 526
526 527
526 790
526 791
526 828
526 829
526 840
526 841
526 852
526 853
526 900
526 901
526 912
526 913
526 924
526 925
526 972
526 973
526 984
526 985
526 996
526 997
527 527
527 790
527 828
527 840
527 852
527 900
527 912
527 924
527 972
527 984
527 996
528 528
528 529
528 530
528 531
528 560
528 561
529 529
529 530
529 531
529 560
529 561
530 530
530 531
530 532
530 533
530 562
530 563
531 531
531 532
531 533
531 562
531 563
532 532
532 533
532 534
532 535
532 564
532 565
533 533
533 534
533 564
534 534
534 535
534 536
534 537
534 566
534 567
535 535
535 536
535 566
536 536
536 537
536 538
536 539
536 568
536 569
537 537
537 538
537 568
538 538
538 539
538 540
538 541
538 570
538 571
539 539
539 540
539 570
540 540
540 541
540 542
540 543
540 572
540 573
541 541
541 542
541 572
542 542
542 543
542 544
542 545
542 574
542 575
543 543
543 544
543 574
544 544
544 545
544 546
544 547
544 576
544 577
545 545
545 546
545 576
546 546
546 547
546 578
546 579
547 547
547 578
548 548
548 549
548 550
548 551
548 580
548 581
548 792
548 793
549 549
549 550
549 580
549 792
550 550
550 551
550 552
550 553
550 582
550 583
550 794
550 795
551 551
551 552
551 582
551 794
552 552
552 553
552 554
552 555
552 584
552 585
552 796
552 797
553 553
553 554
553 584
553 796
554 554
554 555
554 556
554 557
554 586
554 587
554 798
554 799
555 555
555 556
555 586
555 798
556 556
556 557
556 558
556 559
556 588
556 589
556 800
556 801
557 557
557 558
557 588
557 800
558 558
558 559
558 590
558 591
558 802
558 803
559 559
559 590
559 802
560 560
560 561
560 562
560 563
560 592
560 593
561 561
561 562
561 563
561 592
561 593
562 562
562 563
562 564
562 565
562 594
562 595
563 563
563 564
563 594
564 564
564 565
564 566
564 567
564 596
564 597
565 565
565 566
565 596
566 566
566 567
566 568
566 569
566 598
566 599
567 567
567 568
567 598
568 568
568 569
568 570
568 571
568 600
568 601
569 569
569 570
569 600
570 570
570 571
570 572
570 573
570 602
570 603
571 571
571 572
571 602
572 572
572 573
572 574
572 575
572 604
572 605
573 573
573 574
573 604
574 574
574 575
574 576
574 577
574 606
574 607
575 575
575 576
575 606
576 576
576 577
576 578
576 579
576 608
576 609
577 577
577 578
577 608
578 578
578 579
578 610
578 611
579 579
579 610
580 580
580 581
580 582
580 583
580 612
580 613
580 804
580 805
581 581
581 582
581 612
581 804
582 582
582 583
582 584
582 585
582 614
582 615
582 806
582 807
583 583
583 584
583 614
583 806
584 584
584 585
584 586
584 587
584 616
584 617
584 808
584 809
585 585
585 586
585 616
585 808
586 586
586 587
586 588
586 589
586 618
586 619
586 810
586 811
587 587
587 588
587 618
587 810
588 588
588 589
588 590
588 591
588 620
588 621
588 812
588 813
589 589
589 590
589 620
589 812
590 590
590 591
590 622
590 623
590 814
590 815
591 591
591 622
591 814
592 592
592 593
592 594
592 595
592 624
592 625
593 593
593 594
593 624
594 594
594 595
594 596
594 597
594 626
594 627
595 595
595 596
595 626
596 596
596 597
596 598
596 599
596 628
596 629
597 597
597 598
597 628
598 598
598 599
598 600
598 601
598 630
598 631
599 599
599 600
599 630
600 600
600 601
600 602
600 603
600 632
600 633
601 601
601 602
601 632
602 602
602 603
602 604
602 605
602 634
602 635
603 603
603 604
603 634
604 604
604 605
604 606
604 607
604 636
604 637
605 605
605 606
605 636
606 606
606 607
606 608
606 609
606 638
606 639
607 607
607 608
607 638
608 608
608 609
608 610
608 611
608 640
608 641
609 609
609 610
609 640
610 610
610 611
610 642
610 643
611 611
611 642
612 612
612 613
612 614
612 615
612 644
612 645
612 816
612 817
613 613
613 614
613 644
613 816
614 614
614 615
614 616
614 617
614 646
614 647
614 818
614 819
615 615
615 616
615 646
615 818
616 616
616 617
616 618
616 619
616 648
616 649
616 820
616 821
617 617
617 618
617 648
617 820
618 618
618 619
618 620
618 621
618 650
618 651
618 822
618 823
619 619
619 620
619 650
619 822
620 620
620 621
620 622
620 623
620 652
620 653
620 824
620 825
621 621
621 622
621 652
621 824
622 622
622 623
622 654
622 655
622 826
622 827
623 623
623 654
623 826
624 624
624 625
624 626
624 627
624 656
624 657
625 625
625 626
625 656
626 626
626 627
626 628
626 629
626 658
626 659
627 627
627 628
627 658
628 628
628 629
628 630
628 631
628 660
628 661
629 629
629 630
629 660
630 630
630 631
630 632
630 633
630 662
630 663
631 631
631 632
631 662
632 632
632 633
632 634
632 635
632 664
632 665
633 633
633 634
633 664
634 634
634 635
634 636
634 637
634 666
634 667
635 635
635 636
635 666
636 636
636 637
636 638
636 639
636 668
636 669
637 637
637 638
637 668
638 638
638 639
638 640
638 641
638 670
638 671
639 639
639 640
639 670
640 640
640 641
640 642
640 643
640 672
640 673
641 641
641 642
641 672
642 642
642 643
642 674
642 675
643 643
643 674
644 644
644 645
644 646
644 647
644 676
644 677
644 828
644 829
645 645
645 646
645 676
645 828
646 646
646 647
646 648
646 649
646 678
646 679
646 830
646 831
647 647
647 648
647 678
647 830
648 648
648 649
648 650
648 651
648 680
648 681
648 832
648 833
649 649
649 650
649 680
649 832
650 650
650 651
650 652
650 653
650 682
650 683
650 834
650 835
651 651
651 652
651 682
651 834
652 652
652 653
652 654
652 655
652 684
652 685
652 836
652 837
653 653
653 654
653 655
653 684
653 685
653 836
653 837
654 654
654 655
654 686
654 687
654 838
654 839
655 655
655 686
655 687
655 838
655 839
656 656
656 657
656 658
656 659
656 688
656 689
657 657
657 658
657 688
658 658
658 659
658 660
658 661
658 690
658 691
659 659
659 660
659 690
660 660
660 661
660 662
660 663
660 692
660 693
661 661
661 662
661 692
662 662
662 663
662 664
662 665
662 694
662 695
663 663
663 664
663 694
664 664
664 665
664 666
664 667
664 696
664 697
665 665
665 666
665 696
666 666
666 667
666 668
666 669
666 698
666 699
667 667
667 668
667 698
668 668
668 669
668 670
668 671
668 700
668 701
669 669
669 670
669 700
670 670
670 671
670 672
670 673
670 702
670 703
671 671
671 672
671 702
672 672
672 673
672 674
672 675
672 704
672 705
673 673
673 674
673 704
674 674
674 675
674 706
674 707
675 675
675 706
676 676
676 677
676 678
676 679
676 708
676 709
676 840
676 841
677 677
677 678
677 708
677 840
678 678
678 679
678 680
678 681
678 710
678 711
678 842
678 843
679 679
679 680
679 710
679 842
680 680
680 681
680 682
680 683
680 712
680 713
680 844
680 845
681 681
681 682
681 712
681 844
682 682
682 683
682 684
682 685
682 714
682 715
682 846
682 847
683 683
683 684
683 685
683 714
683 715
683 846
683 847
684 684
684 685
684 686
684 687
684 716
684 717
684 848
684 849
685 685
685 848
685 849
685 686
685 687
685 716
685 717
686 686
686 687
686 718
686 719
686 850
686 851
687 687
687 718
687 719
687 850
687 851
688 688
688 689
688 690
688 691
688 720
688 721
689 689
689 690
689 720
690 690
690 691
690 692
690 693
690 722
690 723
691 691
691 692
691 722
692 692
692 693
692 694
692 695
692 724
692 725
693 693
693 694
693 724
694 694
694 695
694 696
694 697
694 726
694 727
695 695
695 696
695 726
696 696
696 697
696 698
696 699
696 728
696 729
697 697
697 698
697 728
698 698
698 699
698 700
698 701
698 730
698 731
699 699
699 700
699 730
700 700
700 701
700 702
700 703
700 732
700 733
701 701
701 702
701 732
702 702
702 703
702 704
702 705
702 734
702 735
703 703
703 704
703 734
704 704
704 705
704 706
704 707
704 736
704 737
705 705
705 706
705 736
706 706
706 707
706 738
706 739
707 707
707 738
708 708
708 709
708 710
708 711
708 852
708 853
709 709
709 710
709 852
710 710
710 711
710 712
710 713
710 854
710 855
711 711
711 712
711 854
712 712
712 713
712 714
712 715
712 856
712 857
713 713
713 714
713 856
714 714
714 715
714 716
714 717
714 858
714 859
715 715
715 716
715 717
715 858
715 859
716 716
716 717
716 718
716 719
716 860
716 861
717 717
717 718
717 719
717 860
717 861
718 718
718 719
718 862
718 863
719 719
719 862
719 863
720 720
720 721
720 722
720 723
720 740
720 741
721 721
721 722
721 740
722 722
722 723
722 724
722 725
722 742
722 743
723 723
723 724
723 742
724 724
724 725
724 726
724 727
724 744
724 745
725 725
725 726
725 744
726 726
726 727
726 728
726 729
726 746
726 747
727 727
727 728
727 746
728 728
728 729
728 730
728 731
728 748
728 749
729 729
729 730
729 748
730 730
730 731
730 732
730 733
730 750
730 751
731 731
731 732
731 750
732 732
732 733
732 734
732 735
732 752
732 753
733 733
733 734
733 752
734 734
734 735
734 736
734 737
734 754
734 755
735 735
735 736
735 754
736 736
736 737
736 738
736 739
736 756
736 757
737 737
737 738
737 756
738 738
738 739
738 758
738 759
739 739
739 758
740 740
740 741
740 742
740 743
740 760
740 761
741 741
741 742
741 760
742 742
742 743
742 744
742 745
742 762
742 763
743 743
743 744
743 762
744 744
744 745
744 746
744 747
744 764
744 765
745 745
745 746
745 764
746 746
746 747
746 748
746 749
746 766
746 767
747 747
747 748
747 766
748 748
748 749
748 750
748 751
748 768
748 769
749 749
749 750
749 768
750 750
750 751
750 752
750 753
750 770
750 771
751 751
751 752
751 770
752 752
752 753
752 754
752 755
752 772
752 773
753 753
753 754
753 772
754 754
754 755
754 756
754 757
754 774
754 775
755 755
755 756
755 774
756 756
756 757
756 758
756 759
756 1008
756 1009
756 1010
756 1011
756 1012
756 1013
756 1080
756 1081
756 1082
756 1083
756 1084
756 1085
756 1152
756 1153
756 1154
756 1155
756 1156
756 1157
757 757
757 758
757 1008
757 1010
757 1012
757 1080
757 1082
757 1084
757 1152
757 1154
757 1156
758 758
758 759
758 1014
758 1015
758 1016
758 1017
758 1018
758 1019
758 1086
758 1087
758 1088
758 1089
758 1090
758 1091
758 1158
758 1159
758 1160
758 1161
758 1162
758 1163
759 759
759 1014
759 1016
759 1018
759 1086
759 1088
759 1090
759 1158
759 1160
759 1162
760 760
760 761
760 762
760 763
760 776
760 777
761 761
761 762
761 776
762 762
762 763
762 764
762 765
762 778
762 779
763 763
763 764
763 778
764 764
764 765
764 766
764 767
764 780
764 781
765 765
765 766
765 780
766 766
766 767
766 768
766 769
766 782
766 783
767 767
767 768
767 782
768 768
768 769
768 770
768 771
768 784
768 785
769 769
769 770
769 784
770 770
770 771
770 772
770 773
770 786
770 787
771 771
771 772
771 786
772 772
772 773
772 774
772 775
772 788
772 789
773 773
773 774
773 788
774 774
774 775
774 790
774 791
774 1008
774 1009
774 1020
774 1021
774 1032
774 1033
774 1080
774 1081
774 1092
774 1093
774 1104
774 1105
774 1152
774 1153
774 1164
774 1165
774 1176
774 1177
775 775
775 790
775 1008
775 1020
775 1032
775 1080
775 1092
775 1104
775 1152
775 1164
775 1176
776 776
776 777
776 778
776 779
777 777
777 778
778 778
778 779
778 780
778 781
779 779
779 780
780 780
780 781
780 782
780 783
781 781
781 782
782 782
782 783
782 784
782 785
783 783
783 784
784 784
784 785
784 786
784 787
785 785
785 786
786 786
786 787
786 788
786 789
787 787
787 788
788 788
788 789
788 790
788 791
789 789
789 790
790 790
790 791
790 1044
790 1045
790 1056
790 1057
790 1068
790 1069
790 1116
790 1117
790 1128
790 1129
790 1140
790 1141
790 1188
790 1189
790 1200
790 1201
790 1212
790 1213
791 791
791 1044
791 1056
791 1068
791 1116
791 1128
791 1140
791 1188
791 1200
791 1212
792 792
792 793
792 794
792 795
792 804
792 805
792 864
792 865
793 793
793 794
793 804
793 864
794 794
794 795
794 796
794 797
794 806
794 807
794 866
794 867
795 795
795 796
795 806
795 866
796 796
796 797
796 798
796 799
796 808
796 809
796 868
796 869
797 797
797 798
797 808
797 868
798 798
798 799
798 800
798 801
798 810
798 811
798 870
798 871
799 799
799 800
799 810
799 870
800 800
800 801
800 802
800 803
800 812
800 813
800 872
800 873
801 801
801 802
801 812
801 872
802 802
802 803
802 814
802 815
802 874
802 875
803 803
803 814
803 874
804 804
804 805
804 806
804 807
804 816
804 817
804 876
804 877
805 805
805 806
805 816
805 876
806 806
806 807
806 808
806 809
806 818
806 819
806 878
806 879
807 807
807 808
807 818
807 878
808 808
808 809
808 810
808 811
808 820
808 821
808 880
808 881
809 809
809 810
809 820
809 880
810 810
810 811
810 812
810 813
810 822
810 823
810 882
810 883
811 811
811 812
811 822
811 882
812 812
812 813
812 814
812 815
812 824
812 825
812 884
812 885
813 813
813 814
813 824
813 884
814 814
814 815
814 826
814 827
814 886
814 887
815 815
815 826
815 886
816 816
816 817
816 818
816 819
816 828
816 829
816 888
816 889
817 817
817 818
817 828
817 888
818 818
818 819
818 820
818 821
818 830
818 831
818 890
818 891
819 819
819 820
819 830
819 890
820 820
820 821
820 822
820 823
820 832
820 833
820 892
820 893
821 821
821 822
821 832
821 892
822 822
822 823
822 824
822 825
822 834
822 835
822 894
822 895
823 823
823 824
823 834
823 894
824 824
824 825
824 826
824 827
824 836
824 837
824 896
824 897
825 825
825 826
825 836
825 896
826 826
826 827
826 838
826 839
826 898
826 899
827 827
827 838
827 898
828 828
828 829
828 830
828 831
828 840
828 841
828 900
828 901
829 829
829 830
829 840
829 900
830 830
830 831
830 832
830 833
830 842
830 843
830 902
830 903
831 831
831 832
831 842
831 902
832 832
832 833
832 834
832 835
832 844
832 845
832 904
832 905
833 833
833 834
833 844
833 904
834 834
834 835
834 836
834 837
834 846
834 847
834 906
834 907
835 835
835 836
835 846
835 906
836 836
836 837
836 838
836 839
836 848
836 849
836 908
836 909
837 837
837 838
837 839
837 848
837 849
837 908
837 909
838 838
838 839
838 850
838 851
838 910
838 911
839 839
839 850
839 851
839 910
839 911
840 840
840 841
840 842
840 843
840 852
840 853
840 912
840 913
841 841
841 842
841 852
841 912
842 842
842 843
842 844
842 845
842 854
842 855
842 914
842 915
843 843
843 844
843 854
843 914
844 844
844 845
844 846
844 847
844 856
844 857
844 916
844 917
845 845
845 846
845 856
845 916
846 846
846 847
846 848
846 849
846 858
846 859
846 918
846 919
847 847
847 848
847 849
847 858
847 859
847 918
847 919
848 848
848 849
848 850
848 851
848 860
848 861
848 920
848 921
849 849
849 920
849 921
849 850
849 851
849 860
849 861
850 850
850 851
850 862
850 863
850 922
850 923
851 851
851 862
851 863
851 922
851 923
852 852
852 853
852 854
852 855
852 924
852 925
853 853
853 854
853 924
854 854
854 855
854 856
854 857
854 926
854 927
855 855
855 856
855 926
856 856
856 857
856 858
856 859
856 928
856 929
857 857
857 858
857 928
858 858
858 859
858 860
858 861
858 930
858 931
859 859
859 860
859 861
859 930
859 931
860 860
860 861
860 862
860 863
860 932
860 933
861 861
861 862
861 863
861 932
861 933
862 862
862 863
862 934
862 935
863 863
863 934
863 935
864 864
864 865
864 866
864 867
864 876
864 877
864 936
864 937
865 865
865 866
865 876
865 936
866 866
866 867
866 868
866 869
866 878
866 879
866 938
866 939
867 867
867 868
867 878
867 938
868 868
868 869
868 870
868 871
868 880
868 881
868 940
868 941
869 869
869 870
869 880
869 940
870 870
870 871
870 872
870 873
870 882
870 883
870 942
870 943
871 871
871 872
871 882
871 942
872 872
872 873
872 874
872 875
872 884
872 885
872 944
872 945
873 873
873 874
873 884
873 944
874 874
874 875
874 886
874 887
874 946
874 947
875 875
875 886
875 946
876 876
876 877
876 878
876 879
876 888
876 889
876 948
876 949
877 877
877 878
877 888
877 948
878 878
878 879
878 880
878 881
878 890
878 891
878 950
878 951
879 879
879 880
879 890
879 950
880 880
880 881
880 882
880 883
880 892
880 893
880 952
880 953
881 881
881 882
881 892
881 952
882 882
882 883
882 884
882 885
882 894
882 895
882 954
882 955
883 883
883 884
883 894
883 954
884 884
884 885
884 886
884 887
884 896
884 897
884 956
884 957
885 885
885 886
885 896
885 956
886 886
886 887
886 898
886 899
886 958
886 959
887 887
887 898
887 958
888 888
888 889
888 890
888 891
888 900
888 901
888 960
888 961
889 889
889 890
889 900
889 960
890 890
890 891
890 892
890 893
890 902
890 903
890 962
890 963
891 891
891 892
891 902
891 962
892 892
892 893
892 894
892 895
892 904
892 905
892 964
892 965
893 893
893 894
893 904
893 964
894 894
894 895
894 896
894 897
894 906
894 907
894 966
894 967
895 895
895 896
895 906
895 966
896 896
896 897
896 898
896 899
896 908
896 909
896 968
896 969
897 897
897 898
897 908
897 968
898 898
898 899
898 910
898 911
898 970
898 971
899 899
899 910
899 970
900 900
900 901
900 902
900 903
900 912
900 913
900 972
900 973
901 901
901 902
901 912
901 972
902 902
902 903
902 904
902 905
902 914
902 915
902 974
902 975
903 903
903 904
903 914
903 974
904 904
904 905
904 906
904 907
904 916
904 917
904 976
904 977
905 905
905 906
905 916
905 976
906 906
906 907
906 908
906 909
906 918
906 919
906 978
906 979
907 907
907 908
907 918
907 978
908 908
908 909
908 910
908 911
908 920
908 921
908 980
908 981
909 909
909 920
909 921
909 980
909 981
909 910
909 911
910 910
910 911
910 922
910 923
910 982
910 983
911 911
911 922
911 923
911 982
911 983
912 912
912 913
912 914
912 915
912 924
912 925
912 984
912 985
913 913
913 914
913 924
913 984
914 914
914 915
914 916
914 917
914 926
914 927
914 986
914 987
915 915
915 916
915 926
915 986
916 916
916 917
916 918
916 919
916 928
916 929
916 988
916 989
917 917
917 918
917 928
917 988
918 918
918 919
918 920
918 921
918 930
918 931
918 990
918 991
919 919
919 920
919 921
919 990
919 991
919 930
919 931
920 920
920 921
920 922
920 923
920 932
920 933
920 992
920 993
921 921
921 992
921 993
921 922
921 923
921 932
921 933
922 922
922 923
922 934
922 935
922 994
922 995
923 923
923 934
923 935
923 994
923 995
924 924
924 925
924 926
924 927
924 996
924 997
925 925
925 926
925 996
926 926
926 927
926 928
926 929
926 998
926 999
927 927
927 928
927 998
928 928
928 929
928 930
928 931
928 1000
928 1001
929 929
929 930
929 1000
930 930
930 931
930 932
930 933
930 1002
930 1003
931 931
931 932
931 933
931 1002
931 1003
932 932
932 933
932 934
932 935
932 1004
932 1005
933 933
933 934
933 935
933 1004
933 1005
934 934
934 935
934 1006
934 1007
935 935
935 1006
935 1007
936 936
936 937
936 938
936 939
936 948
936 949
936 1008
936 1009
937 937
937 938
937 948
937 1008
938 938
938 939
938 940
938 941
938 950
938 951
938 1010
938 1011
939 939
939 940
939 950
939 1010
940 940
940 941
940 942
940 943
940 952
940 953
940 1012
940 1013
941 941
941 942
941 952
941 1012
942 942
942 943
942 944
942 945
942 954
942 955
942 1014
942 1015
943 943
943 944
943 954
943 1014
944 944
944 945
944 946
944 947
944 956
944 957
944 1016
944 1017
945 945
945 946
945 956
945 1016
946 946
946 947
946 958
946 959
946 1018
946 1019
947 947
947 958
947 1018
948 948
948 949
948 950
948 951
948 960
948 961
948 1020
948 1021
949 949
949 950
949 960
949 1020
950 950
950 951
950 952
950 953
950 962
950 963
950 1022
950 1023
951 951
951 952
951 962
951 1022
952 952
952 953
952 954
952 955
952 964
952 965
952 1024
952 1025
953 953
953 954
953 964
953 1024
954 954
954 955
954 956
954 957
954 966
954 967
954 1026
954 1027
955 955
955 956
955 966
955 1026
956 956
956 957
956 958
956 959
956 968
956 969
956 1028
956 1029
957 957
957 958
957 968
957 1028
958 958
958 959
958 970
958 971
958 1030
958 1031
959 959
959 970
959 1030
960 960
960 961
960 962
960 963
960 972
960 973
960 1032
960 1033
961 961
961 962
961 972
961 1032
962 962
962 963
962 964
962 965
962 974
962 975
962 1034
962 1035
963 963
963 964
963 974
963 1034
964 964
964 965
964 966
964 967
964 976
964 977
964 1036
964 1037
965 965
965 966
965 976
965 1036
966 966
966 967
966 968
966 969
966 978
966 979
966 1038
966 1039
967 967
967 968
967 978
967 1038
968 968
968 969
968 970
968 971
968 980
968 981
968 1040
968 1041
969 969
969 970
969 980
969 1040
970 970
970 971
970 982
970 983
970 1042
970 1043
971 971
971 982
971 1042
972 972
972 973
972 974
972 975
972 984
972 985
972 1044
972 1045
973 973
973 974
973 984
973 1044
974 974
974 975
974 976
974 977
974 986
974 987
974 1046
974 1047
975 975
975 976
975 986
975 1046
976 976
976 977
976 978
976 979
976 988
976 989
976 1048
976 1049
977 977
977 978
977 988
977 1048
978 978
978 979
978 980
978 981
978 990
978 991
978 1050
978 1051
979 979
979 980
979 990
979 1050
980 980
980 981
980 982
980 983
980 992
980 993
980 1052
980 1053
981 981
981 992
981 993
981 1052
981 1053
981 982
981 983
982 982
982 983
982 994
982 995
982 1054
982 1055
983 983
983 994
983 995
983 1054
983 1055
984 984
984 985
984 986
984 987
984 996
984 997
984 1056
984 1057
985 985
985 986
985 996
985 1056
986 986
986 987
986 988
986 989
986 998
986 999
986 1058
986 1059
987 987
987 988
987 998
987 1058
988 988
988 989
988 990
988 991
988 1000
988 1001
988 1060
988 1061
989 989
989 990
989 1000
989 1060
990 990
990 991
990 992
990 993
990 1002
990 1003
990 1062
990 1063
991 991
991 992
991 993
991 1062
991 1063
991 1002
991 1003
992 992
992 993
992 994
992 995
992 1004
992 1005
992 1064
992 1065
993 993
993 1064
993 1065
993 994
993 995
993 1004
993 1005
994 994
994 995
994 1006
994 1007
994 1066
994 1067
995 995
995 1006
995 1007
995 1066
995 1067
996 996
996 997
996 998
996 999
996 1068
996 1069
997 997
997 998
997 1068
998 998
998 999
998 1000
998 1001
998 1070
998 1071
999 999
999 1000
999 1070
1000 1000
1000 1001
1000 1002
1000 1003
1000 1072
1000 1073
1001 1001
1001 1002
1001 1072
1002 1002
1002 1003
1002 1004
1002 1005
1002 1074
1002 1075
1003 1003
1003 1004
1003 1005
1003 1074
1003 1075
1004 1004
1004 1005
1004 1006
1004 1007
1004 1076
1004 1077
1005 1005
1005 1006
1005 1007
1005 1076
1005 1077
1006 1006
1006 1007
1006 1078
1006 1079
1007 1007
1007 1078
1007 1079
1008 1008
1008 1009
1008 1010
1008 1011
1008 1020
1008 1021
1008 1080
1008 1081
1009 1009
1009 1010
1009 1020
1009 1080
1010 1010
1010 1011
1010 1012
1010 1013
1010 1022
1010 1023
1010 1082
1010 1083
1011 1011
1011 1012
1011 1022
1011 1082
1012 1012
1012 1013
1012 1014
1012 1015
1012 1024
1012 1025
1012 1084
1012 1085
1013 1013
1013 1014
1013 1024
1013 1084
1014 1014
1014 1015
1014 1016
1014 1017
1014 1026
1014 1027
1014 1086
1014 1087
1015 1015
1015 1016
1015 1026
1015 1086
1016 1016
1016 1017
1016 1018
1016 1019
1016 1028
1016 1029
1016 1088
1016 1089
1017 1017
1017 1018
1017 1028
1017 1088
1018 1018
1018 1019
1018 1030
1018 1031
1018 1090
1018 1091
1019 1019
1019 1030
1019 1090
1020 1020
1020 1021
1020 1022
1020 1023
1020 1032
1020 1033
1020 1092
1020 1093
1021 1021
1021 1022
1021 1032
1021 1092
1022 1022
1022 1023
1022 1024
1022 1025
1022 1034
1022 1035
1022 1094
1022 1095
1023 1023
1023 1024
1023 1034
1023 1094
1024 1024
1024 1025
1024 1026
1024 1027
1024 1036
1024 1037
1024 1096
1024 1097
1025 1025
1025 1026
1025 1036
1025 1096
1026 1026
1026 1027
1026 1028
1026 1029
1026 1038
1026 1039
1026 1098
1026 1099
1027 1027
1027 1028
1027 1038
1027 1098
1028 1028
1028 1029
1028 1030
1028 1031
1028 1040
1028 1041
1028 1100
1028 1101
1029 1029
1029 1030
1029 1040
1029 1100
1030 1030
1030 1031
1030 1042
1030 1043
1030 1102
1030 1103
1031 1031
1031 1042
1031 1102
1032 1032
1032 1033
1032 1034
1032 1035
1032 1044
1032 1045
1032 1104
1032 1105
1033 1033
1033 1034
1033 1044
1033 1104
1034 1034
1034 1035
1034 1036
1034 1037
1034 1046
1034 1047
1034 1106
1034 1107
1035 1035
1035 1036
1035 1046
1035 1106
1036 1036
1036 1037
1036 1038
1036 1039
1036 1048
1036 1049
1036 1108
1036 1109
1037 1037
1037 1038
1037 1048
1037 1108
1038 1038
1038 1039
1038 1040
1038 1041
1038 1050
1038 1051
1038 1110
1038 1111
1039 1039
1039 1040
1039 1050
1039 1110
1040 1040
1040 1041
1040 1042
1040 1043
1040 1052
1040 1053
1040 1112
1040 1113
1041 1041
1041 1042
1041 1052
1041 1112
1042 1042
1042 1043
1042 1054
1042 1055
1042 1114
1042 1115
1043 1043
1043 1054
1043 1114
1044 1044
1044 1045
1044 1046
1044 1047
1044 1056
1044 1057
1044 1116
1044 1117
1045 1045
1045 1046
1045 1056
1045 1116
1046 1046
1046 1047
1046 1048
1046 1049
1046 1058
1046 1059
1046 1118
1046 1119
1047 1047
1047 1048
1047 1058
1047 1118
1048 1048
1048 1049
1048 1050
1048 1051
1048 1060
1048 1061
1048 1120
1048 1121
1049 1049
1049 1050
1049 1060
1049 1120
1050 1050
1050 1051
1050 1052
1050 1053
1050 1062
1050 1063
1050 1122
1050 1123
1051 1051
1051 1052
1051 1062
1051 1122
1052 1052
1052 1053
1052 1054
1052 1055
1052 1064
1052 1065
1052 1124
1052 1125
1053 1053
1053 1064
1053 1065
1053 1124
1053 1125
1053 1054
1053 1055
1054 1054
1054 1055
1054 1066
1054 1067
1054 1126
1054 1127
1055 1055
1055 1066
1055 1067
1055 1126
1055 1127
1056 1056
1056 1057
1056 1058
1056 1059
1056 1068
1056 1069
1056 1128
1056 1129
1057 1057
1057 1058
1057 1068
1057 1128
1058 1058
1058 1059
1058 1060
1058 1061
1058 1070
1058 1071
1058 1130
1058 1131
1059 1059
1059 1060
1059 1070
1059 1130
1060 1060
1060 1061
1060 1062
1060 1063
1060 1072
1060 1073
1060 1132
1060 1133
1061 1061
1061 1062
1061 1072
1061 1132
1062 1062
1062 1063
1062 1064
1062 1065
1062 1074
1062 1075
1062 1134
1062 1135
1063 1063
1063 1064
1063 1065
1063 1134
1063 1135
1063 1074
1063 1075
1064 1064
1064 1065
1064 1066
1064 1067
1064 1076
1064 1077
1064 1136
1064 1137
1064 1208
1064 1209
1065 1065
1065 1136
1065 1137
1065 1208
1065 1209
1065 1066
1065 1067
1065 1076
1065 1077
1066 1066
1066 1067
1066 1078
1066 1079
1066 1138
1066 1139
1067 1067
1067 1138
1067 1139
1067 1078
1067 1079
1068 1068
1068 1069
1068 1070
1068 1071
1068 1140
1068 1141
1069 1069
1069 1070
1069 1140
1070 1070
1070 1071
1070 1072
1070 1073
1070 1142
1070 1143
1071 1071
1071 1072
1071 1142
1072 1072
1072 1073
1072 1074
1072 1075
1072 1144
1072 1145
1073 1073
1073 1074
1073 1144
1074 1074
1074 1075
1074 1076
1074 1077
1074 1146
1074 1147
1075 1075
1075 1076
1075 1077
1075 1146
1075 1147
1076 1076
1076 1077
1076 1078
1076 1079
1076 1148
1076 1149
1077 1077
1077 1148
1077 1149
1077 1078
1077 1079
1078 1078
1078 1079
1078 1150
1078 1151
1079 1079
1079 1150
1079 1151
1080 1080
1080 1081
1080 1082
1080 1083
1080 1092
1080 1093
1080 1152
1080 1153
1081 1081
1081 1082
1081 1092
1081 1152
1082 1082
1082 1083
1082 1084
1082 1085
1082 1094
1082 1095
1082 1154
1082 1155
1083 1083
1083 1084
1083 1094
1083 1154
1084 1084
1084 1085
1084 1086
1084 1087
1084 1096
1084 1097
1084 1156
1084 1157
1085 1085
1085 1086
1085 1096
1085 1156
1086 1086
1086 1087
1086 1088
1086 1089
1086 1098
1086 1099
1086 1158
1086 1159
1087 1087
1087 1088
1087 1098
1087 1158
1088 1088
1088 1089
1088 1090
1088 1091
1088 1100
1088 1101
1088 1160
1088 1161
1089 1089
1089 1090
1089 1100
1089 1160
1090 1090
1090 1091
1090 1102
1090 1103
1090 1162
1090 1163
1091 1091
1091 1102
1091 1162
1092 1092
1092 1093
1092 1094
1092 1095
1092 1104
1092 1105
1092 1164
1092 1165
1093 1093
1093 1094
1093 1104
1093 1164
1094 1094
1094 1095
1094 1096
1094 1097
1094 1106
1094 1107
1094 1166
1094 1167
1095 1095
1095 1096
1095 1106
1095 1166
1096 1096
1096 1097
1096 1098
1096 1099
1096 1108
1096 1109
1096 1168
1096 1169
1097 1097
1097 1098
1097 1108
1097 1168
1098 1098
1098 1099
1098 1100
1098 1101
1098 1110
1098 1111
1098 1170
1098 1171
1099 1099
1099 1100
1099 1110
1099 1170
1100 1100
1100 1101
1100 1102
1100 1103
1100 1112
1100 1113
1100 1172
1100 1173
1101 1101
1101 1102
1101 1112
1101 1172
1102 1102
1102 1103
1102 1114
1102 1115
1102 1174
1102 1175
1103 1103
1103 1114
1103 1174
1104 1104
1104 1105
1104 1106
1104 1107
1104 1116
1104 1117
1104 1176
1104 1177
1105 1105
1105 1106
1105 1116
1105 1176
1106 1106
1106 1107
1106 1108
1106 1109
1106 1118
1106 1119
1106 1178
1106 1179
1107 1107
1107 1108
1107 1118
1107 1178
1108 1108
1108 1109
1108 1110
1108 1111
1108 1120
1108 1121
1108 1180
1108 1181
1109 1109
1109 1110
1109 1120
1109 1180
1110 1110
1110 1111
1110 1112
1110 1113
1110 1122
1110 1123
1110 1182
1110 1183
1111 1111
1111 1112
1111 1122
1111 1182
1112 1112
1112 1113
1112 1114
1112 1115
1112 1124
1112 1125
1112 1184
1112 1185
1113 1113
1113 1114
1113 1124
1113 1184
1114 1114
1114 1115
1114 1126
1114 1127
1114 1186
1114 1187
1115 1115
1115 1126
1115 1186
1116 1116
1116 1117
1116 1118
1116 1119
1116 1128
1116 1129
1116 1188
1116 1189
1117 1117
1117 1118
1117 1128
1117 1188
1118 1118
1118 1119
1118 1120
1118 1121
1118 1130
1118 1131
1118 1190
1118 1191
1119 1119
1119 1120
1119 1130
1119 1190
1120 1120
1120 1121
1120 1122
1120 1123
1120 1132
1120 1133
1120 1192
1120 1193
1121 1121
1121 1122
1121 1132
1121 1192
1122 1122
1122 1123
1122 1124
1122 1125
1122 1134
1122 1135
1122 1194
1122 1195
1123 1123
1123 1124
1123 1134
1123 1194
1124 1124
1124 1125
1124 1126
1124 1127
1124 1136
1124 1137
1124 1196
1124 1197
1125 1125
1125 1136
1125 1137
1125 1196
1125 1197
1125 1126
1125 1127
1126 1126
1126 1127
1126 1138
1126 1139
1126 1198
1126 1199
1127 1127
1127 1138
1127 1139
1127 1198
1127 1199
1128 1128
1128 1129
1128 1130
1128 1131
1128 1140
1128 1141
1128 1200
1128 1201
1129 1129
1129 1130
1129 1140
1129 1200
1130 1130
1130 1131
1130 1132
1130 1133
1130 1142
1130 1143
1130 1202
1130 1203
1131 1131
1131 1132
1131 1142
1131 1202
1132 1132
1132 1133
1132 1134
1132 1135
1132 1144
1132 1145
1132 1204
1132 1205
1133 1133
1133 1134
1133 1144
1133 1204
1134 1134
1134 1135
1134 1136
1134 1137
1134 1146
1134 1147
1134 1206
1134 1207
1135 1135
1135 1136
1135 1137
1135 1206
1135 1207
1135 1146
1135 1147
1136 1136
1136 1137
1136 1138
1136 1139
1136 1148
1136 1149
1136 1208
1136 1209
1137 1137
1137 1208
1137 1209
1137 1138
1137 1139
1137 1148
1137 1149
1138 1138
1138 1139
1138 1150
1138 1151
1138 1210
1138 1211
1139 1139
1139 1210
1139 1211
1139 1150
1139 1151
1140 1140
1140 1141
1140 1142
1140 1143
1140 1212
1140 1213
1141 1141
1141 1142
1141 1212
1142 1142
1142 1143
1142 1144
1142 1145
1142 1214
1142 1215
1143 1143
1143 1144
1143 1214
1144 1144
1144 1145
1144 1146
1144 1147
1144 1216
1144 1217
1145 1145
1145 1146
1145 1216
1146 1146
1146 1147
1146 1148
1146 1149
1146 1218
1146 1219
1147 1147
1147 1148
1147 1149
1147 1218
1147 1219
1148 1148
1148 1149
1148 1150
1148 1151
1148 1220
1148 1221
1149 1149
1149 1220
1149 1221
1149 1150
1149 1151
1150 1150
1150 1151
1150 1222
1150 1223
1151 1151
1151 1222
1151 1223
1152 1152
1152 1153
1152 1154
1152 1155
1152 1164
1152 1165
1153 1153
1153 1154
1153 1164
1154 1154
1154 1155
1154 1156
1154 1157
1154 1166
1154 1167
1155 1155
1155 1156
1155 1166
1156 1156
1156 1157
1156 1158
1156 1159
1156 1168
1156 1169
1157 1157
1157 1158
1157 1168
1158 1158
1158 1159
1158 1160
1158 1161
1158 1170
1158 1171
1159 1159
1159 1160
1159 1170
1160 1160
1160 1161
1160 1162
1160 1163
1160 1172
1160 1173
1161 1161
1161 1162
1161 1172
1162 1162
1162 1163
1162 1174
1162 1175
1163 1163
1163 1174
1164 1164
1164 1165
1164 1166
1164 1167
1164 1176
1164 1177
1165 1165
1165 1166
1165 1176
1166 1166
1166 1167
1166 1168
1166 1169
1166 1178
1166 1179
1167 1167
1167 1168
1167 1178
1168 1168
1168 1169
1168 1170
1168 1171
1168 1180
1168 1181
1169 1169
1169 1170
1169 1180
1170 1170
1170 1171
1170 1172
1170 1173
1170 1182
1170 1183
1171 1171
1171 1172
1171 1182
1172 1172
1172 1173
1172 1174
1172 1175
1172 1184
1172 1185
1173 1173
1173 1174
1173 1184
1174 1174
1174 1175
1174 1186
1174 1187
1175 1175
1175 1186
1176 1176
1176 1177
1176 1178
1176 1179
1176 1188
1176 1189
1177 1177
1177 1178
1177 1188
1178 1178
1178 1179
1178 1180
1178 1181
1178 1190
1178 1191
1179 1179
1179 1180
1179 1190
1180 1180
1180 1181
1180 1182
1180 1183
1180 1192
1180 1193
1181 1181
1181 1182
1181 1192
1182 1182
1182 1183
1182 1184
1182 1185
1182 1194
1182 1195
1183 1183
1183 1184
1183 1194
1184 1184
1184 1185
1184 1186
1184 1187
1184 1196
1184 1197
1185 1185
1185 1186
1185 1196
1186 1186
1186 1187
1186 1198
1186 1199
1187 1187
1187 1198
1188 1188
1188 1189
1188 1190
1188 1191
1188 1200
1188 1201
1189 1189
1189 1190
1189 1200
1190 1190
1190 1191
1190 1192
1190 1193
1190 1202
1190 1203
1191 1191
1191 1192
1191 1202
1192 1192
1192 1193
1192 1194
1192 1195
1192 1204
1192 1205
1193 1193
1193 1194
1193 1204
1194 1194
1194 1195
1194 1196
1194 1197
1194 1206
1194 1207
1195 1195
1195 1196
1195 1206
1196 1196
1196 1197
1196 1198
1196 1199
1196 1208
1196 1209
1197 1197
1197 1208
1197 1209
1197 1198
1197 1199
1198 1198
1198 1199
1198 1210
1198 1211
1199 1199
1199 1210
1199 1211
1200 1200
1200 1201
1200 1202
1200 1203
1200 1212
1200 1213
1201 1201
1201 1202
1201 1212
1202 1202
1202 1203
1202 1204
1202 1205
1202 1214
1202 1215
1203 1203
1203 1204
1203 1214
1204 1204
1204 1205
1204 1206
1204 1207
1204 1216
1204 1217
1205 1205
1205 1206
1205 1216
1206 1206
1206 1207
1206 1208
1206 1209
1206 1218
1206 1219
1207 1207
1207 1208
1207 1209
1207 1218
1207 1219
1208 1208
1208 1209
1208 1210
1208 1211
1208 1220
1208 1221
1209 1209
1209 1210
1209 1211
1209 1220
1209 1221
1210 1210
1210 1211
1210 1222
1210 1223
1211 1211
1211 1222
1211 1223
1212 1212
1212 1213
1212 1214
1212 1215
1213 1213
1213 1214
1214 1214
1214 1215
1214 1216
1214 1217
1215 1215
1215 1216
1216 1216
1216 1217
1216 1218
1216 1219
1217 1217
1217 1218
1218 1218
1218 1219
1218 1220
1218 1221
1219 1219
1219 1220
1219 1221
1220 1220
1220 1221
1220 1222
1220 1223
1221 1221
1221 1222
1221 1223
1222 1222
1222 1223
1223 1223
