0 0
0 1
0 2
0 20
1 1
1 3
1 21
2 2
2 3
2 4
2 22
3 3
3 5
3 23
4 4
4 5
4 6
4 24
5 5
5 7
5 25
6 6
6 7
6 8
6 26
7 7
7 9
7 27
8 8
8 9
8 10
8 28
9 9
9 11
9 29
10 10
10 11
10 12
10 30
11 11
11 13
11 31
12 12
12 13
12 14
12 32
13 13
13 15
13 33
14 14
14 15
14 16
14 34
15 15
15 17
15 35
16 16
16 17
16 18
16 36
17 17
17 19
17 37
18 18
18 19
18 38
19 19
19 39
20 20
20 21
20 22
20 40
21 21
21 23
21 41
22 22
22 23
22 24
22 42
23 23
23 25
23 43
24 24
24 25
24 26
24 44
25 25
25 27
25 45
26 26
26 27
26 28
26 46
27 27
27 29
27 47
28 28
28 29
28 30
28 48
29 29
29 31
29 49
30 30
30 31
30 32
30 50
31 31
31 33
31 51
32 32
32 33
32 34
32 52
33 33
33 35
33 53
34 34
34 35
34 36
34 54
35 35
35 37
35 55
36 36
36 37
36 38
36 56
37 37
37 39
37 57
38 38
38 39
38 58
39 39
39 59
40 40
40 41
40 42
40 60
41 41
41 43
41 61
42 42
42 43
42 44
42 62
43 43
43 45
43 63
44 44
44 45
44 46
44 64
45 45
45 47
45 65
46 46
46 47
46 48
46 66
47 47
47 49
47 67
48 48
48 49
48 50
48 68
49 49
49 51
49 69
50 50
50 51
50 52
50 70
51 51
51 53
51 71
52 52
52 53
52 54
52 72
53 53
53 55
53 73
54 54
54 55
54 56
54 74
55 55
55 57
55 75
56 56
56 57
56 58
56 76
57 57
57 59
57 77
58 58
58 59
58 78
59 59
59 79
60 60
60 61
60 62
60 80
61 61
61 63
61 81
62 62
62 63
62 64
62 82
63 63
63 65
63 83
64 64
64 65
64 66
64 84
65 65
65 67
65 85
66 66
66 67
66 68
66 86
67 67
67 69
67 87
68 68
68 69
68 70
68 88
69 69
69 71
69 89
70 70
70 71
70 72
70 90
71 71
71 73
71 91
72 72
72 73
72 74
72 92
73 73
73 75
73 93
74 74
74 75
74 76
74 94
75 75
75 77
75 95
76 76
76 77
76 78
76 96
77 77
77 79
77 97
78 78
78 79
78 98
79 79
79 99
80 80
80 81
80 82
80 100
81 81
81 83
81 101
82 82
82 83
82 84
82 102
83 83
83 85
83 103
84 84
84 85
84 86
84 104
85 85
85 87
85 105
86 86
86 87
86 88
86 106
87 87
87 89
87 107
88 88
88 89
88 90
88 108
89 89
89 91
89 109
90 90
90 91
90 92
90 110
91 91
91 93
91 111
92 92
92 93
92 94
92 112
93 93
93 95
93 113
94 94
94 95
94 96
94 114
95 95
95 97
95 115
96 96
96 97
96 98
96 116
97 97
97 99
97 117
98 98
98 99
98 118
99 99
99 119
100 100
100 101
100 102
100 120
101 101
101 103
101 121
102 102
102 103
102 104
102 122
103 103
103 105
103 123
104 104
104 105
104 106
104 124
105 105
105 107
105 125
106 106
106 107
106 108
106 126
107 107
107 109
107 127
108 108
108 109
108 110
108 128
109 109
109 111
109 129
110 110
110 111
110 112
110 130
111 111
111 113
111 131
112 112
112 113
112 114
112 132
113 113
113 115
113 133
114 114
114 115
114 116
114 134
115 115
115 117
115 135
116 116
116 117
116 118
116 136
117 117
117 119
117 137
118 118
118 119
118 138
119 119
119 139
120 120
120 121
120 122
120 140
121 121
121 123
121 141
122 122
122 123
122 124
122 142
123 123
123 125
123 143
124 124
124 125
124 126
124 144
125 125
125 127
125 145
126 126
126 127
126 128
126 146
127 127
127 129
127 147
128 128
128 129
128 130
128 148
129 129
129 131
129 149
130 130
130 131
130 132
130 150
131 131
131 133
131 151
132 132
132 133
132 134
132 152
133 133
133 135
133 153
134 134
134 135
134 136
134 154
135 135
135 137
135 155
136 136
136 137
136 138
136 156
137 137
137 139
137 157
138 138
138 139
138 158
139 139
139 159
140 140
140 141
140 142
140 160
141 141
141 143
141 161
142 142
142 143
142 144
142 162
143 143
143 145
143 163
144 144
144 145
144 146
144 164
145 145
145 147
145 165
146 146
146 147
146 148
146 166
147 147
147 149
147 167
148 148
148 149
148 150
148 168
149 149
149 151
149 169
150 150
150 151
150 152
150 170
151 151
151 153
151 171
152 152
152 153
152 154
152 172
153 153
153 155
153 173
154 154
154 155
154 156
154 174
155 155
155 157
155 175
156 156
156 157
156 158
156 176
157 157
157 159
157 177
158 158
158 159
158 178
159 159
159 179
160 160
160 161
160 162
160 180
161 161
161 163
161 181
162 162
162 163
162 164
162 182
163 163
163 165
163 183
164 164
164 165
164 166
164 184
165 165
165 167
165 185
166 166
166 167
166 168
166 186
167 167
167 169
167 187
168 168
168 169
168 170
168 188
169 169
169 171
169 189
170 170
170 171
170 172
170 190
171 171
171 173
171 191
172 172
172 173
172 174
172 192
173 173
173 175
173 193
174 174
174 175
174 176
174 194
175 175
175 177
175 195
176 176
176 177
176 178
176 196
177 177
177 179
177 197
178 178
178 179
178 198
179 179
179 199
180 180
180 181
180 182
181 181
181 183
182 182
182 183
182 184
183 183
183 185
184 184
184 185
184 186
185 185
185 187
186 186
186 187
186 188
187 187
187 189
188 188
188 189
188 190
189 189
189 191
190 190
190 191
190 192
191 191
191 193
192 192
192 193
192 194
193 193
193 195
194 194
194 195
194 196
195 195
195 197
196 196
196 197
196 198
197 197
197 199
198 198
198 199
199 199
