0 0
0 1
0 2
0 30
1 1
1 3
1 31
2 2
2 3
2 4
2 32
3 3
3 5
3 33
4 4
4 5
4 6
4 34
5 5
5 7
5 35
6 6
6 7
6 8
6 36
7 7
7 9
7 37
8 8
8 9
8 10
8 38
9 9
9 11
9 39
10 10
10 11
10 12
10 40
11 11
11 13
11 41
12 12
12 13
12 14
12 42
13 13
13 15
13 43
14 14
14 15
14 16
14 44
15 15
15 17
15 45
16 16
16 17
16 18
16 46
17 17
17 19
17 47
18 18
18 19
18 20
18 48
19 19
19 21
19 49
20 20
20 21
20 22
20 50
21 21
21 23
21 51
22 22
22 23
22 24
22 52
23 23
23 25
23 53
24 24
24 25
24 26
24 54
25 25
25 27
25 55
26 26
26 27
26 28
26 56
27 27
27 29
27 57
28 28
28 29
28 58
29 29
29 59
30 30
30 31
30 32
30 60
31 31
31 33
31 61
32 32
32 33
32 34
32 62
33 33
33 35
33 63
34 34
34 35
34 36
34 64
35 35
35 37
35 65
36 36
36 37
36 38
36 66
37 37
37 39
37 67
38 38
38 39
38 40
38 68
39 39
39 41
39 69
40 40
40 41
40 42
40 70
41 41
41 43
41 71
42 42
42 43
42 44
42 72
43 43
43 45
43 73
44 44
44 45
44 46
44 74
45 45
45 47
45 75
46 46
46 47
46 48
46 76
47 47
47 49
47 77
48 48
48 49
48 50
48 78
49 49
49 51
49 79
50 50
50 51
50 52
50 80
51 51
51 53
51 81
52 52
52 53
52 54
52 82
53 53
53 55
53 83
54 54
54 55
54 56
54 84
55 55
55 57
55 85
56 56
56 57
56 58
56 86
57 57
57 59
57 87
58 58
58 59
58 88
59 59
59 89
60 60
60 61
60 62
60 90
61 61
61 63
61 91
62 62
62 63
62 64
62 92
63 63
63 65
63 93
64 64
64 65
64 66
64 94
65 65
65 67
65 95
66 66
66 67
66 68
66 96
67 67
67 69
67 97
68 68
68 69
68 70
68 98
69 69
69 71
69 99
70 70
70 71
70 72
70 100
71 71
71 73
71 101
72 72
72 73
72 74
72 102
73 73
73 75
73 103
74 74
74 75
74 76
74 104
75 75
75 77
75 105
76 76
76 77
76 78
76 106
77 77
77 79
77 107
78 78
78 79
78 80
78 108
79 79
79 81
79 109
80 80
80 81
80 82
80 110
81 81
81 83
81 111
82 82
82 83
82 84
82 112
83 83
83 85
83 113
84 84
84 85
84 86
84 114
85 85
85 87
85 115
86 86
86 87
86 88
86 116
87 87
87 89
87 117
88 88
88 89
88 118
89 89
89 119
90 90
90 91
90 92
90 120
91 91
91 93
91 121
92 92
92 93
92 94
92 122
93 93
93 95
93 123
94 94
94 95
94 96
94 124
95 95
95 97
95 125
96 96
96 97
96 98
96 126
97 97
97 99
97 127
98 98
98 99
98 100
98 128
99 99
99 101
99 129
100 100
100 101
100 102
100 130
101 101
101 103
101 131
102 102
102 103
102 104
102 132
103 103
103 105
103 133
104 104
104 105
104 106
104 134
105 105
105 107
105 135
106 106
106 107
106 108
106 136
107 107
107 109
107 137
108 108
108 109
108 110
108 138
109 109
109 111
109 139
110 110
110 111
110 112
110 140
111 111
111 113
111 141
112 112
112 113
112 114
112 142
113 113
113 115
113 143
114 114
114 115
114 116
114 144
115 115
115 117
115 145
116 116
116 117
116 118
116 146
117 117
117 119
117 147
118 118
118 119
118 148
119 119
119 149
120 120
120 121
120 122
120 150
121 121
121 123
121 151
122 122
122 123
122 124
122 152
123 123
123 125
123 153
124 124
124 125
124 126
124 154
125 125
125 127
125 155
126 126
126 127
126 128
126 156
127 127
127 129
127 157
128 128
128 129
128 130
128 158
129 129
129 131
129 159
130 130
130 131
130 132
130 160
131 131
131 133
131 161
132 132
132 133
132 134
132 162
133 133
133 135
133 163
134 134
134 135
134 136
134 164
135 135
135 137
135 165
136 136
136 137
136 138
136 166
137 137
137 139
137 167
138 138
138 139
138 140
138 168
139 139
139 141
139 169
140 140
140 141
140 142
140 170
141 141
141 143
141 171
142 142
142 143
142 144
142 172
143 143
143 145
143 173
144 144
144 145
144 146
144 174
145 145
145 147
145 175
146 146
146 147
146 148
146 176
147 147
147 149
147 177
148 148
148 149
148 178
149 149
149 179
150 150
150 151
150 152
150 180
151 151
151 153
151 181
152 152
152 153
152 154
152 182
153 153
153 155
153 183
154 154
154 155
154 156
154 184
155 155
155 157
155 185
156 156
156 157
156 158
156 186
157 157
157 159
157 187
158 158
158 159
158 160
158 188
159 159
159 161
159 189
160 160
160 161
160 162
160 190
161 161
161 163
161 191
162 162
162 163
162 164
162 192
163 163
163 165
163 193
164 164
164 165
164 166
164 194
165 165
165 167
165 195
166 166
166 167
166 168
166 196
167 167
167 169
167 197
168 168
168 169
168 170
168 198
169 169
169 171
169 199
170 170
170 171
170 172
170 200
171 171
171 173
171 201
172 172
172 173
172 174
172 202
173 173
173 175
173 203
174 174
174 175
174 176
174 204
175 175
175 177
175 205
176 176
176 177
176 178
176 206
177 177
177 179
177 207
178 178
178 179
178 208
179 179
179 209
180 180
180 181
180 182
180 210
181 181
181 183
181 211
182 182
182 183
182 184
182 212
183 183
183 185
183 213
184 184
184 185
184 186
184 214
185 185
185 187
185 215
186 186
186 187
186 188
186 216
187 187
187 189
187 217
188 188
188 189
188 190
188 218
189 189
189 191
189 219
190 190
190 191
190 192
190 220
191 191
191 193
191 221
192 192
192 193
192 194
192 222
193 193
193 195
193 223
194 194
194 195
194 196
194 224
195 195
195 197
195 225
196 196
196 197
196 198
196 226
197 197
197 199
197 227
198 198
198 199
198 200
198 228
199 199
199 201
199 229
200 200
200 201
200 202
200 230
201 201
201 203
201 231
202 202
202 203
202 204
202 232
203 203
203 205
203 233
204 204
204 205
204 206
204 234
205 205
205 207
205 235
206 206
206 207
206 208
206 236
207 207
207 209
207 237
208 208
208 209
208 238
209 209
209 239
210 210
210 211
210 212
210 240
211 211
211 213
211 241
212 212
212 213
212 214
212 242
213 213
213 215
213 243
214 214
214 215
214 216
214 244
215 215
215 217
215 245
216 216
216 217
216 218
216 246
217 217
217 219
217 247
218 218
218 219
218 220
218 248
219 219
219 221
219 249
220 220
220 221
220 222
220 250
221 221
221 223
221 251
222 222
222 223
222 224
222 252
223 223
223 225
223 253
224 224
224 225
224 226
224 254
225 225
225 227
225 255
226 226
226 227
226 228
226 256
227 227
227 229
227 257
228 228
228 229
228 230
228 258
229 229
229 231
229 259
230 230
230 231
230 232
230 260
231 231
231 233
231 261
232 232
232 233
232 234
232 262
233 233
233 235
233 263
234 234
234 235
234 236
234 264
235 235
235 237
235 265
236 236
236 237
236 238
236 266
237 237
237 239
237 267
238 238
238 239
238 268
239 239
239 269
240 240
240 241
240 242
240 270
241 241
241 243
241 271
242 242
242 243
242 244
242 272
243 243
243 245
243 273
244 244
244 245
244 246
244 274
245 245
245 247
245 275
246 246
246 247
246 248
246 276
247 247
247 249
247 277
248 248
248 249
248 250
248 278
249 249
249 251
249 279
250 250
250 251
250 252
250 280
251 251
251 253
251 281
252 252
252 253
252 254
252 282
253 253
253 255
253 283
254 254
254 255
254 256
254 284
255 255
255 257
255 285
256 256
256 257
256 258
256 286
257 257
257 259
257 287
258 258
258 259
258 260
258 288
259 259
259 261
259 289
260 260
260 261
260 262
260 290
261 261
261 263
261 291
262 262
262 263
262 264
262 292
263 263
263 265
263 293
264 264
264 265
264 266
264 294
265 265
265 267
265 295
266 266
266 267
266 268
266 296
267 267
267 269
267 297
268 268
268 269
268 298
269 269
269 299
270 270
270 271
270 272
270 300
271 271
271 273
271 301
272 272
272 273
272 274
272 302
273 273
273 275
273 303
274 274
274 275
274 276
274 304
275 275
275 277
275 305
276 276
276 277
276 278
276 306
277 277
277 279
277 307
278 278
278 279
278 280
278 308
279 279
279 281
279 309
280 280
280 281
280 282
280 310
281 281
281 283
281 311
282 282
282 283
282 284
282 312
283 283
283 285
283 313
284 284
284 285
284 286
284 314
285 285
285 287
285 315
286 286
286 287
286 288
286 316
287 287
287 289
287 317
288 288
288 289
288 290
288 318
289 289
289 291
289 319
290 290
290 291
290 292
290 320
291 291
291 293
291 321
292 292
292 293
292 294
292 322
293 293
293 295
293 323
294 294
294 295
294 296
294 324
295 295
295 297
295 325
296 296
296 297
296 298
296 326
297 297
297 299
297 327
298 298
298 299
298 328
299 299
299 329
300 300
300 301
300 302
300 330
301 301
301 303
301 331
302 302
302 303
302 304
302 332
303 303
303 305
303 333
304 304
304 305
304 306
304 334
305 305
305 307
305 335
306 306
306 307
306 308
306 336
307 307
307 309
307 337
308 308
308 309
308 310
308 338
309 309
309 311
309 339
310 310
310 311
310 312
310 340
311 311
311 313
311 341
312 312
312 313
312 314
312 342
313 313
313 315
313 343
314 314
314 315
314 316
314 344
315 315
315 317
315 345
316 316
316 317
316 318
316 346
317 317
317 319
317 347
318 318
318 319
318 320
318 348
319 319
319 321
319 349
320 320
320 321
320 322
320 350
321 321
321 323
321 351
322 322
322 323
322 324
322 352
323 323
323 325
323 353
324 324
324 325
324 326
324 354
325 325
325 327
325 355
326 326
326 327
326 328
326 356
327 327
327 329
327 357
328 328
328 329
328 358
329 329
329 359
330 330
330 331
330 332
330 360
331 331
331 333
331 361
332 332
332 333
332 334
332 362
333 333
333 335
333 363
334 334
334 335
334 336
334 364
335 335
335 337
335 365
336 336
336 337
336 338
336 366
337 337
337 339
337 367
338 338
338 339
338 340
338 368
339 339
339 341
339 369
340 340
340 341
340 342
340 370
341 341
341 343
341 371
342 342
342 343
342 344
342 372
343 343
343 345
343 373
344 344
344 345
344 346
344 374
345 345
345 347
345 375
346 346
346 347
346 348
346 376
347 347
347 349
347 377
348 348
348 349
348 350
348 378
349 349
349 351
349 379
350 350
350 351
350 352
350 380
351 351
351 353
351 381
352 352
352 353
352 354
352 382
353 353
353 355
353 383
354 354
354 355
354 356
354 384
355 355
355 357
355 385
356 356
356 357
356 358
356 386
357 357
357 359
357 387
358 358
358 359
358 388
359 359
359 389
360 360
360 361
360 362
360 390
361 361
361 363
361 391
362 362
362 363
362 364
362 392
363 363
363 365
363 393
364 364
364 365
364 366
364 394
365 365
365 367
365 395
366 366
366 367
366 368
366 396
367 367
367 369
367 397
368 368
368 369
368 370
368 398
369 369
369 371
369 399
370 370
370 371
370 372
370 400
371 371
371 373
371 401
372 372
372 373
372 374
372 402
373 373
373 375
373 403
374 374
374 375
374 376
374 404
375 375
375 377
375 405
376 376
376 377
376 378
376 406
377 377
377 379
377 407
378 378
378 379
378 380
378 408
379 379
379 381
379 409
380 380
380 381
380 382
380 410
381 381
381 383
381 411
382 382
382 383
382 384
382 412
383 383
383 385
383 413
384 384
384 385
384 386
384 414
385 385
385 387
385 415
386 386
386 387
386 388
386 416
387 387
387 389
387 417
388 388
388 389
388 418
389 389
389 419
390 390
390 391
390 392
390 420
391 391
391 393
391 421
392 392
392 393
392 394
392 422
393 393
393 395
393 423
394 394
394 395
394 396
394 424
395 395
395 397
395 425
396 396
396 397
396 398
396 426
397 397
397 399
397 427
398 398
398 399
398 400
398 428
399 399
399 401
399 429
400 400
400 401
400 402
400 430
401 401
401 403
401 431
402 402
402 403
402 404
402 432
403 403
403 405
403 433
404 404
404 405
404 406
404 434
405 405
405 407
405 435
406 406
406 407
406 408
406 436
407 407
407 409
407 437
408 408
408 409
408 410
408 438
409 409
409 411
409 439
410 410
410 411
410 412
410 440
411 411
411 413
411 441
412 412
412 413
412 414
412 442
413 413
413 415
413 443
414 414
414 415
414 416
414 444
415 415
415 417
415 445
416 416
416 417
416 418
416 446
417 417
417 419
417 447
418 418
418 419
418 448
419 419
419 449
420 420
420 421
420 422
421 421
421 423
422 422
422 423
422 424
423 423
423 425
424 424
424 425
424 426
425 425
425 427
426 426
426 427
426 428
427 427
427 429
428 428
428 429
428 430
429 429
429 431
430 430
430 431
430 432
431 431
431 433
432 432
432 433
432 434
433 433
433 435
434 434
434 435
434 436
435 435
435 437
436 436
436 437
436 438
437 437
437 439
438 438
438 439
438 440
439 439
439 441
440 440
440 441
440 442
441 441
441 443
442 442
442 443
442 444
443 443
443 445
444 444
444 445
444 446
445 445
445 447
446 446
446 447
446 448
447 447
447 449
448 448
448 449
449 449
