0 1
0 16
1 16
1 2
1 17
2 17
2 3
2 18
3 18
3 4
3 19
4 19
4 5
4 20
5 20
5 6
5 21
6 21
6 7
6 22
7 22
7 8
7 23
8 23
8 9
8 24
9 24
9 10
9 25
10 25
10 11
10 26
11 26
11 12
11 27
12 27
12 13
12 28
13 28
13 14
13 29
14 29
14 15
14 16
14 30
15 30
16 17
16 31
17 31
17 18
17 32
18 32
18 19
18 33
19 33
19 20
19 34
20 34
20 21
20 35
21 35
21 22
21 36
22 36
22 23
22 37
23 37
23 24
23 38
24 38
24 25
24 39
25 39
25 26
25 40
26 40
26 27
26 41
27 41
27 28
27 42
28 42
28 29
28 43
29 43
29 30
29 31
29 44
30 44
31 32
31 45
32 45
32 33
32 46
33 46
33 34
33 47
34 47
34 35
34 48
35 48
35 36
35 49
36 49
36 37
36 50
37 50
37 38
37 51
38 51
38 39
38 52
39 52
39 40
39 53
40 53
40 41
40 54
41 54
41 42
41 55
42 55
42 43
42 56
43 56
43 44
43 45
43 57
44 57
45 46
45 58
46 58
46 47
46 59
47 59
47 48
47 60
48 60
48 49
48 61
49 61
49 50
49 62
50 62
50 51
50 63
51 63
51 52
51 64
52 64
52 53
52 65
53 65
53 54
53 66
54 66
54 55
54 67
55 67
55 56
55 68
56 68
56 57
56 58
56 69
57 69
58 59
58 70
59 70
59 60
59 71
60 71
60 61
60 72
61 72
61 62
61 73
62 73
62 63
62 74
63 74
63 64
63 75
64 75
64 65
64 76
65 76
65 66
65 77
66 77
66 67
66 78
67 78
67 68
67 79
68 79
68 69
68 70
68 80
69 80
70 71
70 81
71 81
71 72
71 82
72 82
72 73
72 83
73 83
73 74
73 84
74 84
74 75
74 85
75 85
75 76
75 86
76 86
76 77
76 87
77 87
77 78
77 88
78 88
78 79
78 89
79 89
79 80
79 81
79 90
80 90
81 82
81 91
82 91
82 83
82 92
83 92
83 84
83 93
84 93
84 85
84 94
85 94
85 86
85 95
86 95
86 87
86 96
87 96
87 88
87 97
88 97
88 89
88 98
89 98
89 90
89 91
89 99
90 99
91 92
91 100
92 100
92 93
92 101
93 101
93 94
93 102
94 102
94 95
94 103
95 103
95 96
95 104
96 104
96 97
96 105
97 105
97 98
97 106
98 106
98 99
98 100
98 107
99 107
100 101
100 108
101 108
101 102
101 109
102 109
102 103
102 110
103 110
103 104
103 111
104 111
104 105
104 112
105 112
105 106
105 113
106 113
106 107
106 108
106 114
107 114
108 109
108 115
109 115
109 110
109 116
110 116
110 111
110 117
111 117
111 112
111 118
112 118
112 113
112 119
113 119
113 114
113 115
113 120
114 120
115 116
115 121
116 121
116 117
116 122
117 122
117 118
117 123
118 123
118 119
118 124
119 124
119 120
119 121
119 125
120 125
121 122
121 126
122 126
122 123
122 127
123 127
123 124
123 128
124 128
124 125
124 126
124 129
125 129
126 127
126 130
127 130
127 128
127 131
128 131
128 129
128 130
128 132
129 132
130 131
130 133
131 133
131 132
131 134
132 134
133 134
133 135
134 135
