0 1
0 31
1 31
1 2
1 32
2 32
2 3
2 33
3 33
3 4
3 34
4 34
4 5
4 35
5 35
5 6
5 36
6 36
6 7
6 37
7 37
7 8
7 38
8 38
8 9
8 39
9 39
9 10
9 40
10 40
10 11
10 41
11 41
11 12
11 42
12 42
12 13
12 43
13 43
13 14
13 44
14 44
14 15
14 45
15 45
15 16
15 46
16 46
16 17
16 47
17 47
17 18
17 48
18 48
18 19
18 49
19 49
19 20
19 50
20 50
20 21
20 51
21 51
21 22
21 52
22 52
22 23
22 53
23 53
23 24
23 54
24 54
24 25
24 55
25 55
25 26
25 56
26 56
26 27
26 57
27 57
27 28
27 58
28 58
28 29
28 59
29 59
29 30
29 31
29 60
30 60
31 32
31 61
32 61
32 33
32 62
33 62
33 34
33 63
34 63
34 35
34 64
35 64
35 36
35 65
36 65
36 37
36 66
37 66
37 38
37 67
38 67
38 39
38 68
39 68
39 40
39 69
40 69
40 41
40 70
41 70
41 42
41 71
42 71
42 43
42 72
43 72
43 44
43 73
44 73
44 45
44 74
45 74
45 46
45 75
46 75
46 47
46 76
47 76
47 48
47 77
48 77
48 49
48 78
49 78
49 50
49 79
50 79
50 51
50 80
51 80
51 52
51 81
52 81
52 53
52 82
53 82
53 54
53 83
54 83
54 55
54 84
55 84
55 56
55 85
56 85
56 57
56 86
57 86
57 58
57 87
58 87
58 59
58 88
59 88
59 60
59 61
59 89
60 89
61 62
61 90
62 90
62 63
62 91
63 91
63 64
63 92
64 92
64 65
64 93
65 93
65 66
65 94
66 94
66 67
66 95
67 95
67 68
67 96
68 96
68 69
68 97
69 97
69 70
69 98
70 98
70 71
70 99
71 99
71 72
71 100
72 100
72 73
72 101
73 101
73 74
73 102
74 102
74 75
74 103
75 103
75 76
75 104
76 104
76 77
76 105
77 105
77 78
77 106
78 106
78 79
78 107
79 107
79 80
79 108
80 108
80 81
80 109
81 109
81 82
81 110
82 110
82 83
82 111
83 111
83 84
83 112
84 112
84 85
84 113
85 113
85 86
85 114
86 114
86 87
86 115
87 115
87 88
87 116
88 116
88 89
88 90
88 117
89 117
90 91
90 118
91 118
91 92
91 119
92 119
92 93
92 120
93 120
93 94
93 121
94 121
94 95
94 122
95 122
95 96
95 123
96 123
96 97
96 124
97 124
97 98
97 125
98 125
98 99
98 126
99 126
99 100
99 127
100 127
100 101
100 128
101 128
101 102
101 129
102 129
102 103
102 130
103 130
103 104
103 131
104 131
104 105
104 132
105 132
105 106
105 133
106 133
106 107
106 134
107 134
107 108
107 135
108 135
108 109
108 136
109 136
109 110
109 137
110 137
110 111
110 138
111 138
111 112
111 139
112 139
112 113
112 140
113 140
113 114
113 141
114 141
114 115
114 142
115 142
115 116
115 143
116 143
116 117
116 118
116 144
117 144
118 119
118 145
119 145
119 120
119 146
120 146
120 121
120 147
121 147
121 122
121 148
122 148
122 123
122 149
123 149
123 124
123 150
124 150
124 125
124 151
125 151
125 126
125 152
126 152
126 127
126 153
127 153
127 128
127 154
128 154
128 129
128 155
129 155
129 130
129 156
130 156
130 131
130 157
131 157
131 132
131 158
132 158
132 133
132 159
133 159
133 134
133 160
134 160
134 135
134 161
135 161
135 136
135 162
136 162
136 137
136 163
137 163
137 138
137 164
138 164
138 139
138 165
139 165
139 140
139 166
140 166
140 141
140 167
141 167
141 142
141 168
142 168
142 143
142 169
143 169
143 144
143 145
143 170
144 170
145 146
145 171
146 171
146 147
146 172
147 172
147 148
147 173
148 173
148 149
148 174
149 174
149 150
149 175
150 175
150 151
150 176
151 176
151 152
151 177
152 177
152 153
152 178
153 178
153 154
153 179
154 179
154 155
154 180
155 180
155 156
155 181
156 181
156 157
156 182
157 182
157 158
157 183
158 183
158 159
158 184
159 184
159 160
159 185
160 185
160 161
160 186
161 186
161 162
161 187
162 187
162 163
162 188
163 188
163 164
163 189
164 189
164 165
164 190
165 190
165 166
165 191
166 191
166 167
166 192
167 192
167 168
167 193
168 193
168 169
168 194
169 194
169 170
169 171
169 195
170 195
171 172
171 196
172 196
172 173
172 197
173 197
173 174
173 198
174 198
174 175
174 199
175 199
175 176
175 200
176 200
176 177
176 201
177 201
177 178
177 202
178 202
178 179
178 203
179 203
179 180
179 204
180 204
180 181
180 205
181 205
181 182
181 206
182 206
182 183
182 207
183 207
183 184
183 208
184 208
184 185
184 209
185 209
185 186
185 210
186 210
186 187
186 211
187 211
187 188
187 212
188 212
188 189
188 213
189 213
189 190
189 214
190 214
190 191
190 215
191 215
191 192
191 216
192 216
192 193
192 217
193 217
193 194
193 218
194 218
194 195
194 196
194 219
195 219
196 197
196 220
197 220
197 198
197 221
198 221
198 199
198 222
199 222
199 200
199 223
200 223
200 201
200 224
201 224
201 202
201 225
202 225
202 203
202 226
203 226
203 204
203 227
204 227
204 205
204 228
205 228
205 206
205 229
206 229
206 207
206 230
207 230
207 208
207 231
208 231
208 209
208 232
209 232
209 210
209 233
210 233
210 211
210 234
211 234
211 212
211 235
212 235
212 213
212 236
213 236
213 214
213 237
214 237
214 215
214 238
215 238
215 216
215 239
216 239
216 217
216 240
217 240
217 218
217 241
218 241
218 219
218 220
218 242
219 242
220 221
220 243
221 243
221 222
221 244
222 244
222 223
222 245
223 245
223 224
223 246
224 246
224 225
224 247
225 247
225 226
225 248
226 248
226 227
226 249
227 249
227 228
227 250
228 250
228 229
228 251
229 251
229 230
229 252
230 252
230 231
230 253
231 253
231 232
231 254
232 254
232 233
232 255
233 255
233 234
233 256
234 256
234 235
234 257
235 257
235 236
235 258
236 258
236 237
236 259
237 259
237 238
237 260
238 260
238 239
238 261
239 261
239 240
239 262
240 262
240 241
240 263
241 263
241 242
241 243
241 264
242 264
243 244
243 265
244 265
244 245
244 266
245 266
245 246
245 267
246 267
246 247
246 268
247 268
247 248
247 269
248 269
248 249
248 270
249 270
249 250
249 271
250 271
250 251
250 272
251 272
251 252
251 273
252 273
252 253
252 274
253 274
253 254
253 275
254 275
254 255
254 276
255 276
255 256
255 277
256 277
256 257
256 278
257 278
257 258
257 279
258 279
258 259
258 280
259 280
259 260
259 281
260 281
260 261
260 282
261 282
261 262
261 283
262 283
262 263
262 284
263 284
263 264
263 265
263 285
264 285
265 266
265 286
266 286
266 267
266 287
267 287
267 268
267 288
268 288
268 269
268 289
269 289
269 270
269 290
270 290
270 271
270 291
271 291
271 272
271 292
272 292
272 273
272 293
273 293
273 274
273 294
274 294
274 275
274 295
275 295
275 276
275 296
276 296
276 277
276 297
277 297
277 278
277 298
278 298
278 279
278 299
279 299
279 280
279 300
280 300
280 281
280 301
281 301
281 282
281 302
282 302
282 283
282 303
283 303
283 284
283 304
284 304
284 285
284 286
284 305
285 305
286 287
286 306
287 306
287 288
287 307
288 307
288 289
288 308
289 308
289 290
289 309
290 309
290 291
290 310
291 310
291 292
291 311
292 311
292 293
292 312
293 312
293 294
293 313
294 313
294 295
294 314
295 314
295 296
295 315
296 315
296 297
296 316
297 316
297 298
297 317
298 317
298 299
298 318
299 318
299 300
299 319
300 319
300 301
300 320
301 320
301 302
301 321
302 321
302 303
302 322
303 322
303 304
303 323
304 323
304 305
304 306
304 324
305 324
306 307
306 325
307 325
307 308
307 326
308 326
308 309
308 327
309 327
309 310
309 328
310 328
310 311
310 329
311 329
311 312
311 330
312 330
312 313
312 331
313 331
313 314
313 332
314 332
314 315
314 333
315 333
315 316
315 334
316 334
316 317
316 335
317 335
317 318
317 336
318 336
318 319
318 337
319 337
319 320
319 338
320 338
320 321
320 339
321 339
321 322
321 340
322 340
322 323
322 341
323 341
323 324
323 325
323 342
324 342
325 326
325 343
326 343
326 327
326 344
327 344
327 328
327 345
328 345
328 329
328 346
329 346
329 330
329 347
330 347
330 331
330 348
331 348
331 332
331 349
332 349
332 333
332 350
333 350
333 334
333 351
334 351
334 335
334 352
335 352
335 336
335 353
336 353
336 337
336 354
337 354
337 338
337 355
338 355
338 339
338 356
339 356
339 340
339 357
340 357
340 341
340 358
341 358
341 342
341 343
341 359
342 359
343 344
343 360
344 360
344 345
344 361
345 361
345 346
345 362
346 362
346 347
346 363
347 363
347 348
347 364
348 364
348 349
348 365
349 365
349 350
349 366
350 366
350 351
350 367
351 367
351 352
351 368
352 368
352 353
352 369
353 369
353 354
353 370
354 370
354 355
354 371
355 371
355 356
355 372
356 372
356 357
356 373
357 373
357 358
357 374
358 374
358 359
358 360
358 375
359 375
360 361
360 376
361 376
361 362
361 377
362 377
362 363
362 378
363 378
363 364
363 379
364 379
364 365
364 380
365 380
365 366
365 381
366 381
366 367
366 382
367 382
367 368
367 383
368 383
368 369
368 384
369 384
369 370
369 385
370 385
370 371
370 386
371 386
371 372
371 387
372 387
372 373
372 388
373 388
373 374
373 389
374 389
374 375
374 376
374 390
375 390
376 377
376 391
377 391
377 378
377 392
378 392
378 379
378 393
379 393
379 380
379 394
380 394
380 381
380 395
381 395
381 382
381 396
382 396
382 383
382 397
383 397
383 384
383 398
384 398
384 385
384 399
385 399
385 386
385 400
386 400
386 387
386 401
387 401
387 388
387 402
388 402
388 389
388 403
389 403
389 390
389 391
389 404
390 404
391 392
391 405
392 405
392 393
392 406
393 406
393 394
393 407
394 407
394 395
394 408
395 408
395 396
395 409
396 409
396 397
396 410
397 410
397 398
397 411
398 411
398 399
398 412
399 412
399 400
399 413
400 413
400 401
400 414
401 414
401 402
401 415
402 415
402 403
402 416
403 416
403 404
403 405
403 417
404 417
405 406
405 418
406 418
406 407
406 419
407 419
407 408
407 420
408 420
408 409
408 421
409 421
409 410
409 422
410 422
410 411
410 423
411 423
411 412
411 424
412 424
412 413
412 425
413 425
413 414
413 426
414 426
414 415
414 427
415 427
415 416
415 428
416 428
416 417
416 418
416 429
417 429
418 419
418 430
419 430
419 420
419 431
420 431
420 421
420 432
421 432
421 422
421 433
422 433
422 423
422 434
423 434
423 424
423 435
424 435
424 425
424 436
425 436
425 426
425 437
426 437
426 427
426 438
427 438
427 428
427 439
428 439
428 429
428 430
428 440
429 440
430 431
430 441
431 441
431 432
431 442
432 442
432 433
432 443
433 443
433 434
433 444
434 444
434 435
434 445
435 445
435 436
435 446
436 446
436 437
436 447
437 447
437 438
437 448
438 448
438 439
438 449
439 449
439 440
439 441
439 450
440 450
441 442
441 451
442 451
442 443
442 452
443 452
443 444
443 453
444 453
444 445
444 454
445 454
445 446
445 455
446 455
446 447
446 456
447 456
447 448
447 457
448 457
448 449
448 458
449 458
449 450
449 451
449 459
450 459
451 452
451 460
452 460
452 453
452 461
453 461
453 454
453 462
454 462
454 455
454 463
455 463
455 456
455 464
456 464
456 457
456 465
457 465
457 458
457 466
458 466
458 459
458 460
458 467
459 467
460 461
460 468
461 468
461 462
461 469
462 469
462 463
462 470
463 470
463 464
463 471
464 471
464 465
464 472
465 472
465 466
465 473
466 473
466 467
466 468
466 474
467 474
468 469
468 475
469 475
469 470
469 476
470 476
470 471
470 477
471 477
471 472
471 478
472 478
472 473
472 479
473 479
473 474
473 475
473 480
474 480
475 476
475 481
476 481
476 477
476 482
477 482
477 478
477 483
478 483
478 479
478 484
479 484
479 480
479 481
479 485
480 485
481 482
481 486
482 486
482 483
482 487
483 487
483 484
483 488
484 488
484 485
484 486
484 489
485 489
486 487
486 490
487 490
487 488
487 491
488 491
488 489
488 490
488 492
489 492
490 491
490 493
491 493
491 492
491 494
492 494
493 494
493 495
494 495
