0 0
0 1
0 14
1 1
1 2
1 15
2 2
2 3
2 16
3 3
3 4
3 17
4 4
4 5
4 18
5 5
5 6
5 19
6 6
6 7
6 20
7 7
7 8
7 21
8 8
8 9
8 22
9 9
9 10
9 23
10 10
10 11
10 24
11 11
11 12
11 25
12 12
12 13
12 26
13 13
13 27
14 14
14 15
14 28
15 15
15 16
15 29
16 16
16 17
16 30
17 17
17 18
17 31
18 18
18 19
18 32
19 19
19 20
19 33
20 20
20 21
20 34
21 21
21 22
21 35
22 22
22 23
22 36
23 23
23 24
23 37
24 24
24 25
24 38
25 25
25 26
25 39
26 26
26 27
26 40
27 27
27 41
28 28
28 29
28 42
29 29
29 30
29 43
30 30
30 31
30 44
31 31
31 32
31 45
32 32
32 33
32 46
33 33
33 34
33 47
34 34
34 35
34 48
35 35
35 36
35 49
36 36
36 37
36 50
37 37
37 38
37 51
38 38
38 39
38 52
39 39
39 40
39 53
40 40
40 41
40 54
41 41
41 55
42 42
42 43
42 56
43 43
43 44
43 57
44 44
44 45
44 58
45 45
45 46
45 59
46 46
46 47
46 60
47 47
47 48
47 61
48 48
48 49
48 62
49 49
49 50
49 63
50 50
50 51
50 64
51 51
51 52
51 65
52 52
52 53
52 66
53 53
53 54
53 67
54 54
54 55
54 68
55 55
55 69
56 56
56 57
56 70
57 57
57 58
57 71
58 58
58 59
58 72
59 59
59 60
59 73
60 60
60 61
60 74
61 61
61 62
61 75
62 62
62 63
62 76
63 63
63 64
63 77
64 64
64 65
64 78
65 65
65 66
65 79
66 66
66 67
66 80
67 67
67 68
67 81
68 68
68 69
68 82
69 69
69 83
70 70
70 71
70 84
71 71
71 72
71 85
72 72
72 73
72 86
73 73
73 74
73 87
74 74
74 75
74 88
75 75
75 76
75 89
76 76
76 77
76 90
77 77
77 78
77 91
78 78
78 79
78 92
79 79
79 80
79 93
80 80
80 81
80 94
81 81
81 82
81 95
82 82
82 83
82 96
83 83
83 97
84 84
84 85
84 98
85 85
85 86
85 99
86 86
86 87
86 100
87 87
87 88
87 101
88 88
88 89
88 102
89 89
89 90
89 103
90 90
90 91
90 104
91 91
91 92
91 105
92 92
92 93
92 106
93 93
93 94
93 107
94 94
94 95
94 108
95 95
95 96
95 109
96 96
96 97
96 110
97 97
97 111
98 98
98 99
98 112
99 99
99 100
99 113
100 100
100 101
100 114
101 101
101 102
101 115
102 102
102 103
102 116
103 103
103 104
103 117
104 104
104 105
104 118
105 105
105 106
105 119
106 106
106 107
106 120
107 107
107 108
107 121
108 108
108 109
108 122
109 109
109 110
109 123
110 110
110 111
110 124
111 111
111 125
112 112
112 113
112 126
113 113
113 114
113 127
114 114
114 115
114 128
115 115
115 116
115 129
116 116
116 117
116 130
117 117
117 118
117 131
118 118
118 119
118 132
119 119
119 120
119 133
120 120
120 121
120 134
121 121
121 122
121 135
122 122
122 123
122 136
123 123
123 124
123 137
124 124
124 125
124 138
125 125
125 139
126 126
126 127
126 140
127 127
127 128
127 141
128 128
128 129
128 142
129 129
129 130
129 143
130 130
130 131
130 144
131 131
131 132
131 145
132 132
132 133
132 146
133 133
133 134
133 147
134 134
134 135
134 148
135 135
135 136
135 149
136 136
136 137
136 150
137 137
137 138
137 151
138 138
138 139
138 152
139 139
139 153
140 140
140 141
140 154
141 141
141 142
141 155
142 142
142 143
142 156
143 143
143 144
143 157
144 144
144 145
144 158
145 145
145 146
145 159
146 146
146 147
146 160
147 147
147 148
147 161
148 148
148 149
148 162
149 149
149 150
149 163
150 150
150 151
150 164
151 151
151 152
151 165
152 152
152 153
152 166
153 153
153 167
154 154
154 155
154 168
155 155
155 156
155 169
156 156
156 157
156 170
157 157
157 158
157 171
158 158
158 159
158 172
159 159
159 160
159 173
160 160
160 161
160 174
161 161
161 162
161 175
162 162
162 163
162 176
163 163
163 164
163 177
164 164
164 165
164 178
165 165
165 166
165 179
166 166
166 167
166 180
167 167
167 181
168 168
168 169
168 182
169 169
169 170
169 183
170 170
170 171
170 184
171 171
171 172
171 185
172 172
172 173
172 186
173 173
173 174
173 187
174 174
174 175
174 188
175 175
175 176
175 189
176 176
176 177
176 190
177 177
177 178
177 191
178 178
178 179
178 192
179 179
179 180
179 193
180 180
180 181
180 194
181 181
181 195
182 182
182 183
182 196
183 183
183 184
183 197
184 184
184 185
184 198
185 185
185 186
185 199
186 186
186 187
186 200
187 187
187 188
187 201
188 188
188 189
188 202
189 189
189 190
189 203
190 190
190 191
190 204
191 191
191 192
191 205
192 192
192 193
192 206
193 193
193 194
193 207
194 194
194 195
194 208
195 195
195 209
196 196
196 197
196 210
197 197
197 198
197 211
198 198
198 199
198 212
199 199
199 200
199 213
200 200
200 201
200 214
201 201
201 202
201 215
202 202
202 203
202 216
203 203
203 204
203 217
204 204
204 205
204 218
205 205
205 206
205 219
206 206
206 207
206 220
207 207
207 208
207 221
208 208
208 209
208 222
209 209
209 223
210 210
210 211
210 224
211 211
211 212
211 225
212 212
212 213
212 226
213 213
213 214
213 227
214 214
214 215
214 228
215 215
215 216
215 229
216 216
216 217
216 230
217 217
217 218
217 231
218 218
218 219
218 232
219 219
219 220
219 233
220 220
220 221
220 234
221 221
221 222
221 235
222 222
222 223
222 236
223 223
223 237
224 224
224 225
225 225
225 226
226 226
226 227
227 227
227 228
228 228
228 229
229 229
229 230
230 230
230 231
231 231
231 232
232 232
232 233
233 233
233 234
234 234
234 235
235 235
235 236
236 236
236 237
237 237
