0 0
0 1
0 10
1 1
1 2
1 11
1 101
2 2
2 3
2 12
3 3
3 4
3 13
4 4
4 5
4 14
5 5
5 6
5 15
6 6
6 7
6 16
7 7
7 8
7 17
7 107
8 8
8 9
8 18
9 9
9 19
10 10
10 11
10 20
11 11
11 12
11 21
11 111
12 12
12 13
12 22
13 13
13 14
13 23
13 113
14 14
14 15
14 24
15 15
15 16
15 25
16 16
16 17
16 26
17 17
17 18
17 27
17 117
18 18
18 19
18 28
19 19
19 29
20 20
20 21
20 30
21 21
21 22
21 31
21 121
22 22
22 23
22 32
23 23
23 24
23 33
23 123
24 24
24 25
24 34
25 25
25 26
25 35
25 125
26 26
26 27
26 36
27 27
27 28
27 37
27 127
28 28
28 29
28 38
29 29
29 39
30 30
30 31
30 40
31 31
31 32
31 41
31 131
32 32
32 33
32 42
33 33
33 34
33 43
33 133
34 34
34 35
34 44
35 35
35 36
35 45
35 135
36 36
36 37
36 46
37 37
37 38
37 47
37 137
38 38
38 39
38 48
39 39
39 49
40 40
40 41
40 50
41 41
41 42
41 51
41 141
42 42
42 43
42 52
43 43
43 44
43 53
43 143
44 44
44 45
44 54
45 45
45 46
45 55
45 145
46 46
46 47
46 56
47 47
47 48
47 57
47 147
48 48
48 49
48 58
49 49
49 59
50 50
50 51
50 60
51 51
51 52
51 61
51 151
52 52
52 53
52 62
53 53
53 54
53 63
53 153
54 54
54 55
54 64
55 55
55 56
55 65
55 155
56 56
56 57
56 66
57 57
57 58
57 67
57 157
58 58
58 59
58 68
59 59
59 69
59 159
60 60
60 61
60 70
61 61
61 62
61 71
61 161
62 62
62 63
62 72
63 63
63 64
63 73
63 163
64 64
64 65
64 74
65 65
65 66
65 75
65 165
66 66
66 67
66 76
67 67
67 68
67 77
68 68
68 69
68 78
69 69
69 79
69 169
70 70
70 71
70 80
71 71
71 72
71 81
71 171
72 72
72 73
72 82
73 73
73 74
73 83
73 173
74 74
74 75
74 84
75 75
75 76
75 85
75 175
76 76
76 77
76 86
77 77
77 78
77 87
78 78
78 79
78 88
79 79
79 89
79 179
80 80
80 81
80 90
81 81
81 82
81 91
82 82
82 83
82 92
83 83
83 84
83 93
83 183
84 84
84 85
84 94
85 85
85 86
85 95
85 185
86 86
86 87
86 96
87 87
87 88
87 97
88 88
88 89
88 98
89 89
89 99
89 189
90 90
90 91
91 91
91 92
92 92
92 93
93 93
93 94
94 94
94 95
95 95
95 96
95 195
96 96
96 97
97 97
97 98
98 98
98 99
99 99
99 199
100 100
101 101
101 111
101 201
102 102
103 103
104 104
105 105
106 106
107 107
107 117
107 207
108 108
109 109
110 110
111 111
111 121
111 211
112 112
113 113
113 123
113 213
114 114
115 115
116 116
117 117
117 127
117 217
118 118
119 119
120 120
121 121
121 131
121 221
122 122
123 123
123 133
123 223
124 124
125 125
125 135
125 225
126 126
127 127
127 137
127 227
128 128
129 129
130 130
131 131
131 141
131 231
132 132
133 133
133 143
133 233
134 134
135 135
135 145
135 235
136 136
137 137
137 147
137 237
138 138
139 139
140 140
141 141
141 151
141 241
142 142
143 143
143 153
143 243
144 144
145 145
145 155
145 245
146 146
147 147
147 157
147 247
148 148
149 149
150 150
151 151
151 161
151 251
152 152
153 153
153 163
153 253
154 154
155 155
155 165
155 255
156 156
157 157
157 257
158 158
159 159
159 169
159 259
160 160
161 161
161 171
161 261
162 162
163 163
163 173
163 263
164 164
165 165
165 175
165 265
166 166
167 167
168 168
169 169
169 179
169 269
170 170
171 171
171 271
172 172
173 173
173 183
173 273
174 174
175 175
175 185
175 275
176 176
177 177
178 178
179 179
179 189
179 279
180 180
181 181
182 182
183 183
183 283
184 184
185 185
185 195
185 285
186 186
187 187
188 188
189 189
189 199
189 289
190 190
191 191
192 192
193 193
194 194
195 195
195 295
196 196
197 197
198 198
199 199
199 299
200 200
200 201
200 210
201 201
201 202
201 211
202 202
202 203
202 212
203 203
203 204
203 213
204 204
204 205
204 214
205 205
205 206
205 215
206 206
206 207
206 216
207 207
207 208
207 217
207 307
208 208
208 209
208 218
209 209
209 219
210 210
210 211
210 220
211 211
211 212
211 221
212 212
212 213
212 222
213 213
213 214
213 223
213 313
214 214
214 215
214 224
215 215
215 216
215 225
216 216
216 217
216 226
217 217
217 218
217 227
217 317
218 218
218 219
218 228
219 219
219 229
220 220
220 221
220 230
221 221
221 222
221 231
222 222
222 223
222 232
223 223
223 224
223 233
223 323
224 224
224 225
224 234
225 225
225 226
225 235
225 325
226 226
226 227
226 236
227 227
227 228
227 237
227 327
228 228
228 229
228 238
229 229
229 239
230 230
230 231
230 240
230 330
231 231
231 232
231 241
232 232
232 233
232 242
233 233
233 234
233 243
233 333
234 234
234 235
234 244
235 235
235 236
235 245
235 335
236 236
236 237
236 246
237 237
237 238
237 247
237 337
238 238
238 239
238 248
239 239
239 249
240 240
240 241
240 250
240 340
241 241
241 242
241 251
242 242
242 243
242 252
243 243
243 244
243 253
243 343
244 244
244 245
244 254
245 245
245 246
245 255
245 345
246 246
246 247
246 256
247 247
247 248
247 257
247 347
248 248
248 249
248 258
249 249
249 259
250 250
250 251
250 260
250 350
251 251
251 252
251 261
252 252
252 253
252 262
253 253
253 254
253 263
253 353
254 254
254 255
254 264
255 255
255 256
255 265
255 355
256 256
256 257
256 266
257 257
257 258
257 267
257 357
258 258
258 259
258 268
259 259
259 269
260 260
260 261
260 270
260 360
261 261
261 262
261 271
262 262
262 263
262 272
263 263
263 264
263 273
263 363
264 264
264 265
264 274
264 364
265 265
265 266
265 275
265 365
266 266
266 267
266 276
267 267
267 268
267 277
267 367
268 268
268 269
268 278
269 269
269 279
270 270
270 271
270 280
270 370
271 271
271 272
271 281
272 272
272 273
272 282
272 372
273 273
273 274
273 283
273 373
274 274
274 275
274 284
274 374
275 275
275 276
275 285
275 375
276 276
276 277
276 286
277 277
277 278
277 287
277 377
278 278
278 279
278 288
279 279
279 289
279 379
280 280
280 281
280 290
280 380
281 281
281 282
281 291
282 282
282 283
282 292
282 382
283 283
283 284
283 293
284 284
284 285
284 294
284 384
285 285
285 286
285 295
285 385
286 286
286 287
286 296
287 287
287 288
287 297
288 288
288 289
288 298
289 289
289 299
289 389
290 290
290 291
290 390
291 291
291 292
292 292
292 293
292 392
293 293
293 294
294 294
294 295
294 394
295 295
295 296
295 395
296 296
296 297
297 297
297 298
298 298
298 299
299 299
299 399
300 300
301 301
302 302
303 303
304 304
305 305
306 306
307 307
307 317
307 407
308 308
309 309
310 310
311 311
312 312
313 313
313 323
313 413
314 314
315 315
316 316
317 317
317 327
317 417
318 318
319 319
320 320
321 321
322 322
323 323
323 333
323 423
324 324
325 325
325 335
325 425
326 326
327 327
327 337
327 427
328 328
329 329
330 330
330 340
330 430
331 331
332 332
333 333
333 343
333 433
334 334
335 335
335 345
335 435
336 336
337 337
337 347
337 437
338 338
339 339
340 340
340 350
340 440
341 341
342 342
343 343
343 353
343 443
344 344
345 345
345 355
345 445
346 346
347 347
347 357
347 447
348 348
349 349
350 350
350 360
350 450
351 351
352 352
353 353
353 363
353 453
354 354
355 355
355 365
355 455
356 356
357 357
357 367
357 457
358 358
359 359
360 360
360 370
360 460
361 361
362 362
363 363
363 373
363 463
364 364
364 374
364 464
365 365
365 375
365 465
366 366
367 367
367 377
367 467
368 368
369 369
370 370
370 380
370 470
371 371
372 372
372 382
372 472
373 373
373 473
374 374
374 384
374 474
375 375
375 385
375 475
376 376
377 377
377 477
378 378
379 379
379 389
379 479
380 380
380 390
380 480
381 381
382 382
382 392
382 482
383 383
384 384
384 394
384 484
385 385
385 395
385 485
386 386
387 387
388 388
389 389
389 399
389 489
390 390
390 490
391 391
392 392
392 492
393 393
394 394
394 494
395 395
395 495
396 396
397 397
398 398
399 399
399 499
400 400
400 401
400 410
401 401
401 402
401 411
402 402
402 403
402 412
403 403
403 404
403 413
404 404
404 405
404 414
404 504
405 405
405 406
405 415
406 406
406 407
406 416
407 407
407 408
407 417
408 408
408 409
408 418
408 508
409 409
409 419
410 410
410 411
410 420
411 411
411 412
411 421
412 412
412 413
412 422
413 413
413 414
413 423
414 414
414 415
414 424
414 514
415 415
415 416
415 425
416 416
416 417
416 426
417 417
417 418
417 427
418 418
418 419
418 428
418 518
419 419
419 429
420 420
420 421
420 430
421 421
421 422
421 431
421 521
422 422
422 423
422 432
423 423
423 424
423 433
424 424
424 425
424 434
424 524
425 425
425 426
425 435
426 426
426 427
426 436
426 526
427 427
427 428
427 437
428 428
428 429
428 438
428 528
429 429
429 439
430 430
430 431
430 440
431 431
431 432
431 441
431 531
432 432
432 433
432 442
433 433
433 434
433 443
434 434
434 435
434 444
434 534
435 435
435 436
435 445
436 436
436 437
436 446
436 536
437 437
437 438
437 447
438 438
438 439
438 448
438 538
439 439
439 449
440 440
440 441
440 450
440 540
441 441
441 442
441 451
441 541
442 442
442 443
442 452
443 443
443 444
443 453
444 444
444 445
444 454
444 544
445 445
445 446
445 455
446 446
446 447
446 456
446 546
447 447
447 448
447 457
448 448
448 449
448 458
449 449
449 459
450 450
450 451
450 460
450 550
451 451
451 452
451 461
451 551
452 452
452 453
452 462
453 453
453 454
453 463
454 454
454 455
454 464
454 554
455 455
455 456
455 465
456 456
456 457
456 466
457 457
457 458
457 467
458 458
458 459
458 468
459 459
459 469
459 559
460 460
460 461
460 470
460 560
461 461
461 462
461 471
461 561
462 462
462 463
462 472
463 463
463 464
463 473
464 464
464 465
464 474
465 465
465 466
465 475
466 466
466 467
466 476
467 467
467 468
467 477
468 468
468 469
468 478
469 469
469 479
469 569
470 470
470 471
470 480
470 570
471 471
471 472
471 481
471 571
472 472
472 473
472 482
473 473
473 474
473 483
474 474
474 475
474 484
475 475
475 476
475 485
476 476
476 477
476 486
476 576
477 477
477 478
477 487
478 478
478 479
478 488
479 479
479 489
479 579
480 480
480 481
480 490
480 580
481 481
481 482
481 491
481 581
482 482
482 483
482 492
483 483
483 484
483 493
484 484
484 485
484 494
485 485
485 486
485 495
486 486
486 487
486 496
486 586
487 487
487 488
487 497
488 488
488 489
488 498
489 489
489 499
489 589
490 490
490 491
490 590
491 491
491 492
491 591
492 492
492 493
493 493
493 494
494 494
494 495
495 495
495 496
496 496
496 497
497 497
497 498
498 498
498 499
499 499
499 599
500 500
501 501
502 502
503 503
504 504
504 514
504 604
505 505
506 506
507 507
508 508
508 518
508 608
509 509
510 510
511 511
512 512
513 513
514 514
514 524
514 614
515 515
516 516
517 517
518 518
518 528
518 618
519 519
520 520
521 521
521 531
521 621
522 522
523 523
524 524
524 534
524 624
525 525
526 526
526 536
526 626
527 527
528 528
528 538
528 628
529 529
530 530
531 531
531 541
531 631
532 532
533 533
534 534
534 544
534 634
535 535
536 536
536 546
536 636
537 537
538 538
538 638
539 539
540 540
540 541
540 550
540 640
541 541
541 551
541 641
542 542
543 543
544 544
544 554
544 644
545 545
546 546
546 646
547 547
548 548
549 549
550 550
550 560
550 650
551 551
551 561
551 651
552 552
553 553
554 554
554 654
555 555
556 556
557 557
558 558
559 559
559 569
559 659
560 560
560 570
560 660
561 561
561 571
561 661
562 562
563 563
564 564
565 565
566 566
567 567
568 568
569 569
569 579
569 669
570 570
570 580
570 670
571 571
571 581
571 671
572 572
573 573
574 574
575 575
576 576
576 586
576 676
577 577
578 578
579 579
579 589
579 679
580 580
580 590
580 680
581 581
581 591
581 681
582 582
583 583
584 584
585 585
586 586
586 686
587 587
588 588
589 589
589 599
589 689
590 590
590 591
590 690
591 591
591 691
592 592
593 593
594 594
595 595
596 596
597 597
598 598
599 599
599 699
600 600
600 601
600 610
601 601
601 602
601 611
602 602
602 603
602 612
603 603
603 604
603 613
604 604
604 605
604 614
605 605
605 606
605 615
605 705
606 606
606 607
606 616
607 607
607 608
607 617
608 608
608 609
608 618
609 609
609 619
609 709
610 610
610 611
610 620
611 611
611 612
611 621
612 612
612 613
612 622
613 613
613 614
613 623
614 614
614 615
614 624
615 615
615 616
615 625
615 715
616 616
616 617
616 626
617 617
617 618
617 627
618 618
618 619
618 628
619 619
619 629
619 719
620 620
620 621
620 630
621 621
621 622
621 631
621 721
622 622
622 623
622 632
623 623
623 624
623 633
624 624
624 625
624 634
625 625
625 626
625 635
625 725
626 626
626 627
626 636
627 627
627 628
627 637
628 628
628 629
628 638
629 629
629 639
629 729
630 630
630 631
630 640
631 631
631 632
631 641
631 731
632 632
632 633
632 642
633 633
633 634
633 643
634 634
634 635
634 644
635 635
635 636
635 645
635 735
636 636
636 637
636 646
637 637
637 638
637 647
638 638
638 639
638 648
639 639
639 649
639 739
640 640
640 641
640 650
641 641
641 642
641 651
641 741
642 642
642 643
642 652
643 643
643 644
643 653
644 644
644 645
644 654
645 645
645 646
645 655
645 745
646 646
646 647
646 656
647 647
647 648
647 657
647 747
648 648
648 649
648 658
649 649
649 659
649 749
650 650
650 651
650 660
651 651
651 652
651 661
651 751
652 652
652 653
652 662
653 653
653 654
653 663
654 654
654 655
654 664
655 655
655 656
655 665
655 755
656 656
656 657
656 666
657 657
657 658
657 667
657 757
658 658
658 659
658 668
659 659
659 669
659 759
660 660
660 661
660 670
661 661
661 662
661 671
661 761
662 662
662 663
662 672
663 663
663 664
663 673
664 664
664 665
664 674
665 665
665 666
665 675
665 765
666 666
666 667
666 676
667 667
667 668
667 677
667 767
668 668
668 669
668 678
669 669
669 679
670 670
670 671
670 680
671 671
671 672
671 681
671 771
672 672
672 673
672 682
673 673
673 674
673 683
674 674
674 675
674 684
675 675
675 676
675 685
675 775
676 676
676 677
676 686
677 677
677 678
677 687
677 777
678 678
678 679
678 688
679 679
679 689
680 680
680 681
680 690
681 681
681 682
681 691
681 781
682 682
682 683
682 692
683 683
683 684
683 693
684 684
684 685
684 694
685 685
685 686
685 695
686 686
686 687
686 696
687 687
687 688
687 697
687 787
688 688
688 689
688 698
689 689
689 699
690 690
690 691
691 691
691 692
691 791
692 692
692 693
693 693
693 694
694 694
694 695
695 695
695 696
696 696
696 697
697 697
697 698
697 797
698 698
698 699
699 699
700 700
701 701
702 702
703 703
704 704
705 705
705 715
705 805
706 706
707 707
708 708
709 709
709 719
709 809
710 710
711 711
712 712
713 713
714 714
715 715
715 725
715 815
716 716
717 717
718 718
719 719
719 729
719 819
720 720
721 721
721 731
721 821
722 722
723 723
724 724
725 725
725 735
725 825
726 726
727 727
728 728
729 729
729 739
729 829
730 730
731 731
731 741
731 831
732 732
733 733
734 734
735 735
735 745
735 835
736 736
737 737
738 738
739 739
739 749
739 839
740 740
741 741
741 751
741 841
742 742
743 743
744 744
745 745
745 755
745 845
746 746
747 747
747 757
747 847
748 748
749 749
749 759
749 849
750 750
751 751
751 761
751 851
752 752
753 753
754 754
755 755
755 765
755 855
756 756
757 757
757 767
757 857
758 758
759 759
759 859
760 760
761 761
761 771
761 861
762 762
763 763
764 764
765 765
765 775
765 865
766 766
767 767
767 777
767 867
768 768
769 769
770 770
771 771
771 781
771 871
772 772
773 773
774 774
775 775
775 875
776 776
777 777
777 787
777 877
778 778
779 779
780 780
781 781
781 791
781 881
782 782
783 783
784 784
785 785
786 786
787 787
787 797
787 887
788 788
789 789
790 790
791 791
791 891
792 792
793 793
794 794
795 795
796 796
797 797
797 897
798 798
799 799
800 800
800 801
800 810
800 900
801 801
801 802
801 811
802 802
802 803
802 812
803 803
803 804
803 813
804 804
804 805
804 814
805 805
805 806
805 815
806 806
806 807
806 816
807 807
807 808
807 817
807 907
808 808
808 809
808 818
808 908
809 809
809 819
810 810
810 811
810 820
810 910
811 811
811 812
811 821
812 812
812 813
812 822
813 813
813 814
813 823
814 814
814 815
814 824
815 815
815 816
815 825
815 915
816 816
816 817
816 826
817 817
817 818
817 827
817 917
818 818
818 819
818 828
818 918
819 819
819 829
820 820
820 821
820 830
820 920
821 821
821 822
821 831
822 822
822 823
822 832
823 823
823 824
823 833
824 824
824 825
824 834
825 825
825 826
825 835
825 925
826 826
826 827
826 836
827 827
827 828
827 837
827 927
828 828
828 829
828 838
828 928
829 829
829 839
830 830
830 831
830 840
831 831
831 832
831 841
832 832
832 833
832 842
833 833
833 834
833 843
833 933
834 834
834 835
834 844
835 835
835 836
835 845
835 935
836 836
836 837
836 846
837 837
837 838
837 847
837 937
838 838
838 839
838 848
838 938
839 839
839 849
840 840
840 841
840 850
840 940
841 841
841 842
841 851
842 842
842 843
842 852
843 843
843 844
843 853
843 943
844 844
844 845
844 854
845 845
845 846
845 855
845 945
846 846
846 847
846 856
847 847
847 848
847 857
847 947
848 848
848 849
848 858
848 948
849 849
849 859
850 850
850 851
850 860
850 950
851 851
851 852
851 861
852 852
852 853
852 862
853 853
853 854
853 863
853 953
854 854
854 855
854 864
855 855
855 856
855 865
855 955
856 856
856 857
856 866
857 857
857 858
857 867
858 858
858 859
858 868
858 958
859 859
859 869
859 959
860 860
860 861
860 870
860 960
861 861
861 862
861 871
862 862
862 863
862 872
863 863
863 864
863 873
863 963
864 864
864 865
864 874
865 865
865 866
865 875
865 965
866 866
866 867
866 876
867 867
867 868
867 877
868 868
868 869
868 878
868 968
869 869
869 879
869 969
870 870
870 871
870 880
870 970
871 871
871 872
871 881
872 872
872 873
872 882
873 873
873 874
873 883
873 973
874 874
874 875
874 884
875 875
875 876
875 885
875 975
876 876
876 877
876 886
877 877
877 878
877 887
878 878
878 879
878 888
878 978
879 879
879 889
879 979
880 880
880 881
880 890
881 881
881 882
881 891
882 882
882 883
882 892
883 883
883 884
883 893
883 983
884 884
884 885
884 894
885 885
885 886
885 895
885 985
886 886
886 887
886 896
887 887
887 888
887 897
888 888
888 889
888 898
889 889
889 899
889 989
890 890
890 891
891 891
891 892
892 892
892 893
893 893
893 894
893 993
894 894
894 895
895 895
895 896
895 995
896 896
896 897
897 897
897 898
898 898
898 899
899 899
899 999
900 900
900 910
901 901
902 902
903 903
904 904
905 905
906 906
907 907
907 908
907 917
908 908
908 918
909 909
910 910
910 920
911 911
912 912
913 913
914 914
915 915
915 925
916 916
917 917
917 918
917 927
918 918
918 928
919 919
920 920
921 921
922 922
923 923
924 924
925 925
925 935
926 926
927 927
927 928
927 937
928 928
928 938
929 929
930 930
931 931
932 932
933 933
933 943
934 934
935 935
935 945
936 936
937 937
937 938
937 947
938 938
938 948
939 939
940 940
940 950
941 941
942 942
943 943
943 953
944 944
945 945
945 955
946 946
947 947
947 948
948 948
948 958
949 949
950 950
950 960
951 951
952 952
953 953
953 963
954 954
955 955
955 965
956 956
957 957
957 958
958 958
958 968
959 959
959 969
960 960
960 970
961 961
962 962
963 963
963 973
964 964
965 965
965 975
966 966
967 967
967 968
968 968
968 978
969 969
969 979
970 970
971 971
972 972
973 973
973 983
974 974
975 975
975 985
976 976
977 977
977 978
978 978
979 979
979 989
980 980
981 981
982 982
983 983
983 993
984 984
985 985
985 995
986 986
987 987
987 988
988 988
989 989
989 999
990 990
991 991
992 992
993 993
994 994
995 995
996 996
997 997
997 998
998 998
999 999
