0 0
0 1
0 2
0 3
0 300
0 301
0 302
0 303
0 304
0 305
0 306
0 307
0 308
0 309
0 310
0 311
1 1
1 2
1 3
1 300
1 301
1 302
1 303
1 304
1 305
1 306
1 307
1 308
1 309
1 310
1 311
2 2
2 3
2 300
2 301
2 302
2 303
2 304
2 305
2 306
2 307
2 308
2 309
2 310
2 311
3 3
3 300
3 301
3 302
3 303
3 304
3 305
3 306
3 307
3 308
3 309
3 310
3 311
4 4
4 5
4 6
4 7
4 300
4 301
4 302
4 303
4 312
4 313
4 314
4 315
4 316
4 317
4 318
4 319
5 5
5 6
5 7
5 300
5 301
5 302
5 303
5 312
5 313
5 314
5 315
5 316
5 317
5 318
5 319
6 6
6 7
6 300
6 301
6 302
6 303
6 312
6 313
6 314
6 315
6 316
6 317
6 318
6 319
7 7
7 300
7 301
7 302
7 303
7 312
7 313
7 314
7 315
7 316
7 317
7 318
7 319
8 8
8 9
8 10
8 11
8 300
8 301
8 302
8 303
8 304
8 305
8 306
8 307
8 312
8 313
8 314
8 315
8 320
8 321
8 322
8 323
8 324
8 325
8 326
8 327
9 9
9 10
9 11
9 300
9 301
9 302
9 303
9 304
9 305
9 306
9 307
9 312
9 313
9 314
9 315
9 320
9 321
9 322
9 323
9 324
9 325
9 326
9 327
10 10
10 11
10 300
10 301
10 302
10 303
10 304
10 305
10 306
10 307
10 312
10 313
10 314
10 315
10 320
10 321
10 322
10 323
10 324
10 325
10 326
10 327
11 11
11 300
11 301
11 302
11 303
11 304
11 305
11 306
11 307
11 312
11 313
11 314
11 315
11 320
11 321
11 322
11 323
11 324
11 325
11 326
11 327
12 12
12 13
12 14
12 15
12 300
12 301
12 302
12 303
12 308
12 309
12 310
12 311
12 316
12 317
12 318
12 319
12 324
12 325
12 326
12 327
12 328
12 329
12 330
12 331
13 13
13 14
13 15
13 300
13 301
13 302
13 303
13 308
13 309
13 310
13 311
13 316
13 317
13 318
13 319
13 324
13 325
13 326
13 327
13 328
13 329
13 330
13 331
14 14
14 15
14 300
14 301
14 302
14 303
14 308
14 309
14 310
14 311
14 316
14 317
14 318
14 319
14 324
14 325
14 326
14 327
14 328
14 329
14 330
14 331
15 15
15 300
15 301
15 302
15 303
15 308
15 309
15 310
15 311
15 316
15 317
15 318
15 319
15 324
15 325
15 326
15 327
15 328
15 329
15 330
15 331
16 16
16 17
16 18
16 19
16 304
16 305
16 306
16 307
16 320
16 321
16 322
16 323
16 332
16 333
16 334
16 335
16 336
16 337
16 338
16 339
17 17
17 18
17 19
17 304
17 305
17 306
17 307
17 320
17 321
17 322
17 323
17 332
17 333
17 334
17 335
17 336
17 337
17 338
17 339
18 18
18 19
18 304
18 305
18 306
18 307
18 320
18 321
18 322
18 323
18 332
18 333
18 334
18 335
18 336
18 337
18 338
18 339
19 19
19 304
19 305
19 306
19 307
19 320
19 321
19 322
19 323
19 332
19 333
19 334
19 335
19 336
19 337
19 338
19 339
20 20
20 21
20 22
20 23
20 304
20 305
20 306
20 307
20 308
20 309
20 310
20 311
20 324
20 325
20 326
20 327
20 336
20 337
20 338
20 339
20 340
20 341
20 342
20 343
21 21
21 22
21 23
21 304
21 305
21 306
21 307
21 308
21 309
21 310
21 311
21 324
21 325
21 326
21 327
21 336
21 337
21 338
21 339
21 340
21 341
21 342
21 343
22 22
22 23
22 304
22 305
22 306
22 307
22 308
22 309
22 310
22 311
22 324
22 325
22 326
22 327
22 336
22 337
22 338
22 339
22 340
22 341
22 342
22 343
23 23
23 304
23 305
23 306
23 307
23 308
23 309
23 310
23 311
23 324
23 325
23 326
23 327
23 336
23 337
23 338
23 339
23 340
23 341
23 342
23 343
24 24
24 25
24 26
24 27
24 308
24 309
24 310
24 311
24 328
24 329
24 330
24 331
24 340
24 341
24 342
24 343
24 344
24 345
24 346
24 347
25 25
25 26
25 27
25 308
25 309
25 310
25 311
25 328
25 329
25 330
25 331
25 340
25 341
25 342
25 343
25 344
25 345
25 346
25 347
26 26
26 27
26 308
26 309
26 310
26 311
26 328
26 329
26 330
26 331
26 340
26 341
26 342
26 343
26 344
26 345
26 346
26 347
27 27
27 308
27 309
27 310
27 311
27 328
27 329
27 330
27 331
27 340
27 341
27 342
27 343
27 344
27 345
27 346
27 347
28 28
28 29
28 30
28 31
28 312
28 313
28 314
28 315
28 320
28 321
28 322
28 323
28 348
28 349
28 350
28 351
28 352
28 353
28 354
28 355
29 29
29 30
29 31
29 312
29 313
29 314
29 315
29 320
29 321
29 322
29 323
29 348
29 349
29 350
29 351
29 352
29 353
29 354
29 355
30 30
30 31
30 312
30 313
30 314
30 315
30 320
30 321
30 322
30 323
30 348
30 349
30 350
30 351
30 352
30 353
30 354
30 355
31 31
31 312
31 313
31 314
31 315
31 320
31 321
31 322
31 323
31 348
31 349
31 350
31 351
31 352
31 353
31 354
31 355
32 32
32 33
32 34
32 35
32 312
32 313
32 314
32 315
32 316
32 317
32 318
32 319
32 324
32 325
32 326
32 327
32 352
32 353
32 354
32 355
32 356
32 357
32 358
32 359
33 33
33 34
33 35
33 312
33 313
33 314
33 315
33 316
33 317
33 318
33 319
33 324
33 325
33 326
33 327
33 352
33 353
33 354
33 355
33 356
33 357
33 358
33 359
34 34
34 35
34 312
34 313
34 314
34 315
34 316
34 317
34 318
34 319
34 324
34 325
34 326
34 327
34 352
34 353
34 354
34 355
34 356
34 357
34 358
34 359
35 35
35 312
35 313
35 314
35 315
35 316
35 317
35 318
35 319
35 324
35 325
35 326
35 327
35 352
35 353
35 354
35 355
35 356
35 357
35 358
35 359
36 36
36 37
36 38
36 39
36 316
36 317
36 318
36 319
36 328
36 329
36 330
36 331
36 356
36 357
36 358
36 359
36 360
36 361
36 362
36 363
37 37
37 38
37 39
37 316
37 317
37 318
37 319
37 328
37 329
37 330
37 331
37 356
37 357
37 358
37 359
37 360
37 361
37 362
37 363
38 38
38 39
38 316
38 317
38 318
38 319
38 328
38 329
38 330
38 331
38 356
38 357
38 358
38 359
38 360
38 361
38 362
38 363
39 39
39 316
39 317
39 318
39 319
39 328
39 329
39 330
39 331
39 356
39 357
39 358
39 359
39 360
39 361
39 362
39 363
40 40
40 41
40 42
40 43
40 320
40 321
40 322
40 323
40 332
40 333
40 334
40 335
40 348
40 349
40 350
40 351
40 364
40 365
40 366
40 367
40 368
40 369
40 370
40 371
41 41
41 42
41 43
41 320
41 321
41 322
41 323
41 332
41 333
41 334
41 335
41 348
41 349
41 350
41 351
41 364
41 365
41 366
41 367
41 368
41 369
41 370
41 371
42 42
42 43
42 320
42 321
42 322
42 323
42 332
42 333
42 334
42 335
42 348
42 349
42 350
42 351
42 364
42 365
42 366
42 367
42 368
42 369
42 370
42 371
43 43
43 320
43 321
43 322
43 323
43 332
43 333
43 334
43 335
43 348
43 349
43 350
43 351
43 364
43 365
43 366
43 367
43 368
43 369
43 370
43 371
44 44
44 45
44 46
44 47
44 320
44 321
44 322
44 323
44 324
44 325
44 326
44 327
44 336
44 337
44 338
44 339
44 352
44 353
44 354
44 355
44 368
44 369
44 370
44 371
44 372
44 373
44 374
44 375
45 45
45 46
45 47
45 320
45 321
45 322
45 323
45 324
45 325
45 326
45 327
45 336
45 337
45 338
45 339
45 352
45 353
45 354
45 355
45 368
45 369
45 370
45 371
45 372
45 373
45 374
45 375
46 46
46 47
46 320
46 321
46 322
46 323
46 324
46 325
46 326
46 327
46 336
46 337
46 338
46 339
46 352
46 353
46 354
46 355
46 368
46 369
46 370
46 371
46 372
46 373
46 374
46 375
47 47
47 320
47 321
47 322
47 323
47 324
47 325
47 326
47 327
47 336
47 337
47 338
47 339
47 352
47 353
47 354
47 355
47 368
47 369
47 370
47 371
47 372
47 373
47 374
47 375
48 48
48 49
48 50
48 51
48 324
48 325
48 326
48 327
48 328
48 329
48 330
48 331
48 340
48 341
48 342
48 343
48 356
48 357
48 358
48 359
48 372
48 373
48 374
48 375
48 376
48 377
48 378
48 379
49 49
49 50
49 51
49 324
49 325
49 326
49 327
49 328
49 329
49 330
49 331
49 340
49 341
49 342
49 343
49 356
49 357
49 358
49 359
49 372
49 373
49 374
49 375
49 376
49 377
49 378
49 379
50 50
50 51
50 324
50 325
50 326
50 327
50 328
50 329
50 330
50 331
50 340
50 341
50 342
50 343
50 356
50 357
50 358
50 359
50 372
50 373
50 374
50 375
50 376
50 377
50 378
50 379
51 51
51 324
51 325
51 326
51 327
51 328
51 329
51 330
51 331
51 340
51 341
51 342
51 343
51 356
51 357
51 358
51 359
51 372
51 373
51 374
51 375
51 376
51 377
51 378
51 379
52 52
52 53
52 54
52 55
52 328
52 329
52 330
52 331
52 344
52 345
52 346
52 347
52 360
52 361
52 362
52 363
52 376
52 377
52 378
52 379
52 380
52 381
52 382
52 383
53 53
53 54
53 55
53 328
53 329
53 330
53 331
53 344
53 345
53 346
53 347
53 360
53 361
53 362
53 363
53 376
53 377
53 378
53 379
53 380
53 381
53 382
53 383
54 54
54 55
54 328
54 329
54 330
54 331
54 344
54 345
54 346
54 347
54 360
54 361
54 362
54 363
54 376
54 377
54 378
54 379
54 380
54 381
54 382
54 383
55 55
55 328
55 329
55 330
55 331
55 344
55 345
55 346
55 347
55 360
55 361
55 362
55 363
55 376
55 377
55 378
55 379
55 380
55 381
55 382
55 383
56 56
56 57
56 58
56 59
56 332
56 333
56 334
56 335
56 364
56 365
56 366
56 367
56 384
56 385
56 386
56 387
57 57
57 58
57 59
57 332
57 333
57 334
57 335
57 364
57 365
57 366
57 367
57 384
57 385
57 386
57 387
58 58
58 59
58 332
58 333
58 334
58 335
58 364
58 365
58 366
58 367
58 384
58 385
58 386
58 387
59 59
59 332
59 333
59 334
59 335
59 364
59 365
59 366
59 367
59 384
59 385
59 386
59 387
60 60
60 61
60 62
60 63
60 332
60 333
60 334
60 335
60 336
60 337
60 338
60 339
60 368
60 369
60 370
60 371
60 384
60 385
60 386
60 387
60 388
60 389
60 390
60 391
61 61
61 62
61 63
61 332
61 333
61 334
61 335
61 336
61 337
61 338
61 339
61 368
61 369
61 370
61 371
61 384
61 385
61 386
61 387
61 388
61 389
61 390
61 391
62 62
62 63
62 332
62 333
62 334
62 335
62 336
62 337
62 338
62 339
62 368
62 369
62 370
62 371
62 384
62 385
62 386
62 387
62 388
62 389
62 390
62 391
63 63
63 332
63 333
63 334
63 335
63 336
63 337
63 338
63 339
63 368
63 369
63 370
63 371
63 384
63 385
63 386
63 387
63 388
63 389
63 390
63 391
64 64
64 65
64 66
64 67
64 336
64 337
64 338
64 339
64 340
64 341
64 342
64 343
64 372
64 373
64 374
64 375
64 388
64 389
64 390
64 391
64 392
64 393
64 394
64 395
65 65
65 66
65 67
65 336
65 337
65 338
65 339
65 340
65 341
65 342
65 343
65 372
65 373
65 374
65 375
65 388
65 389
65 390
65 391
65 392
65 393
65 394
65 395
66 66
66 67
66 336
66 337
66 338
66 339
66 340
66 341
66 342
66 343
66 372
66 373
66 374
66 375
66 388
66 389
66 390
66 391
66 392
66 393
66 394
66 395
67 67
67 336
67 337
67 338
67 339
67 340
67 341
67 342
67 343
67 372
67 373
67 374
67 375
67 388
67 389
67 390
67 391
67 392
67 393
67 394
67 395
68 68
68 69
68 70
68 71
68 340
68 341
68 342
68 343
68 344
68 345
68 346
68 347
68 376
68 377
68 378
68 379
68 392
68 393
68 394
68 395
68 396
68 397
68 398
68 399
69 69
69 70
69 71
69 340
69 341
69 342
69 343
69 344
69 345
69 346
69 347
69 376
69 377
69 378
69 379
69 392
69 393
69 394
69 395
69 396
69 397
69 398
69 399
70 70
70 71
70 340
70 341
70 342
70 343
70 344
70 345
70 346
70 347
70 376
70 377
70 378
70 379
70 392
70 393
70 394
70 395
70 396
70 397
70 398
70 399
71 71
71 340
71 341
71 342
71 343
71 344
71 345
71 346
71 347
71 376
71 377
71 378
71 379
71 392
71 393
71 394
71 395
71 396
71 397
71 398
71 399
72 72
72 73
72 74
72 75
72 344
72 345
72 346
72 347
72 380
72 381
72 382
72 383
72 396
72 397
72 398
72 399
72 400
72 401
72 402
72 403
73 73
73 74
73 75
73 344
73 345
73 346
73 347
73 380
73 381
73 382
73 383
73 396
73 397
73 398
73 399
73 400
73 401
73 402
73 403
74 74
74 75
74 344
74 345
74 346
74 347
74 380
74 381
74 382
74 383
74 396
74 397
74 398
74 399
74 400
74 401
74 402
74 403
75 75
75 344
75 345
75 346
75 347
75 380
75 381
75 382
75 383
75 396
75 397
75 398
75 399
75 400
75 401
75 402
75 403
76 76
76 77
76 78
76 79
76 348
76 349
76 350
76 351
76 364
76 365
76 366
76 367
76 404
76 405
76 406
76 407
77 77
77 78
77 79
77 348
77 349
77 350
77 351
77 364
77 365
77 366
77 367
77 404
77 405
77 406
77 407
78 78
78 79
78 348
78 349
78 350
78 351
78 364
78 365
78 366
78 367
78 404
78 405
78 406
78 407
79 79
79 348
79 349
79 350
79 351
79 364
79 365
79 366
79 367
79 404
79 405
79 406
79 407
80 80
80 81
80 82
80 83
80 348
80 349
80 350
80 351
80 352
80 353
80 354
80 355
80 368
80 369
80 370
80 371
80 404
80 405
80 406
80 407
80 408
80 409
80 410
80 411
81 81
81 82
81 83
81 348
81 349
81 350
81 351
81 352
81 353
81 354
81 355
81 368
81 369
81 370
81 371
81 404
81 405
81 406
81 407
81 408
81 409
81 410
81 411
82 82
82 83
82 348
82 349
82 350
82 351
82 352
82 353
82 354
82 355
82 368
82 369
82 370
82 371
82 404
82 405
82 406
82 407
82 408
82 409
82 410
82 411
83 83
83 348
83 349
83 350
83 351
83 352
83 353
83 354
83 355
83 368
83 369
83 370
83 371
83 404
83 405
83 406
83 407
83 408
83 409
83 410
83 411
84 84
84 85
84 86
84 87
84 352
84 353
84 354
84 355
84 356
84 357
84 358
84 359
84 372
84 373
84 374
84 375
84 408
84 409
84 410
84 411
84 412
84 413
84 414
84 415
85 85
85 86
85 87
85 352
85 353
85 354
85 355
85 356
85 357
85 358
85 359
85 372
85 373
85 374
85 375
85 408
85 409
85 410
85 411
85 412
85 413
85 414
85 415
86 86
86 87
86 352
86 353
86 354
86 355
86 356
86 357
86 358
86 359
86 372
86 373
86 374
86 375
86 408
86 409
86 410
86 411
86 412
86 413
86 414
86 415
87 87
87 352
87 353
87 354
87 355
87 356
87 357
87 358
87 359
87 372
87 373
87 374
87 375
87 408
87 409
87 410
87 411
87 412
87 413
87 414
87 415
88 88
88 89
88 90
88 91
88 356
88 357
88 358
88 359
88 360
88 361
88 362
88 363
88 376
88 377
88 378
88 379
88 412
88 413
88 414
88 415
88 416
88 417
88 418
88 419
89 89
89 90
89 91
89 356
89 357
89 358
89 359
89 360
89 361
89 362
89 363
89 376
89 377
89 378
89 379
89 412
89 413
89 414
89 415
89 416
89 417
89 418
89 419
90 90
90 91
90 356
90 357
90 358
90 359
90 360
90 361
90 362
90 363
90 376
90 377
90 378
90 379
90 412
90 413
90 414
90 415
90 416
90 417
90 418
90 419
91 91
91 356
91 357
91 358
91 359
91 360
91 361
91 362
91 363
91 376
91 377
91 378
91 379
91 412
91 413
91 414
91 415
91 416
91 417
91 418
91 419
92 92
92 93
92 94
92 95
92 360
92 361
92 362
92 363
92 380
92 381
92 382
92 383
92 416
92 417
92 418
92 419
92 420
92 421
92 422
92 423
93 93
93 94
93 95
93 360
93 361
93 362
93 363
93 380
93 381
93 382
93 383
93 416
93 417
93 418
93 419
93 420
93 421
93 422
93 423
94 94
94 95
94 360
94 361
94 362
94 363
94 380
94 381
94 382
94 383
94 416
94 417
94 418
94 419
94 420
94 421
94 422
94 423
95 95
95 360
95 361
95 362
95 363
95 380
95 381
95 382
95 383
95 416
95 417
95 418
95 419
95 420
95 421
95 422
95 423
96 96
96 97
96 98
96 99
96 364
96 365
96 366
96 367
96 368
96 369
96 370
96 371
96 384
96 385
96 386
96 387
96 404
96 405
96 406
96 407
96 424
96 425
96 426
96 427
97 97
97 98
97 99
97 364
97 365
97 366
97 367
97 368
97 369
97 370
97 371
97 384
97 385
97 386
97 387
97 404
97 405
97 406
97 407
97 424
97 425
97 426
97 427
98 98
98 99
98 364
98 365
98 366
98 367
98 368
98 369
98 370
98 371
98 384
98 385
98 386
98 387
98 404
98 405
98 406
98 407
98 424
98 425
98 426
98 427
99 99
99 364
99 365
99 366
99 367
99 368
99 369
99 370
99 371
99 384
99 385
99 386
99 387
99 404
99 405
99 406
99 407
99 424
99 425
99 426
99 427
100 100
100 101
100 102
100 103
100 368
100 369
100 370
100 371
100 372
100 373
100 374
100 375
100 388
100 389
100 390
100 391
100 408
100 409
100 410
100 411
100 424
100 425
100 426
100 427
100 428
100 429
100 430
100 431
101 101
101 102
101 103
101 368
101 369
101 370
101 371
101 372
101 373
101 374
101 375
101 388
101 389
101 390
101 391
101 408
101 409
101 410
101 411
101 424
101 425
101 426
101 427
101 428
101 429
101 430
101 431
102 102
102 103
102 368
102 369
102 370
102 371
102 372
102 373
102 374
102 375
102 388
102 389
102 390
102 391
102 408
102 409
102 410
102 411
102 424
102 425
102 426
102 427
102 428
102 429
102 430
102 431
103 103
103 368
103 369
103 370
103 371
103 372
103 373
103 374
103 375
103 388
103 389
103 390
103 391
103 408
103 409
103 410
103 411
103 424
103 425
103 426
103 427
103 428
103 429
103 430
103 431
104 104
104 105
104 106
104 107
104 372
104 373
104 374
104 375
104 376
104 377
104 378
104 379
104 392
104 393
104 394
104 395
104 412
104 413
104 414
104 415
104 428
104 429
104 430
104 431
104 432
104 433
104 434
104 435
105 105
105 106
105 107
105 372
105 373
105 374
105 375
105 376
105 377
105 378
105 379
105 392
105 393
105 394
105 395
105 412
105 413
105 414
105 415
105 428
105 429
105 430
105 431
105 432
105 433
105 434
105 435
106 106
106 107
106 372
106 373
106 374
106 375
106 376
106 377
106 378
106 379
106 392
106 393
106 394
106 395
106 412
106 413
106 414
106 415
106 428
106 429
106 430
106 431
106 432
106 433
106 434
106 435
107 107
107 372
107 373
107 374
107 375
107 376
107 377
107 378
107 379
107 392
107 393
107 394
107 395
107 412
107 413
107 414
107 415
107 428
107 429
107 430
107 431
107 432
107 433
107 434
107 435
108 108
108 109
108 110
108 111
108 376
108 377
108 378
108 379
108 380
108 381
108 382
108 383
108 396
108 397
108 398
108 399
108 416
108 417
108 418
108 419
108 432
108 433
108 434
108 435
108 436
108 437
108 438
108 439
109 109
109 110
109 111
109 376
109 377
109 378
109 379
109 380
109 381
109 382
109 383
109 396
109 397
109 398
109 399
109 416
109 417
109 418
109 419
109 432
109 433
109 434
109 435
109 436
109 437
109 438
109 439
110 110
110 111
110 376
110 377
110 378
110 379
110 380
110 381
110 382
110 383
110 396
110 397
110 398
110 399
110 416
110 417
110 418
110 419
110 432
110 433
110 434
110 435
110 436
110 437
110 438
110 439
111 111
111 376
111 377
111 378
111 379
111 380
111 381
111 382
111 383
111 396
111 397
111 398
111 399
111 416
111 417
111 418
111 419
111 432
111 433
111 434
111 435
111 436
111 437
111 438
111 439
112 112
112 113
112 114
112 115
112 380
112 381
112 382
112 383
112 400
112 401
112 402
112 403
112 420
112 421
112 422
112 423
112 436
112 437
112 438
112 439
112 440
112 441
112 442
112 443
113 113
113 114
113 115
113 380
113 381
113 382
113 383
113 400
113 401
113 402
113 403
113 420
113 421
113 422
113 423
113 436
113 437
113 438
113 439
113 440
113 441
113 442
113 443
114 114
114 115
114 380
114 381
114 382
114 383
114 400
114 401
114 402
114 403
114 420
114 421
114 422
114 423
114 436
114 437
114 438
114 439
114 440
114 441
114 442
114 443
115 115
115 380
115 381
115 382
115 383
115 400
115 401
115 402
115 403
115 420
115 421
115 422
115 423
115 436
115 437
115 438
115 439
115 440
115 441
115 442
115 443
116 116
116 117
116 118
116 119
116 384
116 385
116 386
116 387
116 388
116 389
116 390
116 391
116 424
116 425
116 426
116 427
116 444
116 445
116 446
116 447
117 117
117 118
117 119
117 384
117 385
117 386
117 387
117 388
117 389
117 390
117 391
117 424
117 425
117 426
117 427
117 444
117 445
117 446
117 447
118 118
118 119
118 384
118 385
118 386
118 387
118 388
118 389
118 390
118 391
118 424
118 425
118 426
118 427
118 444
118 445
118 446
118 447
119 119
119 384
119 385
119 386
119 387
119 388
119 389
119 390
119 391
119 424
119 425
119 426
119 427
119 444
119 445
119 446
119 447
120 120
120 121
120 122
120 123
120 388
120 389
120 390
120 391
120 392
120 393
120 394
120 395
120 428
120 429
120 430
120 431
120 444
120 445
120 446
120 447
120 448
120 449
120 450
120 451
121 121
121 122
121 123
121 388
121 389
121 390
121 391
121 392
121 393
121 394
121 395
121 428
121 429
121 430
121 431
121 444
121 445
121 446
121 447
121 448
121 449
121 450
121 451
122 122
122 123
122 388
122 389
122 390
122 391
122 392
122 393
122 394
122 395
122 428
122 429
122 430
122 431
122 444
122 445
122 446
122 447
122 448
122 449
122 450
122 451
123 123
123 388
123 389
123 390
123 391
123 392
123 393
123 394
123 395
123 428
123 429
123 430
123 431
123 444
123 445
123 446
123 447
123 448
123 449
123 450
123 451
124 124
124 125
124 126
124 127
124 392
124 393
124 394
124 395
124 396
124 397
124 398
124 399
124 432
124 433
124 434
124 435
124 448
124 449
124 450
124 451
124 452
124 453
124 454
124 455
125 125
125 126
125 127
125 392
125 393
125 394
125 395
125 396
125 397
125 398
125 399
125 432
125 433
125 434
125 435
125 448
125 449
125 450
125 451
125 452
125 453
125 454
125 455
126 126
126 127
126 392
126 393
126 394
126 395
126 396
126 397
126 398
126 399
126 432
126 433
126 434
126 435
126 448
126 449
126 450
126 451
126 452
126 453
126 454
126 455
127 127
127 392
127 393
127 394
127 395
127 396
127 397
127 398
127 399
127 432
127 433
127 434
127 435
127 448
127 449
127 450
127 451
127 452
127 453
127 454
127 455
128 128
128 129
128 130
128 131
128 396
128 397
128 398
128 399
128 400
128 401
128 402
128 403
128 436
128 437
128 438
128 439
128 452
128 453
128 454
128 455
128 456
128 457
128 458
128 459
129 129
129 130
129 131
129 396
129 397
129 398
129 399
129 400
129 401
129 402
129 403
129 436
129 437
129 438
129 439
129 452
129 453
129 454
129 455
129 456
129 457
129 458
129 459
130 130
130 131
130 396
130 397
130 398
130 399
130 400
130 401
130 402
130 403
130 436
130 437
130 438
130 439
130 452
130 453
130 454
130 455
130 456
130 457
130 458
130 459
131 131
131 396
131 397
131 398
131 399
131 400
131 401
131 402
131 403
131 436
131 437
131 438
131 439
131 452
131 453
131 454
131 455
131 456
131 457
131 458
131 459
132 132
132 133
132 134
132 135
132 400
132 401
132 402
132 403
132 440
132 441
132 442
132 443
132 456
132 457
132 458
132 459
132 460
132 461
132 462
132 463
133 133
133 134
133 135
133 400
133 401
133 402
133 403
133 440
133 441
133 442
133 443
133 456
133 457
133 458
133 459
133 460
133 461
133 462
133 463
134 134
134 135
134 400
134 401
134 402
134 403
134 440
134 441
134 442
134 443
134 456
134 457
134 458
134 459
134 460
134 461
134 462
134 463
135 135
135 400
135 401
135 402
135 403
135 440
135 441
135 442
135 443
135 456
135 457
135 458
135 459
135 460
135 461
135 462
135 463
136 136
136 137
136 138
136 139
136 404
136 405
136 406
136 407
136 408
136 409
136 410
136 411
136 424
136 425
136 426
136 427
136 464
136 465
136 466
136 467
137 137
137 138
137 139
137 404
137 405
137 406
137 407
137 408
137 409
137 410
137 411
137 424
137 425
137 426
137 427
137 464
137 465
137 466
137 467
138 138
138 139
138 404
138 405
138 406
138 407
138 408
138 409
138 410
138 411
138 424
138 425
138 426
138 427
138 464
138 465
138 466
138 467
139 139
139 404
139 405
139 406
139 407
139 408
139 409
139 410
139 411
139 424
139 425
139 426
139 427
139 464
139 465
139 466
139 467
140 140
140 141
140 142
140 143
140 408
140 409
140 410
140 411
140 412
140 413
140 414
140 415
140 428
140 429
140 430
140 431
140 464
140 465
140 466
140 467
140 468
140 469
140 470
140 471
141 141
141 142
141 143
141 408
141 409
141 410
141 411
141 412
141 413
141 414
141 415
141 428
141 429
141 430
141 431
141 464
141 465
141 466
141 467
141 468
141 469
141 470
141 471
142 142
142 143
142 408
142 409
142 410
142 411
142 412
142 413
142 414
142 415
142 428
142 429
142 430
142 431
142 464
142 465
142 466
142 467
142 468
142 469
142 470
142 471
143 143
143 408
143 409
143 410
143 411
143 412
143 413
143 414
143 415
143 428
143 429
143 430
143 431
143 464
143 465
143 466
143 467
143 468
143 469
143 470
143 471
144 144
144 145
144 146
144 147
144 412
144 413
144 414
144 415
144 416
144 417
144 418
144 419
144 432
144 433
144 434
144 435
144 468
144 469
144 470
144 471
144 472
144 473
144 474
144 475
145 145
145 146
145 147
145 412
145 413
145 414
145 415
145 416
145 417
145 418
145 419
145 432
145 433
145 434
145 435
145 468
145 469
145 470
145 471
145 472
145 473
145 474
145 475
146 146
146 147
146 412
146 413
146 414
146 415
146 416
146 417
146 418
146 419
146 432
146 433
146 434
146 435
146 468
146 469
146 470
146 471
146 472
146 473
146 474
146 475
147 147
147 412
147 413
147 414
147 415
147 416
147 417
147 418
147 419
147 432
147 433
147 434
147 435
147 468
147 469
147 470
147 471
147 472
147 473
147 474
147 475
148 148
148 149
148 150
148 151
148 416
148 417
148 418
148 419
148 420
148 421
148 422
148 423
148 436
148 437
148 438
148 439
148 472
148 473
148 474
148 475
148 476
148 477
148 478
148 479
149 149
149 150
149 151
149 416
149 417
149 418
149 419
149 420
149 421
149 422
149 423
149 436
149 437
149 438
149 439
149 472
149 473
149 474
149 475
149 476
149 477
149 478
149 479
150 150
150 151
150 416
150 417
150 418
150 419
150 420
150 421
150 422
150 423
150 436
150 437
150 438
150 439
150 472
150 473
150 474
150 475
150 476
150 477
150 478
150 479
151 151
151 416
151 417
151 418
151 419
151 420
151 421
151 422
151 423
151 436
151 437
151 438
151 439
151 472
151 473
151 474
151 475
151 476
151 477
151 478
151 479
152 152
152 153
152 154
152 155
152 420
152 421
152 422
152 423
152 440
152 441
152 442
152 443
152 476
152 477
152 478
152 479
152 480
152 481
152 482
152 483
153 153
153 154
153 155
153 420
153 421
153 422
153 423
153 440
153 441
153 442
153 443
153 476
153 477
153 478
153 479
153 480
153 481
153 482
153 483
154 154
154 155
154 420
154 421
154 422
154 423
154 440
154 441
154 442
154 443
154 476
154 477
154 478
154 479
154 480
154 481
154 482
154 483
155 155
155 420
155 421
155 422
155 423
155 440
155 441
155 442
155 443
155 476
155 477
155 478
155 479
155 480
155 481
155 482
155 483
156 156
156 157
156 158
156 159
156 424
156 425
156 426
156 427
156 428
156 429
156 430
156 431
156 444
156 445
156 446
156 447
156 464
156 465
156 466
156 467
156 484
156 485
156 486
156 487
157 157
157 158
157 159
157 424
157 425
157 426
157 427
157 428
157 429
157 430
157 431
157 444
157 445
157 446
157 447
157 464
157 465
157 466
157 467
157 484
157 485
157 486
157 487
158 158
158 159
158 424
158 425
158 426
158 427
158 428
158 429
158 430
158 431
158 444
158 445
158 446
158 447
158 464
158 465
158 466
158 467
158 484
158 485
158 486
158 487
159 159
159 424
159 425
159 426
159 427
159 428
159 429
159 430
159 431
159 444
159 445
159 446
159 447
159 464
159 465
159 466
159 467
159 484
159 485
159 486
159 487
160 160
160 161
160 162
160 163
160 428
160 429
160 430
160 431
160 432
160 433
160 434
160 435
160 448
160 449
160 450
160 451
160 468
160 469
160 470
160 471
160 484
160 485
160 486
160 487
160 488
160 489
160 490
160 491
161 161
161 162
161 163
161 428
161 429
161 430
161 431
161 432
161 433
161 434
161 435
161 448
161 449
161 450
161 451
161 468
161 469
161 470
161 471
161 484
161 485
161 486
161 487
161 488
161 489
161 490
161 491
162 162
162 163
162 428
162 429
162 430
162 431
162 432
162 433
162 434
162 435
162 448
162 449
162 450
162 451
162 468
162 469
162 470
162 471
162 484
162 485
162 486
162 487
162 488
162 489
162 490
162 491
163 163
163 428
163 429
163 430
163 431
163 432
163 433
163 434
163 435
163 448
163 449
163 450
163 451
163 468
163 469
163 470
163 471
163 484
163 485
163 486
163 487
163 488
163 489
163 490
163 491
164 164
164 165
164 166
164 167
164 432
164 433
164 434
164 435
164 436
164 437
164 438
164 439
164 452
164 453
164 454
164 455
164 472
164 473
164 474
164 475
164 488
164 489
164 490
164 491
164 492
164 493
164 494
164 495
165 165
165 166
165 167
165 432
165 433
165 434
165 435
165 436
165 437
165 438
165 439
165 452
165 453
165 454
165 455
165 472
165 473
165 474
165 475
165 488
165 489
165 490
165 491
165 492
165 493
165 494
165 495
166 166
166 167
166 432
166 433
166 434
166 435
166 436
166 437
166 438
166 439
166 452
166 453
166 454
166 455
166 472
166 473
166 474
166 475
166 488
166 489
166 490
166 491
166 492
166 493
166 494
166 495
167 167
167 432
167 433
167 434
167 435
167 436
167 437
167 438
167 439
167 452
167 453
167 454
167 455
167 472
167 473
167 474
167 475
167 488
167 489
167 490
167 491
167 492
167 493
167 494
167 495
168 168
168 169
168 170
168 171
168 436
168 437
168 438
168 439
168 440
168 441
168 442
168 443
168 456
168 457
168 458
168 459
168 476
168 477
168 478
168 479
168 492
168 493
168 494
168 495
168 496
168 497
168 498
168 499
169 169
169 170
169 171
169 436
169 437
169 438
169 439
169 440
169 441
169 442
169 443
169 456
169 457
169 458
169 459
169 476
169 477
169 478
169 479
169 492
169 493
169 494
169 495
169 496
169 497
169 498
169 499
170 170
170 171
170 436
170 437
170 438
170 439
170 440
170 441
170 442
170 443
170 456
170 457
170 458
170 459
170 476
170 477
170 478
170 479
170 492
170 493
170 494
170 495
170 496
170 497
170 498
170 499
171 171
171 436
171 437
171 438
171 439
171 440
171 441
171 442
171 443
171 456
171 457
171 458
171 459
171 476
171 477
171 478
171 479
171 492
171 493
171 494
171 495
171 496
171 497
171 498
171 499
172 172
172 173
172 174
172 175
172 440
172 441
172 442
172 443
172 460
172 461
172 462
172 463
172 480
172 481
172 482
172 483
172 496
172 497
172 498
172 499
172 500
172 501
172 502
172 503
173 173
173 174
173 175
173 440
173 441
173 442
173 443
173 460
173 461
173 462
173 463
173 480
173 481
173 482
173 483
173 496
173 497
173 498
173 499
173 500
173 501
173 502
173 503
174 174
174 175
174 440
174 441
174 442
174 443
174 460
174 461
174 462
174 463
174 480
174 481
174 482
174 483
174 496
174 497
174 498
174 499
174 500
174 501
174 502
174 503
175 175
175 440
175 441
175 442
175 443
175 460
175 461
175 462
175 463
175 480
175 481
175 482
175 483
175 496
175 497
175 498
175 499
175 500
175 501
175 502
175 503
176 176
176 177
176 178
176 179
176 444
176 445
176 446
176 447
176 448
176 449
176 450
176 451
176 484
176 485
176 486
176 487
176 504
176 505
176 506
176 507
177 177
177 178
177 179
177 444
177 445
177 446
177 447
177 448
177 449
177 450
177 451
177 484
177 485
177 486
177 487
177 504
177 505
177 506
177 507
178 178
178 179
178 444
178 445
178 446
178 447
178 448
178 449
178 450
178 451
178 484
178 485
178 486
178 487
178 504
178 505
178 506
178 507
179 179
179 444
179 445
179 446
179 447
179 448
179 449
179 450
179 451
179 484
179 485
179 486
179 487
179 504
179 505
179 506
179 507
180 180
180 181
180 182
180 183
180 448
180 449
180 450
180 451
180 452
180 453
180 454
180 455
180 488
180 489
180 490
180 491
180 504
180 505
180 506
180 507
180 508
180 509
180 510
180 511
181 181
181 182
181 183
181 448
181 449
181 450
181 451
181 452
181 453
181 454
181 455
181 488
181 489
181 490
181 491
181 504
181 505
181 506
181 507
181 508
181 509
181 510
181 511
182 182
182 183
182 448
182 449
182 450
182 451
182 452
182 453
182 454
182 455
182 488
182 489
182 490
182 491
182 504
182 505
182 506
182 507
182 508
182 509
182 510
182 511
183 183
183 448
183 449
183 450
183 451
183 452
183 453
183 454
183 455
183 488
183 489
183 490
183 491
183 504
183 505
183 506
183 507
183 508
183 509
183 510
183 511
184 184
184 185
184 186
184 187
184 452
184 453
184 454
184 455
184 456
184 457
184 458
184 459
184 492
184 493
184 494
184 495
184 508
184 509
184 510
184 511
184 512
184 513
184 514
184 515
185 185
185 186
185 187
185 452
185 453
185 454
185 455
185 456
185 457
185 458
185 459
185 492
185 493
185 494
185 495
185 508
185 509
185 510
185 511
185 512
185 513
185 514
185 515
186 186
186 187
186 452
186 453
186 454
186 455
186 456
186 457
186 458
186 459
186 492
186 493
186 494
186 495
186 508
186 509
186 510
186 511
186 512
186 513
186 514
186 515
187 187
187 452
187 453
187 454
187 455
187 456
187 457
187 458
187 459
187 492
187 493
187 494
187 495
187 508
187 509
187 510
187 511
187 512
187 513
187 514
187 515
188 188
188 189
188 190
188 191
188 456
188 457
188 458
188 459
188 460
188 461
188 462
188 463
188 496
188 497
188 498
188 499
188 512
188 513
188 514
188 515
188 516
188 517
188 518
188 519
189 189
189 190
189 191
189 456
189 457
189 458
189 459
189 460
189 461
189 462
189 463
189 496
189 497
189 498
189 499
189 512
189 513
189 514
189 515
189 516
189 517
189 518
189 519
190 190
190 191
190 456
190 457
190 458
190 459
190 460
190 461
190 462
190 463
190 496
190 497
190 498
190 499
190 512
190 513
190 514
190 515
190 516
190 517
190 518
190 519
191 191
191 456
191 457
191 458
191 459
191 460
191 461
191 462
191 463
191 496
191 497
191 498
191 499
191 512
191 513
191 514
191 515
191 516
191 517
191 518
191 519
192 192
192 193
192 194
192 195
192 460
192 461
192 462
192 463
192 500
192 501
192 502
192 503
192 516
192 517
192 518
192 519
192 520
192 521
192 522
192 523
193 193
193 194
193 195
193 460
193 461
193 462
193 463
193 500
193 501
193 502
193 503
193 516
193 517
193 518
193 519
193 520
193 521
193 522
193 523
194 194
194 195
194 460
194 461
194 462
194 463
194 500
194 501
194 502
194 503
194 516
194 517
194 518
194 519
194 520
194 521
194 522
194 523
195 195
195 460
195 461
195 462
195 463
195 500
195 501
195 502
195 503
195 516
195 517
195 518
195 519
195 520
195 521
195 522
195 523
196 196
196 197
196 198
196 199
196 464
196 465
196 466
196 467
196 468
196 469
196 470
196 471
196 484
196 485
196 486
196 487
196 524
196 525
196 526
196 527
197 197
197 198
197 199
197 464
197 465
197 466
197 467
197 468
197 469
197 470
197 471
197 484
197 485
197 486
197 487
197 524
197 525
197 526
197 527
198 198
198 199
198 464
198 465
198 466
198 467
198 468
198 469
198 470
198 471
198 484
198 485
198 486
198 487
198 524
198 525
198 526
198 527
199 199
199 464
199 465
199 466
199 467
199 468
199 469
199 470
199 471
199 484
199 485
199 486
199 487
199 524
199 525
199 526
199 527
200 200
200 201
200 202
200 203
200 468
200 469
200 470
200 471
200 472
200 473
200 474
200 475
200 488
200 489
200 490
200 491
200 524
200 525
200 526
200 527
200 528
200 529
200 530
200 531
201 201
201 202
201 203
201 468
201 469
201 470
201 471
201 472
201 473
201 474
201 475
201 488
201 489
201 490
201 491
201 524
201 525
201 526
201 527
201 528
201 529
201 530
201 531
202 202
202 203
202 468
202 469
202 470
202 471
202 472
202 473
202 474
202 475
202 488
202 489
202 490
202 491
202 524
202 525
202 526
202 527
202 528
202 529
202 530
202 531
203 203
203 468
203 469
203 470
203 471
203 472
203 473
203 474
203 475
203 488
203 489
203 490
203 491
203 524
203 525
203 526
203 527
203 528
203 529
203 530
203 531
204 204
204 205
204 206
204 207
204 472
204 473
204 474
204 475
204 476
204 477
204 478
204 479
204 492
204 493
204 494
204 495
204 528
204 529
204 530
204 531
204 532
204 533
204 534
204 535
205 205
205 206
205 207
205 472
205 473
205 474
205 475
205 476
205 477
205 478
205 479
205 492
205 493
205 494
205 495
205 528
205 529
205 530
205 531
205 532
205 533
205 534
205 535
206 206
206 207
206 472
206 473
206 474
206 475
206 476
206 477
206 478
206 479
206 492
206 493
206 494
206 495
206 528
206 529
206 530
206 531
206 532
206 533
206 534
206 535
207 207
207 472
207 473
207 474
207 475
207 476
207 477
207 478
207 479
207 492
207 493
207 494
207 495
207 528
207 529
207 530
207 531
207 532
207 533
207 534
207 535
208 208
208 209
208 210
208 211
208 476
208 477
208 478
208 479
208 480
208 481
208 482
208 483
208 496
208 497
208 498
208 499
208 532
208 533
208 534
208 535
208 536
208 537
208 538
208 539
209 209
209 210
209 211
209 476
209 477
209 478
209 479
209 480
209 481
209 482
209 483
209 496
209 497
209 498
209 499
209 532
209 533
209 534
209 535
209 536
209 537
209 538
209 539
210 210
210 211
210 476
210 477
210 478
210 479
210 480
210 481
210 482
210 483
210 496
210 497
210 498
210 499
210 532
210 533
210 534
210 535
210 536
210 537
210 538
210 539
211 211
211 476
211 477
211 478
211 479
211 480
211 481
211 482
211 483
211 496
211 497
211 498
211 499
211 532
211 533
211 534
211 535
211 536
211 537
211 538
211 539
212 212
212 213
212 214
212 215
212 480
212 481
212 482
212 483
212 500
212 501
212 502
212 503
212 536
212 537
212 538
212 539
212 540
212 541
212 542
212 543
213 213
213 214
213 215
213 480
213 481
213 482
213 483
213 500
213 501
213 502
213 503
213 536
213 537
213 538
213 539
213 540
213 541
213 542
213 543
214 214
214 215
214 480
214 481
214 482
214 483
214 500
214 501
214 502
214 503
214 536
214 537
214 538
214 539
214 540
214 541
214 542
214 543
215 215
215 480
215 481
215 482
215 483
215 500
215 501
215 502
215 503
215 536
215 537
215 538
215 539
215 540
215 541
215 542
215 543
216 216
216 217
216 218
216 219
216 484
216 485
216 486
216 487
216 488
216 489
216 490
216 491
216 504
216 505
216 506
216 507
216 524
216 525
216 526
216 527
216 544
216 545
216 546
216 547
217 217
217 218
217 219
217 484
217 485
217 486
217 487
217 488
217 489
217 490
217 491
217 504
217 505
217 506
217 507
217 524
217 525
217 526
217 527
217 544
217 545
217 546
217 547
218 218
218 219
218 484
218 485
218 486
218 487
218 488
218 489
218 490
218 491
218 504
218 505
218 506
218 507
218 524
218 525
218 526
218 527
218 544
218 545
218 546
218 547
219 219
219 484
219 485
219 486
219 487
219 488
219 489
219 490
219 491
219 504
219 505
219 506
219 507
219 524
219 525
219 526
219 527
219 544
219 545
219 546
219 547
220 220
220 221
220 222
220 223
220 488
220 489
220 490
220 491
220 492
220 493
220 494
220 495
220 508
220 509
220 510
220 511
220 528
220 529
220 530
220 531
220 544
220 545
220 546
220 547
220 548
220 549
220 550
220 551
221 221
221 222
221 223
221 488
221 489
221 490
221 491
221 492
221 493
221 494
221 495
221 508
221 509
221 510
221 511
221 528
221 529
221 530
221 531
221 544
221 545
221 546
221 547
221 548
221 549
221 550
221 551
222 222
222 223
222 488
222 489
222 490
222 491
222 492
222 493
222 494
222 495
222 508
222 509
222 510
222 511
222 528
222 529
222 530
222 531
222 544
222 545
222 546
222 547
222 548
222 549
222 550
222 551
223 223
223 488
223 489
223 490
223 491
223 492
223 493
223 494
223 495
223 508
223 509
223 510
223 511
223 528
223 529
223 530
223 531
223 544
223 545
223 546
223 547
223 548
223 549
223 550
223 551
224 224
224 225
224 226
224 227
224 492
224 493
224 494
224 495
224 496
224 497
224 498
224 499
224 512
224 513
224 514
224 515
224 532
224 533
224 534
224 535
224 548
224 549
224 550
224 551
224 552
224 553
224 554
224 555
225 225
225 226
225 227
225 492
225 493
225 494
225 495
225 496
225 497
225 498
225 499
225 512
225 513
225 514
225 515
225 532
225 533
225 534
225 535
225 548
225 549
225 550
225 551
225 552
225 553
225 554
225 555
226 226
226 227
226 492
226 493
226 494
226 495
226 496
226 497
226 498
226 499
226 512
226 513
226 514
226 515
226 532
226 533
226 534
226 535
226 548
226 549
226 550
226 551
226 552
226 553
226 554
226 555
227 227
227 492
227 493
227 494
227 495
227 496
227 497
227 498
227 499
227 512
227 513
227 514
227 515
227 532
227 533
227 534
227 535
227 548
227 549
227 550
227 551
227 552
227 553
227 554
227 555
228 228
228 229
228 230
228 231
228 496
228 497
228 498
228 499
228 500
228 501
228 502
228 503
228 516
228 517
228 518
228 519
228 536
228 537
228 538
228 539
228 552
228 553
228 554
228 555
228 556
228 557
228 558
228 559
229 229
229 230
229 231
229 496
229 497
229 498
229 499
229 500
229 501
229 502
229 503
229 516
229 517
229 518
229 519
229 536
229 537
229 538
229 539
229 552
229 553
229 554
229 555
229 556
229 557
229 558
229 559
230 230
230 231
230 496
230 497
230 498
230 499
230 500
230 501
230 502
230 503
230 516
230 517
230 518
230 519
230 536
230 537
230 538
230 539
230 552
230 553
230 554
230 555
230 556
230 557
230 558
230 559
231 231
231 496
231 497
231 498
231 499
231 500
231 501
231 502
231 503
231 516
231 517
231 518
231 519
231 536
231 537
231 538
231 539
231 552
231 553
231 554
231 555
231 556
231 557
231 558
231 559
232 232
232 233
232 234
232 235
232 500
232 501
232 502
232 503
232 520
232 521
232 522
232 523
232 540
232 541
232 542
232 543
232 556
232 557
232 558
232 559
233 233
233 234
233 235
233 500
233 501
233 502
233 503
233 520
233 521
233 522
233 523
233 540
233 541
233 542
233 543
233 556
233 557
233 558
233 559
234 234
234 235
234 500
234 501
234 502
234 503
234 520
234 521
234 522
234 523
234 540
234 541
234 542
234 543
234 556
234 557
234 558
234 559
235 235
235 500
235 501
235 502
235 503
235 520
235 521
235 522
235 523
235 540
235 541
235 542
235 543
235 556
235 557
235 558
235 559
236 236
236 237
236 238
236 239
236 504
236 505
236 506
236 507
236 508
236 509
236 510
236 511
236 544
236 545
236 546
236 547
236 560
236 561
236 562
236 563
237 237
237 238
237 239
237 504
237 505
237 506
237 507
237 508
237 509
237 510
237 511
237 544
237 545
237 546
237 547
237 560
237 561
237 562
237 563
238 238
238 239
238 504
238 505
238 506
238 507
238 508
238 509
238 510
238 511
238 544
238 545
238 546
238 547
238 560
238 561
238 562
238 563
239 239
239 504
239 505
239 506
239 507
239 508
239 509
239 510
239 511
239 544
239 545
239 546
239 547
239 560
239 561
239 562
239 563
240 240
240 241
240 242
240 243
240 508
240 509
240 510
240 511
240 512
240 513
240 514
240 515
240 548
240 549
240 550
240 551
240 560
240 561
240 562
240 563
240 564
240 565
240 566
240 567
241 241
241 242
241 243
241 508
241 509
241 510
241 511
241 512
241 513
241 514
241 515
241 548
241 549
241 550
241 551
241 560
241 561
241 562
241 563
241 564
241 565
241 566
241 567
242 242
242 243
242 508
242 509
242 510
242 511
242 512
242 513
242 514
242 515
242 548
242 549
242 550
242 551
242 560
242 561
242 562
242 563
242 564
242 565
242 566
242 567
243 243
243 508
243 509
243 510
243 511
243 512
243 513
243 514
243 515
243 548
243 549
243 550
243 551
243 560
243 561
243 562
243 563
243 564
243 565
243 566
243 567
244 244
244 245
244 246
244 247
244 512
244 513
244 514
244 515
244 516
244 517
244 518
244 519
244 552
244 553
244 554
244 555
244 564
244 565
244 566
244 567
244 568
244 569
244 570
244 571
245 245
245 246
245 247
245 512
245 513
245 514
245 515
245 516
245 517
245 518
245 519
245 552
245 553
245 554
245 555
245 564
245 565
245 566
245 567
245 568
245 569
245 570
245 571
246 246
246 247
246 512
246 513
246 514
246 515
246 516
246 517
246 518
246 519
246 552
246 553
246 554
246 555
246 564
246 565
246 566
246 567
246 568
246 569
246 570
246 571
247 247
247 512
247 513
247 514
247 515
247 516
247 517
247 518
247 519
247 552
247 553
247 554
247 555
247 564
247 565
247 566
247 567
247 568
247 569
247 570
247 571
248 248
248 249
248 250
248 251
248 516
248 517
248 518
248 519
248 520
248 521
248 522
248 523
248 556
248 557
248 558
248 559
248 568
248 569
248 570
248 571
249 249
249 250
249 251
249 516
249 517
249 518
249 519
249 520
249 521
249 522
249 523
249 556
249 557
249 558
249 559
249 568
249 569
249 570
249 571
250 250
250 251
250 516
250 517
250 518
250 519
250 520
250 521
250 522
250 523
250 556
250 557
250 558
250 559
250 568
250 569
250 570
250 571
251 251
251 516
251 517
251 518
251 519
251 520
251 521
251 522
251 523
251 556
251 557
251 558
251 559
251 568
251 569
251 570
251 571
252 252
252 253
252 254
252 255
252 524
252 525
252 526
252 527
252 528
252 529
252 530
252 531
252 544
252 545
252 546
252 547
252 572
252 573
252 574
252 575
253 253
253 254
253 255
253 524
253 525
253 526
253 527
253 528
253 529
253 530
253 531
253 544
253 545
253 546
253 547
253 572
253 573
253 574
253 575
254 254
254 255
254 524
254 525
254 526
254 527
254 528
254 529
254 530
254 531
254 544
254 545
254 546
254 547
254 572
254 573
254 574
254 575
255 255
255 524
255 525
255 526
255 527
255 528
255 529
255 530
255 531
255 544
255 545
255 546
255 547
255 572
255 573
255 574
255 575
256 256
256 257
256 258
256 259
256 528
256 529
256 530
256 531
256 532
256 533
256 534
256 535
256 548
256 549
256 550
256 551
256 572
256 573
256 574
256 575
256 576
256 577
256 578
256 579
257 257
257 258
257 259
257 528
257 529
257 530
257 531
257 532
257 533
257 534
257 535
257 548
257 549
257 550
257 551
257 572
257 573
257 574
257 575
257 576
257 577
257 578
257 579
258 258
258 259
258 528
258 529
258 530
258 531
258 532
258 533
258 534
258 535
258 548
258 549
258 550
258 551
258 572
258 573
258 574
258 575
258 576
258 577
258 578
258 579
259 259
259 528
259 529
259 530
259 531
259 532
259 533
259 534
259 535
259 548
259 549
259 550
259 551
259 572
259 573
259 574
259 575
259 576
259 577
259 578
259 579
260 260
260 261
260 262
260 263
260 532
260 533
260 534
260 535
260 536
260 537
260 538
260 539
260 552
260 553
260 554
260 555
260 576
260 577
260 578
260 579
260 580
260 581
260 582
260 583
261 261
261 262
261 263
261 532
261 533
261 534
261 535
261 536
261 537
261 538
261 539
261 552
261 553
261 554
261 555
261 576
261 577
261 578
261 579
261 580
261 581
261 582
261 583
262 262
262 263
262 532
262 533
262 534
262 535
262 536
262 537
262 538
262 539
262 552
262 553
262 554
262 555
262 576
262 577
262 578
262 579
262 580
262 581
262 582
262 583
263 263
263 532
263 533
263 534
263 535
263 536
263 537
263 538
263 539
263 552
263 553
263 554
263 555
263 576
263 577
263 578
263 579
263 580
263 581
263 582
263 583
264 264
264 265
264 266
264 267
264 536
264 537
264 538
264 539
264 540
264 541
264 542
264 543
264 556
264 557
264 558
264 559
264 580
264 581
264 582
264 583
265 265
265 266
265 267
265 536
265 537
265 538
265 539
265 540
265 541
265 542
265 543
265 556
265 557
265 558
265 559
265 580
265 581
265 582
265 583
266 266
266 267
266 536
266 537
266 538
266 539
266 540
266 541
266 542
266 543
266 556
266 557
266 558
266 559
266 580
266 581
266 582
266 583
267 267
267 536
267 537
267 538
267 539
267 540
267 541
267 542
267 543
267 556
267 557
267 558
267 559
267 580
267 581
267 582
267 583
268 268
268 269
268 270
268 271
268 544
268 545
268 546
268 547
268 548
268 549
268 550
268 551
268 560
268 561
268 562
268 563
268 572
268 573
268 574
268 575
268 584
268 585
268 586
268 587
269 269
269 270
269 271
269 544
269 545
269 546
269 547
269 548
269 549
269 550
269 551
269 560
269 561
269 562
269 563
269 572
269 573
269 574
269 575
269 584
269 585
269 586
269 587
270 270
270 271
270 544
270 545
270 546
270 547
270 548
270 549
270 550
270 551
270 560
270 561
270 562
270 563
270 572
270 573
270 574
270 575
270 584
270 585
270 586
270 587
271 271
271 544
271 545
271 546
271 547
271 548
271 549
271 550
271 551
271 560
271 561
271 562
271 563
271 572
271 573
271 574
271 575
271 584
271 585
271 586
271 587
272 272
272 273
272 274
272 275
272 548
272 549
272 550
272 551
272 552
272 553
272 554
272 555
272 564
272 565
272 566
272 567
272 576
272 577
272 578
272 579
272 584
272 585
272 586
272 587
272 588
272 589
272 590
272 591
273 273
273 274
273 275
273 548
273 549
273 550
273 551
273 552
273 553
273 554
273 555
273 564
273 565
273 566
273 567
273 576
273 577
273 578
273 579
273 584
273 585
273 586
273 587
273 588
273 589
273 590
273 591
274 274
274 275
274 548
274 549
274 550
274 551
274 552
274 553
274 554
274 555
274 564
274 565
274 566
274 567
274 576
274 577
274 578
274 579
274 584
274 585
274 586
274 587
274 588
274 589
274 590
274 591
275 275
275 548
275 549
275 550
275 551
275 552
275 553
275 554
275 555
275 564
275 565
275 566
275 567
275 576
275 577
275 578
275 579
275 584
275 585
275 586
275 587
275 588
275 589
275 590
275 591
276 276
276 277
276 278
276 279
276 552
276 553
276 554
276 555
276 556
276 557
276 558
276 559
276 568
276 569
276 570
276 571
276 580
276 581
276 582
276 583
276 588
276 589
276 590
276 591
277 277
277 278
277 279
277 552
277 553
277 554
277 555
277 556
277 557
277 558
277 559
277 568
277 569
277 570
277 571
277 580
277 581
277 582
277 583
277 588
277 589
277 590
277 591
278 278
278 279
278 552
278 553
278 554
278 555
278 556
278 557
278 558
278 559
278 568
278 569
278 570
278 571
278 580
278 581
278 582
278 583
278 588
278 589
278 590
278 591
279 279
279 552
279 553
279 554
279 555
279 556
279 557
279 558
279 559
279 568
279 569
279 570
279 571
279 580
279 581
279 582
279 583
279 588
279 589
279 590
279 591
280 280
280 281
280 282
280 283
280 560
280 561
280 562
280 563
280 564
280 565
280 566
280 567
280 584
280 585
280 586
280 587
280 592
280 593
280 594
280 595
281 281
281 282
281 283
281 560
281 561
281 562
281 563
281 564
281 565
281 566
281 567
281 584
281 585
281 586
281 587
281 592
281 593
281 594
281 595
282 282
282 283
282 560
282 561
282 562
282 563
282 564
282 565
282 566
282 567
282 584
282 585
282 586
282 587
282 592
282 593
282 594
282 595
283 283
283 560
283 561
283 562
283 563
283 564
283 565
283 566
283 567
283 584
283 585
283 586
283 587
283 592
283 593
283 594
283 595
284 284
284 285
284 286
284 287
284 564
284 565
284 566
284 567
284 568
284 569
284 570
284 571
284 588
284 589
284 590
284 591
284 592
284 593
284 594
284 595
285 285
285 286
285 287
285 564
285 565
285 566
285 567
285 568
285 569
285 570
285 571
285 588
285 589
285 590
285 591
285 592
285 593
285 594
285 595
286 286
286 287
286 564
286 565
286 566
286 567
286 568
286 569
286 570
286 571
286 588
286 589
286 590
286 591
286 592
286 593
286 594
286 595
287 287
287 564
287 565
287 566
287 567
287 568
287 569
287 570
287 571
287 588
287 589
287 590
287 591
287 592
287 593
287 594
287 595
288 288
288 289
288 290
288 291
288 572
288 573
288 574
288 575
288 576
288 577
288 578
288 579
288 584
288 585
288 586
288 587
288 596
288 597
288 598
288 599
289 289
289 290
289 291
289 572
289 573
289 574
289 575
289 576
289 577
289 578
289 579
289 584
289 585
289 586
289 587
289 596
289 597
289 598
289 599
290 290
290 291
290 572
290 573
290 574
290 575
290 576
290 577
290 578
290 579
290 584
290 585
290 586
290 587
290 596
290 597
290 598
290 599
291 291
291 572
291 573
291 574
291 575
291 576
291 577
291 578
291 579
291 584
291 585
291 586
291 587
291 596
291 597
291 598
291 599
292 292
292 293
292 294
292 295
292 576
292 577
292 578
292 579
292 580
292 581
292 582
292 583
292 588
292 589
292 590
292 591
292 596
292 597
292 598
292 599
293 293
293 294
293 295
293 576
293 577
293 578
293 579
293 580
293 581
293 582
293 583
293 588
293 589
293 590
293 591
293 596
293 597
293 598
293 599
294 294
294 295
294 576
294 577
294 578
294 579
294 580
294 581
294 582
294 583
294 588
294 589
294 590
294 591
294 596
294 597
294 598
294 599
295 295
295 576
295 577
295 578
295 579
295 580
295 581
295 582
295 583
295 588
295 589
295 590
295 591
295 596
295 597
295 598
295 599
296 296
296 297
296 298
296 299
296 584
296 585
296 586
296 587
296 588
296 589
296 590
296 591
296 592
296 593
296 594
296 595
296 596
296 597
296 598
296 599
297 297
297 298
297 299
297 584
297 585
297 586
297 587
297 588
297 589
297 590
297 591
297 592
297 593
297 594
297 595
297 596
297 597
297 598
297 599
298 298
298 299
298 584
298 585
298 586
298 587
298 588
298 589
298 590
298 591
298 592
298 593
298 594
298 595
298 596
298 597
298 598
298 599
299 299
299 584
299 585
299 586
299 587
299 588
299 589
299 590
299 591
299 592
299 593
299 594
299 595
299 596
299 597
299 598
299 599
300 300
300 301
300 302
300 303
301 301
301 302
301 303
302 302
302 303
303 303
304 304
304 305
304 306
304 307
305 305
305 306
305 307
306 306
306 307
307 307
308 308
308 309
308 310
308 311
309 309
309 310
309 311
310 310
310 311
311 311
312 312
312 313
312 314
312 315
313 313
313 314
313 315
314 314
314 315
315 315
316 316
316 317
316 318
316 319
317 317
317 318
317 319
318 318
318 319
319 319
320 320
320 321
320 322
320 323
321 321
321 322
321 323
322 322
322 323
323 323
324 324
324 325
324 326
324 327
325 325
325 326
325 327
326 326
326 327
327 327
328 328
328 329
328 330
328 331
329 329
329 330
329 331
330 330
330 331
331 331
332 332
332 333
332 334
332 335
333 333
333 334
333 335
334 334
334 335
335 335
336 336
336 337
336 338
336 339
337 337
337 338
337 339
338 338
338 339
339 339
340 340
340 341
340 342
340 343
341 341
341 342
341 343
342 342
342 343
343 343
344 344
344 345
344 346
344 347
345 345
345 346
345 347
346 346
346 347
347 347
348 348
348 349
348 350
348 351
349 349
349 350
349 351
350 350
350 351
351 351
352 352
352 353
352 354
352 355
353 353
353 354
353 355
354 354
354 355
355 355
356 356
356 357
356 358
356 359
357 357
357 358
357 359
358 358
358 359
359 359
360 360
360 361
360 362
360 363
361 361
361 362
361 363
362 362
362 363
363 363
364 364
364 365
364 366
364 367
365 365
365 366
365 367
366 366
366 367
367 367
368 368
368 369
368 370
368 371
369 369
369 370
369 371
370 370
370 371
371 371
372 372
372 373
372 374
372 375
373 373
373 374
373 375
374 374
374 375
375 375
376 376
376 377
376 378
376 379
377 377
377 378
377 379
378 378
378 379
379 379
380 380
380 381
380 382
380 383
381 381
381 382
381 383
382 382
382 383
383 383
384 384
384 385
384 386
384 387
385 385
385 386
385 387
386 386
386 387
387 387
388 388
388 389
388 390
388 391
389 389
389 390
389 391
390 390
390 391
391 391
392 392
392 393
392 394
392 395
393 393
393 394
393 395
394 394
394 395
395 395
396 396
396 397
396 398
396 399
397 397
397 398
397 399
398 398
398 399
399 399
400 400
400 401
400 402
400 403
401 401
401 402
401 403
402 402
402 403
403 403
404 404
404 405
404 406
404 407
405 405
405 406
405 407
406 406
406 407
407 407
408 408
408 409
408 410
408 411
409 409
409 410
409 411
410 410
410 411
411 411
412 412
412 413
412 414
412 415
413 413
413 414
413 415
414 414
414 415
415 415
416 416
416 417
416 418
416 419
417 417
417 418
417 419
418 418
418 419
419 419
420 420
420 421
420 422
420 423
421 421
421 422
421 423
422 422
422 423
423 423
424 424
424 425
424 426
424 427
425 425
425 426
425 427
426 426
426 427
427 427
428 428
428 429
428 430
428 431
429 429
429 430
429 431
430 430
430 431
431 431
432 432
432 433
432 434
432 435
433 433
433 434
433 435
434 434
434 435
435 435
436 436
436 437
436 438
436 439
437 437
437 438
437 439
438 438
438 439
439 439
440 440
440 441
440 442
440 443
441 441
441 442
441 443
442 442
442 443
443 443
444 444
444 445
444 446
444 447
445 445
445 446
445 447
446 446
446 447
447 447
448 448
448 449
448 450
448 451
449 449
449 450
449 451
450 450
450 451
451 451
452 452
452 453
452 454
452 455
453 453
453 454
453 455
454 454
454 455
455 455
456 456
456 457
456 458
456 459
457 457
457 458
457 459
458 458
458 459
459 459
460 460
460 461
460 462
460 463
461 461
461 462
461 463
462 462
462 463
463 463
464 464
464 465
464 466
464 467
465 465
465 466
465 467
466 466
466 467
467 467
468 468
468 469
468 470
468 471
469 469
469 470
469 471
470 470
470 471
471 471
472 472
472 473
472 474
472 475
473 473
473 474
473 475
474 474
474 475
475 475
476 476
476 477
476 478
476 479
477 477
477 478
477 479
478 478
478 479
479 479
480 480
480 481
480 482
480 483
481 481
481 482
481 483
482 482
482 483
483 483
484 484
484 485
484 486
484 487
485 485
485 486
485 487
486 486
486 487
487 487
488 488
488 489
488 490
488 491
489 489
489 490
489 491
490 490
490 491
491 491
492 492
492 493
492 494
492 495
493 493
493 494
493 495
494 494
494 495
495 495
496 496
496 497
496 498
496 499
497 497
497 498
497 499
498 498
498 499
499 499
500 500
500 501
500 502
500 503
501 501
501 502
501 503
502 502
502 503
503 503
504 504
504 505
504 506
504 507
505 505
505 506
505 507
506 506
506 507
507 507
508 508
508 509
508 510
508 511
509 509
509 510
509 511
510 510
510 511
511 511
512 512
512 513
512 514
512 515
513 513
513 514
513 515
514 514
514 515
515 515
516 516
516 517
516 518
516 519
517 517
517 518
517 519
518 518
518 519
519 519
520 520
520 521
520 522
520 523
521 521
521 522
521 523
522 522
522 523
523 523
524 524
524 525
524 526
524 527
525 525
525 526
525 527
526 526
526 527
527 527
528 528
528 529
528 530
528 531
529 529
529 530
529 531
530 530
530 531
531 531
532 532
532 533
532 534
532 535
533 533
533 534
533 535
534 534
534 535
535 535
536 536
536 537
536 538
536 539
537 537
537 538
537 539
538 538
538 539
539 539
540 540
540 541
540 542
540 543
541 541
541 542
541 543
542 542
542 543
543 543
544 544
544 545
544 546
544 547
545 545
545 546
545 547
546 546
546 547
547 547
548 548
548 549
548 550
548 551
549 549
549 550
549 551
550 550
550 551
551 551
552 552
552 553
552 554
552 555
553 553
553 554
553 555
554 554
554 555
555 555
556 556
556 557
556 558
556 559
557 557
557 558
557 559
558 558
558 559
559 559
560 560
560 561
560 562
560 563
561 561
561 562
561 563
562 562
562 563
563 563
564 564
564 565
564 566
564 567
565 565
565 566
565 567
566 566
566 567
567 567
568 568
568 569
568 570
568 571
569 569
569 570
569 571
570 570
570 571
571 571
572 572
572 573
572 574
572 575
573 573
573 574
573 575
574 574
574 575
575 575
576 576
576 577
576 578
576 579
577 577
577 578
577 579
578 578
578 579
579 579
580 580
580 581
580 582
580 583
581 581
581 582
581 583
582 582
582 583
583 583
584 584
584 585
584 586
584 587
585 585
585 586
585 587
586 586
586 587
587 587
588 588
588 589
588 590
588 591
589 589
589 590
589 591
590 590
590 591
591 591
592 592
592 593
592 594
592 595
593 593
593 594
593 595
594 594
594 595
595 595
596 596
596 597
596 598
596 599
597 597
597 598
597 599
598 598
598 599
599 599
