0 0
0 359
1 4
1 355
2 5
2 356
3 6
3 359
3 361
4 7
4 263
4 334
4 335
4 336
4 337
4 338
4 339
4 340
4 341
4 342
4 343
4 344
4 345
4 347
4 349
4 359
5 8
5 264
5 335
5 336
5 337
5 338
5 339
5 340
5 341
5 342
5 343
5 344
5 345
5 346
5 347
5 348
5 349
5 359
6 9
6 265
6 335
6 336
6 337
6 338
6 339
6 340
6 341
6 342
6 343
6 344
6 345
6 346
6 347
6 348
6 349
6 359
7 10
7 153
7 266
7 335
7 336
7 337
7 338
7 339
7 340
7 341
7 342
7 343
7 344
7 345
7 346
7 347
7 348
7 349
7 359
8 11
8 153
8 267
8 335
8 336
8 337
8 338
8 339
8 340
8 341
8 342
8 343
8 344
8 345
8 346
8 347
8 348
8 349
8 359
9 12
9 153
9 268
9 335
9 336
9 337
9 338
9 339
9 340
9 341
9 342
9 343
9 344
9 345
9 346
9 347
9 348
9 349
9 359
10 13
10 153
10 269
10 335
10 336
10 337
10 338
10 339
10 340
10 341
10 342
10 343
10 344
10 345
10 346
10 347
10 348
10 349
10 359
11 14
11 153
11 270
11 335
11 336
11 337
11 338
11 339
11 340
11 341
11 342
11 343
11 344
11 345
11 346
11 347
11 348
11 349
11 359
12 15
12 153
12 271
12 335
12 336
12 337
12 338
12 339
12 340
12 341
12 342
12 343
12 344
12 345
12 346
12 347
12 348
12 349
12 359
13 16
13 153
13 263
13 264
13 265
13 266
13 267
13 268
13 269
13 270
13 271
13 272
13 273
13 274
13 275
13 276
13 277
13 334
13 335
13 336
13 337
13 338
13 339
13 340
13 341
13 342
13 343
13 344
13 345
13 346
13 347
13 348
13 349
13 359
14 17
14 263
14 264
14 265
14 266
14 267
14 268
14 269
14 270
14 271
14 272
14 273
14 274
14 275
14 276
14 277
14 334
14 335
14 336
14 337
14 338
14 339
14 340
14 341
14 342
14 343
14 344
14 345
14 346
14 347
14 348
14 349
14 359
15 18
15 274
15 335
15 336
15 337
15 338
15 339
15 340
15 341
15 342
15 343
15 344
15 345
15 346
15 347
15 348
15 349
15 359
16 39
16 154
16 263
16 264
16 265
16 266
16 267
16 268
16 269
16 270
16 271
16 272
16 273
16 274
16 275
16 276
16 277
16 334
16 335
16 336
16 337
16 338
16 339
16 340
16 341
16 342
16 343
16 344
16 345
16 346
16 347
16 348
16 349
16 359
17 40
17 276
17 335
17 336
17 337
17 338
17 339
17 340
17 341
17 342
17 343
17 344
17 345
17 346
17 347
17 348
17 349
17 359
18 41
18 154
18 263
18 276
18 277
18 334
18 335
18 336
18 337
18 338
18 339
18 340
18 341
18 342
18 343
18 344
18 345
18 346
18 347
18 348
18 349
18 359
19 42
19 335
19 355
20 43
20 336
21 51
21 337
22 55
22 338
23 56
23 339
24 57
24 340
25 58
25 341
26 59
26 342
27 60
27 343
28 61
28 344
29 62
29 345
30 63
30 346
31 64
31 347
32 65
32 348
33 66
33 349
34 67
34 148
34 335
34 336
34 337
34 338
34 339
34 340
34 341
34 342
34 343
34 344
34 345
34 346
34 347
34 348
34 349
35 68
35 149
35 335
35 336
35 337
35 338
35 339
35 340
35 341
35 342
35 343
35 344
35 345
35 346
35 347
35 348
35 349
36 69
36 150
36 335
36 336
36 337
36 338
36 339
36 340
36 341
36 342
36 343
36 344
36 345
36 346
36 347
36 348
36 349
37 90
37 151
37 336
37 337
37 338
37 339
37 340
37 341
37 342
37 343
37 344
37 345
37 346
37 347
37 348
37 349
38 91
38 152
38 334
38 335
38 356
39 92
39 148
39 155
39 157
40 93
40 149
40 155
40 156
40 157
41 94
41 150
41 155
41 156
41 157
42 102
42 151
42 156
43 109
43 152
44 110
44 153
44 154
45 111
45 154
45 256
45 263
45 264
45 265
45 266
45 267
45 268
45 269
45 270
45 271
45 272
45 273
45 274
45 275
45 276
45 277
45 334
45 335
45 336
45 337
45 338
45 339
45 340
45 341
45 342
45 343
45 344
45 345
45 346
45 347
45 348
45 349
45 359
46 112
46 256
46 261
47 113
47 262
47 263
47 264
47 265
47 266
47 267
47 268
47 269
47 270
47 271
47 272
47 273
47 274
47 275
47 276
47 277
47 334
48 114
48 230
48 256
48 262
49 115
49 158
49 230
49 359
50 116
50 361
50 362
51 117
51 158
51 230
52 118
52 334
52 350
52 356
53 119
53 261
53 278
54 120
54 359
54 360
54 362
55 121
55 280
55 281
55 282
55 283
55 284
55 285
55 286
55 287
55 288
55 289
55 290
55 292
55 294
56 122
56 280
56 281
56 282
56 283
56 284
56 285
56 286
56 287
56 288
56 289
56 290
56 291
56 292
56 293
56 294
57 123
57 280
57 281
57 282
57 283
57 284
57 285
57 286
57 287
57 288
57 289
57 290
57 291
57 292
57 293
57 294
58 144
58 164
58 280
58 281
58 282
58 283
58 284
58 285
58 286
58 287
58 288
58 289
58 290
58 291
58 292
58 293
58 294
59 145
59 164
59 280
59 281
59 282
59 283
59 284
59 285
59 286
59 287
59 288
59 289
59 290
59 291
59 292
59 293
59 294
60 146
60 164
60 280
60 281
60 282
60 283
60 284
60 285
60 286
60 287
60 288
60 289
60 290
60 291
60 292
60 293
60 294
61 147
61 164
61 280
61 281
61 282
61 283
61 284
61 285
61 286
61 287
61 288
61 289
61 290
61 291
61 292
61 293
61 294
62 148
62 164
62 280
62 281
62 282
62 283
62 284
62 285
62 286
62 287
62 288
62 289
62 290
62 291
62 292
62 293
62 294
63 156
63 164
63 280
63 281
63 282
63 283
63 284
63 285
63 286
63 287
63 288
63 289
63 290
63 291
63 292
63 293
63 294
64 164
64 280
64 281
64 282
64 283
64 284
64 285
64 286
64 287
64 288
64 289
64 290
64 291
64 292
64 293
64 294
65 165
65 280
65 281
65 282
65 283
65 284
65 285
65 286
65 287
65 288
65 289
65 290
65 291
65 292
65 293
65 294
66 166
66 280
66 281
66 282
66 283
66 284
66 285
66 286
66 287
66 288
66 289
66 290
66 291
66 292
66 293
66 294
67 167
67 165
67 280
67 281
67 282
67 283
67 284
67 285
67 286
67 287
67 288
67 289
67 290
67 291
67 292
67 293
67 294
68 168
68 280
68 281
68 282
68 283
68 284
68 285
68 286
68 287
68 288
68 289
68 290
68 291
68 292
68 293
68 294
69 169
69 165
69 280
69 281
69 282
69 283
69 284
69 285
69 286
69 287
69 288
69 289
69 290
69 291
69 292
69 293
69 294
70 170
70 263
70 280
70 335
71 171
71 264
71 281
71 336
72 172
72 265
72 282
72 337
73 173
73 266
73 283
73 338
74 174
74 267
74 284
74 339
75 175
75 268
75 285
75 340
76 176
76 269
76 286
76 341
77 177
77 270
77 287
77 342
78 178
78 271
78 288
78 343
79 199
79 272
79 289
79 344
80 200
80 273
80 290
80 345
81 201
81 274
81 291
81 346
82 202
82 275
82 292
82 347
83 203
83 276
83 293
83 348
84 211
84 277
84 294
84 349
85 219
85 159
85 280
85 281
85 282
85 283
85 284
85 285
85 286
85 287
85 288
85 289
85 290
85 291
85 292
85 293
85 294
86 220
86 160
86 280
86 281
86 282
86 283
86 284
86 285
86 286
86 287
86 288
86 289
86 290
86 291
86 292
86 293
86 294
87 221
87 161
87 280
87 281
87 282
87 283
87 284
87 285
87 286
87 287
87 288
87 289
87 290
87 291
87 292
87 293
87 294
88 222
88 162
88 281
88 282
88 283
88 284
88 285
88 286
88 287
88 288
88 289
88 290
88 291
88 292
88 293
88 294
89 223
89 163
89 280
89 350
90 224
90 159
90 166
90 167
90 169
91 225
91 160
91 167
91 168
91 169
92 226
92 161
92 166
92 167
92 168
92 169
93 227
93 162
93 168
94 228
94 163
95 229
95 164
95 165
96 230
96 165
96 257
96 280
96 281
96 282
96 283
96 284
96 285
96 286
96 287
96 288
96 289
96 290
96 291
96 292
96 293
96 294
97 231
97 257
97 278
98 232
98 279
99 233
99 231
99 257
99 279
100 254
100 170
100 231
101 255
101 362
102 256
102 158
102 170
102 230
102 231
103 257
103 350
103 351
104 258
104 155
105 266
105 156
106 274
106 157
106 166
107 275
107 278
107 295
108 276
108 357
109 277
109 297
109 298
109 299
109 300
109 301
109 302
109 303
109 304
109 305
109 306
109 307
109 309
109 311
109 357
110 278
110 297
110 298
110 299
110 300
110 301
110 302
110 303
110 304
110 305
110 306
110 307
110 308
110 309
110 310
110 311
110 357
111 279
111 297
111 298
111 299
111 300
111 301
111 302
111 303
111 304
111 305
111 306
111 307
111 308
111 309
111 310
111 311
111 357
112 280
112 176
112 297
112 298
112 299
112 300
112 301
112 302
112 303
112 304
112 305
112 306
112 307
112 308
112 309
112 310
112 311
112 357
113 281
113 176
113 297
113 298
113 299
113 300
113 301
113 302
113 303
113 304
113 305
113 306
113 307
113 308
113 309
113 310
113 311
113 357
114 282
114 176
114 297
114 298
114 299
114 300
114 301
114 302
114 303
114 304
114 305
114 306
114 307
114 308
114 309
114 310
114 311
114 357
115 283
115 176
115 297
115 298
115 299
115 300
115 301
115 302
115 303
115 304
115 305
115 306
115 307
115 308
115 309
115 310
115 311
115 357
116 284
116 176
116 297
116 298
116 299
116 300
116 301
116 302
116 303
116 304
116 305
116 306
116 307
116 308
116 309
116 310
116 311
116 357
117 285
117 176
117 297
117 298
117 299
117 300
117 301
117 302
117 303
117 304
117 305
117 306
117 307
117 308
117 309
117 310
117 311
117 357
118 286
118 176
118 297
118 298
118 299
118 300
118 301
118 302
118 303
118 304
118 305
118 306
118 307
118 308
118 309
118 310
118 311
118 357
119 287
119 297
119 298
119 299
119 300
119 301
119 302
119 303
119 304
119 305
119 306
119 307
119 308
119 309
119 310
119 311
119 357
120 288
120 297
120 298
120 299
120 300
120 301
120 302
120 303
120 304
120 305
120 306
120 307
120 308
120 309
120 310
120 311
120 357
121 289
121 177
121 297
121 298
121 299
121 300
121 301
121 302
121 303
121 304
121 305
121 306
121 307
121 308
121 309
121 310
121 311
121 357
122 310
122 297
122 298
122 299
122 300
122 301
122 302
122 303
122 304
122 305
122 306
122 307
122 308
122 309
122 311
122 357
123 311
123 177
123 297
123 298
123 299
123 300
123 301
123 302
123 303
123 304
123 305
123 306
123 307
123 308
123 309
123 310
123 357
124 312
124 280
124 297
125 313
125 281
125 298
126 314
126 282
126 299
127 322
127 283
127 300
128 329
128 284
128 301
129 330
129 285
129 302
130 331
130 286
130 303
131 332
131 287
131 304
132 333
132 288
132 305
133 334
133 289
133 306
134 335
134 290
134 307
135 336
135 291
135 308
136 337
136 292
136 309
137 338
137 293
137 310
138 339
138 294
138 311
139 340
139 171
139 297
139 298
139 299
139 300
139 301
139 302
139 303
139 304
139 305
139 306
139 307
139 308
139 309
139 310
139 311
140 341
140 172
140 297
140 298
140 299
140 300
140 301
140 302
140 303
140 304
140 305
140 306
140 307
140 308
140 309
140 310
140 311
141 342
141 173
141 297
141 298
141 299
141 300
141 301
141 302
141 303
141 304
141 305
141 306
141 307
141 308
141 309
141 310
141 311
142 343
142 174
142 298
142 299
142 300
142 301
142 302
142 303
142 304
142 305
142 306
142 307
142 308
142 309
142 310
142 311
143 349
143 175
143 297
143 351
144 350
144 171
144 178
144 179
144 181
145 351
145 172
145 179
145 180
145 181
146 352
146 173
146 178
146 179
146 180
146 181
147 353
147 174
147 180
148 175
149 176
149 177
150 177
150 258
150 297
150 298
150 299
150 300
150 301
150 302
150 303
150 304
150 305
150 306
150 307
150 308
150 309
150 310
150 311
150 357
151 258
151 295
152 296
153 232
153 258
153 296
154 182
154 232
154 357
155 358
156 170
156 182
156 231
156 232
157 351
157 352
158 166
159 167
160 168
161 169
161 178
162 295
162 312
163 353
163 357
163 358
164 314
164 315
164 316
164 317
164 318
164 319
164 320
164 321
164 322
164 323
164 324
164 326
164 328
164 353
165 314
165 315
165 316
165 317
165 318
165 319
165 320
165 321
165 322
165 323
165 324
165 325
165 326
165 327
165 328
165 353
166 314
166 315
166 316
166 317
166 318
166 319
166 320
166 321
166 322
166 323
166 324
166 325
166 326
166 327
166 328
166 353
167 188
167 314
167 315
167 316
167 317
167 318
167 319
167 320
167 321
167 322
167 323
167 324
167 325
167 326
167 327
167 328
167 353
168 188
168 314
168 315
168 316
168 317
168 318
168 319
168 320
168 321
168 322
168 323
168 324
168 325
168 326
168 327
168 328
168 353
169 188
169 314
169 315
169 316
169 317
169 318
169 319
169 320
169 321
169 322
169 323
169 324
169 325
169 326
169 327
169 328
169 353
170 188
170 314
170 315
170 316
170 317
170 318
170 319
170 320
170 321
170 322
170 323
170 324
170 325
170 326
170 327
170 328
170 353
171 188
171 314
171 315
171 316
171 317
171 318
171 319
171 320
171 321
171 322
171 323
171 324
171 325
171 326
171 327
171 328
171 353
172 188
172 314
172 315
172 316
172 317
172 318
172 319
172 320
172 321
172 322
172 323
172 324
172 325
172 326
172 327
172 328
172 353
173 188
173 314
173 315
173 316
173 317
173 318
173 319
173 320
173 321
173 322
173 323
173 324
173 325
173 326
173 327
173 328
173 353
174 314
174 315
174 316
174 317
174 318
174 319
174 320
174 321
174 322
174 323
174 324
174 325
174 326
174 327
174 328
174 353
175 314
175 315
175 316
175 317
175 318
175 319
175 320
175 321
175 322
175 323
175 324
175 325
175 326
175 327
175 328
175 353
176 189
176 314
176 315
176 316
176 317
176 318
176 319
176 320
176 321
176 322
176 323
176 324
176 325
176 326
176 327
176 328
176 353
177 314
177 315
177 316
177 317
177 318
177 319
177 320
177 321
177 322
177 323
177 324
177 325
177 326
177 327
177 328
177 353
178 213
178 189
178 314
178 315
178 316
178 317
178 318
178 319
178 320
178 321
178 322
178 323
178 324
178 325
178 326
178 327
178 328
178 353
179 214
179 297
179 314
180 215
180 298
180 315
181 216
181 299
181 316
182 211
182 300
182 317
183 194
183 199
183 301
183 318
184 195
184 200
184 302
184 319
185 196
185 201
185 303
185 320
186 197
186 202
186 304
186 321
187 198
187 203
187 305
187 322
188 204
188 306
188 323
189 204
189 205
189 307
189 324
190 199
190 201
190 216
190 268
190 308
190 325
191 199
191 200
191 201
191 269
191 309
191 326
192 200
192 201
192 202
192 270
192 310
192 327
193 199
193 200
193 201
193 271
193 311
193 328
194 209
194 211
194 266
194 314
194 315
194 316
194 317
194 318
194 319
194 320
194 321
194 322
194 323
194 324
194 325
194 326
194 327
194 328
195 249
195 254
195 314
195 315
195 316
195 317
195 318
195 319
195 320
195 321
195 322
195 323
195 324
195 325
195 326
195 327
195 328
196 250
196 255
196 314
196 315
196 316
196 317
196 318
196 319
196 320
196 321
196 322
196 323
196 324
196 325
196 326
196 327
196 328
197 251
197 256
197 315
197 316
197 317
197 318
197 319
197 320
197 321
197 322
197 323
197 324
197 325
197 326
197 327
197 328
198 252
198 257
198 314
198 352
199 253
199 258
200 222
200 223
200 224
200 225
200 226
200 227
200 228
200 259
201 231
201 233
201 259
201 260
202 254
202 256
202 271
202 324
203 254
203 255
203 256
203 325
204 255
204 256
204 257
204 326
205 254
205 255
205 256
205 327
205 259
205 314
205 315
205 316
205 317
205 318
205 319
205 320
205 321
205 322
205 323
205 324
205 325
205 326
205 328
205 353
206 264
206 266
206 322
206 259
206 312
207 305
207 310
207 313
208 306
208 311
208 233
208 259
208 313
209 307
209 312
209 233
209 353
210 308
210 313
210 354
210 358
211 309
211 314
211 232
211 233
212 278
212 279
212 280
212 281
212 282
212 283
212 284
212 315
212 352
213 287
213 289
213 315
213 316
214 320
214 322
215 310
215 312
215 327
215 354
216 310
216 311
216 312
216 355
217 311
217 312
217 313
217 356
217 329
218 328
218 329
218 330
218 331
218 332
218 333
218 334
218 335
218 336
218 337
218 338
218 339
218 340
218 341
218 342
218 343
218 353
218 354
219 344
219 349
219 330
220 345
220 350
220 330
221 346
221 351
221 330
222 347
222 352
222 330
223 348
223 353
223 330
224 357
224 330
225 358
225 330
226 359
226 330
227 360
227 330
228 361
228 330
229 362
229 330
230 330
231 330
232 330
233 266
233 330
234 263
234 264
234 266
234 322
234 314
235 273
235 275
235 276
235 277
235 278
235 279
235 280
235 281
235 282
235 283
235 284
235 285
235 286
235 287
235 288
235 289
235 316
235 320
235 328
235 329
235 330
235 331
235 332
235 333
235 334
235 335
235 336
235 337
235 338
235 339
235 340
235 341
235 342
235 343
235 315
236 274
236 317
236 362
236 316
237 319
237 320
237 322
237 317
238 321
238 328
238 318
239 275
239 276
239 277
239 278
239 279
239 280
239 281
239 282
239 283
239 284
239 285
239 286
239 287
239 288
239 289
239 290
239 305
239 306
239 307
239 309
239 316
239 344
239 345
239 346
239 348
239 319
240 275
240 276
240 277
240 278
240 279
240 280
240 281
240 282
240 283
240 284
240 285
240 286
240 287
240 288
240 289
240 291
240 305
240 306
240 307
240 308
240 316
240 344
240 345
240 346
240 347
240 320
241 275
241 276
241 277
241 278
241 279
241 280
241 281
241 282
241 283
241 284
241 285
241 286
241 287
241 288
241 289
241 292
241 305
241 306
241 307
241 308
241 316
241 344
241 345
241 346
241 347
241 321
242 275
242 276
242 277
242 278
242 279
242 280
242 281
242 282
242 283
242 284
242 285
242 286
242 287
242 288
242 289
242 293
242 305
242 306
242 307
242 308
242 316
242 344
242 345
242 346
242 347
242 322
243 275
243 276
243 277
243 278
243 279
243 280
243 281
243 282
243 283
243 284
243 285
243 286
243 287
243 288
243 289
243 294
243 305
243 306
243 307
243 308
243 316
243 344
243 345
243 346
243 347
243 323
244 275
244 276
244 277
244 278
244 279
244 280
244 281
244 282
244 283
244 284
244 285
244 286
244 287
244 288
244 289
244 295
244 305
244 306
244 307
244 308
244 316
244 344
244 345
244 346
244 347
244 324
245 275
245 276
245 277
245 278
245 279
245 280
245 281
245 282
245 283
245 284
245 285
245 286
245 287
245 288
245 289
245 296
245 305
245 306
245 307
245 308
245 316
245 344
245 345
245 346
245 347
245 325
246 275
246 276
246 277
246 278
246 279
246 280
246 281
246 282
246 283
246 284
246 285
246 286
246 287
246 288
246 289
246 297
246 305
246 306
246 307
246 308
246 316
246 344
246 345
246 346
246 347
246 326
247 275
247 276
247 277
247 278
247 279
247 280
247 281
247 282
247 283
247 284
247 285
247 286
247 287
247 288
247 289
247 298
247 305
247 306
247 307
247 308
247 316
247 344
247 345
247 346
247 347
247 327
248 275
248 276
248 277
248 278
248 279
248 280
248 281
248 282
248 283
248 284
248 285
248 286
248 287
248 288
248 289
248 299
248 305
248 306
248 307
248 308
248 316
248 344
248 345
248 346
248 347
248 328
249 275
249 276
249 277
249 278
249 279
249 280
249 281
249 282
249 283
249 284
249 285
249 286
249 287
249 288
249 289
249 300
249 305
249 306
249 307
249 308
249 316
249 344
249 345
249 346
249 347
250 276
250 277
250 278
250 279
250 280
250 281
250 282
250 283
250 284
250 285
250 286
250 287
250 288
250 289
250 301
250 305
250 306
250 307
250 308
250 316
250 344
250 345
250 346
250 347
251 275
251 276
251 277
251 278
251 279
251 280
251 281
251 282
251 283
251 284
251 285
251 286
251 287
251 288
251 289
251 302
251 305
251 306
251 307
251 308
251 316
251 344
251 345
251 346
251 347
252 276
252 277
252 278
252 279
252 280
252 281
252 282
252 283
252 284
252 285
252 286
252 287
252 288
252 289
252 303
252 305
252 306
252 307
252 308
252 316
252 344
252 345
252 346
252 347
253 275
253 276
253 277
253 278
253 279
253 280
253 281
253 282
253 283
253 284
253 285
253 286
253 287
253 288
253 289
253 304
253 305
253 306
253 307
253 308
253 316
253 344
253 345
253 346
253 347
254 275
254 284
254 285
254 287
254 289
254 316
254 318
254 329
254 330
254 331
254 332
254 333
254 334
254 335
254 336
254 337
254 338
254 339
254 340
254 341
254 342
254 343
254 344
254 345
254 346
254 348
255 323
255 348
260 260
260 261
260 263
260 330
261 357
261 329
262 331
263 331
264 330
265 333
265 354
267 332
272 329
273 330
273 333
309 332
321 333
323 332
