0 0
0 50
0 1
0 2
0 3
0 58
1 1
1 5
1 50
1 51
1 55
1 58
2 2
2 50
2 52
3 3
3 50
3 53
4 4
4 9
4 54
5 5
5 55
5 6
5 7
5 8
5 9
5 56
5 57
5 58
5 59
5 63
6 6
6 10
6 55
6 56
6 60
6 58
6 63
7 7
7 55
7 57
7 9
8 8
8 55
8 58
8 9
8 59
9 9
9 55
9 57
9 58
9 59
10 10
10 60
10 11
10 12
10 13
10 14
10 56
10 58
10 61
10 62
10 63
10 64
11 11
11 35
11 60
11 61
11 85
12 12
12 60
12 62
12 14
13 13
13 60
13 63
13 14
13 64
14 14
14 60
14 62
14 63
14 64
15 15
15 17
15 18
15 19
15 65
15 66
15 67
15 68
15 69
15 81
16 16
16 66
16 68
16 73
17 17
17 19
17 67
17 69
18 18
18 19
18 67
18 68
18 69
19 19
19 65
19 67
19 68
19 69
20 20
20 22
20 23
20 24
20 66
20 70
20 71
20 72
20 73
20 74
21 21
21 71
21 73
21 78
22 22
22 24
22 72
22 74
23 23
23 24
23 72
23 73
23 74
24 24
24 70
24 72
24 73
24 74
25 25
25 27
25 28
25 29
25 71
25 75
25 76
25 77
25 78
25 79
26 26
26 76
26 78
26 83
27 27
27 29
27 77
27 79
28 28
28 29
28 77
28 78
28 79
29 29
29 75
29 77
29 78
29 79
30 30
30 32
30 33
30 34
30 76
30 80
30 81
30 82
30 83
30 84
31 31
31 68
31 81
31 83
32 32
32 34
32 82
32 84
33 33
33 34
33 82
33 83
33 84
34 34
34 80
34 82
34 83
34 84
35 35
35 85
35 36
35 37
35 38
35 39
35 61
35 86
35 87
35 88
35 89
35 93
36 36
36 40
36 85
36 86
36 90
36 88
36 93
37 37
37 85
37 87
37 39
38 38
38 85
38 88
38 39
38 89
39 39
39 85
39 87
39 88
39 89
40 40
40 90
40 41
40 42
40 43
40 44
40 86
40 92
40 93
40 94
41 41
41 45
41 90
41 91
41 95
41 93
42 42
42 90
42 92
42 44
43 43
43 90
43 93
43 44
43 94
44 44
44 90
44 92
44 93
44 94
44 49
45 45
45 95
45 46
45 47
45 48
45 93
46 46
46 95
46 96
47 47
47 95
47 97
48 48
48 95
48 98
49 49
49 99
50 50
50 55
50 51
50 52
50 53
50 54
50 56
50 57
50 58
50 59
50 108
51 51
51 52
51 53
51 55
51 54
51 56
51 57
51 58
51 108
52 52
52 55
52 57
52 54
53 53
53 55
53 56
53 58
53 60
53 54
53 59
54 54
54 55
54 57
54 58
54 59
55 55
55 56
55 57
55 59
55 105
55 58
55 60
55 61
55 62
55 63
55 64
55 106
55 107
55 108
55 109
56 56
56 57
56 58
56 60
56 61
56 62
56 63
56 85
56 105
56 106
56 110
56 108
57 57
57 58
57 59
57 60
57 62
57 105
57 107
57 108
57 64
57 109
58 58
58 59
58 60
58 63
58 100
58 101
58 105
58 106
58 108
58 110
58 64
58 107
58 109
59 59
59 60
59 62
59 63
59 64
59 105
59 107
59 108
59 109
60 60
60 61
60 62
60 64
60 85
60 110
60 63
60 86
60 87
60 88
60 89
60 106
60 108
60 111
60 112
60 113
60 114
61 61
61 62
61 63
61 85
61 86
61 87
61 88
61 90
61 110
61 111
61 115
61 135
62 62
62 63
62 64
62 85
62 87
62 110
62 112
62 113
62 89
62 114
63 63
63 64
63 85
63 88
63 110
63 113
63 89
63 112
63 114
64 64
64 85
64 87
64 88
64 89
64 110
64 112
64 113
64 114
65 65
65 66
65 67
65 69
65 80
65 81
65 115
65 68
65 71
65 72
65 73
65 74
65 76
65 82
65 83
65 84
65 116
65 117
65 118
65 119
65 123
65 131
66 66
66 67
66 68
66 70
66 71
66 72
66 73
66 75
66 80
66 81
66 115
66 116
66 120
66 123
67 67
67 68
67 69
67 70
67 72
67 80
67 81
67 82
67 115
67 117
67 118
67 74
67 84
67 119
68 68
68 69
68 70
68 73
68 80
68 81
68 83
68 115
68 118
68 74
68 84
68 117
68 119
69 69
69 70
69 72
69 73
69 74
69 80
69 82
69 83
69 84
69 115
69 117
69 118
69 119
70 70
70 71
70 72
70 74
70 120
70 73
70 76
70 77
70 78
70 79
70 81
70 116
70 121
70 122
70 123
70 124
70 128
71 71
71 72
71 73
71 75
71 76
71 77
71 78
71 80
71 120
71 121
71 125
71 123
71 128
72 72
72 73
72 74
72 75
72 77
72 120
72 122
72 123
72 79
72 124
73 73
73 74
73 75
73 78
73 115
73 116
73 120
73 121
73 123
73 125
73 79
73 122
73 124
74 74
74 75
74 77
74 78
74 79
74 120
74 122
74 123
74 124
75 75
75 76
75 77
75 79
75 125
75 78
75 81
75 82
75 83
75 84
75 121
75 123
75 126
75 127
75 128
75 129
76 76
76 77
76 78
76 80
76 81
76 82
76 83
76 125
76 126
76 130
76 128
77 77
77 78
77 79
77 80
77 82
77 125
77 127
77 128
77 84
77 129
78 78
78 79
78 80
78 83
78 120
78 121
78 125
78 126
78 128
78 130
78 84
78 127
78 129
79 79
79 80
79 82
79 83
79 84
79 125
79 127
79 128
79 129
80 80
80 81
80 82
80 84
80 130
80 83
80 126
80 128
80 131
80 132
80 133
80 134
81 81
81 82
81 83
81 115
81 130
81 131
81 135
82 82
82 83
82 84
82 130
82 132
82 133
82 134
83 83
83 84
83 130
83 133
83 132
83 134
84 84
84 130
84 132
84 133
84 134
85 85
85 86
85 87
85 89
85 135
85 88
85 90
85 92
85 93
85 94
85 98
85 111
85 136
85 137
85 138
85 139
85 143
86 86
86 87
86 88
86 90
86 91
86 92
86 93
86 95
86 135
86 136
86 140
86 98
86 143
87 87
87 88
87 89
87 90
87 92
87 135
87 137
87 138
87 94
87 139
88 88
88 89
88 90
88 93
88 135
88 138
88 94
88 137
88 139
89 89
89 90
89 92
89 93
89 94
89 135
89 137
89 138
89 139
90 90
90 91
90 92
90 94
90 140
90 93
90 95
90 97
90 98
90 99
90 136
90 142
90 143
90 144
91 91
91 95
91 96
91 92
91 93
91 97
91 98
91 99
91 143
92 92
92 93
92 94
92 95
92 97
92 140
92 142
92 143
92 99
92 144
93 93
93 94
93 95
93 98
93 135
93 136
93 140
93 141
93 143
93 145
93 99
93 142
93 144
94 94
94 95
94 97
94 98
94 99
94 140
94 142
94 143
94 144
95 95
95 96
95 97
95 98
95 99
95 143
96 96
96 97
96 98
97 97
97 99
98 98
98 99
99 99
100 100
100 105
100 101
100 102
100 103
100 104
100 106
100 107
100 108
100 109
100 158
101 101
101 102
101 103
101 105
101 104
101 106
101 107
101 108
101 158
102 102
102 105
102 107
102 104
102 109
103 103
103 105
103 106
103 108
103 110
103 104
103 109
104 104
104 105
104 107
104 108
104 109
105 105
105 106
105 107
105 109
105 110
105 155
105 108
105 111
105 112
105 113
105 114
105 156
105 157
105 158
105 159
105 163
106 106
106 107
106 108
106 110
106 111
106 112
106 113
106 115
106 155
106 156
106 160
106 158
106 163
107 107
107 108
107 109
107 110
107 112
107 155
107 157
107 158
107 114
107 159
108 108
108 109
108 110
108 113
108 150
108 151
108 155
108 156
108 158
108 160
108 114
108 157
108 159
109 109
109 110
109 112
109 113
109 114
109 155
109 157
109 158
109 159
110 110
110 111
110 112
110 114
110 115
110 160
110 113
110 116
110 117
110 118
110 119
110 156
110 158
110 161
110 162
110 163
110 164
110 168
111 111
111 112
111 113
111 115
111 116
111 117
111 118
111 120
111 135
111 160
111 161
111 165
111 163
111 168
112 112
112 113
112 114
112 115
112 117
112 160
112 162
112 163
112 119
112 164
113 113
113 114
113 115
113 118
113 155
113 156
113 160
113 161
113 163
113 165
113 119
113 162
113 164
114 114
114 115
114 117
114 118
114 119
114 160
114 162
114 163
114 164
115 115
115 116
115 117
115 119
115 120
115 165
115 118
115 121
115 122
115 123
115 124
115 131
115 161
115 163
115 166
115 167
115 168
115 169
115 173
116 116
116 117
116 118
116 120
116 121
116 122
116 123
116 125
116 165
116 166
116 170
116 168
116 173
117 117
117 118
117 119
117 120
117 122
117 165
117 167
117 168
117 124
117 169
118 118
118 119
118 120
118 123
118 160
118 161
118 165
118 166
118 168
118 170
118 124
118 167
118 169
119 119
119 120
119 122
119 123
119 124
119 165
119 167
119 168
119 169
120 120
120 121
120 122
120 124
120 125
120 170
120 123
120 126
120 127
120 128
120 129
120 166
120 168
120 171
120 172
120 173
120 174
120 178
121 121
121 122
121 123
121 125
121 126
121 127
121 128
121 130
121 170
121 171
121 175
121 173
121 178
122 122
122 123
122 124
122 125
122 127
122 170
122 172
122 173
122 129
122 174
123 123
123 124
123 125
123 128
123 165
123 166
123 170
123 171
123 173
123 175
123 129
123 172
123 174
124 124
124 125
124 127
124 128
124 129
124 170
124 172
124 173
124 174
125 125
125 126
125 127
125 129
125 130
125 175
125 128
125 131
125 132
125 133
125 134
125 171
125 173
125 176
125 177
125 178
125 179
125 183
126 126
126 127
126 128
126 130
126 131
126 132
126 133
126 135
126 175
126 176
126 180
126 178
126 183
127 127
127 128
127 129
127 130
127 132
127 175
127 177
127 178
127 134
127 179
128 128
128 129
128 130
128 133
128 170
128 171
128 175
128 176
128 178
128 180
128 134
128 177
128 179
129 129
129 130
129 132
129 133
129 134
129 175
129 177
129 178
129 179
130 130
130 131
130 132
130 134
130 135
130 180
130 133
130 136
130 137
130 138
130 139
130 176
130 178
130 181
130 182
130 183
130 184
130 188
131 131
131 132
131 133
131 135
131 136
131 137
131 138
131 140
131 180
131 181
131 185
131 183
131 188
132 132
132 133
132 134
132 135
132 137
132 180
132 182
132 183
132 139
132 184
133 133
133 134
133 135
133 138
133 175
133 176
133 180
133 181
133 183
133 185
133 139
133 182
133 184
134 134
134 135
134 137
134 138
134 139
134 180
134 182
134 183
134 184
135 135
135 136
135 137
135 139
135 140
135 185
135 138
135 142
135 143
135 144
135 148
135 181
135 183
135 186
135 187
135 188
135 189
135 193
136 136
136 137
136 138
136 140
136 141
136 142
136 143
136 145
136 185
136 186
136 190
136 148
136 188
136 193
137 137
137 138
137 139
137 140
137 142
137 185
137 187
137 188
137 144
137 189
138 138
138 139
138 140
138 143
138 180
138 181
138 185
138 186
138 188
138 190
138 144
138 187
138 189
139 139
139 140
139 142
139 143
139 144
139 185
139 187
139 188
139 189
140 140
140 141
140 142
140 144
140 145
140 190
140 143
140 147
140 148
140 149
140 186
140 188
140 192
140 193
140 194
141 141
141 145
141 146
141 142
141 143
141 147
141 148
141 149
141 193
142 142
142 143
142 144
142 145
142 147
142 190
142 192
142 193
142 149
142 194
143 143
143 144
143 145
143 148
143 185
143 186
143 190
143 191
143 193
143 195
143 149
143 192
143 194
144 144
144 145
144 147
144 148
144 149
144 190
144 192
144 193
144 194
145 145
145 146
145 147
145 148
145 149
145 193
146 146
146 147
146 148
147 147
147 149
148 148
148 149
149 149
150 150
150 155
150 151
150 152
150 153
150 154
150 156
150 157
150 158
150 159
150 208
151 151
151 152
151 153
151 155
151 154
151 156
151 157
151 158
151 208
152 152
152 155
152 157
152 154
152 159
153 153
153 155
153 156
153 158
153 160
153 154
153 159
154 154
154 155
154 157
154 158
154 159
155 155
155 156
155 157
155 159
155 205
155 158
155 161
155 162
155 163
155 164
155 206
155 207
155 208
155 209
155 213
156 156
156 157
156 158
156 160
156 161
156 162
156 163
156 165
156 205
156 206
156 210
156 208
156 213
157 157
157 158
157 159
157 160
157 162
157 205
157 207
157 208
157 164
157 209
158 158
158 159
158 160
158 163
158 200
158 201
158 205
158 206
158 208
158 210
158 164
158 207
158 209
159 159
159 160
159 162
159 163
159 164
159 205
159 207
159 208
159 209
160 160
160 161
160 162
160 164
160 165
160 210
160 163
160 166
160 167
160 168
160 169
160 206
160 208
160 211
160 212
160 213
160 214
160 218
161 161
161 162
161 163
161 165
161 166
161 167
161 168
161 170
161 210
161 211
161 215
161 213
161 218
162 162
162 163
162 164
162 165
162 167
162 210
162 212
162 213
162 169
162 214
163 163
163 164
163 165
163 168
163 205
163 206
163 210
163 211
163 213
163 215
163 169
163 212
163 214
164 164
164 165
164 167
164 168
164 169
164 210
164 212
164 213
164 214
165 165
165 166
165 167
165 169
165 170
165 215
165 168
165 171
165 172
165 173
165 174
165 211
165 213
165 216
165 217
165 218
165 219
165 223
166 166
166 167
166 168
166 170
166 171
166 172
166 173
166 175
166 215
166 216
166 220
166 218
166 223
167 167
167 168
167 169
167 170
167 172
167 215
167 217
167 218
167 174
167 219
168 168
168 169
168 170
168 173
168 210
168 211
168 215
168 216
168 218
168 220
168 174
168 217
168 219
169 169
169 170
169 172
169 173
169 174
169 215
169 217
169 218
169 219
170 170
170 171
170 172
170 174
170 175
170 220
170 173
170 176
170 177
170 178
170 179
170 216
170 218
170 221
170 222
170 223
170 224
170 228
171 171
171 172
171 173
171 175
171 176
171 177
171 178
171 180
171 220
171 221
171 225
171 223
171 228
172 172
172 173
172 174
172 175
172 177
172 220
172 222
172 223
172 179
172 224
173 173
173 174
173 175
173 178
173 215
173 216
173 220
173 221
173 223
173 225
173 179
173 222
173 224
174 174
174 175
174 177
174 178
174 179
174 220
174 222
174 223
174 224
175 175
175 176
175 177
175 179
175 180
175 225
175 178
175 181
175 182
175 183
175 184
175 221
175 223
175 226
175 227
175 228
175 229
175 233
176 176
176 177
176 178
176 180
176 181
176 182
176 183
176 185
176 225
176 226
176 230
176 228
176 233
177 177
177 178
177 179
177 180
177 182
177 225
177 227
177 228
177 184
177 229
178 178
178 179
178 180
178 183
178 220
178 221
178 225
178 226
178 228
178 230
178 184
178 227
178 229
179 179
179 180
179 182
179 183
179 184
179 225
179 227
179 228
179 229
180 180
180 181
180 182
180 184
180 185
180 230
180 183
180 186
180 187
180 188
180 189
180 226
180 228
180 231
180 232
180 233
180 234
180 238
181 181
181 182
181 183
181 185
181 186
181 187
181 188
181 190
181 230
181 231
181 235
181 233
181 238
182 182
182 183
182 184
182 185
182 187
182 230
182 232
182 233
182 189
182 234
183 183
183 184
183 185
183 188
183 225
183 226
183 230
183 231
183 233
183 235
183 189
183 232
183 234
184 184
184 185
184 187
184 188
184 189
184 230
184 232
184 233
184 234
185 185
185 186
185 187
185 189
185 190
185 235
185 188
185 192
185 193
185 194
185 198
185 231
185 233
185 236
185 237
185 238
185 239
185 243
186 186
186 187
186 188
186 190
186 191
186 192
186 193
186 195
186 235
186 236
186 240
186 198
186 238
186 243
187 187
187 188
187 189
187 190
187 192
187 235
187 237
187 238
187 194
187 239
188 188
188 189
188 190
188 193
188 230
188 231
188 235
188 236
188 238
188 240
188 194
188 237
188 239
189 189
189 190
189 192
189 193
189 194
189 235
189 237
189 238
189 239
190 190
190 191
190 192
190 194
190 240
190 193
190 195
190 197
190 198
190 199
190 236
190 238
190 242
190 243
190 244
191 191
191 195
191 196
191 192
191 193
191 197
191 198
191 199
191 243
192 192
192 193
192 194
192 195
192 197
192 240
192 242
192 243
192 199
192 244
193 193
193 194
193 195
193 198
193 235
193 236
193 240
193 241
193 243
193 245
193 199
193 242
193 244
194 194
194 195
194 197
194 198
194 199
194 240
194 242
194 243
194 244
195 195
195 196
195 197
195 198
195 199
195 243
196 196
196 197
196 198
197 197
197 199
198 198
198 199
199 199
200 200
200 205
200 201
200 202
200 203
200 204
200 206
200 207
200 208
200 209
200 250
200 251
201 201
201 202
201 203
201 205
201 204
201 206
201 207
201 208
201 251
202 202
202 205
202 207
202 204
202 209
203 203
203 205
203 206
203 208
203 210
203 204
203 209
204 204
204 205
204 207
204 208
204 209
204 254
205 205
205 206
205 207
205 209
205 210
205 255
205 208
205 211
205 212
205 213
205 214
205 251
205 256
205 259
206 206
206 207
206 208
206 210
206 211
206 212
206 213
206 215
206 255
206 256
206 260
207 207
207 208
207 209
207 210
207 212
207 255
207 257
207 214
207 259
208 208
208 209
208 210
208 213
208 250
208 251
208 255
208 256
208 258
208 260
208 214
208 259
209 209
209 210
209 212
209 213
209 214
209 255
209 257
209 258
209 259
210 210
210 211
210 212
210 214
210 215
210 260
210 213
210 216
210 217
210 218
210 219
210 256
210 261
210 264
211 211
211 212
211 213
211 215
211 216
211 217
211 218
211 220
211 260
211 261
211 265
212 212
212 213
212 214
212 215
212 217
212 260
212 262
212 219
212 264
213 213
213 214
213 215
213 218
213 255
213 256
213 260
213 261
213 263
213 265
213 219
213 264
214 214
214 215
214 217
214 218
214 219
214 260
214 262
214 263
214 264
215 215
215 216
215 217
215 219
215 220
215 265
215 218
215 221
215 222
215 223
215 224
215 261
215 266
215 269
216 216
216 217
216 218
216 220
216 221
216 222
216 223
216 225
216 265
216 266
216 270
217 217
217 218
217 219
217 220
217 222
217 265
217 267
217 224
217 269
218 218
218 219
218 220
218 223
218 260
218 261
218 265
218 266
218 268
218 270
218 224
218 269
219 219
219 220
219 222
219 223
219 224
219 265
219 267
219 268
219 269
220 220
220 221
220 222
220 224
220 225
220 270
220 223
220 226
220 227
220 228
220 229
220 266
220 271
220 274
221 221
221 222
221 223
221 225
221 226
221 227
221 228
221 230
221 270
221 271
221 275
222 222
222 223
222 224
222 225
222 227
222 270
222 272
222 229
222 274
223 223
223 224
223 225
223 228
223 265
223 266
223 270
223 271
223 273
223 275
223 229
223 274
224 224
224 225
224 227
224 228
224 229
224 270
224 272
224 273
224 274
225 225
225 226
225 227
225 229
225 230
225 275
225 228
225 231
225 232
225 233
225 234
225 271
225 276
225 279
226 226
226 227
226 228
226 230
226 231
226 232
226 233
226 235
226 275
226 276
226 280
227 227
227 228
227 229
227 230
227 232
227 275
227 277
227 234
227 279
228 228
228 229
228 230
228 233
228 270
228 271
228 275
228 276
228 278
228 280
228 234
228 279
229 229
229 230
229 232
229 233
229 234
229 275
229 277
229 278
229 279
230 230
230 231
230 232
230 234
230 235
230 280
230 233
230 236
230 237
230 238
230 239
230 276
230 281
230 284
231 231
231 232
231 233
231 235
231 236
231 237
231 238
231 240
231 280
231 281
231 285
232 232
232 233
232 234
232 235
232 237
232 280
232 282
232 239
232 284
233 233
233 234
233 235
233 238
233 275
233 276
233 280
233 281
233 283
233 285
233 239
233 284
234 234
234 235
234 237
234 238
234 239
234 280
234 283
234 284
235 235
235 236
235 237
235 239
235 285
235 238
235 240
235 242
235 243
235 244
235 248
235 281
235 286
235 289
236 236
236 237
236 238
236 240
236 241
236 242
236 243
236 245
236 285
236 286
236 290
236 248
237 237
237 238
237 239
237 240
237 242
237 285
237 287
237 244
237 289
238 238
238 239
238 240
238 243
238 280
238 281
238 285
238 286
238 288
238 290
238 244
238 289
239 239
239 240
239 242
239 243
239 244
239 285
239 287
239 288
239 289
240 240
240 241
240 242
240 244
240 245
240 290
240 243
240 247
240 248
240 249
240 286
240 291
240 294
241 241
241 245
241 246
241 242
241 243
241 247
241 248
241 249
241 291
242 242
242 243
242 244
242 245
242 247
242 290
242 292
242 249
242 294
243 243
243 244
243 245
243 248
243 285
243 286
243 290
243 291
243 293
243 295
243 249
243 294
244 244
244 245
244 247
244 248
244 249
244 290
244 293
244 294
245 245
245 246
245 247
245 248
245 249
245 291
245 295
245 296
246 246
246 247
246 248
246 296
247 247
247 249
248 248
248 249
249 249
249 299
250 250
250 251
250 252
250 253
251 251
251 255
252 252
253 253
254 254
254 259
255 255
255 256
255 257
255 258
255 259
256 256
256 260
257 257
257 259
258 258
258 259
259 259
260 260
260 261
260 262
260 263
260 264
261 261
261 265
262 262
262 264
263 263
263 264
264 264
265 265
265 266
265 267
265 268
265 269
266 266
266 270
267 267
267 269
268 268
268 269
269 269
270 270
270 271
270 272
270 273
270 274
271 271
271 275
272 272
272 274
273 273
273 274
274 274
275 275
275 276
275 277
275 278
275 279
276 276
276 280
277 277
277 279
278 278
278 279
279 279
280 280
280 281
280 282
280 283
280 284
281 281
281 285
282 282
283 283
283 284
284 284
285 285
285 286
285 287
285 288
285 289
286 286
286 290
287 287
287 289
288 288
288 289
289 289
290 290
290 291
290 292
290 293
290 294
291 291
291 295
292 292
293 293
293 294
294 294
294 299
295 295
295 296
295 297
295 298
296 296
297 297
298 298
299 299
