0 0
0 64
1 1
1 65
2 2
2 66
3 3
3 67
4 4
4 68
5 5
5 69
6 6
6 70
7 7
7 71
8 8
8 72
9 9
9 73
10 10
10 74
11 11
11 75
12 12
12 76
13 13
13 77
14 14
14 78
15 15
15 79
16 16
16 80
17 17
17 81
18 18
18 82
19 19
19 83
20 20
20 84
21 21
21 85
22 22
22 86
23 23
23 87
24 24
24 88
25 25
25 89
26 26
26 90
27 27
27 91
28 28
28 92
29 29
29 93
30 30
30 94
31 31
31 95
32 32
32 96
33 33
33 97
34 34
34 98
35 35
35 99
36 36
36 100
37 37
37 101
38 38
38 102
39 39
39 103
40 40
40 104
41 41
41 105
42 42
42 106
43 43
43 107
44 44
44 108
45 45
45 109
46 46
46 110
47 47
47 111
48 48
48 112
49 49
49 113
50 50
50 114
51 51
51 115
52 52
52 116
53 53
53 117
54 54
54 118
55 55
55 119
56 56
56 120
57 57
57 121
58 58
58 122
59 59
59 123
60 60
60 124
61 61
61 125
62 62
62 126
63 63
63 127
64 64
64 65
64 72
64 128
65 65
65 66
65 73
65 129
66 66
66 67
66 74
66 130
67 67
67 68
67 75
67 131
68 68
68 69
68 76
68 132
69 69
69 70
69 77
69 133
70 70
70 71
70 78
70 134
71 71
71 79
71 135
72 72
72 73
72 80
72 136
73 73
73 74
73 81
73 137
74 74
74 75
74 82
74 138
75 75
75 76
75 83
75 139
76 76
76 77
76 84
76 140
77 77
77 78
77 85
77 141
78 78
78 79
78 86
78 142
79 79
79 87
79 143
80 80
80 81
80 88
80 144
81 81
81 82
81 89
81 145
82 82
82 83
82 90
82 146
83 83
83 84
83 91
83 147
84 84
84 85
84 92
84 148
85 85
85 86
85 93
85 149
86 86
86 87
86 94
86 150
87 87
87 95
87 151
88 88
88 89
88 96
88 152
89 89
89 90
89 97
89 153
90 90
90 91
90 98
90 154
91 91
91 92
91 99
91 155
92 92
92 93
92 100
92 156
93 93
93 94
93 101
93 157
94 94
94 95
94 102
94 158
95 95
95 103
95 159
96 96
96 97
96 104
96 160
97 97
97 98
97 105
97 161
98 98
98 99
98 106
98 162
99 99
99 100
99 107
99 163
100 100
100 101
100 108
100 164
101 101
101 102
101 109
101 165
102 102
102 103
102 110
102 166
103 103
103 111
103 167
104 104
104 105
104 112
104 168
105 105
105 106
105 113
105 169
106 106
106 107
106 114
106 170
107 107
107 108
107 115
107 171
108 108
108 109
108 116
108 172
109 109
109 110
109 117
109 173
110 110
110 111
110 118
110 174
111 111
111 119
111 175
112 112
112 113
112 120
112 176
113 113
113 114
113 121
113 177
114 114
114 115
114 122
114 178
115 115
115 116
115 123
115 179
116 116
116 117
116 124
116 180
117 117
117 118
117 125
117 181
118 118
118 119
118 126
118 182
119 119
119 127
119 183
120 120
120 121
120 184
121 121
121 122
121 185
122 122
122 123
122 186
123 123
123 124
123 187
124 124
124 125
124 188
125 125
125 126
125 189
126 126
126 127
126 190
127 127
127 191
128 128
128 129
128 136
128 192
129 129
129 130
129 137
129 193
130 130
130 131
130 138
130 194
131 131
131 132
131 139
131 195
132 132
132 133
132 140
132 196
133 133
133 134
133 141
133 197
134 134
134 135
134 142
134 198
135 135
135 143
135 199
136 136
136 137
136 144
136 200
137 137
137 138
137 145
137 201
138 138
138 139
138 146
138 202
139 139
139 140
139 147
139 203
140 140
140 141
140 148
140 204
141 141
141 142
141 149
141 205
142 142
142 143
142 150
142 206
143 143
143 151
143 207
144 144
144 145
144 152
144 208
145 145
145 146
145 153
145 209
146 146
146 147
146 154
146 210
147 147
147 148
147 155
147 211
148 148
148 149
148 156
148 212
149 149
149 150
149 157
149 213
150 150
150 151
150 158
150 214
151 151
151 159
151 215
152 152
152 153
152 160
152 216
153 153
153 154
153 161
153 217
154 154
154 155
154 162
154 218
155 155
155 156
155 163
155 219
156 156
156 157
156 164
156 220
157 157
157 158
157 165
157 221
158 158
158 159
158 166
158 222
159 159
159 167
159 223
160 160
160 161
160 168
160 224
161 161
161 162
161 169
161 225
162 162
162 163
162 170
162 226
163 163
163 164
163 171
163 227
164 164
164 165
164 172
164 228
165 165
165 166
165 173
165 229
166 166
166 167
166 174
166 230
167 167
167 175
167 231
168 168
168 169
168 176
168 232
169 169
169 170
169 177
169 233
170 170
170 171
170 178
170 234
171 171
171 172
171 179
171 235
172 172
172 173
172 180
172 236
173 173
173 174
173 181
173 237
174 174
174 175
174 182
174 238
175 175
175 183
175 239
176 176
176 177
176 184
176 240
177 177
177 178
177 185
177 241
178 178
178 179
178 186
178 242
179 179
179 180
179 187
179 243
180 180
180 181
180 188
180 244
181 181
181 182
181 189
181 245
182 182
182 183
182 190
182 246
183 183
183 191
183 247
184 184
184 185
184 248
185 185
185 186
185 249
186 186
186 187
186 250
187 187
187 188
187 251
188 188
188 189
188 252
189 189
189 190
189 253
190 190
190 191
190 254
191 191
191 255
192 192
192 193
192 200
192 256
193 193
193 194
193 201
193 257
194 194
194 195
194 202
194 258
195 195
195 196
195 203
195 259
196 196
196 197
196 204
196 260
197 197
197 198
197 205
197 261
198 198
198 199
198 206
198 262
199 199
199 207
199 263
200 200
200 201
200 208
200 264
201 201
201 202
201 209
201 265
202 202
202 203
202 210
202 266
203 203
203 204
203 211
203 267
204 204
204 205
204 212
204 268
205 205
205 206
205 213
205 269
206 206
206 207
206 214
206 270
207 207
207 215
207 271
208 208
208 209
208 216
208 272
209 209
209 210
209 217
209 273
210 210
210 211
210 218
210 274
211 211
211 212
211 219
211 275
212 212
212 213
212 220
212 276
213 213
213 214
213 221
213 277
214 214
214 215
214 222
214 278
215 215
215 223
215 279
216 216
216 217
216 224
216 280
217 217
217 218
217 225
217 281
218 218
218 219
218 226
218 282
219 219
219 220
219 227
219 283
220 220
220 221
220 228
220 284
221 221
221 222
221 229
221 285
222 222
222 223
222 230
222 286
223 223
223 231
223 287
224 224
224 225
224 232
224 288
225 225
225 226
225 233
225 289
226 226
226 227
226 234
226 290
227 227
227 228
227 235
227 291
228 228
228 229
228 236
228 292
229 229
229 230
229 237
229 293
230 230
230 231
230 238
230 294
231 231
231 239
231 295
232 232
232 233
232 240
232 296
233 233
233 234
233 241
233 297
234 234
234 235
234 242
234 298
235 235
235 236
235 243
235 299
236 236
236 237
236 244
236 300
237 237
237 238
237 245
237 301
238 238
238 239
238 246
238 302
239 239
239 247
239 303
240 240
240 241
240 248
240 304
241 241
241 242
241 249
241 305
242 242
242 243
242 250
242 306
243 243
243 244
243 251
243 307
244 244
244 245
244 252
244 308
245 245
245 246
245 253
245 309
246 246
246 247
246 254
246 310
247 247
247 255
247 311
248 248
248 249
248 312
249 249
249 250
249 313
250 250
250 251
250 314
251 251
251 252
251 315
252 252
252 253
252 316
253 253
253 254
253 317
254 254
254 255
254 318
255 255
255 319
256 256
256 257
256 264
256 320
257 257
257 258
257 265
257 321
258 258
258 259
258 266
258 322
259 259
259 260
259 267
259 323
260 260
260 261
260 268
260 324
261 261
261 262
261 269
261 325
262 262
262 263
262 270
262 326
263 263
263 271
263 327
264 264
264 265
264 272
264 328
265 265
265 266
265 273
265 329
266 266
266 267
266 274
266 330
267 267
267 268
267 275
267 331
268 268
268 269
268 276
268 332
269 269
269 270
269 277
269 333
270 270
270 271
270 278
270 334
271 271
271 279
271 335
272 272
272 273
272 280
272 336
273 273
273 274
273 281
273 337
274 274
274 275
274 282
274 338
275 275
275 276
275 283
275 339
276 276
276 277
276 284
276 340
277 277
277 278
277 285
277 341
278 278
278 279
278 286
278 342
279 279
279 287
279 343
280 280
280 281
280 288
280 344
281 281
281 282
281 289
281 345
282 282
282 283
282 290
282 346
283 283
283 284
283 291
283 347
284 284
284 285
284 292
284 348
285 285
285 286
285 293
285 349
286 286
286 287
286 294
286 350
287 287
287 295
287 351
288 288
288 289
288 296
288 352
289 289
289 290
289 297
289 353
290 290
290 291
290 298
290 354
291 291
291 292
291 299
291 355
292 292
292 293
292 300
292 356
293 293
293 294
293 301
293 357
294 294
294 295
294 302
294 358
295 295
295 303
295 359
296 296
296 297
296 304
296 360
297 297
297 298
297 305
297 361
298 298
298 299
298 306
298 362
299 299
299 300
299 307
299 363
300 300
300 301
300 308
300 364
301 301
301 302
301 309
301 365
302 302
302 303
302 310
302 366
303 303
303 311
303 367
304 304
304 305
304 312
304 368
305 305
305 306
305 313
305 369
306 306
306 307
306 314
306 370
307 307
307 308
307 315
307 371
308 308
308 309
308 316
308 372
309 309
309 310
309 317
309 373
310 310
310 311
310 318
310 374
311 311
311 319
311 375
312 312
312 313
312 376
313 313
313 314
313 377
314 314
314 315
314 378
315 315
315 316
315 379
316 316
316 317
316 380
317 317
317 318
317 381
318 318
318 319
318 382
319 319
319 383
320 320
320 321
320 328
320 384
321 321
321 322
321 329
321 385
322 322
322 323
322 330
322 386
323 323
323 324
323 331
323 387
324 324
324 325
324 332
324 388
325 325
325 326
325 333
325 389
326 326
326 327
326 334
326 390
327 327
327 335
327 391
328 328
328 329
328 336
328 392
329 329
329 330
329 337
329 393
330 330
330 331
330 338
330 394
331 331
331 332
331 339
331 395
332 332
332 333
332 340
332 396
333 333
333 334
333 341
333 397
334 334
334 335
334 342
334 398
335 335
335 343
335 399
336 336
336 337
336 344
336 400
337 337
337 338
337 345
337 401
338 338
338 339
338 346
338 402
339 339
339 340
339 347
339 403
340 340
340 341
340 348
340 404
341 341
341 342
341 349
341 405
342 342
342 343
342 350
342 406
343 343
343 351
343 407
344 344
344 345
344 352
344 408
345 345
345 346
345 353
345 409
346 346
346 347
346 354
346 410
347 347
347 348
347 355
347 411
348 348
348 349
348 356
348 412
349 349
349 350
349 357
349 413
350 350
350 351
350 358
350 414
351 351
351 359
351 415
352 352
352 353
352 360
352 416
353 353
353 354
353 361
353 417
354 354
354 355
354 362
354 418
355 355
355 356
355 363
355 419
356 356
356 357
356 364
356 420
357 357
357 358
357 365
357 421
358 358
358 359
358 366
358 422
359 359
359 367
359 423
360 360
360 361
360 368
360 424
361 361
361 362
361 369
361 425
362 362
362 363
362 370
362 426
363 363
363 364
363 371
363 427
364 364
364 365
364 372
364 428
365 365
365 366
365 373
365 429
366 366
366 367
366 374
366 430
367 367
367 375
367 431
368 368
368 369
368 376
368 432
369 369
369 370
369 377
369 433
370 370
370 371
370 378
370 434
371 371
371 372
371 379
371 435
372 372
372 373
372 380
372 436
373 373
373 374
373 381
373 437
374 374
374 375
374 382
374 438
375 375
375 383
375 439
376 376
376 377
376 440
377 377
377 378
377 441
378 378
378 379
378 442
379 379
379 380
379 443
380 380
380 381
380 444
381 381
381 382
381 445
382 382
382 383
382 446
383 383
383 447
384 384
384 385
384 392
384 448
385 385
385 386
385 393
385 449
386 386
386 387
386 394
386 450
387 387
387 388
387 395
387 451
388 388
388 389
388 396
388 452
389 389
389 390
389 397
389 453
390 390
390 391
390 398
390 454
391 391
391 399
391 455
392 392
392 393
392 400
392 456
393 393
393 394
393 401
393 457
394 394
394 395
394 402
394 458
395 395
395 396
395 403
395 459
396 396
396 397
396 404
396 460
397 397
397 398
397 405
397 461
398 398
398 399
398 406
398 462
399 399
399 407
399 463
400 400
400 401
400 408
400 464
401 401
401 402
401 409
401 465
402 402
402 403
402 410
402 466
403 403
403 404
403 411
403 467
404 404
404 405
404 412
404 468
405 405
405 406
405 413
405 469
406 406
406 407
406 414
406 470
407 407
407 415
407 471
408 408
408 409
408 416
408 472
409 409
409 410
409 417
409 473
410 410
410 411
410 418
410 474
411 411
411 412
411 419
411 475
412 412
412 413
412 420
412 476
413 413
413 414
413 421
413 477
414 414
414 415
414 422
414 478
415 415
415 423
415 479
416 416
416 417
416 424
416 480
417 417
417 418
417 425
417 481
418 418
418 419
418 426
418 482
419 419
419 420
419 427
419 483
420 420
420 421
420 428
420 484
421 421
421 422
421 429
421 485
422 422
422 423
422 430
422 486
423 423
423 431
423 487
424 424
424 425
424 432
424 488
425 425
425 426
425 433
425 489
426 426
426 427
426 434
426 490
427 427
427 428
427 435
427 491
428 428
428 429
428 436
428 492
429 429
429 430
429 437
429 493
430 430
430 431
430 438
430 494
431 431
431 439
431 495
432 432
432 433
432 440
432 496
433 433
433 434
433 441
433 497
434 434
434 435
434 442
434 498
435 435
435 436
435 443
435 499
436 436
436 437
436 444
436 500
437 437
437 438
437 445
437 501
438 438
438 439
438 446
438 502
439 439
439 447
439 503
440 440
440 441
440 504
441 441
441 442
441 505
442 442
442 443
442 506
443 443
443 444
443 507
444 444
444 445
444 508
445 445
445 446
445 509
446 446
446 447
446 510
447 447
447 511
448 448
448 449
448 456
448 512
449 449
449 450
449 457
449 513
450 450
450 451
450 458
450 514
451 451
451 452
451 459
451 515
452 452
452 453
452 460
452 516
453 453
453 454
453 461
453 517
454 454
454 455
454 462
454 518
455 455
455 463
455 519
456 456
456 457
456 464
456 520
457 457
457 458
457 465
457 521
458 458
458 459
458 466
458 522
459 459
459 460
459 467
459 523
460 460
460 461
460 468
460 524
461 461
461 462
461 469
461 525
462 462
462 463
462 470
462 526
463 463
463 471
463 527
464 464
464 465
464 472
464 528
465 465
465 466
465 473
465 529
466 466
466 467
466 474
466 530
467 467
467 468
467 475
467 531
468 468
468 469
468 476
468 532
469 469
469 470
469 477
469 533
470 470
470 471
470 478
470 534
471 471
471 479
471 535
472 472
472 473
472 480
472 536
473 473
473 474
473 481
473 537
474 474
474 475
474 482
474 538
475 475
475 476
475 483
475 539
476 476
476 477
476 484
476 540
477 477
477 478
477 485
477 541
478 478
478 479
478 486
478 542
479 479
479 487
479 543
480 480
480 481
480 488
480 544
481 481
481 482
481 489
481 545
482 482
482 483
482 490
482 546
483 483
483 484
483 491
483 547
484 484
484 485
484 492
484 548
485 485
485 486
485 493
485 549
486 486
486 487
486 494
486 550
487 487
487 495
487 551
488 488
488 489
488 496
488 552
489 489
489 490
489 497
489 553
490 490
490 491
490 498
490 554
491 491
491 492
491 499
491 555
492 492
492 493
492 500
492 556
493 493
493 494
493 501
493 557
494 494
494 495
494 502
494 558
495 495
495 503
495 559
496 496
496 497
496 504
496 560
497 497
497 498
497 505
497 561
498 498
498 499
498 506
498 562
499 499
499 500
499 507
499 563
500 500
500 501
500 508
500 564
501 501
501 502
501 509
501 565
502 502
502 503
502 510
502 566
503 503
503 511
503 567
504 504
504 505
504 568
505 505
505 506
505 569
506 506
506 507
506 570
507 507
507 508
507 571
508 508
508 509
508 572
509 509
509 510
509 573
510 510
510 511
510 574
511 511
511 575
512 512
512 513
512 520
512 576
513 513
513 514
513 521
513 577
514 514
514 515
514 522
514 578
515 515
515 516
515 523
515 579
516 516
516 517
516 524
516 580
517 517
517 518
517 525
517 581
518 518
518 519
518 526
518 582
519 519
519 527
519 583
520 520
520 521
520 528
520 584
521 521
521 522
521 529
521 585
522 522
522 523
522 530
522 586
523 523
523 524
523 531
523 587
524 524
524 525
524 532
524 588
525 525
525 526
525 533
525 589
526 526
526 527
526 534
526 590
527 527
527 535
527 591
528 528
528 529
528 536
528 592
529 529
529 530
529 537
529 593
530 530
530 531
530 538
530 594
531 531
531 532
531 539
531 595
532 532
532 533
532 540
532 596
533 533
533 534
533 541
533 597
534 534
534 535
534 542
534 598
535 535
535 543
535 599
536 536
536 537
536 544
536 600
537 537
537 538
537 545
537 601
538 538
538 539
538 546
538 602
539 539
539 540
539 547
539 603
540 540
540 541
540 548
540 604
541 541
541 542
541 549
541 605
542 542
542 543
542 550
542 606
543 543
543 551
543 607
544 544
544 545
544 552
544 608
545 545
545 546
545 553
545 609
546 546
546 547
546 554
546 610
547 547
547 548
547 555
547 611
548 548
548 549
548 556
548 612
549 549
549 550
549 557
549 613
550 550
550 551
550 558
550 614
551 551
551 559
551 615
552 552
552 553
552 560
552 616
553 553
553 554
553 561
553 617
554 554
554 555
554 562
554 618
555 555
555 556
555 563
555 619
556 556
556 557
556 564
556 620
557 557
557 558
557 565
557 621
558 558
558 559
558 566
558 622
559 559
559 567
559 623
560 560
560 561
560 568
560 624
561 561
561 562
561 569
561 625
562 562
562 563
562 570
562 626
563 563
563 564
563 571
563 627
564 564
564 565
564 572
564 628
565 565
565 566
565 573
565 629
566 566
566 567
566 574
566 630
567 567
567 575
567 631
568 568
568 569
568 632
569 569
569 570
569 633
570 570
570 571
570 634
571 571
571 572
571 635
572 572
572 573
572 636
573 573
573 574
573 637
574 574
574 575
574 638
575 575
575 639
576 576
576 577
576 584
576 640
577 577
577 578
577 585
577 641
578 578
578 579
578 586
578 642
579 579
579 580
579 587
579 643
580 580
580 581
580 588
580 644
581 581
581 582
581 589
581 645
582 582
582 583
582 590
582 646
583 583
583 591
583 647
584 584
584 585
584 592
584 648
585 585
585 586
585 593
585 649
586 586
586 587
586 594
586 650
587 587
587 588
587 595
587 651
588 588
588 589
588 596
588 652
589 589
589 590
589 597
589 653
590 590
590 591
590 598
590 654
591 591
591 599
591 655
592 592
592 593
592 600
592 656
593 593
593 594
593 601
593 657
594 594
594 595
594 602
594 658
595 595
595 596
595 603
595 659
596 596
596 597
596 604
596 660
597 597
597 598
597 605
597 661
598 598
598 599
598 606
598 662
599 599
599 607
599 663
600 600
600 601
600 608
600 664
601 601
601 602
601 609
601 665
602 602
602 603
602 610
602 666
603 603
603 604
603 611
603 667
604 604
604 605
604 612
604 668
605 605
605 606
605 613
605 669
606 606
606 607
606 614
606 670
607 607
607 615
607 671
608 608
608 609
608 616
608 672
609 609
609 610
609 617
609 673
610 610
610 611
610 618
610 674
611 611
611 612
611 619
611 675
612 612
612 613
612 620
612 676
613 613
613 614
613 621
613 677
614 614
614 615
614 622
614 678
615 615
615 623
615 679
616 616
616 617
616 624
616 680
617 617
617 618
617 625
617 681
618 618
618 619
618 626
618 682
619 619
619 620
619 627
619 683
620 620
620 621
620 628
620 684
621 621
621 622
621 629
621 685
622 622
622 623
622 630
622 686
623 623
623 631
623 687
624 624
624 625
624 632
624 688
625 625
625 626
625 633
625 689
626 626
626 627
626 634
626 690
627 627
627 628
627 635
627 691
628 628
628 629
628 636
628 692
629 629
629 630
629 637
629 693
630 630
630 631
630 638
630 694
631 631
631 639
631 695
632 632
632 633
632 696
633 633
633 634
633 697
634 634
634 635
634 698
635 635
635 636
635 699
636 636
636 637
636 700
637 637
637 638
637 701
638 638
638 639
638 702
639 639
639 703
640 640
640 641
640 648
640 704
641 641
641 642
641 649
641 705
642 642
642 643
642 650
642 706
643 643
643 644
643 651
643 707
644 644
644 645
644 652
644 708
645 645
645 646
645 653
645 709
646 646
646 647
646 654
646 710
647 647
647 655
647 711
648 648
648 649
648 656
648 712
649 649
649 650
649 657
649 713
650 650
650 651
650 658
650 714
651 651
651 652
651 659
651 715
652 652
652 653
652 660
652 716
653 653
653 654
653 661
653 717
654 654
654 655
654 662
654 718
655 655
655 663
655 719
656 656
656 657
656 664
656 720
657 657
657 658
657 665
657 721
658 658
658 659
658 666
658 722
659 659
659 660
659 667
659 723
660 660
660 661
660 668
660 724
661 661
661 662
661 669
661 725
662 662
662 663
662 670
662 726
663 663
663 671
663 727
664 664
664 665
664 672
664 728
665 665
665 666
665 673
665 729
666 666
666 667
666 674
666 730
667 667
667 668
667 675
667 731
668 668
668 669
668 676
668 732
669 669
669 670
669 677
669 733
670 670
670 671
670 678
670 734
671 671
671 679
671 735
672 672
672 673
672 680
672 736
673 673
673 674
673 681
673 737
674 674
674 675
674 682
674 738
675 675
675 676
675 683
675 739
676 676
676 677
676 684
676 740
677 677
677 678
677 685
677 741
678 678
678 679
678 686
678 742
679 679
679 687
679 743
680 680
680 681
680 688
680 744
681 681
681 682
681 689
681 745
682 682
682 683
682 690
682 746
683 683
683 684
683 691
683 747
684 684
684 685
684 692
684 748
685 685
685 686
685 693
685 749
686 686
686 687
686 694
686 750
687 687
687 695
687 751
688 688
688 689
688 696
688 752
689 689
689 690
689 697
689 753
690 690
690 691
690 698
690 754
691 691
691 692
691 699
691 755
692 692
692 693
692 700
692 756
693 693
693 694
693 701
693 757
694 694
694 695
694 702
694 758
695 695
695 703
695 759
696 696
696 697
696 760
697 697
697 698
697 761
698 698
698 699
698 762
699 699
699 700
699 763
700 700
700 701
700 764
701 701
701 702
701 765
702 702
702 703
702 766
703 703
703 767
704 704
704 705
704 712
704 768
705 705
705 706
705 713
705 769
706 706
706 707
706 714
706 770
707 707
707 708
707 715
707 771
708 708
708 709
708 716
708 772
709 709
709 710
709 717
709 773
710 710
710 711
710 718
710 774
711 711
711 719
711 775
712 712
712 713
712 720
712 776
713 713
713 714
713 721
713 777
714 714
714 715
714 722
714 778
715 715
715 716
715 723
715 779
716 716
716 717
716 724
716 780
717 717
717 718
717 725
717 781
718 718
718 719
718 726
718 782
719 719
719 727
719 783
720 720
720 721
720 728
720 784
721 721
721 722
721 729
721 785
722 722
722 723
722 730
722 786
723 723
723 724
723 731
723 787
724 724
724 725
724 732
724 788
725 725
725 726
725 733
725 789
726 726
726 727
726 734
726 790
727 727
727 735
727 791
728 728
728 729
728 736
728 792
729 729
729 730
729 737
729 793
730 730
730 731
730 738
730 794
731 731
731 732
731 739
731 795
732 732
732 733
732 740
732 796
733 733
733 734
733 741
733 797
734 734
734 735
734 742
734 798
735 735
735 743
735 799
736 736
736 737
736 744
736 800
737 737
737 738
737 745
737 801
738 738
738 739
738 746
738 802
739 739
739 740
739 747
739 803
740 740
740 741
740 748
740 804
741 741
741 742
741 749
741 805
742 742
742 743
742 750
742 806
743 743
743 751
743 807
744 744
744 745
744 752
744 808
745 745
745 746
745 753
745 809
746 746
746 747
746 754
746 810
747 747
747 748
747 755
747 811
748 748
748 749
748 756
748 812
749 749
749 750
749 757
749 813
750 750
750 751
750 758
750 814
751 751
751 759
751 815
752 752
752 753
752 760
752 816
753 753
753 754
753 761
753 817
754 754
754 755
754 762
754 818
755 755
755 756
755 763
755 819
756 756
756 757
756 764
756 820
757 757
757 758
757 765
757 821
758 758
758 759
758 766
758 822
759 759
759 767
759 823
760 760
760 761
760 824
761 761
761 762
761 825
762 762
762 763
762 826
763 763
763 764
763 827
764 764
764 765
764 828
765 765
765 766
765 829
766 766
766 767
766 830
767 767
767 831
768 768
768 769
768 776
768 832
769 769
769 770
769 777
769 833
770 770
770 771
770 778
770 834
771 771
771 772
771 779
771 835
772 772
772 773
772 780
772 836
773 773
773 774
773 781
773 837
774 774
774 775
774 782
774 838
775 775
775 783
775 839
776 776
776 777
776 784
776 840
777 777
777 778
777 785
777 841
778 778
778 779
778 786
778 842
779 779
779 780
779 787
779 843
780 780
780 781
780 788
780 844
781 781
781 782
781 789
781 845
782 782
782 783
782 790
782 846
783 783
783 791
783 847
784 784
784 785
784 792
784 848
785 785
785 786
785 793
785 849
786 786
786 787
786 794
786 850
787 787
787 788
787 795
787 851
788 788
788 789
788 796
788 852
789 789
789 790
789 797
789 853
790 790
790 791
790 798
790 854
791 791
791 799
791 855
792 792
792 793
792 800
792 856
793 793
793 794
793 801
793 857
794 794
794 795
794 802
794 858
795 795
795 796
795 803
795 859
796 796
796 797
796 804
796 860
797 797
797 798
797 805
797 861
798 798
798 799
798 806
798 862
799 799
799 807
799 863
800 800
800 801
800 808
800 864
801 801
801 802
801 809
801 865
802 802
802 803
802 810
802 866
803 803
803 804
803 811
803 867
804 804
804 805
804 812
804 868
805 805
805 806
805 813
805 869
806 806
806 807
806 814
806 870
807 807
807 815
807 871
808 808
808 809
808 816
808 872
809 809
809 810
809 817
809 873
810 810
810 811
810 818
810 874
811 811
811 812
811 819
811 875
812 812
812 813
812 820
812 876
813 813
813 814
813 821
813 877
814 814
814 815
814 822
814 878
815 815
815 823
815 879
816 816
816 817
816 824
816 880
817 817
817 818
817 825
817 881
818 818
818 819
818 826
818 882
819 819
819 820
819 827
819 883
820 820
820 821
820 828
820 884
821 821
821 822
821 829
821 885
822 822
822 823
822 830
822 886
823 823
823 831
823 887
824 824
824 825
824 888
825 825
825 826
825 889
826 826
826 827
826 890
827 827
827 828
827 891
828 828
828 829
828 892
829 829
829 830
829 893
830 830
830 831
830 894
831 831
831 895
832 832
832 833
832 840
832 896
833 833
833 834
833 841
833 897
834 834
834 835
834 842
834 898
835 835
835 836
835 843
835 899
836 836
836 837
836 844
836 900
837 837
837 838
837 845
837 901
838 838
838 839
838 846
838 902
839 839
839 847
839 903
840 840
840 841
840 848
840 904
841 841
841 842
841 849
841 905
842 842
842 843
842 850
842 906
843 843
843 844
843 851
843 907
844 844
844 845
844 852
844 908
845 845
845 846
845 853
845 909
846 846
846 847
846 854
846 910
847 847
847 855
847 911
848 848
848 849
848 856
848 912
849 849
849 850
849 857
849 913
850 850
850 851
850 858
850 914
851 851
851 852
851 859
851 915
852 852
852 853
852 860
852 916
853 853
853 854
853 861
853 917
854 854
854 855
854 862
854 918
855 855
855 863
855 919
856 856
856 857
856 864
856 920
857 857
857 858
857 865
857 921
858 858
858 859
858 866
858 922
859 859
859 860
859 867
859 923
860 860
860 861
860 868
860 924
861 861
861 862
861 869
861 925
862 862
862 863
862 870
862 926
863 863
863 871
863 927
864 864
864 865
864 872
864 928
865 865
865 866
865 873
865 929
866 866
866 867
866 874
866 930
867 867
867 868
867 875
867 931
868 868
868 869
868 876
868 932
869 869
869 870
869 877
869 933
870 870
870 871
870 878
870 934
871 871
871 879
871 935
872 872
872 873
872 880
872 936
873 873
873 874
873 881
873 937
874 874
874 875
874 882
874 938
875 875
875 876
875 883
875 939
876 876
876 877
876 884
876 940
877 877
877 878
877 885
877 941
878 878
878 879
878 886
878 942
879 879
879 887
879 943
880 880
880 881
880 888
880 944
881 881
881 882
881 889
881 945
882 882
882 883
882 890
882 946
883 883
883 884
883 891
883 947
884 884
884 885
884 892
884 948
885 885
885 886
885 893
885 949
886 886
886 887
886 894
886 950
887 887
887 895
887 951
888 888
888 889
888 952
889 889
889 890
889 953
890 890
890 891
890 954
891 891
891 892
891 955
892 892
892 893
892 956
893 893
893 894
893 957
894 894
894 895
894 958
895 895
895 959
896 896
896 897
896 904
896 960
897 897
897 898
897 905
897 961
898 898
898 899
898 906
898 962
899 899
899 900
899 907
899 963
900 900
900 901
900 908
900 964
901 901
901 902
901 909
901 965
902 902
902 903
902 910
902 966
903 903
903 911
903 967
904 904
904 905
904 912
904 968
905 905
905 906
905 913
905 969
906 906
906 907
906 914
906 970
907 907
907 908
907 915
907 971
908 908
908 909
908 916
908 972
909 909
909 910
909 917
909 973
910 910
910 911
910 918
910 974
911 911
911 919
911 975
912 912
912 913
912 920
912 976
913 913
913 914
913 921
913 977
914 914
914 915
914 922
914 978
915 915
915 916
915 923
915 979
916 916
916 917
916 924
916 980
917 917
917 918
917 925
917 981
918 918
918 919
918 926
918 982
919 919
919 927
919 983
920 920
920 921
920 928
920 984
921 921
921 922
921 929
921 985
922 922
922 923
922 930
922 986
923 923
923 924
923 931
923 987
924 924
924 925
924 932
924 988
925 925
925 926
925 933
925 989
926 926
926 927
926 934
926 990
927 927
927 935
927 991
928 928
928 929
928 936
928 992
929 929
929 930
929 937
929 993
930 930
930 931
930 938
930 994
931 931
931 932
931 939
931 995
932 932
932 933
932 940
932 996
933 933
933 934
933 941
933 997
934 934
934 935
934 942
934 998
935 935
935 943
935 999
936 936
936 937
936 944
936 1000
937 937
937 938
937 945
937 1001
938 938
938 939
938 946
938 1002
939 939
939 940
939 947
939 1003
940 940
940 941
940 948
940 1004
941 941
941 942
941 949
941 1005
942 942
942 943
942 950
942 1006
943 943
943 951
943 1007
944 944
944 945
944 952
944 1008
945 945
945 946
945 953
945 1009
946 946
946 947
946 954
946 1010
947 947
947 948
947 955
947 1011
948 948
948 949
948 956
948 1012
949 949
949 950
949 957
949 1013
950 950
950 951
950 958
950 1014
951 951
951 959
951 1015
952 952
952 953
952 1016
953 953
953 954
953 1017
954 954
954 955
954 1018
955 955
955 956
955 1019
956 956
956 957
956 1020
957 957
957 958
957 1021
958 958
958 959
958 1022
959 959
959 1023
960 960
960 961
960 968
960 1024
961 961
961 962
961 969
961 1025
962 962
962 963
962 970
962 1026
963 963
963 964
963 971
963 1027
964 964
964 965
964 972
964 1028
965 965
965 966
965 973
965 1029
966 966
966 967
966 974
966 1030
967 967
967 975
967 1031
968 968
968 969
968 976
968 1032
969 969
969 970
969 977
969 1033
970 970
970 971
970 978
970 1034
971 971
971 972
971 979
971 1035
972 972
972 973
972 980
972 1036
973 973
973 974
973 981
973 1037
974 974
974 975
974 982
974 1038
975 975
975 983
975 1039
976 976
976 977
976 984
976 1040
977 977
977 978
977 985
977 1041
978 978
978 979
978 986
978 1042
979 979
979 980
979 987
979 1043
980 980
980 981
980 988
980 1044
981 981
981 982
981 989
981 1045
982 982
982 983
982 990
982 1046
983 983
983 991
983 1047
984 984
984 985
984 992
984 1048
985 985
985 986
985 993
985 1049
986 986
986 987
986 994
986 1050
987 987
987 988
987 995
987 1051
988 988
988 989
988 996
988 1052
989 989
989 990
989 997
989 1053
990 990
990 991
990 998
990 1054
991 991
991 999
991 1055
992 992
992 993
992 1000
992 1056
993 993
993 994
993 1001
993 1057
994 994
994 995
994 1002
994 1058
995 995
995 996
995 1003
995 1059
996 996
996 997
996 1004
996 1060
997 997
997 998
997 1005
997 1061
998 998
998 999
998 1006
998 1062
999 999
999 1007
999 1063
1000 1000
1000 1001
1000 1008
1000 1064
1001 1001
1001 1002
1001 1009
1001 1065
1002 1002
1002 1003
1002 1010
1002 1066
1003 1003
1003 1004
1003 1011
1003 1067
1004 1004
1004 1005
1004 1012
1004 1068
1005 1005
1005 1006
1005 1013
1005 1069
1006 1006
1006 1007
1006 1014
1006 1070
1007 1007
1007 1015
1007 1071
1008 1008
1008 1009
1008 1016
1008 1072
1009 1009
1009 1010
1009 1017
1009 1073
1010 1010
1010 1011
1010 1018
1010 1074
1011 1011
1011 1012
1011 1019
1011 1075
1012 1012
1012 1013
1012 1020
1012 1076
1013 1013
1013 1014
1013 1021
1013 1077
1014 1014
1014 1015
1014 1022
1014 1078
1015 1015
1015 1023
1015 1079
1016 1016
1016 1017
1016 1080
1017 1017
1017 1018
1017 1081
1018 1018
1018 1019
1018 1082
1019 1019
1019 1020
1019 1083
1020 1020
1020 1021
1020 1084
1021 1021
1021 1022
1021 1085
1022 1022
1022 1023
1022 1086
1023 1023
1023 1087
1024 1024
1024 1025
1024 1032
1024 1088
1025 1025
1025 1026
1025 1033
1025 1089
1026 1026
1026 1027
1026 1034
1026 1090
1027 1027
1027 1028
1027 1035
1027 1091
1028 1028
1028 1029
1028 1036
1028 1092
1029 1029
1029 1030
1029 1037
1029 1093
1030 1030
1030 1031
1030 1038
1030 1094
1031 1031
1031 1039
1031 1095
1032 1032
1032 1033
1032 1040
1032 1096
1033 1033
1033 1034
1033 1041
1033 1097
1034 1034
1034 1035
1034 1042
1034 1098
1035 1035
1035 1036
1035 1043
1035 1099
1036 1036
1036 1037
1036 1044
1036 1100
1037 1037
1037 1038
1037 1045
1037 1101
1038 1038
1038 1039
1038 1046
1038 1102
1039 1039
1039 1047
1039 1103
1040 1040
1040 1041
1040 1048
1040 1104
1041 1041
1041 1042
1041 1049
1041 1105
1042 1042
1042 1043
1042 1050
1042 1106
1043 1043
1043 1044
1043 1051
1043 1107
1044 1044
1044 1045
1044 1052
1044 1108
1045 1045
1045 1046
1045 1053
1045 1109
1046 1046
1046 1047
1046 1054
1046 1110
1047 1047
1047 1055
1047 1111
1048 1048
1048 1049
1048 1056
1048 1112
1049 1049
1049 1050
1049 1057
1049 1113
1050 1050
1050 1051
1050 1058
1050 1114
1051 1051
1051 1052
1051 1059
1051 1115
1052 1052
1052 1053
1052 1060
1052 1116
1053 1053
1053 1054
1053 1061
1053 1117
1054 1054
1054 1055
1054 1062
1054 1118
1055 1055
1055 1063
1055 1119
1056 1056
1056 1057
1056 1064
1056 1120
1057 1057
1057 1058
1057 1065
1057 1121
1058 1058
1058 1059
1058 1066
1058 1122
1059 1059
1059 1060
1059 1067
1059 1123
1060 1060
1060 1061
1060 1068
1060 1124
1061 1061
1061 1062
1061 1069
1061 1125
1062 1062
1062 1063
1062 1070
1062 1126
1063 1063
1063 1071
1063 1127
1064 1064
1064 1065
1064 1072
1064 1128
1065 1065
1065 1066
1065 1073
1065 1129
1066 1066
1066 1067
1066 1074
1066 1130
1067 1067
1067 1068
1067 1075
1067 1131
1068 1068
1068 1069
1068 1076
1068 1132
1069 1069
1069 1070
1069 1077
1069 1133
1070 1070
1070 1071
1070 1078
1070 1134
1071 1071
1071 1079
1071 1135
1072 1072
1072 1073
1072 1080
1072 1136
1073 1073
1073 1074
1073 1081
1073 1137
1074 1074
1074 1075
1074 1082
1074 1138
1075 1075
1075 1076
1075 1083
1075 1139
1076 1076
1076 1077
1076 1084
1076 1140
1077 1077
1077 1078
1077 1085
1077 1141
1078 1078
1078 1079
1078 1086
1078 1142
1079 1079
1079 1087
1079 1143
1080 1080
1080 1081
1080 1144
1081 1081
1081 1082
1081 1145
1082 1082
1082 1083
1082 1146
1083 1083
1083 1084
1083 1147
1084 1084
1084 1085
1084 1148
1085 1085
1085 1086
1085 1149
1086 1086
1086 1087
1086 1150
1087 1087
1087 1151
1088 1088
1088 1089
1088 1096
1088 1152
1089 1089
1089 1090
1089 1097
1089 1153
1090 1090
1090 1091
1090 1098
1090 1154
1091 1091
1091 1092
1091 1099
1091 1155
1092 1092
1092 1093
1092 1100
1092 1156
1093 1093
1093 1094
1093 1101
1093 1157
1094 1094
1094 1095
1094 1102
1094 1158
1095 1095
1095 1103
1095 1159
1096 1096
1096 1097
1096 1104
1096 1160
1097 1097
1097 1098
1097 1105
1097 1161
1098 1098
1098 1099
1098 1106
1098 1162
1099 1099
1099 1100
1099 1107
1099 1163
1100 1100
1100 1101
1100 1108
1100 1164
1101 1101
1101 1102
1101 1109
1101 1165
1102 1102
1102 1103
1102 1110
1102 1166
1103 1103
1103 1111
1103 1167
1104 1104
1104 1105
1104 1112
1104 1168
1105 1105
1105 1106
1105 1113
1105 1169
1106 1106
1106 1107
1106 1114
1106 1170
1107 1107
1107 1108
1107 1115
1107 1171
1108 1108
1108 1109
1108 1116
1108 1172
1109 1109
1109 1110
1109 1117
1109 1173
1110 1110
1110 1111
1110 1118
1110 1174
1111 1111
1111 1119
1111 1175
1112 1112
1112 1113
1112 1120
1112 1176
1113 1113
1113 1114
1113 1121
1113 1177
1114 1114
1114 1115
1114 1122
1114 1178
1115 1115
1115 1116
1115 1123
1115 1179
1116 1116
1116 1117
1116 1124
1116 1180
1117 1117
1117 1118
1117 1125
1117 1181
1118 1118
1118 1119
1118 1126
1118 1182
1119 1119
1119 1127
1119 1183
1120 1120
1120 1121
1120 1128
1120 1184
1121 1121
1121 1122
1121 1129
1121 1185
1122 1122
1122 1123
1122 1130
1122 1186
1123 1123
1123 1124
1123 1131
1123 1187
1124 1124
1124 1125
1124 1132
1124 1188
1125 1125
1125 1126
1125 1133
1125 1189
1126 1126
1126 1127
1126 1134
1126 1190
1127 1127
1127 1135
1127 1191
1128 1128
1128 1129
1128 1136
1128 1192
1129 1129
1129 1130
1129 1137
1129 1193
1130 1130
1130 1131
1130 1138
1130 1194
1131 1131
1131 1132
1131 1139
1131 1195
1132 1132
1132 1133
1132 1140
1132 1196
1133 1133
1133 1134
1133 1141
1133 1197
1134 1134
1134 1135
1134 1142
1134 1198
1135 1135
1135 1143
1135 1199
1136 1136
1136 1137
1136 1144
1136 1200
1137 1137
1137 1138
1137 1145
1137 1201
1138 1138
1138 1139
1138 1146
1138 1202
1139 1139
1139 1140
1139 1147
1139 1203
1140 1140
1140 1141
1140 1148
1140 1204
1141 1141
1141 1142
1141 1149
1141 1205
1142 1142
1142 1143
1142 1150
1142 1206
1143 1143
1143 1151
1143 1207
1144 1144
1144 1145
1144 1208
1145 1145
1145 1146
1145 1209
1146 1146
1146 1147
1146 1210
1147 1147
1147 1148
1147 1211
1148 1148
1148 1149
1148 1212
1149 1149
1149 1150
1149 1213
1150 1150
1150 1151
1150 1214
1151 1151
1151 1215
1152 1152
1152 1153
1152 1160
1152 1216
1153 1153
1153 1154
1153 1161
1153 1217
1154 1154
1154 1155
1154 1162
1154 1218
1155 1155
1155 1156
1155 1163
1155 1219
1156 1156
1156 1157
1156 1164
1156 1220
1157 1157
1157 1158
1157 1165
1157 1221
1158 1158
1158 1159
1158 1166
1158 1222
1159 1159
1159 1167
1159 1223
1160 1160
1160 1161
1160 1168
1160 1224
1161 1161
1161 1162
1161 1169
1161 1225
1162 1162
1162 1163
1162 1170
1162 1226
1163 1163
1163 1164
1163 1171
1163 1227
1164 1164
1164 1165
1164 1172
1164 1228
1165 1165
1165 1166
1165 1173
1165 1229
1166 1166
1166 1167
1166 1174
1166 1230
1167 1167
1167 1175
1167 1231
1168 1168
1168 1169
1168 1176
1168 1232
1169 1169
1169 1170
1169 1177
1169 1233
1170 1170
1170 1171
1170 1178
1170 1234
1171 1171
1171 1172
1171 1179
1171 1235
1172 1172
1172 1173
1172 1180
1172 1236
1173 1173
1173 1174
1173 1181
1173 1237
1174 1174
1174 1175
1174 1182
1174 1238
1175 1175
1175 1183
1175 1239
1176 1176
1176 1177
1176 1184
1176 1240
1177 1177
1177 1178
1177 1185
1177 1241
1178 1178
1178 1179
1178 1186
1178 1242
1179 1179
1179 1180
1179 1187
1179 1243
1180 1180
1180 1181
1180 1188
1180 1244
1181 1181
1181 1182
1181 1189
1181 1245
1182 1182
1182 1183
1182 1190
1182 1246
1183 1183
1183 1191
1183 1247
1184 1184
1184 1185
1184 1192
1184 1248
1185 1185
1185 1186
1185 1193
1185 1249
1186 1186
1186 1187
1186 1194
1186 1250
1187 1187
1187 1188
1187 1195
1187 1251
1188 1188
1188 1189
1188 1196
1188 1252
1189 1189
1189 1190
1189 1197
1189 1253
1190 1190
1190 1191
1190 1198
1190 1254
1191 1191
1191 1199
1191 1255
1192 1192
1192 1193
1192 1200
1192 1256
1193 1193
1193 1194
1193 1201
1193 1257
1194 1194
1194 1195
1194 1202
1194 1258
1195 1195
1195 1196
1195 1203
1195 1259
1196 1196
1196 1197
1196 1204
1196 1260
1197 1197
1197 1198
1197 1205
1197 1261
1198 1198
1198 1199
1198 1206
1198 1262
1199 1199
1199 1207
1199 1263
1200 1200
1200 1201
1200 1208
1200 1264
1201 1201
1201 1202
1201 1209
1201 1265
1202 1202
1202 1203
1202 1210
1202 1266
1203 1203
1203 1204
1203 1211
1203 1267
1204 1204
1204 1205
1204 1212
1204 1268
1205 1205
1205 1206
1205 1213
1205 1269
1206 1206
1206 1207
1206 1214
1206 1270
1207 1207
1207 1215
1207 1271
1208 1208
1208 1209
1208 1272
1209 1209
1209 1210
1209 1273
1210 1210
1210 1211
1210 1274
1211 1211
1211 1212
1211 1275
1212 1212
1212 1213
1212 1276
1213 1213
1213 1214
1213 1277
1214 1214
1214 1215
1214 1278
1215 1215
1215 1279
1216 1216
1216 1217
1216 1224
1216 1280
1217 1217
1217 1218
1217 1225
1217 1281
1218 1218
1218 1219
1218 1226
1218 1282
1219 1219
1219 1220
1219 1227
1219 1283
1220 1220
1220 1221
1220 1228
1220 1284
1221 1221
1221 1222
1221 1229
1221 1285
1222 1222
1222 1223
1222 1230
1222 1286
1223 1223
1223 1231
1223 1287
1224 1224
1224 1225
1224 1232
1224 1288
1225 1225
1225 1226
1225 1233
1225 1289
1226 1226
1226 1227
1226 1234
1226 1290
1227 1227
1227 1228
1227 1235
1227 1291
1228 1228
1228 1229
1228 1236
1228 1292
1229 1229
1229 1230
1229 1237
1229 1293
1230 1230
1230 1231
1230 1238
1230 1294
1231 1231
1231 1239
1231 1295
1232 1232
1232 1233
1232 1240
1232 1296
1233 1233
1233 1234
1233 1241
1233 1297
1234 1234
1234 1235
1234 1242
1234 1298
1235 1235
1235 1236
1235 1243
1235 1299
1236 1236
1236 1237
1236 1244
1236 1300
1237 1237
1237 1238
1237 1245
1237 1301
1238 1238
1238 1239
1238 1246
1238 1302
1239 1239
1239 1247
1239 1303
1240 1240
1240 1241
1240 1248
1240 1304
1241 1241
1241 1242
1241 1249
1241 1305
1242 1242
1242 1243
1242 1250
1242 1306
1243 1243
1243 1244
1243 1251
1243 1307
1244 1244
1244 1245
1244 1252
1244 1308
1245 1245
1245 1246
1245 1253
1245 1309
1246 1246
1246 1247
1246 1254
1246 1310
1247 1247
1247 1255
1247 1311
1248 1248
1248 1249
1248 1256
1248 1312
1249 1249
1249 1250
1249 1257
1249 1313
1250 1250
1250 1251
1250 1258
1250 1314
1251 1251
1251 1252
1251 1259
1251 1315
1252 1252
1252 1253
1252 1260
1252 1316
1253 1253
1253 1254
1253 1261
1253 1317
1254 1254
1254 1255
1254 1262
1254 1318
1255 1255
1255 1263
1255 1319
1256 1256
1256 1257
1256 1264
1256 1320
1257 1257
1257 1258
1257 1265
1257 1321
1258 1258
1258 1259
1258 1266
1258 1322
1259 1259
1259 1260
1259 1267
1259 1323
1260 1260
1260 1261
1260 1268
1260 1324
1261 1261
1261 1262
1261 1269
1261 1325
1262 1262
1262 1263
1262 1270
1262 1326
1263 1263
1263 1271
1263 1327
1264 1264
1264 1265
1264 1272
1264 1328
1265 1265
1265 1266
1265 1273
1265 1329
1266 1266
1266 1267
1266 1274
1266 1330
1267 1267
1267 1268
1267 1275
1267 1331
1268 1268
1268 1269
1268 1276
1268 1332
1269 1269
1269 1270
1269 1277
1269 1333
1270 1270
1270 1271
1270 1278
1270 1334
1271 1271
1271 1279
1271 1335
1272 1272
1272 1273
1272 1336
1273 1273
1273 1274
1273 1337
1274 1274
1274 1275
1274 1338
1275 1275
1275 1276
1275 1339
1276 1276
1276 1277
1276 1340
1277 1277
1277 1278
1277 1341
1278 1278
1278 1279
1278 1342
1279 1279
1279 1343
1280 1280
1280 1281
1280 1288
1280 1344
1281 1281
1281 1282
1281 1289
1281 1345
1282 1282
1282 1283
1282 1290
1282 1346
1283 1283
1283 1284
1283 1291
1283 1347
1284 1284
1284 1285
1284 1292
1284 1348
1285 1285
1285 1286
1285 1293
1285 1349
1286 1286
1286 1287
1286 1294
1286 1350
1287 1287
1287 1295
1287 1351
1288 1288
1288 1289
1288 1296
1288 1352
1289 1289
1289 1290
1289 1297
1289 1353
1290 1290
1290 1291
1290 1298
1290 1354
1291 1291
1291 1292
1291 1299
1291 1355
1292 1292
1292 1293
1292 1300
1292 1356
1293 1293
1293 1294
1293 1301
1293 1357
1294 1294
1294 1295
1294 1302
1294 1358
1295 1295
1295 1303
1295 1359
1296 1296
1296 1297
1296 1304
1296 1360
1297 1297
1297 1298
1297 1305
1297 1361
1298 1298
1298 1299
1298 1306
1298 1362
1299 1299
1299 1300
1299 1307
1299 1363
1300 1300
1300 1301
1300 1308
1300 1364
1301 1301
1301 1302
1301 1309
1301 1365
1302 1302
1302 1303
1302 1310
1302 1366
1303 1303
1303 1311
1303 1367
1304 1304
1304 1305
1304 1312
1304 1368
1305 1305
1305 1306
1305 1313
1305 1369
1306 1306
1306 1307
1306 1314
1306 1370
1307 1307
1307 1308
1307 1315
1307 1371
1308 1308
1308 1309
1308 1316
1308 1372
1309 1309
1309 1310
1309 1317
1309 1373
1310 1310
1310 1311
1310 1318
1310 1374
1311 1311
1311 1319
1311 1375
1312 1312
1312 1313
1312 1320
1312 1376
1313 1313
1313 1314
1313 1321
1313 1377
1314 1314
1314 1315
1314 1322
1314 1378
1315 1315
1315 1316
1315 1323
1315 1379
1316 1316
1316 1317
1316 1324
1316 1380
1317 1317
1317 1318
1317 1325
1317 1381
1318 1318
1318 1319
1318 1326
1318 1382
1319 1319
1319 1327
1319 1383
1320 1320
1320 1321
1320 1328
1320 1384
1321 1321
1321 1322
1321 1329
1321 1385
1322 1322
1322 1323
1322 1330
1322 1386
1323 1323
1323 1324
1323 1331
1323 1387
1324 1324
1324 1325
1324 1332
1324 1388
1325 1325
1325 1326
1325 1333
1325 1389
1326 1326
1326 1327
1326 1334
1326 1390
1327 1327
1327 1335
1327 1391
1328 1328
1328 1329
1328 1336
1328 1392
1329 1329
1329 1330
1329 1337
1329 1393
1330 1330
1330 1331
1330 1338
1330 1394
1331 1331
1331 1332
1331 1339
1331 1395
1332 1332
1332 1333
1332 1340
1332 1396
1333 1333
1333 1334
1333 1341
1333 1397
1334 1334
1334 1335
1334 1342
1334 1398
1335 1335
1335 1343
1335 1399
1336 1336
1336 1337
1336 1400
1337 1337
1337 1338
1337 1401
1338 1338
1338 1339
1338 1402
1339 1339
1339 1340
1339 1403
1340 1340
1340 1341
1340 1404
1341 1341
1341 1342
1341 1405
1342 1342
1342 1343
1342 1406
1343 1343
1343 1407
1344 1344
1344 1345
1344 1352
1344 1408
1345 1345
1345 1346
1345 1353
1345 1409
1346 1346
1346 1347
1346 1354
1346 1410
1347 1347
1347 1348
1347 1355
1347 1411
1348 1348
1348 1349
1348 1356
1348 1412
1349 1349
1349 1350
1349 1357
1349 1413
1350 1350
1350 1351
1350 1358
1350 1414
1351 1351
1351 1359
1351 1415
1352 1352
1352 1353
1352 1360
1352 1416
1353 1353
1353 1354
1353 1361
1353 1417
1354 1354
1354 1355
1354 1362
1354 1418
1355 1355
1355 1356
1355 1363
1355 1419
1356 1356
1356 1357
1356 1364
1356 1420
1357 1357
1357 1358
1357 1365
1357 1421
1358 1358
1358 1359
1358 1366
1358 1422
1359 1359
1359 1367
1359 1423
1360 1360
1360 1361
1360 1368
1360 1424
1361 1361
1361 1362
1361 1369
1361 1425
1362 1362
1362 1363
1362 1370
1362 1426
1363 1363
1363 1364
1363 1371
1363 1427
1364 1364
1364 1365
1364 1372
1364 1428
1365 1365
1365 1366
1365 1373
1365 1429
1366 1366
1366 1367
1366 1374
1366 1430
1367 1367
1367 1375
1367 1431
1368 1368
1368 1369
1368 1376
1368 1432
1369 1369
1369 1370
1369 1377
1369 1433
1370 1370
1370 1371
1370 1378
1370 1434
1371 1371
1371 1372
1371 1379
1371 1435
1372 1372
1372 1373
1372 1380
1372 1436
1373 1373
1373 1374
1373 1381
1373 1437
1374 1374
1374 1375
1374 1382
1374 1438
1375 1375
1375 1383
1375 1439
1376 1376
1376 1377
1376 1384
1376 1440
1377 1377
1377 1378
1377 1385
1377 1441
1378 1378
1378 1379
1378 1386
1378 1442
1379 1379
1379 1380
1379 1387
1379 1443
1380 1380
1380 1381
1380 1388
1380 1444
1381 1381
1381 1382
1381 1389
1381 1445
1382 1382
1382 1383
1382 1390
1382 1446
1383 1383
1383 1391
1383 1447
1384 1384
1384 1385
1384 1392
1384 1448
1385 1385
1385 1386
1385 1393
1385 1449
1386 1386
1386 1387
1386 1394
1386 1450
1387 1387
1387 1388
1387 1395
1387 1451
1388 1388
1388 1389
1388 1396
1388 1452
1389 1389
1389 1390
1389 1397
1389 1453
1390 1390
1390 1391
1390 1398
1390 1454
1391 1391
1391 1399
1391 1455
1392 1392
1392 1393
1392 1400
1392 1456
1393 1393
1393 1394
1393 1401
1393 1457
1394 1394
1394 1395
1394 1402
1394 1458
1395 1395
1395 1396
1395 1403
1395 1459
1396 1396
1396 1397
1396 1404
1396 1460
1397 1397
1397 1398
1397 1405
1397 1461
1398 1398
1398 1399
1398 1406
1398 1462
1399 1399
1399 1407
1399 1463
1400 1400
1400 1401
1400 1464
1401 1401
1401 1402
1401 1465
1402 1402
1402 1403
1402 1466
1403 1403
1403 1404
1403 1467
1404 1404
1404 1405
1404 1468
1405 1405
1405 1406
1405 1469
1406 1406
1406 1407
1406 1470
1407 1407
1407 1471
1408 1408
1408 1409
1408 1416
1408 1472
1409 1409
1409 1410
1409 1417
1409 1473
1410 1410
1410 1411
1410 1418
1410 1474
1411 1411
1411 1412
1411 1419
1411 1475
1412 1412
1412 1413
1412 1420
1412 1476
1413 1413
1413 1414
1413 1421
1413 1477
1414 1414
1414 1415
1414 1422
1414 1478
1415 1415
1415 1423
1415 1479
1416 1416
1416 1417
1416 1424
1416 1480
1417 1417
1417 1418
1417 1425
1417 1481
1418 1418
1418 1419
1418 1426
1418 1482
1419 1419
1419 1420
1419 1427
1419 1483
1420 1420
1420 1421
1420 1428
1420 1484
1421 1421
1421 1422
1421 1429
1421 1485
1422 1422
1422 1423
1422 1430
1422 1486
1423 1423
1423 1431
1423 1487
1424 1424
1424 1425
1424 1432
1424 1488
1425 1425
1425 1426
1425 1433
1425 1489
1426 1426
1426 1427
1426 1434
1426 1490
1427 1427
1427 1428
1427 1435
1427 1491
1428 1428
1428 1429
1428 1436
1428 1492
1429 1429
1429 1430
1429 1437
1429 1493
1430 1430
1430 1431
1430 1438
1430 1494
1431 1431
1431 1439
1431 1495
1432 1432
1432 1433
1432 1440
1432 1496
1433 1433
1433 1434
1433 1441
1433 1497
1434 1434
1434 1435
1434 1442
1434 1498
1435 1435
1435 1436
1435 1443
1435 1499
1436 1436
1436 1437
1436 1444
1436 1500
1437 1437
1437 1438
1437 1445
1437 1501
1438 1438
1438 1439
1438 1446
1438 1502
1439 1439
1439 1447
1439 1503
1440 1440
1440 1441
1440 1448
1440 1504
1441 1441
1441 1442
1441 1449
1441 1505
1442 1442
1442 1443
1442 1450
1442 1506
1443 1443
1443 1444
1443 1451
1443 1507
1444 1444
1444 1445
1444 1452
1444 1508
1445 1445
1445 1446
1445 1453
1445 1509
1446 1446
1446 1447
1446 1454
1446 1510
1447 1447
1447 1455
1447 1511
1448 1448
1448 1449
1448 1456
1448 1512
1449 1449
1449 1450
1449 1457
1449 1513
1450 1450
1450 1451
1450 1458
1450 1514
1451 1451
1451 1452
1451 1459
1451 1515
1452 1452
1452 1453
1452 1460
1452 1516
1453 1453
1453 1454
1453 1461
1453 1517
1454 1454
1454 1455
1454 1462
1454 1518
1455 1455
1455 1463
1455 1519
1456 1456
1456 1457
1456 1464
1456 1520
1457 1457
1457 1458
1457 1465
1457 1521
1458 1458
1458 1459
1458 1466
1458 1522
1459 1459
1459 1460
1459 1467
1459 1523
1460 1460
1460 1461
1460 1468
1460 1524
1461 1461
1461 1462
1461 1469
1461 1525
1462 1462
1462 1463
1462 1470
1462 1526
1463 1463
1463 1471
1463 1527
1464 1464
1464 1465
1464 1528
1465 1465
1465 1466
1465 1529
1466 1466
1466 1467
1466 1530
1467 1467
1467 1468
1467 1531
1468 1468
1468 1469
1468 1532
1469 1469
1469 1470
1469 1533
1470 1470
1470 1471
1470 1534
1471 1471
1471 1535
1472 1472
1472 1473
1472 1480
1472 1536
1473 1473
1473 1474
1473 1481
1473 1537
1474 1474
1474 1475
1474 1482
1474 1538
1475 1475
1475 1476
1475 1483
1475 1539
1476 1476
1476 1477
1476 1484
1476 1540
1477 1477
1477 1478
1477 1485
1477 1541
1478 1478
1478 1479
1478 1486
1478 1542
1479 1479
1479 1487
1479 1543
1480 1480
1480 1481
1480 1488
1480 1544
1481 1481
1481 1482
1481 1489
1481 1545
1482 1482
1482 1483
1482 1490
1482 1546
1483 1483
1483 1484
1483 1491
1483 1547
1484 1484
1484 1485
1484 1492
1484 1548
1485 1485
1485 1486
1485 1493
1485 1549
1486 1486
1486 1487
1486 1494
1486 1550
1487 1487
1487 1495
1487 1551
1488 1488
1488 1489
1488 1496
1488 1552
1489 1489
1489 1490
1489 1497
1489 1553
1490 1490
1490 1491
1490 1498
1490 1554
1491 1491
1491 1492
1491 1499
1491 1555
1492 1492
1492 1493
1492 1500
1492 1556
1493 1493
1493 1494
1493 1501
1493 1557
1494 1494
1494 1495
1494 1502
1494 1558
1495 1495
1495 1503
1495 1559
1496 1496
1496 1497
1496 1504
1496 1560
1497 1497
1497 1498
1497 1505
1497 1561
1498 1498
1498 1499
1498 1506
1498 1562
1499 1499
1499 1500
1499 1507
1499 1563
1500 1500
1500 1501
1500 1508
1500 1564
1501 1501
1501 1502
1501 1509
1501 1565
1502 1502
1502 1503
1502 1510
1502 1566
1503 1503
1503 1511
1503 1567
1504 1504
1504 1505
1504 1512
1504 1568
1505 1505
1505 1506
1505 1513
1505 1569
1506 1506
1506 1507
1506 1514
1506 1570
1507 1507
1507 1508
1507 1515
1507 1571
1508 1508
1508 1509
1508 1516
1508 1572
1509 1509
1509 1510
1509 1517
1509 1573
1510 1510
1510 1511
1510 1518
1510 1574
1511 1511
1511 1519
1511 1575
1512 1512
1512 1513
1512 1520
1512 1576
1513 1513
1513 1514
1513 1521
1513 1577
1514 1514
1514 1515
1514 1522
1514 1578
1515 1515
1515 1516
1515 1523
1515 1579
1516 1516
1516 1517
1516 1524
1516 1580
1517 1517
1517 1518
1517 1525
1517 1581
1518 1518
1518 1519
1518 1526
1518 1582
1519 1519
1519 1527
1519 1583
1520 1520
1520 1521
1520 1528
1520 1584
1521 1521
1521 1522
1521 1529
1521 1585
1522 1522
1522 1523
1522 1530
1522 1586
1523 1523
1523 1524
1523 1531
1523 1587
1524 1524
1524 1525
1524 1532
1524 1588
1525 1525
1525 1526
1525 1533
1525 1589
1526 1526
1526 1527
1526 1534
1526 1590
1527 1527
1527 1535
1527 1591
1528 1528
1528 1529
1528 1592
1529 1529
1529 1530
1529 1593
1530 1530
1530 1531
1530 1594
1531 1531
1531 1532
1531 1595
1532 1532
1532 1533
1532 1596
1533 1533
1533 1534
1533 1597
1534 1534
1534 1535
1534 1598
1535 1535
1535 1599
1536 1536
1536 1537
1536 1544
1536 1600
1537 1537
1537 1538
1537 1545
1537 1601
1538 1538
1538 1539
1538 1546
1538 1602
1539 1539
1539 1540
1539 1547
1539 1603
1540 1540
1540 1541
1540 1548
1540 1604
1541 1541
1541 1542
1541 1549
1541 1605
1542 1542
1542 1543
1542 1550
1542 1606
1543 1543
1543 1551
1543 1607
1544 1544
1544 1545
1544 1552
1544 1608
1545 1545
1545 1546
1545 1553
1545 1609
1546 1546
1546 1547
1546 1554
1546 1610
1547 1547
1547 1548
1547 1555
1547 1611
1548 1548
1548 1549
1548 1556
1548 1612
1549 1549
1549 1550
1549 1557
1549 1613
1550 1550
1550 1551
1550 1558
1550 1614
1551 1551
1551 1559
1551 1615
1552 1552
1552 1553
1552 1560
1552 1616
1553 1553
1553 1554
1553 1561
1553 1617
1554 1554
1554 1555
1554 1562
1554 1618
1555 1555
1555 1556
1555 1563
1555 1619
1556 1556
1556 1557
1556 1564
1556 1620
1557 1557
1557 1558
1557 1565
1557 1621
1558 1558
1558 1559
1558 1566
1558 1622
1559 1559
1559 1567
1559 1623
1560 1560
1560 1561
1560 1568
1560 1624
1561 1561
1561 1562
1561 1569
1561 1625
1562 1562
1562 1563
1562 1570
1562 1626
1563 1563
1563 1564
1563 1571
1563 1627
1564 1564
1564 1565
1564 1572
1564 1628
1565 1565
1565 1566
1565 1573
1565 1629
1566 1566
1566 1567
1566 1574
1566 1630
1567 1567
1567 1575
1567 1631
1568 1568
1568 1569
1568 1576
1568 1632
1569 1569
1569 1570
1569 1577
1569 1633
1570 1570
1570 1571
1570 1578
1570 1634
1571 1571
1571 1572
1571 1579
1571 1635
1572 1572
1572 1573
1572 1580
1572 1636
1573 1573
1573 1574
1573 1581
1573 1637
1574 1574
1574 1575
1574 1582
1574 1638
1575 1575
1575 1583
1575 1639
1576 1576
1576 1577
1576 1584
1576 1640
1577 1577
1577 1578
1577 1585
1577 1641
1578 1578
1578 1579
1578 1586
1578 1642
1579 1579
1579 1580
1579 1587
1579 1643
1580 1580
1580 1581
1580 1588
1580 1644
1581 1581
1581 1582
1581 1589
1581 1645
1582 1582
1582 1583
1582 1590
1582 1646
1583 1583
1583 1591
1583 1647
1584 1584
1584 1585
1584 1592
1584 1648
1585 1585
1585 1586
1585 1593
1585 1649
1586 1586
1586 1587
1586 1594
1586 1650
1587 1587
1587 1588
1587 1595
1587 1651
1588 1588
1588 1589
1588 1596
1588 1652
1589 1589
1589 1590
1589 1597
1589 1653
1590 1590
1590 1591
1590 1598
1590 1654
1591 1591
1591 1599
1591 1655
1592 1592
1592 1593
1592 1656
1593 1593
1593 1594
1593 1657
1594 1594
1594 1595
1594 1658
1595 1595
1595 1596
1595 1659
1596 1596
1596 1597
1596 1660
1597 1597
1597 1598
1597 1661
1598 1598
1598 1599
1598 1662
1599 1599
1599 1663
1600 1600
1600 1601
1600 1608
1600 1664
1601 1601
1601 1602
1601 1609
1601 1665
1602 1602
1602 1603
1602 1610
1602 1666
1603 1603
1603 1604
1603 1611
1603 1667
1604 1604
1604 1605
1604 1612
1604 1668
1605 1605
1605 1606
1605 1613
1605 1669
1606 1606
1606 1607
1606 1614
1606 1670
1607 1607
1607 1615
1607 1671
1608 1608
1608 1609
1608 1616
1608 1672
1609 1609
1609 1610
1609 1617
1609 1673
1610 1610
1610 1611
1610 1618
1610 1674
1611 1611
1611 1612
1611 1619
1611 1675
1612 1612
1612 1613
1612 1620
1612 1676
1613 1613
1613 1614
1613 1621
1613 1677
1614 1614
1614 1615
1614 1622
1614 1678
1615 1615
1615 1623
1615 1679
1616 1616
1616 1617
1616 1624
1616 1680
1617 1617
1617 1618
1617 1625
1617 1681
1618 1618
1618 1619
1618 1626
1618 1682
1619 1619
1619 1620
1619 1627
1619 1683
1620 1620
1620 1621
1620 1628
1620 1684
1621 1621
1621 1622
1621 1629
1621 1685
1622 1622
1622 1623
1622 1630
1622 1686
1623 1623
1623 1631
1623 1687
1624 1624
1624 1625
1624 1632
1624 1688
1625 1625
1625 1626
1625 1633
1625 1689
1626 1626
1626 1627
1626 1634
1626 1690
1627 1627
1627 1628
1627 1635
1627 1691
1628 1628
1628 1629
1628 1636
1628 1692
1629 1629
1629 1630
1629 1637
1629 1693
1630 1630
1630 1631
1630 1638
1630 1694
1631 1631
1631 1639
1631 1695
1632 1632
1632 1633
1632 1640
1632 1696
1633 1633
1633 1634
1633 1641
1633 1697
1634 1634
1634 1635
1634 1642
1634 1698
1635 1635
1635 1636
1635 1643
1635 1699
1636 1636
1636 1637
1636 1644
1636 1700
1637 1637
1637 1638
1637 1645
1637 1701
1638 1638
1638 1639
1638 1646
1638 1702
1639 1639
1639 1647
1639 1703
1640 1640
1640 1641
1640 1648
1640 1704
1641 1641
1641 1642
1641 1649
1641 1705
1642 1642
1642 1643
1642 1650
1642 1706
1643 1643
1643 1644
1643 1651
1643 1707
1644 1644
1644 1645
1644 1652
1644 1708
1645 1645
1645 1646
1645 1653
1645 1709
1646 1646
1646 1647
1646 1654
1646 1710
1647 1647
1647 1655
1647 1711
1648 1648
1648 1649
1648 1656
1648 1712
1649 1649
1649 1650
1649 1657
1649 1713
1650 1650
1650 1651
1650 1658
1650 1714
1651 1651
1651 1652
1651 1659
1651 1715
1652 1652
1652 1653
1652 1660
1652 1716
1653 1653
1653 1654
1653 1661
1653 1717
1654 1654
1654 1655
1654 1662
1654 1718
1655 1655
1655 1663
1655 1719
1656 1656
1656 1657
1656 1720
1657 1657
1657 1658
1657 1721
1658 1658
1658 1659
1658 1722
1659 1659
1659 1660
1659 1723
1660 1660
1660 1661
1660 1724
1661 1661
1661 1662
1661 1725
1662 1662
1662 1663
1662 1726
1663 1663
1663 1727
1664 1664
1664 1665
1664 1672
1664 1728
1665 1665
1665 1666
1665 1673
1665 1729
1666 1666
1666 1667
1666 1674
1666 1730
1667 1667
1667 1668
1667 1675
1667 1731
1668 1668
1668 1669
1668 1676
1668 1732
1669 1669
1669 1670
1669 1677
1669 1733
1670 1670
1670 1671
1670 1678
1670 1734
1671 1671
1671 1679
1671 1735
1672 1672
1672 1673
1672 1680
1672 1736
1673 1673
1673 1674
1673 1681
1673 1737
1674 1674
1674 1675
1674 1682
1674 1738
1675 1675
1675 1676
1675 1683
1675 1739
1676 1676
1676 1677
1676 1684
1676 1740
1677 1677
1677 1678
1677 1685
1677 1741
1678 1678
1678 1679
1678 1686
1678 1742
1679 1679
1679 1687
1679 1743
1680 1680
1680 1681
1680 1688
1680 1744
1681 1681
1681 1682
1681 1689
1681 1745
1682 1682
1682 1683
1682 1690
1682 1746
1683 1683
1683 1684
1683 1691
1683 1747
1684 1684
1684 1685
1684 1692
1684 1748
1685 1685
1685 1686
1685 1693
1685 1749
1686 1686
1686 1687
1686 1694
1686 1750
1687 1687
1687 1695
1687 1751
1688 1688
1688 1689
1688 1696
1688 1752
1689 1689
1689 1690
1689 1697
1689 1753
1690 1690
1690 1691
1690 1698
1690 1754
1691 1691
1691 1692
1691 1699
1691 1755
1692 1692
1692 1693
1692 1700
1692 1756
1693 1693
1693 1694
1693 1701
1693 1757
1694 1694
1694 1695
1694 1702
1694 1758
1695 1695
1695 1703
1695 1759
1696 1696
1696 1697
1696 1704
1696 1760
1697 1697
1697 1698
1697 1705
1697 1761
1698 1698
1698 1699
1698 1706
1698 1762
1699 1699
1699 1700
1699 1707
1699 1763
1700 1700
1700 1701
1700 1708
1700 1764
1701 1701
1701 1702
1701 1709
1701 1765
1702 1702
1702 1703
1702 1710
1702 1766
1703 1703
1703 1711
1703 1767
1704 1704
1704 1705
1704 1712
1704 1768
1705 1705
1705 1706
1705 1713
1705 1769
1706 1706
1706 1707
1706 1714
1706 1770
1707 1707
1707 1708
1707 1715
1707 1771
1708 1708
1708 1709
1708 1716
1708 1772
1709 1709
1709 1710
1709 1717
1709 1773
1710 1710
1710 1711
1710 1718
1710 1774
1711 1711
1711 1719
1711 1775
1712 1712
1712 1713
1712 1720
1712 1776
1713 1713
1713 1714
1713 1721
1713 1777
1714 1714
1714 1715
1714 1722
1714 1778
1715 1715
1715 1716
1715 1723
1715 1779
1716 1716
1716 1717
1716 1724
1716 1780
1717 1717
1717 1718
1717 1725
1717 1781
1718 1718
1718 1719
1718 1726
1718 1782
1719 1719
1719 1727
1719 1783
1720 1720
1720 1721
1720 1784
1721 1721
1721 1722
1721 1785
1722 1722
1722 1723
1722 1786
1723 1723
1723 1724
1723 1787
1724 1724
1724 1725
1724 1788
1725 1725
1725 1726
1725 1789
1726 1726
1726 1727
1726 1790
1727 1727
1727 1791
1728 1728
1728 1729
1728 1736
1728 1792
1729 1729
1729 1730
1729 1737
1729 1793
1730 1730
1730 1731
1730 1738
1730 1794
1731 1731
1731 1732
1731 1739
1731 1795
1732 1732
1732 1733
1732 1740
1732 1796
1733 1733
1733 1734
1733 1741
1733 1797
1734 1734
1734 1735
1734 1742
1734 1798
1735 1735
1735 1743
1735 1799
1736 1736
1736 1737
1736 1744
1736 1800
1737 1737
1737 1738
1737 1745
1737 1801
1738 1738
1738 1739
1738 1746
1738 1802
1739 1739
1739 1740
1739 1747
1739 1803
1740 1740
1740 1741
1740 1748
1740 1804
1741 1741
1741 1742
1741 1749
1741 1805
1742 1742
1742 1743
1742 1750
1742 1806
1743 1743
1743 1751
1743 1807
1744 1744
1744 1745
1744 1752
1744 1808
1745 1745
1745 1746
1745 1753
1745 1809
1746 1746
1746 1747
1746 1754
1746 1810
1747 1747
1747 1748
1747 1755
1747 1811
1748 1748
1748 1749
1748 1756
1748 1812
1749 1749
1749 1750
1749 1757
1749 1813
1750 1750
1750 1751
1750 1758
1750 1814
1751 1751
1751 1759
1751 1815
1752 1752
1752 1753
1752 1760
1752 1816
1753 1753
1753 1754
1753 1761
1753 1817
1754 1754
1754 1755
1754 1762
1754 1818
1755 1755
1755 1756
1755 1763
1755 1819
1756 1756
1756 1757
1756 1764
1756 1820
1757 1757
1757 1758
1757 1765
1757 1821
1758 1758
1758 1759
1758 1766
1758 1822
1759 1759
1759 1767
1759 1823
1760 1760
1760 1761
1760 1768
1760 1824
1761 1761
1761 1762
1761 1769
1761 1825
1762 1762
1762 1763
1762 1770
1762 1826
1763 1763
1763 1764
1763 1771
1763 1827
1764 1764
1764 1765
1764 1772
1764 1828
1765 1765
1765 1766
1765 1773
1765 1829
1766 1766
1766 1767
1766 1774
1766 1830
1767 1767
1767 1775
1767 1831
1768 1768
1768 1769
1768 1776
1768 1832
1769 1769
1769 1770
1769 1777
1769 1833
1770 1770
1770 1771
1770 1778
1770 1834
1771 1771
1771 1772
1771 1779
1771 1835
1772 1772
1772 1773
1772 1780
1772 1836
1773 1773
1773 1774
1773 1781
1773 1837
1774 1774
1774 1775
1774 1782
1774 1838
1775 1775
1775 1783
1775 1839
1776 1776
1776 1777
1776 1784
1776 1840
1777 1777
1777 1778
1777 1785
1777 1841
1778 1778
1778 1779
1778 1786
1778 1842
1779 1779
1779 1780
1779 1787
1779 1843
1780 1780
1780 1781
1780 1788
1780 1844
1781 1781
1781 1782
1781 1789
1781 1845
1782 1782
1782 1783
1782 1790
1782 1846
1783 1783
1783 1791
1783 1847
1784 1784
1784 1785
1784 1848
1785 1785
1785 1786
1785 1849
1786 1786
1786 1787
1786 1850
1787 1787
1787 1788
1787 1851
1788 1788
1788 1789
1788 1852
1789 1789
1789 1790
1789 1853
1790 1790
1790 1791
1790 1854
1791 1791
1791 1855
1792 1792
1793 1793
1794 1794
1795 1795
1796 1796
1797 1797
1798 1798
1799 1799
1800 1800
1801 1801
1802 1802
1803 1803
1804 1804
1805 1805
1806 1806
1807 1807
1808 1808
1809 1809
1810 1810
1811 1811
1812 1812
1813 1813
1814 1814
1815 1815
1816 1816
1817 1817
1818 1818
1819 1819
1820 1820
1821 1821
1822 1822
1823 1823
1824 1824
1825 1825
1826 1826
1827 1827
1828 1828
1829 1829
1830 1830
1831 1831
1832 1832
1833 1833
1834 1834
1835 1835
1836 1836
1837 1837
1838 1838
1839 1839
1840 1840
1841 1841
1842 1842
1843 1843
1844 1844
1845 1845
1846 1846
1847 1847
1848 1848
1849 1849
1850 1850
1851 1851
1852 1852
1853 1853
1854 1854
1855 1855
