0 0
0 1
0 7
0 8
0 10
0 11
0 13
0 42
0 43
0 44
1 1
1 7
1 8
1 10
1 11
1 13
1 42
1 43
1 44
2 2
2 3
2 13
3 3
4 4
4 5
4 10
4 11
4 45
5 5
5 6
5 10
5 11
5 45
6 6
7 7
7 8
7 14
8 8
9 9
9 10
9 11
9 43
10 10
10 11
10 43
10 12
11 11
11 12
11 45
12 12
12 45
13 13
14 14
15 15
15 17
15 29
16 16
16 29
17 17
17 42
17 43
18 18
18 19
18 20
18 21
18 28
18 29
18 30
19 19
19 20
19 21
19 28
19 29
19 30
20 20
20 21
20 22
20 28
21 21
21 22
21 28
22 22
22 23
22 28
23 23
23 24
23 28
24 24
24 25
24 28
25 25
25 26
25 28
26 26
26 27
26 28
27 27
27 28
28 28
29 29
29 30
30 30
31 31
31 32
31 33
31 34
31 41
31 42
31 43
32 32
32 33
32 34
32 41
32 42
32 43
33 33
33 34
33 35
33 41
34 34
34 35
34 41
35 35
35 36
35 41
36 36
36 37
36 41
37 37
37 38
37 41
38 38
38 39
38 41
39 39
39 40
39 41
40 40
40 41
41 41
42 42
42 43
43 43
44 44
44 45
44 47
44 46
45 45
45 46
45 47
46 46
46 47
46 48
46 49
46 56
47 47
47 48
47 49
47 56
48 48
48 49
48 50
48 56
49 49
49 50
49 56
50 50
50 51
50 56
51 51
51 52
51 56
52 52
52 53
52 56
53 53
53 54
53 56
54 54
54 55
54 56
55 55
55 56
56 56
