0 90
0 127
0 128
0 157
0 158
0 45
0 60
0 135
1 91
1 129
1 130
1 158
1 159
1 45
1 60
1 136
1 151
2 92
2 131
2 132
2 159
2 160
2 46
2 61
2 136
3 93
3 105
3 133
3 134
3 160
3 161
3 162
3 46
3 61
3 137
3 152
4 94
4 106
4 107
4 135
4 136
4 161
4 162
4 163
4 164
4 47
4 62
4 137
5 95
5 108
5 109
5 137
5 138
5 163
5 164
5 165
5 166
5 47
5 62
5 153
6 96
6 110
6 111
6 139
6 140
6 165
6 166
6 167
6 168
6 48
6 63
6 138
7 97
7 112
7 113
7 141
7 142
7 167
7 168
7 169
7 170
7 48
7 63
7 139
7 154
8 98
8 114
8 115
8 143
8 144
8 169
8 170
8 171
8 172
8 49
8 64
8 139
9 99
9 116
9 117
9 145
9 146
9 171
9 172
9 173
9 174
9 49
9 64
9 140
9 155
10 100
10 118
10 119
10 147
10 148
10 173
10 174
10 175
10 176
10 50
10 65
10 140
11 101
11 120
11 121
11 149
11 150
11 175
11 176
11 177
11 178
11 50
11 65
11 141
11 156
12 102
12 122
12 123
12 151
12 152
12 177
12 178
12 179
12 180
12 51
12 66
12 141
13 103
13 124
13 125
13 153
13 154
13 179
13 180
13 181
13 182
13 51
13 66
13 142
13 157
14 104
14 126
14 155
14 156
14 157
14 181
14 182
14 52
14 67
14 142
15 60
15 61
15 157
15 52
15 67
15 143
15 158
16 62
16 63
16 158
16 53
16 68
16 143
17 64
17 65
17 159
17 53
17 68
17 144
18 66
18 67
18 160
18 54
18 69
18 144
19 68
19 69
19 161
19 162
19 54
19 145
19 160
20 70
20 71
20 163
20 164
20 55
20 145
21 72
21 73
21 165
21 166
21 55
21 70
21 146
21 161
22 74
22 75
22 167
22 168
22 56
22 71
22 146
23 76
23 77
23 169
23 170
23 56
23 71
23 147
23 162
24 78
24 79
24 171
24 172
24 57
24 72
24 147
25 80
25 81
25 173
25 174
25 57
25 72
25 148
25 163
26 82
26 83
26 175
26 176
26 58
26 73
26 148
27 84
27 85
27 177
27 178
27 58
27 73
27 149
27 164
28 86
28 87
28 179
28 180
28 59
28 74
28 149
29 88
29 89
29 181
29 182
29 59
29 74
29 135
29 150
30 60
30 61
30 90
30 104
30 75
30 105
31 62
31 63
31 90
31 91
31 75
31 106
31 121
32 64
32 65
32 91
32 92
32 76
32 106
33 66
33 67
33 92
33 93
33 76
33 91
33 107
33 122
34 68
34 69
34 93
34 94
34 77
34 92
34 107
35 70
35 71
35 94
35 95
35 77
35 92
35 108
35 123
36 72
36 73
36 95
36 96
36 78
36 93
36 108
37 74
37 75
37 96
37 97
37 78
37 93
37 109
37 124
38 76
38 77
38 97
38 98
38 79
38 94
38 109
39 78
39 79
39 98
39 99
39 94
39 110
39 125
40 80
40 81
40 99
40 100
40 95
40 110
41 82
41 83
41 100
41 101
41 80
41 95
41 111
41 126
42 84
42 85
42 101
42 102
42 81
42 96
42 111
43 86
43 87
43 102
43 103
43 81
43 96
43 112
43 127
44 88
44 89
44 103
44 104
44 82
44 97
44 112
45 82
45 97
45 113
45 128
46 83
46 98
46 113
47 83
47 98
47 114
47 129
48 105
48 84
48 99
48 114
49 106
49 107
49 84
49 99
49 115
49 130
50 108
50 109
50 85
50 100
50 115
51 110
51 111
51 85
51 100
51 116
51 131
52 112
52 113
52 86
52 101
52 116
53 114
53 115
53 86
53 101
53 117
53 132
54 116
54 117
54 87
54 102
55 118
55 119
55 87
55 102
55 133
56 120
56 121
56 88
56 103
56 118
57 122
57 123
57 88
57 103
57 119
57 134
58 124
58 125
58 89
58 104
58 119
59 126
59 89
59 104
59 105
59 120
60 90
60 135
60 150
61 91
61 105
61 120
62 92
62 136
62 151
63 93
63 106
63 121
64 94
64 137
64 152
65 95
65 107
65 122
66 96
66 138
66 153
67 97
67 108
67 123
68 98
68 139
68 154
69 99
69 109
69 124
70 100
70 140
70 155
71 101
71 110
71 125
72 102
72 141
72 156
73 103
73 111
73 126
74 104
74 142
74 157
75 127
75 128
75 112
76 129
76 130
76 143
76 158
77 131
77 132
77 113
77 128
78 133
78 134
78 144
78 159
79 135
79 136
79 114
79 129
80 137
80 138
80 145
80 160
81 139
81 140
81 115
81 130
82 141
82 142
82 146
82 161
83 143
83 144
83 116
83 131
84 145
84 146
84 147
84 162
85 147
85 148
85 117
85 132
86 149
86 150
86 148
86 163
87 151
87 152
87 118
87 133
88 153
88 154
88 149
88 164
89 155
89 156
89 119
89 134
90 90
91 91
92 92
93 93
94 94
95 95
96 96
97 97
98 98
99 99
100 100
101 101
102 102
103 103
104 104
105 165
106 165
107 166
108 166
109 167
110 190
110 167
111 191
111 168
112 192
112 168
113 193
113 169
114 194
114 169
115 195
115 170
116 196
116 170
117 171
118 171
119 172
120 172
121 173
122 173
123 190
123 174
124 190
124 191
124 174
125 191
125 192
125 175
126 192
126 193
126 175
127 193
127 194
127 176
128 194
128 195
128 177
129 195
129 196
129 177
130 196
130 178
131 178
132 179
133 179
134 180
135 182
135 180
136 184
136 181
137 186
137 181
138 188
138 182
139 182
140 183
141 183
142 184
143 184
144 185
145 185
146 186
147 186
148 187
149 187
150 183
150 188
151 185
151 188
152 187
152 189
153 189
154 190
155 190
156 176
161 191
163 191
163 192
165 192
165 193
167 193
167 194
169 194
169 195
171 195
171 196
173 196
173 197
175 197
191 191
191 198
192 192
192 198
193 193
193 198
194 194
195 195
195 198
196 196
196 198
197 197
197 198
