0 0
0 1
0 4
0 5
0 330
0 331
1 1
1 4
1 5
1 330
1 331
2 2
2 3
2 6
2 7
2 328
2 329
3 3
3 6
3 7
3 328
3 329
4 4
4 5
4 8
4 9
4 330
4 331
4 334
4 335
5 5
5 8
5 9
5 330
5 331
5 334
5 335
6 6
6 7
6 10
6 11
6 328
6 329
6 332
6 333
7 7
7 10
7 11
7 328
7 329
7 332
7 333
8 8
8 9
8 12
8 13
8 334
8 335
8 338
8 339
9 9
9 12
9 13
9 334
9 335
9 338
9 339
10 10
10 11
10 14
10 15
10 332
10 333
10 336
10 337
11 11
11 14
11 15
11 332
11 333
11 336
11 337
12 12
12 13
12 16
12 17
12 338
12 339
12 342
12 343
13 13
13 16
13 17
13 338
13 339
13 342
13 343
14 14
14 15
14 18
14 19
14 336
14 337
14 340
14 341
15 15
15 18
15 19
15 336
15 337
15 340
15 341
16 16
16 17
16 20
16 21
16 342
16 343
16 346
16 347
17 17
17 20
17 21
17 342
17 343
17 346
17 347
18 18
18 19
18 22
18 23
18 340
18 341
18 344
18 345
19 19
19 22
19 23
19 340
19 341
19 344
19 345
20 20
20 21
20 24
20 25
20 346
20 347
20 350
20 351
21 21
21 24
21 25
21 346
21 347
21 350
21 351
22 22
22 23
22 26
22 27
22 344
22 345
22 348
22 349
23 23
23 26
23 27
23 344
23 345
23 348
23 349
24 24
24 25
24 28
24 29
24 350
24 351
24 354
24 355
25 25
25 28
25 29
25 350
25 351
25 354
25 355
26 26
26 27
26 30
26 31
26 348
26 349
26 352
26 353
27 27
27 30
27 31
27 348
27 349
27 352
27 353
28 28
28 29
28 32
28 33
28 354
28 355
28 358
28 359
29 29
29 32
29 33
29 354
29 355
29 358
29 359
30 30
30 31
30 34
30 35
30 352
30 353
30 356
30 357
31 31
31 34
31 35
31 352
31 353
31 356
31 357
32 32
32 33
32 36
32 37
32 358
32 359
32 362
32 363
33 33
33 36
33 37
33 358
33 359
33 362
33 363
34 34
34 35
34 38
34 39
34 356
34 357
34 360
34 361
35 35
35 38
35 39
35 356
35 357
35 360
35 361
36 36
36 37
36 40
36 41
36 362
36 363
36 366
36 367
37 37
37 40
37 41
37 362
37 363
37 366
37 367
38 38
38 39
38 42
38 43
38 360
38 361
38 364
38 365
39 39
39 42
39 43
39 360
39 361
39 364
39 365
40 40
40 41
40 44
40 45
40 366
40 367
40 370
40 371
41 41
41 44
41 45
41 366
41 367
41 370
41 371
42 42
42 43
42 46
42 47
42 364
42 365
42 368
42 369
43 43
43 46
43 47
43 364
43 365
43 368
43 369
44 44
44 45
44 48
44 49
44 370
44 371
44 374
44 375
45 45
45 48
45 49
45 370
45 371
45 374
45 375
46 46
46 47
46 50
46 51
46 368
46 369
46 372
46 373
47 47
47 50
47 51
47 368
47 369
47 372
47 373
48 48
48 49
48 52
48 53
48 374
48 375
48 378
48 379
49 49
49 52
49 53
49 374
49 375
49 378
49 379
50 50
50 51
50 54
50 55
50 372
50 373
50 376
50 377
51 51
51 54
51 55
51 372
51 373
51 376
51 377
52 52
52 53
52 56
52 57
52 378
52 379
52 382
52 383
53 53
53 56
53 57
53 378
53 379
53 382
53 383
54 54
54 55
54 58
54 59
54 376
54 377
54 380
54 381
55 55
55 58
55 59
55 376
55 377
55 380
55 381
56 56
56 57
56 60
56 61
56 382
56 383
56 386
56 387
57 57
57 60
57 61
57 382
57 383
57 386
57 387
58 58
58 59
58 62
58 63
58 380
58 381
58 384
58 385
59 59
59 62
59 63
59 380
59 381
59 384
59 385
60 60
60 61
60 64
60 65
60 386
60 387
60 390
60 391
61 61
61 64
61 65
61 386
61 387
61 390
61 391
62 62
62 63
62 66
62 67
62 384
62 385
62 388
62 389
63 63
63 66
63 67
63 384
63 385
63 388
63 389
64 64
64 65
64 68
64 69
64 390
64 391
64 394
64 395
65 65
65 68
65 69
65 390
65 391
65 394
65 395
66 66
66 67
66 70
66 71
66 388
66 389
66 392
66 393
67 67
67 70
67 71
67 388
67 389
67 392
67 393
68 68
68 69
68 72
68 73
68 394
68 395
68 398
68 399
69 69
69 72
69 73
69 394
69 395
69 398
69 399
70 70
70 71
70 74
70 75
70 392
70 393
70 396
70 397
71 71
71 74
71 75
71 392
71 393
71 396
71 397
72 72
72 73
72 76
72 77
72 398
72 399
72 402
72 403
73 73
73 76
73 77
73 398
73 399
73 402
73 403
74 74
74 75
74 78
74 79
74 396
74 397
74 400
74 401
75 75
75 78
75 79
75 396
75 397
75 400
75 401
76 76
76 77
76 80
76 81
76 402
76 403
76 406
76 407
77 77
77 80
77 81
77 402
77 403
77 406
77 407
78 78
78 79
78 82
78 83
78 400
78 401
78 404
78 405
79 79
79 82
79 83
79 400
79 401
79 404
79 405
80 80
80 81
80 84
80 85
80 406
80 407
80 410
80 411
81 81
81 84
81 85
81 406
81 407
81 410
81 411
82 82
82 83
82 86
82 87
82 404
82 405
82 408
82 409
83 83
83 86
83 87
83 404
83 405
83 408
83 409
84 84
84 85
84 88
84 89
84 410
84 411
84 414
84 415
85 85
85 88
85 89
85 410
85 411
85 414
85 415
86 86
86 87
86 90
86 91
86 408
86 409
86 412
86 413
87 87
87 90
87 91
87 408
87 409
87 412
87 413
88 88
88 89
88 92
88 93
88 414
88 415
88 418
88 419
89 89
89 92
89 93
89 414
89 415
89 418
89 419
90 90
90 91
90 94
90 95
90 412
90 413
90 416
90 417
91 91
91 94
91 95
91 412
91 413
91 416
91 417
92 92
92 93
92 96
92 97
92 418
92 419
92 422
92 423
93 93
93 96
93 97
93 418
93 419
93 422
93 423
94 94
94 95
94 98
94 99
94 416
94 417
94 420
94 421
95 95
95 98
95 99
95 416
95 417
95 420
95 421
96 96
96 97
96 100
96 101
96 422
96 426
97 97
97 100
97 101
97 422
97 423
97 426
97 427
98 98
98 99
98 102
98 103
98 420
98 421
98 424
98 425
99 99
99 102
99 103
99 421
99 425
100 100
100 101
100 104
100 105
100 426
100 430
100 427
100 431
101 101
101 104
101 105
101 426
101 427
101 430
101 431
102 102
102 103
102 106
102 107
102 424
102 425
102 428
102 429
103 103
103 106
103 107
103 424
103 425
103 428
103 429
104 104
104 105
104 108
104 430
104 109
104 431
104 434
104 435
105 105
105 109
105 430
105 431
105 434
105 435
105 108
106 106
106 107
106 110
106 111
106 428
106 429
106 432
106 433
107 107
107 110
107 111
107 428
107 429
107 432
107 433
108 108
108 112
109 109
109 113
109 434
109 435
109 438
109 439
110 110
110 111
110 114
110 115
110 433
110 437
111 111
111 114
111 115
111 433
111 437
112 112
112 116
113 113
113 117
113 438
113 439
113 442
113 443
114 114
114 115
114 118
114 437
114 441
114 119
115 115
115 119
115 118
115 437
115 441
116 116
116 120
117 117
117 121
117 442
117 446
118 118
118 122
118 441
118 445
119 119
119 123
120 120
120 124
121 121
121 125
121 446
121 450
122 122
122 126
122 445
122 449
123 123
123 127
124 124
124 128
125 125
125 129
125 450
125 454
126 126
126 130
126 449
126 453
127 127
127 131
128 128
128 132
129 129
129 133
129 454
129 458
130 130
130 134
130 453
130 457
131 131
131 135
132 132
132 136
133 133
133 137
133 458
133 462
134 134
134 138
134 457
134 461
135 135
135 139
136 136
136 140
137 137
137 141
137 462
137 466
138 138
138 142
138 461
138 465
139 139
139 143
140 140
140 144
141 141
141 145
141 466
141 470
142 142
142 146
142 465
142 469
143 143
143 147
144 144
144 148
145 145
145 149
145 470
145 474
146 146
146 150
146 469
146 473
147 147
147 151
148 148
148 152
149 149
149 153
149 474
149 478
150 150
150 154
150 473
150 477
151 151
151 155
152 152
152 156
153 153
153 157
153 478
153 482
154 154
154 158
154 477
154 481
155 155
155 159
156 156
156 160
157 157
157 161
157 482
157 486
158 158
158 162
158 481
158 485
159 159
159 163
160 160
160 164
161 161
161 165
161 486
161 490
162 162
162 166
162 485
162 489
163 163
163 167
164 164
164 168
165 165
165 169
165 490
165 494
166 166
166 170
166 489
166 493
167 167
167 171
168 168
168 172
169 169
169 173
169 494
169 498
170 170
170 174
170 493
170 497
171 171
171 175
172 172
172 176
173 173
173 177
173 498
173 502
174 174
174 178
174 497
174 501
175 175
175 179
176 176
176 180
177 177
177 181
177 502
177 506
178 178
178 182
178 501
178 505
179 179
179 183
180 180
180 184
181 181
181 185
181 506
181 510
182 182
182 186
182 505
182 509
183 183
183 187
184 184
184 188
185 185
185 189
185 510
185 514
186 186
186 190
186 509
186 513
187 187
187 191
188 188
188 192
189 189
189 193
189 514
189 518
190 190
190 194
190 513
190 517
191 191
191 195
192 192
192 196
193 193
193 197
193 518
193 522
194 194
194 198
194 517
194 521
195 195
195 199
196 196
196 200
197 197
197 201
197 522
197 526
198 198
198 202
198 521
198 525
199 199
199 203
200 200
200 204
201 201
201 205
201 526
201 530
202 202
202 206
202 525
202 529
203 203
203 207
204 204
204 208
205 205
205 209
205 530
205 534
206 206
206 210
206 529
206 533
207 207
207 211
208 208
208 212
209 209
209 213
209 534
209 538
210 210
210 214
210 533
210 537
211 211
211 215
212 212
212 216
213 213
213 217
213 538
213 542
214 214
214 218
214 537
214 541
215 215
215 219
216 216
216 220
217 217
217 221
217 542
217 546
218 218
218 222
218 541
218 545
219 219
219 223
220 220
220 224
221 221
221 225
221 546
221 550
222 222
222 226
222 545
222 549
223 223
223 227
224 224
224 228
225 225
225 229
225 550
225 554
226 226
226 230
226 549
226 553
227 227
227 231
228 228
228 232
229 229
229 233
229 554
229 558
230 230
230 234
230 553
230 557
231 231
231 235
232 232
232 236
233 233
233 237
233 558
233 562
234 234
234 238
234 557
234 561
235 235
235 239
236 236
236 240
237 237
237 241
237 562
237 566
238 238
238 242
238 561
238 565
239 239
239 243
240 240
240 244
241 241
241 245
241 566
241 570
242 242
242 246
242 565
242 569
243 243
243 247
244 244
244 248
245 245
245 249
245 570
245 574
246 246
246 250
246 569
246 573
247 247
247 251
248 248
248 252
249 249
249 253
249 574
249 578
250 250
250 254
250 573
250 577
251 251
251 255
252 252
252 256
253 253
253 257
253 578
253 582
254 254
254 258
254 577
254 581
255 255
255 259
256 256
256 260
257 257
257 261
257 582
257 586
258 258
258 262
258 581
258 585
259 259
259 263
260 260
260 264
261 261
261 265
261 586
261 590
262 262
262 266
262 585
262 589
263 263
263 267
264 264
264 268
265 265
265 269
265 590
265 594
266 266
266 270
266 589
266 593
267 267
267 271
268 268
268 272
269 269
269 273
269 594
269 598
270 270
270 274
270 593
270 597
271 271
271 275
272 272
272 276
273 273
273 277
273 598
273 602
274 274
274 278
274 597
274 601
275 275
275 279
276 276
276 280
277 277
277 281
277 602
277 606
278 278
278 282
278 601
278 605
279 279
279 283
280 280
280 284
281 281
281 285
281 606
281 610
282 282
282 286
282 605
282 609
283 283
283 287
284 284
284 288
285 285
285 289
285 610
285 614
286 286
286 290
286 609
286 613
287 287
287 291
288 288
288 292
289 289
289 293
289 614
289 618
290 290
290 294
290 613
290 617
291 291
291 295
292 292
292 296
293 293
293 297
293 618
293 622
294 294
294 298
294 617
294 621
295 295
295 299
296 296
296 300
297 297
297 301
297 622
297 626
298 298
298 302
298 621
298 625
299 299
299 303
300 300
300 304
301 301
301 305
301 626
301 630
302 302
302 306
302 625
302 629
303 303
303 307
304 304
304 308
305 305
305 309
305 630
305 634
306 306
306 310
306 629
306 633
307 307
307 311
308 308
308 312
309 309
309 313
309 634
309 638
310 310
310 314
310 633
310 637
311 311
311 315
312 312
312 316
313 313
313 317
313 638
313 642
314 314
314 318
314 637
314 641
315 315
315 319
316 316
316 320
317 317
317 321
317 642
317 646
318 318
318 322
318 641
318 645
319 319
319 323
320 320
320 324
321 321
321 325
321 646
321 650
322 322
322 326
322 645
322 649
323 323
323 327
324 324
325 325
325 650
325 654
326 326
326 649
326 653
327 327
328 328
328 329
328 332
328 333
329 329
329 332
329 333
330 330
330 331
330 334
330 335
331 331
331 334
331 335
332 332
332 333
332 336
332 337
333 333
333 336
333 337
334 334
334 335
334 338
334 339
335 335
335 338
335 339
336 336
336 337
336 340
336 341
337 337
337 340
337 341
338 338
338 339
338 342
338 343
339 339
339 342
339 343
340 340
340 341
340 344
340 345
341 341
341 344
341 345
342 342
342 343
342 346
342 347
343 343
343 346
343 347
344 344
344 345
344 348
344 349
345 345
345 348
345 349
346 346
346 347
346 350
346 351
347 347
347 350
347 351
348 348
348 349
348 352
348 353
349 349
349 352
349 353
350 350
350 351
350 354
350 355
351 351
351 354
351 355
352 352
352 353
352 356
352 357
353 353
353 356
353 357
354 354
354 355
354 358
354 359
355 355
355 358
355 359
356 356
356 357
356 360
356 361
357 357
357 360
357 361
358 358
358 359
358 362
358 363
359 359
359 362
359 363
360 360
360 361
360 364
360 365
361 361
361 364
361 365
362 362
362 363
362 366
362 367
363 363
363 366
363 367
364 364
364 365
364 368
364 369
365 365
365 368
365 369
366 366
366 367
366 370
366 371
367 367
367 370
367 371
368 368
368 369
368 372
368 373
369 369
369 372
369 373
370 370
370 371
370 374
370 375
371 371
371 374
371 375
372 372
372 373
372 376
372 377
373 373
373 376
373 377
374 374
374 375
374 378
374 379
375 375
375 378
375 379
376 376
376 377
376 380
376 381
377 377
377 380
377 381
378 378
378 379
378 382
378 383
379 379
379 382
379 383
380 380
380 381
380 384
380 385
381 381
381 384
381 385
382 382
382 383
382 386
382 387
383 383
383 386
383 387
384 384
384 385
384 388
384 389
385 385
385 388
385 389
386 386
386 387
386 390
386 391
387 387
387 390
387 391
388 388
388 389
388 392
388 393
389 389
389 392
389 393
390 390
390 391
390 394
390 395
391 391
391 394
391 395
392 392
392 393
392 396
392 397
393 393
393 396
393 397
394 394
394 395
394 398
394 399
395 395
395 398
395 399
396 396
396 397
396 400
396 401
397 397
397 400
397 401
398 398
398 399
398 402
398 403
399 399
399 402
399 403
400 400
400 401
400 404
400 405
401 401
401 404
401 405
402 402
402 403
402 406
402 407
403 403
403 406
403 407
404 404
404 405
404 408
404 409
405 405
405 408
405 409
406 406
406 407
406 410
406 411
407 407
407 410
407 411
408 408
408 409
408 412
408 413
409 409
409 412
409 413
410 410
410 411
410 414
410 415
411 411
411 414
411 415
412 412
412 413
412 416
412 417
413 413
413 416
413 417
414 414
414 415
414 418
414 419
415 415
415 418
415 419
416 416
416 417
416 420
416 421
417 417
417 420
417 421
418 418
418 419
418 422
418 423
419 419
419 422
419 423
420 420
420 421
420 424
420 425
421 421
421 424
421 425
422 422
422 423
422 426
422 427
423 423
423 426
423 427
424 424
424 425
424 428
424 429
425 425
425 428
425 429
426 426
426 427
426 430
426 431
427 427
427 430
427 431
428 428
428 429
428 432
428 433
429 429
429 432
429 433
430 430
430 431
430 434
430 435
431 431
431 434
431 435
432 432
432 433
432 436
433 433
433 437
434 434
434 435
434 438
434 439
435 435
435 438
435 439
436 436
436 440
437 437
437 441
438 438
438 439
438 442
438 443
439 439
439 442
439 443
440 440
440 444
441 441
441 445
442 442
442 443
442 446
443 443
443 447
444 444
444 448
445 445
445 449
446 446
446 450
447 447
447 451
448 448
448 452
449 449
449 453
450 450
450 454
451 451
451 455
452 452
452 456
453 453
453 457
454 454
454 458
455 455
455 459
456 456
456 460
457 457
457 461
458 458
458 462
459 459
459 463
460 460
460 464
461 461
461 465
462 462
462 466
463 463
463 467
464 464
464 468
465 465
465 469
466 466
466 470
467 467
467 471
468 468
468 472
469 469
469 473
470 470
470 474
471 471
471 475
472 472
472 476
473 473
473 477
474 474
474 478
475 475
475 479
476 476
476 480
477 477
477 481
478 478
478 482
479 479
479 483
480 480
480 484
481 481
481 485
482 482
482 486
483 483
483 487
484 484
484 488
485 485
485 489
486 486
486 490
487 487
487 491
488 488
488 492
489 489
489 493
490 490
490 494
491 491
491 495
492 492
492 496
493 493
493 497
494 494
494 498
495 495
495 499
496 496
496 500
497 497
497 501
498 498
498 502
499 499
499 503
500 500
500 504
501 501
501 505
502 502
502 506
503 503
503 507
504 504
504 508
505 505
505 509
506 506
506 510
507 507
507 511
508 508
508 512
509 509
509 513
510 510
510 514
511 511
511 515
512 512
512 516
513 513
513 517
514 514
514 518
515 515
515 519
516 516
516 520
517 517
517 521
518 518
518 522
519 519
519 523
520 520
520 524
521 521
521 525
522 522
522 526
523 523
523 527
524 524
524 528
525 525
525 529
526 526
526 530
527 527
527 531
528 528
528 532
529 529
529 533
530 530
530 534
531 531
531 535
532 532
532 536
533 533
533 537
534 534
534 538
535 535
535 539
536 536
536 540
537 537
537 541
538 538
538 542
539 539
539 543
540 540
540 544
541 541
541 545
542 542
542 546
543 543
543 547
544 544
544 548
545 545
545 549
546 546
546 550
547 547
547 551
548 548
548 552
549 549
549 553
550 550
550 554
551 551
551 555
552 552
552 556
553 553
553 557
554 554
554 558
555 555
555 559
556 556
556 560
557 557
557 561
558 558
558 562
559 559
559 563
560 560
560 564
561 561
561 565
562 562
562 566
563 563
563 567
564 564
564 568
565 565
565 569
566 566
566 570
567 567
567 571
568 568
568 572
569 569
569 573
570 570
570 574
571 571
571 575
572 572
572 576
573 573
573 577
574 574
574 578
575 575
575 579
576 576
576 580
577 577
577 581
578 578
578 582
579 579
579 583
580 580
580 584
581 581
581 585
582 582
582 586
583 583
583 587
584 584
584 588
585 585
585 589
586 586
586 590
587 587
587 591
588 588
588 592
589 589
589 593
590 590
590 594
591 591
591 595
592 592
592 596
593 593
593 597
594 594
594 598
595 595
595 599
596 596
596 600
597 597
597 601
598 598
598 602
599 599
599 603
600 600
600 604
601 601
601 605
602 602
602 606
603 603
603 607
604 604
604 608
605 605
605 609
606 606
606 610
607 607
607 611
608 608
608 612
609 609
609 613
610 610
610 614
611 611
611 615
612 612
612 616
613 613
613 617
614 614
614 618
615 615
615 619
616 616
616 620
617 617
617 621
618 618
618 622
619 619
619 623
620 620
620 624
621 621
621 625
622 622
622 626
623 623
623 627
624 624
624 628
625 625
625 629
626 626
626 630
627 627
627 631
628 628
628 632
629 629
629 633
630 630
630 634
631 631
631 635
632 632
632 636
633 633
633 637
634 634
634 638
635 635
635 639
636 636
636 640
637 637
637 641
638 638
638 642
639 639
639 643
640 640
640 644
641 641
641 645
642 642
642 646
643 643
643 647
644 644
644 648
645 645
645 649
646 646
646 650
647 647
647 651
648 648
648 652
649 649
649 653
650 650
650 654
651 651
651 655
652 652
653 653
654 654
655 655
