0 0
1 1
1 2
1 10
1 13
2 2
2 3
2 10
2 13
2 16
3 3
3 4
3 13
3 16
3 19
4 4
4 5
4 16
4 19
4 22
5 5
5 6
5 19
5 22
5 25
6 6
6 7
6 22
6 25
6 28
7 7
7 8
7 25
7 28
7 31
8 8
8 9
8 28
8 31
8 34
9 9
9 31
9 34
10 10
10 11
10 13
10 14
10 37
10 38
10 40
11 11
11 12
11 13
11 14
11 15
11 37
11 38
11 41
12 12
12 14
12 15
13 13
13 14
13 16
13 17
13 37
13 40
13 42
14 14
14 15
14 16
14 17
14 18
14 38
14 41
14 43
15 15
15 17
15 18
16 16
16 17
16 19
16 20
16 40
16 42
16 44
17 17
17 18
17 19
17 20
17 21
17 41
17 43
17 45
18 18
18 20
18 21
19 19
19 20
19 22
19 23
19 42
19 44
19 46
20 20
20 21
20 22
20 23
20 24
20 43
20 45
20 47
21 21
21 23
21 24
22 22
22 23
22 25
22 26
22 44
22 46
22 48
23 23
23 24
23 25
23 26
23 27
23 45
23 47
23 49
24 24
24 26
24 27
25 25
25 26
25 28
25 29
25 46
25 48
25 50
26 26
26 27
26 28
26 29
26 30
26 47
26 49
26 51
27 27
27 29
27 30
28 28
28 29
28 31
28 32
28 48
28 50
28 52
29 29
29 30
29 31
29 32
29 33
29 49
29 51
29 53
30 30
30 32
30 33
31 31
31 32
31 34
31 35
31 50
31 52
31 54
32 32
32 33
32 34
32 35
32 36
32 51
32 53
32 55
33 33
33 35
33 36
34 34
34 35
34 52
34 54
34 55
35 35
35 36
35 53
35 54
35 55
36 36
37 37
37 38
37 40
37 41
37 56
37 57
37 59
38 38
38 39
38 40
38 41
38 56
38 57
38 60
39 39
39 41
40 40
40 41
40 42
40 43
40 56
40 59
40 61
41 41
41 42
41 43
41 57
41 60
41 62
42 42
42 43
42 44
42 45
42 59
42 61
42 63
43 43
43 44
43 45
43 60
43 62
43 64
44 44
44 45
44 46
44 47
44 61
44 63
44 65
45 45
45 46
45 47
45 62
45 64
45 66
46 46
46 47
46 48
46 49
46 63
46 65
46 67
47 47
47 48
47 49
47 64
47 66
47 68
48 48
48 49
48 50
48 51
48 65
48 67
48 69
49 49
49 50
49 51
49 66
49 68
49 70
50 50
50 51
50 52
50 53
50 67
50 69
50 71
51 51
51 52
51 53
51 68
51 70
51 72
52 52
52 53
52 54
52 55
52 69
52 71
52 73
53 53
53 54
53 55
53 70
53 72
53 74
54 54
54 55
54 71
54 73
54 74
55 55
55 72
55 73
55 74
56 56
56 57
56 59
56 60
56 76
56 77
56 79
57 57
57 58
57 59
57 60
57 76
57 77
57 80
58 58
58 60
59 59
59 60
59 61
59 62
59 76
59 79
59 81
60 60
60 61
60 62
60 77
60 80
60 82
61 61
61 62
61 63
61 64
61 79
61 81
61 84
62 62
62 63
62 64
62 80
62 82
62 85
63 63
63 64
63 65
63 66
63 81
63 84
63 87
64 64
64 65
64 66
64 82
64 85
64 88
65 65
65 66
65 67
65 68
65 84
65 87
65 91
66 66
66 67
66 68
66 85
66 88
66 92
67 67
67 68
67 69
67 70
67 87
67 91
67 94
68 68
68 69
68 70
68 88
68 92
68 95
69 69
69 70
69 71
69 72
69 91
69 94
69 97
70 70
70 71
70 72
70 92
70 95
70 98
71 71
71 72
71 73
71 74
71 94
71 97
71 99
72 72
72 73
72 74
72 95
72 98
72 100
73 73
73 74
73 97
73 99
73 100
74 74
74 98
74 99
74 100
75 75
75 78
75 83
75 90
76 76
76 77
76 79
76 80
76 108
76 109
77 77
77 78
77 79
77 80
77 83
77 108
77 109
78 78
78 80
78 83
78 90
79 79
79 80
79 81
79 82
79 108
79 109
79 111
80 80
80 81
80 82
80 83
80 86
80 108
80 109
80 111
81 81
81 82
81 84
81 85
81 109
81 111
81 112
82 82
82 83
82 84
82 85
82 86
82 109
82 111
82 112
83 83
83 86
83 89
83 90
84 84
84 85
84 87
84 88
84 111
84 112
84 113
85 85
85 86
85 87
85 88
85 89
85 111
85 112
85 113
86 86
86 88
86 89
86 90
87 87
87 88
87 91
87 92
87 112
87 113
87 114
88 88
88 89
88 91
88 92
88 93
88 112
88 113
88 114
89 89
89 90
89 92
89 93
89 96
90 90
90 93
90 96
91 91
91 92
91 94
91 95
91 113
91 114
91 115
92 92
92 93
92 94
92 95
92 113
92 114
92 115
93 93
93 95
93 96
93 98
94 94
94 95
94 97
94 98
94 114
94 115
94 116
95 95
95 96
95 97
95 98
95 114
95 115
95 116
96 96
96 98
97 97
97 98
97 99
97 100
97 115
97 116
97 117
98 98
98 99
98 100
98 115
98 116
98 117
99 99
99 100
99 101
99 116
99 117
99 118
100 100
100 116
100 117
101 101
101 102
101 117
101 118
101 119
102 102
102 103
102 118
102 119
102 120
103 103
103 119
103 120
104 104
104 105
104 118
104 121
105 105
105 106
105 118
105 121
106 106
106 107
106 121
106 123
106 124
106 125
107 107
107 124
107 125
108 108
108 109
108 110
108 130
108 131
109 109
109 110
109 111
109 130
109 131
109 133
110 110
110 111
111 111
111 112
111 131
111 133
111 134
112 112
112 113
112 133
112 134
112 135
113 113
113 114
113 134
113 135
113 136
114 114
114 115
114 135
114 136
114 137
115 115
115 116
115 136
115 137
115 138
116 116
116 117
116 137
116 138
116 139
117 117
117 118
117 138
117 139
117 140
118 118
118 119
118 121
118 122
118 123
118 139
118 140
118 141
119 119
119 120
119 140
119 141
119 142
120 120
120 141
120 142
121 121
121 122
121 123
121 124
122 122
122 123
122 126
122 127
123 123
123 124
123 126
123 127
123 128
124 124
124 125
124 127
124 128
124 129
125 125
125 128
125 129
126 126
126 127
127 127
127 128
128 128
128 129
129 129
130 130
130 131
130 132
130 143
130 145
131 131
131 132
131 133
131 143
131 145
131 147
132 132
132 133
133 133
133 134
133 145
133 147
133 149
134 134
134 135
134 149
134 150
134 151
135 135
135 136
135 150
135 151
135 152
136 136
136 137
136 151
136 152
136 153
137 137
137 138
137 152
137 153
137 154
138 138
138 139
138 153
138 154
138 155
139 139
139 140
139 154
139 155
140 140
140 141
141 141
141 142
142 142
143 143
143 144
143 145
143 146
143 156
143 158
144 144
144 145
144 146
144 157
144 159
145 145
145 146
145 147
145 148
145 156
145 158
145 160
146 146
146 147
146 148
146 157
146 159
146 161
147 147
147 148
147 149
147 158
147 160
147 162
148 148
148 149
148 159
148 161
148 162
149 149
149 150
149 160
149 161
149 162
149 163
150 150
150 151
150 162
150 163
150 164
151 151
151 152
151 163
151 164
151 165
152 152
152 153
152 164
152 165
152 166
153 153
153 154
153 165
153 166
153 167
154 154
154 155
154 166
154 167
154 168
155 155
155 167
155 168
156 156
156 157
156 158
156 159
156 169
156 171
157 157
157 158
157 159
158 158
158 159
158 160
158 161
158 169
158 171
159 159
159 160
159 161
160 160
160 161
160 162
161 161
161 162
162 162
162 163
163 163
163 164
164 164
164 165
165 165
165 166
166 166
166 167
167 167
167 168
168 168
169 169
169 170
169 171
170 170
171 171
171 172
172 172
173 173
173 174
173 175
174 174
174 175
175 175
175 176
176 176
176 177
177 177
177 178
178 178
178 179
179 179
179 180
180 180
180 181
181 181
182 182
182 185
182 196
182 202
183 183
183 184
184 184
184 185
184 187
185 185
185 188
186 186
186 187
187 187
187 188
187 190
188 188
188 191
188 196
189 189
189 190
189 192
189 205
190 190
190 191
190 192
191 191
191 193
191 195
192 192
192 193
192 205
192 206
193 193
193 206
194 194
194 195
195 195
195 196
195 199
196 196
196 201
197 197
197 198
197 199
198 198
198 199
199 199
199 201
200 200
200 201
201 201
201 202
202 202
203 203
203 204
203 213
203 214
204 204
204 205
205 205
205 206
206 206
206 207
207 207
207 208
208 208
208 209
209 209
209 210
210 210
210 211
211 211
211 236
211 237
212 212
212 215
212 227
212 238
213 213
213 214
214 214
214 215
215 215
215 220
216 216
216 217
217 217
217 220
218 218
218 219
219 219
219 222
219 223
220 220
220 223
220 227
221 221
221 222
222 222
222 223
223 223
223 226
224 224
224 225
225 225
225 226
225 252
226 226
226 227
226 230
226 252
227 227
227 233
228 228
228 229
229 229
229 230
229 232
230 230
230 232
230 233
231 231
231 232
232 232
233 233
233 235
233 238
234 234
234 235
235 235
236 236
236 237
237 237
238 238
239 239
239 240
240 240
240 252
241 241
241 242
242 242
243 243
243 246
244 244
244 245
245 245
245 246
245 248
246 246
246 248
247 247
247 248
248 248
249 249
249 250
250 250
251 251
251 252
252 252
253 253
253 254
254 254
255 255
255 256
256 256
257 257
257 258
258 258
259 259
259 260
260 260
261 261
261 262
262 262
263 263
263 266
264 264
264 265
265 265
265 266
265 268
266 266
266 268
267 267
267 268
268 268
269 269
269 270
270 270
271 271
271 272
272 272
273 273
273 274
274 274
275 275
275 276
276 276
277 277
277 278
278 278
279 279
279 280
280 280
281 281
281 282
282 282
283 283
283 286
284 284
284 285
285 285
285 286
285 288
286 286
286 288
287 287
287 288
288 288
289 289
289 290
290 290
291 291
291 292
292 292
293 293
293 294
294 294
295 295
295 296
296 296
297 297
297 298
298 298
299 299
299 300
300 300
301 301
301 304
301 316
301 327
301 328
301 329
302 302
302 303
302 305
302 332
302 333
303 303
303 304
303 306
303 332
303 333
304 304
304 309
305 305
305 306
305 307
305 332
305 333
305 335
306 306
306 308
306 309
306 332
306 333
306 335
307 307
307 308
307 310
307 333
307 335
307 336
308 308
308 311
308 312
308 333
308 335
308 336
309 309
309 312
309 316
310 310
310 311
310 313
310 335
310 336
310 337
311 311
311 312
311 314
311 335
311 336
311 337
312 312
312 315
313 313
313 314
313 317
313 336
313 337
313 338
314 314
314 315
314 318
314 319
314 330
314 331
314 336
314 337
314 338
315 315
315 316
315 318
315 319
315 322
315 329
315 330
315 331
316 316
316 319
316 322
316 328
316 329
316 330
317 317
317 318
317 320
317 337
317 338
317 339
318 318
318 319
318 321
318 337
318 338
318 339
319 319
319 321
319 322
319 324
320 320
320 321
320 323
320 338
320 339
320 340
321 321
321 322
321 324
321 338
321 339
321 340
322 322
322 324
322 326
322 327
323 323
323 324
323 325
323 339
323 340
323 341
324 324
324 326
324 327
324 339
324 340
324 341
325 325
325 326
325 340
325 341
326 326
326 327
326 340
326 341
327 327
328 328
328 329
329 329
329 330
330 330
330 331
331 331
331 337
332 332
332 333
332 334
332 342
332 344
333 333
333 334
333 335
333 342
333 344
333 345
334 334
334 335
335 335
335 336
335 344
335 345
335 347
336 336
336 337
336 345
336 347
336 349
337 337
337 338
337 347
337 349
337 350
338 338
338 339
338 349
338 350
338 351
339 339
339 340
339 350
339 351
339 352
340 340
340 341
340 351
340 352
340 353
341 341
341 352
341 353
342 342
342 343
342 344
342 346
342 354
342 356
343 343
343 344
343 346
344 344
344 345
344 346
344 348
344 354
344 356
344 357
345 345
345 346
345 347
345 348
345 356
345 357
345 359
346 346
346 348
347 347
347 348
347 349
347 357
347 359
347 361
348 348
349 349
349 350
349 359
349 361
349 362
350 350
350 351
350 361
350 362
350 363
351 351
351 352
351 362
351 363
351 364
352 352
352 353
352 363
352 364
352 365
353 353
353 364
353 365
354 354
354 355
354 356
354 358
354 366
354 368
355 355
355 356
355 358
356 356
356 357
356 358
356 360
356 366
356 368
356 369
357 357
357 358
357 359
357 360
357 368
357 369
357 371
358 358
358 360
359 359
359 360
359 361
359 369
359 371
359 373
360 360
361 361
361 362
361 371
361 373
361 374
362 362
362 363
362 373
362 374
362 375
363 363
363 364
363 374
363 375
363 376
364 364
364 365
364 375
364 376
364 377
365 365
365 376
365 377
366 366
366 367
366 368
366 370
366 378
366 381
367 367
367 368
367 370
368 368
368 369
368 370
368 372
368 378
368 381
368 383
369 369
369 370
369 371
369 372
369 381
369 383
369 385
370 370
370 372
371 371
371 372
371 373
371 383
371 385
371 387
372 372
373 373
373 374
373 385
373 387
373 388
374 374
374 375
374 387
374 388
374 389
375 375
375 376
375 388
375 389
375 390
376 376
376 377
376 389
376 390
376 391
377 377
377 390
377 391
378 378
378 379
378 381
378 382
378 393
378 396
378 398
379 379
379 380
379 381
379 382
379 384
379 393
379 396
379 397
380 380
380 382
380 384
380 396
380 397
380 405
381 381
381 382
381 383
381 393
381 398
381 402
382 382
382 383
382 384
382 386
383 383
383 384
383 385
383 386
383 398
383 402
383 406
384 384
384 386
384 397
384 405
384 409
385 385
385 386
385 387
385 402
385 406
385 409
385 410
386 386
386 405
386 406
386 409
387 387
387 388
387 406
387 410
387 413
388 388
388 389
388 410
388 413
388 416
389 389
389 390
389 413
389 416
389 419
390 390
390 391
390 416
390 419
390 422
391 391
391 419
391 422
392 392
392 464
393 393
393 394
393 396
393 398
393 399
393 401
393 465
393 466
394 394
394 395
394 398
394 399
394 400
395 395
395 399
395 400
396 396
396 397
396 398
396 401
396 405
397 397
397 401
397 405
398 398
398 399
398 401
398 402
398 403
398 465
398 466
398 467
399 399
399 400
399 402
399 403
399 404
400 400
400 403
400 404
401 401
401 402
401 405
401 409
402 402
402 403
402 405
402 406
402 407
402 409
402 466
402 467
402 468
403 403
403 404
403 406
403 407
403 408
404 404
404 407
404 408
405 405
405 409
406 406
406 407
406 409
406 410
406 411
406 467
406 468
406 469
407 407
407 408
407 410
407 411
407 412
408 408
408 411
408 412
409 409
410 410
410 411
410 413
410 414
410 468
410 469
410 470
411 411
411 412
411 413
411 414
411 415
412 412
412 414
412 415
413 413
413 414
413 416
413 417
413 469
413 470
413 471
414 414
414 415
414 416
414 417
414 418
415 415
415 417
415 418
416 416
416 417
416 419
416 420
416 470
416 471
416 472
417 417
417 418
417 419
417 420
417 421
418 418
418 420
418 421
419 419
419 420
419 422
419 423
419 471
419 472
419 473
420 420
420 421
420 422
420 423
420 424
421 421
421 423
421 424
422 422
422 423
422 472
422 473
423 423
423 424
424 424
425 425
425 426
425 428
425 429
426 426
426 427
426 428
426 429
426 430
427 427
427 429
427 430
427 431
428 428
428 429
428 440
428 441
429 429
429 430
429 440
429 441
429 442
430 430
430 431
430 441
430 442
430 443
431 431
431 442
431 443
432 432
432 433
432 448
432 449
433 433
433 434
433 448
433 449
433 450
434 434
434 435
434 449
434 450
434 451
435 435
435 450
435 451
436 436
436 437
436 452
436 453
437 437
437 438
437 452
437 453
437 454
438 438
438 439
438 453
438 454
438 455
439 439
439 454
439 455
440 440
440 441
440 456
440 457
441 441
441 442
441 456
441 457
441 458
442 442
442 443
442 457
442 458
442 459
443 443
443 445
443 446
443 458
443 459
443 461
443 462
444 444
444 445
444 460
444 461
445 445
445 459
445 460
445 461
446 446
446 447
446 459
446 462
446 463
447 447
447 462
447 463
448 448
448 449
448 486
448 487
449 449
449 450
449 453
449 486
449 487
449 488
450 450
450 451
450 487
450 488
450 489
451 451
451 488
451 489
452 452
452 453
452 490
452 491
453 453
453 454
453 490
453 491
453 492
454 454
454 455
454 491
454 492
454 493
455 455
455 492
455 493
456 456
456 457
457 457
457 458
458 458
458 459
459 459
459 461
459 462
459 482
459 483
459 484
460 460
460 461
460 481
460 482
461 461
461 481
461 482
461 483
462 462
462 463
462 483
462 484
462 485
463 463
463 484
463 485
464 464
465 465
465 466
466 466
466 467
467 467
467 468
468 468
468 469
469 469
469 470
470 470
470 471
471 471
471 472
472 472
472 473
473 473
474 474
474 475
475 475
475 476
476 476
476 477
477 477
477 478
478 478
478 479
479 479
479 480
480 480
481 481
481 482
481 494
481 495
482 482
482 483
482 494
482 495
482 496
483 483
483 484
483 495
483 496
483 497
484 484
484 485
484 496
484 497
484 498
485 485
485 497
485 498
486 486
486 487
486 504
486 505
487 487
487 488
487 504
487 505
487 506
488 488
488 489
488 505
488 506
488 507
489 489
489 506
489 507
490 490
490 491
490 508
490 509
491 491
491 492
491 508
491 509
491 510
492 492
492 493
492 509
492 510
492 511
493 493
493 510
493 511
494 494
494 495
494 499
494 500
495 495
495 496
495 499
495 500
495 501
496 496
496 497
496 500
496 501
496 502
497 497
497 498
497 501
497 502
497 503
498 498
498 502
498 503
499 499
499 500
500 500
500 501
501 501
501 502
502 502
502 503
503 503
504 504
504 505
505 505
505 506
506 506
506 507
507 507
508 508
508 509
509 509
509 510
510 510
510 511
511 511
