0 0
0 1
0 4
1 1
1 2
1 3
1 7
2 2
2 4
2 5
2 11
3 3
3 5
3 6
3 12
4 4
4 7
4 16
5 5
5 7
5 8
5 9
5 17
6 6
6 9
6 10
6 18
7 7
7 11
7 12
7 22
8 8
8 11
8 13
8 23
9 9
9 12
9 13
9 14
9 24
10 10
10 14
10 15
10 25
11 11
11 16
11 17
11 29
12 12
12 17
12 18
12 30
13 13
13 17
13 19
13 20
13 31
14 14
14 18
14 20
14 21
14 32
15 15
15 21
15 33
16 16
16 22
16 37
17 17
17 22
17 23
17 24
17 38
18 18
18 24
18 25
18 39
19 19
19 23
19 26
19 40
20 20
20 24
20 26
20 27
20 41
21 21
21 25
21 27
21 28
21 42
22 22
22 29
22 30
22 46
23 23
23 29
23 31
23 47
24 24
24 30
24 31
24 32
24 48
25 25
25 32
25 33
25 49
26 26
26 31
26 34
26 35
26 50
27 27
27 32
27 35
27 36
27 51
28 28
28 33
28 36
28 52
29 29
29 37
29 38
29 56
30 30
30 38
30 39
30 57
31 31
31 38
31 40
31 41
31 58
32 32
32 39
32 41
32 42
32 59
33 33
33 42
33 60
34 34
34 40
34 43
34 61
35 35
35 41
35 43
35 44
35 62
36 36
36 42
36 44
36 45
36 63
37 37
37 46
37 67
38 38
38 46
38 47
38 48
38 68
39 39
39 48
39 49
39 69
40 40
40 47
40 50
40 70
41 41
41 48
41 50
41 51
41 71
42 42
42 49
42 51
42 52
42 72
43 43
43 50
43 53
43 54
43 73
44 44
44 51
44 54
44 55
44 74
45 45
45 52
45 55
45 75
46 46
46 56
46 57
46 78
47 47
47 56
47 58
47 79
48 48
48 57
48 58
48 59
48 80
49 49
49 59
49 60
49 81
50 50
50 58
50 61
50 62
50 82
51 51
51 59
51 62
51 63
51 83
52 52
52 60
52 63
52 84
53 53
53 61
53 64
53 85
54 54
54 62
54 64
54 65
54 86
55 55
55 63
55 65
55 66
55 87
56 56
56 67
56 68
56 90
57 57
57 68
57 69
57 91
58 58
58 68
58 70
58 71
58 92
59 59
59 69
59 71
59 72
59 93
60 60
60 72
60 94
61 61
61 70
61 73
61 95
62 62
62 71
62 73
62 74
62 96
63 63
63 72
63 74
63 75
63 97
64 64
64 73
64 76
64 98
65 65
65 74
65 76
65 77
65 99
66 66
66 75
66 77
66 100
67 67
67 78
67 102
68 68
68 78
68 79
68 80
68 103
69 69
69 80
69 81
69 104
70 70
70 79
70 82
70 105
71 71
71 80
71 82
71 83
71 106
72 72
72 81
72 83
72 84
72 107
73 73
73 82
73 85
73 86
73 108
74 74
74 83
74 86
74 87
74 109
75 75
75 84
75 87
75 110
76 76
76 86
76 88
76 111
77 77
77 87
77 88
77 89
77 112
78 78
78 90
78 91
78 114
79 79
79 90
79 92
79 115
80 80
80 91
80 92
80 93
80 116
81 81
81 93
81 94
81 117
82 82
82 92
82 95
82 96
82 118
83 83
83 93
83 96
83 97
83 119
84 84
84 94
84 97
84 120
85 85
85 95
85 98
85 121
86 86
86 96
86 98
86 99
86 122
87 87
87 97
87 99
87 100
87 123
88 88
88 99
88 101
88 124
89 89
89 100
89 101
89 125
90 90
90 102
90 103
90 126
91 91
91 103
91 104
91 127
92 92
92 103
92 105
92 106
92 128
93 93
93 104
93 106
93 107
93 129
94 94
94 107
94 130
95 95
95 105
95 108
95 131
96 96
96 106
96 108
96 109
96 132
97 97
97 107
97 109
97 110
97 133
98 98
98 108
98 111
98 134
99 99
99 109
99 111
99 112
99 135
100 100
100 110
100 112
100 136
101 101
101 112
101 113
101 137
102 102
102 114
103 103
103 114
103 115
103 116
103 138
104 104
104 116
104 117
104 139
105 105
105 115
105 118
105 140
106 106
106 116
106 118
106 119
106 141
107 107
107 117
107 119
107 120
107 142
108 108
108 118
108 121
108 122
108 143
109 109
109 119
109 122
109 123
109 144
110 110
110 120
110 123
110 145
111 111
111 122
111 124
111 146
112 112
112 123
112 124
112 125
112 147
113 113
113 125
113 148
114 114
114 126
114 127
115 115
115 126
115 128
115 149
116 116
116 127
116 128
116 129
116 150
117 117
117 129
117 130
117 151
118 118
118 128
118 131
118 132
118 152
119 119
119 129
119 132
119 133
119 153
120 120
120 130
120 133
120 154
121 121
121 131
121 134
121 155
122 122
122 132
122 134
122 135
122 156
123 123
123 133
123 135
123 136
123 157
124 124
124 135
124 137
124 158
125 125
125 136
125 137
125 159
126 126
126 138
127 127
127 138
127 139
128 128
128 138
128 140
128 141
128 160
129 129
129 139
129 141
129 142
129 161
130 130
130 142
130 162
131 131
131 140
131 143
131 163
132 132
132 141
132 143
132 144
132 164
133 133
133 142
133 144
133 145
133 165
134 134
134 143
134 146
134 166
135 135
135 144
135 146
135 147
135 167
136 136
136 145
136 147
136 168
137 137
137 147
137 148
137 169
138 138
138 149
138 150
139 139
139 150
139 151
140 140
140 149
140 152
140 170
141 141
141 150
141 152
141 153
141 171
142 142
142 151
142 153
142 154
142 172
143 143
143 152
143 155
143 156
143 173
144 144
144 153
144 156
144 157
144 174
145 145
145 154
145 157
145 175
146 146
146 156
146 158
146 176
147 147
147 157
147 158
147 159
147 177
148 148
148 159
148 178
149 149
149 160
150 150
150 160
150 161
151 151
151 161
151 162
152 152
152 160
152 163
152 164
152 179
153 153
153 161
153 164
153 165
153 180
154 154
154 162
154 165
154 181
155 155
155 163
155 166
155 182
156 156
156 164
156 166
156 167
156 183
157 157
157 165
157 167
157 168
157 184
158 158
158 167
158 169
158 185
159 159
159 168
159 169
159 186
160 160
160 170
160 171
161 161
161 171
161 172
162 162
162 172
163 163
163 170
163 173
163 187
164 164
164 171
164 173
164 174
164 188
165 165
165 172
165 174
165 175
165 189
166 166
166 173
166 176
166 190
167 167
167 174
167 176
167 177
167 191
168 168
168 175
168 177
168 192
169 169
169 177
169 178
169 193
170 170
170 179
171 171
171 179
171 180
172 172
172 180
172 181
173 173
173 179
173 182
173 183
173 194
174 174
174 180
174 183
174 184
174 195
175 175
175 181
175 184
175 196
176 176
176 183
176 185
176 197
177 177
177 184
177 185
177 186
177 198
178 178
178 186
178 199
179 179
179 187
179 188
180 180
180 188
180 189
181 181
181 189
182 182
182 187
182 190
182 200
183 183
183 188
183 190
183 191
183 201
184 184
184 189
184 191
184 192
184 202
185 185
185 191
185 193
185 203
186 186
186 192
186 193
186 204
187 187
187 194
188 188
188 194
188 195
189 189
189 195
189 196
190 190
190 194
190 197
190 205
191 191
191 195
191 197
191 198
191 206
192 192
192 196
192 198
192 207
193 193
193 198
193 199
193 208
194 194
194 200
194 201
195 195
195 201
195 202
196 196
196 202
197 197
197 201
197 203
197 209
198 198
198 202
198 203
198 204
198 210
199 199
199 204
199 211
200 200
200 205
201 201
201 205
201 206
202 202
202 206
202 207
203 203
203 206
203 208
203 212
204 204
204 207
204 208
204 213
205 205
205 209
206 206
206 209
206 210
207 207
207 210
208 208
208 210
208 211
208 214
209 209
209 212
210 210
210 212
210 213
211 211
211 213
211 215
212 212
212 214
213 213
213 214
214 214
214 215
215 215
