0 0
0 1
0 2
0 3
1 1
1 2
2 2
2 3
2 4
2 5
3 3
3 4
4 4
4 5
4 6
4 7
5 5
5 6
6 6
6 7
6 8
6 9
7 7
7 8
8 8
8 9
8 10
8 11
9 9
9 10
10 10
10 11
10 12
10 13
11 11
11 12
12 12
12 13
12 14
12 15
13 13
13 14
14 14
14 15
14 16
14 17
15 15
15 16
16 16
16 17
16 18
16 19
17 17
17 18
18 18
18 19
18 20
18 21
19 19
19 20
20 20
20 21
20 22
20 23
21 21
21 22
22 22
22 23
22 24
22 25
23 23
23 24
24 24
24 25
24 26
24 27
25 25
25 26
26 26
26 27
26 28
26 29
27 27
27 28
28 28
28 29
28 30
28 31
29 29
29 30
30 30
30 31
30 32
30 33
31 31
31 32
32 32
32 33
32 34
32 35
33 33
33 34
34 34
34 35
34 36
34 37
35 35
35 36
36 36
36 37
36 38
36 39
37 37
37 38
38 38
38 39
38 40
38 41
39 39
39 40
40 40
40 41
40 42
40 43
41 41
41 42
42 42
42 43
42 44
42 45
43 43
43 44
44 44
44 45
44 46
44 47
45 45
45 46
46 46
46 47
46 48
46 49
47 47
47 48
48 48
48 49
48 50
48 51
49 49
49 50
50 50
50 51
50 52
50 53
51 51
51 52
52 52
52 53
52 54
52 55
53 53
53 54
54 54
54 55
54 56
54 57
55 55
55 56
56 56
56 57
56 58
56 59
57 57
57 58
58 58
58 59
58 60
58 61
59 59
59 60
60 60
60 61
60 62
60 63
61 61
61 62
62 62
62 63
62 64
62 65
63 63
63 64
64 64
64 65
64 66
64 67
65 65
65 66
66 66
66 67
66 68
66 69
67 67
67 68
68 68
68 69
68 70
68 71
69 69
69 70
70 70
70 71
70 72
70 73
71 71
71 72
72 72
72 73
72 74
72 75
73 73
73 74
74 74
74 75
74 76
74 77
75 75
75 76
76 76
76 77
76 78
76 79
77 77
77 78
78 78
78 79
78 80
78 81
79 79
79 80
80 80
80 81
80 82
80 83
81 81
81 82
82 82
82 83
82 84
82 85
83 83
83 84
84 84
84 85
84 86
84 87
85 85
85 86
86 86
86 87
86 88
86 89
87 87
87 88
88 88
88 89
88 90
88 91
89 89
89 90
90 90
90 91
90 92
90 93
91 91
91 92
92 92
92 93
92 94
92 95
93 93
93 94
94 94
94 95
94 96
94 97
95 95
95 96
96 96
96 97
96 98
96 99
97 97
97 98
98 98
98 99
98 100
98 101
99 99
99 100
100 100
100 101
100 102
100 103
101 101
101 102
102 102
102 103
102 104
102 105
103 103
103 104
104 104
104 105
104 106
104 107
105 105
105 106
106 106
106 107
106 108
106 109
107 107
107 108
108 108
108 109
108 110
108 111
109 109
109 110
110 110
110 111
110 112
110 113
111 111
111 112
112 112
112 113
112 114
112 115
113 113
113 114
114 114
114 115
114 116
114 117
115 115
115 116
116 116
116 117
116 118
116 119
117 117
117 118
118 118
118 119
118 120
118 121
119 119
119 120
120 120
120 121
120 122
120 123
121 121
121 122
122 122
122 123
122 124
122 125
123 123
123 124
124 124
124 125
124 126
124 127
125 125
125 126
126 126
126 127
126 128
126 129
127 127
127 128
128 128
128 129
128 130
128 131
129 129
129 130
130 130
130 131
130 132
130 133
131 131
131 132
132 132
132 133
132 134
132 135
133 133
133 134
134 134
134 135
134 136
134 137
135 135
135 136
136 136
136 137
136 138
136 139
137 137
137 138
138 138
138 139
138 140
138 141
139 139
139 140
140 140
140 141
140 142
140 143
141 141
141 142
142 142
142 143
142 144
142 145
143 143
143 144
144 144
144 145
144 146
144 147
145 145
145 146
146 146
146 147
146 148
146 149
147 147
147 148
148 148
148 149
148 150
148 151
149 149
149 150
150 150
150 151
150 152
150 153
151 151
151 152
152 152
152 153
152 154
152 155
153 153
153 154
154 154
154 155
154 156
154 157
155 155
155 156
156 156
156 157
156 158
156 159
157 157
157 158
158 158
158 159
158 160
158 161
159 159
159 160
160 160
160 161
160 162
160 163
161 161
161 162
162 162
162 163
162 164
162 165
163 163
163 164
164 164
164 165
164 166
164 167
165 165
165 166
166 166
166 167
166 168
166 169
167 167
167 168
168 168
168 169
168 170
168 171
169 169
169 170
170 170
170 171
170 172
170 173
171 171
171 172
172 172
172 173
172 174
172 175
173 173
173 174
174 174
174 175
174 176
174 177
175 175
175 176
176 176
176 177
176 178
176 179
177 177
177 178
178 178
178 179
178 180
178 181
179 179
179 180
180 180
180 181
180 182
180 183
181 181
181 182
182 182
182 183
182 184
182 185
183 183
183 184
184 184
184 185
184 186
184 187
185 185
185 186
186 186
186 187
186 188
186 189
187 187
187 188
188 188
188 189
188 190
188 191
189 189
189 190
190 190
190 191
190 192
190 193
191 191
191 192
192 192
192 193
192 194
192 195
193 193
193 194
194 194
194 195
194 196
194 197
195 195
195 196
196 196
196 197
196 198
196 199
197 197
197 198
198 198
198 199
198 200
198 201
199 199
199 200
200 200
200 201
200 202
200 203
201 201
201 202
202 202
202 203
202 204
202 205
203 203
203 204
204 204
204 205
204 206
204 207
205 205
205 206
206 206
206 207
206 208
206 209
207 207
207 208
208 208
208 209
208 210
208 211
209 209
209 210
210 210
210 211
210 212
210 213
211 211
211 212
212 212
212 213
212 214
212 215
213 213
213 214
214 214
214 215
214 216
214 217
215 215
215 216
216 216
216 217
216 218
216 219
217 217
217 218
218 218
218 219
218 220
218 221
219 219
219 220
220 220
220 221
220 222
220 223
221 221
221 222
222 222
222 223
222 224
222 225
223 223
223 224
224 224
224 225
224 226
224 227
225 225
225 226
226 226
226 227
226 228
226 229
227 227
227 228
228 228
228 229
228 230
228 231
229 229
229 230
230 230
230 231
230 232
230 233
231 231
231 232
232 232
232 233
232 234
232 235
233 233
233 234
234 234
234 235
234 236
234 237
235 235
235 236
236 236
236 237
236 238
236 239
237 237
237 238
238 238
238 239
238 240
238 241
239 239
239 240
240 240
240 241
240 242
240 243
241 241
241 242
242 242
242 243
242 244
242 245
243 243
243 244
244 244
244 245
244 246
244 247
245 245
245 246
246 246
246 247
246 248
246 249
247 247
247 248
248 248
248 249
248 250
248 251
249 249
249 250
250 250
250 251
250 252
250 253
251 251
251 252
252 252
252 253
252 254
252 255
253 253
253 254
254 254
254 255
254 256
254 257
255 255
255 256
256 256
256 257
256 258
256 259
257 257
257 258
258 258
258 259
258 260
258 261
259 259
259 260
260 260
260 261
260 262
260 263
261 261
261 262
262 262
262 263
262 264
262 265
263 263
263 264
264 264
264 265
264 266
264 267
265 265
265 266
266 266
266 267
266 268
266 269
267 267
267 268
268 268
268 269
268 270
268 271
269 269
269 270
270 270
270 271
270 272
270 273
271 271
271 272
272 272
272 273
272 274
272 275
273 273
273 274
274 274
274 275
274 276
274 277
275 275
275 276
276 276
276 277
276 278
276 279
277 277
277 278
278 278
278 279
278 280
278 281
279 279
279 280
280 280
280 281
280 282
280 283
281 281
281 282
282 282
282 283
282 284
282 285
283 283
283 284
284 284
284 285
284 286
284 287
285 285
285 286
286 286
286 287
286 288
286 289
287 287
287 288
288 288
288 289
288 290
288 291
289 289
289 290
290 290
290 291
290 292
290 293
291 291
291 292
292 292
292 293
292 294
292 295
293 293
293 294
294 294
294 295
294 296
294 297
295 295
295 296
296 296
296 297
296 298
296 299
297 297
297 298
298 298
298 299
298 300
298 301
299 299
299 300
300 300
300 301
300 302
300 303
301 301
301 302
302 302
302 303
302 304
302 305
303 303
303 304
304 304
304 305
304 306
304 307
305 305
305 306
306 306
306 307
306 308
306 309
307 307
307 308
308 308
308 309
308 310
308 311
309 309
309 310
310 310
310 311
310 312
310 313
311 311
311 312
312 312
312 313
312 314
312 315
313 313
313 314
314 314
314 315
314 316
314 317
315 315
315 316
316 316
316 317
316 318
316 319
317 317
317 318
318 318
318 319
318 320
318 321
319 319
319 320
320 320
320 321
320 322
320 323
321 321
321 322
322 322
322 323
322 324
322 325
323 323
323 324
324 324
324 325
324 326
324 327
325 325
325 326
326 326
326 327
326 328
326 329
327 327
327 328
328 328
328 329
328 330
328 331
329 329
329 330
330 330
330 331
330 332
330 333
331 331
331 332
332 332
332 333
332 334
332 335
333 333
333 334
334 334
334 335
334 336
334 337
335 335
335 336
336 336
336 337
336 338
336 339
337 337
337 338
338 338
338 339
338 340
338 341
339 339
339 340
340 340
340 341
340 342
340 343
341 341
341 342
342 342
342 343
342 344
342 345
343 343
343 344
344 344
344 345
344 346
344 347
345 345
345 346
346 346
346 347
346 348
346 349
347 347
347 348
348 348
348 349
348 350
348 351
349 349
349 350
350 350
350 351
350 352
350 353
351 351
351 352
352 352
352 353
352 354
352 355
353 353
353 354
354 354
354 355
354 356
354 357
355 355
355 356
356 356
356 357
356 358
356 359
357 357
357 358
358 358
358 359
358 360
358 361
359 359
359 360
360 360
360 361
360 362
360 363
361 361
361 362
362 362
362 363
362 364
362 365
363 363
363 364
364 364
364 365
364 366
364 367
365 365
365 366
366 366
366 367
366 368
366 369
367 367
367 368
368 368
368 369
368 370
368 371
369 369
369 370
370 370
370 371
370 372
370 373
371 371
371 372
372 372
372 373
372 374
372 375
373 373
373 374
374 374
374 375
374 376
374 377
375 375
375 376
376 376
376 377
376 378
376 379
377 377
377 378
378 378
378 379
378 380
378 381
379 379
379 380
380 380
380 381
380 382
380 383
381 381
381 382
382 382
382 383
382 384
382 385
383 383
383 384
384 384
384 385
384 386
384 387
385 385
385 386
386 386
386 387
386 388
386 389
387 387
387 388
388 388
388 389
388 390
388 391
389 389
389 390
390 390
390 391
390 392
390 393
391 391
391 392
392 392
392 393
392 394
392 395
393 393
393 394
394 394
394 395
394 396
394 397
395 395
395 396
396 396
396 397
396 398
396 399
397 397
397 398
398 398
398 399
398 400
398 401
399 399
399 400
400 400
400 401
400 402
400 403
401 401
401 402
402 402
402 403
402 404
402 405
403 403
403 404
404 404
404 405
404 406
404 407
405 405
405 406
406 406
406 407
406 408
406 409
407 407
407 408
408 408
408 409
408 410
408 411
409 409
409 410
410 410
410 411
410 412
410 413
411 411
411 412
412 412
412 413
412 414
412 415
413 413
413 414
414 414
414 415
414 416
414 417
415 415
415 416
416 416
416 417
416 418
416 419
417 417
417 418
418 418
418 419
418 420
418 421
419 419
419 420
420 420
420 421
420 422
420 423
421 421
421 422
422 422
422 423
422 424
422 425
423 423
423 424
424 424
424 425
424 426
424 427
425 425
425 426
426 426
426 427
426 428
426 429
427 427
427 428
428 428
428 429
428 430
428 431
429 429
429 430
430 430
430 431
430 432
430 433
431 431
431 432
432 432
432 433
432 434
432 435
433 433
433 434
434 434
434 435
434 436
434 437
435 435
435 436
436 436
436 437
436 438
436 439
437 437
437 438
438 438
438 439
438 440
438 441
439 439
439 440
440 440
440 441
440 442
440 443
441 441
441 442
442 442
442 443
442 444
442 445
443 443
443 444
444 444
444 445
444 446
444 447
445 445
445 446
446 446
446 447
446 448
446 449
447 447
447 448
448 448
448 449
448 450
448 451
449 449
449 450
450 450
450 451
450 452
450 453
451 451
451 452
452 452
452 453
452 454
452 455
453 453
453 454
454 454
454 455
454 456
454 457
455 455
455 456
456 456
456 457
456 458
456 459
457 457
457 458
458 458
458 459
458 460
458 461
459 459
459 460
460 460
460 461
460 462
460 463
461 461
461 462
462 462
462 463
462 464
462 465
463 463
463 464
464 464
464 465
464 466
464 467
465 465
465 466
466 466
466 467
466 468
466 469
467 467
467 468
468 468
468 469
468 470
468 471
469 469
469 470
470 470
470 471
470 472
470 473
471 471
471 472
472 472
472 473
472 474
472 475
473 473
473 474
474 474
474 475
474 476
474 477
475 475
475 476
476 476
476 477
476 478
476 479
477 477
477 478
478 478
478 479
478 480
478 481
479 479
479 480
480 480
480 481
480 482
480 483
481 481
481 482
482 482
482 483
482 484
482 485
483 483
483 484
484 484
484 485
484 486
484 487
485 485
485 486
486 486
486 487
486 488
486 489
487 487
487 488
488 488
488 489
488 490
488 491
489 489
489 490
490 490
490 491
490 492
490 493
491 491
491 492
492 492
492 493
492 494
492 495
493 493
493 494
494 494
494 495
494 496
494 497
495 495
495 496
496 496
496 497
496 498
496 499
497 497
497 498
498 498
498 499
498 500
498 501
499 499
499 500
500 500
500 501
500 502
500 503
501 501
501 502
502 502
502 503
502 504
502 505
503 503
503 504
504 504
504 505
504 506
504 507
505 505
505 506
506 506
506 507
506 508
506 509
507 507
507 508
508 508
508 509
508 510
508 511
509 509
509 510
510 510
510 511
510 512
510 513
511 511
511 512
512 512
512 513
512 514
512 515
513 513
513 514
514 514
514 515
514 516
514 517
515 515
515 516
516 516
516 517
516 518
516 519
517 517
517 518
518 518
518 519
518 520
518 521
519 519
519 520
520 520
520 521
520 522
520 523
521 521
521 522
522 522
522 523
522 524
522 525
523 523
523 524
524 524
524 525
524 526
524 527
525 525
525 526
526 526
526 527
526 528
526 529
527 527
527 528
528 528
528 529
528 530
528 531
529 529
529 530
530 530
530 531
530 532
530 533
531 531
531 532
532 532
532 533
532 534
532 535
533 533
533 534
534 534
534 535
534 536
534 537
535 535
535 536
536 536
536 537
536 538
536 539
537 537
537 538
538 538
538 539
538 540
538 541
539 539
539 540
540 540
540 541
540 542
540 543
541 541
541 542
542 542
542 543
542 544
542 545
543 543
543 544
544 544
544 545
544 546
544 547
545 545
545 546
546 546
546 547
546 548
546 549
547 547
547 548
548 548
548 549
548 550
548 551
549 549
549 550
550 550
550 551
550 552
550 553
551 551
551 552
552 552
552 553
552 554
552 555
553 553
553 554
554 554
554 555
554 556
554 557
555 555
555 556
556 556
556 557
556 558
556 559
557 557
557 558
558 558
558 559
558 560
558 561
559 559
559 560
560 560
560 561
560 562
560 563
561 561
561 562
562 562
562 563
562 564
562 565
563 563
563 564
564 564
564 565
564 566
564 567
565 565
565 566
566 566
566 567
566 568
566 569
567 567
567 568
568 568
568 569
568 570
568 571
569 569
569 570
570 570
570 571
570 572
570 573
571 571
571 572
572 572
572 573
572 574
572 575
573 573
573 574
574 574
574 575
574 576
574 577
575 575
575 576
576 576
576 577
576 578
576 579
577 577
577 578
578 578
578 579
578 580
578 581
579 579
579 580
580 580
580 581
580 582
580 583
581 581
581 582
582 582
582 583
582 584
582 585
583 583
583 584
584 584
584 585
584 586
584 587
585 585
585 586
586 586
586 587
586 588
586 589
587 587
587 588
588 588
588 589
588 590
588 591
589 589
589 590
590 590
590 591
590 592
590 593
591 591
591 592
592 592
592 593
592 594
592 595
593 593
593 594
594 594
594 595
594 596
594 597
595 595
595 596
596 596
596 597
596 598
596 599
597 597
597 598
598 598
598 599
598 600
598 601
599 599
599 600
600 600
600 601
600 602
600 603
601 601
601 602
602 602
602 603
602 604
602 605
603 603
603 604
604 604
604 605
604 606
604 607
605 605
605 606
606 606
606 607
606 608
606 609
607 607
607 608
608 608
608 609
608 610
608 611
609 609
609 610
610 610
610 611
610 612
610 613
611 611
611 612
612 612
612 613
612 614
612 615
613 613
613 614
614 614
614 615
614 616
614 617
615 615
615 616
616 616
616 617
616 618
616 619
617 617
617 618
618 618
618 619
618 620
618 621
619 619
619 620
620 620
620 621
620 622
620 623
621 621
621 622
622 622
622 623
622 624
622 625
623 623
623 624
624 624
624 625
624 626
624 627
625 625
625 626
626 626
626 627
626 628
626 629
627 627
627 628
628 628
628 629
628 630
628 631
629 629
629 630
630 630
630 631
630 632
630 633
631 631
631 632
632 632
632 633
632 634
632 635
633 633
633 634
634 634
634 635
634 636
634 637
635 635
635 636
636 636
636 637
636 638
636 639
637 637
637 638
638 638
638 639
638 640
638 641
639 639
639 640
640 640
640 641
640 642
640 643
641 641
641 642
642 642
642 643
642 644
642 645
643 643
643 644
644 644
644 645
644 646
644 647
645 645
645 646
646 646
646 647
646 648
646 649
647 647
647 648
648 648
648 649
648 650
648 651
649 649
649 650
650 650
650 651
650 652
650 653
651 651
651 652
652 652
652 653
652 654
652 655
653 653
653 654
654 654
654 655
654 656
654 657
655 655
655 656
656 656
656 657
656 658
656 659
657 657
657 658
658 658
658 659
658 660
658 661
659 659
659 660
660 660
660 661
660 662
660 663
661 661
661 662
662 662
662 663
662 664
662 665
663 663
663 664
664 664
664 665
664 666
664 667
665 665
665 666
666 666
666 667
666 668
666 669
667 667
667 668
668 668
668 669
668 670
668 671
669 669
669 670
670 670
670 671
670 672
670 673
671 671
671 672
672 672
672 673
672 674
672 675
673 673
673 674
674 674
674 675
674 676
674 677
675 675
675 676
676 676
676 677
676 678
676 679
677 677
677 678
678 678
678 679
678 680
678 681
679 679
679 680
680 680
680 681
680 682
680 683
681 681
681 682
682 682
682 683
682 684
682 685
683 683
683 684
684 684
684 685
684 686
684 687
685 685
685 686
686 686
686 687
686 688
686 689
687 687
687 688
688 688
688 689
688 690
688 691
689 689
689 690
690 690
690 691
690 692
690 693
691 691
691 692
692 692
692 693
692 694
692 695
693 693
693 694
694 694
694 695
694 696
694 697
695 695
695 696
696 696
696 697
696 698
696 699
697 697
697 698
698 698
698 699
698 700
698 701
699 699
699 700
700 700
700 701
700 702
700 703
701 701
701 702
702 702
702 703
702 704
702 705
703 703
703 704
704 704
704 705
704 706
704 707
705 705
705 706
706 706
706 707
706 708
706 709
707 707
707 708
708 708
708 709
708 710
708 711
709 709
709 710
710 710
710 711
710 712
710 713
711 711
711 712
712 712
712 713
712 714
712 715
713 713
713 714
714 714
714 715
714 716
714 717
715 715
715 716
716 716
716 717
716 718
716 719
717 717
717 718
718 718
718 719
718 720
718 721
719 719
719 720
720 720
720 721
720 722
720 723
721 721
721 722
722 722
722 723
722 724
722 725
723 723
723 724
724 724
724 725
724 726
724 727
725 725
725 726
726 726
726 727
726 728
726 729
727 727
727 728
728 728
728 729
728 730
728 731
729 729
729 730
730 730
730 731
730 732
730 733
731 731
731 732
732 732
732 733
732 734
732 735
733 733
733 734
734 734
734 735
734 736
734 737
735 735
735 736
736 736
736 737
736 738
736 739
737 737
737 738
738 738
738 739
738 740
738 741
739 739
739 740
740 740
740 741
740 742
740 743
741 741
741 742
742 742
742 743
742 744
742 745
743 743
743 744
744 744
744 745
744 746
744 747
745 745
745 746
746 746
746 747
746 748
746 749
747 747
747 748
748 748
748 749
748 750
748 751
749 749
749 750
750 750
750 751
750 752
750 753
751 751
751 752
752 752
752 753
752 754
752 755
753 753
753 754
754 754
754 755
754 756
754 757
755 755
755 756
756 756
756 757
756 758
756 759
757 757
757 758
758 758
758 759
758 760
758 761
759 759
759 760
760 760
760 761
760 762
760 763
761 761
761 762
762 762
762 763
762 764
762 765
763 763
763 764
764 764
764 765
764 766
764 767
765 765
765 766
766 766
766 767
766 768
766 769
767 767
767 768
768 768
768 769
768 770
768 771
769 769
769 770
770 770
770 771
770 772
770 773
771 771
771 772
772 772
772 773
772 774
772 775
773 773
773 774
774 774
774 775
774 776
774 777
775 775
775 776
776 776
776 777
776 778
776 779
777 777
777 778
778 778
778 779
778 780
778 781
779 779
779 780
780 780
780 781
780 782
780 783
781 781
781 782
782 782
782 783
782 784
782 785
783 783
783 784
784 784
784 785
784 786
784 787
785 785
785 786
786 786
786 787
786 788
786 789
787 787
787 788
788 788
788 789
788 790
788 791
789 789
789 790
790 790
790 791
790 792
790 793
791 791
791 792
792 792
792 793
792 794
792 795
793 793
793 794
794 794
794 795
794 796
794 797
795 795
795 796
796 796
796 797
796 798
796 799
797 797
797 798
798 798
798 799
798 800
798 801
799 799
799 800
800 800
800 801
800 802
800 803
801 801
801 802
802 802
802 803
802 804
802 805
803 803
803 804
804 804
804 805
804 806
804 807
805 805
805 806
806 806
806 807
806 808
806 809
807 807
807 808
808 808
808 809
808 810
808 811
809 809
809 810
810 810
810 811
810 812
810 813
811 811
811 812
812 812
812 813
812 814
812 815
813 813
813 814
814 814
814 815
814 816
814 817
815 815
815 816
816 816
816 817
816 818
816 819
817 817
817 818
818 818
818 819
818 820
818 821
819 819
819 820
820 820
820 821
820 822
820 823
821 821
821 822
822 822
822 823
822 824
822 825
823 823
823 824
824 824
824 825
824 826
824 827
825 825
825 826
826 826
826 827
826 828
826 829
827 827
827 828
828 828
828 829
828 830
828 831
829 829
829 830
830 830
830 831
830 832
830 833
831 831
831 832
832 832
832 833
832 834
832 835
833 833
833 834
834 834
834 835
834 836
834 837
835 835
835 836
836 836
836 837
836 838
836 839
837 837
837 838
838 838
838 839
838 840
838 841
839 839
839 840
840 840
840 841
840 842
840 843
841 841
841 842
842 842
842 843
842 844
842 845
843 843
843 844
844 844
844 845
844 846
844 847
845 845
845 846
846 846
846 847
846 848
846 849
847 847
847 848
848 848
848 849
848 850
848 851
849 849
849 850
850 850
850 851
850 852
850 853
851 851
851 852
852 852
852 853
852 854
852 855
853 853
853 854
854 854
854 855
854 856
854 857
855 855
855 856
856 856
856 857
856 858
856 859
857 857
857 858
858 858
858 859
858 860
858 861
859 859
859 860
860 860
860 861
860 862
860 863
861 861
861 862
862 862
862 863
862 864
862 865
863 863
863 864
864 864
864 865
864 866
864 867
865 865
865 866
866 866
866 867
866 868
866 869
867 867
867 868
868 868
868 869
868 870
868 871
869 869
869 870
870 870
870 871
870 872
870 873
871 871
871 872
872 872
872 873
872 874
872 875
873 873
873 874
874 874
874 875
874 876
874 877
875 875
875 876
876 876
876 877
876 878
876 879
877 877
877 878
878 878
878 879
878 880
878 881
879 879
879 880
880 880
880 881
880 882
880 883
881 881
881 882
882 882
882 883
882 884
882 885
883 883
883 884
884 884
884 885
884 886
884 887
885 885
885 886
886 886
886 887
886 888
886 889
887 887
887 888
888 888
888 889
888 890
888 891
889 889
889 890
890 890
890 891
890 892
890 893
891 891
891 892
892 892
892 893
892 894
892 895
893 893
893 894
894 894
894 895
894 896
894 897
895 895
895 896
896 896
896 897
896 898
896 899
897 897
897 898
898 898
898 899
898 900
898 901
899 899
899 900
900 900
900 901
900 902
900 903
901 901
901 902
902 902
902 903
902 904
902 905
903 903
903 904
904 904
904 905
904 906
904 907
905 905
905 906
906 906
906 907
906 908
906 909
907 907
907 908
908 908
908 909
908 910
908 911
909 909
909 910
910 910
910 911
910 912
910 913
911 911
911 912
912 912
912 913
912 914
912 915
913 913
913 914
914 914
914 915
914 916
914 917
915 915
915 916
916 916
916 917
916 918
916 919
917 917
917 918
918 918
918 919
918 920
918 921
919 919
919 920
920 920
920 921
920 922
920 923
921 921
921 922
922 922
922 923
922 924
922 925
923 923
923 924
924 924
924 925
924 926
924 927
925 925
925 926
926 926
926 927
926 928
926 929
927 927
927 928
928 928
928 929
928 930
928 931
929 929
929 930
930 930
930 931
930 932
930 933
931 931
931 932
932 932
932 933
932 934
932 935
933 933
933 934
934 934
934 935
934 936
934 937
935 935
935 936
936 936
936 937
936 938
936 939
937 937
937 938
938 938
938 939
938 940
938 941
939 939
939 940
940 940
940 941
940 942
940 943
941 941
941 942
942 942
942 943
942 944
942 945
943 943
943 944
944 944
944 945
944 946
944 947
945 945
945 946
946 946
946 947
946 948
946 949
947 947
947 948
948 948
948 949
948 950
948 951
949 949
949 950
950 950
950 951
950 952
950 953
951 951
951 952
952 952
952 953
952 954
952 955
953 953
953 954
954 954
954 955
954 956
954 957
955 955
955 956
956 956
956 957
956 958
956 959
957 957
957 958
958 958
958 959
958 960
958 961
959 959
959 960
960 960
960 961
960 962
960 963
961 961
961 962
962 962
962 963
962 964
962 965
963 963
963 964
964 964
964 965
964 966
964 967
965 965
965 966
966 966
966 967
966 968
966 969
967 967
967 968
968 968
968 969
968 970
968 971
969 969
969 970
970 970
970 971
970 972
970 973
971 971
971 972
972 972
972 973
972 974
972 975
973 973
973 974
974 974
974 975
974 976
974 977
975 975
975 976
976 976
976 977
976 978
976 979
977 977
977 978
978 978
978 979
978 980
978 981
979 979
979 980
980 980
980 981
980 982
980 983
981 981
981 982
982 982
982 983
982 984
982 985
983 983
983 984
984 984
984 985
984 986
984 987
985 985
985 986
986 986
986 987
986 988
986 989
987 987
987 988
988 988
988 989
988 990
988 991
989 989
989 990
990 990
990 991
990 992
990 993
991 991
991 992
992 992
992 993
992 994
992 995
993 993
993 994
994 994
994 995
994 996
994 997
995 995
995 996
996 996
996 997
996 998
996 999
997 997
997 998
998 998
998 999
998 1000
998 1001
999 999
999 1000
1000 1000
1000 1001
1000 1002
1000 1003
1001 1001
1001 1002
1002 1002
1002 1003
1002 1004
1002 1005
1003 1003
1003 1004
1004 1004
1004 1005
1004 1006
1004 1007
1005 1005
1005 1006
1006 1006
1006 1007
1006 1008
1006 1009
1007 1007
1007 1008
1008 1008
1008 1009
1008 1010
1008 1011
1009 1009
1009 1010
1010 1010
1010 1011
1010 1012
1010 1013
1011 1011
1011 1012
1012 1012
1012 1013
1012 1014
1012 1015
1013 1013
1013 1014
1014 1014
1014 1015
1014 1016
1014 1017
1015 1015
1015 1016
1016 1016
1016 1017
1016 1018
1016 1019
1017 1017
1017 1018
1018 1018
1018 1019
1018 1020
1018 1021
1019 1019
1019 1020
1020 1020
1020 1021
1020 1022
1020 1023
1021 1021
1021 1022
1022 1022
1022 1023
1022 1024
1022 1025
1023 1023
1023 1024
1024 1024
1024 1025
1024 1026
1024 1027
1025 1025
1025 1026
1026 1026
1026 1027
1026 1028
1026 1029
1027 1027
1027 1028
1028 1028
1028 1029
1028 1030
1028 1031
1029 1029
1029 1030
1030 1030
1030 1031
1030 1032
1030 1033
1031 1031
1031 1032
1032 1032
1032 1033
1032 1034
1032 1035
1033 1033
1033 1034
1034 1034
1034 1035
1034 1036
1034 1037
1035 1035
1035 1036
1036 1036
1036 1037
1036 1038
1036 1039
1037 1037
1037 1038
1038 1038
1038 1039
1038 1040
1038 1041
1039 1039
1039 1040
1040 1040
1040 1041
1040 1042
1040 1043
1041 1041
1041 1042
1042 1042
1042 1043
1042 1044
1042 1045
1043 1043
1043 1044
1044 1044
1044 1045
1044 1046
1044 1047
1045 1045
1045 1046
1046 1046
1046 1047
1046 1048
1046 1049
1047 1047
1047 1048
1048 1048
1048 1049
1048 1050
1048 1051
1049 1049
1049 1050
1050 1050
1050 1051
1050 1052
1050 1053
1051 1051
1051 1052
1052 1052
1052 1053
1052 1054
1052 1055
1053 1053
1053 1054
1054 1054
1054 1055
1054 1056
1054 1057
1055 1055
1055 1056
1056 1056
1056 1057
1056 1058
1056 1059
1057 1057
1057 1058
1058 1058
1058 1059
1058 1060
1058 1061
1059 1059
1059 1060
1060 1060
1060 1061
1060 1062
1060 1063
1061 1061
1061 1062
1062 1062
1062 1063
1062 1064
1062 1065
1063 1063
1063 1064
1064 1064
1064 1065
1064 1066
1064 1067
1065 1065
1065 1066
1066 1066
1066 1067
1066 1068
1066 1069
1067 1067
1067 1068
1068 1068
1068 1069
1068 1070
1068 1071
1069 1069
1069 1070
1070 1070
1070 1071
1070 1072
1070 1073
1071 1071
1071 1072
1072 1072
1072 1073
1072 1074
1072 1075
1073 1073
1073 1074
1074 1074
1074 1075
1074 1076
1074 1077
1075 1075
1075 1076
1076 1076
1076 1077
1076 1078
1076 1079
1077 1077
1077 1078
1078 1078
1078 1079
1078 1080
1078 1081
1079 1079
1079 1080
1080 1080
1080 1081
1080 1082
1080 1083
1081 1081
1081 1082
1082 1082
1082 1083
1082 1084
1082 1085
1083 1083
1083 1084
1084 1084
1084 1085
1084 1086
1084 1087
1085 1085
1085 1086
1086 1086
1086 1087
1086 1088
1086 1089
1087 1087
1087 1088
1088 1088
1088 1089
1088 1090
1088 1091
1089 1089
1089 1090
1090 1090
1090 1091
1090 1092
1090 1093
1091 1091
1091 1092
1092 1092
1092 1093
1092 1094
1092 1095
1093 1093
1093 1094
1094 1094
1094 1095
1094 1096
1094 1097
1095 1095
1095 1096
1096 1096
1096 1097
1096 1098
1096 1099
1097 1097
1097 1098
1098 1098
1098 1099
1098 1100
1098 1101
1099 1099
1099 1100
1100 1100
1100 1101
1100 1102
1100 1103
1101 1101
1101 1102
1102 1102
1102 1103
1102 1104
1102 1105
1103 1103
1103 1104
1104 1104
1104 1105
1104 1106
1104 1107
1105 1105
1105 1106
1106 1106
1106 1107
1106 1108
1106 1109
1107 1107
1107 1108
1108 1108
1108 1109
1108 1110
1108 1111
1109 1109
1109 1110
1110 1110
1110 1111
1110 1112
1110 1113
1111 1111
1111 1112
1112 1112
1112 1113
1112 1114
1112 1115
1113 1113
1113 1114
1114 1114
1114 1115
1114 1116
1114 1117
1115 1115
1115 1116
1116 1116
1116 1117
1116 1118
1116 1119
1117 1117
1117 1118
1118 1118
1118 1119
1118 1120
1118 1121
1119 1119
1119 1120
1120 1120
1120 1121
1120 1122
1120 1123
1121 1121
1121 1122
1122 1122
1122 1123
1122 1124
1122 1125
1123 1123
1123 1124
1124 1124
1124 1125
1124 1126
1124 1127
1125 1125
1125 1126
1126 1126
1126 1127
1126 1128
1126 1129
1127 1127
1127 1128
1128 1128
1128 1129
1128 1130
1128 1131
1129 1129
1129 1130
1130 1130
1130 1131
1130 1132
1130 1133
1131 1131
1131 1132
1132 1132
1132 1133
1132 1134
1132 1135
1133 1133
1133 1134
1134 1134
1134 1135
1134 1136
1134 1137
1135 1135
1135 1136
1136 1136
1136 1137
1136 1138
1136 1139
1137 1137
1137 1138
1138 1138
1138 1139
1138 1140
1138 1141
1139 1139
1139 1140
1140 1140
1140 1141
1140 1142
1140 1143
1141 1141
1141 1142
1142 1142
1142 1143
1142 1144
1142 1145
1143 1143
1143 1144
1144 1144
1144 1145
1144 1146
1144 1147
1145 1145
1145 1146
1146 1146
1146 1147
1146 1148
1146 1149
1147 1147
1147 1148
1148 1148
1148 1149
1148 1150
1148 1151
1149 1149
1149 1150
1150 1150
1150 1151
1150 1152
1150 1153
1151 1151
1151 1152
1152 1152
1152 1153
1152 1154
1152 1155
1153 1153
1153 1154
1154 1154
1154 1155
1154 1156
1154 1157
1155 1155
1155 1156
1156 1156
1156 1157
1156 1158
1156 1159
1157 1157
1157 1158
1158 1158
1158 1159
1158 1160
1158 1161
1159 1159
1159 1160
1160 1160
1160 1161
1160 1162
1160 1163
1161 1161
1161 1162
1162 1162
1162 1163
1162 1164
1162 1165
1163 1163
1163 1164
1164 1164
1164 1165
1164 1166
1164 1167
1165 1165
1165 1166
1166 1166
1166 1167
1166 1168
1166 1169
1167 1167
1167 1168
1168 1168
1168 1169
1168 1170
1168 1171
1169 1169
1169 1170
1170 1170
1170 1171
1170 1172
1170 1173
1171 1171
1171 1172
1172 1172
1172 1173
1172 1174
1172 1175
1173 1173
1173 1174
1174 1174
1174 1175
1174 1176
1174 1177
1175 1175
1175 1176
1176 1176
1176 1177
1176 1178
1176 1179
1177 1177
1177 1178
1178 1178
1178 1179
1178 1180
1178 1181
1179 1179
1179 1180
1180 1180
1180 1181
1180 1182
1180 1183
1181 1181
1181 1182
1182 1182
1182 1183
1182 1184
1182 1185
1183 1183
1183 1184
1184 1184
1184 1185
1184 1186
1184 1187
1185 1185
1185 1186
1186 1186
1186 1187
1186 1188
1186 1189
1187 1187
1187 1188
1188 1188
1188 1189
1188 1190
1188 1191
1189 1189
1189 1190
1190 1190
1190 1191
1190 1192
1190 1193
1191 1191
1191 1192
1192 1192
1192 1193
1192 1194
1192 1195
1193 1193
1193 1194
1194 1194
1194 1195
1194 1196
1194 1197
1195 1195
1195 1196
1196 1196
1196 1197
1196 1198
1196 1199
1197 1197
1197 1198
1198 1198
1198 1199
1198 1200
1198 1201
1199 1199
1199 1200
1200 1200
1200 1201
1200 1202
1200 1203
1201 1201
1201 1202
1202 1202
1202 1203
1202 1204
1202 1205
1203 1203
1203 1204
1204 1204
1204 1205
1204 1206
1204 1207
1205 1205
1205 1206
1206 1206
1206 1207
1206 1208
1206 1209
1207 1207
1207 1208
1208 1208
1208 1209
1208 1210
1208 1211
1209 1209
1209 1210
1210 1210
1210 1211
1210 1212
1210 1213
1211 1211
1211 1212
1212 1212
1212 1213
1212 1214
1212 1215
1213 1213
1213 1214
1214 1214
1214 1215
1214 1216
1214 1217
1215 1215
1215 1216
1216 1216
1216 1217
1216 1218
1216 1219
1217 1217
1217 1218
1218 1218
1218 1219
1218 1220
1218 1221
1219 1219
1219 1220
1220 1220
1220 1221
1220 1222
1220 1223
1221 1221
1221 1222
1222 1222
1222 1223
1222 1224
1222 1225
1223 1223
1223 1224
1224 1224
1224 1225
1224 1226
1224 1227
1225 1225
1225 1226
1226 1226
1226 1227
1226 1228
1226 1229
1227 1227
1227 1228
1228 1228
1228 1229
1228 1230
1228 1231
1229 1229
1229 1230
1230 1230
1230 1231
1230 1232
1230 1233
1231 1231
1231 1232
1232 1232
1232 1233
1232 1234
1232 1235
1233 1233
1233 1234
1234 1234
1234 1235
1234 1236
1234 1237
1235 1235
1235 1236
1236 1236
1236 1237
1236 1238
1236 1239
1237 1237
1237 1238
1238 1238
1238 1239
1238 1240
1238 1241
1239 1239
1239 1240
1240 1240
1240 1241
1240 1242
1240 1243
1241 1241
1241 1242
1242 1242
1242 1243
1242 1244
1242 1245
1243 1243
1243 1244
1244 1244
1244 1245
1244 1246
1244 1247
1245 1245
1245 1246
1246 1246
1246 1247
1246 1248
1246 1249
1247 1247
1247 1248
1248 1248
1248 1249
1248 1250
1248 1251
1249 1249
1249 1250
1250 1250
1250 1251
1250 1252
1250 1253
1251 1251
1251 1252
1252 1252
1252 1253
1252 1254
1252 1255
1253 1253
1253 1254
1254 1254
1254 1255
1254 1256
1254 1257
1255 1255
1255 1256
1256 1256
1256 1257
1256 1258
1256 1259
1257 1257
1257 1258
1258 1258
1258 1259
1258 1260
1258 1261
1259 1259
1259 1260
1260 1260
1260 1261
1260 1262
1260 1263
1261 1261
1261 1262
1262 1262
1262 1263
1262 1264
1262 1265
1263 1263
1263 1264
1264 1264
1264 1265
1264 1266
1264 1267
1265 1265
1265 1266
1266 1266
1266 1267
1266 1268
1266 1269
1267 1267
1267 1268
1268 1268
1268 1269
1268 1270
1268 1271
1269 1269
1269 1270
1270 1270
1270 1271
1270 1272
1270 1273
1271 1271
1271 1272
1272 1272
1272 1273
1272 1274
1272 1275
1273 1273
1273 1274
1274 1274
1274 1275
1274 1276
1274 1277
1275 1275
1275 1276
1276 1276
1276 1277
1276 1278
1276 1279
1277 1277
1277 1278
1278 1278
1278 1279
1278 1280
1278 1281
1279 1279
1279 1280
1280 1280
1280 1281
1280 1282
1280 1283
1281 1281
1281 1282
1282 1282
1282 1283
1282 1284
1282 1285
1283 1283
1283 1284
1284 1284
1284 1285
1284 1286
1284 1287
1285 1285
1285 1286
1286 1286
1286 1287
1286 1288
1286 1289
1287 1287
1287 1288
1288 1288
1288 1289
1288 1290
1288 1291
1289 1289
1289 1290
1290 1290
1290 1291
1290 1292
1290 1293
1291 1291
1291 1292
1292 1292
1292 1293
1292 1294
1292 1295
1293 1293
1293 1294
1294 1294
1294 1295
1294 1296
1294 1297
1295 1295
1295 1296
1296 1296
1296 1297
1296 1298
1296 1299
1297 1297
1297 1298
1298 1298
1298 1299
1298 1300
1298 1301
1299 1299
1299 1300
1300 1300
1300 1301
1300 1302
1300 1303
1301 1301
1301 1302
1302 1302
1302 1303
1302 1304
1302 1305
1303 1303
1303 1304
1304 1304
1304 1305
1304 1306
1304 1307
1305 1305
1305 1306
1306 1306
1306 1307
1306 1308
1306 1309
1307 1307
1307 1308
1308 1308
1308 1309
1308 1310
1308 1311
1309 1309
1309 1310
1310 1310
1310 1311
1310 1312
1310 1313
1311 1311
1311 1312
1312 1312
1312 1313
1312 1314
1312 1315
1313 1313
1313 1314
1314 1314
1314 1315
1314 1316
1314 1317
1315 1315
1315 1316
1316 1316
1316 1317
1316 1318
1316 1319
1317 1317
1317 1318
1318 1318
1318 1319
1318 1320
1318 1321
1319 1319
1319 1320
1320 1320
1320 1321
1320 1322
1320 1323
1321 1321
1321 1322
1322 1322
1322 1323
1322 1324
1322 1325
1323 1323
1323 1324
1324 1324
1324 1325
1324 1326
1324 1327
1325 1325
1325 1326
1326 1326
1326 1327
1326 1328
1326 1329
1327 1327
1327 1328
1328 1328
1328 1329
1328 1330
1328 1331
1329 1329
1329 1330
1330 1330
1330 1331
1330 1332
1330 1333
1331 1331
1331 1332
1332 1332
1332 1333
1332 1334
1332 1335
1333 1333
1333 1334
1334 1334
1334 1335
1334 1336
1334 1337
1335 1335
1335 1336
1336 1336
1336 1337
1336 1338
1336 1339
1337 1337
1337 1338
1338 1338
1338 1339
1338 1340
1338 1341
1339 1339
1339 1340
1340 1340
1340 1341
1340 1342
1340 1343
1341 1341
1341 1342
1342 1342
1342 1343
1342 1344
1342 1345
1343 1343
1343 1344
1344 1344
1344 1345
1344 1346
1344 1347
1345 1345
1345 1346
1346 1346
1346 1347
1346 1348
1346 1349
1347 1347
1347 1348
1348 1348
1348 1349
1348 1350
1348 1351
1349 1349
1349 1350
1350 1350
1350 1351
1350 1352
1350 1353
1351 1351
1351 1352
1352 1352
1352 1353
1352 1354
1352 1355
1353 1353
1353 1354
1354 1354
1354 1355
1354 1356
1354 1357
1355 1355
1355 1356
1356 1356
1356 1357
1356 1358
1356 1359
1357 1357
1357 1358
1358 1358
1358 1359
1358 1360
1358 1361
1359 1359
1359 1360
1360 1360
1360 1361
1360 1362
1360 1363
1361 1361
1361 1362
1362 1362
1362 1363
1362 1364
1362 1365
1363 1363
1363 1364
1364 1364
1364 1365
1364 1366
1364 1367
1365 1365
1365 1366
1366 1366
1366 1367
1366 1368
1366 1369
1367 1367
1367 1368
1368 1368
1368 1369
1368 1370
1368 1371
1369 1369
1369 1370
1370 1370
1370 1371
1370 1372
1370 1373
1371 1371
1371 1372
1372 1372
1372 1373
1372 1374
1372 1375
1373 1373
1373 1374
1374 1374
1374 1375
1374 1376
1374 1377
1375 1375
1375 1376
1376 1376
1376 1377
1376 1378
1376 1379
1377 1377
1377 1378
1378 1378
1378 1379
1378 1380
1378 1381
1379 1379
1379 1380
1380 1380
1380 1381
1380 1382
1380 1383
1381 1381
1381 1382
1382 1382
1382 1383
1382 1384
1382 1385
1383 1383
1383 1384
1384 1384
1384 1385
1384 1386
1384 1387
1385 1385
1385 1386
1386 1386
1386 1387
1386 1388
1386 1389
1387 1387
1387 1388
1388 1388
1388 1389
1388 1390
1388 1391
1389 1389
1389 1390
1390 1390
1390 1391
1390 1392
1390 1393
1391 1391
1391 1392
1392 1392
1392 1393
1392 1394
1392 1395
1393 1393
1393 1394
1394 1394
1394 1395
1394 1396
1394 1397
1395 1395
1395 1396
1396 1396
1396 1397
1396 1398
1396 1399
1397 1397
1397 1398
1398 1398
1398 1399
1398 1400
1398 1401
1399 1399
1399 1400
1400 1400
1400 1401
1400 1402
1400 1403
1401 1401
1401 1402
1402 1402
1402 1403
1402 1404
1402 1405
1403 1403
1403 1404
1404 1404
1404 1405
1404 1406
1404 1407
1405 1405
1405 1406
1406 1406
1406 1407
1406 1408
1406 1409
1407 1407
1407 1408
1408 1408
1408 1409
1408 1410
1408 1411
1409 1409
1409 1410
1410 1410
1410 1411
1410 1412
1410 1413
1411 1411
1411 1412
1412 1412
1412 1413
1412 1414
1412 1415
1413 1413
1413 1414
1414 1414
1414 1415
1414 1416
1414 1417
1415 1415
1415 1416
1416 1416
1416 1417
1416 1418
1416 1419
1417 1417
1417 1418
1418 1418
1418 1419
1418 1420
1418 1421
1419 1419
1419 1420
1420 1420
1420 1421
1420 1422
1420 1423
1421 1421
1421 1422
1422 1422
1422 1423
1422 1424
1422 1425
1423 1423
1423 1424
1424 1424
1424 1425
1424 1426
1424 1427
1425 1425
1425 1426
1426 1426
1426 1427
1426 1428
1426 1429
1427 1427
1427 1428
1428 1428
1428 1429
1428 1430
1428 1431
1429 1429
1429 1430
1430 1430
1430 1431
1430 1432
1430 1433
1431 1431
1431 1432
1432 1432
1432 1433
1432 1434
1432 1435
1433 1433
1433 1434
1434 1434
1434 1435
1434 1436
1434 1437
1435 1435
1435 1436
1436 1436
1436 1437
1436 1438
1436 1439
1437 1437
1437 1438
1438 1438
1438 1439
1438 1440
1438 1441
1439 1439
1439 1440
1440 1440
1440 1441
1440 1442
1440 1443
1441 1441
1441 1442
1442 1442
1442 1443
1442 1444
1442 1445
1443 1443
1443 1444
1444 1444
1444 1445
1444 1446
1444 1447
1445 1445
1445 1446
1446 1446
1446 1447
1446 1448
1446 1449
1447 1447
1447 1448
1448 1448
1448 1449
1448 1450
1448 1451
1449 1449
1449 1450
1450 1450
1450 1451
1450 1452
1450 1453
1451 1451
1451 1452
1452 1452
1452 1453
1452 1454
1452 1455
1453 1453
1453 1454
1454 1454
1454 1455
1454 1456
1454 1457
1455 1455
1455 1456
1456 1456
1456 1457
1456 1458
1456 1459
1457 1457
1457 1458
1458 1458
1458 1459
1458 1460
1458 1461
1459 1459
1459 1460
1460 1460
1460 1461
1460 1462
1460 1463
1461 1461
1461 1462
1462 1462
1462 1463
1462 1464
1462 1465
1463 1463
1463 1464
1464 1464
1464 1465
1464 1466
1464 1467
1465 1465
1465 1466
1466 1466
1466 1467
1466 1468
1466 1469
1467 1467
1467 1468
1468 1468
1468 1469
1468 1470
1468 1471
1469 1469
1469 1470
1470 1470
1470 1471
1470 1472
1470 1473
1471 1471
1471 1472
1472 1472
1472 1473
1472 1474
1472 1475
1473 1473
1473 1474
1474 1474
1474 1475
1474 1476
1474 1477
1475 1475
1475 1476
1476 1476
1476 1477
1476 1478
1476 1479
1477 1477
1477 1478
1478 1478
1478 1479
1478 1480
1478 1481
1479 1479
1479 1480
1480 1480
1480 1481
1480 1482
1480 1483
1481 1481
1481 1482
1482 1482
1482 1483
1482 1484
1482 1485
1483 1483
1483 1484
1484 1484
1484 1485
1484 1486
1484 1487
1485 1485
1485 1486
1486 1486
1486 1487
1486 1488
1486 1489
1487 1487
1487 1488
1488 1488
1488 1489
1488 1490
1488 1491
1489 1489
1489 1490
1490 1490
1490 1491
1490 1492
1490 1493
1491 1491
1491 1492
1492 1492
1492 1493
1492 1494
1492 1495
1493 1493
1493 1494
1494 1494
1494 1495
1494 1496
1494 1497
1495 1495
1495 1496
1496 1496
1496 1497
1496 1498
1496 1499
1497 1497
1497 1498
1498 1498
1498 1499
1498 1500
1498 1501
1499 1499
1499 1500
1500 1500
1500 1501
1500 1502
1500 1503
1501 1501
1501 1502
1502 1502
1502 1503
1502 1504
1502 1505
1503 1503
1503 1504
1504 1504
1504 1505
1504 1506
1504 1507
1505 1505
1505 1506
1506 1506
1506 1507
1506 1508
1506 1509
1507 1507
1507 1508
1508 1508
1508 1509
1508 1510
1508 1511
1509 1509
1509 1510
1510 1510
1510 1511
1510 1512
1510 1513
1511 1511
1511 1512
1512 1512
1512 1513
1512 1514
1512 1515
1513 1513
1513 1514
1514 1514
1514 1515
1514 1516
1514 1517
1515 1515
1515 1516
1516 1516
1516 1517
1516 1518
1516 1519
1517 1517
1517 1518
1518 1518
1518 1519
1518 1520
1518 1521
1519 1519
1519 1520
1520 1520
1520 1521
1520 1522
1520 1523
1521 1521
1521 1522
1522 1522
1522 1523
1522 1524
1522 1525
1523 1523
1523 1524
1524 1524
1524 1525
1524 1526
1524 1527
1525 1525
1525 1526
1526 1526
1526 1527
1526 1528
1526 1529
1527 1527
1527 1528
1528 1528
1528 1529
1528 1530
1528 1531
1529 1529
1529 1530
1530 1530
1530 1531
1530 1532
1530 1533
1531 1531
1531 1532
1532 1532
1532 1533
1532 1534
1532 1535
1533 1533
1533 1534
1534 1534
1534 1535
1534 1536
1534 1537
1535 1535
1535 1536
1536 1536
1536 1537
1536 1538
1536 1539
1537 1537
1537 1538
1538 1538
1538 1539
1538 1540
1538 1541
1539 1539
1539 1540
1540 1540
1540 1541
1540 1542
1540 1543
1541 1541
1541 1542
1542 1542
1542 1543
1542 1544
1542 1545
1543 1543
1543 1544
1544 1544
1544 1545
1544 1546
1544 1547
1545 1545
1545 1546
1546 1546
1546 1547
1546 1548
1546 1549
1547 1547
1547 1548
1548 1548
1548 1549
1548 1550
1548 1551
1549 1549
1549 1550
1550 1550
1550 1551
1550 1552
1550 1553
1551 1551
1551 1552
1552 1552
1552 1553
1552 1554
1552 1555
1553 1553
1553 1554
1554 1554
1554 1555
1554 1556
1554 1557
1555 1555
1555 1556
1556 1556
1556 1557
1556 1558
1556 1559
1557 1557
1557 1558
1558 1558
1558 1559
1558 1560
1558 1561
1559 1559
1559 1560
1560 1560
1560 1561
1560 1562
1560 1563
1561 1561
1561 1562
1562 1562
1562 1563
1562 1564
1562 1565
1563 1563
1563 1564
1564 1564
1564 1565
1564 1566
1564 1567
1565 1565
1565 1566
1566 1566
1566 1567
1566 1568
1566 1569
1567 1567
1567 1568
1568 1568
1568 1569
1568 1570
1568 1571
1569 1569
1569 1570
1570 1570
1570 1571
1570 1572
1570 1573
1571 1571
1571 1572
1572 1572
1572 1573
1572 1574
1572 1575
1573 1573
1573 1574
1574 1574
1574 1575
1574 1576
1574 1577
1575 1575
1575 1576
1576 1576
1576 1577
1576 1578
1576 1579
1577 1577
1577 1578
1578 1578
1578 1579
1578 1580
1578 1581
1579 1579
1579 1580
1580 1580
1580 1581
1580 1582
1580 1583
1581 1581
1581 1582
1582 1582
1582 1583
1582 1584
1582 1585
1583 1583
1583 1584
1584 1584
1584 1585
1584 1586
1584 1587
1585 1585
1585 1586
1586 1586
1586 1587
1586 1588
1586 1589
1587 1587
1587 1588
1588 1588
1588 1589
1588 1590
1588 1591
1589 1589
1589 1590
1590 1590
1590 1591
1590 1592
1590 1593
1591 1591
1591 1592
1592 1592
1592 1593
1592 1594
1592 1595
1593 1593
1593 1594
1594 1594
1594 1595
1594 1596
1594 1597
1595 1595
1595 1596
1596 1596
1596 1597
1596 1598
1596 1599
1597 1597
1597 1598
1598 1598
1598 1599
1598 1600
1598 1601
1599 1599
1599 1600
1600 1600
1600 1601
1600 1602
1600 1603
1601 1601
1601 1602
1602 1602
1602 1603
1602 1604
1602 1605
1603 1603
1603 1604
1604 1604
1604 1605
1604 1606
1604 1607
1605 1605
1605 1606
1606 1606
1606 1607
1606 1608
1606 1609
1607 1607
1607 1608
1608 1608
1608 1609
1608 1610
1608 1611
1609 1609
1609 1610
1610 1610
1610 1611
1610 1612
1610 1613
1611 1611
1611 1612
1612 1612
1612 1613
1612 1614
1612 1615
1613 1613
1613 1614
1614 1614
1614 1615
1614 1616
1614 1617
1615 1615
1615 1616
1616 1616
1616 1617
1616 1618
1616 1619
1617 1617
1617 1618
1618 1618
1618 1619
1618 1620
1618 1621
1619 1619
1619 1620
1620 1620
1620 1621
1620 1622
1620 1623
1621 1621
1621 1622
1622 1622
1622 1623
1622 1624
1622 1625
1623 1623
1623 1624
1624 1624
1624 1625
1624 1626
1624 1627
1625 1625
1625 1626
1626 1626
1626 1627
1626 1628
1626 1629
1627 1627
1627 1628
1628 1628
1628 1629
1628 1630
1628 1631
1629 1629
1629 1630
1630 1630
1630 1631
1630 1632
1630 1633
1631 1631
1631 1632
1632 1632
1632 1633
1632 1634
1632 1635
1633 1633
1633 1634
1634 1634
1634 1635
1634 1636
1634 1637
1635 1635
1635 1636
1636 1636
1636 1637
1636 1638
1636 1639
1637 1637
1637 1638
1638 1638
1638 1639
1638 1640
1638 1641
1639 1639
1639 1640
1640 1640
1640 1641
1640 1642
1640 1643
1641 1641
1641 1642
1642 1642
1642 1643
1642 1644
1642 1645
1643 1643
1643 1644
1644 1644
1644 1645
1644 1646
1644 1647
1645 1645
1645 1646
1646 1646
1646 1647
1646 1648
1646 1649
1647 1647
1647 1648
1648 1648
1648 1649
1648 1650
1648 1651
1649 1649
1649 1650
1650 1650
1650 1651
1650 1652
1650 1653
1651 1651
1651 1652
1652 1652
1652 1653
1652 1654
1652 1655
1653 1653
1653 1654
1654 1654
1654 1655
1654 1656
1654 1657
1655 1655
1655 1656
1656 1656
1656 1657
1656 1658
1656 1659
1657 1657
1657 1658
1658 1658
1658 1659
1658 1660
1658 1661
1659 1659
1659 1660
1660 1660
1660 1661
1660 1662
1660 1663
1661 1661
1661 1662
1662 1662
1662 1663
1662 1664
1662 1665
1663 1663
1663 1664
1664 1664
1664 1665
1664 1666
1664 1667
1665 1665
1665 1666
1666 1666
1666 1667
1666 1668
1666 1669
1667 1667
1667 1668
1668 1668
1668 1669
1668 1670
1668 1671
1669 1669
1669 1670
1670 1670
1670 1671
1670 1672
1670 1673
1671 1671
1671 1672
1672 1672
1672 1673
1672 1674
1672 1675
1673 1673
1673 1674
1674 1674
1674 1675
1674 1676
1674 1677
1675 1675
1675 1676
1676 1676
1676 1677
1676 1678
1676 1679
1677 1677
1677 1678
1678 1678
1678 1679
1678 1680
1678 1681
1679 1679
1679 1680
1680 1680
1680 1681
1680 1682
1680 1683
1681 1681
1681 1682
1682 1682
1682 1683
1682 1684
1682 1685
1683 1683
1683 1684
1684 1684
1684 1685
1684 1686
1684 1687
1685 1685
1685 1686
1686 1686
1686 1687
1686 1688
1686 1689
1687 1687
1687 1688
1688 1688
1688 1689
1688 1690
1688 1691
1689 1689
1689 1690
1690 1690
1690 1691
1690 1692
1690 1693
1691 1691
1691 1692
1692 1692
1692 1693
1692 1694
1692 1695
1693 1693
1693 1694
1694 1694
1694 1695
1694 1696
1694 1697
1695 1695
1695 1696
1696 1696
1696 1697
1696 1698
1696 1699
1697 1697
1697 1698
1698 1698
1698 1699
1698 1700
1698 1701
1699 1699
1699 1700
1700 1700
1700 1701
1700 1702
1700 1703
1701 1701
1701 1702
1702 1702
1702 1703
1702 1704
1702 1705
1703 1703
1703 1704
1704 1704
1704 1705
1704 1706
1704 1707
1705 1705
1705 1706
1706 1706
1706 1707
1706 1708
1706 1709
1707 1707
1707 1708
1708 1708
1708 1709
1708 1710
1708 1711
1709 1709
1709 1710
1710 1710
1710 1711
1710 1712
1710 1713
1711 1711
1711 1712
1712 1712
1712 1713
1712 1714
1712 1715
1713 1713
1713 1714
1714 1714
1714 1715
1714 1716
1714 1717
1715 1715
1715 1716
1716 1716
1716 1717
1716 1718
1716 1719
1717 1717
1717 1718
1718 1718
1718 1719
1718 1720
1718 1721
1719 1719
1719 1720
1720 1720
1720 1721
1720 1722
1720 1723
1721 1721
1721 1722
1722 1722
1722 1723
1722 1724
1722 1725
1723 1723
1723 1724
1724 1724
1724 1725
1724 1726
1724 1727
1725 1725
1725 1726
1726 1726
1726 1727
1726 1728
1726 1729
1727 1727
1727 1728
1728 1728
1728 1729
1728 1730
1728 1731
1729 1729
1729 1730
1730 1730
1730 1731
1730 1732
1730 1733
1731 1731
1731 1732
1732 1732
1732 1733
1732 1734
1732 1735
1733 1733
1733 1734
1734 1734
1734 1735
1734 1736
1734 1737
1735 1735
1735 1736
1736 1736
1736 1737
1736 1738
1736 1739
1737 1737
1737 1738
1738 1738
1738 1739
1738 1740
1738 1741
1739 1739
1739 1740
1740 1740
1740 1741
1740 1742
1740 1743
1741 1741
1741 1742
1742 1742
1742 1743
1742 1744
1742 1745
1743 1743
1743 1744
1744 1744
1744 1745
1744 1746
1744 1747
1745 1745
1745 1746
1746 1746
1746 1747
1746 1748
1746 1749
1747 1747
1747 1748
1748 1748
1748 1749
1748 1750
1748 1751
1749 1749
1749 1750
1750 1750
1750 1751
1750 1752
1750 1753
1751 1751
1751 1752
1752 1752
1752 1753
1752 1754
1752 1755
1753 1753
1753 1754
1754 1754
1754 1755
1754 1756
1754 1757
1755 1755
1755 1756
1756 1756
1756 1757
1756 1758
1756 1759
1757 1757
1757 1758
1758 1758
1758 1759
1758 1760
1758 1761
1759 1759
1759 1760
1760 1760
1760 1761
1760 1762
1760 1763
1761 1761
1761 1762
1762 1762
1762 1763
1762 1764
1762 1765
1763 1763
1763 1764
1764 1764
1764 1765
1764 1766
1764 1767
1765 1765
1765 1766
1766 1766
1766 1767
1766 1768
1766 1769
1767 1767
1767 1768
1768 1768
1768 1769
1768 1770
1768 1771
1769 1769
1769 1770
1770 1770
1770 1771
1770 1772
1770 1773
1771 1771
1771 1772
1772 1772
1772 1773
1772 1774
1772 1775
1773 1773
1773 1774
1774 1774
1774 1775
1774 1776
1774 1777
1775 1775
1775 1776
1776 1776
1776 1777
1776 1778
1776 1779
1777 1777
1777 1778
1778 1778
1778 1779
1778 1780
1778 1781
1779 1779
1779 1780
1780 1780
1780 1781
1780 1782
1780 1783
1781 1781
1781 1782
1782 1782
1782 1783
1782 1784
1782 1785
1783 1783
1783 1784
1784 1784
1784 1785
1784 1786
1784 1787
1785 1785
1785 1786
1786 1786
1786 1787
1786 1788
1786 1789
1787 1787
1787 1788
1788 1788
1788 1789
1788 1790
1788 1791
1789 1789
1789 1790
1790 1790
1790 1791
1790 1792
1790 1793
1791 1791
1791 1792
1792 1792
1792 1793
1792 1794
1792 1795
1793 1793
1793 1794
1794 1794
1794 1795
1794 1796
1794 1797
1795 1795
1795 1796
1796 1796
1796 1797
1796 1798
1796 1799
1797 1797
1797 1798
1798 1798
1798 1799
1798 1800
1798 1801
1799 1799
1799 1800
1800 1800
1800 1801
1800 1802
1800 1803
1801 1801
1801 1802
1802 1802
1802 1803
1802 1804
1802 1805
1803 1803
1803 1804
1804 1804
1804 1805
1804 1806
1804 1807
1805 1805
1805 1806
1806 1806
1806 1807
1806 1808
1806 1809
1807 1807
1807 1808
1808 1808
1808 1809
1808 1810
1808 1811
1809 1809
1809 1810
1810 1810
1810 1811
1810 1812
1810 1813
1811 1811
1811 1812
1812 1812
1812 1813
1812 1814
1812 1815
1813 1813
1813 1814
1814 1814
1814 1815
1814 1816
1814 1817
1815 1815
1815 1816
1816 1816
1816 1817
1816 1818
1816 1819
1817 1817
1817 1818
1818 1818
1818 1819
1818 1820
1818 1821
1819 1819
1819 1820
1820 1820
1820 1821
1820 1822
1820 1823
1821 1821
1821 1822
1822 1822
1822 1823
1822 1824
1822 1825
1823 1823
1823 1824
1824 1824
1824 1825
1824 1826
1824 1827
1825 1825
1825 1826
1826 1826
1826 1827
1826 1828
1826 1829
1827 1827
1827 1828
1828 1828
1828 1829
1828 1830
1828 1831
1829 1829
1829 1830
1830 1830
1830 1831
1830 1832
1830 1833
1831 1831
1831 1832
1832 1832
1832 1833
1832 1834
1832 1835
1833 1833
1833 1834
1834 1834
1834 1835
1834 1836
1834 1837
1835 1835
1835 1836
1836 1836
1836 1837
1836 1838
1836 1839
1837 1837
1837 1838
1838 1838
1838 1839
1838 1840
1838 1841
1839 1839
1839 1840
1840 1840
1840 1841
1840 1842
1840 1843
1841 1841
1841 1842
1842 1842
1842 1843
1842 1844
1842 1845
1843 1843
1843 1844
1844 1844
1844 1845
1844 1846
1844 1847
1845 1845
1845 1846
1846 1846
1846 1847
1846 1848
1846 1849
1847 1847
1847 1848
1848 1848
1848 1849
1848 1850
1848 1851
1849 1849
1849 1850
1850 1850
1850 1851
1850 1852
1850 1853
1851 1851
1851 1852
1852 1852
1852 1853
1852 1854
1852 1855
1853 1853
1853 1854
1854 1854
1854 1855
1854 1856
1854 1857
1855 1855
1855 1856
1856 1856
1856 1857
1856 1858
1856 1859
1857 1857
1857 1858
1858 1858
1858 1859
1858 1860
1858 1861
1859 1859
1859 1860
1860 1860
1860 1861
1860 1862
1860 1863
1861 1861
1861 1862
1862 1862
1862 1863
1862 1864
1862 1865
1863 1863
1863 1864
1864 1864
1864 1865
1864 1866
1864 1867
1865 1865
1865 1866
1866 1866
1866 1867
1866 1868
1866 1869
1867 1867
1867 1868
1868 1868
1868 1869
1868 1870
1868 1871
1869 1869
1869 1870
1870 1870
1870 1871
1870 1872
1870 1873
1871 1871
1871 1872
1872 1872
1872 1873
1872 1874
1872 1875
1873 1873
1873 1874
1874 1874
1874 1875
1874 1876
1874 1877
1875 1875
1875 1876
1876 1876
1876 1877
1876 1878
1876 1879
1877 1877
1877 1878
1878 1878
1878 1879
1878 1880
1878 1881
1879 1879
1879 1880
1880 1880
1880 1881
1880 1882
1880 1883
1881 1881
1881 1882
1882 1882
1882 1883
1882 1884
1882 1885
1883 1883
1883 1884
1884 1884
1884 1885
1884 1886
1884 1887
1885 1885
1885 1886
1886 1886
1886 1887
1886 1888
1886 1889
1887 1887
1887 1888
1888 1888
1888 1889
1888 1890
1888 1891
1889 1889
1889 1890
1890 1890
1890 1891
1890 1892
1890 1893
1891 1891
1891 1892
1892 1892
1892 1893
1892 1894
1892 1895
1893 1893
1893 1894
1894 1894
1894 1895
1894 1896
1894 1897
1895 1895
1895 1896
1896 1896
1896 1897
1896 1898
1896 1899
1897 1897
1897 1898
1898 1898
1898 1899
1898 1900
1898 1901
1899 1899
1899 1900
1900 1900
1900 1901
1900 1902
1900 1903
1901 1901
1901 1902
1902 1902
1902 1903
1902 1904
1902 1905
1903 1903
1903 1904
1904 1904
1904 1905
1904 1906
1904 1907
1905 1905
1905 1906
1906 1906
1906 1907
1906 1908
1906 1909
1907 1907
1907 1908
1908 1908
1908 1909
1908 1910
1908 1911
1909 1909
1909 1910
1910 1910
1910 1911
1910 1912
1910 1913
1911 1911
1911 1912
1912 1912
1912 1913
1912 1914
1912 1915
1913 1913
1913 1914
1914 1914
1914 1915
1914 1916
1914 1917
1915 1915
1915 1916
1916 1916
1916 1917
1916 1918
1916 1919
1917 1917
1917 1918
1918 1918
1918 1919
1918 1920
1918 1921
1919 1919
1919 1920
1920 1920
1920 1921
1920 1922
1920 1923
1921 1921
1921 1922
1922 1922
1922 1923
1922 1924
1922 1925
1923 1923
1923 1924
1924 1924
1924 1925
1924 1926
1924 1927
1925 1925
1925 1926
1926 1926
1926 1927
1926 1928
1926 1929
1927 1927
1927 1928
1928 1928
1928 1929
1928 1930
1928 1931
1929 1929
1929 1930
1930 1930
1930 1931
1930 1932
1930 1933
1931 1931
1931 1932
1932 1932
1932 1933
1932 1934
1932 1935
1933 1933
1933 1934
1934 1934
1934 1935
1934 1936
1934 1937
1935 1935
1935 1936
1936 1936
1936 1937
1936 1938
1936 1939
1937 1937
1937 1938
1938 1938
1938 1939
1938 1940
1938 1941
1939 1939
1939 1940
1940 1940
1940 1941
1940 1942
1940 1943
1941 1941
1941 1942
1942 1942
1942 1943
1942 1944
1942 1945
1943 1943
1943 1944
1944 1944
1944 1945
1944 1946
1944 1947
1945 1945
1945 1946
1946 1946
1946 1947
1946 1948
1946 1949
1947 1947
1947 1948
1948 1948
1948 1949
1948 1950
1948 1951
1949 1949
1949 1950
1950 1950
1950 1951
1950 1952
1950 1953
1951 1951
1951 1952
1952 1952
1952 1953
1952 1954
1952 1955
1953 1953
1953 1954
1954 1954
1954 1955
1954 1956
1954 1957
1955 1955
1955 1956
1956 1956
1956 1957
1956 1958
1956 1959
1957 1957
1957 1958
1958 1958
1958 1959
1958 1960
1958 1961
1959 1959
1959 1960
1960 1960
1960 1961
1960 1962
1960 1963
1961 1961
1961 1962
1962 1962
1962 1963
1962 1964
1962 1965
1963 1963
1963 1964
1964 1964
1964 1965
1964 1966
1964 1967
1965 1965
1965 1966
1966 1966
1966 1967
1966 1968
1966 1969
1967 1967
1967 1968
1968 1968
1968 1969
1968 1970
1968 1971
1969 1969
1969 1970
1970 1970
1970 1971
1970 1972
1970 1973
1971 1971
1971 1972
1972 1972
1972 1973
1972 1974
1972 1975
1973 1973
1973 1974
1974 1974
1974 1975
1974 1976
1974 1977
1975 1975
1975 1976
1976 1976
1976 1977
1976 1978
1976 1979
1977 1977
1977 1978
1978 1978
1978 1979
1978 1980
1978 1981
1979 1979
1979 1980
1980 1980
1980 1981
1980 1982
1980 1983
1981 1981
1981 1982
1982 1982
1982 1983
1982 1984
1982 1985
1983 1983
1983 1984
1984 1984
1984 1985
1984 1986
1984 1987
1985 1985
1985 1986
1986 1986
1986 1987
1986 1988
1986 1989
1987 1987
1987 1988
1988 1988
1988 1989
1988 1990
1988 1991
1989 1989
1989 1990
1990 1990
1990 1991
1990 1992
1990 1993
1991 1991
1991 1992
1992 1992
1992 1993
1992 1994
1992 1995
1993 1993
1993 1994
1994 1994
1994 1995
1994 1996
1994 1997
1995 1995
1995 1996
1996 1996
1996 1997
1996 1998
1996 1999
1997 1997
1997 1998
1998 1998
1998 1999
1999 1999
