0 0
0 1
0 516
0 518
1 1
1 517
1 519
2 2
2 3
2 516
2 518
3 3
3 517
3 519
4 4
4 5
4 516
4 518
5 5
5 517
5 519
6 6
6 7
6 516
6 520
7 7
7 517
7 521
8 8
8 9
8 516
8 522
9 9
9 517
9 523
10 10
10 11
10 516
10 522
11 11
11 517
11 523
12 12
12 13
12 516
12 522
13 13
13 517
13 523
14 14
14 15
14 520
14 524
15 15
15 521
15 525
16 16
16 17
16 520
16 524
17 17
17 521
17 525
18 18
18 19
18 524
18 526
19 19
19 525
19 527
20 20
20 21
20 524
20 526
21 21
21 525
21 527
22 22
22 23
22 522
22 524
23 23
23 523
23 525
24 24
24 25
24 528
24 530
25 25
25 529
25 531
26 26
26 27
26 528
26 530
27 27
27 529
27 531
28 28
28 29
28 528
28 532
29 29
29 529
29 533
30 30
30 31
30 528
30 534
31 31
31 529
31 535
32 32
32 33
32 528
32 534
33 33
33 529
33 535
34 34
34 35
34 528
34 534
35 35
35 529
35 535
36 36
36 37
36 536
36 538
37 37
37 537
37 539
38 38
38 39
38 536
38 538
39 39
39 537
39 539
40 40
40 41
40 540
40 542
41 41
41 541
41 543
42 42
42 43
42 540
42 542
43 43
43 541
43 543
44 44
44 45
44 536
44 544
45 45
45 537
45 545
46 46
46 47
46 536
46 546
47 47
47 537
47 547
48 48
48 49
48 548
48 550
49 49
49 549
49 551
50 50
50 51
50 546
50 548
51 51
51 547
51 549
52 52
52 53
52 548
52 552
53 53
53 549
53 553
54 54
54 55
54 548
54 552
55 55
55 549
55 553
56 56
56 57
56 520
56 554
57 57
57 521
57 555
58 58
58 59
58 520
58 554
59 59
59 521
59 555
60 60
60 61
60 554
60 556
61 61
61 555
61 557
62 62
62 63
62 558
62 560
63 63
63 559
63 561
64 64
64 65
64 542
64 550
65 65
65 543
65 551
66 66
66 67
66 544
66 562
67 67
67 545
67 563
68 68
68 69
68 562
68 564
69 69
69 563
69 565
70 70
70 71
70 554
70 562
71 71
71 555
71 563
72 72
72 73
72 546
72 562
73 73
73 547
73 563
74 74
74 75
74 556
74 562
75 75
75 557
75 563
76 76
76 77
76 564
76 566
77 77
77 565
77 567
78 78
78 79
78 530
78 566
79 79
79 531
79 567
80 80
80 81
80 530
80 566
81 81
81 531
81 567
82 82
82 83
82 530
82 566
83 83
83 531
83 567
84 84
84 85
84 538
84 566
85 85
85 539
85 567
86 86
86 87
86 538
86 566
87 87
87 539
87 567
88 88
88 89
88 526
88 558
89 89
89 527
89 559
90 90
90 91
90 526
90 568
91 91
91 527
91 569
92 92
92 93
92 526
92 568
93 93
93 527
93 569
94 94
94 95
94 532
94 556
95 95
95 533
95 557
96 96
96 97
96 530
96 532
97 97
97 531
97 533
98 98
98 99
98 532
98 564
99 99
99 533
99 565
100 100
100 101
100 534
100 570
101 101
101 535
101 571
102 102
102 103
102 534
102 570
103 103
103 535
103 571
104 104
104 105
104 534
104 570
105 105
105 535
105 571
106 106
106 107
106 538
106 572
107 107
107 539
107 573
108 108
108 109
108 522
108 574
109 109
109 523
109 575
110 110
110 111
110 522
110 574
111 111
111 523
111 575
112 112
112 113
112 522
112 574
113 113
113 523
113 575
114 114
114 115
114 518
114 552
115 115
115 519
115 553
116 116
116 117
116 518
116 552
117 117
117 519
117 553
118 118
118 119
118 518
118 546
119 119
119 519
119 547
120 120
120 121
120 576
120 578
121 121
121 577
121 579
122 122
122 123
122 580
122 582
123 123
123 581
123 583
124 124
124 125
124 584
124 586
125 125
125 585
125 587
126 126
126 127
126 588
126 590
127 127
127 589
127 591
128 128
128 129
128 588
128 592
129 129
129 589
129 593
130 130
130 131
130 594
130 596
131 131
131 595
131 597
132 132
132 133
132 596
132 598
133 133
133 597
133 599
134 134
134 135
134 600
134 602
135 135
135 601
135 603
136 136
136 137
136 602
136 604
137 137
137 603
137 605
138 138
138 139
138 590
138 606
139 139
139 591
139 607
140 140
140 141
140 606
140 608
141 141
141 607
141 609
142 142
142 143
142 576
142 606
143 143
143 577
143 607
144 144
144 145
144 610
144 612
145 145
145 611
145 613
146 146
146 147
146 610
146 614
147 147
147 611
147 615
148 148
148 149
148 580
148 592
149 149
149 581
149 593
150 150
150 151
150 592
150 616
151 151
151 593
151 617
152 152
152 153
152 582
152 618
153 153
153 583
153 619
154 154
154 155
154 620
154 622
155 155
155 621
155 623
156 156
156 157
156 560
157 157
157 561
158 158
158 159
158 522
159 159
159 523
160 160
160 161
160 558
161 161
161 559
162 162
162 163
162 526
163 163
163 527
164 164
164 165
164 568
165 165
165 569
166 166
166 167
166 520
167 167
167 521
168 168
168 169
168 554
169 169
169 555
170 170
170 171
170 570
171 171
171 571
172 172
172 173
172 534
173 173
173 535
174 174
174 175
174 528
175 175
175 529
176 176
176 177
176 532
177 177
177 533
178 178
178 179
178 530
179 179
179 531
180 180
180 181
180 566
181 181
181 567
182 182
182 183
182 576
182 624
183 183
183 577
183 625
184 184
184 185
184 624
184 626
185 185
185 625
185 627
186 186
186 187
186 628
186 630
187 187
187 629
187 631
188 188
188 189
188 628
188 632
189 189
189 629
189 633
190 190
190 191
190 584
190 634
191 191
191 585
191 635
192 192
192 193
192 584
192 636
193 193
193 585
193 637
194 195
194 636
194 638
195 637
195 639
196 196
196 197
196 608
196 640
197 197
197 609
197 641
198 199
198 608
198 642
199 609
199 643
200 201
200 614
200 644
201 615
201 645
202 202
202 203
202 646
202 648
203 203
203 647
203 649
204 204
204 205
204 646
204 650
205 205
205 647
205 651
206 206
206 207
206 646
206 652
207 207
207 647
207 653
208 208
208 209
208 654
208 656
209 209
209 655
209 657
210 211
210 616
210 658
211 617
211 659
212 212
212 213
212 594
212 600
213 213
213 595
213 601
214 214
214 215
214 598
214 604
215 215
215 599
215 605
216 216
216 217
216 618
216 654
217 217
217 619
217 655
218 219
218 618
218 660
219 619
219 661
220 221
220 590
220 662
221 591
221 663
222 223
222 578
222 664
223 579
223 665
224 224
224 225
224 276
224 406
224 476
224 666
225 225
225 277
225 407
225 477
225 667
226 227
226 620
226 668
227 621
227 669
228 229
228 586
228 670
229 587
229 671
230 230
230 231
230 672
230 674
231 231
231 673
231 675
232 233
232 640
232 676
233 641
233 677
234 234
234 235
234 352
234 488
235 235
235 353
235 489
236 237
236 678
237 679
238 239
238 624
239 625
240 241
240 576
241 577
242 243
242 582
243 583
244 244
244 245
244 364
244 480
245 245
245 365
245 481
246 246
246 247
246 368
246 482
247 247
247 369
247 483
248 248
248 249
248 372
248 458
248 462
249 249
249 373
249 459
249 463
250 251
250 622
251 623
252 253
252 632
253 633
254 255
254 608
255 609
256 257
256 654
257 655
258 259
258 616
259 617
260 261
260 634
261 635
262 263
262 648
263 649
264 265
264 610
265 611
266 267
266 630
267 631
268 269
268 592
269 593
270 271
270 618
271 619
272 273
272 578
273 579
274 275
274 590
275 591
276 276
276 277
276 406
276 476
277 277
277 407
277 477
278 278
278 279
278 408
278 486
279 279
279 409
279 487
280 281
280 620
281 621
282 282
282 283
282 418
282 484
283 283
283 419
283 485
284 285
284 652
285 653
286 287
286 644
287 645
288 289
288 658
289 659
290 291
290 684
291 685
292 293
292 686
293 687
294 295
294 638
295 639
296 297
296 676
297 677
298 299
298 688
299 689
300 301
300 690
301 691
302 303
302 692
303 693
304 305
304 694
305 695
306 307
306 668
307 669
308 309
308 696
309 697
310 311
310 698
311 699
312 313
312 700
313 701
314 315
314 702
315 703
316 317
316 704
317 705
318 319
318 706
319 707
320 321
320 708
321 709
322 323
322 710
323 711
324 325
324 712
325 713
326 327
326 714
327 715
328 329
328 656
329 657
330 331
330 660
331 661
332 333
332 666
333 667
334 335
334 664
335 665
336 337
336 670
337 671
338 339
338 642
339 643
340 341
340 662
341 663
342 343
342 716
343 717
344 345
344 718
345 719
346 347
346 720
347 721
348 349
348 722
349 723
350 351
350 650
351 651
352 352
352 353
352 488
353 353
353 489
354 355
354 678
355 679
356 357
356 624
357 625
358 359
358 576
359 577
360 361
360 580
361 581
362 363
362 582
363 583
364 364
364 365
364 480
365 365
365 481
366 367
366 680
367 681
368 368
368 369
368 482
369 369
369 483
370 371
370 636
371 637
372 372
372 373
372 458
372 462
373 373
373 459
373 463
374 375
374 622
375 623
376 377
376 632
377 633
378 379
378 608
379 609
380 381
380 614
381 615
382 383
382 654
383 655
384 385
384 616
385 617
386 387
386 634
387 635
388 389
388 606
389 607
390 391
390 648
391 649
392 393
392 610
393 611
394 395
394 682
395 683
396 397
396 630
397 631
398 399
398 592
399 593
400 401
400 618
401 619
402 403
402 590
403 591
404 405
404 578
405 579
406 406
406 407
406 476
407 407
407 477
408 408
408 409
408 486
409 409
409 487
410 411
410 626
411 627
412 413
412 620
413 621
414 415
414 586
415 587
416 417
416 602
417 603
418 418
418 419
418 484
419 419
419 485
420 421
420 640
421 641
422 423
422 652
423 653
424 424
424 425
424 560
424 574
425 425
425 561
425 575
426 426
426 427
426 560
426 574
427 427
427 561
427 575
428 428
428 429
428 674
428 696
429 429
429 675
429 697
430 430
430 431
430 674
430 698
431 431
431 675
431 699
432 432
432 433
432 560
432 706
433 433
433 561
433 707
434 434
434 435
434 560
434 702
435 435
435 561
435 703
436 436
436 437
436 560
436 700
437 437
437 561
437 701
438 438
438 439
438 560
438 704
439 439
439 561
439 705
440 440
440 441
440 574
440 672
441 441
441 575
441 673
442 442
442 443
442 672
442 716
443 443
443 673
443 717
444 444
444 445
444 672
444 718
445 445
445 673
445 719
446 446
446 447
446 620
446 720
447 447
447 621
447 721
448 448
448 449
448 620
448 722
449 449
449 621
449 723
450 450
450 451
450 558
450 710
451 451
451 559
451 711
452 452
452 453
452 558
452 708
453 453
453 559
453 709
454 454
454 455
454 568
454 712
455 455
455 569
455 713
456 456
456 457
456 568
456 714
457 457
457 569
457 715
458 458
458 459
458 462
458 570
459 459
459 463
459 571
460 460
460 461
460 570
460 724
461 461
461 571
461 725
462 462
462 463
462 688
463 463
463 689
464 464
464 465
464 690
464 724
465 465
465 691
465 725
466 466
466 467
466 692
466 724
467 467
467 693
467 725
468 468
468 469
468 694
468 724
469 469
469 695
469 725
470 470
470 471
470 580
470 684
471 471
471 581
471 685
472 472
472 473
472 582
472 686
473 473
473 583
473 687
474 474
474 475
474 530
474 618
475 475
475 531
475 619
476 476
476 477
476 532
477 477
477 533
478 478
478 479
478 516
478 612
479 479
479 517
479 613
480 480
480 481
480 552
481 481
481 553
482 482
482 483
482 520
483 483
483 521
484 484
484 485
484 556
485 485
485 557
486 486
486 487
486 534
487 487
487 535
488 488
488 489
488 528
489 489
489 529
490 490
490 491
490 550
490 628
491 491
491 551
491 629
492 492
492 493
492 542
492 646
493 493
493 543
493 647
494 494
494 495
494 536
494 624
495 495
495 537
495 625
496 496
496 497
496 536
496 678
497 497
497 537
497 679
498 498
498 499
498 546
498 608
499 499
499 547
499 609
500 500
500 501
500 548
500 584
501 501
501 549
501 585
502 502
502 503
502 544
502 680
503 503
503 545
503 681
504 504
504 505
504 538
504 620
505 505
505 539
505 621
506 506
506 507
506 566
506 596
507 507
507 567
507 597
508 508
508 509
508 566
508 682
509 509
509 567
509 683
510 510
510 511
510 564
510 592
511 511
511 565
511 593
512 512
512 513
512 572
512 622
513 513
513 573
513 623
514 514
514 515
514 562
514 588
515 515
515 563
515 589
516 517
518 519
518 830
518 834
518 838
518 840
518 850
518 848
518 849
519 831
519 835
519 839
519 840
519 851
519 848
519 849
520 521
520 752
520 756
520 760
520 762
520 772
520 770
520 771
521 753
521 757
521 761
521 762
521 773
521 770
521 771
522 523
522 856
522 860
522 864
522 866
522 876
522 874
522 875
523 857
523 861
523 865
523 866
523 877
523 874
523 875
524 525
524 726
524 730
524 734
524 736
524 746
524 744
524 745
525 727
525 731
525 735
525 736
525 747
525 744
525 745
526 527
528 529
530 531
532 533
534 535
536 537
538 539
540 541
542 543
544 545
546 547
548 549
550 551
552 553
554 555
554 778
554 782
554 786
554 788
554 798
554 796
554 797
555 779
555 783
555 787
555 788
555 799
555 796
555 797
556 557
558 559
560 561
562 563
564 565
564 804
564 808
564 812
564 814
564 824
564 822
564 823
565 805
565 809
565 813
565 814
565 825
565 822
565 823
566 567
568 569
570 571
572 573
574 575
576 576
576 577
577 577
578 578
578 579
579 579
580 580
580 581
581 581
582 582
582 583
583 583
584 585
586 586
586 587
587 587
588 589
590 590
590 591
591 591
592 592
592 593
593 593
594 594
594 595
594 600
595 595
595 601
596 597
598 598
598 599
598 604
599 599
599 605
600 600
600 601
601 601
602 602
602 603
603 603
604 604
604 605
605 605
606 606
606 607
607 607
608 608
608 609
609 609
610 610
610 611
611 611
612 613
614 614
614 615
615 615
616 616
616 617
617 617
618 618
618 619
619 619
620 620
620 621
621 621
622 622
622 623
623 623
624 624
624 625
625 625
626 626
626 627
627 627
628 629
630 630
630 631
631 631
632 632
632 633
633 633
634 634
634 635
635 635
636 636
636 637
637 637
638 639
640 640
640 641
641 641
642 643
644 645
646 647
648 648
648 649
649 649
650 650
650 651
651 651
652 652
652 653
653 653
654 654
654 655
655 655
656 657
658 659
660 661
662 663
664 665
666 667
668 669
670 671
672 673
674 675
676 677
678 678
678 679
679 679
680 680
680 681
681 681
682 682
682 683
683 683
684 685
686 687
688 689
690 691
692 693
694 695
696 697
698 699
700 701
702 703
704 705
706 707
708 709
710 711
712 713
714 715
716 717
718 719
720 721
722 723
724 725
726 726
726 727
726 730
726 734
726 736
727 727
727 731
727 735
727 736
728 729
728 730
729 731
730 730
730 731
730 734
730 736
731 731
731 735
731 736
732 733
732 734
733 735
734 734
734 735
734 736
735 735
735 736
736 736
736 737
737 738
737 740
737 742
737 744
738 738
738 739
738 740
738 742
738 744
740 740
740 741
740 742
740 744
742 742
742 743
742 744
744 744
744 745
745 745
746 746
746 747
746 750
747 747
747 751
748 748
748 749
748 750
749 749
749 751
750 751
752 752
752 753
752 756
752 760
752 762
753 753
753 757
753 761
753 762
754 755
754 756
755 757
756 756
756 757
756 760
756 762
757 757
757 761
757 762
758 759
758 760
759 761
760 760
760 761
760 762
761 761
761 762
762 762
762 763
763 764
763 766
763 768
763 770
764 764
764 765
764 766
764 768
764 770
766 766
766 767
766 768
766 770
768 768
768 769
768 770
770 770
770 771
771 771
772 772
772 773
772 776
773 773
773 777
774 774
774 775
774 776
775 775
775 777
776 777
778 778
778 779
778 782
778 786
778 788
779 779
779 783
779 787
779 788
780 781
780 782
781 783
782 782
782 783
782 786
782 788
783 783
783 787
783 788
784 785
784 786
785 787
786 786
786 787
786 788
787 787
787 788
788 788
788 789
789 790
789 792
789 794
789 796
790 790
790 791
790 792
790 794
790 796
792 792
792 793
792 794
792 796
794 794
794 795
794 796
796 796
796 797
797 797
798 798
798 799
798 802
799 799
799 803
800 800
800 801
800 802
801 801
801 803
802 803
804 804
804 805
804 808
804 812
804 814
805 805
805 809
805 813
805 814
806 807
806 808
807 809
808 808
808 809
808 812
808 814
809 809
809 813
809 814
810 811
810 812
811 813
812 812
812 813
812 814
813 813
813 814
814 814
814 815
815 816
815 818
815 820
815 822
816 816
816 817
816 818
816 820
816 822
818 818
818 819
818 820
818 822
820 820
820 821
820 822
822 822
822 823
823 823
824 824
824 825
824 828
825 825
825 829
826 826
826 827
826 828
827 827
827 829
828 829
830 830
830 831
830 834
830 838
830 840
831 831
831 835
831 839
831 840
832 833
832 834
833 835
834 834
834 835
834 838
834 840
835 835
835 839
835 840
836 837
836 838
837 839
838 838
838 839
838 840
839 839
839 840
840 840
840 841
841 842
841 844
841 846
841 848
842 842
842 843
842 844
842 846
842 848
844 844
844 845
844 846
844 848
846 846
846 847
846 848
848 848
848 849
849 849
850 850
850 851
850 854
851 851
851 855
852 852
852 853
852 854
853 853
853 855
854 855
856 856
856 857
856 860
856 864
856 866
857 857
857 861
857 865
857 866
858 859
858 860
859 861
860 860
860 861
860 864
860 866
861 861
861 865
861 866
862 863
862 864
863 865
864 864
864 865
864 866
865 865
865 866
866 866
866 867
867 868
867 870
867 872
867 874
868 868
868 869
868 870
868 872
868 874
870 870
870 871
870 872
870 874
872 872
872 873
872 874
874 874
874 875
875 875
876 876
876 877
876 880
877 877
877 881
878 878
878 879
878 880
879 879
879 881
880 881
