0 2
0 11
0 17
0 18
0 19
0 20
0 25
0 32
0 39
0 43
0 44
0 45
0 46
0 47
0 51
0 52
0 57
0 59
0 64
0 66
0 69
0 71
0 72
0 79
0 85
0 89
0 93
0 96
0 99
0 102
0 109
0 114
0 115
1 4
1 10
1 15
1 18
1 42
1 48
1 57
1 58
1 61
1 69
1 74
1 76
1 80
1 92
1 94
1 96
1 98
1 107
1 110
1 111
1 121
1 124
2 5
2 7
2 11
2 24
2 26
2 29
2 30
2 31
2 46
2 48
2 52
2 57
2 59
2 60
2 62
2 80
2 96
2 98
2 104
2 105
2 107
2 118
2 121
2 122
2 123
2 124
3 4
3 8
3 13
3 16
3 22
3 29
3 37
3 44
3 47
3 51
3 60
3 62
3 66
3 68
3 69
3 78
3 79
3 86
3 95
3 101
3 103
3 108
3 114
3 115
3 116
3 117
3 121
4 9
4 23
4 39
4 42
4 44
4 49
4 61
4 65
4 70
4 72
4 74
4 76
4 77
4 81
4 85
4 94
4 108
4 110
4 114
4 122
4 124
5 16
5 17
5 32
5 33
5 37
5 41
5 42
5 50
5 52
5 53
5 59
5 60
5 62
5 71
5 74
5 76
5 79
5 80
5 81
5 90
5 94
5 100
5 119
5 124
6 9
6 15
6 25
6 29
6 34
6 45
6 50
6 57
6 59
6 62
6 82
6 83
6 85
6 88
6 97
6 98
6 99
6 101
6 104
6 112
6 113
6 123
7 9
7 12
7 21
7 22
7 26
7 30
7 35
7 37
7 45
7 47
7 48
7 49
7 58
7 60
7 65
7 69
7 73
7 80
7 83
7 88
7 92
7 95
7 101
7 103
7 107
7 121
8 14
8 25
8 26
8 29
8 36
8 38
8 39
8 41
8 46
8 48
8 62
8 74
8 76
8 77
8 78
8 86
8 88
8 90
8 93
8 103
8 104
8 114
8 118
8 123
9 13
9 17
9 23
9 25
9 26
9 27
9 28
9 29
9 42
9 43
9 48
9 54
9 64
9 76
9 77
9 88
9 96
9 97
9 99
9 101
9 108
9 109
10 24
10 29
10 39
10 57
10 58
10 62
10 63
10 74
10 92
10 93
10 104
10 113
10 118
10 120
11 20
11 22
11 24
11 31
11 41
11 45
11 46
11 54
11 55
11 57
11 58
11 63
11 64
11 65
11 75
11 78
11 79
11 85
11 88
11 93
11 98
11 104
11 111
11 113
11 116
11 123
11 124
12 13
12 14
12 18
12 23
12 31
12 32
12 40
12 43
12 45
12 61
12 64
12 65
12 66
12 67
12 70
12 73
12 85
12 87
12 88
12 89
12 96
12 97
12 99
12 102
12 104
12 118
12 124
13 18
13 19
13 28
13 33
13 45
13 48
13 51
13 69
13 71
13 77
13 79
13 82
13 85
13 87
13 91
13 92
13 95
13 100
13 109
13 113
13 114
13 116
13 118
14 16
14 19
14 22
14 24
14 29
14 35
14 36
14 55
14 56
14 59
14 64
14 68
14 76
14 88
14 101
14 105
14 109
15 16
15 19
15 29
15 31
15 37
15 40
15 45
15 46
15 47
15 48
15 53
15 56
15 70
15 77
15 83
15 86
15 96
15 102
15 103
15 105
15 107
15 110
16 19
16 30
16 32
16 36
16 53
16 59
16 61
16 66
16 68
16 72
16 76
16 80
16 84
16 89
16 95
16 105
16 106
16 113
16 116
16 117
16 123
17 22
17 29
17 32
17 33
17 38
17 54
17 57
17 76
17 84
17 86
17 95
17 102
17 108
17 119
18 19
18 24
18 29
18 36
18 37
18 49
18 55
18 72
18 83
18 86
18 88
18 93
18 102
18 108
18 111
18 114
18 116
19 23
19 27
19 29
19 41
19 46
19 55
19 57
19 81
19 88
19 91
19 97
19 99
19 104
19 111
19 113
19 123
20 26
20 27
20 41
20 43
20 46
20 47
20 58
20 68
20 70
20 74
20 75
20 78
20 80
20 84
20 85
20 86
20 104
20 109
20 110
20 112
20 113
20 117
20 121
20 122
21 28
21 29
21 43
21 46
21 47
21 48
21 52
21 58
21 73
21 76
21 80
21 81
21 82
21 85
21 88
21 94
21 96
21 99
21 102
21 110
21 111
21 116
21 121
21 124
22 28
22 35
22 39
22 40
22 43
22 55
22 57
22 61
22 64
22 70
22 72
22 88
22 89
22 92
22 103
22 105
22 123
22 124
23 35
23 36
23 38
23 42
23 49
23 59
23 67
23 81
23 82
23 85
23 93
23 97
23 98
23 104
23 109
23 123
23 124
24 29
24 36
24 37
24 44
24 45
24 51
24 56
24 57
24 60
24 67
24 70
24 89
24 100
24 101
24 102
24 104
24 105
24 108
24 124
25 31
25 41
25 43
25 44
25 45
25 49
25 50
25 56
25 61
25 73
25 84
25 89
25 91
25 96
25 98
25 102
25 106
25 114
25 123
26 28
26 32
26 37
26 40
26 48
26 57
26 62
26 63
26 73
26 74
26 83
26 90
26 91
26 97
26 103
26 105
26 106
26 107
26 114
26 115
27 31
27 33
27 35
27 39
27 41
27 42
27 45
27 55
27 57
27 63
27 68
27 78
27 85
27 90
27 91
27 94
27 95
27 97
27 98
27 99
27 107
27 109
27 110
27 121
27 124
28 37
28 40
28 42
28 44
28 47
28 51
28 52
28 53
28 55
28 59
28 61
28 68
28 69
28 84
28 104
28 108
28 109
28 116
28 118
28 119
29 34
29 37
29 46
29 54
29 61
29 70
29 72
29 73
29 76
29 82
29 87
29 88
29 97
29 105
29 115
29 118
29 120
29 122
30 31
30 33
30 34
30 39
30 42
30 56
30 58
30 64
30 65
30 69
30 85
30 89
30 105
30 107
30 108
30 111
30 113
30 120
30 122
31 33
31 42
31 45
31 48
31 55
31 56
31 59
31 60
31 67
31 71
31 72
31 73
31 75
31 77
31 100
31 102
31 106
31 108
31 111
31 124
32 33
32 34
32 42
32 48
32 49
32 55
32 63
32 67
32 76
32 79
32 89
32 93
32 97
32 102
32 112
32 113
32 116
32 117
32 120
33 35
33 36
33 44
33 47
33 48
33 56
33 65
33 80
33 85
33 90
33 91
33 107
33 108
33 112
33 122
34 46
34 47
34 59
34 74
34 79
34 83
34 88
34 91
34 92
34 94
34 95
34 97
34 98
34 100
34 103
34 109
34 116
34 117
34 122
34 123
34 124
35 38
35 45
35 47
35 52
35 53
35 57
35 68
35 82
35 84
35 85
35 96
35 105
35 113
35 119
35 122
35 123
36 38
36 39
36 43
36 47
36 55
36 56
36 65
36 66
36 67
36 78
36 84
36 99
36 103
36 114
36 118
37 38
37 46
37 49
37 62
37 72
37 78
37 96
37 105
37 107
38 39
38 49
38 52
38 57
38 60
38 63
38 65
38 87
38 92
38 95
38 98
38 105
38 106
38 109
38 119
38 121
39 41
39 43
39 44
39 47
39 48
39 54
39 59
39 61
39 67
39 76
39 86
39 87
39 100
39 102
39 104
39 107
39 109
39 117
39 121
40 41
40 46
40 51
40 62
40 63
40 64
40 69
40 72
40 80
40 82
40 83
40 85
40 91
40 93
40 95
40 99
40 100
40 104
40 111
40 112
40 115
40 117
40 118
40 119
40 120
40 122
41 54
41 63
41 66
41 67
41 70
41 76
41 77
41 84
41 90
41 91
41 93
41 96
41 99
41 106
41 108
41 109
41 118
42 50
42 62
42 64
42 65
42 72
42 73
42 77
42 81
42 83
42 86
42 95
42 96
42 98
42 101
42 108
42 110
42 112
42 113
42 118
42 121
43 50
43 54
43 58
43 64
43 70
43 71
43 72
43 75
43 80
43 86
43 93
43 98
43 100
43 112
44 50
44 54
44 56
44 68
44 69
44 70
44 77
44 78
44 80
44 88
44 91
44 99
44 102
44 103
44 117
45 49
45 51
45 52
45 53
45 56
45 60
45 61
45 62
45 65
45 68
45 76
45 78
45 88
45 105
45 107
45 110
45 115
45 117
45 120
46 52
46 55
46 56
46 57
46 58
46 62
46 63
46 72
46 75
46 78
46 88
46 100
46 109
46 113
46 117
46 123
47 61
47 71
47 75
47 80
47 81
47 86
47 88
47 91
47 92
47 97
47 98
47 99
47 110
47 112
47 121
48 59
48 63
48 64
48 66
48 72
48 74
48 76
48 77
48 78
48 80
48 83
48 92
48 95
48 103
48 113
48 116
48 117
48 121
49 50
49 51
49 61
49 66
49 72
49 76
49 85
49 91
49 100
49 105
49 118
49 122
50 52
50 59
50 61
50 62
50 66
50 67
50 69
50 80
50 87
50 92
50 100
50 102
50 103
50 110
50 116
50 119
50 120
51 53
51 58
51 59
51 64
51 69
51 77
51 95
51 107
51 115
51 116
52 58
52 65
52 73
52 77
52 79
52 80
52 81
52 82
52 83
52 88
52 90
52 91
52 98
52 112
52 115
53 58
53 63
53 65
53 66
53 67
53 75
53 83
53 91
53 97
53 110
53 114
53 115
53 122
54 56
54 59
54 63
54 80
54 83
54 97
54 98
54 100
54 103
54 114
54 119
54 123
55 56
55 69
55 72
55 73
55 75
55 81
55 91
55 92
55 97
55 101
55 104
55 107
55 108
55 110
55 123
56 58
56 61
56 71
56 76
56 90
56 92
56 101
56 102
56 109
56 112
56 115
56 116
57 64
57 67
57 68
57 69
57 71
57 75
57 95
57 97
57 111
57 117
58 62
58 65
58 66
58 67
58 71
58 74
58 76
58 78
58 84
58 89
58 97
58 101
58 105
58 109
58 123
59 62
59 67
59 74
59 76
59 78
59 85
59 88
59 90
59 91
59 99
59 102
59 108
59 111
59 121
60 63
60 64
60 69
60 70
60 80
60 91
60 113
60 114
60 119
60 122
61 67
61 71
61 81
61 83
61 102
61 105
61 109
61 116
61 118
61 119
61 121
62 70
62 71
62 74
62 91
62 92
62 93
62 94
62 98
62 101
62 106
62 109
62 111
62 113
62 115
62 119
62 120
63 67
63 71
63 75
63 79
63 85
63 103
63 104
63 107
63 114
63 116
63 117
63 119
64 65
64 69
64 70
64 74
64 79
64 82
64 86
64 90
64 121
65 67
65 68
65 78
65 80
65 87
65 91
65 100
65 103
65 109
65 123
65 124
66 78
66 82
66 84
66 86
66 108
66 114
67 72
67 73
67 77
67 79
67 80
67 89
67 92
67 97
67 98
67 107
67 112
67 116
67 117
67 120
68 69
68 71
68 74
68 77
68 83
68 88
68 89
68 114
68 124
69 75
69 79
69 81
69 86
69 87
69 89
69 93
69 97
69 99
69 104
69 107
69 113
69 118
69 123
70 71
70 76
70 79
70 83
70 86
70 105
70 108
70 115
70 117
71 77
71 79
71 81
71 87
71 94
71 101
71 113
71 117
71 118
71 119
71 121
72 74
72 79
72 81
72 86
72 88
72 95
72 102
72 103
72 105
72 107
72 111
72 113
72 117
72 121
73 74
73 75
73 76
73 82
73 83
73 87
73 90
73 92
73 105
73 107
73 114
73 116
73 117
74 75
74 90
74 96
74 97
74 102
74 103
74 108
74 109
74 110
74 116
74 123
75 82
75 86
75 88
75 97
75 107
75 114
76 77
76 86
76 96
76 106
76 108
76 109
76 110
76 111
76 117
76 118
76 119
77 99
77 105
77 108
77 109
77 112
77 120
78 84
78 94
78 98
78 100
78 101
78 103
78 110
78 116
79 83
79 85
79 92
79 98
79 103
79 109
79 110
79 111
79 124
80 84
80 86
80 92
80 93
80 98
80 112
80 116
81 82
81 87
81 88
81 89
81 94
81 95
81 99
81 102
81 107
81 109
81 120
82 84
82 89
82 102
82 117
82 123
83 87
83 92
83 99
83 123
84 92
84 100
84 101
84 106
84 107
84 112
84 119
85 90
85 91
85 110
85 117
85 120
85 121
86 89
86 93
86 98
86 99
86 110
86 111
86 112
86 115
86 119
87 88
87 91
87 92
87 93
87 96
87 116
88 100
88 104
88 109
88 117
88 123
88 124
89 99
89 103
89 114
89 115
89 117
89 124
90 93
90 94
90 99
90 101
90 103
90 105
90 110
90 117
90 118
90 122
91 96
91 113
91 116
92 93
92 94
92 96
92 100
92 103
92 112
92 119
92 122
92 123
93 95
93 96
93 97
93 103
93 110
93 122
93 124
94 102
94 106
94 108
94 111
94 112
94 119
94 122
95 101
95 109
95 113
95 117
95 122
96 98
96 107
96 108
96 119
97 99
97 104
97 109
97 115
97 117
97 124
98 99
98 103
98 108
98 110
98 115
98 117
98 119
98 120
98 122
99 104
99 109
99 120
100 101
100 103
100 104
100 105
100 107
100 119
101 103
101 105
101 115
101 122
102 104
102 116
102 119
103 107
103 115
103 116
103 120
103 122
104 110
104 111
105 108
105 113
105 117
105 120
105 122
106 107
106 116
107 108
107 111
107 115
107 119
107 123
107 124
108 109
108 110
108 113
108 114
108 121
109 113
109 115
109 119
109 120
110 114
110 117
110 119
110 121
111 113
111 115
111 118
111 120
112 118
112 120
112 122
112 123
113 117
114 116
114 119
114 120
114 123
115 118
115 120
115 124
116 120
116 121
117 118
117 123
118 121
118 122
118 123
119 122
120 122
121 123
