0 1
0 5
0 6
0 7
0 26
0 29
0 30
0 45
0 48
0 58
0 59
0 60
0 63
0 64
0 72
0 81
0 115
0 124
0 129
0 134
0 141
0 142
0 146
1 2
1 3
1 5
1 16
1 20
1 25
1 42
1 43
1 44
1 51
1 58
1 59
1 63
1 70
1 74
1 78
1 84
1 86
1 88
1 96
1 101
1 115
1 120
1 122
1 124
1 129
1 133
1 136
1 137
1 144
1 145
2 6
2 8
2 9
2 10
2 11
2 17
2 24
2 30
2 31
2 32
2 35
2 36
2 40
2 45
2 53
2 58
2 60
2 61
2 66
2 67
2 68
2 72
2 73
2 76
2 90
2 91
2 95
2 96
2 103
2 117
2 118
2 119
2 127
2 131
2 134
2 135
2 137
2 138
2 142
2 146
2 147
3 4
3 18
3 19
3 31
3 32
3 34
3 41
3 49
3 55
3 57
3 61
3 73
3 78
3 82
3 87
3 90
3 92
3 93
3 95
3 96
3 101
3 113
3 115
3 117
3 118
3 122
3 129
3 136
3 141
3 142
3 143
3 146
3 147
3 149
4 5
4 13
4 19
4 20
4 22
4 24
4 27
4 32
4 35
4 36
4 37
4 41
4 50
4 53
4 56
4 60
4 63
4 67
4 69
4 70
4 71
4 77
4 79
4 83
4 90
4 91
4 106
4 107
4 118
4 119
4 124
4 128
4 140
4 141
4 143
4 144
4 145
4 148
5 21
5 25
5 28
5 29
5 32
5 35
5 37
5 38
5 41
5 45
5 47
5 52
5 58
5 64
5 68
5 70
5 73
5 78
5 94
5 95
5 111
5 131
5 139
5 140
5 145
5 146
5 148
6 10
6 17
6 19
6 20
6 27
6 30
6 32
6 33
6 39
6 43
6 46
6 56
6 58
6 61
6 63
6 66
6 67
6 69
6 70
6 71
6 79
6 80
6 94
6 95
6 96
6 121
6 122
6 123
7 12
7 18
7 19
7 22
7 23
7 29
7 34
7 36
7 46
7 50
7 57
7 58
7 68
7 69
7 71
7 72
7 73
7 75
7 77
7 79
7 83
7 86
7 88
7 90
7 99
7 101
7 102
7 118
7 126
7 127
7 130
7 132
7 135
7 139
7 140
7 144
7 145
7 148
8 18
8 20
8 26
8 28
8 31
8 32
8 38
8 50
8 51
8 54
8 56
8 64
8 67
8 72
8 76
8 79
8 80
8 82
8 98
8 113
8 119
8 121
8 123
8 128
8 130
8 131
8 134
8 137
8 140
8 148
9 10
9 15
9 19
9 22
9 25
9 30
9 32
9 36
9 37
9 38
9 39
9 46
9 47
9 50
9 54
9 56
9 60
9 68
9 70
9 76
9 77
9 81
9 96
9 100
9 106
9 108
9 111
9 112
9 123
9 126
9 129
9 132
9 136
9 139
9 140
9 147
10 12
10 13
10 14
10 16
10 17
10 26
10 28
10 31
10 38
10 39
10 41
10 44
10 48
10 51
10 55
10 56
10 58
10 60
10 63
10 64
10 66
10 67
10 68
10 70
10 71
10 74
10 78
10 80
10 85
10 97
10 98
10 102
10 105
10 108
10 109
10 111
10 124
10 127
10 131
10 137
10 143
11 13
11 14
11 15
11 17
11 18
11 19
11 22
11 32
11 33
11 34
11 35
11 41
11 47
11 54
11 57
11 62
11 67
11 70
11 71
11 72
11 76
11 77
11 86
11 89
11 95
11 96
11 100
11 101
11 103
11 107
11 109
11 110
11 113
11 124
11 138
12 13
12 14
12 17
12 25
12 32
12 33
12 34
12 35
12 56
12 61
12 62
12 65
12 70
12 74
12 75
12 79
12 86
12 99
12 100
12 101
12 112
12 114
12 119
12 122
12 128
12 133
12 134
12 136
12 140
12 147
13 14
13 18
13 23
13 25
13 30
13 31
13 32
13 36
13 39
13 40
13 42
13 43
13 52
13 55
13 60
13 62
13 65
13 85
13 91
13 92
13 96
13 99
13 105
13 116
13 135
13 138
13 139
13 140
13 146
14 17
14 19
14 22
14 28
14 29
14 32
14 36
14 39
14 43
14 49
14 56
14 57
14 61
14 72
14 78
14 91
14 93
14 96
14 97
14 101
14 113
14 115
14 119
14 128
14 129
14 130
14 135
14 143
14 149
15 22
15 25
15 29
15 31
15 32
15 37
15 38
15 40
15 52
15 53
15 57
15 61
15 65
15 70
15 74
15 77
15 81
15 86
15 89
15 91
15 93
15 95
15 105
15 109
15 112
15 117
15 122
15 127
15 129
15 133
15 136
15 138
15 142
16 33
16 34
16 35
16 50
16 62
16 65
16 71
16 72
16 77
16 82
16 84
16 85
16 88
16 90
16 95
16 99
16 105
16 107
16 111
16 112
16 114
16 120
16 125
16 130
16 132
16 137
16 139
16 140
16 142
16 149
17 18
17 20
17 21
17 38
17 39
17 40
17 43
17 51
17 57
17 58
17 59
17 62
17 64
17 66
17 75
17 81
17 83
17 98
17 100
17 102
17 105
17 113
17 122
17 124
17 129
17 132
17 136
17 140
18 29
18 49
18 54
18 58
18 61
18 62
18 65
18 71
18 72
18 75
18 78
18 80
18 82
18 84
18 89
18 92
18 93
18 96
18 106
18 112
18 115
18 117
18 135
18 139
18 140
18 142
18 145
19 51
19 59
19 60
19 61
19 62
19 66
19 76
19 77
19 82
19 91
19 97
19 98
19 108
19 109
19 110
19 112
19 115
19 116
19 122
19 124
19 128
19 136
19 139
19 142
19 144
19 146
19 148
20 27
20 32
20 35
20 41
20 43
20 45
20 52
20 54
20 55
20 57
20 58
20 75
20 78
20 80
20 82
20 84
20 93
20 102
20 107
20 110
20 111
20 112
20 114
20 120
20 125
20 134
20 135
20 136
20 137
20 139
20 145
20 148
21 27
21 28
21 33
21 35
21 36
21 45
21 47
21 53
21 62
21 67
21 76
21 79
21 80
21 86
21 88
21 92
21 93
21 94
21 97
21 98
21 110
21 114
21 116
21 139
21 143
21 144
22 25
22 32
22 33
22 41
22 52
22 53
22 54
22 58
22 59
22 60
22 72
22 77
22 81
22 84
22 87
22 90
22 91
22 95
22 102
22 103
22 107
22 115
22 123
22 127
22 134
22 144
22 145
22 147
23 26
23 38
23 45
23 49
23 51
23 56
23 66
23 68
23 74
23 76
23 89
23 93
23 94
23 99
23 106
23 110
23 111
23 112
23 120
23 125
23 128
23 134
23 139
23 141
23 142
23 145
23 146
24 35
24 36
24 37
24 42
24 49
24 74
24 76
24 88
24 92
24 94
24 98
24 101
24 109
24 111
24 116
24 117
24 122
24 131
24 134
24 135
24 142
24 143
24 145
24 148
25 31
25 33
25 35
25 38
25 42
25 45
25 55
25 62
25 68
25 73
25 77
25 83
25 88
25 92
25 94
25 103
25 120
25 141
25 146
26 32
26 38
26 51
26 53
26 60
26 69
26 73
26 87
26 90
26 95
26 108
26 125
26 126
26 128
26 133
26 134
26 139
26 140
26 142
26 146
27 33
27 38
27 44
27 45
27 47
27 48
27 59
27 61
27 62
27 63
27 66
27 76
27 95
27 96
27 101
27 109
27 115
27 116
27 135
27 144
28 31
28 38
28 48
28 55
28 58
28 67
28 69
28 71
28 74
28 84
28 93
28 100
28 102
28 108
28 109
28 110
28 111
28 116
28 117
28 119
28 126
28 133
28 134
28 147
28 148
29 42
29 57
29 70
29 78
29 86
29 94
29 99
29 105
29 111
29 135
29 137
29 138
29 140
29 144
29 147
30 34
30 41
30 48
30 50
30 66
30 70
30 71
30 77
30 82
30 84
30 94
30 96
30 98
30 102
30 103
30 106
30 107
30 117
30 118
30 119
30 125
30 131
30 133
30 146
31 39
31 55
31 60
31 64
31 65
31 68
31 73
31 74
31 77
31 82
31 87
31 89
31 90
31 99
31 101
31 104
31 105
31 107
31 111
31 113
31 124
31 135
31 139
31 143
31 147
32 45
32 48
32 52
32 60
32 64
32 69
32 71
32 72
32 77
32 93
32 103
32 106
32 109
32 111
32 112
32 117
32 119
32 123
32 130
32 132
32 141
32 142
32 145
32 147
33 36
33 38
33 49
33 51
33 53
33 54
33 60
33 61
33 67
33 68
33 71
33 72
33 73
33 87
33 90
33 98
33 101
33 102
33 112
33 122
33 123
33 125
33 127
33 129
33 135
33 137
33 138
33 142
34 35
34 40
34 47
34 48
34 51
34 53
34 55
34 66
34 84
34 89
34 90
34 92
34 96
34 97
34 106
34 107
34 113
34 122
34 124
34 125
34 131
34 132
34 139
34 142
35 38
35 41
35 48
35 49
35 50
35 52
35 58
35 60
35 61
35 68
35 69
35 75
35 76
35 79
35 80
35 87
35 89
35 92
35 96
35 101
35 102
35 103
35 105
35 108
35 116
35 122
35 128
35 129
35 131
35 136
35 140
35 145
35 149
36 39
36 42
36 50
36 51
36 56
36 66
36 67
36 72
36 76
36 78
36 79
36 82
36 90
36 96
36 99
36 112
36 113
36 124
36 125
36 126
36 129
36 141
36 145
36 149
37 39
37 42
37 47
37 53
37 54
37 57
37 59
37 69
37 72
37 75
37 78
37 85
37 86
37 95
37 101
37 106
37 111
37 121
37 126
37 131
37 138
37 141
37 143
38 39
38 43
38 44
38 47
38 48
38 51
38 57
38 60
38 62
38 68
38 76
38 77
38 79
38 81
38 82
38 83
38 84
38 93
38 95
38 102
38 118
38 125
38 134
38 147
39 40
39 41
39 43
39 45
39 52
39 59
39 63
39 65
39 66
39 73
39 74
39 77
39 78
39 79
39 80
39 84
39 96
39 97
39 103
39 119
39 121
39 125
39 128
39 135
39 137
39 139
39 147
40 41
40 51
40 65
40 66
40 69
40 70
40 74
40 80
40 82
40 94
40 95
40 97
40 112
40 120
40 124
40 130
40 131
40 132
40 136
40 143
40 145
41 45
41 55
41 68
41 73
41 75
41 85
41 95
41 102
41 103
41 106
41 107
41 109
41 120
41 126
41 128
41 131
41 137
41 145
42 46
42 51
42 57
42 74
42 75
42 78
42 80
42 83
42 86
42 88
42 91
42 99
42 108
42 121
42 124
42 125
42 126
42 128
42 131
42 140
42 148
43 50
43 51
43 53
43 59
43 67
43 68
43 73
43 74
43 80
43 81
43 91
43 103
43 104
43 109
43 110
43 117
43 119
43 146
43 148
44 47
44 49
44 61
44 63
44 66
44 70
44 73
44 77
44 85
44 95
44 106
44 110
44 111
44 118
44 125
44 126
44 134
44 137
44 141
44 148
44 149
45 47
45 71
45 74
45 83
45 84
45 86
45 94
45 99
45 101
45 103
45 108
45 111
45 120
45 125
45 128
45 134
45 136
45 139
45 144
45 146
45 149
46 49
46 58
46 63
46 64
46 84
46 86
46 95
46 97
46 100
46 103
46 107
46 110
46 118
46 119
46 132
46 138
46 143
47 51
47 57
47 67
47 69
47 72
47 73
47 78
47 81
47 85
47 88
47 101
47 106
47 115
47 120
47 128
47 130
47 131
47 134
47 135
47 136
47 137
47 138
47 142
48 52
48 65
48 68
48 71
48 73
48 78
48 81
48 86
48 88
48 89
48 92
48 104
48 111
48 116
48 123
48 129
48 136
48 138
48 141
48 144
49 59
49 60
49 63
49 69
49 76
49 78
49 84
49 97
49 120
49 126
49 135
50 67
50 78
50 80
50 83
50 84
50 86
50 91
50 99
50 101
50 106
50 117
50 119
50 121
50 122
50 124
50 145
50 146
51 54
51 57
51 64
51 66
51 71
51 75
51 76
51 79
51 87
51 94
51 107
51 108
51 110
51 111
51 115
51 117
51 121
51 123
51 124
51 125
51 130
51 133
51 134
52 66
52 78
52 93
52 98
52 100
52 102
52 108
52 113
52 122
52 133
52 141
52 144
52 146
53 56
53 64
53 74
53 75
53 79
53 85
53 91
53 95
53 100
53 110
53 112
53 114
53 128
53 137
54 59
54 63
54 69
54 73
54 77
54 78
54 81
54 87
54 96
54 98
54 110
54 111
54 112
54 126
54 129
54 131
54 139
54 145
54 147
55 61
55 63
55 66
55 70
55 71
55 80
55 88
55 89
55 90
55 103
55 105
55 107
55 108
55 112
55 114
55 115
55 117
55 118
55 129
55 137
55 138
55 140
56 58
56 61
56 62
56 65
56 67
56 76
56 87
56 90
56 102
56 104
56 105
56 109
56 110
56 120
56 121
56 124
56 126
56 130
56 135
57 58
57 67
57 75
57 80
57 82
57 86
57 91
57 99
57 101
57 109
57 111
57 113
57 115
57 117
57 125
57 129
57 130
57 133
57 135
57 147
57 148
58 65
58 78
58 80
58 84
58 87
58 91
58 101
58 109
58 110
58 114
58 116
58 117
58 120
58 124
58 125
58 128
58 131
58 133
58 141
58 145
58 148
59 68
59 73
59 85
59 87
59 89
59 97
59 100
59 107
59 114
59 119
59 123
59 128
59 130
59 132
59 134
59 139
59 145
59 148
60 80
60 82
60 84
60 85
60 92
60 93
60 96
60 97
60 101
60 105
60 108
60 116
60 120
60 122
60 128
60 131
60 137
60 138
60 139
60 142
60 146
61 62
61 63
61 70
61 72
61 75
61 76
61 80
61 85
61 86
61 88
61 89
61 90
61 100
61 116
61 119
61 120
61 123
61 128
61 135
61 137
61 138
61 139
61 143
61 144
62 65
62 66
62 75
62 76
62 90
62 93
62 95
62 97
62 98
62 100
62 111
62 113
62 114
62 120
62 123
62 126
62 129
62 130
62 132
62 142
62 143
62 145
63 96
63 102
63 105
63 106
63 110
63 118
63 123
63 126
63 130
63 132
63 134
63 139
63 140
63 143
63 144
64 67
64 70
64 74
64 76
64 79
64 81
64 84
64 86
64 88
64 92
64 99
64 100
64 119
64 123
64 127
64 129
64 132
64 135
64 139
64 142
64 143
64 144
64 146
64 149
65 75
65 84
65 88
65 97
65 107
65 109
65 122
65 124
65 127
65 129
65 138
65 147
66 72
66 85
66 98
66 102
66 106
66 109
66 120
66 121
66 134
66 145
66 149
67 69
67 71
67 73
67 75
67 77
67 89
67 107
67 109
67 127
68 70
68 84
68 91
68 108
68 111
68 120
68 123
68 124
68 125
68 128
68 130
68 131
68 135
68 143
68 144
68 147
68 148
69 76
69 79
69 82
69 90
69 91
69 107
69 122
69 124
69 145
70 78
70 81
70 82
70 85
70 86
70 89
70 93
70 96
70 102
70 105
70 115
70 137
70 138
70 144
70 146
71 75
71 76
71 78
71 79
71 86
71 102
71 105
71 112
71 117
71 124
71 130
71 132
71 137
71 141
71 142
71 144
71 146
72 79
72 87
72 93
72 94
72 97
72 104
72 121
72 125
72 130
72 137
72 139
72 140
72 143
73 77
73 85
73 95
73 97
73 105
73 111
73 115
73 119
73 121
73 123
73 124
73 125
73 126
73 148
74 78
74 82
74 87
74 88
74 89
74 91
74 92
74 99
74 100
74 106
74 114
74 118
74 120
74 123
74 124
74 130
74 132
74 133
75 76
75 79
75 82
75 85
75 86
75 97
75 102
75 104
75 127
75 129
75 137
75 146
75 149
76 89
76 93
76 98
76 99
76 101
76 104
76 105
76 108
76 112
76 115
76 132
76 141
76 145
76 148
77 79
77 82
77 86
77 91
77 94
77 97
77 106
77 107
77 108
77 117
77 123
77 124
77 126
77 132
77 137
77 139
77 147
78 88
78 89
78 108
78 118
78 120
78 122
78 127
78 129
78 135
78 136
78 142
78 144
79 83
79 93
79 94
79 96
79 97
79 101
79 103
79 109
79 114
79 127
79 136
79 139
79 140
80 85
80 86
80 91
80 96
80 109
80 127
80 128
80 129
80 136
80 144
80 147
80 149
81 98
81 100
81 101
81 104
81 108
81 112
81 123
81 136
81 139
81 140
81 142
81 143
81 144
82 95
82 97
82 98
82 101
82 105
82 109
82 132
82 136
82 149
83 84
83 91
83 93
83 101
83 105
83 112
83 114
83 115
83 116
83 121
83 138
84 86
84 88
84 92
84 97
84 112
84 113
84 115
84 121
84 122
84 127
84 129
84 132
84 140
84 145
85 86
85 102
85 103
85 108
85 109
85 112
85 117
85 122
85 133
85 141
85 149
86 94
86 96
86 105
86 106
86 113
86 114
86 115
86 126
86 127
86 129
86 130
86 134
86 138
86 139
86 145
87 89
87 96
87 102
87 104
87 105
87 106
87 122
87 128
87 130
87 139
87 141
87 142
87 145
88 103
88 108
88 112
88 118
88 132
88 140
88 144
89 90
89 92
89 96
89 97
89 106
89 114
89 121
89 129
89 130
89 133
89 142
89 144
89 149
90 91
90 99
90 100
90 108
90 109
90 110
90 112
90 114
90 117
90 124
90 126
90 127
90 144
91 95
91 96
91 101
91 111
91 114
91 118
91 119
91 126
91 138
91 139
91 142
91 144
92 104
92 124
92 128
92 135
92 136
92 138
93 96
93 108
93 117
93 127
93 133
93 142
94 101
94 103
94 106
94 111
94 112
94 113
94 123
94 124
94 130
94 131
94 137
94 142
94 146
94 147
95 96
95 101
95 104
95 116
95 118
95 120
95 127
95 128
95 130
95 138
95 139
96 106
96 116
96 121
96 124
96 126
96 132
96 144
96 146
96 149
97 98
97 101
97 110
97 111
97 114
97 128
97 140
97 145
98 99
98 102
98 108
98 109
98 122
98 124
98 126
98 133
98 135
98 147
99 101
99 102
99 106
99 109
99 110
99 115
99 118
99 120
99 121
99 127
99 131
99 132
99 141
99 143
99 145
99 149
100 104
100 105
100 113
100 118
100 129
100 136
100 139
100 142
100 148
101 105
101 107
101 113
101 115
101 124
101 126
101 130
101 131
101 135
101 137
101 146
101 148
102 106
102 107
102 113
102 120
102 129
102 133
102 137
102 142
102 148
103 104
103 115
103 116
103 118
103 119
103 124
103 126
103 129
103 131
103 133
103 134
103 145
103 146
103 147
104 112
104 113
104 126
104 127
104 133
104 138
104 140
104 146
105 106
105 113
105 117
105 133
105 135
105 137
105 144
105 145
106 108
106 118
106 120
106 123
106 130
106 132
106 134
106 141
107 109
107 120
107 124
107 129
107 130
107 134
107 138
107 142
108 111
108 118
108 126
108 128
109 112
109 115
109 126
109 130
109 132
109 134
109 140
109 141
109 144
109 145
109 149
110 115
110 117
110 118
110 124
110 127
110 135
110 140
110 141
110 146
111 114
111 125
111 134
111 135
111 144
112 122
112 129
112 133
112 136
112 137
112 145
113 117
113 123
113 127
113 128
113 135
113 139
114 115
114 116
114 122
114 123
114 128
114 130
114 138
114 141
114 149
115 119
115 125
115 131
115 139
115 142
115 145
115 146
115 147
116 120
116 124
116 125
116 126
117 120
117 122
117 132
117 140
118 125
118 136
118 140
118 144
118 147
119 122
119 128
119 129
119 131
119 132
119 135
119 142
119 143
119 148
120 125
120 131
120 132
120 136
120 137
120 140
120 143
120 146
121 127
121 131
122 125
122 126
122 127
122 132
122 133
122 134
122 135
122 137
122 143
123 127
123 128
123 132
123 133
123 135
123 138
123 145
123 147
124 125
124 131
124 137
124 139
124 141
124 142
124 144
125 132
125 141
126 128
126 138
126 145
127 128
127 130
127 132
127 143
127 145
127 147
128 142
128 144
128 149
129 131
129 136
129 140
129 145
129 148
130 133
130 135
130 141
130 146
130 148
130 149
131 132
131 133
131 134
131 138
131 140
131 145
132 134
132 140
132 143
132 144
133 135
133 141
133 146
134 140
134 141
135 137
135 143
135 145
135 148
136 137
136 140
136 145
136 146
137 138
137 139
137 146
137 147
139 140
139 141
139 143
139 147
139 149
140 142
140 145
140 148
141 143
141 145
142 144
142 146
143 145
145 147
145 149
146 148
146 149
147 149
