0 9
0 10
0 11
0 12
0 24
0 26
0 37
0 43
0 45
0 48
0 52
0 53
0 56
0 57
0 59
0 62
0 63
0 67
0 68
0 90
0 94
0 105
0 106
0 109
0 110
0 111
0 112
0 126
0 131
0 132
0 134
0 137
0 138
0 147
0 152
0 153
0 154
0 163
0 164
0 171
1 3
1 12
1 14
1 17
1 23
1 28
1 46
1 56
1 57
1 59
1 61
1 64
1 66
1 68
1 77
1 78
1 83
1 93
1 96
1 97
1 99
1 103
1 109
1 112
1 119
1 121
1 126
1 130
1 134
1 136
1 140
1 151
1 154
1 156
1 157
1 162
1 168
1 174
2 3
2 10
2 15
2 34
2 35
2 36
2 37
2 43
2 46
2 48
2 53
2 59
2 62
2 71
2 73
2 76
2 77
2 81
2 94
2 97
2 104
2 117
2 120
2 122
2 125
2 126
2 136
2 139
2 153
2 158
2 165
2 167
2 171
2 172
3 5
3 10
3 16
3 20
3 26
3 30
3 33
3 38
3 41
3 43
3 55
3 58
3 59
3 64
3 67
3 68
3 74
3 78
3 100
3 104
3 107
3 115
3 116
3 132
3 142
3 143
3 147
3 151
3 163
3 172
4 5
4 6
4 14
4 17
4 19
4 20
4 31
4 36
4 37
4 50
4 59
4 61
4 66
4 67
4 69
4 75
4 78
4 82
4 89
4 95
4 96
4 97
4 103
4 105
4 108
4 111
4 118
4 119
4 120
4 122
4 125
4 127
4 130
4 134
4 138
4 140
4 144
4 147
4 151
4 158
4 159
4 160
4 168
5 6
5 7
5 10
5 33
5 48
5 50
5 52
5 55
5 57
5 60
5 63
5 66
5 70
5 71
5 79
5 83
5 87
5 91
5 94
5 95
5 111
5 112
5 116
5 121
5 126
5 129
5 132
5 136
5 145
5 150
5 160
5 169
5 174
6 7
6 14
6 15
6 16
6 21
6 22
6 28
6 31
6 37
6 40
6 53
6 56
6 64
6 65
6 66
6 69
6 76
6 77
6 80
6 86
6 97
6 98
6 103
6 105
6 114
6 117
6 119
6 123
6 125
6 129
6 149
6 152
6 155
6 158
6 160
6 161
6 167
6 168
6 173
7 9
7 21
7 25
7 30
7 31
7 35
7 38
7 41
7 47
7 50
7 51
7 53
7 58
7 64
7 68
7 80
7 81
7 85
7 90
7 98
7 105
7 136
7 137
7 142
7 152
7 164
7 171
7 174
8 10
8 11
8 17
8 22
8 26
8 34
8 43
8 53
8 55
8 65
8 66
8 71
8 76
8 81
8 97
8 100
8 103
8 106
8 118
8 122
8 125
8 130
8 132
8 135
8 144
8 149
8 154
8 155
8 161
8 164
8 171
9 11
9 18
9 22
9 23
9 26
9 28
9 37
9 39
9 43
9 45
9 46
9 54
9 55
9 59
9 66
9 68
9 76
9 85
9 86
9 87
9 91
9 94
9 95
9 96
9 98
9 100
9 103
9 104
9 110
9 112
9 115
9 117
9 118
9 124
9 125
9 126
9 144
9 146
9 160
9 167
9 171
10 12
10 14
10 17
10 30
10 42
10 56
10 72
10 83
10 84
10 92
10 93
10 94
10 101
10 105
10 111
10 117
10 128
10 130
10 133
10 135
10 138
10 139
10 144
10 154
10 158
10 162
10 165
11 16
11 24
11 33
11 34
11 61
11 64
11 70
11 71
11 74
11 83
11 88
11 91
11 92
11 94
11 98
11 114
11 116
11 125
11 132
11 146
11 147
11 150
11 151
11 156
11 161
11 173
12 13
12 23
12 30
12 31
12 37
12 43
12 45
12 49
12 53
12 55
12 57
12 70
12 72
12 76
12 90
12 91
12 97
12 111
12 113
12 114
12 115
12 117
12 120
12 126
12 128
12 129
12 133
12 134
12 138
12 140
12 142
12 143
12 159
12 166
13 14
13 20
13 30
13 32
13 33
13 34
13 35
13 36
13 44
13 57
13 59
13 75
13 82
13 86
13 92
13 94
13 104
13 105
13 112
13 119
13 133
13 134
13 167
13 168
13 173
13 174
14 17
14 20
14 25
14 27
14 30
14 32
14 47
14 50
14 57
14 61
14 66
14 79
14 81
14 84
14 86
14 91
14 92
14 93
14 100
14 103
14 112
14 123
14 127
14 129
14 132
14 134
14 144
14 146
14 148
14 150
14 159
14 167
14 172
15 29
15 31
15 43
15 47
15 48
15 49
15 53
15 55
15 56
15 59
15 74
15 75
15 81
15 82
15 86
15 92
15 93
15 96
15 100
15 110
15 113
15 117
15 133
15 134
15 135
15 137
15 138
15 144
15 146
15 151
15 152
15 156
15 162
15 172
16 19
16 28
16 31
16 37
16 39
16 42
16 44
16 50
16 66
16 67
16 70
16 76
16 82
16 84
16 86
16 92
16 103
16 114
16 117
16 125
16 134
16 135
16 139
16 143
16 149
16 150
16 166
17 18
17 30
17 35
17 37
17 41
17 58
17 60
17 62
17 69
17 72
17 73
17 84
17 86
17 87
17 90
17 96
17 113
17 120
17 122
17 128
17 137
17 146
17 156
17 160
17 171
17 173
18 25
18 26
18 30
18 43
18 45
18 47
18 60
18 64
18 68
18 75
18 76
18 84
18 86
18 99
18 103
18 104
18 106
18 109
18 114
18 122
18 128
18 130
18 139
18 142
18 144
18 147
18 149
18 165
18 173
19 31
19 37
19 38
19 49
19 65
19 67
19 73
19 74
19 76
19 80
19 81
19 84
19 85
19 86
19 89
19 90
19 91
19 92
19 97
19 101
19 120
19 123
19 127
19 128
19 133
19 138
19 140
19 146
19 147
19 148
19 150
19 151
19 158
19 173
20 22
20 24
20 28
20 32
20 35
20 39
20 45
20 48
20 51
20 57
20 62
20 68
20 69
20 74
20 75
20 76
20 77
20 79
20 91
20 93
20 95
20 101
20 103
20 105
20 109
20 110
20 117
20 123
20 131
20 134
20 137
20 138
20 140
20 144
20 155
20 168
20 169
21 30
21 35
21 40
21 44
21 45
21 57
21 65
21 67
21 77
21 85
21 87
21 96
21 115
21 116
21 121
21 132
21 143
21 149
21 150
21 153
21 156
21 157
21 161
21 170
22 27
22 31
22 32
22 33
22 39
22 40
22 43
22 45
22 47
22 48
22 49
22 50
22 51
22 63
22 64
22 65
22 69
22 78
22 79
22 82
22 86
22 90
22 96
22 99
22 100
22 108
22 110
22 115
22 116
22 117
22 118
22 121
22 126
22 133
22 138
22 142
22 143
22 149
22 153
22 157
22 174
23 26
23 30
23 33
23 34
23 38
23 41
23 56
23 62
23 69
23 74
23 80
23 86
23 89
23 90
23 94
23 98
23 101
23 105
23 108
23 117
23 119
23 122
23 125
23 135
23 140
23 143
23 154
23 159
23 164
23 167
23 174
24 25
24 26
24 27
24 32
24 34
24 38
24 42
24 43
24 45
24 48
24 57
24 65
24 66
24 74
24 77
24 78
24 79
24 83
24 88
24 89
24 93
24 98
24 101
24 102
24 103
24 111
24 112
24 113
24 115
24 117
24 128
24 134
24 135
24 141
24 146
24 152
24 157
24 166
24 167
24 171
25 27
25 30
25 55
25 66
25 87
25 89
25 91
25 93
25 94
25 102
25 103
25 105
25 106
25 118
25 121
25 137
25 141
25 165
25 166
26 36
26 41
26 50
26 51
26 57
26 66
26 73
26 75
26 83
26 84
26 85
26 87
26 93
26 105
26 127
26 129
26 130
26 137
26 138
26 146
26 155
26 160
26 162
26 167
26 168
26 169
26 173
27 28
27 34
27 44
27 51
27 59
27 64
27 65
27 76
27 78
27 81
27 94
27 99
27 102
27 108
27 113
27 118
27 124
27 125
27 129
27 131
27 137
27 139
27 143
27 145
27 160
27 166
27 174
28 29
28 30
28 34
28 41
28 44
28 51
28 55
28 56
28 59
28 60
28 61
28 69
28 80
28 85
28 86
28 92
28 101
28 102
28 103
28 110
28 113
28 119
28 123
28 131
28 141
28 142
28 144
28 161
28 162
28 163
28 165
28 166
28 173
29 30
29 35
29 42
29 43
29 61
29 71
29 78
29 82
29 83
29 86
29 90
29 93
29 96
29 97
29 98
29 99
29 101
29 103
29 109
29 114
29 118
29 119
29 124
29 125
29 135
29 149
29 157
29 160
29 162
29 167
29 171
30 33
30 34
30 35
30 36
30 37
30 39
30 41
30 44
30 53
30 58
30 61
30 69
30 77
30 82
30 86
30 87
30 89
30 102
30 112
30 113
30 116
30 119
30 130
30 143
30 152
30 163
30 170
30 174
31 43
31 47
31 48
31 58
31 60
31 70
31 72
31 73
31 74
31 86
31 91
31 92
31 95
31 96
31 104
31 111
31 112
31 138
31 139
31 141
31 148
31 154
31 158
31 172
31 173
32 41
32 53
32 58
32 64
32 71
32 84
32 85
32 87
32 90
32 91
32 104
32 122
32 125
32 134
32 135
32 141
32 147
32 159
32 161
32 163
32 164
33 34
33 41
33 42
33 43
33 57
33 58
33 69
33 70
33 76
33 87
33 89
33 94
33 97
33 106
33 112
33 117
33 118
33 125
33 126
33 130
33 131
33 150
33 157
33 159
33 162
33 166
33 172
34 37
34 42
34 47
34 50
34 51
34 56
34 58
34 64
34 85
34 92
34 97
34 101
34 108
34 114
34 115
34 117
34 120
34 122
34 133
34 137
34 138
34 148
34 149
34 156
34 160
34 161
34 163
35 40
35 47
35 51
35 52
35 56
35 61
35 67
35 80
35 88
35 90
35 97
35 121
35 139
35 144
35 156
35 163
35 164
35 168
35 174
36 38
36 44
36 46
36 51
36 53
36 63
36 65
36 66
36 70
36 75
36 76
36 77
36 79
36 81
36 93
36 94
36 95
36 96
36 99
36 103
36 106
36 110
36 113
36 114
36 135
36 138
36 142
36 144
36 146
36 156
36 157
36 159
36 162
36 164
36 170
36 171
37 50
37 52
37 57
37 59
37 76
37 85
37 122
37 125
37 128
37 139
37 141
37 148
37 161
37 166
38 42
38 44
38 46
38 47
38 65
38 67
38 69
38 70
38 71
38 76
38 79
38 82
38 83
38 85
38 91
38 93
38 95
38 98
38 106
38 113
38 119
38 124
38 129
38 133
38 135
38 138
38 140
38 143
38 145
38 146
38 150
38 151
38 154
38 156
38 158
38 166
39 40
39 42
39 46
39 49
39 66
39 74
39 82
39 97
39 101
39 104
39 105
39 108
39 115
39 119
39 122
39 124
39 128
39 136
39 137
39 138
39 143
39 149
39 154
39 162
39 168
39 170
39 172
40 41
40 43
40 44
40 55
40 59
40 70
40 78
40 80
40 91
40 95
40 98
40 101
40 104
40 108
40 110
40 119
40 120
40 126
40 127
40 142
40 143
40 156
40 159
41 51
41 61
41 66
41 67
41 69
41 79
41 84
41 106
41 111
41 115
41 116
41 119
41 123
41 125
41 130
41 132
41 134
41 138
41 140
41 152
41 158
41 159
41 161
41 163
41 166
41 168
42 47
42 54
42 58
42 60
42 62
42 64
42 73
42 74
42 76
42 94
42 102
42 103
42 106
42 116
42 120
42 122
42 123
42 127
42 133
42 135
42 144
42 145
42 154
42 160
42 161
42 168
42 171
42 173
43 47
43 62
43 64
43 71
43 75
43 76
43 77
43 97
43 103
43 105
43 106
43 110
43 111
43 116
43 122
43 134
43 136
43 138
43 139
43 140
43 143
43 146
43 152
43 160
43 168
43 171
43 173
44 46
44 51
44 52
44 61
44 63
44 66
44 70
44 73
44 76
44 79
44 83
44 84
44 90
44 94
44 101
44 105
44 115
44 122
44 135
44 137
44 138
44 153
44 155
44 164
44 168
44 172
44 174
45 51
45 54
45 59
45 66
45 69
45 70
45 73
45 76
45 78
45 80
45 81
45 83
45 89
45 94
45 97
45 103
45 108
45 112
45 118
45 119
45 138
45 145
45 146
45 150
45 151
45 152
45 153
45 160
45 166
45 167
46 50
46 56
46 57
46 59
46 62
46 69
46 70
46 75
46 82
46 90
46 103
46 108
46 111
46 114
46 117
46 118
46 123
46 126
46 128
46 129
46 130
46 142
46 143
46 144
46 149
46 156
46 161
46 169
47 50
47 51
47 53
47 54
47 55
47 56
47 63
47 72
47 74
47 76
47 82
47 98
47 104
47 112
47 115
47 116
47 123
47 135
47 148
47 149
47 151
47 161
47 163
47 167
48 53
48 54
48 60
48 71
48 72
48 73
48 77
48 84
48 85
48 86
48 93
48 115
48 129
48 130
48 131
48 135
48 143
48 144
48 147
48 149
49 53
49 67
49 72
49 75
49 76
49 78
49 79
49 80
49 81
49 89
49 92
49 102
49 103
49 108
49 109
49 110
49 111
49 114
49 118
49 128
49 137
49 138
49 160
49 162
49 163
49 165
50 51
50 52
50 72
50 75
50 76
50 80
50 83
50 87
50 88
50 89
50 94
50 95
50 96
50 100
50 101
50 103
50 111
50 113
50 114
50 119
50 120
50 121
50 125
50 131
50 132
50 142
50 150
50 153
50 162
50 164
50 165
50 173
51 60
51 61
51 65
51 67
51 80
51 82
51 88
51 95
51 100
51 102
51 121
51 127
51 129
51 131
51 149
51 150
51 152
51 155
51 174
52 58
52 62
52 63
52 73
52 75
52 77
52 81
52 82
52 86
52 96
52 98
52 105
52 109
52 117
52 122
52 123
52 124
52 134
52 137
52 144
52 150
52 151
52 152
52 156
52 163
53 57
53 59
53 60
53 70
53 71
53 89
53 90
53 92
53 97
53 99
53 103
53 104
53 105
53 117
53 123
53 126
53 128
53 129
53 138
53 143
53 147
53 150
53 155
53 158
53 160
53 162
53 164
53 166
53 167
54 66
54 72
54 77
54 82
54 94
54 97
54 99
54 102
54 103
54 105
54 114
54 122
54 125
54 128
54 131
54 134
54 135
54 140
54 142
54 148
54 155
54 160
54 164
54 173
55 59
55 65
55 68
55 73
55 77
55 82
55 86
55 87
55 88
55 92
55 93
55 97
55 102
55 110
55 111
55 117
55 119
55 127
55 136
55 139
55 142
55 144
55 159
55 164
55 171
55 173
56 61
56 62
56 76
56 81
56 86
56 88
56 94
56 95
56 102
56 107
56 110
56 119
56 121
56 122
56 134
56 148
56 149
56 151
56 155
56 156
56 164
56 165
56 166
56 169
56 170
57 66
57 75
57 88
57 90
57 92
57 95
57 101
57 120
57 129
57 130
57 142
57 147
57 155
57 157
57 161
57 169
57 170
57 171
57 174
58 61
58 62
58 66
58 67
58 72
58 79
58 91
58 101
58 105
58 107
58 109
58 111
58 113
58 117
58 129
58 132
58 133
58 139
58 140
58 153
58 155
58 158
58 160
58 163
58 167
58 170
58 171
58 174
59 60
59 61
59 69
59 79
59 92
59 96
59 106
59 111
59 112
59 118
59 136
59 139
59 140
59 146
59 150
59 159
59 161
59 169
59 171
59 174
60 69
60 82
60 88
60 94
60 95
60 104
60 105
60 106
60 107
60 109
60 110
60 115
60 117
60 118
60 119
60 124
60 125
60 129
60 136
60 141
60 147
60 149
60 158
60 161
60 163
60 169
60 171
61 65
61 72
61 73
61 78
61 82
61 84
61 95
61 99
61 100
61 101
61 105
61 109
61 111
61 127
61 132
61 134
61 140
61 145
61 147
61 150
61 152
61 153
61 156
61 165
62 66
62 67
62 71
62 72
62 73
62 80
62 84
62 90
62 91
62 93
62 100
62 104
62 107
62 111
62 117
62 121
62 134
62 139
62 142
62 144
62 146
62 147
62 155
62 161
62 162
62 163
62 168
63 72
63 77
63 82
63 83
63 88
63 94
63 96
63 101
63 108
63 109
63 111
63 114
63 118
63 144
63 146
63 147
63 151
63 162
63 168
63 171
64 66
64 67
64 71
64 78
64 87
64 93
64 98
64 100
64 106
64 107
64 114
64 131
64 139
64 140
64 145
64 150
64 151
64 167
65 67
65 72
65 76
65 91
65 93
65 96
65 100
65 101
65 104
65 106
65 107
65 121
65 125
65 127
65 128
65 134
65 147
65 149
65 152
65 153
65 155
65 162
65 165
65 173
66 72
66 73
66 78
66 114
66 124
66 127
66 129
66 131
66 143
66 154
66 155
66 159
66 164
66 167
66 170
66 171
66 172
67 68
67 77
67 82
67 84
67 88
67 89
67 92
67 101
67 103
67 105
67 106
67 110
67 116
67 123
67 124
67 126
67 128
67 131
67 136
67 139
67 144
67 146
67 148
67 154
67 157
67 165
67 168
68 69
68 88
68 100
68 106
68 119
68 138
68 141
68 152
68 155
68 163
68 169
69 70
69 75
69 76
69 85
69 86
69 102
69 107
69 126
69 128
69 129
69 144
69 148
69 162
69 170
69 171
69 173
70 77
70 96
70 99
70 102
70 112
70 129
70 132
70 133
70 140
70 144
70 150
70 154
70 156
70 158
70 163
70 167
70 169
71 72
71 76
71 84
71 90
71 91
71 92
71 93
71 94
71 96
71 107
71 116
71 117
71 126
71 133
71 137
71 148
71 150
71 152
71 158
71 161
71 163
71 164
71 172
71 173
71 174
72 73
72 82
72 89
72 92
72 97
72 98
72 102
72 111
72 116
72 117
72 121
72 125
72 127
72 135
72 137
72 142
72 146
72 147
72 165
72 171
72 174
73 74
73 81
73 92
73 96
73 104
73 113
73 120
73 121
73 124
73 126
73 129
73 131
73 133
73 134
73 141
73 144
73 150
73 156
73 171
74 76
74 89
74 93
74 98
74 103
74 134
74 139
74 148
74 150
74 156
74 158
74 164
74 170
74 172
74 173
75 77
75 79
75 83
75 84
75 86
75 88
75 102
75 105
75 107
75 108
75 109
75 129
75 131
75 138
75 147
75 148
75 153
75 155
75 159
75 160
75 166
75 169
76 86
76 88
76 99
76 100
76 105
76 107
76 120
76 131
76 135
76 139
76 140
76 141
76 143
76 153
76 158
76 161
76 164
76 165
76 171
76 174
77 83
77 86
77 93
77 94
77 99
77 100
77 105
77 109
77 111
77 121
77 126
77 134
77 138
77 142
77 143
77 145
77 147
77 148
77 150
77 151
77 159
77 164
77 165
77 170
78 82
78 83
78 86
78 88
78 90
78 95
78 99
78 101
78 108
78 116
78 123
78 136
78 147
78 157
78 163
78 165
78 166
78 173
78 174
79 81
79 82
79 84
79 96
79 99
79 103
79 106
79 107
79 113
79 115
79 117
79 118
79 128
79 134
79 142
79 147
79 150
79 167
79 173
80 86
80 95
80 105
80 107
80 109
80 112
80 121
80 123
80 129
80 132
80 133
80 142
80 144
80 147
80 150
80 152
80 153
80 156
80 169
80 172
81 85
81 88
81 92
81 94
81 95
81 99
81 103
81 115
81 116
81 130
81 132
81 134
81 156
81 158
81 163
81 164
81 167
81 169
81 170
81 171
82 92
82 118
82 119
82 126
82 137
82 138
82 141
82 153
82 155
82 159
82 165
83 86
83 89
83 112
83 113
83 123
83 137
83 144
83 153
83 161
83 163
83 166
83 173
84 95
84 96
84 99
84 116
84 125
84 133
84 135
84 136
84 139
84 148
84 161
84 166
85 98
85 99
85 101
85 128
85 132
85 135
85 136
85 137
85 141
85 143
85 145
85 159
85 161
85 163
85 165
85 168
85 173
86 89
86 107
86 113
86 115
86 123
86 124
86 133
86 134
86 135
86 136
86 137
86 141
86 153
86 161
86 169
87 91
87 99
87 105
87 116
87 121
87 123
87 136
87 137
87 138
87 142
87 145
87 147
87 151
87 162
87 163
88 93
88 100
88 108
88 116
88 120
88 126
88 129
88 139
88 142
88 144
88 148
88 150
88 151
88 152
88 153
88 158
88 164
88 165
88 167
88 172
88 173
89 99
89 104
89 106
89 111
89 116
89 119
89 129
89 132
89 139
89 142
89 143
89 148
89 149
89 157
89 166
89 169
90 91
90 94
90 110
90 115
90 121
90 124
90 126
90 129
90 132
90 133
90 136
90 137
90 141
90 149
90 155
91 96
91 99
91 103
91 105
91 116
91 118
91 121
91 131
91 136
91 137
91 140
91 148
91 149
91 152
91 154
91 155
91 165
91 168
91 170
91 174
92 93
92 94
92 101
92 103
92 105
92 109
92 111
92 114
92 119
92 120
92 121
92 122
92 125
92 133
92 139
92 141
92 149
92 158
92 159
92 162
92 163
92 171
92 173
93 98
93 100
93 111
93 114
93 117
93 119
93 121
93 123
93 124
93 132
93 135
93 144
93 169
93 172
94 97
94 100
94 101
94 105
94 109
94 112
94 117
94 128
94 129
94 137
94 144
94 153
94 165
94 169
95 97
95 98
95 99
95 105
95 107
95 113
95 116
95 119
95 122
95 129
95 133
95 138
95 140
95 142
95 148
95 162
95 164
95 170
96 97
96 98
96 108
96 114
96 119
96 123
96 126
96 127
96 128
96 131
96 135
96 145
96 147
96 150
96 154
96 157
96 163
96 165
96 166
96 171
97 99
97 108
97 109
97 119
97 128
97 131
97 134
97 135
97 146
97 147
97 161
97 165
97 170
97 174
98 109
98 122
98 124
98 125
98 126
98 128
98 132
98 137
98 139
98 142
98 148
98 152
98 153
98 155
98 156
98 157
98 174
99 100
99 116
99 124
99 126
99 127
99 129
99 133
99 143
99 144
99 150
99 160
99 162
99 163
99 166
99 168
99 170
100 102
100 103
100 106
100 116
100 117
100 133
100 139
100 141
100 144
100 148
100 149
100 153
100 158
100 159
100 162
100 163
101 105
101 106
101 108
101 109
101 110
101 117
101 118
101 128
101 133
101 141
101 143
101 149
101 154
101 155
101 158
101 161
101 163
101 167
101 169
101 170
101 171
101 173
102 106
102 112
102 113
102 116
102 124
102 126
102 133
102 134
102 138
102 139
102 143
102 144
102 148
102 154
102 158
102 159
102 160
102 165
102 166
102 168
102 174
103 105
103 108
103 110
103 113
103 139
103 140
103 160
103 162
104 108
104 109
104 112
104 117
104 118
104 123
104 124
104 127
104 134
104 142
104 143
104 149
104 150
104 151
104 153
104 161
104 164
104 173
105 108
105 113
105 114
105 118
105 128
105 130
105 145
105 146
105 149
105 153
105 154
105 162
105 174
106 109
106 113
106 115
106 125
106 132
106 133
106 135
106 143
106 165
106 172
106 173
107 111
107 125
107 131
107 133
107 134
107 136
107 139
107 140
107 148
107 153
107 156
107 161
107 164
107 165
107 172
108 109
108 110
108 111
108 113
108 114
108 131
108 134
108 139
108 143
108 146
108 149
108 150
108 152
108 154
108 157
108 161
108 165
108 171
108 172
108 173
109 116
109 118
109 119
109 122
109 145
109 146
109 147
109 155
109 164
110 125
110 129
110 137
110 143
110 144
110 155
110 158
110 159
111 114
111 122
111 131
111 138
111 141
111 142
111 144
111 145
111 148
111 160
111 168
111 173
112 113
112 114
112 117
112 119
112 135
112 138
112 143
112 144
112 151
112 155
112 162
112 163
112 171
113 116
113 122
113 129
113 135
113 138
113 139
113 141
113 142
113 151
113 153
113 154
113 158
113 165
113 173
114 117
114 119
114 120
114 124
114 128
114 134
114 144
114 145
114 146
114 147
114 156
114 158
114 166
114 170
115 121
115 125
115 128
115 130
115 143
115 148
115 150
115 154
115 156
115 166
115 172
116 126
116 127
116 135
116 136
116 137
116 140
116 142
116 143
116 144
116 147
116 152
116 160
116 163
116 164
116 167
116 172
117 118
117 124
117 128
117 130
117 133
117 139
117 148
117 160
117 163
117 165
117 169
117 174
118 120
118 122
118 123
118 125
118 135
118 147
118 155
118 156
118 157
118 167
118 168
118 169
119 133
119 137
119 144
119 146
119 155
119 163
119 171
119 173
120 121
120 127
120 129
120 142
120 143
120 155
120 158
120 159
120 168
121 126
121 127
121 136
121 137
121 139
121 154
121 156
121 160
121 168
121 174
122 130
122 132
122 141
122 146
122 150
122 151
122 168
122 171
123 128
123 130
123 134
123 137
123 152
123 156
123 160
123 168
123 174
124 125
124 126
124 153
124 157
124 165
124 166
125 134
125 138
125 143
125 144
125 149
125 150
126 132
126 134
126 136
126 138
126 141
126 144
127 130
127 146
127 150
127 155
127 166
127 170
128 131
128 132
128 140
128 143
128 145
128 146
128 155
128 158
128 160
128 162
128 171
128 173
129 137
129 138
129 148
129 158
129 163
129 169
130 137
130 138
130 147
130 148
130 149
130 150
130 153
130 162
130 163
130 168
131 136
131 137
131 145
131 148
131 150
131 153
131 158
131 159
131 163
131 164
131 174
132 135
132 137
132 143
132 147
132 155
132 163
132 168
133 135
133 138
133 147
133 154
133 158
133 166
133 170
133 174
134 150
134 152
134 155
134 156
134 169
134 170
134 174
135 141
135 142
135 151
135 153
135 159
135 164
135 166
136 141
136 142
136 152
136 165
136 167
136 168
136 169
137 138
137 139
137 141
137 142
137 143
137 144
137 148
137 151
137 152
137 160
137 163
137 169
137 172
138 139
138 143
138 153
138 154
138 160
138 161
138 163
138 164
138 167
138 170
139 140
139 141
139 154
139 160
139 162
139 166
139 173
139 174
140 156
140 163
140 165
140 166
140 168
140 173
141 143
141 148
141 158
141 161
141 162
141 165
141 170
142 148
142 150
142 153
142 154
142 159
142 162
142 166
142 172
143 145
143 159
143 164
143 165
143 168
143 173
144 147
144 152
144 153
144 159
144 170
144 173
145 148
145 158
145 163
145 168
145 169
145 174
146 148
146 150
146 152
146 154
146 160
146 164
146 166
146 170
147 149
147 150
147 157
147 159
147 163
147 166
147 173
148 150
148 174
149 150
149 161
149 164
149 166
150 154
150 157
150 162
150 163
150 166
151 153
151 155
151 157
151 158
151 167
151 168
151 170
152 153
152 161
152 163
152 165
152 173
153 159
153 163
153 165
153 167
153 169
154 156
154 157
154 159
154 161
154 170
154 174
155 159
155 161
155 170
156 174
157 161
157 164
157 167
157 170
158 159
158 169
158 174
159 165
159 172
161 165
162 163
162 170
162 174
163 167
163 169
164 169
164 171
165 166
165 168
166 167
166 173
166 174
167 172
168 171
171 172
172 173
173 174
