0 1
0 3
0 4
0 10
0 12
0 14
0 18
0 19
0 22
0 23
0 24
1 3
1 4
1 6
1 8
1 11
1 14
1 15
1 16
1 17
1 18
1 19
1 21
2 3
2 5
2 6
2 8
2 11
2 12
2 13
2 14
2 15
2 18
2 19
2 20
3 4
3 5
3 6
3 7
3 8
3 9
3 10
3 12
3 14
3 16
3 17
3 18
3 19
3 21
3 22
4 5
4 7
4 9
4 13
4 14
4 16
4 17
4 19
4 21
4 22
4 24
5 6
5 7
5 8
5 12
5 13
5 15
5 18
5 20
5 23
6 7
6 8
6 9
6 10
6 14
6 17
6 19
6 20
6 21
6 24
7 10
7 11
7 12
7 14
7 15
7 16
7 18
7 19
7 21
7 24
8 9
8 10
8 11
8 12
8 17
8 18
8 19
8 21
9 10
9 11
9 12
9 13
9 16
9 19
9 20
9 23
9 24
10 16
10 17
10 18
10 19
10 20
10 21
10 24
11 13
11 15
11 19
11 20
11 21
11 23
12 19
12 20
12 21
12 23
12 24
13 15
13 16
13 18
13 22
13 23
13 24
14 15
14 18
14 21
14 24
15 18
15 22
15 24
16 18
16 20
16 21
16 22
17 19
17 20
17 23
18 19
18 20
18 21
19 20
19 21
19 22
19 23
20 22
20 23
21 22
21 23
21 24
22 24
23 24
