0 2
0 6
0 9
0 10
0 14
0 26
0 32
0 41
0 42
0 68
0 72
0 79
0 81
0 82
0 88
0 89
0 98
0 99
0 100
0 104
0 108
0 109
0 112
0 113
0 117
0 126
0 129
0 142
0 144
0 145
0 146
0 149
0 157
0 159
0 162
0 166
0 168
0 171
0 176
0 182
0 189
0 192
0 203
0 213
0 221
0 222
0 231
0 232
0 236
0 237
0 239
0 242
0 244
1 9
1 14
1 17
1 23
1 30
1 44
1 73
1 79
1 83
1 84
1 85
1 92
1 101
1 103
1 105
1 113
1 124
1 127
1 129
1 131
1 141
1 144
1 151
1 161
1 163
1 181
1 185
1 187
1 201
1 209
1 212
1 213
1 217
1 222
1 229
1 230
1 232
1 233
1 234
1 238
1 241
1 242
1 249
2 11
2 16
2 19
2 29
2 30
2 31
2 33
2 36
2 37
2 48
2 50
2 53
2 55
2 60
2 66
2 67
2 69
2 70
2 75
2 79
2 84
2 93
2 105
2 109
2 112
2 115
2 116
2 125
2 131
2 132
2 134
2 135
2 140
2 148
2 150
2 162
2 173
2 174
2 176
2 188
2 189
2 194
2 198
2 203
2 204
2 207
2 209
2 216
2 232
2 236
2 240
2 243
2 247
2 248
2 249
3 8
3 10
3 16
3 17
3 19
3 21
3 25
3 30
3 34
3 36
3 40
3 43
3 48
3 56
3 59
3 70
3 71
3 73
3 74
3 76
3 77
3 78
3 87
3 88
3 89
3 96
3 106
3 108
3 113
3 116
3 120
3 125
3 139
3 150
3 160
3 161
3 173
3 176
3 181
3 182
3 183
3 189
3 191
3 192
3 200
3 207
3 212
3 213
3 214
3 215
3 222
3 224
3 232
3 236
3 237
3 242
3 243
3 248
4 5
4 11
4 12
4 15
4 20
4 22
4 26
4 31
4 33
4 39
4 40
4 42
4 47
4 55
4 59
4 61
4 66
4 67
4 69
4 71
4 72
4 92
4 94
4 101
4 102
4 105
4 108
4 112
4 116
4 120
4 129
4 134
4 139
4 144
4 145
4 147
4 149
4 159
4 165
4 168
4 169
4 172
4 174
4 176
4 177
4 184
4 186
4 188
4 192
4 196
4 198
4 201
4 211
4 222
4 227
4 229
4 245
5 8
5 9
5 10
5 13
5 20
5 22
5 29
5 35
5 39
5 41
5 46
5 58
5 65
5 68
5 70
5 78
5 84
5 86
5 98
5 122
5 127
5 130
5 131
5 135
5 141
5 157
5 163
5 164
5 170
5 172
5 176
5 182
5 201
5 207
5 208
5 225
5 228
5 235
5 236
5 238
5 244
5 249
6 10
6 12
6 15
6 17
6 18
6 19
6 20
6 29
6 34
6 46
6 47
6 56
6 75
6 81
6 108
6 116
6 118
6 124
6 126
6 127
6 140
6 153
6 158
6 161
6 166
6 168
6 173
6 177
6 193
6 199
6 211
6 219
6 224
6 227
6 231
6 233
6 235
6 236
6 237
6 243
7 11
7 20
7 21
7 26
7 29
7 31
7 40
7 41
7 42
7 52
7 58
7 69
7 85
7 88
7 91
7 99
7 103
7 113
7 115
7 121
7 124
7 127
7 132
7 139
7 146
7 148
7 150
7 152
7 153
7 164
7 168
7 175
7 176
7 183
7 184
7 189
7 192
7 194
7 196
7 199
7 200
7 207
7 225
7 226
7 227
7 228
7 234
7 238
7 239
7 248
8 20
8 23
8 32
8 39
8 42
8 44
8 46
8 47
8 58
8 62
8 81
8 83
8 85
8 87
8 88
8 91
8 93
8 110
8 119
8 120
8 121
8 131
8 136
8 141
8 149
8 152
8 155
8 158
8 173
8 174
8 175
8 178
8 180
8 184
8 185
8 187
8 194
8 202
8 208
8 211
8 212
8 216
8 227
8 228
8 230
8 235
8 240
9 14
9 21
9 22
9 26
9 28
9 31
9 35
9 37
9 39
9 41
9 43
9 47
9 49
9 50
9 58
9 59
9 62
9 70
9 73
9 76
9 82
9 87
9 90
9 100
9 103
9 105
9 108
9 117
9 122
9 131
9 143
9 144
9 152
9 155
9 160
9 169
9 170
9 176
9 181
9 184
9 186
9 189
9 200
9 201
9 204
9 211
9 212
9 214
9 215
9 219
9 220
9 221
9 241
10 17
10 18
10 19
10 20
10 22
10 34
10 38
10 44
10 46
10 52
10 59
10 62
10 72
10 73
10 76
10 78
10 82
10 85
10 86
10 91
10 94
10 99
10 103
10 104
10 111
10 117
10 121
10 123
10 125
10 127
10 132
10 136
10 141
10 144
10 146
10 152
10 154
10 155
10 159
10 161
10 171
10 175
10 176
10 180
10 181
10 200
10 204
10 206
10 220
10 223
10 233
10 238
10 239
10 240
10 241
10 244
10 248
10 249
11 17
11 24
11 25
11 29
11 30
11 52
11 53
11 56
11 61
11 65
11 74
11 79
11 80
11 82
11 84
11 86
11 92
11 110
11 115
11 116
11 119
11 126
11 129
11 134
11 138
11 157
11 160
11 175
11 179
11 180
11 189
11 197
11 198
11 209
11 210
11 211
11 213
11 214
11 218
11 222
11 223
11 236
11 238
12 19
12 21
12 22
12 23
12 31
12 37
12 38
12 39
12 44
12 48
12 49
12 56
12 65
12 68
12 71
12 82
12 87
12 94
12 113
12 114
12 115
12 120
12 121
12 125
12 133
12 135
12 146
12 147
12 148
12 149
12 153
12 162
12 163
12 170
12 173
12 174
12 182
12 183
12 199
12 208
12 211
12 212
12 214
12 223
12 228
12 233
12 237
12 240
12 241
12 243
12 245
12 246
13 16
13 36
13 40
13 41
13 43
13 46
13 48
13 54
13 56
13 70
13 75
13 80
13 81
13 82
13 89
13 95
13 103
13 104
13 113
13 115
13 116
13 119
13 123
13 139
13 148
13 150
13 153
13 155
13 156
13 158
13 159
13 161
13 162
13 164
13 170
13 172
13 177
13 182
13 184
13 190
13 198
13 202
13 207
13 244
13 245
13 247
14 17
14 24
14 27
14 30
14 38
14 39
14 41
14 45
14 53
14 58
14 70
14 73
14 78
14 85
14 92
14 96
14 103
14 107
14 108
14 117
14 118
14 119
14 124
14 131
14 136
14 138
14 141
14 151
14 152
14 153
14 157
14 159
14 170
14 171
14 172
14 175
14 176
14 180
14 182
14 200
14 204
14 212
14 213
14 218
14 219
14 220
14 229
14 240
14 241
14 242
14 246
14 247
15 20
15 26
15 28
15 31
15 32
15 38
15 43
15 46
15 48
15 50
15 53
15 55
15 59
15 61
15 73
15 74
15 78
15 80
15 86
15 91
15 92
15 104
15 105
15 108
15 115
15 118
15 121
15 125
15 140
15 143
15 144
15 147
15 189
15 199
15 204
15 206
15 209
15 215
15 217
15 232
15 234
15 237
15 243
15 246
16 28
16 40
16 45
16 47
16 50
16 63
16 71
16 75
16 76
16 80
16 83
16 86
16 88
16 91
16 98
16 107
16 118
16 121
16 130
16 136
16 139
16 156
16 160
16 161
16 166
16 167
16 170
16 178
16 184
16 186
16 194
16 199
16 203
16 204
16 205
16 208
16 221
16 223
16 229
16 235
16 238
16 240
17 23
17 27
17 28
17 29
17 32
17 33
17 35
17 41
17 42
17 49
17 53
17 64
17 68
17 76
17 78
17 86
17 92
17 102
17 103
17 108
17 119
17 130
17 137
17 138
17 140
17 143
17 147
17 149
17 161
17 175
17 182
17 183
17 188
17 190
17 195
17 196
17 203
17 208
17 216
17 219
17 239
17 241
17 243
17 248
18 19
18 23
18 25
18 29
18 38
18 50
18 58
18 68
18 74
18 79
18 87
18 95
18 96
18 100
18 101
18 106
18 107
18 110
18 113
18 114
18 115
18 122
18 146
18 148
18 152
18 161
18 162
18 165
18 175
18 177
18 179
18 181
18 183
18 195
18 203
18 211
18 213
18 227
18 229
18 233
18 236
18 237
18 247
18 248
19 24
19 27
19 32
19 59
19 61
19 63
19 65
19 72
19 74
19 79
19 87
19 91
19 96
19 108
19 110
19 112
19 114
19 116
19 127
19 142
19 150
19 159
19 161
19 168
19 178
19 183
19 200
19 202
19 204
19 206
19 208
19 211
19 216
19 220
19 221
19 232
19 238
19 241
19 247
20 21
20 23
20 36
20 51
20 52
20 58
20 60
20 66
20 67
20 71
20 89
20 92
20 94
20 97
20 98
20 99
20 114
20 118
20 121
20 123
20 129
20 134
20 147
20 161
20 165
20 172
20 178
20 183
20 187
20 188
20 198
20 206
20 207
20 236
20 237
20 242
20 247
20 249
21 28
21 40
21 42
21 44
21 47
21 50
21 51
21 67
21 74
21 77
21 78
21 80
21 85
21 86
21 96
21 98
21 105
21 117
21 118
21 119
21 120
21 132
21 154
21 155
21 162
21 167
21 168
21 175
21 177
21 184
21 201
21 208
21 215
21 219
21 222
21 227
21 230
21 231
21 244
21 248
22 27
22 39
22 48
22 50
22 56
22 66
22 69
22 72
22 74
22 77
22 78
22 80
22 84
22 92
22 100
22 102
22 112
22 119
22 123
22 124
22 125
22 136
22 137
22 138
22 139
22 143
22 148
22 151
22 156
22 160
22 164
22 166
22 167
22 180
22 212
22 213
22 218
22 224
22 230
22 232
22 236
22 238
22 245
22 247
23 26
23 28
23 38
23 40
23 41
23 47
23 52
23 58
23 59
23 60
23 62
23 66
23 70
23 71
23 72
23 84
23 86
23 91
23 111
23 115
23 119
23 125
23 129
23 130
23 136
23 142
23 146
23 148
23 150
23 155
23 156
23 178
23 201
23 206
23 208
23 214
23 223
23 228
23 236
23 240
23 245
24 27
24 28
24 33
24 34
24 48
24 49
24 50
24 51
24 52
24 54
24 64
24 73
24 76
24 80
24 81
24 86
24 90
24 91
24 94
24 98
24 99
24 102
24 103
24 106
24 109
24 122
24 125
24 126
24 129
24 158
24 160
24 161
24 186
24 194
24 199
24 209
24 213
24 218
24 231
24 238
24 239
24 246
24 248
25 26
25 36
25 38
25 39
25 40
25 44
25 52
25 55
25 57
25 61
25 63
25 71
25 73
25 74
25 77
25 79
25 82
25 88
25 91
25 92
25 102
25 120
25 127
25 130
25 132
25 137
25 138
25 139
25 143
25 151
25 153
25 156
25 165
25 171
25 175
25 177
25 190
25 193
25 195
25 203
25 205
25 209
25 210
25 212
25 218
25 222
25 232
25 235
25 236
25 237
25 245
25 246
26 34
26 35
26 38
26 41
26 45
26 50
26 54
26 59
26 62
26 63
26 67
26 77
26 87
26 95
26 98
26 104
26 109
26 110
26 111
26 114
26 115
26 117
26 121
26 128
26 146
26 153
26 155
26 164
26 166
26 167
26 174
26 176
26 181
26 186
26 191
26 195
26 197
26 199
26 214
26 216
26 217
26 220
26 231
26 235
26 238
26 240
27 33
27 34
27 49
27 52
27 54
27 55
27 57
27 61
27 70
27 85
27 92
27 97
27 100
27 101
27 112
27 116
27 125
27 129
27 138
27 139
27 142
27 143
27 144
27 153
27 159
27 162
27 164
27 172
27 174
27 175
27 183
27 185
27 186
27 198
27 203
27 206
27 209
27 212
27 214
27 222
27 231
27 236
27 240
27 241
28 31
28 38
28 53
28 60
28 61
28 67
28 74
28 79
28 80
28 81
28 87
28 90
28 93
28 102
28 106
28 111
28 124
28 126
28 130
28 140
28 141
28 142
28 144
28 146
28 151
28 152
28 153
28 160
28 166
28 171
28 173
28 180
28 184
28 189
28 191
28 192
28 196
28 198
28 199
28 200
28 201
28 205
28 217
28 221
28 222
28 227
28 232
28 238
28 247
29 38
29 44
29 48
29 49
29 51
29 52
29 54
29 55
29 59
29 65
29 66
29 67
29 75
29 80
29 85
29 87
29 89
29 91
29 93
29 103
29 106
29 110
29 113
29 115
29 120
29 131
29 135
29 136
29 144
29 149
29 150
29 155
29 156
29 163
29 170
29 178
29 190
29 191
29 193
29 201
29 202
29 204
29 210
29 213
29 221
29 228
29 231
29 236
29 238
30 43
30 48
30 50
30 51
30 53
30 54
30 57
30 69
30 73
30 77
30 102
30 108
30 115
30 136
30 138
30 141
30 151
30 154
30 160
30 161
30 167
30 172
30 176
30 177
30 179
30 182
30 187
30 188
30 199
30 202
30 205
30 208
30 210
30 212
30 213
30 219
30 228
30 229
30 233
30 234
30 237
30 242
30 243
30 245
31 34
31 36
31 40
31 48
31 50
31 57
31 60
31 62
31 63
31 66
31 67
31 69
31 74
31 79
31 87
31 89
31 92
31 97
31 109
31 111
31 112
31 122
31 126
31 134
31 140
31 141
31 147
31 149
31 153
31 156
31 159
31 164
31 173
31 179
31 185
31 188
31 192
31 194
31 198
31 199
31 201
31 213
31 218
31 221
31 225
31 228
31 234
32 36
32 42
32 44
32 56
32 58
32 69
32 71
32 75
32 80
32 85
32 102
32 110
32 112
32 113
32 120
32 123
32 124
32 129
32 131
32 137
32 141
32 146
32 150
32 153
32 157
32 167
32 202
32 209
32 214
32 215
32 224
32 229
32 241
32 244
32 245
32 248
33 37
33 39
33 42
33 48
33 49
33 56
33 74
33 77
33 85
33 90
33 96
33 99
33 100
33 101
33 103
33 106
33 109
33 113
33 117
33 118
33 120
33 122
33 127
33 131
33 137
33 138
33 141
33 146
33 148
33 149
33 151
33 157
33 161
33 163
33 172
33 176
33 187
33 190
33 196
33 197
33 202
33 205
33 211
33 222
33 232
33 243
33 245
33 248
34 35
34 43
34 46
34 48
34 55
34 56
34 61
34 71
34 72
34 73
34 82
34 90
34 91
34 100
34 102
34 103
34 104
34 112
34 114
34 116
34 121
34 123
34 126
34 129
34 140
34 144
34 147
34 155
34 159
34 160
34 161
34 164
34 166
34 168
34 175
34 176
34 180
34 181
34 185
34 188
34 193
34 203
34 214
34 217
34 228
34 234
34 243
35 38
35 42
35 43
35 45
35 50
35 53
35 62
35 63
35 67
35 82
35 87
35 89
35 96
35 100
35 103
35 106
35 107
35 112
35 118
35 120
35 127
35 131
35 143
35 146
35 147
35 149
35 151
35 153
35 161
35 167
35 170
35 174
35 184
35 196
35 198
35 200
35 205
35 206
35 207
35 218
35 221
35 222
35 226
35 231
35 239
35 242
35 245
36 43
36 48
36 55
36 56
36 60
36 62
36 64
36 69
36 74
36 78
36 90
36 118
36 124
36 125
36 132
36 137
36 146
36 156
36 160
36 168
36 174
36 185
36 186
36 191
36 194
36 200
36 204
36 210
36 215
36 219
36 222
36 232
36 244
36 248
37 40
37 56
37 66
37 68
37 82
37 91
37 92
37 93
37 95
37 99
37 109
37 112
37 114
37 120
37 137
37 138
37 143
37 144
37 146
37 153
37 154
37 169
37 173
37 179
37 183
37 184
37 185
37 188
37 199
37 206
37 208
37 210
37 212
37 214
37 223
37 225
38 42
38 49
38 50
38 64
38 65
38 70
38 78
38 83
38 86
38 87
38 93
38 107
38 111
38 120
38 122
38 125
38 129
38 130
38 138
38 149
38 150
38 152
38 153
38 165
38 169
38 171
38 178
38 181
38 183
38 184
38 198
38 202
38 219
38 221
38 226
38 230
38 236
38 247
39 50
39 59
39 69
39 72
39 81
39 83
39 89
39 92
39 102
39 104
39 105
39 108
39 109
39 111
39 118
39 121
39 136
39 141
39 150
39 152
39 156
39 180
39 188
39 189
39 194
39 195
39 198
39 203
39 209
39 211
39 214
39 216
39 237
39 238
39 242
40 41
40 47
40 53
40 59
40 61
40 71
40 74
40 78
40 85
40 87
40 95
40 101
40 110
40 126
40 134
40 153
40 161
40 163
40 175
40 178
40 184
40 187
40 190
40 191
40 211
40 221
40 223
40 229
40 235
40 238
40 246
41 48
41 56
41 72
41 84
41 85
41 102
41 113
41 117
41 118
41 128
41 132
41 134
41 137
41 138
41 145
41 151
41 153
41 154
41 157
41 166
41 170
41 182
41 183
41 189
41 204
41 209
41 222
41 223
41 225
41 232
41 235
41 236
41 239
41 245
41 246
42 44
42 53
42 54
42 57
42 64
42 76
42 97
42 102
42 103
42 105
42 108
42 116
42 128
42 134
42 138
42 140
42 141
42 143
42 145
42 149
42 152
42 156
42 157
42 161
42 166
42 181
42 188
42 189
42 191
42 195
42 196
42 197
42 207
42 211
42 213
42 214
42 215
42 218
42 225
42 232
42 237
42 248
43 44
43 51
43 55
43 64
43 70
43 76
43 79
43 82
43 91
43 100
43 111
43 112
43 120
43 126
43 136
43 137
43 138
43 148
43 150
43 156
43 157
43 158
43 166
43 168
43 184
43 191
43 193
43 215
43 218
43 224
43 232
43 234
43 236
43 239
43 242
43 246
44 48
44 51
44 53
44 54
44 55
44 57
44 62
44 65
44 79
44 82
44 84
44 85
44 93
44 96
44 98
44 101
44 102
44 129
44 130
44 142
44 151
44 153
44 156
44 160
44 166
44 180
44 188
44 191
44 192
44 194
44 196
44 197
44 202
44 209
44 215
44 249
45 46
45 47
45 56
45 63
45 74
45 76
45 79
45 80
45 82
45 83
45 85
45 87
45 100
45 101
45 106
45 109
45 110
45 120
45 124
45 126
45 127
45 129
45 134
45 138
45 139
45 141
45 144
45 147
45 164
45 170
45 175
45 177
45 180
45 185
45 192
45 197
45 201
45 203
45 204
45 211
45 215
45 231
45 233
45 234
45 240
45 241
45 242
45 249
46 50
46 60
46 70
46 71
46 73
46 76
46 90
46 91
46 92
46 94
46 99
46 102
46 106
46 108
46 110
46 111
46 112
46 118
46 123
46 128
46 144
46 145
46 148
46 150
46 154
46 156
46 159
46 160
46 161
46 163
46 167
46 174
46 176
46 177
46 187
46 196
46 199
46 200
46 202
46 204
46 205
46 207
46 208
46 212
46 215
46 216
46 220
46 221
46 226
46 229
46 237
46 241
47 52
47 56
47 59
47 62
47 63
47 65
47 74
47 79
47 85
47 88
47 94
47 98
47 103
47 105
47 108
47 109
47 117
47 118
47 122
47 124
47 130
47 131
47 138
47 154
47 170
47 177
47 190
47 191
47 208
47 210
47 211
47 213
47 214
47 222
47 227
47 232
47 234
47 242
48 50
48 55
48 57
48 67
48 73
48 80
48 90
48 92
48 97
48 98
48 107
48 112
48 114
48 118
48 120
48 122
48 123
48 124
48 127
48 132
48 133
48 143
48 147
48 153
48 157
48 161
48 164
48 168
48 199
48 204
48 205
48 206
48 209
48 221
48 222
48 225
48 230
48 234
48 237
48 245
48 247
49 61
49 62
49 63
49 69
49 74
49 80
49 88
49 92
49 94
49 106
49 107
49 112
49 117
49 120
49 136
49 137
49 142
49 158
49 161
49 163
49 165
49 175
49 179
49 182
49 185
49 186
49 199
49 200
49 202
49 207
49 209
49 221
49 224
49 225
49 232
49 234
49 239
49 242
50 61
50 70
50 71
50 87
50 90
50 95
50 97
50 99
50 112
50 118
50 121
50 122
50 127
50 129
50 130
50 141
50 150
50 151
50 156
50 157
50 159
50 161
50 165
50 196
50 200
50 201
50 203
50 210
50 214
50 215
50 216
50 230
50 235
50 245
50 249
51 68
51 73
51 74
51 76
51 80
51 81
51 85
51 90
51 94
51 108
51 110
51 116
51 117
51 118
51 122
51 123
51 124
51 127
51 136
51 137
51 147
51 188
51 191
51 193
51 201
51 207
51 208
51 218
51 230
51 233
51 234
51 239
51 248
52 74
52 75
52 81
52 83
52 84
52 85
52 87
52 97
52 103
52 109
52 112
52 114
52 121
52 127
52 130
52 135
52 146
52 161
52 164
52 172
52 175
52 182
52 184
52 187
52 188
52 199
52 200
52 210
52 222
52 231
52 235
52 236
52 238
52 242
52 245
52 249
53 59
53 60
53 71
53 76
53 77
53 83
53 87
53 95
53 97
53 106
53 111
53 119
53 121
53 128
53 129
53 132
53 133
53 144
53 159
53 160
53 164
53 168
53 180
53 181
53 193
53 194
53 199
53 200
53 201
53 207
53 208
53 212
53 214
53 218
53 231
53 234
53 240
53 242
53 245
54 58
54 75
54 84
54 87
54 91
54 99
54 110
54 119
54 120
54 125
54 129
54 136
54 137
54 143
54 147
54 151
54 152
54 153
54 155
54 170
54 179
54 182
54 186
54 190
54 213
54 214
54 220
54 238
55 59
55 79
55 81
55 83
55 93
55 96
55 98
55 109
55 112
55 115
55 116
55 117
55 119
55 122
55 127
55 131
55 134
55 135
55 138
55 143
55 148
55 150
55 160
55 161
55 168
55 178
55 181
55 192
55 197
55 203
55 206
55 208
55 209
55 224
55 226
55 229
55 230
55 232
55 238
55 239
55 242
55 246
55 247
56 63
56 64
56 71
56 73
56 77
56 82
56 83
56 88
56 93
56 110
56 126
56 129
56 130
56 131
56 132
56 137
56 139
56 144
56 154
56 163
56 167
56 169
56 173
56 174
56 183
56 184
56 186
56 200
56 201
56 210
56 212
56 216
56 228
56 233
56 234
56 235
56 239
56 244
56 245
56 248
57 60
57 70
57 71
57 75
57 80
57 81
57 82
57 87
57 111
57 114
57 115
57 116
57 118
57 119
57 127
57 128
57 133
57 138
57 143
57 147
57 152
57 162
57 164
57 176
57 178
57 182
57 194
57 196
57 199
57 204
57 211
57 214
57 236
57 237
58 64
58 66
58 70
58 75
58 85
58 87
58 99
58 103
58 104
58 106
58 112
58 113
58 114
58 118
58 119
58 127
58 137
58 138
58 140
58 146
58 161
58 162
58 163
58 166
58 167
58 173
58 177
58 179
58 182
58 191
58 195
58 200
58 204
58 209
58 212
58 214
58 218
58 222
58 228
58 229
58 236
58 237
58 243
58 244
59 65
59 69
59 74
59 82
59 84
59 86
59 93
59 96
59 101
59 104
59 108
59 113
59 118
59 122
59 123
59 128
59 130
59 140
59 149
59 158
59 162
59 163
59 164
59 168
59 169
59 172
59 179
59 182
59 191
59 193
59 215
59 216
59 217
59 222
59 233
59 237
59 238
59 240
59 241
59 244
59 245
59 246
59 248
59 249
60 61
60 63
60 64
60 70
60 73
60 76
60 77
60 88
60 98
60 106
60 109
60 130
60 137
60 146
60 159
60 164
60 171
60 172
60 173
60 176
60 177
60 183
60 184
60 192
60 193
60 197
60 205
60 208
60 209
60 214
60 224
60 226
60 231
60 234
60 236
60 237
60 240
60 241
60 247
60 249
61 63
61 66
61 69
61 76
61 79
61 81
61 85
61 88
61 91
61 101
61 115
61 125
61 130
61 141
61 144
61 145
61 154
61 160
61 162
61 164
61 165
61 180
61 183
61 191
61 194
61 204
61 213
61 217
61 227
61 237
61 238
61 242
61 245
61 248
62 64
62 69
62 70
62 74
62 82
62 89
62 94
62 99
62 101
62 102
62 103
62 106
62 109
62 111
62 112
62 114
62 119
62 123
62 137
62 138
62 139
62 142
62 147
62 165
62 172
62 174
62 175
62 191
62 194
62 201
62 202
62 206
62 213
62 217
62 221
62 222
62 227
62 229
62 230
62 231
62 233
62 246
63 64
63 67
63 70
63 77
63 79
63 80
63 83
63 88
63 90
63 92
63 93
63 94
63 95
63 101
63 106
63 111
63 112
63 122
63 124
63 131
63 132
63 134
63 139
63 147
63 170
63 172
63 183
63 198
63 199
63 200
63 208
63 210
63 224
63 225
63 233
63 235
63 238
63 241
63 242
63 244
63 245
64 80
64 82
64 85
64 87
64 88
64 90
64 91
64 93
64 97
64 98
64 104
64 107
64 111
64 114
64 125
64 127
64 128
64 130
64 134
64 137
64 142
64 143
64 147
64 154
64 162
64 174
64 183
64 194
64 203
64 207
64 209
64 226
64 233
64 234
64 241
64 242
64 249
65 67
65 75
65 77
65 88
65 89
65 90
65 92
65 94
65 95
65 97
65 98
65 101
65 102
65 107
65 108
65 114
65 115
65 124
65 126
65 131
65 133
65 139
65 145
65 152
65 165
65 169
65 171
65 183
65 197
65 203
65 207
65 214
65 222
65 233
65 237
65 238
65 247
66 68
66 71
66 73
66 84
66 87
66 89
66 91
66 108
66 121
66 128
66 131
66 135
66 140
66 142
66 145
66 158
66 160
66 161
66 180
66 182
66 191
66 200
66 204
66 206
66 207
66 215
66 218
66 224
66 228
66 232
66 235
66 249
67 70
67 80
67 81
67 86
67 92
67 94
67 96
67 101
67 103
67 105
67 111
67 117
67 124
67 127
67 132
67 133
67 134
67 142
67 144
67 146
67 154
67 159
67 161
67 170
67 172
67 174
67 178
67 194
67 204
67 206
67 213
67 216
67 220
67 223
67 224
67 228
67 233
67 237
67 242
68 69
68 71
68 84
68 87
68 90
68 93
68 99
68 101
68 102
68 106
68 107
68 109
68 115
68 116
68 117
68 129
68 139
68 143
68 146
68 159
68 160
68 163
68 167
68 169
68 181
68 186
68 190
68 198
68 206
68 215
68 223
68 226
68 233
68 237
68 238
68 240
68 244
69 73
69 86
69 87
69 93
69 96
69 99
69 101
69 102
69 107
69 114
69 116
69 119
69 120
69 126
69 130
69 135
69 138
69 139
69 155
69 159
69 163
69 167
69 176
69 185
69 186
69 189
69 190
69 192
69 194
69 196
69 197
69 199
69 200
69 208
69 211
69 215
69 216
69 225
69 233
69 241
69 247
70 74
70 76
70 82
70 89
70 93
70 99
70 101
70 107
70 112
70 115
70 121
70 125
70 126
70 147
70 151
70 169
70 175
70 176
70 177
70 181
70 187
70 193
70 197
70 202
70 203
70 205
70 210
70 211
70 213
70 217
70 223
70 225
70 227
70 228
70 231
70 242
70 249
71 73
71 90
71 91
71 100
71 101
71 105
71 113
71 122
71 124
71 131
71 132
71 134
71 144
71 148
71 154
71 162
71 172
71 181
71 185
71 190
71 200
71 203
71 206
71 209
71 210
71 226
71 231
71 241
71 248
72 75
72 84
72 85
72 87
72 92
72 94
72 102
72 121
72 124
72 127
72 129
72 136
72 139
72 140
72 150
72 151
72 153
72 165
72 166
72 176
72 178
72 185
72 200
72 203
72 212
72 215
72 236
72 238
73 83
73 92
73 95
73 96
73 98
73 102
73 109
73 112
73 118
73 127
73 128
73 133
73 139
73 145
73 159
73 161
73 163
73 170
73 174
73 179
73 192
73 205
73 213
73 219
73 222
73 235
73 236
74 84
74 90
74 92
74 93
74 104
74 113
74 122
74 123
74 126
74 128
74 129
74 135
74 147
74 154
74 155
74 162
74 164
74 175
74 176
74 178
74 181
74 187
74 189
74 195
74 196
74 197
74 200
74 202
74 214
74 228
74 230
74 238
74 240
74 242
74 246
75 79
75 81
75 85
75 87
75 91
75 95
75 104
75 106
75 108
75 112
75 113
75 118
75 121
75 127
75 137
75 142
75 154
75 167
75 170
75 171
75 173
75 181
75 188
75 190
75 194
75 199
75 205
75 206
75 218
75 221
75 222
75 227
75 233
75 234
75 243
76 78
76 83
76 88
76 92
76 93
76 99
76 100
76 106
76 116
76 119
76 120
76 123
76 127
76 130
76 131
76 132
76 133
76 147
76 148
76 152
76 159
76 168
76 170
76 173
76 175
76 178
76 181
76 183
76 184
76 195
76 197
76 198
76 201
76 212
76 215
76 223
76 229
76 232
76 236
76 239
76 244
76 246
77 80
77 83
77 84
77 87
77 92
77 108
77 111
77 116
77 118
77 128
77 129
77 134
77 141
77 144
77 154
77 160
77 163
77 165
77 166
77 167
77 176
77 179
77 182
77 189
77 193
77 200
77 201
77 202
77 204
77 205
77 214
77 216
77 220
77 223
77 227
77 232
77 246
77 249
78 86
78 97
78 102
78 109
78 110
78 113
78 116
78 122
78 123
78 125
78 128
78 141
78 144
78 150
78 152
78 155
78 161
78 163
78 167
78 171
78 182
78 183
78 184
78 198
78 201
78 210
78 215
78 218
78 220
78 224
78 229
78 230
78 236
78 239
78 249
79 89
79 94
79 100
79 108
79 109
79 112
79 114
79 120
79 136
79 138
79 139
79 144
79 165
79 171
79 172
79 182
79 184
79 189
79 193
79 195
79 196
79 198
79 204
79 207
79 215
79 216
79 217
79 227
79 232
79 239
79 244
79 247
79 249
80 81
80 87
80 89
80 93
80 95
80 97
80 99
80 106
80 114
80 123
80 131
80 145
80 147
80 151
80 159
80 162
80 166
80 176
80 177
80 180
80 181
80 184
80 189
80 209
80 212
80 216
80 217
80 218
80 220
80 225
80 229
80 230
80 233
80 239
80 246
80 248
80 249
81 86
81 88
81 98
81 106
81 122
81 127
81 133
81 134
81 137
81 139
81 144
81 149
81 159
81 160
81 165
81 170
81 180
81 188
81 189
81 202
81 203
81 211
81 212
81 213
81 214
81 220
81 221
81 226
81 233
81 238
81 239
81 243
81 247
82 85
82 86
82 101
82 102
82 104
82 106
82 107
82 111
82 112
82 114
82 117
82 118
82 122
82 126
82 128
82 140
82 147
82 150
82 151
82 154
82 159
82 174
82 175
82 181
82 187
82 193
82 199
82 202
82 203
82 222
82 224
83 84
83 85
83 86
83 89
83 101
83 102
83 109
83 114
83 119
83 128
83 141
83 143
83 147
83 148
83 149
83 151
83 154
83 155
83 172
83 174
83 187
83 189
83 191
83 193
83 200
83 204
83 213
83 216
83 220
83 221
83 223
83 234
83 237
83 238
83 243
83 244
84 88
84 91
84 102
84 108
84 110
84 111
84 114
84 131
84 133
84 134
84 150
84 151
84 158
84 171
84 193
84 197
84 204
84 222
84 223
84 225
84 232
84 233
84 239
84 240
84 245
85 89
85 90
85 93
85 94
85 111
85 114
85 116
85 120
85 123
85 132
85 139
85 143
85 144
85 146
85 152
85 158
85 161
85 167
85 170
85 173
85 176
85 177
85 179
85 180
85 203
85 214
85 219
85 221
85 225
85 228
85 233
85 235
85 237
85 239
85 243
85 245
85 247
86 94
86 100
86 112
86 113
86 114
86 117
86 126
86 130
86 134
86 137
86 140
86 142
86 147
86 148
86 162
86 163
86 164
86 178
86 182
86 186
86 188
86 191
86 192
86 197
86 201
86 203
86 214
86 215
86 216
86 218
86 219
86 221
86 223
86 224
86 234
86 241
86 245
87 89
87 154
87 175
87 178
87 185
87 188
87 193
87 203
87 205
87 216
87 230
87 233
87 243
87 245
88 89
88 95
88 104
88 106
88 111
88 115
88 116
88 118
88 125
88 134
88 137
88 139
88 147
88 149
88 150
88 151
88 155
88 162
88 164
88 169
88 176
88 180
88 185
88 186
88 190
88 191
88 194
88 197
88 200
88 205
88 209
88 216
88 218
88 223
88 231
88 236
88 244
88 247
89 90
89 92
89 94
89 97
89 103
89 117
89 120
89 122
89 134
89 142
89 144
89 145
89 146
89 149
89 152
89 153
89 156
89 161
89 165
89 172
89 175
89 176
89 182
89 183
89 186
89 194
89 195
89 196
89 201
89 203
89 208
89 212
89 216
89 228
89 230
89 237
89 246
89 247
90 91
90 97
90 98
90 99
90 102
90 113
90 114
90 118
90 129
90 132
90 135
90 140
90 157
90 178
90 189
90 193
90 199
90 208
90 209
90 210
90 211
90 228
90 230
90 238
90 242
91 93
91 95
91 96
91 98
91 106
91 112
91 117
91 125
91 128
91 129
91 141
91 155
91 164
91 174
91 178
91 179
91 182
91 184
91 188
91 198
91 201
91 218
91 219
91 223
91 224
91 225
91 227
91 237
91 239
91 244
92 96
92 102
92 108
92 109
92 111
92 113
92 115
92 117
92 120
92 121
92 123
92 128
92 131
92 134
92 143
92 145
92 147
92 150
92 153
92 155
92 157
92 161
92 169
92 170
92 172
92 173
92 175
92 176
92 179
92 180
92 182
92 190
92 191
92 194
92 199
92 202
92 208
92 214
92 218
92 228
92 235
93 98
93 104
93 110
93 114
93 115
93 116
93 120
93 121
93 122
93 123
93 124
93 131
93 132
93 133
93 134
93 146
93 148
93 150
93 152
93 157
93 159
93 161
93 169
93 172
93 173
93 180
93 181
93 184
93 191
93 197
93 199
93 200
93 218
93 219
93 231
93 237
93 239
93 248
94 99
94 101
94 103
94 105
94 106
94 113
94 120
94 122
94 124
94 127
94 129
94 135
94 139
94 141
94 145
94 148
94 152
94 166
94 170
94 173
94 175
94 179
94 182
94 184
94 185
94 189
94 191
94 195
94 197
94 200
94 204
94 207
94 214
94 216
94 218
94 219
94 223
94 228
94 229
94 230
94 240
94 249
95 98
95 99
95 106
95 110
95 111
95 116
95 118
95 120
95 122
95 141
95 146
95 155
95 160
95 163
95 169
95 170
95 174
95 176
95 185
95 187
95 188
95 196
95 197
95 199
95 211
95 212
95 213
95 221
95 224
95 229
95 233
95 234
95 246
95 247
96 100
96 103
96 105
96 109
96 111
96 112
96 113
96 118
96 122
96 126
96 134
96 135
96 145
96 148
96 150
96 158
96 159
96 161
96 162
96 177
96 178
96 184
96 189
96 190
96 195
96 196
96 197
96 201
96 203
96 206
96 212
96 215
96 226
96 227
96 228
96 230
96 232
96 234
96 236
96 237
96 242
96 245
96 248
96 249
97 101
97 102
97 107
97 114
97 125
97 151
97 152
97 153
97 157
97 160
97 171
97 172
97 178
97 181
97 184
97 187
97 192
97 193
97 202
97 204
97 221
97 222
97 225
97 228
97 230
97 239
97 247
98 103
98 110
98 112
98 113
98 114
98 115
98 116
98 117
98 118
98 119
98 125
98 126
98 132
98 133
98 134
98 144
98 146
98 152
98 157
98 177
98 184
98 203
98 204
98 205
98 207
98 215
98 221
98 222
98 229
98 234
99 101
99 109
99 116
99 120
99 121
99 123
99 131
99 142
99 149
99 157
99 159
99 160
99 163
99 166
99 172
99 183
99 190
99 194
99 200
99 204
99 207
99 208
99 210
99 215
99 244
99 246
100 102
100 104
100 113
100 115
100 119
100 121
100 126
100 128
100 135
100 136
100 140
100 150
100 165
100 167
100 184
100 191
100 200
100 205
100 219
100 220
100 228
100 230
100 235
100 236
100 241
100 247
100 248
101 139
101 141
101 142
101 143
101 148
101 151
101 163
101 164
101 169
101 172
101 176
101 183
101 189
101 191
101 209
101 218
101 225
101 232
101 235
101 238
101 239
101 246
102 116
102 125
102 133
102 134
102 136
102 140
102 146
102 166
102 172
102 179
102 185
102 190
102 198
102 203
102 214
102 223
102 229
102 237
102 239
102 243
103 112
103 113
103 115
103 116
103 121
103 122
103 128
103 132
103 139
103 140
103 149
103 153
103 158
103 160
103 167
103 171
103 172
103 181
103 183
103 189
103 190
103 197
103 198
103 199
103 200
103 203
103 210
103 213
103 217
103 222
103 223
103 228
103 229
103 231
103 239
103 244
103 249
104 107
104 121
104 126
104 132
104 143
104 156
104 157
104 160
104 167
104 174
104 195
104 200
104 202
104 203
104 204
104 206
104 217
104 218
104 219
104 227
104 229
104 239
104 249
105 111
105 112
105 119
105 124
105 125
105 132
105 135
105 142
105 149
105 150
105 160
105 162
105 171
105 176
105 178
105 179
105 182
105 187
105 194
105 195
105 199
105 207
105 208
105 211
105 213
105 224
105 229
105 236
105 240
105 244
105 247
106 110
106 113
106 117
106 121
106 127
106 137
106 138
106 148
106 149
106 150
106 163
106 164
106 168
106 169
106 177
106 184
106 192
106 197
106 200
106 202
106 217
106 226
106 232
106 242
107 109
107 110
107 113
107 121
107 122
107 128
107 129
107 137
107 141
107 142
107 149
107 159
107 163
107 170
107 176
107 186
107 190
107 192
107 193
107 198
107 206
107 210
107 212
107 219
107 224
107 226
107 235
107 247
108 111
108 114
108 115
108 120
108 121
108 124
108 127
108 131
108 134
108 140
108 141
108 155
108 156
108 161
108 162
108 170
108 179
108 182
108 184
108 195
108 198
108 201
108 204
108 206
108 207
108 218
108 220
108 223
108 226
108 227
108 230
108 233
108 234
108 235
108 240
108 248
109 111
109 118
109 120
109 122
109 126
109 127
109 130
109 142
109 143
109 144
109 149
109 153
109 155
109 157
109 162
109 164
109 166
109 168
109 170
109 181
109 183
109 184
109 191
109 198
109 203
109 207
109 208
109 211
109 221
109 231
109 233
109 235
109 239
109 244
110 112
110 133
110 134
110 137
110 144
110 147
110 148
110 149
110 152
110 154
110 156
110 157
110 164
110 184
110 188
110 203
110 204
110 216
110 222
110 226
110 228
110 229
110 241
111 118
111 121
111 122
111 126
111 139
111 149
111 151
111 160
111 163
111 175
111 177
111 179
111 180
111 181
111 185
111 188
111 190
111 194
111 195
111 199
111 200
111 206
111 212
111 218
111 223
111 227
111 235
111 237
111 240
111 241
111 243
112 115
112 117
112 119
112 124
112 126
112 127
112 128
112 133
112 145
112 148
112 153
112 163
112 165
112 175
112 180
112 187
112 191
112 196
112 203
112 204
112 205
112 209
112 215
112 219
112 220
112 222
112 231
112 240
112 244
112 245
112 249
113 120
113 125
113 134
113 144
113 153
113 164
113 174
113 184
113 185
113 192
113 196
113 202
113 205
113 206
113 209
113 214
113 216
113 221
113 232
113 236
113 238
113 244
113 246
113 249
114 115
114 125
114 128
114 131
114 142
114 143
114 145
114 151
114 160
114 162
114 164
114 172
114 173
114 176
114 187
114 196
114 204
114 205
114 206
114 207
114 208
114 219
114 222
114 225
114 236
114 237
114 238
114 243
115 116
115 117
115 119
115 124
115 126
115 135
115 142
115 150
115 152
115 167
115 170
115 183
115 188
115 191
115 197
115 198
115 204
115 206
115 209
115 210
115 211
115 213
115 240
115 241
116 119
116 128
116 131
116 132
116 133
116 134
116 135
116 143
116 144
116 145
116 147
116 166
116 180
116 181
116 182
116 192
116 195
116 196
116 208
116 210
116 218
116 222
116 223
116 227
116 230
116 232
116 239
116 240
116 243
116 247
117 122
117 130
117 144
117 146
117 169
117 171
117 173
117 174
117 175
117 185
117 191
117 197
117 199
117 200
117 208
117 211
117 222
117 226
117 240
117 242
118 120
118 122
118 132
118 141
118 142
118 146
118 147
118 154
118 170
118 171
118 174
118 175
118 178
118 189
118 193
118 203
118 204
118 207
118 210
118 212
118 216
118 217
118 225
118 230
118 231
118 236
118 240
118 248
119 120
119 121
119 127
119 133
119 151
119 154
119 155
119 156
119 160
119 161
119 165
119 167
119 168
119 173
119 174
119 177
119 184
119 197
119 198
119 202
119 217
119 220
119 221
119 222
119 223
119 236
120 134
120 140
120 143
120 144
120 147
120 153
120 154
120 157
120 158
120 161
120 172
120 180
120 182
120 190
120 197
120 205
120 207
120 208
120 210
120 213
120 216
120 222
120 228
120 235
120 240
121 125
121 128
121 133
121 138
121 143
121 144
121 152
121 162
121 167
121 168
121 171
121 172
121 176
121 182
121 189
121 193
121 199
121 208
121 215
121 221
121 222
121 227
121 228
121 244
121 246
121 248
122 123
122 126
122 131
122 136
122 137
122 142
122 148
122 151
122 152
122 167
122 172
122 173
122 179
122 181
122 182
122 183
122 185
122 188
122 190
122 191
122 194
122 203
122 207
122 221
122 224
122 228
122 235
122 242
122 245
122 248
122 249
123 124
123 136
123 146
123 157
123 158
123 160
123 166
123 168
123 170
123 172
123 183
123 188
123 195
123 198
123 204
123 205
123 208
123 209
123 212
123 214
123 215
123 217
123 220
123 221
123 227
123 228
123 231
123 240
123 247
124 127
124 129
124 139
124 141
124 142
124 144
124 146
124 155
124 169
124 170
124 173
124 176
124 181
124 182
124 187
124 202
124 205
124 210
124 211
124 219
124 224
124 227
124 228
124 231
124 232
124 233
124 240
124 245
124 249
125 129
125 130
125 140
125 142
125 143
125 159
125 161
125 162
125 165
125 169
125 173
125 182
125 187
125 188
125 204
125 228
125 231
125 237
125 243
125 248
126 130
126 136
126 141
126 145
126 151
126 152
126 166
126 173
126 182
126 192
126 193
126 205
126 218
126 222
126 223
126 227
126 229
126 247
126 248
127 133
127 135
127 136
127 138
127 143
127 153
127 156
127 158
127 160
127 169
127 175
127 187
127 192
127 195
127 206
127 207
127 224
127 228
127 233
127 235
128 131
128 137
128 139
128 140
128 149
128 154
128 160
128 162
128 168
128 171
128 174
128 180
128 182
128 194
128 200
128 207
128 208
128 212
128 215
128 216
128 218
128 220
128 227
128 233
128 235
128 239
128 243
128 244
129 140
129 149
129 158
129 159
129 166
129 169
129 173
129 177
129 186
129 194
129 196
129 197
129 205
129 206
129 208
129 215
129 224
129 229
129 241
129 242
129 248
130 132
130 139
130 142
130 143
130 151
130 153
130 154
130 160
130 164
130 165
130 169
130 171
130 172
130 175
130 179
130 184
130 194
130 198
130 202
130 207
130 209
130 212
130 217
130 219
130 220
130 230
130 236
130 239
130 240
130 247
131 133
131 143
131 146
131 148
131 153
131 164
131 168
131 177
131 179
131 180
131 182
131 187
131 188
131 192
131 201
131 206
131 210
131 214
131 216
131 222
131 227
131 228
131 246
131 248
132 137
132 145
132 148
132 153
132 156
132 161
132 163
132 164
132 167
132 171
132 173
132 186
132 187
132 189
132 193
132 198
132 203
132 208
132 211
132 214
132 215
132 216
132 221
132 226
132 230
132 239
132 240
132 245
132 249
133 139
133 146
133 163
133 165
133 166
133 175
133 178
133 180
133 201
133 203
133 207
133 209
133 225
133 226
133 227
133 228
133 247
134 144
134 152
134 158
134 160
134 161
134 165
134 179
134 181
134 182
134 184
134 197
134 200
134 202
134 203
134 209
134 211
134 221
134 226
134 227
134 232
134 239
134 241
135 138
135 140
135 142
135 149
135 150
135 153
135 157
135 161
135 163
135 165
135 174
135 185
135 203
135 206
135 208
135 225
135 227
135 229
135 236
135 239
135 240
136 147
136 152
136 155
136 164
136 168
136 169
136 173
136 176
136 188
136 193
136 198
136 202
136 203
136 204
136 207
136 213
136 219
136 233
136 234
136 240
136 241
136 244
137 138
137 139
137 152
137 154
137 162
137 165
137 168
137 192
137 194
137 195
137 196
137 201
137 204
137 206
137 207
137 212
137 216
138 139
138 162
138 167
138 168
138 174
138 176
138 183
138 187
138 192
138 200
138 211
138 215
138 219
138 228
138 231
138 232
138 236
138 240
138 246
138 248
139 146
139 147
139 149
139 150
139 155
139 158
139 168
139 180
139 181
139 183
139 184
139 185
139 188
139 192
139 199
139 201
139 202
139 203
139 211
139 212
139 221
139 228
139 233
139 236
139 239
139 247
139 249
140 141
140 146
140 149
140 163
140 165
140 176
140 177
140 179
140 187
140 188
140 189
140 193
140 197
140 203
140 214
140 233
140 234
140 235
140 243
140 244
140 248
141 142
141 143
141 152
141 159
141 161
141 168
141 170
141 181
141 188
141 190
141 193
141 195
141 196
141 201
141 205
141 206
141 211
141 214
141 218
141 219
141 220
141 221
141 230
141 231
141 237
141 241
141 248
142 143
142 144
142 149
142 150
142 152
142 174
142 181
142 182
142 190
142 196
142 198
142 202
142 205
142 212
142 215
142 221
142 225
142 227
142 229
142 232
142 244
142 248
143 146
143 151
143 156
143 158
143 166
143 170
143 173
143 177
143 178
143 185
143 188
143 195
143 198
143 213
143 216
143 220
143 224
143 226
143 227
143 228
143 229
143 230
143 234
143 235
143 238
143 239
143 249
144 146
144 150
144 164
144 167
144 173
144 175
144 179
144 182
144 189
144 191
144 199
144 200
144 221
144 222
144 228
144 233
144 239
144 244
145 151
145 166
145 171
145 179
145 180
145 191
145 192
145 193
145 194
145 199
145 201
145 206
145 209
145 210
145 211
145 214
145 217
145 220
145 225
145 232
145 235
145 245
146 151
146 157
146 161
146 163
146 165
146 171
146 206
146 208
146 213
146 217
146 222
146 228
146 230
146 231
146 239
146 240
146 241
146 242
147 151
147 160
147 166
147 167
147 171
147 181
147 185
147 194
147 198
147 200
147 206
147 220
147 226
147 239
147 240
147 244
147 246
148 150
148 154
148 157
148 158
148 167
148 173
148 174
148 176
148 177
148 184
148 186
148 200
148 208
148 216
148 222
148 227
148 234
148 239
148 242
148 244
148 247
148 249
149 151
149 153
149 161
149 162
149 163
149 173
149 175
149 177
149 192
149 206
149 208
149 209
149 210
149 211
149 214
149 218
149 219
149 220
149 222
149 223
149 233
149 234
149 236
149 237
149 238
149 242
149 247
149 249
150 156
150 163
150 171
150 174
150 175
150 177
150 178
150 179
150 184
150 188
150 198
150 202
150 207
150 209
150 213
150 216
150 217
150 223
150 226
150 228
150 230
150 235
150 248
151 164
151 167
151 170
151 173
151 177
151 183
151 185
151 187
151 198
151 203
151 204
151 206
151 209
151 210
151 214
151 228
151 230
151 231
151 233
151 245
152 153
152 155
152 159
152 166
152 168
152 170
152 172
152 173
152 174
152 176
152 181
152 184
152 188
152 191
152 194
152 196
152 203
152 209
152 211
152 213
152 225
152 226
152 232
152 234
152 239
152 242
152 245
152 246
152 247
152 248
153 155
153 164
153 165
153 172
153 173
153 177
153 178
153 179
153 188
153 198
153 206
153 208
153 211
153 222
153 238
153 241
154 161
154 162
154 163
154 168
154 172
154 180
154 186
154 187
154 191
154 208
154 212
154 213
154 218
154 223
154 226
154 227
154 231
154 236
154 237
154 239
154 244
154 246
154 247
155 164
155 171
155 177
155 180
155 181
155 187
155 191
155 199
155 201
155 207
155 208
155 212
155 216
155 224
155 225
155 227
155 231
155 233
155 240
155 244
155 249
156 157
156 162
156 166
156 175
156 188
156 198
156 201
156 202
156 203
156 206
156 211
156 216
156 221
156 229
156 231
156 241
156 246
157 159
157 162
157 163
157 172
157 178
157 191
157 198
157 206
157 209
157 213
157 217
157 223
157 225
157 231
157 238
157 242
158 159
158 162
158 165
158 168
158 170
158 178
158 183
158 192
158 197
158 203
158 204
158 215
158 221
158 223
158 225
158 226
158 245
158 248
159 163
159 165
159 169
159 170
159 173
159 183
159 187
159 197
159 200
159 212
159 213
159 219
159 228
159 230
159 232
159 233
159 234
159 235
159 243
160 161
160 166
160 169
160 171
160 182
160 183
160 186
160 187
160 189
160 190
160 197
160 201
160 202
160 209
160 228
160 241
160 249
161 164
161 176
161 177
161 186
161 190
161 192
161 197
161 217
161 224
161 225
161 227
161 228
161 235
161 237
161 246
161 248
161 249
162 169
162 181
162 188
162 193
162 195
162 196
162 204
162 205
162 206
162 211
162 212
162 218
162 221
162 223
162 224
162 226
162 229
162 239
162 240
162 245
162 247
163 168
163 173
163 194
163 198
163 201
163 204
163 220
163 234
163 236
163 237
163 240
163 243
163 246
164 165
164 167
164 169
164 170
164 172
164 173
164 174
164 177
164 184
164 188
164 192
164 197
164 199
164 203
164 209
164 220
164 223
164 231
164 235
164 240
164 242
165 170
165 172
165 177
165 184
165 186
165 198
165 204
165 207
165 208
165 216
165 221
165 223
165 225
165 241
166 167
166 169
166 175
166 182
166 183
166 188
166 189
166 193
166 196
166 199
166 218
166 219
166 224
166 231
167 168
167 174
167 181
167 202
167 205
167 206
167 211
167 212
167 213
167 215
167 216
167 221
167 222
167 225
167 228
167 229
167 234
167 240
167 246
168 172
168 175
168 177
168 178
168 179
168 186
168 203
168 207
168 224
168 232
168 236
168 239
168 241
168 242
168 245
168 249
169 174
169 175
169 193
169 200
169 207
169 210
169 228
169 236
169 238
169 243
170 174
170 179
170 181
170 188
170 189
170 193
170 199
170 210
170 215
170 219
170 230
170 234
170 243
170 244
171 172
171 175
171 193
171 201
171 202
171 204
171 207
171 221
171 227
171 232
171 233
171 241
171 243
171 247
172 173
172 174
172 175
172 177
172 188
172 193
172 198
172 199
172 218
172 224
172 228
172 231
172 236
172 241
172 242
172 247
173 174
173 176
173 179
173 182
173 190
173 197
173 210
173 211
173 216
173 221
173 229
173 231
173 233
173 235
173 237
173 239
173 245
173 246
174 175
174 176
174 177
174 185
174 187
174 199
174 200
174 202
174 209
174 216
174 224
174 229
174 230
174 233
174 237
174 238
175 178
175 180
175 203
175 206
175 210
175 215
175 216
175 217
175 218
175 223
175 224
175 227
176 178
176 180
176 181
176 183
176 186
176 187
176 190
176 192
176 200
176 214
176 223
176 224
176 226
176 227
176 234
176 242
176 245
177 182
177 184
177 188
177 192
177 198
177 199
177 201
177 209
177 210
177 213
177 229
177 233
177 241
177 242
177 243
178 182
178 193
178 194
178 204
178 224
178 225
178 226
178 235
178 239
179 190
179 192
179 196
179 197
179 199
179 200
179 202
179 203
179 209
179 214
179 226
179 230
179 231
179 233
179 237
179 244
180 183
180 191
180 194
180 199
180 212
180 214
180 215
180 221
180 223
180 230
180 246
180 248
181 186
181 190
181 191
181 194
181 200
181 202
181 205
181 214
181 215
181 222
181 223
181 226
181 230
181 237
181 242
181 249
182 186
182 200
182 205
182 208
182 209
182 215
182 216
182 219
182 220
182 221
182 225
182 226
182 229
182 232
182 234
182 235
182 246
182 247
183 195
183 198
183 204
183 205
183 207
183 209
183 215
183 216
183 224
183 225
183 230
183 234
183 239
183 247
183 248
184 186
184 195
184 211
184 213
184 227
184 231
184 237
184 239
184 246
185 186
185 189
185 192
185 194
185 197
185 198
185 202
185 228
185 229
185 235
185 243
186 187
186 189
186 196
186 201
186 204
186 206
186 207
186 208
186 211
186 217
186 218
186 220
186 225
186 231
186 241
187 190
187 196
187 206
187 209
187 213
187 214
187 223
187 239
187 243
187 245
187 246
188 189
188 191
188 195
188 201
188 204
188 207
188 210
188 212
188 215
188 217
188 219
188 221
188 225
188 227
188 228
188 229
188 233
188 245
188 248
188 249
189 190
189 194
189 198
189 201
189 206
189 213
189 214
189 228
189 231
189 240
189 243
190 192
190 196
190 201
190 208
190 215
190 217
190 223
190 228
190 233
190 238
190 239
190 243
191 192
191 195
191 196
191 205
191 211
191 217
191 231
191 232
191 233
191 235
191 238
192 197
192 198
192 202
192 212
192 213
192 216
192 219
192 222
192 223
192 227
192 230
192 236
192 240
192 241
192 248
192 249
193 195
193 196
193 200
193 216
193 218
193 219
193 220
193 223
193 225
193 239
193 246
193 248
194 197
194 200
194 202
194 211
194 216
194 219
194 221
194 227
194 230
194 231
194 237
194 238
194 249
195 197
195 200
195 221
195 223
195 232
195 240
195 243
195 244
196 201
196 209
196 211
196 216
196 223
196 226
196 236
196 241
196 244
196 249
197 200
197 205
197 206
197 208
197 209
197 210
197 213
197 233
197 240
197 243
197 246
197 247
198 203
198 210
198 213
198 217
198 229
198 235
198 237
198 242
198 247
198 249
199 200
199 203
199 204
199 208
199 210
199 213
199 215
199 220
199 229
199 237
199 243
200 202
200 211
200 221
200 226
200 229
200 231
200 232
200 234
200 236
200 239
200 246
200 249
201 216
201 217
201 218
201 227
201 230
201 242
202 206
202 207
202 223
202 224
202 230
202 235
203 204
203 209
203 211
203 213
203 214
203 215
203 221
203 227
203 230
203 233
203 235
203 247
204 207
204 208
204 209
204 210
204 213
204 215
204 224
204 232
204 233
204 235
204 238
204 242
204 244
204 247
205 221
205 223
205 225
205 227
205 231
205 234
205 238
205 247
205 249
206 209
206 212
206 215
206 218
206 222
206 224
206 225
206 226
206 232
206 237
206 238
206 244
207 210
207 211
207 214
207 226
207 236
207 241
207 246
207 247
208 209
208 214
208 216
208 223
208 226
208 227
208 228
208 234
208 240
208 242
208 246
209 210
209 215
209 217
209 224
209 225
209 226
209 234
209 237
209 239
209 243
209 247
209 248
209 249
210 213
210 224
210 238
210 243
211 214
211 220
211 223
211 235
211 237
211 240
211 244
211 248
211 249
212 214
212 225
212 231
212 233
212 235
212 238
213 215
213 216
213 222
213 226
213 228
213 234
213 241
213 248
213 249
214 215
214 216
214 224
214 231
214 232
214 236
214 238
214 241
214 242
214 248
215 218
215 222
215 224
215 225
215 226
215 232
215 238
215 240
215 243
215 248
216 217
216 227
216 230
216 238
216 239
216 249
217 231
217 233
217 235
217 238
217 240
217 242
217 243
217 245
218 225
218 227
218 234
218 239
218 249
219 235
219 245
219 247
220 224
220 227
220 233
220 235
220 243
220 245
220 246
220 247
221 225
221 227
221 230
221 232
221 233
221 234
221 237
221 238
221 246
222 226
222 227
222 233
222 235
222 249
223 224
223 231
223 233
223 235
223 238
223 242
224 225
224 226
224 228
224 242
224 244
225 226
225 227
225 231
225 235
225 238
225 242
225 243
226 229
226 235
226 237
226 244
227 228
227 242
227 245
228 235
228 242
228 244
229 231
229 232
229 241
230 231
230 237
230 243
230 244
230 247
231 235
231 245
231 248
232 234
232 236
232 237
233 236
233 240
233 242
233 244
233 245
233 246
233 247
234 235
234 238
234 242
234 243
234 245
234 247
235 238
235 244
236 240
236 244
238 244
238 245
240 241
240 244
240 248
241 242
243 244
243 249
244 248
