0 3
0 4
0 7
0 8
0 11
0 15
0 16
0 17
0 18
0 20
0 21
0 22
0 23
0 24
0 25
0 26
0 29
0 30
0 33
0 35
0 36
0 37
0 38
0 40
0 41
0 42
0 43
0 45
0 50
0 52
0 57
0 58
0 59
0 62
0 63
0 65
0 66
0 68
0 72
0 73
0 74
0 75
0 78
0 79
0 81
0 85
0 86
0 89
0 91
0 93
0 94
0 97
0 99
0 101
0 102
0 106
0 108
0 110
0 111
0 113
0 116
0 117
0 119
0 120
0 121
0 123
0 127
0 134
0 135
0 140
0 141
0 142
0 143
0 144
0 145
0 148
0 150
0 155
0 156
0 159
0 162
0 163
0 166
0 169
0 170
0 172
0 174
0 175
0 176
0 179
0 180
0 181
0 182
0 183
0 185
0 186
0 187
0 189
0 192
0 197
1 8
1 9
1 12
1 13
1 15
1 16
1 17
1 18
1 21
1 22
1 26
1 27
1 28
1 30
1 32
1 37
1 39
1 40
1 41
1 44
1 47
1 51
1 55
1 56
1 58
1 60
1 61
1 62
1 63
1 67
1 68
1 70
1 72
1 75
1 77
1 78
1 80
1 82
1 83
1 85
1 89
1 90
1 91
1 92
1 93
1 94
1 95
1 96
1 97
1 98
1 99
1 100
1 102
1 103
1 105
1 106
1 107
1 108
1 110
1 112
1 113
1 115
1 117
1 120
1 123
1 124
1 125
1 126
1 128
1 129
1 130
1 132
1 135
1 139
1 141
1 143
1 145
1 147
1 148
1 150
1 151
1 152
1 156
1 157
1 158
1 159
1 160
1 161
1 164
1 166
1 167
1 171
1 172
1 174
1 177
1 179
1 182
1 185
1 186
1 188
1 189
1 193
1 194
1 198
2 3
2 4
2 5
2 6
2 7
2 14
2 15
2 16
2 17
2 18
2 19
2 20
2 21
2 22
2 23
2 25
2 29
2 30
2 32
2 33
2 34
2 35
2 37
2 39
2 40
2 43
2 44
2 45
2 46
2 54
2 55
2 56
2 60
2 66
2 67
2 68
2 69
2 72
2 73
2 75
2 76
2 77
2 78
2 81
2 82
2 85
2 90
2 91
2 93
2 97
2 100
2 101
2 107
2 109
2 110
2 114
2 115
2 117
2 118
2 119
2 124
2 126
2 127
2 128
2 129
2 135
2 139
2 145
2 150
2 151
2 156
2 157
2 159
2 160
2 166
2 167
2 169
2 177
2 180
2 181
2 182
2 183
2 190
2 193
2 194
2 196
2 197
3 4
3 9
3 10
3 13
3 14
3 15
3 18
3 21
3 25
3 26
3 28
3 29
3 30
3 31
3 32
3 33
3 34
3 35
3 36
3 38
3 39
3 40
3 43
3 44
3 47
3 48
3 49
3 50
3 53
3 60
3 62
3 64
3 66
3 68
3 70
3 71
3 72
3 74
3 75
3 76
3 81
3 82
3 85
3 87
3 88
3 90
3 91
3 93
3 94
3 95
3 97
3 100
3 101
3 104
3 109
3 112
3 113
3 118
3 125
3 127
3 131
3 132
3 134
3 136
3 137
3 143
3 144
3 146
3 149
3 150
3 151
3 153
3 154
3 155
3 156
3 157
3 158
3 161
3 162
3 166
3 170
3 171
3 173
3 174
3 175
3 176
3 177
3 181
3 183
3 186
3 187
3 188
3 192
3 193
3 196
3 197
3 198
4 6
4 8
4 10
4 14
4 17
4 23
4 24
4 25
4 26
4 27
4 28
4 29
4 31
4 33
4 35
4 36
4 37
4 38
4 39
4 40
4 43
4 47
4 48
4 54
4 55
4 57
4 58
4 60
4 61
4 65
4 71
4 72
4 73
4 74
4 75
4 77
4 78
4 83
4 84
4 86
4 87
4 88
4 90
4 92
4 93
4 94
4 96
4 97
4 98
4 101
4 102
4 103
4 106
4 107
4 108
4 112
4 114
4 115
4 116
4 118
4 120
4 122
4 123
4 125
4 132
4 133
4 134
4 135
4 137
4 138
4 139
4 143
4 146
4 148
4 150
4 154
4 158
4 161
4 163
4 165
4 167
4 168
4 169
4 175
4 176
4 177
4 179
4 182
4 184
4 189
4 191
4 193
4 194
4 196
4 197
4 199
5 8
5 9
5 10
5 12
5 20
5 23
5 29
5 30
5 31
5 32
5 33
5 35
5 37
5 38
5 40
5 45
5 46
5 49
5 50
5 51
5 53
5 54
5 55
5 56
5 58
5 61
5 66
5 69
5 72
5 74
5 78
5 80
5 81
5 82
5 83
5 90
5 92
5 93
5 95
5 97
5 98
5 102
5 105
5 108
5 109
5 112
5 114
5 115
5 116
5 117
5 118
5 121
5 122
5 123
5 130
5 132
5 133
5 136
5 138
5 140
5 141
5 142
5 143
5 148
5 150
5 151
5 152
5 153
5 154
5 155
5 156
5 157
5 158
5 159
5 168
5 169
5 174
5 175
5 178
5 179
5 180
5 182
5 183
5 184
5 190
5 191
5 192
5 193
5 195
5 197
5 199
6 7
6 8
6 9
6 10
6 11
6 12
6 14
6 17
6 18
6 20
6 22
6 23
6 26
6 32
6 37
6 40
6 42
6 47
6 48
6 49
6 50
6 53
6 59
6 60
6 64
6 67
6 69
6 71
6 72
6 73
6 74
6 77
6 78
6 79
6 82
6 83
6 87
6 88
6 92
6 93
6 95
6 96
6 98
6 101
6 104
6 105
6 106
6 108
6 112
6 113
6 114
6 115
6 116
6 121
6 122
6 123
6 124
6 125
6 126
6 130
6 131
6 137
6 139
6 140
6 143
6 144
6 147
6 148
6 149
6 151
6 155
6 158
6 159
6 162
6 164
6 165
6 166
6 172
6 173
6 178
6 180
6 181
6 182
6 183
6 184
6 185
6 188
6 189
6 190
6 194
6 197
6 199
7 10
7 12
7 14
7 15
7 17
7 18
7 19
7 20
7 21
7 22
7 24
7 26
7 27
7 29
7 30
7 32
7 34
7 36
7 38
7 44
7 47
7 48
7 49
7 51
7 52
7 54
7 55
7 56
7 57
7 58
7 61
7 67
7 68
7 71
7 73
7 74
7 76
7 81
7 85
7 86
7 87
7 90
7 91
7 93
7 95
7 96
7 97
7 98
7 105
7 106
7 108
7 110
7 111
7 113
7 114
7 117
7 118
7 119
7 120
7 121
7 125
7 129
7 135
7 137
7 139
7 145
7 147
7 149
7 150
7 152
7 153
7 154
7 156
7 157
7 158
7 161
7 163
7 164
7 165
7 166
7 168
7 173
7 174
7 175
7 176
7 180
7 183
7 185
7 187
7 191
7 199
8 9
8 10
8 13
8 14
8 15
8 17
8 19
8 20
8 21
8 22
8 23
8 24
8 27
8 29
8 30
8 34
8 37
8 38
8 39
8 42
8 43
8 44
8 45
8 51
8 54
8 56
8 57
8 59
8 62
8 64
8 66
8 67
8 68
8 69
8 70
8 75
8 77
8 80
8 81
8 82
8 83
8 85
8 86
8 87
8 89
8 91
8 94
8 95
8 96
8 101
8 104
8 105
8 106
8 108
8 109
8 110
8 112
8 113
8 114
8 115
8 117
8 121
8 128
8 129
8 131
8 135
8 138
8 139
8 141
8 142
8 143
8 144
8 145
8 146
8 147
8 148
8 149
8 150
8 152
8 153
8 154
8 155
8 159
8 161
8 163
8 166
8 168
8 169
8 171
8 173
8 174
8 178
8 180
8 184
8 186
8 187
8 188
8 194
8 196
8 199
9 10
9 11
9 12
9 13
9 14
9 15
9 18
9 19
9 20
9 21
9 22
9 25
9 26
9 28
9 29
9 30
9 33
9 36
9 37
9 39
9 40
9 43
9 46
9 47
9 48
9 49
9 54
9 58
9 59
9 62
9 63
9 67
9 68
9 70
9 73
9 78
9 79
9 80
9 81
9 87
9 88
9 89
9 90
9 91
9 94
9 96
9 99
9 100
9 101
9 103
9 104
9 107
9 111
9 114
9 116
9 117
9 118
9 119
9 120
9 122
9 123
9 124
9 125
9 127
9 128
9 129
9 130
9 132
9 133
9 134
9 135
9 136
9 137
9 141
9 142
9 145
9 146
9 147
9 148
9 149
9 150
9 151
9 154
9 156
9 158
9 163
9 164
9 166
9 171
9 172
9 175
9 178
9 181
9 182
9 183
9 187
9 188
9 190
9 191
9 192
9 193
10 11
10 12
10 16
10 17
10 18
10 27
10 28
10 29
10 30
10 32
10 33
10 37
10 40
10 41
10 42
10 43
10 46
10 48
10 49
10 50
10 52
10 56
10 58
10 59
10 61
10 63
10 64
10 65
10 68
10 70
10 71
10 72
10 73
10 74
10 75
10 76
10 77
10 82
10 83
10 84
10 86
10 87
10 88
10 90
10 92
10 97
10 98
10 103
10 104
10 106
10 107
10 110
10 111
10 112
10 113
10 115
10 116
10 117
10 119
10 120
10 125
10 128
10 129
10 130
10 131
10 134
10 136
10 137
10 139
10 140
10 142
10 145
10 146
10 148
10 150
10 153
10 155
10 158
10 161
10 162
10 163
10 164
10 165
10 166
10 168
10 169
10 171
10 172
10 174
10 175
10 182
10 183
10 184
10 186
10 187
10 188
10 190
10 192
10 194
10 195
10 198
10 199
11 12
11 14
11 15
11 16
11 17
11 18
11 21
11 22
11 24
11 25
11 26
11 27
11 32
11 35
11 36
11 38
11 39
11 41
11 46
11 47
11 49
11 51
11 55
11 56
11 57
11 59
11 62
11 63
11 64
11 65
11 69
11 70
11 71
11 72
11 73
11 76
11 79
11 81
11 82
11 84
11 87
11 88
11 91
11 95
11 98
11 103
11 107
11 108
11 111
11 112
11 114
11 118
11 124
11 125
11 126
11 129
11 134
11 136
11 137
11 140
11 144
11 145
11 146
11 147
11 148
11 155
11 157
11 158
11 159
11 160
11 161
11 162
11 163
11 164
11 165
11 166
11 169
11 171
11 172
11 173
11 178
11 179
11 183
11 189
11 190
11 191
11 192
11 193
11 195
11 199
12 13
12 16
12 22
12 24
12 25
12 27
12 32
12 33
12 35
12 36
12 37
12 42
12 43
12 46
12 48
12 51
12 54
12 58
12 62
12 63
12 71
12 75
12 77
12 78
12 79
12 84
12 87
12 88
12 90
12 93
12 95
12 96
12 97
12 105
12 106
12 111
12 114
12 115
12 117
12 118
12 119
12 123
12 124
12 125
12 126
12 127
12 128
12 130
12 132
12 134
12 138
12 139
12 141
12 143
12 148
12 151
12 152
12 153
12 154
12 156
12 157
12 161
12 162
12 165
12 166
12 169
12 171
12 172
12 175
12 176
12 178
12 181
12 183
12 185
12 190
12 191
12 193
12 195
12 196
12 197
12 198
12 199
13 14
13 17
13 21
13 22
13 23
13 25
13 26
13 27
13 30
13 33
13 34
13 37
13 39
13 40
13 42
13 43
13 44
13 47
13 48
13 49
13 53
13 56
13 58
13 59
13 65
13 66
13 68
13 71
13 72
13 73
13 76
13 77
13 78
13 79
13 80
13 82
13 85
13 87
13 89
13 91
13 95
13 98
13 99
13 100
13 102
13 104
13 105
13 107
13 108
13 110
13 111
13 112
13 115
13 116
13 117
13 127
13 129
13 131
13 132
13 137
13 139
13 141
13 142
13 143
13 144
13 154
13 158
13 159
13 161
13 162
13 164
13 165
13 167
13 169
13 173
13 174
13 175
13 176
13 177
13 179
13 184
13 185
13 187
13 192
13 193
13 195
13 198
13 199
14 16
14 17
14 22
14 25
14 26
14 27
14 28
14 32
14 34
14 36
14 37
14 39
14 40
14 43
14 44
14 45
14 46
14 51
14 52
14 55
14 57
14 58
14 59
14 61
14 62
14 65
14 66
14 68
14 69
14 71
14 74
14 77
14 79
14 81
14 86
14 87
14 90
14 93
14 96
14 97
14 98
14 101
14 103
14 104
14 105
14 107
14 108
14 109
14 110
14 111
14 112
14 113
14 117
14 118
14 120
14 121
14 125
14 127
14 128
14 129
14 132
14 133
14 134
14 136
14 137
14 138
14 141
14 144
14 148
14 151
14 153
14 156
14 157
14 160
14 161
14 163
14 165
14 166
14 167
14 168
14 170
14 171
14 173
14 175
14 176
14 177
14 180
14 182
14 183
14 185
14 186
14 187
14 188
14 189
14 190
14 192
14 195
14 196
14 197
15 17
15 18
15 19
15 20
15 22
15 24
15 27
15 36
15 37
15 38
15 39
15 40
15 44
15 47
15 48
15 54
15 55
15 56
15 57
15 59
15 62
15 63
15 65
15 66
15 67
15 68
15 69
15 70
15 72
15 73
15 77
15 78
15 80
15 84
15 86
15 88
15 90
15 91
15 92
15 97
15 98
15 101
15 102
15 105
15 108
15 111
15 112
15 113
15 114
15 115
15 117
15 119
15 120
15 121
15 122
15 124
15 128
15 129
15 130
15 131
15 132
15 133
15 134
15 135
15 137
15 138
15 139
15 140
15 144
15 147
15 148
15 149
15 150
15 156
15 157
15 159
15 162
15 163
15 165
15 167
15 169
15 171
15 173
15 176
15 177
15 180
15 181
15 182
15 183
15 184
15 185
15 186
15 188
15 191
15 196
15 197
16 18
16 19
16 20
16 23
16 24
16 25
16 27
16 32
16 33
16 34
16 36
16 38
16 39
16 40
16 41
16 42
16 43
16 46
16 48
16 52
16 54
16 55
16 58
16 60
16 64
16 66
16 68
16 69
16 70
16 72
16 74
16 75
16 76
16 78
16 79
16 80
16 81
16 83
16 85
16 88
16 89
16 91
16 92
16 95
16 97
16 98
16 99
16 101
16 104
16 108
16 113
16 114
16 115
16 117
16 118
16 119
16 120
16 122
16 123
16 124
16 125
16 126
16 127
16 130
16 132
16 134
16 137
16 138
16 140
16 141
16 143
16 145
16 146
16 147
16 149
16 151
16 152
16 153
16 154
16 155
16 156
16 158
16 162
16 163
16 168
16 171
16 173
16 177
16 180
16 181
16 184
16 185
16 189
16 191
16 192
16 193
16 195
16 196
16 198
17 20
17 21
17 22
17 23
17 26
17 28
17 29
17 30
17 31
17 33
17 34
17 35
17 38
17 39
17 41
17 42
17 44
17 45
17 47
17 53
17 55
17 56
17 59
17 61
17 65
17 74
17 76
17 80
17 81
17 82
17 83
17 87
17 88
17 92
17 94
17 95
17 96
17 100
17 101
17 102
17 103
17 105
17 107
17 108
17 109
17 115
17 119
17 121
17 125
17 134
17 136
17 137
17 141
17 142
17 143
17 144
17 145
17 154
17 156
17 158
17 159
17 167
17 170
17 171
17 172
17 173
17 174
17 175
17 177
17 178
17 179
17 182
17 184
17 185
17 187
17 190
17 193
17 197
18 19
18 24
18 26
18 27
18 28
18 30
18 31
18 33
18 38
18 42
18 45
18 46
18 49
18 50
18 53
18 57
18 58
18 59
18 61
18 62
18 63
18 64
18 65
18 66
18 68
18 69
18 70
18 72
18 75
18 78
18 79
18 80
18 81
18 83
18 84
18 85
18 86
18 87
18 88
18 89
18 90
18 91
18 94
18 95
18 96
18 99
18 104
18 105
18 106
18 107
18 108
18 112
18 115
18 117
18 118
18 120
18 121
18 122
18 127
18 128
18 129
18 130
18 132
18 133
18 134
18 136
18 138
18 140
18 141
18 142
18 143
18 148
18 150
18 154
18 155
18 156
18 158
18 160
18 161
18 162
18 163
18 165
18 166
18 170
18 171
18 172
18 173
18 174
18 175
18 178
18 179
18 182
18 184
18 186
18 188
18 189
18 190
18 193
18 194
18 195
18 196
18 199
19 21
19 23
19 24
19 25
19 27
19 28
19 30
19 31
19 32
19 33
19 34
19 39
19 40
19 41
19 45
19 47
19 48
19 49
19 53
19 54
19 55
19 58
19 59
19 63
19 64
19 65
19 67
19 69
19 70
19 71
19 73
19 74
19 76
19 78
19 82
19 84
19 87
19 90
19 91
19 93
19 94
19 95
19 97
19 98
19 99
19 100
19 101
19 103
19 105
19 106
19 107
19 109
19 113
19 114
19 115
19 119
19 122
19 123
19 127
19 128
19 131
19 133
19 136
19 137
19 138
19 139
19 141
19 142
19 145
19 148
19 149
19 151
19 154
19 155
19 156
19 163
19 164
19 175
19 176
19 178
19 179
19 181
19 182
19 183
19 184
19 187
19 188
19 191
19 192
19 193
19 194
19 196
19 197
19 199
20 21
20 22
20 23
20 26
20 27
20 33
20 34
20 35
20 36
20 38
20 40
20 42
20 43
20 48
20 49
20 50
20 54
20 57
20 58
20 60
20 62
20 63
20 66
20 74
20 78
20 79
20 80
20 83
20 85
20 87
20 89
20 90
20 91
20 93
20 96
20 98
20 103
20 105
20 107
20 108
20 109
20 111
20 115
20 116
20 117
20 119
20 127
20 132
20 133
20 135
20 137
20 138
20 141
20 143
20 144
20 145
20 146
20 149
20 150
20 154
20 156
20 157
20 163
20 164
20 165
20 167
20 171
20 172
20 174
20 175
20 176
20 178
20 179
20 180
20 183
20 184
20 185
20 186
20 187
20 192
20 195
20 197
21 23
21 25
21 26
21 28
21 30
21 31
21 33
21 36
21 37
21 40
21 42
21 43
21 45
21 46
21 48
21 49
21 51
21 52
21 53
21 54
21 57
21 59
21 60
21 61
21 62
21 63
21 64
21 66
21 68
21 69
21 70
21 71
21 74
21 75
21 78
21 80
21 81
21 82
21 83
21 84
21 85
21 86
21 87
21 89
21 91
21 92
21 93
21 100
21 102
21 104
21 105
21 106
21 107
21 110
21 112
21 114
21 115
21 116
21 117
21 118
21 121
21 123
21 125
21 126
21 128
21 135
21 139
21 142
21 143
21 144
21 145
21 146
21 148
21 149
21 151
21 153
21 154
21 155
21 156
21 157
21 160
21 161
21 163
21 171
21 175
21 177
21 178
21 180
21 182
21 188
21 192
21 193
21 195
21 197
21 198
21 199
22 23
22 24
22 27
22 31
22 33
22 34
22 35
22 36
22 39
22 45
22 47
22 53
22 55
22 56
22 57
22 61
22 63
22 64
22 66
22 70
22 71
22 72
22 73
22 74
22 77
22 78
22 80
22 82
22 85
22 87
22 91
22 94
22 97
22 98
22 100
22 102
22 103
22 104
22 105
22 107
22 108
22 110
22 111
22 112
22 115
22 116
22 117
22 118
22 123
22 124
22 125
22 127
22 130
22 131
22 138
22 140
22 142
22 143
22 145
22 146
22 147
22 148
22 150
22 154
22 157
22 159
22 164
22 165
22 168
22 170
22 171
22 172
22 173
22 177
22 178
22 183
22 185
22 186
22 188
22 189
22 192
22 194
22 195
22 196
22 197
23 26
23 28
23 29
23 30
23 32
23 33
23 35
23 38
23 43
23 44
23 45
23 48
23 49
23 51
23 53
23 57
23 58
23 59
23 60
23 61
23 62
23 64
23 66
23 67
23 70
23 71
23 73
23 74
23 75
23 76
23 77
23 78
23 79
23 80
23 82
23 83
23 86
23 94
23 95
23 98
23 101
23 103
23 104
23 105
23 107
23 108
23 109
23 110
23 111
23 114
23 116
23 117
23 118
23 119
23 130
23 134
23 135
23 136
23 137
23 139
23 143
23 144
23 145
23 148
23 149
23 152
23 156
23 158
23 159
23 161
23 162
23 163
23 165
23 172
23 173
23 177
23 179
23 184
23 187
23 188
23 190
23 192
23 193
23 199
24 26
24 27
24 29
24 30
24 31
24 32
24 34
24 39
24 43
24 46
24 48
24 53
24 55
24 59
24 62
24 65
24 67
24 68
24 72
24 75
24 76
24 80
24 81
24 83
24 89
24 90
24 91
24 92
24 93
24 94
24 96
24 97
24 98
24 100
24 101
24 102
24 105
24 106
24 112
24 115
24 116
24 119
24 121
24 123
24 124
24 125
24 127
24 130
24 136
24 139
24 140
24 141
24 142
24 143
24 145
24 146
24 149
24 150
24 151
24 152
24 154
24 155
24 156
24 159
24 160
24 162
24 164
24 166
24 167
24 168
24 169
24 173
24 174
24 175
24 177
24 179
24 180
24 181
24 182
24 187
24 188
24 193
24 196
24 198
25 27
25 28
25 29
25 30
25 31
25 32
25 34
25 37
25 41
25 43
25 44
25 47
25 48
25 49
25 50
25 51
25 54
25 55
25 58
25 61
25 65
25 68
25 69
25 71
25 72
25 73
25 74
25 75
25 78
25 79
25 81
25 82
25 83
25 88
25 89
25 92
25 93
25 94
25 95
25 99
25 100
25 103
25 104
25 105
25 106
25 107
25 109
25 110
25 114
25 115
25 116
25 119
25 120
25 121
25 123
25 128
25 130
25 131
25 132
25 134
25 135
25 138
25 139
25 140
25 142
25 144
25 145
25 146
25 147
25 149
25 150
25 151
25 154
25 156
25 158
25 160
25 161
25 164
25 165
25 166
25 167
25 168
25 172
25 174
25 177
25 182
25 184
25 185
25 188
25 190
25 191
25 192
25 193
25 194
25 197
25 199
26 28
26 29
26 31
26 32
26 34
26 36
26 38
26 44
26 46
26 48
26 50
26 52
26 53
26 55
26 57
26 58
26 59
26 61
26 64
26 70
26 71
26 72
26 74
26 75
26 76
26 77
26 79
26 81
26 82
26 86
26 87
26 88
26 91
26 94
26 95
26 104
26 105
26 106
26 108
26 109
26 111
26 112
26 115
26 116
26 117
26 118
26 123
26 125
26 128
26 130
26 134
26 136
26 138
26 139
26 141
26 143
26 144
26 147
26 150
26 151
26 153
26 154
26 158
26 159
26 161
26 167
26 169
26 171
26 172
26 177
26 178
26 179
26 180
26 185
26 186
26 187
26 188
26 189
26 191
26 192
26 193
26 194
26 196
26 197
27 28
27 31
27 38
27 39
27 42
27 43
27 44
27 45
27 46
27 47
27 48
27 49
27 51
27 53
27 58
27 59
27 61
27 62
27 63
27 64
27 67
27 68
27 69
27 71
27 72
27 77
27 80
27 81
27 85
27 90
27 99
27 101
27 102
27 104
27 109
27 112
27 113
27 115
27 119
27 121
27 122
27 125
27 128
27 130
27 132
27 133
27 136
27 140
27 143
27 144
27 147
27 148
27 149
27 150
27 152
27 153
27 155
27 156
27 157
27 160
27 162
27 163
27 165
27 166
27 168
27 169
27 170
27 171
27 174
27 176
27 177
27 180
27 182
27 183
27 186
27 187
27 188
27 189
27 191
27 193
27 194
27 195
27 196
27 197
27 198
27 199
28 29
28 31
28 32
28 33
28 34
28 35
28 36
28 37
28 38
28 39
28 41
28 43
28 45
28 48
28 51
28 53
28 55
28 58
28 59
28 60
28 63
28 64
28 67
28 68
28 70
28 75
28 76
28 77
28 78
28 79
28 80
28 81
28 84
28 85
28 88
28 91
28 92
28 94
28 96
28 97
28 99
28 102
28 103
28 104
28 106
28 108
28 111
28 113
28 120
28 130
28 131
28 132
28 133
28 134
28 136
28 138
28 139
28 140
28 141
28 142
28 143
28 145
28 147
28 149
28 150
28 151
28 152
28 154
28 157
28 159
28 161
28 166
28 167
28 172
28 175
28 177
28 181
28 182
28 184
28 186
28 189
28 190
28 191
28 192
28 194
28 199
29 32
29 33
29 35
29 37
29 40
29 41
29 45
29 47
29 48
29 50
29 52
29 55
29 56
29 60
29 61
29 63
29 65
29 66
29 71
29 72
29 79
29 80
29 81
29 82
29 83
29 86
29 91
29 94
29 95
29 96
29 97
29 98
29 99
29 100
29 101
29 102
29 106
29 108
29 110
29 111
29 112
29 113
29 114
29 115
29 116
29 119
29 120
29 123
29 124
29 126
29 129
29 130
29 131
29 132
29 134
29 135
29 136
29 137
29 138
29 139
29 141
29 143
29 145
29 146
29 148
29 151
29 152
29 154
29 155
29 156
29 159
29 160
29 162
29 163
29 164
29 165
29 168
29 169
29 170
29 171
29 172
29 175
29 178
29 182
29 183
29 188
29 189
29 190
29 193
29 195
29 199
30 31
30 35
30 37
30 41
30 42
30 44
30 47
30 48
30 51
30 52
30 53
30 54
30 57
30 59
30 60
30 61
30 64
30 65
30 66
30 67
30 71
30 72
30 73
30 75
30 76
30 78
30 79
30 80
30 86
30 87
30 89
30 90
30 92
30 93
30 95
30 97
30 99
30 102
30 103
30 104
30 106
30 107
30 108
30 111
30 114
30 115
30 116
30 117
30 119
30 120
30 121
30 124
30 126
30 127
30 129
30 130
30 131
30 132
30 133
30 135
30 141
30 146
30 149
30 150
30 151
30 152
30 156
30 159
30 160
30 166
30 167
30 168
30 169
30 171
30 173
30 174
30 175
30 177
30 179
30 180
30 182
30 183
30 185
30 186
30 188
30 190
30 191
30 192
30 193
30 194
30 196
30 197
30 198
30 199
31 32
31 33
31 35
31 36
31 39
31 40
31 41
31 42
31 44
31 46
31 48
31 49
31 51
31 52
31 55
31 56
31 57
31 60
31 63
31 64
31 65
31 67
31 68
31 69
31 71
31 72
31 73
31 74
31 76
31 78
31 79
31 80
31 81
31 86
31 89
31 90
31 92
31 94
31 95
31 96
31 97
31 98
31 99
31 100
31 101
31 102
31 103
31 104
31 108
31 109
31 110
31 111
31 113
31 114
31 117
31 118
31 119
31 121
31 123
31 124
31 125
31 126
31 130
31 134
31 135
31 136
31 137
31 141
31 143
31 144
31 145
31 146
31 147
31 149
31 150
31 152
31 153
31 158
31 159
31 160
31 165
31 169
31 172
31 177
31 179
31 183
31 184
31 186
31 187
31 188
31 191
31 194
31 197
31 198
31 199
32 33
32 36
32 41
32 42
32 46
32 48
32 49
32 50
32 52
32 53
32 57
32 59
32 60
32 62
32 63
32 65
32 68
32 69
32 71
32 73
32 76
32 77
32 80
32 82
32 84
32 85
32 86
32 90
32 92
32 93
32 94
32 95
32 101
32 102
32 103
32 104
32 105
32 107
32 111
32 114
32 116
32 117
32 118
32 120
32 121
32 122
32 123
32 124
32 125
32 126
32 127
32 129
32 130
32 135
32 138
32 142
32 144
32 145
32 146
32 148
32 152
32 156
32 158
32 162
32 163
32 166
32 170
32 172
32 174
32 177
32 181
32 183
32 184
32 186
32 187
32 188
32 190
32 193
32 198
33 36
33 38
33 40
33 41
33 43
33 46
33 47
33 48
33 49
33 51
33 54
33 57
33 62
33 63
33 66
33 69
33 76
33 78
33 85
33 87
33 89
33 94
33 100
33 101
33 106
33 108
33 109
33 110
33 112
33 113
33 114
33 117
33 118
33 120
33 123
33 124
33 126
33 128
33 134
33 137
33 139
33 140
33 141
33 147
33 149
33 151
33 152
33 155
33 156
33 157
33 158
33 160
33 161
33 166
33 171
33 172
33 173
33 175
33 176
33 177
33 178
33 180
33 181
33 184
33 185
33 187
33 193
33 197
33 199
34 35
34 36
34 37
34 39
34 40
34 43
34 44
34 46
34 49
34 52
34 53
34 58
34 59
34 60
34 61
34 62
34 63
34 66
34 68
34 70
34 75
34 81
34 83
34 84
34 86
34 94
34 95
34 97
34 98
34 100
34 101
34 102
34 105
34 106
34 107
34 108
34 109
34 111
34 115
34 116
34 118
34 120
34 121
34 123
34 124
34 125
34 127
34 129
34 132
34 133
34 134
34 135
34 136
34 137
34 138
34 139
34 142
34 143
34 144
34 147
34 148
34 149
34 150
34 157
34 163
34 164
34 168
34 170
34 172
34 178
34 181
34 187
34 188
34 189
34 191
34 192
34 196
35 39
35 41
35 45
35 52
35 55
35 56
35 63
35 64
35 67
35 69
35 71
35 72
35 74
35 75
35 80
35 82
35 83
35 84
35 85
35 86
35 88
35 91
35 93
35 94
35 100
35 101
35 103
35 104
35 105
35 106
35 107
35 108
35 109
35 110
35 113
35 115
35 116
35 117
35 120
35 126
35 127
35 129
35 130
35 132
35 133
35 136
35 137
35 138
35 141
35 142
35 145
35 153
35 154
35 157
35 160
35 162
35 163
35 164
35 166
35 167
35 170
35 174
35 175
35 177
35 178
35 179
35 180
35 183
35 184
35 186
35 187
35 188
35 190
35 191
35 192
35 193
35 194
35 195
35 196
35 199
36 39
36 40
36 42
36 45
36 48
36 49
36 50
36 51
36 56
36 57
36 59
36 65
36 66
36 68
36 70
36 71
36 74
36 75
36 78
36 79
36 81
36 83
36 85
36 86
36 88
36 91
36 93
36 94
36 96
36 97
36 99
36 100
36 103
36 104
36 105
36 106
36 109
36 110
36 113
36 114
36 115
36 119
36 121
36 122
36 123
36 124
36 125
36 129
36 130
36 131
36 132
36 133
36 135
36 136
36 138
36 140
36 141
36 147
36 150
36 151
36 153
36 154
36 155
36 156
36 159
36 160
36 161
36 162
36 172
36 173
36 175
36 181
36 183
36 187
36 189
36 190
36 193
36 194
36 196
36 198
37 39
37 40
37 41
37 43
37 44
37 46
37 48
37 49
37 51
37 56
37 58
37 61
37 64
37 65
37 69
37 76
37 77
37 82
37 83
37 86
37 87
37 89
37 91
37 95
37 99
37 102
37 105
37 107
37 110
37 112
37 113
37 114
37 118
37 120
37 121
37 122
37 125
37 127
37 129
37 130
37 131
37 135
37 138
37 140
37 141
37 142
37 143
37 145
37 146
37 147
37 151
37 153
37 154
37 157
37 158
37 160
37 161
37 162
37 169
37 171
37 173
37 176
37 177
37 178
37 179
37 181
37 182
37 183
37 185
37 188
37 189
37 191
37 193
37 197
37 198
37 199
38 39
38 40
38 41
38 44
38 45
38 48
38 49
38 50
38 53
38 54
38 55
38 56
38 57
38 58
38 59
38 60
38 62
38 63
38 64
38 65
38 68
38 71
38 74
38 75
38 79
38 82
38 84
38 85
38 86
38 88
38 89
38 90
38 92
38 93
38 94
38 95
38 96
38 99
38 101
38 102
38 103
38 104
38 105
38 108
38 110
38 111
38 112
38 113
38 114
38 115
38 117
38 118
38 119
38 120
38 126
38 127
38 129
38 130
38 131
38 136
38 137
38 138
38 139
38 140
38 146
38 149
38 150
38 151
38 153
38 154
38 155
38 156
38 158
38 160
38 162
38 163
38 164
38 165
38 167
38 168
38 169
38 170
38 171
38 172
38 173
38 174
38 176
38 181
38 182
38 186
38 188
38 189
38 190
38 192
38 194
38 199
39 40
39 47
39 48
39 49
39 50
39 52
39 53
39 54
39 55
39 57
39 58
39 59
39 60
39 61
39 62
39 63
39 64
39 65
39 67
39 69
39 71
39 72
39 74
39 75
39 77
39 79
39 81
39 82
39 84
39 87
39 89
39 91
39 94
39 95
39 97
39 98
39 102
39 104
39 105
39 108
39 109
39 111
39 114
39 115
39 116
39 120
39 122
39 125
39 128
39 131
39 132
39 133
39 134
39 136
39 137
39 139
39 141
39 142
39 148
39 149
39 152
39 153
39 154
39 155
39 158
39 159
39 161
39 166
39 169
39 170
39 171
39 172
39 178
39 180
39 181
39 183
39 184
39 186
39 188
39 190
39 191
39 192
39 198
39 199
40 41
40 42
40 44
40 45
40 46
40 48
40 49
40 52
40 53
40 55
40 56
40 60
40 61
40 62
40 63
40 65
40 66
40 67
40 69
40 71
40 73
40 75
40 77
40 78
40 79
40 81
40 82
40 83
40 85
40 86
40 87
40 88
40 91
40 93
40 94
40 99
40 103
40 104
40 106
40 108
40 112
40 116
40 117
40 118
40 120
40 121
40 124
40 125
40 127
40 129
40 130
40 131
40 132
40 133
40 134
40 135
40 136
40 138
40 139
40 140
40 142
40 143
40 144
40 145
40 147
40 150
40 151
40 156
40 157
40 158
40 159
40 161
40 162
40 163
40 165
40 171
40 174
40 175
40 178
40 179
40 181
40 183
40 184
40 185
40 187
40 188
40 191
40 193
40 196
40 197
40 198
41 44
41 45
41 47
41 51
41 54
41 55
41 56
41 58
41 59
41 61
41 63
41 65
41 67
41 68
41 69
41 71
41 72
41 74
41 75
41 76
41 77
41 78
41 79
41 80
41 82
41 83
41 84
41 87
41 90
41 94
41 95
41 97
41 99
41 100
41 104
41 107
41 115
41 116
41 118
41 119
41 120
41 121
41 122
41 126
41 128
41 131
41 141
41 142
41 144
41 146
41 148
41 151
41 156
41 157
41 159
41 160
41 164
41 165
41 166
41 167
41 169
41 170
41 172
41 174
41 178
41 180
41 183
41 184
41 185
41 188
41 191
41 193
41 195
41 198
42 44
42 46
42 50
42 53
42 55
42 56
42 61
42 62
42 63
42 65
42 72
42 73
42 74
42 75
42 77
42 78
42 82
42 84
42 89
42 90
42 91
42 93
42 94
42 98
42 104
42 105
42 106
42 109
42 110
42 111
42 114
42 117
42 120
42 121
42 122
42 125
42 127
42 129
42 131
42 134
42 135
42 137
42 138
42 146
42 147
42 148
42 149
42 151
42 154
42 155
42 157
42 158
42 162
42 163
42 165
42 167
42 169
42 170
42 171
42 176
42 182
42 183
42 184
42 189
42 192
42 193
42 194
42 197
42 198
43 44
43 46
43 48
43 50
43 52
43 53
43 54
43 55
43 57
43 58
43 63
43 65
43 67
43 68
43 69
43 70
43 72
43 77
43 78
43 79
43 80
43 81
43 86
43 87
43 89
43 90
43 91
43 93
43 95
43 97
43 98
43 99
43 101
43 102
43 103
43 107
43 108
43 111
43 113
43 114
43 115
43 116
43 117
43 118
43 121
43 124
43 126
43 129
43 130
43 131
43 132
43 136
43 139
43 140
43 141
43 143
43 144
43 147
43 149
43 151
43 152
43 155
43 156
43 157
43 158
43 159
43 162
43 165
43 166
43 167
43 168
43 169
43 171
43 173
43 175
43 176
43 177
43 179
43 180
43 182
43 183
43 185
43 186
43 187
43 192
43 193
43 194
43 196
43 197
43 198
43 199
44 45
44 48
44 52
44 53
44 57
44 60
44 62
44 68
44 69
44 71
44 72
44 75
44 79
44 80
44 81
44 83
44 84
44 91
44 92
44 93
44 95
44 96
44 98
44 99
44 104
44 106
44 108
44 109
44 110
44 111
44 114
44 115
44 116
44 117
44 118
44 121
44 125
44 126
44 128
44 129
44 131
44 134
44 135
44 136
44 139
44 140
44 141
44 144
44 145
44 146
44 147
44 148
44 149
44 151
44 154
44 157
44 158
44 163
44 165
44 169
44 171
44 173
44 175
44 177
44 178
44 179
44 180
44 181
44 182
44 183
44 184
44 185
44 189
44 193
44 194
44 196
44 197
44 198
44 199
45 46
45 50
45 51
45 52
45 53
45 54
45 56
45 57
45 58
45 59
45 62
45 65
45 66
45 67
45 68
45 69
45 70
45 75
45 80
45 82
45 84
45 87
45 92
45 93
45 94
45 95
45 98
45 100
45 102
45 103
45 104
45 105
45 110
45 111
45 117
45 118
45 119
45 120
45 121
45 122
45 124
45 125
45 127
45 128
45 130
45 131
45 135
45 137
45 138
45 143
45 144
45 145
45 147
45 149
45 150
45 151
45 152
45 153
45 154
45 157
45 158
45 159
45 161
45 163
45 165
45 170
45 174
45 178
45 179
45 182
45 185
45 187
45 188
45 190
45 192
45 193
45 194
45 197
46 47
46 50
46 53
46 55
46 56
46 58
46 59
46 60
46 63
46 64
46 68
46 70
46 73
46 74
46 75
46 81
46 83
46 84
46 86
46 87
46 88
46 90
46 91
46 93
46 94
46 95
46 97
46 98
46 99
46 102
46 103
46 104
46 108
46 109
46 110
46 113
46 115
46 117
46 118
46 119
46 120
46 123
46 124
46 125
46 127
46 128
46 129
46 132
46 133
46 135
46 136
46 138
46 139
46 140
46 142
46 144
46 146
46 149
46 153
46 154
46 156
46 159
46 160
46 161
46 163
46 165
46 167
46 170
46 171
46 172
46 175
46 177
46 179
46 181
46 182
46 184
46 185
46 186
46 190
46 191
46 193
46 194
46 197
46 198
46 199
47 52
47 55
47 56
47 59
47 61
47 64
47 65
47 66
47 67
47 69
47 70
47 73
47 75
47 79
47 80
47 86
47 87
47 89
47 91
47 92
47 93
47 95
47 97
47 99
47 101
47 102
47 103
47 104
47 105
47 107
47 109
47 110
47 114
47 115
47 116
47 119
47 120
47 121
47 122
47 123
47 128
47 129
47 130
47 131
47 137
47 138
47 140
47 142
47 144
47 147
47 149
47 150
47 151
47 152
47 153
47 154
47 155
47 161
47 162
47 163
47 164
47 165
47 166
47 167
47 168
47 169
47 170
47 174
47 175
47 176
47 179
47 181
47 182
47 183
47 184
47 185
47 186
47 189
47 195
47 197
47 199
48 49
48 52
48 53
48 54
48 58
48 59
48 60
48 63
48 64
48 65
48 69
48 72
48 75
48 77
48 79
48 80
48 82
48 83
48 84
48 85
48 88
48 91
48 93
48 96
48 98
48 99
48 102
48 105
48 107
48 109
48 111
48 112
48 114
48 115
48 117
48 118
48 119
48 123
48 124
48 126
48 127
48 129
48 131
48 134
48 138
48 139
48 140
48 141
48 142
48 143
48 144
48 151
48 153
48 157
48 158
48 162
48 165
48 167
48 169
48 170
48 171
48 178
48 179
48 180
48 183
48 184
48 185
48 187
48 189
48 192
48 199
49 50
49 52
49 53
49 54
49 59
49 63
49 65
49 66
49 67
49 68
49 69
49 70
49 71
49 72
49 75
49 77
49 78
49 79
49 81
49 85
49 89
49 90
49 91
49 92
49 93
49 95
49 100
49 102
49 104
49 107
49 112
49 116
49 118
49 119
49 121
49 122
49 123
49 124
49 125
49 128
49 129
49 130
49 133
49 135
49 139
49 140
49 143
49 146
49 147
49 148
49 150
49 153
49 155
49 156
49 157
49 163
49 164
49 167
49 168
49 172
49 174
49 177
49 178
49 183
49 184
49 189
49 191
49 192
49 193
49 195
50 51
50 54
50 55
50 56
50 57
50 64
50 67
50 68
50 69
50 70
50 73
50 77
50 79
50 81
50 82
50 84
50 86
50 87
50 91
50 92
50 96
50 100
50 103
50 106
50 107
50 110
50 111
50 114
50 115
50 117
50 119
50 120
50 121
50 127
50 128
50 129
50 133
50 134
50 135
50 142
50 145
50 148
50 149
50 151
50 152
50 154
50 157
50 161
50 166
50 167
50 170
50 171
50 173
50 174
50 175
50 179
50 182
50 183
50 188
50 189
50 191
50 194
50 198
51 54
51 56
51 58
51 60
51 61
51 65
51 66
51 67
51 68
51 71
51 73
51 75
51 78
51 80
51 81
51 82
51 84
51 86
51 88
51 89
51 91
51 94
51 95
51 97
51 98
51 99
51 101
51 103
51 105
51 108
51 111
51 112
51 115
51 118
51 123
51 124
51 125
51 127
51 128
51 129
51 131
51 134
51 137
51 140
51 142
51 145
51 150
51 154
51 155
51 156
51 157
51 158
51 159
51 161
51 169
51 170
51 172
51 173
51 178
51 180
51 182
51 189
51 191
51 192
51 193
51 194
51 197
52 59
52 64
52 67
52 68
52 70
52 71
52 73
52 74
52 76
52 77
52 78
52 80
52 82
52 87
52 90
52 91
52 93
52 94
52 95
52 100
52 102
52 109
52 111
52 114
52 116
52 118
52 122
52 123
52 127
52 130
52 131
52 132
52 137
52 138
52 140
52 141
52 144
52 145
52 146
52 149
52 152
52 153
52 154
52 157
52 159
52 162
52 164
52 165
52 167
52 170
52 173
52 174
52 180
52 182
52 186
52 189
52 192
52 195
52 198
53 56
53 57
53 58
53 59
53 61
53 64
53 66
53 67
53 75
53 76
53 77
53 78
53 80
53 81
53 82
53 83
53 89
53 90
53 91
53 94
53 96
53 98
53 99
53 102
53 107
53 109
53 110
53 111
53 112
53 115
53 117
53 118
53 120
53 122
53 124
53 127
53 128
53 129
53 130
53 132
53 136
53 137
53 138
53 142
53 144
53 145
53 146
53 147
53 148
53 151
53 153
53 160
53 161
53 164
53 166
53 167
53 170
53 171
53 172
53 173
53 175
53 177
53 178
53 179
53 182
53 184
53 186
53 187
53 189
53 190
53 191
53 194
53 195
53 196
53 197
53 198
53 199
54 56
54 57
54 58
54 59
54 60
54 61
54 63
54 65
54 66
54 67
54 71
54 72
54 74
54 75
54 77
54 78
54 81
54 82
54 84
54 88
54 90
54 91
54 92
54 99
54 102
54 109
54 110
54 112
54 116
54 117
54 119
54 120
54 122
54 124
54 127
54 129
54 131
54 133
54 134
54 135
54 136
54 138
54 139
54 140
54 141
54 142
54 143
54 145
54 146
54 147
54 150
54 151
54 155
54 157
54 159
54 164
54 165
54 167
54 172
54 174
54 175
54 177
54 178
54 179
54 181
54 182
54 186
54 187
54 188
54 189
54 190
54 194
54 195
54 199
55 56
55 58
55 59
55 61
55 62
55 63
55 64
55 65
55 66
55 72
55 74
55 75
55 76
55 78
55 80
55 82
55 83
55 84
55 89
55 96
55 97
55 99
55 100
55 102
55 106
55 109
55 111
55 112
55 115
55 119
55 120
55 121
55 124
55 128
55 130
55 131
55 132
55 135
55 140
55 141
55 143
55 144
55 147
55 148
55 153
55 154
55 155
55 157
55 158
55 164
55 165
55 167
55 173
55 175
55 176
55 179
55 180
55 182
55 183
55 184
55 185
55 186
55 187
55 188
55 190
55 191
55 192
55 195
55 198
55 199
56 58
56 59
56 60
56 61
56 62
56 64
56 66
56 67
56 69
56 70
56 72
56 74
56 75
56 76
56 79
56 80
56 81
56 84
56 85
56 86
56 87
56 88
56 89
56 91
56 94
56 101
56 102
56 106
56 111
56 114
56 118
56 119
56 120
56 124
56 125
56 126
56 127
56 128
56 130
56 133
56 134
56 136
56 139
56 140
56 141
56 142
56 145
56 150
56 155
56 157
56 158
56 159
56 160
56 161
56 162
56 163
56 164
56 166
56 170
56 172
56 173
56 174
56 175
56 176
56 177
56 178
56 180
56 182
56 184
56 189
56 190
56 193
56 196
56 198
57 61
57 64
57 65
57 66
57 69
57 71
57 73
57 74
57 76
57 77
57 78
57 80
57 82
57 84
57 85
57 91
57 92
57 93
57 94
57 96
57 98
57 102
57 104
57 105
57 110
57 115
57 116
57 117
57 118
57 119
57 120
57 121
57 123
57 124
57 125
57 131
57 132
57 134
57 135
57 136
57 139
57 141
57 143
57 145
57 146
57 147
57 148
57 149
57 151
57 152
57 153
57 156
57 157
57 158
57 159
57 163
57 164
57 165
57 170
57 173
57 175
57 176
57 177
57 182
57 185
57 193
57 195
57 196
57 197
57 198
58 61
58 62
58 63
58 64
58 65
58 67
58 70
58 74
58 75
58 76
58 77
58 78
58 79
58 80
58 82
58 83
58 86
58 88
58 92
58 93
58 95
58 98
58 102
58 103
58 104
58 111
58 112
58 114
58 115
58 119
58 122
58 123
58 124
58 125
58 126
58 128
58 130
58 132
58 135
58 136
58 138
58 139
58 141
58 142
58 144
58 145
58 146
58 148
58 149
58 151
58 152
58 153
58 156
58 157
58 158
58 159
58 161
58 164
58 165
58 168
58 169
58 171
58 172
58 175
58 177
58 178
58 182
58 184
58 186
58 190
58 194
58 195
58 198
59 61
59 62
59 64
59 67
59 68
59 70
59 71
59 72
59 73
59 74
59 77
59 78
59 79
59 81
59 85
59 86
59 87
59 89
59 91
59 92
59 96
59 99
59 100
59 101
59 103
59 104
59 105
59 106
59 107
59 108
59 110
59 111
59 113
59 117
59 119
59 120
59 125
59 127
59 128
59 131
59 134
59 135
59 142
59 144
59 146
59 147
59 151
59 156
59 157
59 158
59 159
59 161
59 164
59 167
59 171
59 174
59 176
59 180
59 182
59 183
59 186
59 192
59 193
59 196
60 63
60 65
60 69
60 71
60 72
60 74
60 75
60 77
60 82
60 86
60 88
60 89
60 91
60 94
60 95
60 100
60 103
60 105
60 108
60 109
60 111
60 113
60 114
60 117
60 118
60 120
60 121
60 122
60 123
60 126
60 127
60 129
60 131
60 132
60 134
60 135
60 139
60 140
60 144
60 145
60 147
60 148
60 149
60 153
60 154
60 155
60 156
60 157
60 159
60 161
60 162
60 163
60 164
60 168
60 170
60 173
60 174
60 176
60 177
60 184
60 185
60 187
60 189
60 194
60 197
60 198
60 199
61 63
61 67
61 68
61 70
61 71
61 73
61 74
61 78
61 80
61 82
61 86
61 88
61 91
61 92
61 96
61 98
61 102
61 103
61 105
61 106
61 114
61 118
61 119
61 120
61 122
61 123
61 124
61 125
61 129
61 132
61 134
61 135
61 136
61 137
61 139
61 141
61 143
61 145
61 146
61 149
61 150
61 154
61 155
61 159
61 160
61 162
61 164
61 167
61 168
61 169
61 173
61 174
61 177
61 178
61 179
61 181
61 183
61 184
61 187
61 189
61 190
61 194
61 195
61 197
61 199
62 63
62 64
62 65
62 67
62 68
62 70
62 73
62 76
62 79
62 85
62 86
62 87
62 88
62 89
62 91
62 92
62 95
62 96
62 98
62 99
62 101
62 102
62 103
62 106
62 110
62 111
62 118
62 120
62 121
62 122
62 128
62 132
62 136
62 138
62 140
62 142
62 147
62 148
62 149
62 150
62 155
62 156
62 160
62 167
62 168
62 173
62 174
62 177
62 178
62 181
62 183
62 185
62 187
62 188
62 190
62 193
62 194
62 195
62 199
63 64
63 66
63 68
63 71
63 72
63 78
63 81
63 82
63 83
63 86
63 88
63 89
63 92
63 94
63 96
63 97
63 98
63 100
63 102
63 103
63 104
63 110
63 111
63 112
63 114
63 118
63 119
63 120
63 123
63 124
63 127
63 131
63 132
63 134
63 135
63 136
63 139
63 140
63 141
63 142
63 143
63 145
63 147
63 148
63 149
63 150
63 151
63 152
63 153
63 155
63 156
63 157
63 159
63 161
63 162
63 163
63 165
63 168
63 169
63 171
63 172
63 173
63 174
63 175
63 176
63 180
63 182
63 184
63 185
63 186
63 187
63 188
63 193
63 194
63 195
63 196
63 197
63 199
64 65
64 68
64 70
64 71
64 72
64 75
64 77
64 80
64 83
64 84
64 87
64 91
64 93
64 95
64 97
64 98
64 102
64 104
64 105
64 106
64 108
64 109
64 110
64 111
64 112
64 113
64 116
64 119
64 120
64 121
64 125
64 130
64 131
64 137
64 140
64 143
64 144
64 149
64 152
64 156
64 164
64 165
64 166
64 169
64 171
64 172
64 173
64 174
64 176
64 177
64 180
64 181
64 184
64 185
64 188
64 193
64 194
64 197
65 66
65 67
65 69
65 70
65 72
65 77
65 79
65 82
65 85
65 87
65 89
65 90
65 94
65 96
65 97
65 98
65 100
65 101
65 104
65 105
65 106
65 107
65 108
65 109
65 113
65 114
65 120
65 121
65 124
65 127
65 129
65 131
65 132
65 133
65 134
65 135
65 136
65 140
65 141
65 143
65 145
65 146
65 150
65 152
65 155
65 157
65 158
65 159
65 161
65 165
65 166
65 170
65 171
65 172
65 173
65 174
65 176
65 177
65 181
65 182
65 184
65 185
65 188
65 191
65 194
65 195
65 198
65 199
66 67
66 72
66 73
66 74
66 75
66 76
66 77
66 78
66 79
66 80
66 83
66 84
66 86
66 91
66 93
66 96
66 102
66 103
66 108
66 110
66 111
66 112
66 113
66 114
66 120
66 121
66 122
66 123
66 125
66 126
66 127
66 130
66 134
66 135
66 136
66 137
66 138
66 139
66 140
66 141
66 142
66 145
66 147
66 149
66 153
66 154
66 155
66 158
66 159
66 160
66 162
66 165
66 166
66 167
66 168
66 174
66 175
66 176
66 177
66 180
66 182
66 183
66 184
66 185
66 186
66 191
66 192
66 193
66 198
66 199
67 70
67 72
67 73
67 74
67 75
67 76
67 78
67 81
67 86
67 87
67 88
67 91
67 95
67 97
67 99
67 100
67 102
67 104
67 105
67 107
67 108
67 113
67 115
67 116
67 118
67 121
67 127
67 130
67 131
67 134
67 137
67 140
67 143
67 144
67 145
67 146
67 149
67 150
67 151
67 154
67 155
67 167
67 168
67 170
67 173
67 176
67 180
67 181
67 182
67 184
67 186
67 187
67 188
67 190
67 192
67 194
67 195
67 199
68 70
68 71
68 72
68 74
68 76
68 80
68 86
68 87
68 88
68 91
68 93
68 97
68 98
68 99
68 100
68 102
68 103
68 105
68 106
68 107
68 108
68 109
68 110
68 111
68 113
68 114
68 118
68 119
68 120
68 121
68 124
68 128
68 129
68 131
68 133
68 134
68 135
68 139
68 140
68 141
68 143
68 150
68 152
68 155
68 156
68 158
68 160
68 161
68 162
68 167
68 168
68 169
68 173
68 174
68 175
68 178
68 179
68 180
68 181
68 182
68 183
68 189
68 191
68 192
68 194
68 195
69 71
69 72
69 73
69 74
69 78
69 79
69 82
69 85
69 86
69 88
69 89
69 90
69 92
69 93
69 95
69 97
69 98
69 102
69 103
69 106
69 107
69 111
69 113
69 115
69 116
69 118
69 122
69 124
69 129
69 132
69 134
69 135
69 136
69 137
69 140
69 141
69 143
69 145
69 147
69 148
69 156
69 157
69 158
69 159
69 160
69 161
69 166
69 167
69 169
69 171
69 177
69 178
69 181
69 184
69 190
69 192
69 198
70 74
70 75
70 77
70 82
70 83
70 84
70 85
70 89
70 90
70 93
70 94
70 95
70 97
70 102
70 104
70 106
70 107
70 108
70 109
70 111
70 113
70 120
70 126
70 128
70 134
70 140
70 141
70 142
70 144
70 147
70 150
70 151
70 154
70 155
70 157
70 158
70 161
70 162
70 168
70 170
70 174
70 175
70 178
70 179
70 180
70 181
70 182
70 183
70 185
70 188
70 191
70 193
70 194
70 198
70 199
71 73
71 74
71 76
71 80
71 83
71 85
71 86
71 87
71 89
71 91
71 94
71 100
71 101
71 102
71 104
71 105
71 109
71 112
71 113
71 115
71 116
71 118
71 120
71 124
71 127
71 129
71 135
71 136
71 137
71 139
71 142
71 145
71 148
71 150
71 151
71 152
71 161
71 162
71 164
71 165
71 166
71 167
71 168
71 172
71 173
71 176
71 178
71 179
71 182
71 184
71 185
71 186
71 190
71 191
71 192
71 193
71 194
71 198
72 73
72 74
72 75
72 76
72 77
72 78
72 80
72 81
72 84
72 88
72 89
72 90
72 91
72 93
72 94
72 95
72 99
72 100
72 101
72 103
72 105
72 107
72 108
72 109
72 112
72 114
72 119
72 125
72 126
72 127
72 128
72 131
72 135
72 137
72 139
72 140
72 141
72 144
72 151
72 152
72 153
72 154
72 156
72 158
72 159
72 160
72 162
72 165
72 168
72 170
72 171
72 174
72 180
72 181
72 184
72 186
72 187
72 188
72 189
72 191
72 192
72 193
72 194
72 196
72 197
73 74
73 75
73 77
73 79
73 84
73 86
73 87
73 88
73 89
73 90
73 91
73 92
73 95
73 99
73 100
73 101
73 103
73 104
73 106
73 107
73 108
73 109
73 110
73 112
73 113
73 114
73 120
73 121
73 122
73 124
73 126
73 127
73 131
73 134
73 135
73 136
73 139
73 140
73 144
73 145
73 147
73 148
73 149
73 153
73 154
73 155
73 158
73 159
73 160
73 161
73 162
73 164
73 171
73 172
73 173
73 175
73 179
73 180
73 181
73 185
73 186
73 187
73 188
73 189
73 193
73 197
74 77
74 78
74 79
74 83
74 84
74 86
74 93
74 94
74 95
74 99
74 103
74 104
74 108
74 109
74 111
74 114
74 116
74 119
74 122
74 126
74 127
74 129
74 131
74 133
74 134
74 135
74 136
74 138
74 140
74 143
74 150
74 153
74 155
74 157
74 158
74 159
74 161
74 162
74 164
74 165
74 166
74 167
74 168
74 170
74 171
74 173
74 176
74 177
74 178
74 179
74 180
74 183
74 188
74 190
74 192
74 195
74 196
74 197
74 198
74 199
75 76
75 80
75 81
75 82
75 86
75 88
75 91
75 92
75 93
75 96
75 97
75 99
75 100
75 101
75 103
75 105
75 108
75 109
75 114
75 116
75 117
75 118
75 119
75 123
75 124
75 127
75 128
75 130
75 131
75 133
75 134
75 135
75 136
75 137
75 138
75 140
75 141
75 143
75 144
75 146
75 152
75 153
75 154
75 155
75 156
75 158
75 159
75 160
75 162
75 164
75 166
75 167
75 171
75 174
75 175
75 177
75 181
75 182
75 183
75 184
75 186
75 187
75 188
75 189
75 190
75 192
75 194
75 197
76 77
76 78
76 80
76 82
76 85
76 86
76 89
76 90
76 92
76 93
76 95
76 97
76 98
76 101
76 105
76 109
76 110
76 114
76 116
76 118
76 119
76 120
76 121
76 123
76 124
76 128
76 129
76 130
76 131
76 132
76 133
76 134
76 135
76 136
76 137
76 138
76 139
76 142
76 149
76 151
76 153
76 157
76 158
76 159
76 161
76 166
76 168
76 170
76 171
76 173
76 174
76 175
76 176
76 177
76 179
76 180
76 181
76 182
76 183
76 184
76 185
76 189
76 190
76 191
76 192
76 193
76 194
76 195
77 79
77 80
77 82
77 84
77 86
77 87
77 90
77 92
77 95
77 96
77 100
77 101
77 103
77 106
77 108
77 110
77 111
77 113
77 114
77 115
77 118
77 119
77 123
77 126
77 129
77 131
77 132
77 133
77 134
77 135
77 138
77 139
77 140
77 141
77 142
77 144
77 146
77 148
77 152
77 154
77 155
77 156
77 157
77 160
77 161
77 162
77 166
77 167
77 169
77 170
77 171
77 172
77 174
77 176
77 179
77 180
77 181
77 184
77 188
77 189
77 190
77 192
77 195
77 196
77 197
77 198
77 199
78 82
78 84
78 87
78 88
78 89
78 90
78 91
78 92
78 95
78 97
78 98
78 100
78 101
78 102
78 103
78 108
78 110
78 111
78 112
78 113
78 114
78 115
78 116
78 117
78 118
78 119
78 122
78 123
78 127
78 128
78 129
78 131
78 132
78 133
78 138
78 139
78 140
78 146
78 150
78 151
78 153
78 158
78 160
78 161
78 163
78 167
78 168
78 172
78 173
78 177
78 178
78 179
78 180
78 181
78 182
78 183
78 184
78 185
78 186
78 187
78 194
78 198
78 199
79 80
79 81
79 85
79 89
79 90
79 91
79 92
79 94
79 95
79 102
79 103
79 106
79 107
79 108
79 109
79 110
79 116
79 118
79 119
79 121
79 122
79 123
79 124
79 127
79 128
79 130
79 131
79 133
79 134
79 136
79 139
79 140
79 143
79 144
79 147
79 150
79 151
79 153
79 154
79 155
79 156
79 157
79 158
79 159
79 160
79 161
79 162
79 163
79 165
79 169
79 171
79 173
79 174
79 175
79 176
79 179
79 180
79 184
79 187
79 188
79 192
79 193
79 194
79 196
79 198
79 199
80 83
80 85
80 86
80 87
80 89
80 90
80 91
80 93
80 95
80 99
80 100
80 101
80 102
80 103
80 104
80 109
80 110
80 111
80 112
80 116
80 117
80 119
80 120
80 121
80 123
80 126
80 127
80 128
80 131
80 133
80 134
80 137
80 140
80 142
80 143
80 147
80 152
80 156
80 158
80 161
80 164
80 166
80 168
80 169
80 171
80 172
80 173
80 174
80 177
80 181
80 185
80 187
80 189
80 193
80 194
80 197
80 198
81 82
81 83
81 84
81 85
81 86
81 88
81 89
81 90
81 92
81 96
81 99
81 100
81 101
81 102
81 104
81 105
81 107
81 108
81 110
81 112
81 114
81 115
81 120
81 121
81 123
81 124
81 125
81 126
81 130
81 131
81 133
81 135
81 138
81 139
81 140
81 143
81 144
81 146
81 148
81 150
81 151
81 153
81 155
81 156
81 157
81 159
81 163
81 165
81 166
81 167
81 168
81 170
81 175
81 179
81 184
81 185
81 186
81 191
81 193
81 194
81 195
82 83
82 84
82 85
82 86
82 88
82 91
82 93
82 94
82 98
82 101
82 102
82 107
82 110
82 111
82 112
82 113
82 114
82 115
82 121
82 122
82 123
82 124
82 125
82 126
82 130
82 131
82 136
82 139
82 141
82 142
82 145
82 151
82 162
82 163
82 164
82 165
82 167
82 168
82 170
82 172
82 173
82 175
82 178
82 179
82 182
82 183
82 184
82 185
82 187
82 189
82 190
82 193
82 194
82 195
82 196
82 197
83 84
83 85
83 86
83 87
83 88
83 89
83 92
83 94
83 95
83 98
83 100
83 101
83 102
83 103
83 104
83 105
83 106
83 107
83 110
83 111
83 114
83 115
83 116
83 117
83 119
83 129
83 130
83 132
83 137
83 139
83 140
83 142
83 148
83 149
83 150
83 151
83 152
83 153
83 154
83 155
83 157
83 161
83 162
83 163
83 164
83 168
83 170
83 171
83 175
83 176
83 177
83 179
83 181
83 182
83 187
83 188
83 189
83 191
83 193
83 194
83 195
83 196
83 197
83 199
84 86
84 87
84 89
84 92
84 93
84 94
84 95
84 96
84 97
84 99
84 100
84 101
84 102
84 103
84 104
84 106
84 108
84 109
84 112
84 113
84 116
84 118
84 120
84 121
84 122
84 123
84 124
84 125
84 128
84 129
84 130
84 132
84 137
84 141
84 142
84 144
84 145
84 146
84 147
84 148
84 150
84 152
84 153
84 154
84 155
84 157
84 158
84 161
84 162
84 163
84 165
84 166
84 170
84 171
84 172
84 174
84 175
84 177
84 179
84 180
84 181
84 184
84 185
84 187
84 192
84 193
84 194
84 196
84 197
84 198
85 86
85 87
85 88
85 89
85 91
85 97
85 98
85 99
85 101
85 103
85 106
85 109
85 112
85 115
85 117
85 118
85 119
85 121
85 123
85 124
85 129
85 131
85 132
85 134
85 135
85 136
85 138
85 140
85 145
85 152
85 154
85 155
85 157
85 158
85 159
85 162
85 163
85 165
85 166
85 175
85 176
85 181
85 182
85 183
85 184
85 185
85 186
85 187
85 188
85 190
85 191
85 192
85 194
85 195
85 198
85 199
86 87
86 88
86 91
86 93
86 94
86 95
86 96
86 97
86 98
86 100
86 102
86 103
86 104
86 105
86 110
86 111
86 112
86 114
86 119
86 123
86 127
86 129
86 130
86 135
86 137
86 142
86 144
86 145
86 146
86 147
86 150
86 151
86 152
86 155
86 156
86 157
86 158
86 161
86 163
86 164
86 166
86 167
86 168
86 170
86 171
86 172
86 174
86 175
86 176
86 177
86 178
86 180
86 181
86 182
86 183
86 185
86 188
86 192
86 194
87 88
87 92
87 95
87 96
87 97
87 99
87 100
87 102
87 104
87 107
87 112
87 114
87 117
87 118
87 122
87 123
87 125
87 126
87 130
87 131
87 133
87 136
87 137
87 138
87 139
87 140
87 141
87 142
87 144
87 145
87 146
87 147
87 150
87 151
87 158
87 161
87 166
87 167
87 168
87 172
87 176
87 179
87 180
87 181
87 183
87 188
87 190
87 191
87 192
87 194
87 195
87 199
88 94
88 96
88 97
88 98
88 100
88 102
88 104
88 105
88 107
88 108
88 110
88 112
88 113
88 114
88 115
88 117
88 118
88 123
88 124
88 125
88 127
88 130
88 132
88 133
88 135
88 139
88 140
88 141
88 142
88 144
88 149
88 151
88 152
88 153
88 154
88 156
88 157
88 159
88 162
88 165
88 166
88 167
88 168
88 169
88 170
88 174
88 175
88 176
88 177
88 178
88 186
88 187
88 188
88 190
88 199
89 90
89 93
89 94
89 95
89 97
89 103
89 104
89 108
89 111
89 114
89 116
89 119
89 120
89 122
89 123
89 126
89 127
89 128
89 129
89 131
89 132
89 135
89 141
89 143
89 144
89 145
89 148
89 152
89 154
89 157
89 158
89 159
89 163
89 170
89 171
89 172
89 173
89 174
89 177
89 178
89 179
89 180
89 183
89 184
89 189
89 191
89 193
89 194
89 196
90 92
90 98
90 99
90 100
90 102
90 107
90 109
90 110
90 115
90 116
90 120
90 121
90 122
90 124
90 125
90 127
90 129
90 132
90 133
90 134
90 135
90 136
90 137
90 141
90 144
90 147
90 149
90 151
90 153
90 154
90 155
90 158
90 159
90 162
90 163
90 164
90 171
90 174
90 176
90 177
90 178
90 180
90 182
90 183
90 185
90 189
90 195
90 197
90 198
90 199
91 92
91 94
91 98
91 99
91 108
91 109
91 110
91 111
91 113
91 116
91 117
91 118
91 119
91 121
91 124
91 126
91 129
91 130
91 133
91 134
91 136
91 140
91 141
91 142
91 145
91 147
91 149
91 150
91 151
91 152
91 154
91 157
91 159
91 160
91 161
91 163
91 165
91 166
91 168
91 171
91 173
91 179
91 180
91 183
91 185
91 186
91 187
91 188
91 189
91 191
91 192
91 193
91 195
91 196
92 93
92 94
92 95
92 96
92 97
92 101
92 102
92 107
92 112
92 114
92 115
92 118
92 119
92 121
92 122
92 123
92 126
92 127
92 129
92 135
92 140
92 143
92 144
92 146
92 147
92 148
92 155
92 156
92 157
92 158
92 161
92 162
92 163
92 164
92 165
92 166
92 168
92 169
92 171
92 173
92 174
92 175
92 176
92 179
92 181
92 182
92 184
92 190
92 192
92 193
92 194
92 195
92 197
92 198
93 97
93 100
93 102
93 105
93 106
93 107
93 108
93 109
93 110
93 112
93 113
93 116
93 120
93 124
93 125
93 126
93 127
93 128
93 129
93 130
93 131
93 132
93 134
93 137
93 144
93 145
93 146
93 147
93 151
93 154
93 155
93 157
93 159
93 164
93 166
93 168
93 170
93 171
93 172
93 176
93 177
93 178
93 179
93 180
93 183
93 184
93 189
93 191
93 194
93 195
93 198
93 199
94 96
94 97
94 98
94 100
94 101
94 102
94 106
94 108
94 109
94 113
94 115
94 121
94 123
94 126
94 129
94 131
94 136
94 137
94 139
94 140
94 142
94 147
94 152
94 153
94 154
94 156
94 157
94 158
94 160
94 162
94 163
94 164
94 167
94 168
94 169
94 170
94 171
94 173
94 175
94 176
94 177
94 179
94 185
94 188
94 190
94 191
94 192
94 193
94 194
94 195
94 196
94 197
95 96
95 97
95 98
95 102
95 107
95 108
95 110
95 111
95 112
95 114
95 117
95 119
95 120
95 123
95 124
95 125
95 126
95 128
95 130
95 131
95 132
95 134
95 135
95 137
95 138
95 140
95 142
95 148
95 153
95 154
95 155
95 156
95 158
95 159
95 160
95 167
95 170
95 171
95 177
95 178
95 179
95 180
95 181
95 183
95 184
95 186
95 189
95 190
95 192
95 193
95 196
95 199
96 97
96 98
96 101
96 102
96 104
96 106
96 107
96 108
96 109
96 110
96 111
96 112
96 113
96 115
96 117
96 119
96 121
96 122
96 124
96 126
96 128
96 131
96 133
96 137
96 140
96 141
96 142
96 144
96 146
96 152
96 153
96 155
96 160
96 164
96 165
96 166
96 167
96 171
96 173
96 174
96 175
96 179
96 181
96 187
96 188
96 189
96 193
96 197
96 199
97 98
97 99
97 102
97 104
97 105
97 106
97 112
97 114
97 115
97 116
97 117
97 120
97 122
97 123
97 125
97 130
97 133
97 134
97 137
97 138
97 140
97 142
97 145
97 147
97 149
97 150
97 153
97 154
97 155
97 156
97 157
97 158
97 163
97 164
97 165
97 167
97 169
97 170
97 172
97 173
97 175
97 176
97 177
97 184
97 185
97 187
97 188
97 190
97 192
97 194
98 99
98 103
98 105
98 106
98 107
98 108
98 110
98 111
98 112
98 113
98 114
98 116
98 117
98 119
98 120
98 122
98 123
98 124
98 126
98 127
98 129
98 132
98 135
98 138
98 139
98 140
98 141
98 142
98 143
98 144
98 149
98 151
98 153
98 158
98 160
98 161
98 163
98 164
98 166
98 168
98 170
98 172
98 173
98 174
98 175
98 176
98 178
98 179
98 187
98 191
98 192
98 196
99 100
99 107
99 111
99 112
99 113
99 116
99 120
99 123
99 125
99 126
99 127
99 129
99 132
99 133
99 135
99 137
99 138
99 139
99 140
99 141
99 144
99 146
99 147
99 148
99 149
99 151
99 152
99 158
99 159
99 160
99 162
99 163
99 164
99 167
99 168
99 169
99 170
99 173
99 174
99 175
99 177
99 178
99 181
99 182
99 183
99 184
99 185
99 189
99 191
99 193
99 194
99 196
99 199
100 102
100 103
100 106
100 107
100 109
100 110
100 112
100 113
100 116
100 119
100 121
100 122
100 124
100 126
100 127
100 129
100 131
100 132
100 133
100 134
100 139
100 141
100 142
100 144
100 150
100 153
100 158
100 159
100 163
100 164
100 167
100 168
100 173
100 175
100 179
100 180
100 181
100 182
100 183
100 185
100 189
100 191
100 192
101 103
101 104
101 106
101 108
101 109
101 110
101 115
101 116
101 117
101 119
101 120
101 122
101 123
101 125
101 128
101 129
101 130
101 132
101 134
101 137
101 138
101 142
101 143
101 144
101 145
101 146
101 148
101 149
101 156
101 158
101 159
101 161
101 163
101 164
101 167
101 169
101 170
101 172
101 174
101 176
101 177
101 180
101 185
101 190
101 191
101 192
101 194
101 196
101 197
101 198
102 105
102 106
102 107
102 111
102 118
102 119
102 121
102 123
102 125
102 127
102 128
102 131
102 134
102 135
102 137
102 138
102 139
102 143
102 144
102 145
102 146
102 147
102 153
102 158
102 159
102 162
102 164
102 165
102 168
102 170
102 178
102 180
102 182
102 192
102 194
102 195
102 196
102 197
102 198
102 199
103 106
103 107
103 108
103 109
103 111
103 112
103 113
103 119
103 121
103 122
103 124
103 125
103 126
103 127
103 128
103 129
103 130
103 132
103 133
103 134
103 136
103 137
103 138
103 142
103 144
103 145
103 146
103 148
103 151
103 152
103 154
103 157
103 161
103 162
103 163
103 164
103 165
103 166
103 168
103 169
103 170
103 171
103 173
103 174
103 176
103 177
103 178
103 180
103 181
103 182
103 183
103 184
103 186
103 191
103 193
103 195
103 198
104 107
104 110
104 112
104 114
104 115
104 118
104 120
104 123
104 124
104 125
104 132
104 136
104 137
104 139
104 144
104 147
104 149
104 151
104 156
104 157
104 158
104 164
104 165
104 166
104 167
104 169
104 170
104 171
104 172
104 173
104 174
104 175
104 176
104 178
104 179
104 181
104 182
104 184
104 186
104 187
104 189
104 190
104 192
104 194
104 196
104 198
105 106
105 109
105 110
105 113
105 114
105 115
105 116
105 117
105 120
105 123
105 127
105 131
105 132
105 136
105 138
105 139
105 141
105 142
105 143
105 148
105 150
105 151
105 153
105 154
105 155
105 156
105 160
105 163
105 165
105 170
105 172
105 174
105 177
105 179
105 180
105 181
105 182
105 190
105 191
105 192
105 194
105 196
105 197
105 198
105 199
106 107
106 108
106 110
106 111
106 113
106 115
106 118
106 119
106 122
106 123
106 124
106 125
106 127
106 128
106 130
106 132
106 133
106 135
106 137
106 138
106 139
106 140
106 141
106 143
106 144
106 145
106 146
106 147
106 148
106 151
106 152
106 157
106 162
106 163
106 164
106 165
106 166
106 168
106 170
106 171
106 173
106 174
106 175
106 178
106 180
106 183
106 188
106 189
106 193
106 195
106 197
106 198
107 108
107 109
107 111
107 117
107 119
107 120
107 122
107 123
107 126
107 127
107 128
107 133
107 134
107 135
107 137
107 140
107 141
107 143
107 145
107 146
107 148
107 153
107 154
107 155
107 157
107 158
107 160
107 161
107 162
107 166
107 170
107 171
107 173
107 176
107 177
107 182
107 183
107 184
107 187
107 188
107 189
107 191
107 192
107 196
107 197
107 198
107 199
108 112
108 114
108 116
108 118
108 119
108 122
108 123
108 124
108 125
108 127
108 128
108 130
108 133
108 135
108 138
108 139
108 140
108 144
108 145
108 146
108 148
108 149
108 150
108 154
108 155
108 156
108 162
108 163
108 166
108 168
108 169
108 172
108 176
108 177
108 178
108 181
108 182
108 185
108 192
108 193
108 194
108 195
108 196
109 111
109 113
109 116
109 119
109 121
109 122
109 123
109 125
109 126
109 128
109 135
109 136
109 138
109 139
109 141
109 142
109 145
109 147
109 148
109 149
109 150
109 151
109 153
109 156
109 157
109 160
109 162
109 163
109 164
109 167
109 172
109 174
109 176
109 177
109 181
109 182
109 188
109 189
109 190
109 192
109 193
109 194
109 195
109 196
109 198
110 111
110 112
110 118
110 119
110 121
110 122
110 123
110 124
110 125
110 126
110 128
110 133
110 136
110 137
110 140
110 142
110 146
110 147
110 148
110 149
110 150
110 153
110 154
110 157
110 159
110 160
110 165
110 170
110 172
110 173
110 178
110 179
110 180
110 181
110 185
110 188
110 190
110 191
110 193
110 194
110 195
110 198
111 116
111 117
111 118
111 122
111 128
111 130
111 132
111 134
111 135
111 139
111 141
111 142
111 145
111 146
111 147
111 148
111 149
111 151
111 154
111 156
111 160
111 161
111 162
111 163
111 164
111 168
111 172
111 173
111 175
111 177
111 178
111 179
111 180
111 181
111 184
111 187
111 188
111 189
111 190
111 192
111 193
111 194
111 197
112 113
112 118
112 119
112 122
112 123
112 125
112 126
112 127
112 130
112 131
112 132
112 133
112 134
112 140
112 143
112 144
112 145
112 146
112 148
112 149
112 154
112 157
112 159
112 160
112 167
112 171
112 172
112 173
112 176
112 177
112 179
112 181
112 182
112 183
112 185
112 190
112 193
112 194
112 196
112 198
112 199
113 114
113 115
113 116
113 118
113 119
113 121
113 122
113 124
113 125
113 126
113 127
113 128
113 130
113 133
113 134
113 136
113 137
113 138
113 140
113 141
113 142
113 145
113 146
113 147
113 148
113 151
113 153
113 154
113 155
113 161
113 162
113 164
113 167
113 170
113 178
113 179
113 180
113 183
113 184
113 186
113 187
113 189
113 191
113 198
114 115
114 116
114 117
114 121
114 123
114 125
114 126
114 128
114 129
114 130
114 132
114 135
114 136
114 138
114 140
114 141
114 145
114 148
114 150
114 152
114 154
114 156
114 159
114 160
114 162
114 163
114 165
114 166
114 168
114 171
114 172
114 175
114 178
114 181
114 183
114 184
114 187
114 189
114 192
114 195
114 197
114 198
115 116
115 117
115 119
115 120
115 121
115 122
115 123
115 126
115 129
115 131
115 134
115 135
115 138
115 139
115 141
115 142
115 144
115 146
115 148
115 149
115 150
115 151
115 153
115 157
115 158
115 162
115 164
115 165
115 167
115 171
115 173
115 175
115 176
115 178
115 180
115 181
115 186
115 189
115 190
115 193
115 195
115 196
115 199
116 117
116 119
116 122
116 123
116 124
116 125
116 126
116 129
116 131
116 134
116 136
116 139
116 147
116 149
116 151
116 152
116 154
116 158
116 161
116 163
116 166
116 167
116 168
116 169
116 174
116 175
116 176
116 180
116 181
116 187
116 188
116 191
116 192
116 193
116 198
117 118
117 119
117 124
117 125
117 126
117 131
117 132
117 137
117 138
117 139
117 143
117 145
117 147
117 148
117 149
117 150
117 152
117 153
117 154
117 162
117 164
117 165
117 173
117 179
117 180
117 181
117 188
117 189
117 190
117 191
117 193
117 196
117 198
117 199
118 119
118 123
118 126
118 130
118 136
118 138
118 139
118 140
118 141
118 142
118 145
118 147
118 148
118 149
118 151
118 152
118 153
118 158
118 163
118 165
118 166
118 167
118 168
118 169
118 170
118 171
118 174
118 175
118 176
118 177
118 178
118 179
118 180
118 181
118 182
118 185
118 186
118 188
118 189
118 192
118 193
118 194
118 197
118 199
119 120
119 124
119 126
119 128
119 131
119 134
119 136
119 138
119 139
119 140
119 141
119 142
119 143
119 144
119 145
119 147
119 149
119 150
119 154
119 155
119 157
119 160
119 161
119 162
119 163
119 164
119 165
119 166
119 168
119 169
119 170
119 173
119 175
119 177
119 179
119 185
119 186
119 187
119 188
119 189
119 190
119 191
119 192
119 194
119 195
119 198
120 122
120 128
120 129
120 130
120 131
120 132
120 133
120 135
120 137
120 138
120 140
120 146
120 149
120 150
120 151
120 152
120 154
120 156
120 157
120 158
120 159
120 161
120 162
120 168
120 169
120 171
120 172
120 173
120 175
120 183
120 184
120 185
120 188
120 189
120 190
120 192
120 193
120 195
120 197
120 198
120 199
121 124
121 125
121 126
121 127
121 128
121 130
121 131
121 132
121 133
121 136
121 137
121 138
121 139
121 141
121 143
121 144
121 146
121 149
121 150
121 154
121 156
121 160
121 161
121 162
121 163
121 165
121 167
121 169
121 177
121 178
121 179
121 183
121 184
121 185
121 186
121 189
121 190
121 192
121 193
121 194
121 195
121 198
121 199
122 123
122 124
122 125
122 127
122 130
122 131
122 134
122 135
122 136
122 137
122 138
122 139
122 140
122 141
122 142
122 143
122 144
122 146
122 148
122 152
122 153
122 156
122 157
122 159
122 160
122 161
122 166
122 168
122 169
122 171
122 174
122 175
122 177
122 180
122 181
122 184
122 185
122 186
122 194
122 196
122 197
123 125
123 126
123 128
123 129
123 130
123 133
123 135
123 137
123 138
123 140
123 143
123 144
123 145
123 146
123 147
123 151
123 152
123 153
123 157
123 160
123 161
123 162
123 163
123 164
123 165
123 166
123 167
123 173
123 174
123 175
123 176
123 177
123 179
123 181
123 182
123 184
123 185
123 188
123 189
123 194
123 195
123 197
123 198
123 199
124 126
124 129
124 131
124 132
124 135
124 139
124 140
124 141
124 146
124 147
124 151
124 154
124 157
124 158
124 159
124 161
124 162
124 164
124 165
124 167
124 168
124 170
124 171
124 175
124 177
124 179
124 180
124 184
124 187
124 188
124 190
124 191
124 192
124 194
124 196
124 197
125 126
125 128
125 129
125 132
125 133
125 134
125 137
125 138
125 139
125 140
125 141
125 143
125 145
125 146
125 147
125 154
125 156
125 157
125 162
125 164
125 166
125 169
125 173
125 175
125 179
125 180
125 181
125 182
125 183
125 186
125 188
125 189
125 192
125 193
125 194
125 195
125 196
125 197
125 198
125 199
126 129
126 131
126 132
126 134
126 137
126 139
126 140
126 141
126 142
126 144
126 147
126 149
126 153
126 154
126 161
126 165
126 167
126 172
126 173
126 174
126 176
126 178
126 179
126 180
126 182
126 184
126 185
126 187
126 188
126 189
126 191
126 193
126 194
126 197
126 198
126 199
127 128
127 129
127 131
127 132
127 134
127 137
127 141
127 142
127 143
127 145
127 146
127 148
127 149
127 150
127 153
127 154
127 156
127 157
127 160
127 162
127 163
127 166
127 169
127 171
127 172
127 174
127 178
127 179
127 180
127 183
127 184
127 185
127 191
127 192
127 194
127 195
127 196
127 197
127 198
127 199
128 129
128 130
128 131
128 132
128 133
128 135
128 136
128 138
128 140
128 141
128 145
128 146
128 148
128 149
128 150
128 151
128 155
128 156
128 158
128 159
128 161
128 163
128 165
128 166
128 168
128 169
128 173
128 181
128 183
128 184
128 186
128 189
128 194
128 195
128 196
128 197
128 199
129 130
129 132
129 134
129 136
129 138
129 149
129 150
129 151
129 153
129 157
129 158
129 160
129 162
129 165
129 166
129 167
129 168
129 171
129 175
129 176
129 178
129 180
129 184
129 185
129 186
129 189
129 190
129 193
129 194
129 196
129 199
130 133
130 134
130 135
130 136
130 137
130 138
130 142
130 143
130 145
130 147
130 148
130 149
130 150
130 151
130 153
130 158
130 160
130 162
130 165
130 168
130 173
130 174
130 176
130 177
130 178
130 179
130 180
130 187
130 188
130 193
130 197
130 199
131 132
131 133
131 134
131 136
131 139
131 140
131 143
131 144
131 147
131 148
131 150
131 152
131 153
131 156
131 159
131 160
131 161
131 162
131 164
131 165
131 166
131 167
131 168
131 170
131 172
131 174
131 177
131 180
131 181
131 182
131 183
131 184
131 185
131 188
131 189
131 190
131 191
131 197
132 133
132 134
132 138
132 144
132 145
132 146
132 150
132 151
132 154
132 156
132 157
132 158
132 160
132 162
132 164
132 165
132 166
132 168
132 169
132 171
132 172
132 177
132 178
132 182
132 183
132 184
132 186
132 187
132 188
132 189
132 191
132 193
132 195
132 196
132 199
133 134
133 136
133 141
133 146
133 148
133 149
133 150
133 153
133 154
133 157
133 159
133 162
133 164
133 166
133 167
133 169
133 171
133 174
133 176
133 179
133 183
133 186
133 189
133 190
134 136
134 137
134 139
134 141
134 143
134 145
134 149
134 150
134 151
134 153
134 154
134 156
134 157
134 158
134 160
134 161
134 162
134 164
134 165
134 170
134 171
134 172
134 173
134 174
134 175
134 176
134 179
134 180
134 182
134 186
134 188
134 189
134 195
135 136
135 137
135 138
135 140
135 141
135 142
135 143
135 144
135 146
135 147
135 148
135 153
135 154
135 158
135 161
135 162
135 165
135 166
135 167
135 171
135 172
135 176
135 177
135 178
135 180
135 181
135 182
135 184
135 185
135 186
135 192
135 193
135 195
135 196
135 198
135 199
136 137
136 138
136 139
136 140
136 142
136 143
136 147
136 152
136 153
136 157
136 159
136 161
136 164
136 167
136 172
136 175
136 176
136 180
136 181
136 183
136 184
136 185
136 186
136 187
136 188
136 190
136 192
136 194
136 196
136 198
137 139
137 140
137 141
137 142
137 144
137 146
137 147
137 151
137 152
137 153
137 155
137 156
137 157
137 158
137 159
137 160
137 162
137 163
137 165
137 166
137 168
137 169
137 170
137 171
137 173
137 174
137 175
137 178
137 180
137 181
137 184
137 186
137 187
137 190
137 195
137 197
137 198
138 140
138 141
138 142
138 143
138 145
138 146
138 148
138 149
138 150
138 152
138 153
138 154
138 155
138 157
138 159
138 161
138 163
138 165
138 166
138 169
138 171
138 176
138 177
138 180
138 182
138 184
138 187
138 188
138 189
138 190
138 192
138 194
138 195
138 196
138 197
138 198
138 199
139 145
139 147
139 149
139 150
139 151
139 152
139 154
139 156
139 157
139 158
139 162
139 163
139 165
139 166
139 167
139 170
139 171
139 172
139 173
139 174
139 175
139 177
139 179
139 180
139 181
139 183
139 186
139 187
139 190
139 191
139 193
139 196
139 197
139 198
140 141
140 142
140 143
140 145
140 146
140 147
140 148
140 149
140 150
140 153
140 154
140 158
140 160
140 161
140 163
140 165
140 166
140 167
140 169
140 170
140 171
140 172
140 174
140 175
140 178
140 182
140 184
140 187
140 188
140 189
140 194
140 195
140 196
140 197
140 198
140 199
141 142
141 144
141 149
141 151
141 155
141 159
141 161
141 162
141 164
141 165
141 166
141 167
141 169
141 170
141 173
141 178
141 179
141 180
141 182
141 186
141 187
141 189
141 193
141 196
141 198
142 143
142 144
142 146
142 149
142 151
142 152
142 154
142 155
142 156
142 157
142 159
142 161
142 163
142 164
142 166
142 169
142 173
142 174
142 175
142 176
142 180
142 184
142 187
142 190
142 191
142 192
142 193
142 195
142 198
142 199
143 146
143 149
143 152
143 154
143 158
143 159
143 163
143 170
143 172
143 178
143 180
143 182
143 184
143 185
143 187
143 192
143 196
143 197
143 198
143 199
144 147
144 148
144 152
144 158
144 159
144 160
144 163
144 164
144 165
144 169
144 173
144 174
144 179
144 180
144 186
144 187
144 188
144 194
144 195
144 196
144 199
145 146
145 151
145 152
145 153
145 158
145 159
145 161
145 164
145 165
145 167
145 170
145 172
145 173
145 175
145 176
145 178
145 179
145 181
145 182
145 183
145 185
145 186
145 188
145 189
145 190
145 191
145 193
145 194
145 195
145 196
145 199
146 150
146 153
146 155
146 156
146 158
146 160
146 161
146 162
146 163
146 164
146 168
146 170
146 171
146 172
146 173
146 174
146 175
146 176
146 177
146 178
146 179
146 182
146 184
146 185
146 188
146 189
146 191
146 197
147 148
147 149
147 153
147 154
147 156
147 157
147 158
147 160
147 161
147 162
147 163
147 166
147 167
147 168
147 171
147 173
147 175
147 176
147 178
147 179
147 188
147 189
147 192
147 193
147 194
147 198
148 149
148 154
148 156
148 157
148 159
148 160
148 161
148 164
148 166
148 168
148 169
148 173
148 174
148 176
148 180
148 181
148 182
148 183
148 185
148 188
148 190
148 192
148 193
148 194
148 196
148 199
149 151
149 154
149 155
149 156
149 159
149 160
149 161
149 164
149 165
149 167
149 170
149 174
149 180
149 187
149 188
149 190
149 194
149 195
149 196
149 198
150 151
150 154
150 159
150 160
150 162
150 165
150 166
150 167
150 169
150 173
150 174
150 175
150 177
150 178
150 180
150 181
150 182
150 185
150 186
150 187
150 190
150 191
150 192
150 193
150 195
150 196
150 198
150 199
151 153
151 154
151 156
151 157
151 158
151 160
151 161
151 162
151 165
151 167
151 173
151 176
151 178
151 179
151 180
151 182
151 183
151 185
151 191
151 192
151 193
151 195
151 196
151 198
151 199
152 153
152 154
152 155
152 159
152 160
152 161
152 165
152 166
152 169
152 170
152 171
152 172
152 178
152 181
152 182
152 184
152 186
152 196
153 160
153 164
153 165
153 166
153 169
153 170
153 171
153 172
153 173
153 174
153 175
153 176
153 178
153 179
153 181
153 182
153 185
153 186
153 187
153 188
153 191
153 192
153 194
153 199
154 155
154 156
154 157
154 159
154 162
154 163
154 165
154 167
154 168
154 169
154 170
154 171
154 173
154 176
154 181
154 182
154 183
154 185
154 186
154 189
154 191
154 192
154 194
154 196
154 197
155 156
155 158
155 159
155 163
155 166
155 170
155 176
155 177
155 180
155 181
155 183
155 188
155 189
155 191
155 192
155 194
155 196
155 197
155 199
156 157
156 158
156 165
156 169
156 170
156 172
156 176
156 180
156 184
156 186
156 187
156 188
156 190
156 191
156 192
156 193
156 195
156 196
156 199
157 161
157 163
157 168
157 169
157 170
157 172
157 176
157 178
157 179
157 182
157 183
157 185
157 186
157 187
157 188
157 195
157 196
157 198
158 160
158 163
158 167
158 169
158 170
158 171
158 172
158 175
158 176
158 177
158 179
158 182
158 183
158 185
158 187
158 188
158 189
158 192
158 193
158 196
158 197
159 162
159 163
159 166
159 167
159 170
159 173
159 174
159 175
159 176
159 178
159 179
159 182
159 183
159 184
159 185
159 186
159 187
159 189
159 190
159 191
159 194
159 199
160 161
160 163
160 164
160 165
160 166
160 167
160 168
160 170
160 175
160 176
160 178
160 179
160 181
160 182
160 183
160 186
160 187
160 189
160 190
160 193
160 194
160 197
160 198
161 163
161 167
161 169
161 171
161 172
161 174
161 175
161 176
161 178
161 179
161 181
161 182
161 183
161 184
161 185
161 188
161 191
161 193
161 194
161 195
161 196
161 199
162 163
162 164
162 165
162 173
162 177
162 178
162 180
162 181
162 185
162 186
162 187
162 189
162 191
162 193
162 194
162 196
163 166
163 172
163 173
163 174
163 175
163 176
163 177
163 178
163 179
163 182
163 183
163 186
163 192
163 196
163 198
163 199
164 165
164 166
164 167
164 168
164 174
164 176
164 177
164 178
164 180
164 182
164 184
164 185
164 186
164 187
164 188
164 190
164 191
164 192
164 198
165 166
165 170
165 171
165 172
165 174
165 175
165 176
165 179
165 180
165 181
165 182
165 184
165 185
165 186
165 187
165 189
165 191
165 192
165 193
165 198
166 167
166 168
166 169
166 174
166 178
166 182
166 184
166 185
166 186
166 188
166 189
166 191
166 192
166 194
166 195
166 196
166 197
167 168
167 171
167 172
167 174
167 175
167 176
167 178
167 180
167 183
167 186
167 187
167 189
167 190
167 191
167 192
167 193
167 195
168 169
168 170
168 174
168 176
168 179
168 180
168 181
168 184
168 185
168 186
168 187
168 190
168 191
168 192
168 195
168 196
169 171
169 174
169 175
169 176
169 177
169 180
169 183
169 189
169 190
169 193
169 194
169 196
170 171
170 172
170 176
170 182
170 183
170 184
170 186
170 187
170 188
170 189
170 190
170 192
170 197
171 173
171 174
171 177
171 178
171 179
171 180
171 181
171 183
171 186
171 188
171 189
171 192
171 193
171 199
172 173
172 175
172 176
172 178
172 185
172 189
172 191
172 192
172 194
172 195
172 196
172 197
172 198
173 175
173 179
173 181
173 183
173 186
173 187
173 190
173 196
173 197
173 198
173 199
174 178
174 179
174 180
174 181
174 183
174 186
174 187
174 189
174 190
174 193
174 196
174 197
174 198
175 176
175 183
175 185
175 187
175 188
175 195
175 196
175 197
176 179
176 180
176 181
176 182
176 183
176 185
176 187
176 188
176 190
176 191
176 194
176 195
176 197
176 199
177 183
177 184
177 185
177 186
177 188
177 189
177 190
177 191
177 192
177 194
177 195
177 197
177 199
178 179
178 181
178 182
178 184
178 185
178 188
178 189
178 191
178 198
179 180
179 181
179 182
179 184
179 188
179 189
179 190
179 193
179 194
179 195
179 196
179 198
179 199
180 183
180 184
180 185
180 188
180 189
180 190
180 191
180 192
180 193
180 194
180 199
181 183
181 184
181 186
181 187
181 193
181 194
181 195
181 197
182 183
182 184
182 185
182 187
182 189
182 190
182 192
182 193
182 196
182 197
183 185
183 188
183 191
183 193
183 195
183 197
183 198
184 190
184 191
184 193
184 194
184 198
185 188
185 189
185 190
185 191
185 194
185 195
185 196
185 197
186 187
186 188
186 191
186 192
186 194
186 196
186 198
186 199
187 191
187 192
187 196
187 199
188 191
188 198
188 199
189 192
189 193
189 195
189 198
190 193
190 196
190 197
190 198
191 192
191 193
191 195
191 197
191 198
192 195
192 198
192 199
193 194
193 195
193 197
193 198
194 195
194 198
194 199
195 196
195 197
195 198
196 197
197 198
