0 2
0 7
0 9
0 10
0 14
0 15
0 17
0 18
0 20
0 21
0 23
0 24
0 26
0 31
0 33
0 36
0 39
0 40
0 41
0 43
0 46
0 49
0 51
0 52
0 54
0 57
0 58
0 61
0 65
0 66
0 70
0 71
0 72
0 74
0 76
0 77
0 79
0 82
0 88
0 92
0 94
0 96
0 97
0 98
0 102
0 104
0 105
0 107
0 108
0 110
0 111
0 114
0 115
0 117
0 120
0 122
0 124
0 125
0 129
0 132
0 138
0 139
0 143
0 147
0 150
0 151
0 155
0 157
0 162
0 163
0 165
0 166
0 170
0 173
0 174
0 176
0 177
0 178
0 180
0 182
0 184
0 185
0 186
0 189
0 190
0 191
0 195
0 196
0 197
0 198
0 199
0 201
0 202
0 203
0 206
0 207
0 209
0 211
0 214
0 215
0 218
0 219
0 220
0 223
1 4
1 7
1 8
1 10
1 12
1 13
1 14
1 16
1 19
1 20
1 21
1 22
1 23
1 25
1 26
1 28
1 29
1 32
1 37
1 38
1 40
1 43
1 44
1 45
1 46
1 47
1 48
1 50
1 52
1 54
1 57
1 58
1 59
1 62
1 63
1 66
1 67
1 68
1 72
1 74
1 75
1 76
1 79
1 84
1 86
1 87
1 88
1 89
1 91
1 93
1 94
1 95
1 97
1 100
1 101
1 102
1 105
1 106
1 107
1 108
1 110
1 111
1 115
1 116
1 119
1 121
1 122
1 124
1 125
1 129
1 132
1 135
1 136
1 137
1 138
1 140
1 142
1 144
1 147
1 148
1 151
1 152
1 156
1 159
1 161
1 162
1 165
1 167
1 169
1 170
1 171
1 172
1 177
1 179
1 182
1 184
1 185
1 187
1 190
1 191
1 192
1 195
1 196
1 198
1 200
1 202
1 203
1 204
1 206
1 207
1 208
1 212
1 214
1 216
1 218
1 220
1 222
1 223
2 3
2 5
2 7
2 9
2 10
2 13
2 15
2 16
2 19
2 20
2 21
2 25
2 26
2 27
2 28
2 29
2 30
2 31
2 32
2 34
2 35
2 41
2 42
2 50
2 51
2 52
2 53
2 54
2 56
2 58
2 59
2 60
2 61
2 65
2 69
2 70
2 72
2 73
2 74
2 77
2 78
2 79
2 81
2 82
2 83
2 84
2 86
2 87
2 88
2 90
2 92
2 94
2 99
2 100
2 102
2 104
2 105
2 106
2 107
2 108
2 111
2 112
2 115
2 118
2 119
2 120
2 121
2 122
2 123
2 126
2 127
2 128
2 129
2 130
2 131
2 132
2 133
2 134
2 137
2 141
2 144
2 145
2 146
2 147
2 149
2 151
2 152
2 153
2 158
2 160
2 165
2 166
2 167
2 171
2 172
2 174
2 182
2 183
2 184
2 185
2 186
2 187
2 189
2 190
2 191
2 192
2 193
2 196
2 197
2 199
2 200
2 201
2 202
2 205
2 206
2 211
2 213
2 214
2 215
2 217
2 220
3 4
3 6
3 9
3 11
3 13
3 14
3 16
3 19
3 23
3 25
3 27
3 30
3 31
3 34
3 35
3 36
3 39
3 41
3 42
3 43
3 44
3 47
3 49
3 50
3 51
3 52
3 54
3 56
3 57
3 59
3 60
3 62
3 63
3 64
3 65
3 66
3 68
3 69
3 71
3 73
3 75
3 76
3 77
3 78
3 81
3 86
3 87
3 88
3 91
3 92
3 93
3 94
3 95
3 97
3 100
3 102
3 103
3 105
3 106
3 108
3 109
3 111
3 112
3 114
3 115
3 117
3 119
3 120
3 121
3 129
3 131
3 135
3 136
3 137
3 139
3 140
3 141
3 142
3 144
3 148
3 149
3 151
3 152
3 153
3 154
3 156
3 159
3 160
3 161
3 163
3 166
3 167
3 168
3 169
3 170
3 171
3 172
3 174
3 176
3 180
3 181
3 182
3 184
3 185
3 193
3 194
3 197
3 198
3 199
3 204
3 205
3 206
3 207
3 209
3 213
3 215
3 218
3 221
3 223
3 224
4 5
4 7
4 11
4 13
4 14
4 18
4 19
4 20
4 24
4 26
4 27
4 28
4 30
4 31
4 33
4 37
4 38
4 39
4 41
4 46
4 47
4 51
4 54
4 56
4 57
4 60
4 62
4 63
4 66
4 67
4 69
4 72
4 73
4 75
4 76
4 78
4 79
4 82
4 83
4 84
4 85
4 88
4 91
4 92
4 93
4 99
4 100
4 104
4 105
4 106
4 108
4 109
4 111
4 112
4 115
4 116
4 117
4 119
4 123
4 124
4 126
4 129
4 132
4 133
4 138
4 139
4 142
4 143
4 144
4 146
4 148
4 152
4 153
4 154
4 157
4 159
4 161
4 162
4 163
4 166
4 169
4 172
4 175
4 177
4 181
4 182
4 183
4 185
4 186
4 187
4 189
4 198
4 199
4 200
4 203
4 206
4 208
4 211
4 213
4 217
4 218
4 219
4 221
4 224
5 6
5 7
5 8
5 11
5 13
5 14
5 18
5 20
5 21
5 22
5 23
5 25
5 27
5 28
5 31
5 33
5 34
5 37
5 38
5 39
5 40
5 46
5 47
5 48
5 50
5 51
5 52
5 53
5 54
5 59
5 63
5 65
5 68
5 70
5 72
5 75
5 76
5 78
5 82
5 83
5 84
5 85
5 88
5 91
5 92
5 95
5 97
5 98
5 100
5 103
5 104
5 105
5 106
5 108
5 110
5 111
5 116
5 118
5 119
5 122
5 124
5 125
5 126
5 127
5 130
5 131
5 132
5 133
5 134
5 136
5 137
5 140
5 141
5 142
5 143
5 144
5 148
5 151
5 152
5 154
5 155
5 156
5 158
5 163
5 165
5 167
5 169
5 170
5 171
5 173
5 174
5 175
5 181
5 182
5 185
5 186
5 187
5 189
5 190
5 191
5 192
5 193
5 197
5 199
5 200
5 201
5 202
5 205
5 207
5 209
5 210
5 211
5 214
5 222
5 224
6 7
6 9
6 12
6 14
6 16
6 17
6 18
6 19
6 20
6 22
6 23
6 26
6 28
6 31
6 33
6 36
6 38
6 40
6 43
6 44
6 50
6 51
6 52
6 54
6 55
6 56
6 57
6 58
6 59
6 60
6 63
6 67
6 69
6 72
6 74
6 75
6 78
6 81
6 83
6 85
6 88
6 89
6 90
6 92
6 93
6 97
6 101
6 102
6 103
6 105
6 107
6 108
6 109
6 110
6 111
6 112
6 115
6 117
6 118
6 119
6 121
6 122
6 123
6 125
6 126
6 129
6 130
6 131
6 132
6 136
6 137
6 138
6 140
6 141
6 145
6 147
6 149
6 151
6 154
6 158
6 159
6 160
6 162
6 166
6 167
6 171
6 176
6 177
6 180
6 182
6 189
6 193
6 195
6 197
6 200
6 203
6 205
6 209
6 211
6 212
6 213
6 215
6 217
6 219
6 220
6 221
6 223
7 9
7 11
7 14
7 17
7 19
7 22
7 23
7 30
7 32
7 36
7 39
7 46
7 49
7 51
7 53
7 54
7 56
7 57
7 58
7 60
7 61
7 64
7 65
7 67
7 68
7 69
7 70
7 72
7 73
7 74
7 79
7 80
7 81
7 82
7 86
7 88
7 89
7 91
7 94
7 98
7 101
7 102
7 103
7 106
7 108
7 109
7 110
7 111
7 113
7 115
7 116
7 122
7 123
7 129
7 130
7 131
7 134
7 135
7 136
7 139
7 142
7 143
7 144
7 145
7 147
7 149
7 150
7 152
7 153
7 155
7 157
7 158
7 161
7 163
7 164
7 165
7 166
7 169
7 170
7 171
7 172
7 174
7 175
7 176
7 177
7 178
7 179
7 186
7 190
7 195
7 199
7 202
7 207
7 208
7 209
7 210
7 212
7 213
7 214
7 215
7 217
7 218
7 220
7 221
8 9
8 13
8 17
8 18
8 20
8 21
8 22
8 25
8 26
8 29
8 34
8 35
8 41
8 42
8 43
8 47
8 49
8 51
8 55
8 56
8 60
8 61
8 67
8 68
8 69
8 70
8 72
8 73
8 74
8 76
8 78
8 80
8 82
8 83
8 84
8 85
8 87
8 89
8 90
8 93
8 94
8 95
8 97
8 99
8 100
8 101
8 102
8 103
8 106
8 108
8 110
8 111
8 113
8 114
8 116
8 119
8 120
8 121
8 127
8 128
8 131
8 133
8 134
8 137
8 138
8 139
8 140
8 147
8 148
8 150
8 151
8 152
8 153
8 155
8 157
8 159
8 160
8 161
8 162
8 164
8 165
8 170
8 174
8 175
8 177
8 178
8 181
8 183
8 185
8 186
8 189
8 190
8 192
8 193
8 194
8 195
8 197
8 198
8 202
8 203
8 204
8 205
8 208
8 211
8 214
8 216
8 218
8 220
8 223
8 224
9 11
9 12
9 18
9 21
9 22
9 26
9 27
9 31
9 32
9 34
9 36
9 39
9 40
9 41
9 44
9 46
9 47
9 48
9 51
9 54
9 55
9 59
9 60
9 63
9 65
9 66
9 67
9 68
9 69
9 71
9 72
9 77
9 78
9 79
9 81
9 84
9 90
9 92
9 93
9 94
9 95
9 97
9 101
9 103
9 106
9 108
9 109
9 110
9 111
9 112
9 115
9 117
9 123
9 125
9 126
9 127
9 128
9 129
9 130
9 131
9 132
9 133
9 134
9 136
9 137
9 139
9 141
9 142
9 143
9 146
9 147
9 150
9 152
9 153
9 155
9 156
9 158
9 159
9 161
9 162
9 163
9 166
9 167
9 168
9 179
9 180
9 181
9 182
9 189
9 196
9 197
9 198
9 200
9 205
9 209
9 210
9 213
9 216
9 217
9 221
9 223
10 11
10 12
10 13
10 15
10 16
10 18
10 20
10 21
10 22
10 23
10 27
10 29
10 30
10 33
10 34
10 36
10 37
10 39
10 41
10 42
10 43
10 45
10 47
10 48
10 49
10 50
10 52
10 53
10 55
10 56
10 57
10 61
10 62
10 64
10 67
10 68
10 72
10 74
10 75
10 78
10 79
10 80
10 81
10 83
10 84
10 85
10 91
10 92
10 93
10 96
10 98
10 101
10 102
10 103
10 104
10 105
10 109
10 112
10 113
10 117
10 118
10 119
10 120
10 121
10 124
10 127
10 128
10 129
10 130
10 133
10 134
10 135
10 136
10 137
10 138
10 141
10 147
10 149
10 150
10 151
10 152
10 156
10 157
10 159
10 160
10 163
10 164
10 165
10 166
10 168
10 169
10 170
10 172
10 174
10 176
10 177
10 178
10 181
10 186
10 187
10 188
10 189
10 190
10 193
10 194
10 197
10 204
10 205
10 206
10 210
10 213
10 214
10 215
10 216
10 217
10 218
10 219
10 221
10 223
11 16
11 17
11 18
11 19
11 21
11 23
11 24
11 25
11 26
11 28
11 29
11 31
11 33
11 34
11 35
11 36
11 40
11 43
11 45
11 46
11 48
11 50
11 51
11 52
11 54
11 55
11 57
11 58
11 59
11 62
11 63
11 67
11 72
11 73
11 74
11 76
11 77
11 81
11 85
11 88
11 93
11 94
11 95
11 96
11 97
11 99
11 100
11 101
11 105
11 106
11 108
11 111
11 113
11 114
11 117
11 118
11 119
11 120
11 121
11 126
11 129
11 130
11 135
11 139
11 143
11 145
11 147
11 148
11 149
11 153
11 154
11 157
11 158
11 159
11 160
11 161
11 162
11 165
11 166
11 170
11 172
11 173
11 175
11 176
11 179
11 181
11 182
11 183
11 185
11 187
11 188
11 190
11 192
11 195
11 196
11 198
11 199
11 204
11 205
11 206
11 207
11 209
11 210
11 212
11 213
11 214
11 220
11 222
11 224
12 13
12 18
12 19
12 20
12 25
12 26
12 30
12 31
12 33
12 34
12 40
12 42
12 43
12 47
12 48
12 52
12 55
12 58
12 59
12 63
12 67
12 69
12 70
12 71
12 73
12 77
12 78
12 80
12 84
12 86
12 87
12 89
12 90
12 91
12 92
12 93
12 94
12 95
12 98
12 99
12 101
12 102
12 105
12 107
12 109
12 110
12 111
12 114
12 115
12 116
12 118
12 119
12 120
12 121
12 124
12 125
12 126
12 129
12 133
12 136
12 137
12 139
12 140
12 141
12 143
12 144
12 145
12 146
12 149
12 151
12 153
12 158
12 159
12 164
12 166
12 170
12 172
12 176
12 181
12 182
12 186
12 188
12 190
12 191
12 192
12 194
12 196
12 197
12 198
12 201
12 205
12 206
12 207
12 209
12 212
12 213
12 214
12 216
12 219
12 220
12 221
12 223
13 14
13 15
13 17
13 23
13 25
13 28
13 29
13 30
13 32
13 34
13 39
13 40
13 41
13 43
13 45
13 47
13 49
13 51
13 54
13 57
13 60
13 61
13 64
13 65
13 67
13 71
13 75
13 78
13 79
13 80
13 83
13 85
13 86
13 87
13 88
13 92
13 93
13 94
13 96
13 98
13 100
13 101
13 102
13 105
13 107
13 111
13 112
13 114
13 117
13 119
13 120
13 122
13 123
13 124
13 127
13 131
13 132
13 133
13 134
13 136
13 138
13 139
13 143
13 144
13 145
13 147
13 148
13 151
13 153
13 156
13 161
13 164
13 168
13 170
13 171
13 173
13 174
13 177
13 179
13 180
13 181
13 183
13 185
13 189
13 190
13 191
13 195
13 200
13 201
13 202
13 206
13 207
13 209
13 211
13 214
13 215
13 216
13 217
13 218
13 219
13 221
13 222
13 224
14 18
14 19
14 21
14 22
14 25
14 26
14 27
14 31
14 32
14 38
14 39
14 40
14 44
14 46
14 47
14 49
14 50
14 51
14 52
14 54
14 57
14 59
14 62
14 65
14 67
14 68
14 70
14 71
14 73
14 74
14 78
14 81
14 82
14 83
14 86
14 87
14 88
14 89
14 91
14 93
14 95
14 96
14 98
14 107
14 109
14 110
14 113
14 115
14 116
14 118
14 119
14 120
14 124
14 125
14 128
14 132
14 135
14 136
14 137
14 138
14 139
14 142
14 143
14 145
14 147
14 148
14 150
14 151
14 153
14 154
14 156
14 158
14 162
14 165
14 167
14 169
14 172
14 173
14 175
14 176
14 178
14 179
14 180
14 182
14 183
14 185
14 187
14 193
14 194
14 196
14 197
14 198
14 200
14 201
14 202
14 204
14 208
14 209
14 217
14 219
14 220
14 223
14 224
15 17
15 20
15 22
15 23
15 24
15 26
15 30
15 31
15 32
15 33
15 36
15 37
15 38
15 44
15 48
15 49
15 52
15 53
15 55
15 56
15 57
15 58
15 59
15 61
15 63
15 64
15 65
15 68
15 70
15 71
15 72
15 76
15 78
15 82
15 83
15 84
15 85
15 87
15 88
15 92
15 93
15 94
15 96
15 97
15 101
15 103
15 106
15 108
15 111
15 113
15 114
15 115
15 116
15 118
15 119
15 123
15 124
15 126
15 131
15 134
15 138
15 140
15 141
15 144
15 146
15 147
15 150
15 151
15 154
15 157
15 159
15 160
15 162
15 163
15 164
15 165
15 168
15 169
15 171
15 175
15 176
15 177
15 178
15 181
15 183
15 184
15 188
15 191
15 192
15 195
15 197
15 198
15 199
15 200
15 201
15 205
15 208
15 210
15 212
15 213
15 214
15 217
15 220
16 21
16 22
16 25
16 27
16 34
16 35
16 42
16 43
16 45
16 46
16 47
16 48
16 51
16 55
16 58
16 59
16 60
16 61
16 62
16 63
16 64
16 66
16 70
16 74
16 81
16 84
16 85
16 86
16 87
16 88
16 90
16 91
16 92
16 93
16 94
16 95
16 98
16 99
16 100
16 102
16 103
16 104
16 106
16 107
16 117
16 118
16 121
16 122
16 123
16 126
16 127
16 130
16 132
16 138
16 139
16 140
16 142
16 143
16 144
16 147
16 148
16 149
16 151
16 152
16 154
16 155
16 156
16 159
16 162
16 163
16 164
16 165
16 166
16 167
16 168
16 171
16 172
16 175
16 177
16 178
16 180
16 181
16 182
16 183
16 184
16 187
16 188
16 190
16 191
16 192
16 194
16 197
16 198
16 201
16 202
16 203
16 206
16 210
16 212
16 213
16 214
16 217
16 218
16 221
16 222
16 223
16 224
17 18
17 19
17 23
17 25
17 27
17 32
17 35
17 36
17 38
17 39
17 42
17 44
17 51
17 53
17 54
17 58
17 59
17 60
17 61
17 62
17 66
17 67
17 69
17 71
17 72
17 74
17 75
17 77
17 78
17 79
17 80
17 81
17 82
17 85
17 87
17 88
17 91
17 92
17 93
17 94
17 95
17 96
17 97
17 98
17 101
17 102
17 104
17 105
17 106
17 108
17 109
17 110
17 111
17 112
17 113
17 117
17 120
17 122
17 124
17 125
17 127
17 136
17 139
17 145
17 153
17 156
17 157
17 158
17 159
17 160
17 161
17 165
17 166
17 167
17 168
17 176
17 178
17 182
17 183
17 184
17 186
17 191
17 193
17 194
17 196
17 198
17 200
17 201
17 202
17 203
17 204
17 206
17 208
17 211
17 212
17 214
17 215
17 216
17 217
17 219
17 222
17 224
18 19
18 20
18 21
18 23
18 24
18 26
18 27
18 28
18 29
18 33
18 36
18 38
18 40
18 41
18 43
18 46
18 48
18 49
18 52
18 53
18 55
18 59
18 60
18 61
18 62
18 64
18 67
18 68
18 70
18 71
18 72
18 75
18 76
18 79
18 80
18 81
18 82
18 83
18 84
18 86
18 91
18 98
18 99
18 102
18 103
18 106
18 108
18 111
18 112
18 114
18 115
18 116
18 122
18 123
18 124
18 127
18 128
18 129
18 130
18 133
18 136
18 138
18 139
18 140
18 142
18 144
18 146
18 148
18 151
18 152
18 155
18 156
18 158
18 159
18 161
18 162
18 163
18 164
18 167
18 168
18 170
18 171
18 173
18 175
18 176
18 177
18 180
18 184
18 185
18 187
18 188
18 192
18 194
18 196
18 198
18 200
18 201
18 203
18 204
18 206
18 208
18 209
18 213
18 216
18 217
18 218
18 222
18 223
19 22
19 23
19 26
19 28
19 29
19 30
19 31
19 32
19 36
19 38
19 41
19 42
19 43
19 44
19 45
19 46
19 47
19 48
19 49
19 50
19 51
19 52
19 53
19 57
19 58
19 59
19 61
19 63
19 64
19 66
19 69
19 70
19 71
19 72
19 73
19 75
19 76
19 78
19 79
19 83
19 85
19 86
19 87
19 88
19 89
19 94
19 95
19 96
19 99
19 103
19 106
19 107
19 108
19 110
19 116
19 117
19 118
19 119
19 127
19 128
19 129
19 130
19 135
19 140
19 141
19 142
19 144
19 146
19 147
19 148
19 149
19 150
19 155
19 157
19 158
19 159
19 160
19 162
19 165
19 167
19 169
19 170
19 171
19 176
19 178
19 179
19 182
19 184
19 185
19 188
19 189
19 190
19 192
19 195
19 196
19 197
19 200
19 201
19 204
19 205
19 210
19 213
19 214
19 215
19 217
19 219
19 220
19 221
19 222
19 223
20 21
20 22
20 25
20 27
20 28
20 32
20 35
20 37
20 44
20 46
20 47
20 48
20 52
20 53
20 54
20 55
20 57
20 59
20 63
20 66
20 67
20 68
20 71
20 75
20 77
20 79
20 81
20 84
20 86
20 87
20 92
20 94
20 96
20 98
20 100
20 101
20 105
20 106
20 108
20 111
20 112
20 113
20 122
20 123
20 124
20 126
20 127
20 128
20 129
20 130
20 133
20 134
20 136
20 139
20 140
20 141
20 146
20 149
20 151
20 154
20 157
20 158
20 166
20 173
20 175
20 176
20 177
20 179
20 180
20 185
20 187
20 188
20 189
20 191
20 195
20 196
20 197
20 199
20 200
20 202
20 203
20 204
20 205
20 208
20 211
20 213
20 218
20 223
20 224
21 24
21 26
21 27
21 30
21 31
21 33
21 34
21 35
21 36
21 43
21 45
21 48
21 49
21 52
21 54
21 55
21 61
21 62
21 63
21 66
21 67
21 71
21 74
21 78
21 79
21 80
21 81
21 82
21 83
21 84
21 85
21 86
21 87
21 90
21 91
21 95
21 98
21 101
21 102
21 104
21 105
21 106
21 108
21 109
21 110
21 111
21 112
21 113
21 115
21 119
21 121
21 122
21 123
21 125
21 126
21 130
21 132
21 134
21 136
21 137
21 139
21 143
21 145
21 148
21 150
21 154
21 158
21 159
21 160
21 161
21 164
21 166
21 167
21 168
21 169
21 170
21 171
21 172
21 173
21 174
21 175
21 176
21 177
21 179
21 181
21 182
21 186
21 188
21 189
21 191
21 194
21 197
21 200
21 202
21 204
21 206
21 207
21 208
21 211
21 212
21 213
21 214
21 215
21 217
21 219
21 224
22 25
22 27
22 28
22 33
22 34
22 35
22 36
22 37
22 38
22 41
22 42
22 44
22 46
22 51
22 53
22 58
22 59
22 60
22 61
22 66
22 69
22 70
22 71
22 72
22 76
22 77
22 80
22 82
22 83
22 84
22 88
22 91
22 92
22 93
22 97
22 99
22 101
22 102
22 103
22 106
22 110
22 111
22 112
22 118
22 124
22 125
22 126
22 128
22 130
22 131
22 132
22 134
22 135
22 138
22 139
22 140
22 141
22 142
22 144
22 146
22 150
22 151
22 153
22 154
22 156
22 157
22 160
22 165
22 169
22 174
22 175
22 176
22 177
22 178
22 179
22 183
22 185
22 186
22 187
22 188
22 190
22 191
22 192
22 193
22 195
22 200
22 201
22 205
22 206
22 207
22 208
22 212
22 213
22 216
22 217
22 223
23 25
23 27
23 30
23 31
23 32
23 34
23 38
23 39
23 45
23 46
23 48
23 50
23 51
23 52
23 54
23 56
23 57
23 58
23 59
23 60
23 63
23 64
23 65
23 66
23 67
23 69
23 72
23 73
23 76
23 82
23 83
23 84
23 86
23 88
23 91
23 93
23 94
23 97
23 98
23 103
23 104
23 105
23 108
23 109
23 110
23 111
23 112
23 113
23 115
23 118
23 120
23 121
23 122
23 123
23 124
23 128
23 131
23 133
23 135
23 138
23 141
23 142
23 143
23 147
23 149
23 151
23 152
23 153
23 155
23 156
23 158
23 160
23 161
23 162
23 163
23 164
23 165
23 166
23 167
23 168
23 169
23 171
23 173
23 174
23 179
23 185
23 188
23 190
23 192
23 193
23 194
23 195
23 196
23 198
23 206
23 209
23 210
23 211
23 213
23 215
23 217
23 218
23 224
24 27
24 28
24 30
24 31
24 34
24 35
24 36
24 39
24 40
24 41
24 43
24 44
24 45
24 46
24 48
24 49
24 50
24 52
24 53
24 56
24 61
24 62
24 63
24 65
24 66
24 68
24 69
24 71
24 75
24 76
24 79
24 81
24 84
24 85
24 86
24 88
24 89
24 92
24 96
24 99
24 104
24 106
24 109
24 117
24 118
24 119
24 120
24 126
24 127
24 129
24 130
24 131
24 133
24 138
24 139
24 140
24 142
24 143
24 144
24 148
24 152
24 153
24 156
24 158
24 159
24 161
24 162
24 163
24 164
24 165
24 169
24 171
24 174
24 175
24 176
24 177
24 178
24 179
24 180
24 181
24 182
24 184
24 189
24 190
24 191
24 193
24 194
24 196
24 200
24 202
24 203
24 204
24 205
24 208
24 209
24 211
24 212
24 213
24 215
24 217
24 218
24 220
25 27
25 31
25 33
25 36
25 37
25 38
25 39
25 41
25 42
25 43
25 46
25 47
25 50
25 51
25 52
25 55
25 59
25 61
25 62
25 64
25 66
25 68
25 72
25 73
25 75
25 76
25 77
25 78
25 79
25 88
25 91
25 93
25 95
25 97
25 100
25 101
25 103
25 104
25 111
25 113
25 114
25 116
25 117
25 119
25 122
25 123
25 124
25 125
25 127
25 128
25 129
25 130
25 139
25 140
25 141
25 142
25 143
25 145
25 147
25 148
25 153
25 154
25 155
25 158
25 159
25 161
25 162
25 163
25 164
25 168
25 169
25 170
25 172
25 173
25 176
25 177
25 178
25 179
25 183
25 184
25 188
25 192
25 193
25 195
25 197
25 200
25 202
25 206
25 207
25 208
25 211
25 213
25 214
25 215
25 216
25 221
26 27
26 28
26 30
26 31
26 32
26 34
26 35
26 43
26 44
26 46
26 47
26 50
26 53
26 54
26 58
26 60
26 63
26 64
26 65
26 67
26 68
26 72
26 73
26 74
26 75
26 76
26 78
26 83
26 87
26 89
26 90
26 93
26 96
26 97
26 98
26 103
26 104
26 105
26 106
26 107
26 112
26 113
26 117
26 118
26 119
26 121
26 123
26 124
26 127
26 130
26 134
26 135
26 139
26 141
26 151
26 154
26 155
26 159
26 162
26 164
26 165
26 166
26 167
26 170
26 171
26 172
26 173
26 174
26 178
26 181
26 184
26 185
26 190
26 191
26 194
26 196
26 202
26 203
26 204
26 208
26 211
26 212
26 213
26 214
26 216
26 217
26 219
26 220
26 221
26 222
26 224
27 30
27 31
27 32
27 36
27 38
27 39
27 41
27 43
27 47
27 48
27 51
27 52
27 53
27 54
27 55
27 56
27 58
27 60
27 63
27 66
27 67
27 69
27 73
27 77
27 78
27 81
27 82
27 83
27 85
27 86
27 88
27 94
27 97
27 98
27 101
27 103
27 104
27 105
27 106
27 108
27 109
27 112
27 115
27 120
27 121
27 124
27 125
27 126
27 128
27 129
27 130
27 131
27 135
27 136
27 141
27 142
27 150
27 153
27 158
27 161
27 164
27 168
27 169
27 172
27 173
27 178
27 182
27 184
27 185
27 186
27 190
27 192
27 194
27 195
27 196
27 197
27 198
27 200
27 201
27 203
27 204
27 206
27 207
27 208
27 212
27 215
27 216
27 217
27 220
27 224
28 29
28 30
28 31
28 33
28 34
28 35
28 37
28 39
28 41
28 45
28 46
28 48
28 52
28 57
28 60
28 61
28 62
28 65
28 66
28 68
28 71
28 73
28 76
28 77
28 79
28 80
28 81
28 86
28 87
28 91
28 93
28 95
28 99
28 100
28 104
28 106
28 107
28 108
28 110
28 112
28 114
28 115
28 118
28 119
28 124
28 125
28 128
28 130
28 134
28 136
28 137
28 138
28 139
28 144
28 152
28 153
28 154
28 155
28 157
28 160
28 162
28 163
28 164
28 167
28 171
28 172
28 173
28 174
28 175
28 177
28 178
28 179
28 180
28 181
28 183
28 184
28 185
28 187
28 188
28 190
28 193
28 194
28 196
28 200
28 208
28 214
28 217
28 218
28 219
28 220
28 221
28 223
29 33
29 38
29 39
29 44
29 45
29 51
29 53
29 54
29 55
29 56
29 57
29 62
29 63
29 64
29 65
29 67
29 69
29 70
29 71
29 72
29 73
29 74
29 75
29 77
29 80
29 81
29 82
29 83
29 86
29 89
29 90
29 91
29 92
29 93
29 94
29 97
29 99
29 101
29 102
29 104
29 105
29 106
29 108
29 109
29 110
29 112
29 115
29 116
29 118
29 119
29 122
29 123
29 125
29 127
29 128
29 129
29 131
29 134
29 135
29 145
29 154
29 155
29 157
29 159
29 161
29 163
29 164
29 166
29 167
29 168
29 171
29 173
29 175
29 176
29 178
29 179
29 180
29 182
29 183
29 184
29 186
29 188
29 189
29 191
29 194
29 196
29 202
29 203
29 205
29 207
29 208
29 210
29 212
29 214
29 217
29 219
29 220
29 222
29 224
30 33
30 35
30 37
30 40
30 42
30 43
30 45
30 46
30 48
30 49
30 50
30 52
30 53
30 54
30 55
30 56
30 57
30 60
30 61
30 64
30 65
30 66
30 67
30 68
30 69
30 70
30 72
30 74
30 75
30 77
30 78
30 79
30 80
30 82
30 83
30 85
30 91
30 92
30 94
30 95
30 96
30 98
30 99
30 101
30 103
30 107
30 108
30 109
30 112
30 113
30 114
30 115
30 116
30 117
30 118
30 119
30 121
30 123
30 124
30 125
30 126
30 128
30 131
30 132
30 133
30 134
30 135
30 136
30 139
30 140
30 141
30 143
30 149
30 150
30 153
30 157
30 158
30 160
30 163
30 164
30 165
30 167
30 168
30 169
30 175
30 176
30 177
30 178
30 186
30 189
30 190
30 191
30 192
30 193
30 195
30 198
30 199
30 201
30 203
30 205
30 206
30 207
30 209
30 211
30 213
30 215
30 216
30 218
30 220
31 32
31 36
31 38
31 41
31 44
31 45
31 46
31 47
31 48
31 49
31 50
31 52
31 54
31 57
31 59
31 61
31 62
31 65
31 67
31 68
31 70
31 71
31 72
31 75
31 76
31 77
31 78
31 80
31 86
31 88
31 91
31 97
31 98
31 99
31 100
31 102
31 103
31 104
31 110
31 111
31 113
31 121
31 124
31 125
31 126
31 127
31 132
31 134
31 135
31 136
31 139
31 142
31 146
31 147
31 148
31 149
31 150
31 151
31 153
31 157
31 165
31 169
31 170
31 171
31 173
31 174
31 175
31 176
31 177
31 180
31 182
31 183
31 187
31 188
31 191
31 194
31 198
31 200
31 201
31 204
31 206
31 209
31 210
31 212
31 213
31 216
31 217
31 219
31 220
31 221
32 33
32 35
32 36
32 42
32 43
32 50
32 52
32 54
32 55
32 56
32 59
32 61
32 62
32 64
32 66
32 67
32 69
32 70
32 71
32 74
32 76
32 77
32 79
32 82
32 83
32 84
32 85
32 86
32 89
32 91
32 94
32 100
32 101
32 108
32 109
32 111
32 114
32 115
32 116
32 117
32 121
32 122
32 125
32 127
32 128
32 129
32 130
32 131
32 134
32 135
32 136
32 137
32 138
32 139
32 140
32 143
32 145
32 146
32 147
32 148
32 154
32 155
32 160
32 161
32 163
32 164
32 166
32 168
32 169
32 171
32 173
32 174
32 176
32 180
32 181
32 183
32 185
32 187
32 188
32 194
32 195
32 198
32 199
32 200
32 203
32 205
32 206
32 207
32 208
32 209
32 214
32 215
32 216
32 217
33 35
33 37
33 49
33 51
33 52
33 53
33 55
33 59
33 63
33 64
33 65
33 67
33 75
33 76
33 78
33 79
33 81
33 83
33 85
33 87
33 88
33 90
33 91
33 93
33 95
33 96
33 99
33 100
33 101
33 102
33 103
33 104
33 109
33 115
33 117
33 118
33 119
33 120
33 124
33 128
33 129
33 130
33 131
33 133
33 134
33 135
33 138
33 140
33 141
33 143
33 144
33 145
33 147
33 149
33 152
33 155
33 161
33 163
33 166
33 167
33 168
33 169
33 170
33 172
33 175
33 179
33 180
33 183
33 186
33 189
33 192
33 193
33 195
33 196
33 197
33 198
33 199
33 203
33 205
33 208
33 213
33 214
33 216
33 217
33 219
33 220
33 223
33 224
34 39
34 40
34 42
34 43
34 45
34 46
34 49
34 52
34 55
34 56
34 58
34 61
34 63
34 65
34 66
34 67
34 70
34 73
34 74
34 75
34 80
34 81
34 83
34 84
34 86
34 92
34 93
34 95
34 98
34 99
34 101
34 103
34 104
34 107
34 110
34 118
34 119
34 121
34 122
34 126
34 130
34 131
34 132
34 134
34 136
34 139
34 142
34 144
34 145
34 146
34 152
34 153
34 154
34 156
34 157
34 160
34 161
34 163
34 164
34 166
34 168
34 170
34 172
34 173
34 176
34 177
34 179
34 186
34 189
34 190
34 191
34 194
34 196
34 197
34 199
34 200
34 201
34 202
34 203
34 206
34 208
34 209
34 211
34 213
34 216
34 217
34 218
34 219
34 222
34 223
34 224
35 36
35 37
35 38
35 43
35 44
35 48
35 49
35 51
35 55
35 57
35 58
35 59
35 60
35 63
35 65
35 66
35 67
35 69
35 72
35 75
35 76
35 78
35 79
35 84
35 88
35 90
35 92
35 99
35 100
35 103
35 107
35 108
35 109
35 110
35 114
35 119
35 122
35 124
35 125
35 126
35 127
35 129
35 132
35 133
35 138
35 140
35 145
35 146
35 148
35 150
35 152
35 153
35 154
35 156
35 159
35 160
35 162
35 163
35 166
35 167
35 169
35 170
35 171
35 172
35 173
35 174
35 176
35 177
35 178
35 179
35 180
35 181
35 182
35 184
35 186
35 187
35 189
35 191
35 192
35 194
35 195
35 198
35 199
35 201
35 202
35 207
35 208
35 211
35 213
35 214
35 215
35 216
35 218
35 219
35 223
35 224
36 37
36 38
36 39
36 41
36 43
36 44
36 49
36 50
36 51
36 55
36 56
36 57
36 58
36 63
36 64
36 65
36 68
36 69
36 71
36 72
36 73
36 75
36 76
36 77
36 78
36 79
36 80
36 82
36 83
36 85
36 86
36 89
36 90
36 91
36 95
36 98
36 102
36 108
36 109
36 110
36 111
36 112
36 116
36 118
36 120
36 121
36 122
36 125
36 126
36 129
36 130
36 132
36 135
36 140
36 142
36 145
36 147
36 148
36 149
36 150
36 152
36 153
36 154
36 157
36 160
36 163
36 165
36 166
36 167
36 168
36 172
36 173
36 175
36 179
36 180
36 182
36 185
36 186
36 192
36 193
36 194
36 195
36 197
36 201
36 202
36 203
36 205
36 208
36 209
36 210
36 211
36 218
36 219
36 222
36 223
36 224
37 39
37 40
37 42
37 43
37 45
37 46
37 49
37 51
37 54
37 55
37 56
37 57
37 58
37 60
37 62
37 64
37 67
37 69
37 70
37 71
37 74
37 76
37 78
37 81
37 82
37 83
37 84
37 87
37 90
37 91
37 93
37 94
37 96
37 101
37 103
37 104
37 105
37 107
37 112
37 113
37 114
37 118
37 119
37 123
37 124
37 125
37 128
37 129
37 130
37 131
37 133
37 135
37 136
37 137
37 138
37 139
37 140
37 141
37 146
37 150
37 157
37 158
37 162
37 163
37 164
37 167
37 170
37 171
37 172
37 173
37 175
37 177
37 179
37 183
37 185
37 188
37 189
37 190
37 195
37 196
37 197
37 198
37 199
37 202
37 203
37 207
37 209
37 210
37 211
37 212
37 216
37 219
37 220
37 221
37 223
37 224
38 39
38 41
38 44
38 45
38 46
38 47
38 49
38 52
38 55
38 57
38 58
38 60
38 62
38 63
38 65
38 67
38 68
38 70
38 73
38 74
38 78
38 80
38 82
38 83
38 84
38 88
38 90
38 92
38 94
38 96
38 97
38 98
38 99
38 100
38 106
38 114
38 115
38 116
38 117
38 121
38 123
38 124
38 129
38 130
38 131
38 132
38 134
38 136
38 137
38 138
38 147
38 148
38 149
38 150
38 154
38 156
38 157
38 158
38 159
38 160
38 161
38 163
38 165
38 166
38 167
38 168
38 171
38 172
38 173
38 175
38 178
38 181
38 183
38 185
38 187
38 188
38 190
38 193
38 196
38 197
38 198
38 201
38 202
38 204
38 206
38 209
38 212
38 213
38 217
38 218
38 221
38 223
39 41
39 42
39 44
39 46
39 47
39 48
39 50
39 52
39 54
39 55
39 56
39 57
39 60
39 63
39 66
39 68
39 73
39 74
39 77
39 78
39 79
39 80
39 81
39 82
39 83
39 84
39 86
39 87
39 91
39 92
39 94
39 95
39 96
39 97
39 99
39 102
39 107
39 108
39 109
39 110
39 112
39 113
39 114
39 125
39 126
39 127
39 129
39 133
39 135
39 136
39 137
39 140
39 141
39 142
39 143
39 144
39 145
39 146
39 149
39 151
39 153
39 156
39 158
39 159
39 160
39 165
39 169
39 170
39 171
39 173
39 177
39 178
39 179
39 180
39 181
39 183
39 184
39 185
39 186
39 187
39 189
39 190
39 195
39 196
39 197
39 198
39 201
39 203
39 206
39 207
39 213
39 214
39 219
39 220
39 221
39 223
39 224
40 41
40 42
40 44
40 45
40 47
40 48
40 54
40 57
40 61
40 62
40 63
40 65
40 67
40 71
40 72
40 73
40 74
40 75
40 77
40 78
40 79
40 81
40 83
40 85
40 86
40 87
40 90
40 94
40 95
40 101
40 102
40 103
40 104
40 107
40 108
40 113
40 118
40 119
40 120
40 121
40 123
40 124
40 125
40 126
40 127
40 128
40 129
40 130
40 133
40 134
40 135
40 137
40 138
40 139
40 142
40 143
40 145
40 147
40 148
40 149
40 152
40 153
40 154
40 156
40 157
40 159
40 161
40 165
40 166
40 170
40 171
40 175
40 178
40 180
40 184
40 188
40 190
40 191
40 193
40 194
40 195
40 196
40 198
40 199
40 201
40 202
40 204
40 207
40 209
40 211
40 213
40 214
40 216
40 217
40 218
40 222
40 224
41 43
41 45
41 46
41 47
41 49
41 50
41 51
41 52
41 54
41 56
41 57
41 59
41 63
41 64
41 65
41 68
41 69
41 71
41 75
41 81
41 83
41 84
41 85
41 86
41 87
41 88
41 92
41 93
41 95
41 96
41 98
41 102
41 105
41 106
41 109
41 111
41 115
41 118
41 119
41 123
41 129
41 131
41 133
41 134
41 135
41 140
41 145
41 148
41 150
41 154
41 155
41 159
41 162
41 163
41 164
41 168
41 171
41 172
41 173
41 175
41 178
41 179
41 182
41 186
41 187
41 190
41 192
41 193
41 194
41 197
41 199
41 200
41 205
41 208
41 209
41 213
41 217
41 218
41 219
41 221
41 222
41 223
42 44
42 45
42 46
42 50
42 52
42 54
42 55
42 56
42 59
42 63
42 66
42 68
42 70
42 71
42 72
42 75
42 77
42 78
42 79
42 80
42 82
42 83
42 84
42 85
42 86
42 94
42 97
42 98
42 100
42 101
42 102
42 103
42 105
42 107
42 108
42 109
42 113
42 116
42 118
42 119
42 126
42 128
42 130
42 134
42 138
42 139
42 140
42 143
42 144
42 147
42 148
42 149
42 151
42 153
42 154
42 157
42 158
42 159
42 160
42 161
42 162
42 163
42 164
42 165
42 167
42 168
42 170
42 171
42 172
42 174
42 176
42 177
42 178
42 179
42 181
42 182
42 183
42 184
42 185
42 187
42 190
42 191
42 193
42 194
42 197
42 198
42 199
42 200
42 201
42 203
42 204
42 207
42 208
42 209
42 211
42 217
42 218
42 219
42 220
42 221
42 222
42 224
43 44
43 47
43 48
43 50
43 51
43 54
43 55
43 60
43 65
43 66
43 67
43 72
43 74
43 75
43 76
43 77
43 78
43 79
43 80
43 81
43 86
43 87
43 91
43 92
43 93
43 94
43 95
43 96
43 97
43 98
43 99
43 102
43 103
43 112
43 113
43 114
43 116
43 117
43 119
43 123
43 124
43 126
43 127
43 130
43 132
43 133
43 134
43 136
43 138
43 142
43 143
43 144
43 150
43 151
43 152
43 154
43 155
43 156
43 157
43 158
43 168
43 170
43 171
43 172
43 173
43 174
43 175
43 176
43 177
43 178
43 184
43 185
43 186
43 187
43 188
43 189
43 193
43 194
43 196
43 197
43 198
43 199
43 200
43 202
43 203
43 207
43 208
43 209
43 210
43 212
43 214
43 215
43 218
43 222
43 223
44 46
44 48
44 49
44 54
44 55
44 56
44 57
44 58
44 61
44 62
44 64
44 66
44 67
44 69
44 72
44 74
44 76
44 77
44 78
44 79
44 83
44 84
44 86
44 88
44 93
44 99
44 102
44 103
44 109
44 111
44 112
44 114
44 115
44 117
44 118
44 119
44 120
44 122
44 123
44 124
44 125
44 126
44 128
44 130
44 133
44 134
44 135
44 137
44 138
44 139
44 145
44 146
44 153
44 155
44 158
44 159
44 160
44 161
44 163
44 164
44 167
44 168
44 172
44 173
44 174
44 177
44 178
44 179
44 181
44 182
44 183
44 185
44 186
44 187
44 191
44 194
44 195
44 196
44 197
44 198
44 201
44 202
44 203
44 207
44 208
44 210
44 213
44 214
44 215
44 216
44 217
44 218
44 220
44 221
44 223
44 224
45 46
45 47
45 53
45 55
45 56
45 57
45 60
45 61
45 62
45 65
45 67
45 68
45 71
45 74
45 75
45 78
45 81
45 82
45 83
45 86
45 88
45 90
45 91
45 93
45 95
45 96
45 98
45 99
45 102
45 103
45 104
45 105
45 106
45 108
45 112
45 113
45 114
45 116
45 118
45 119
45 124
45 130
45 131
45 133
45 134
45 138
45 141
45 142
45 149
45 150
45 152
45 154
45 155
45 158
45 160
45 167
45 168
45 170
45 172
45 174
45 178
45 179
45 180
45 181
45 185
45 187
45 189
45 191
45 194
45 197
45 201
45 202
45 204
45 205
45 206
45 212
45 213
45 214
45 216
45 218
45 220
45 222
45 223
45 224
46 49
46 50
46 52
46 54
46 57
46 58
46 60
46 62
46 65
46 66
46 67
46 71
46 72
46 73
46 75
46 76
46 77
46 81
46 82
46 83
46 84
46 87
46 90
46 95
46 96
46 97
46 99
46 100
46 101
46 102
46 103
46 107
46 109
46 114
46 116
46 117
46 118
46 121
46 122
46 123
46 124
46 129
46 131
46 133
46 134
46 135
46 136
46 138
46 139
46 145
46 146
46 147
46 149
46 150
46 151
46 152
46 153
46 155
46 156
46 159
46 162
46 168
46 171
46 174
46 175
46 176
46 177
46 178
46 179
46 181
46 182
46 183
46 185
46 187
46 188
46 191
46 193
46 194
46 196
46 197
46 200
46 208
46 212
46 213
46 214
46 217
46 220
47 50
47 51
47 52
47 54
47 57
47 59
47 62
47 63
47 64
47 68
47 69
47 72
47 76
47 77
47 78
47 79
47 80
47 81
47 83
47 85
47 87
47 88
47 89
47 92
47 93
47 94
47 95
47 98
47 102
47 103
47 104
47 105
47 111
47 113
47 115
47 117
47 128
47 129
47 130
47 131
47 135
47 137
47 139
47 141
47 142
47 144
47 145
47 147
47 148
47 151
47 152
47 154
47 156
47 157
47 160
47 161
47 162
47 163
47 164
47 165
47 167
47 169
47 170
47 172
47 174
47 175
47 186
47 187
47 188
47 190
47 191
47 192
47 195
47 202
47 205
47 211
47 213
47 216
47 217
47 223
47 224
48 49
48 53
48 56
48 57
48 58
48 60
48 61
48 63
48 70
48 71
48 72
48 78
48 80
48 81
48 87
48 89
48 90
48 92
48 93
48 94
48 95
48 98
48 99
48 100
48 103
48 104
48 110
48 113
48 116
48 117
48 122
48 123
48 127
48 129
48 131
48 134
48 136
48 137
48 138
48 142
48 143
48 144
48 145
48 146
48 147
48 148
48 153
48 160
48 161
48 165
48 166
48 169
48 170
48 171
48 174
48 176
48 177
48 178
48 179
48 180
48 184
48 185
48 186
48 187
48 188
48 189
48 192
48 194
48 195
48 197
48 199
48 200
48 203
48 206
48 216
48 219
49 50
49 52
49 54
49 55
49 56
49 58
49 61
49 62
49 63
49 64
49 65
49 66
49 69
49 70
49 71
49 72
49 73
49 76
49 83
49 84
49 88
49 89
49 92
49 93
49 95
49 97
49 98
49 101
49 102
49 103
49 104
49 105
49 111
49 113
49 114
49 118
49 120
49 121
49 122
49 124
49 125
49 126
49 127
49 128
49 129
49 130
49 133
49 137
49 138
49 141
49 145
49 151
49 152
49 154
49 155
49 156
49 157
49 158
49 159
49 160
49 162
49 164
49 165
49 166
49 168
49 171
49 172
49 174
49 175
49 177
49 178
49 179
49 181
49 183
49 184
49 185
49 189
49 192
49 197
49 198
49 199
49 202
49 203
49 204
49 206
49 208
49 210
49 211
49 214
49 215
49 217
49 218
49 222
49 223
50 51
50 54
50 56
50 57
50 58
50 60
50 63
50 67
50 68
50 69
50 71
50 73
50 75
50 76
50 79
50 82
50 83
50 84
50 85
50 90
50 92
50 93
50 94
50 96
50 97
50 98
50 99
50 101
50 102
50 106
50 108
50 110
50 111
50 112
50 116
50 117
50 119
50 126
50 128
50 131
50 134
50 141
50 144
50 146
50 149
50 154
50 156
50 157
50 158
50 159
50 163
50 164
50 167
50 168
50 170
50 171
50 172
50 173
50 175
50 180
50 181
50 182
50 183
50 186
50 188
50 189
50 191
50 192
50 194
50 196
50 197
50 200
50 201
50 204
50 205
50 206
50 209
50 210
50 211
50 212
50 214
50 215
50 216
50 222
51 52
51 53
51 54
51 55
51 56
51 57
51 58
51 63
51 65
51 67
51 70
51 74
51 75
51 76
51 77
51 78
51 79
51 83
51 84
51 86
51 87
51 88
51 90
51 91
51 92
51 94
51 95
51 96
51 99
51 102
51 103
51 104
51 105
51 106
51 107
51 108
51 110
51 112
51 113
51 114
51 116
51 117
51 123
51 126
51 127
51 129
51 130
51 131
51 132
51 133
51 135
51 136
51 138
51 140
51 141
51 143
51 144
51 145
51 150
51 152
51 153
51 154
51 156
51 158
51 159
51 160
51 161
51 162
51 165
51 169
51 172
51 173
51 175
51 176
51 177
51 180
51 185
51 188
51 191
51 192
51 195
51 196
51 197
51 199
51 200
51 202
51 205
51 206
51 210
51 213
51 214
51 215
51 217
51 218
51 221
51 222
52 53
52 55
52 56
52 57
52 58
52 60
52 62
52 64
52 65
52 66
52 68
52 69
52 70
52 72
52 73
52 76
52 77
52 78
52 79
52 88
52 90
52 91
52 92
52 93
52 94
52 96
52 100
52 105
52 106
52 108
52 112
52 113
52 115
52 116
52 122
52 123
52 127
52 129
52 130
52 131
52 132
52 134
52 135
52 136
52 138
52 139
52 140
52 141
52 143
52 145
52 146
52 149
52 150
52 155
52 158
52 159
52 160
52 164
52 165
52 166
52 167
52 170
52 172
52 174
52 175
52 176
52 178
52 179
52 180
52 181
52 182
52 183
52 184
52 186
52 187
52 188
52 190
52 191
52 194
52 196
52 197
52 198
52 201
52 203
52 205
52 206
52 208
52 212
52 213
52 218
52 220
52 221
52 222
53 54
53 58
53 61
53 63
53 65
53 69
53 72
53 74
53 75
53 78
53 80
53 83
53 86
53 88
53 89
53 94
53 99
53 102
53 104
53 108
53 109
53 110
53 113
53 114
53 115
53 116
53 117
53 119
53 121
53 123
53 124
53 125
53 126
53 127
53 128
53 130
53 132
53 134
53 135
53 139
53 141
53 143
53 145
53 146
53 147
53 148
53 150
53 151
53 153
53 154
53 156
53 157
53 159
53 160
53 161
53 162
53 167
53 171
53 172
53 173
53 175
53 179
53 181
53 182
53 183
53 184
53 185
53 186
53 187
53 192
53 195
53 197
53 201
53 203
53 205
53 206
53 207
53 208
53 213
53 214
53 215
53 216
53 217
53 218
53 219
53 220
53 221
53 224
54 57
54 59
54 63
54 65
54 67
54 68
54 71
54 72
54 74
54 76
54 80
54 83
54 85
54 86
54 89
54 90
54 91
54 92
54 95
54 96
54 99
54 100
54 101
54 103
54 105
54 106
54 107
54 108
54 109
54 111
54 114
54 115
54 117
54 122
54 125
54 126
54 127
54 129
54 133
54 135
54 136
54 138
54 139
54 141
54 155
54 158
54 160
54 161
54 162
54 163
54 164
54 165
54 166
54 167
54 169
54 170
54 172
54 176
54 182
54 183
54 186
54 187
54 188
54 191
54 192
54 193
54 194
54 195
54 200
54 201
54 202
54 203
54 207
54 212
54 213
54 217
54 221
54 222
55 56
55 57
55 58
55 60
55 62
55 63
55 64
55 67
55 70
55 72
55 73
55 75
55 81
55 83
55 84
55 85
55 86
55 90
55 91
55 95
55 96
55 97
55 98
55 99
55 102
55 104
55 105
55 106
55 111
55 112
55 113
55 116
55 120
55 121
55 122
55 124
55 126
55 128
55 130
55 131
55 132
55 136
55 137
55 138
55 141
55 144
55 147
55 148
55 149
55 154
55 155
55 156
55 157
55 158
55 159
55 162
55 163
55 167
55 169
55 171
55 172
55 173
55 174
55 177
55 183
55 186
55 187
55 188
55 189
55 192
55 194
55 195
55 201
55 203
55 204
55 206
55 207
55 210
55 211
55 216
55 218
55 219
55 223
55 224
56 57
56 58
56 59
56 64
56 66
56 69
56 70
56 71
56 72
56 73
56 76
56 78
56 80
56 85
56 86
56 94
56 97
56 99
56 100
56 101
56 103
56 104
56 107
56 108
56 115
56 116
56 118
56 119
56 120
56 121
56 122
56 123
56 124
56 125
56 127
56 129
56 130
56 132
56 133
56 135
56 139
56 140
56 142
56 149
56 150
56 156
56 158
56 159
56 160
56 162
56 163
56 165
56 166
56 167
56 170
56 171
56 173
56 174
56 176
56 177
56 179
56 180
56 183
56 185
56 188
56 190
56 193
56 194
56 195
56 196
56 197
56 200
56 201
56 202
56 203
56 204
56 206
56 209
56 212
56 216
56 218
56 219
56 223
56 224
57 58
57 61
57 62
57 64
57 65
57 66
57 67
57 68
57 69
57 74
57 75
57 77
57 78
57 82
57 83
57 85
57 89
57 96
57 97
57 100
57 101
57 102
57 103
57 104
57 105
57 106
57 112
57 115
57 117
57 118
57 120
57 122
57 124
57 127
57 128
57 129
57 131
57 133
57 134
57 139
57 143
57 144
57 147
57 148
57 150
57 151
57 153
57 154
57 155
57 161
57 165
57 167
57 168
57 170
57 172
57 174
57 176
57 177
57 181
57 182
57 183
57 186
57 187
57 188
57 190
57 192
57 195
57 196
57 198
57 200
57 205
57 206
57 209
57 210
57 212
57 215
57 216
57 219
57 220
57 221
58 59
58 62
58 63
58 65
58 67
58 68
58 71
58 73
58 75
58 76
58 78
58 85
58 87
58 94
58 95
58 96
58 97
58 98
58 99
58 100
58 106
58 107
58 110
58 111
58 112
58 113
58 114
58 115
58 117
58 122
58 123
58 125
58 126
58 130
58 131
58 135
58 136
58 137
58 138
58 139
58 141
58 144
58 145
58 148
58 152
58 154
58 156
58 160
58 162
58 165
58 166
58 167
58 170
58 171
58 172
58 173
58 176
58 177
58 180
58 181
58 182
58 183
58 186
58 191
58 194
58 198
58 201
58 203
58 205
58 206
58 208
58 209
58 210
58 215
58 216
58 217
58 219
58 220
58 223
59 60
59 63
59 64
59 66
59 70
59 71
59 73
59 74
59 76
59 77
59 79
59 80
59 81
59 84
59 85
59 90
59 91
59 92
59 95
59 96
59 98
59 99
59 100
59 101
59 105
59 106
59 108
59 110
59 111
59 112
59 114
59 118
59 120
59 122
59 123
59 125
59 130
59 131
59 132
59 133
59 134
59 135
59 136
59 138
59 140
59 143
59 147
59 148
59 150
59 151
59 152
59 154
59 155
59 156
59 158
59 161
59 165
59 167
59 168
59 172
59 173
59 174
59 175
59 185
59 188
59 189
59 190
59 194
59 195
59 199
59 201
59 202
59 204
59 205
59 210
59 213
59 214
59 215
59 216
59 217
59 218
59 222
59 223
59 224
60 62
60 63
60 64
60 66
60 67
60 68
60 69
60 70
60 73
60 75
60 77
60 82
60 83
60 84
60 85
60 87
60 88
60 89
60 90
60 97
60 99
60 100
60 102
60 104
60 105
60 106
60 108
60 109
60 111
60 112
60 113
60 114
60 115
60 117
60 118
60 124
60 127
60 129
60 130
60 133
60 137
60 139
60 141
60 142
60 143
60 144
60 145
60 147
60 150
60 151
60 152
60 153
60 154
60 155
60 161
60 162
60 164
60 165
60 166
60 168
60 169
60 170
60 173
60 174
60 175
60 176
60 177
60 179
60 180
60 181
60 184
60 187
60 189
60 190
60 195
60 196
60 198
60 199
60 200
60 205
60 207
60 210
60 211
60 212
60 213
60 218
60 219
60 220
60 223
60 224
61 65
61 68
61 70
61 71
61 74
61 75
61 78
61 79
61 81
61 86
61 89
61 91
61 93
61 94
61 96
61 97
61 98
61 99
61 106
61 112
61 113
61 115
61 118
61 119
61 120
61 124
61 126
61 127
61 130
61 132
61 140
61 145
61 148
61 149
61 150
61 152
61 153
61 155
61 156
61 157
61 158
61 159
61 161
61 165
61 166
61 170
61 172
61 174
61 175
61 178
61 180
61 185
61 189
61 192
61 194
61 196
61 197
61 198
61 201
61 202
61 203
61 204
61 206
61 207
61 211
61 212
61 213
61 215
61 216
61 217
61 220
61 222
61 224
62 64
62 65
62 66
62 71
62 74
62 75
62 78
62 79
62 81
62 83
62 85
62 90
62 91
62 92
62 95
62 97
62 99
62 101
62 102
62 105
62 109
62 110
62 112
62 116
62 118
62 119
62 120
62 121
62 122
62 123
62 124
62 126
62 127
62 128
62 129
62 133
62 137
62 138
62 139
62 140
62 142
62 146
62 148
62 152
62 153
62 158
62 163
62 168
62 170
62 172
62 174
62 177
62 179
62 183
62 186
62 187
62 188
62 189
62 194
62 195
62 196
62 197
62 199
62 206
62 208
62 209
62 211
62 212
62 213
62 215
62 217
62 221
62 222
62 223
62 224
63 64
63 65
63 66
63 67
63 69
63 72
63 77
63 78
63 80
63 81
63 83
63 84
63 85
63 87
63 89
63 90
63 93
63 96
63 97
63 98
63 99
63 101
63 102
63 104
63 105
63 108
63 109
63 112
63 113
63 118
63 120
63 124
63 126
63 127
63 128
63 129
63 130
63 131
63 132
63 133
63 134
63 137
63 138
63 146
63 147
63 152
63 156
63 157
63 162
63 165
63 170
63 171
63 172
63 173
63 174
63 179
63 180
63 181
63 182
63 184
63 186
63 188
63 192
63 194
63 195
63 197
63 198
63 203
63 204
63 207
63 208
63 209
63 211
63 213
63 214
63 215
63 217
63 218
63 219
63 220
63 223
63 224
64 65
64 66
64 68
64 71
64 73
64 77
64 80
64 81
64 83
64 84
64 86
64 87
64 89
64 93
64 94
64 95
64 96
64 97
64 98
64 99
64 106
64 110
64 112
64 113
64 120
64 121
64 122
64 123
64 125
64 128
64 129
64 130
64 131
64 132
64 134
64 137
64 140
64 141
64 142
64 145
64 146
64 147
64 156
64 157
64 158
64 161
64 162
64 163
64 164
64 169
64 170
64 171
64 172
64 173
64 175
64 178
64 179
64 181
64 182
64 183
64 184
64 187
64 188
64 190
64 192
64 193
64 194
64 196
64 199
64 200
64 202
64 205
64 206
64 208
64 209
64 210
64 211
64 213
64 221
64 222
64 223
65 67
65 68
65 69
65 70
65 71
65 73
65 74
65 80
65 81
65 83
65 84
65 85
65 87
65 95
65 97
65 98
65 99
65 101
65 102
65 105
65 106
65 108
65 109
65 110
65 111
65 112
65 113
65 116
65 117
65 118
65 121
65 123
65 124
65 131
65 133
65 134
65 137
65 138
65 143
65 146
65 147
65 148
65 157
65 159
65 161
65 163
65 164
65 165
65 166
65 167
65 168
65 170
65 173
65 174
65 176
65 177
65 178
65 182
65 183
65 184
65 185
65 186
65 188
65 193
65 195
65 196
65 197
65 200
65 201
65 202
65 204
65 205
65 207
65 208
65 216
65 217
65 219
66 67
66 68
66 72
66 73
66 75
66 77
66 81
66 82
66 83
66 85
66 87
66 89
66 90
66 91
66 92
66 94
66 96
66 97
66 98
66 101
66 105
66 106
66 108
66 113
66 115
66 116
66 117
66 119
66 121
66 122
66 123
66 127
66 128
66 132
66 134
66 136
66 137
66 138
66 139
66 142
66 143
66 144
66 145
66 146
66 147
66 151
66 152
66 153
66 154
66 158
66 159
66 160
66 161
66 162
66 163
66 164
66 168
66 175
66 177
66 178
66 180
66 181
66 184
66 185
66 187
66 188
66 191
66 192
66 193
66 197
66 198
66 199
66 202
66 203
66 205
66 206
66 208
66 209
66 210
66 213
66 214
66 215
66 216
66 217
66 219
66 221
66 222
66 223
67 68
67 69
67 72
67 74
67 76
67 77
67 78
67 79
67 81
67 82
67 86
67 89
67 90
67 91
67 93
67 98
67 99
67 100
67 102
67 103
67 105
67 111
67 115
67 118
67 119
67 121
67 123
67 124
67 127
67 132
67 133
67 134
67 136
67 138
67 139
67 142
67 143
67 144
67 145
67 147
67 149
67 151
67 152
67 153
67 154
67 158
67 159
67 160
67 162
67 166
67 168
67 172
67 173
67 174
67 176
67 179
67 182
67 183
67 184
67 188
67 189
67 191
67 193
67 194
67 198
67 199
67 201
67 202
67 203
67 207
67 208
67 209
67 210
67 213
67 214
67 219
67 220
67 223
67 224
68 69
68 71
68 72
68 73
68 74
68 75
68 77
68 79
68 81
68 82
68 84
68 85
68 87
68 89
68 91
68 94
68 95
68 96
68 100
68 102
68 103
68 111
68 112
68 115
68 118
68 119
68 122
68 124
68 125
68 126
68 131
68 133
68 134
68 136
68 137
68 139
68 140
68 141
68 143
68 144
68 145
68 146
68 149
68 151
68 152
68 154
68 155
68 157
68 158
68 159
68 161
68 162
68 163
68 165
68 166
68 167
68 168
68 169
68 178
68 180
68 181
68 182
68 183
68 185
68 186
68 187
68 188
68 189
68 192
68 197
68 200
68 201
68 202
68 205
68 206
68 207
68 208
68 211
68 213
68 220
68 222
68 223
68 224
69 74
69 75
69 77
69 79
69 81
69 82
69 84
69 86
69 87
69 90
69 91
69 92
69 93
69 94
69 95
69 96
69 97
69 101
69 102
69 104
69 105
69 106
69 109
69 113
69 115
69 118
69 121
69 123
69 124
69 126
69 127
69 128
69 129
69 130
69 132
69 134
69 137
69 138
69 139
69 141
69 142
69 143
69 148
69 149
69 153
69 154
69 156
69 157
69 158
69 159
69 160
69 162
69 165
69 168
69 170
69 174
69 175
69 176
69 177
69 179
69 182
69 184
69 186
69 187
69 188
69 189
69 190
69 191
69 193
69 194
69 195
69 197
69 198
69 199
69 200
69 203
69 205
69 207
69 212
69 214
69 215
69 217
69 221
69 222
70 71
70 73
70 78
70 79
70 82
70 83
70 85
70 86
70 87
70 89
70 91
70 94
70 95
70 96
70 101
70 103
70 104
70 105
70 109
70 110
70 111
70 114
70 115
70 116
70 117
70 122
70 126
70 127
70 130
70 133
70 134
70 136
70 137
70 138
70 141
70 143
70 144
70 146
70 148
70 149
70 150
70 154
70 155
70 157
70 158
70 159
70 160
70 163
70 164
70 168
70 169
70 170
70 172
70 175
70 176
70 177
70 178
70 180
70 182
70 183
70 184
70 185
70 186
70 187
70 188
70 189
70 191
70 192
70 193
70 195
70 198
70 200
70 203
70 211
70 216
70 217
70 218
70 219
70 220
70 221
70 223
71 72
71 73
71 83
71 84
71 85
71 86
71 87
71 90
71 92
71 95
71 104
71 105
71 111
71 114
71 115
71 116
71 117
71 119
71 123
71 126
71 130
71 133
71 137
71 138
71 140
71 142
71 143
71 144
71 145
71 146
71 149
71 150
71 153
71 155
71 157
71 160
71 161
71 162
71 163
71 164
71 165
71 166
71 168
71 169
71 172
71 175
71 179
71 183
71 186
71 190
71 191
71 192
71 193
71 200
71 201
71 203
71 204
71 208
71 209
71 211
71 214
71 216
71 220
71 223
71 224
72 74
72 75
72 78
72 80
72 83
72 84
72 86
72 89
72 90
72 93
72 94
72 96
72 98
72 102
72 103
72 104
72 105
72 106
72 107
72 108
72 109
72 111
72 113
72 116
72 117
72 119
72 121
72 122
72 125
72 127
72 128
72 129
72 131
72 140
72 141
72 144
72 145
72 149
72 150
72 151
72 153
72 155
72 157
72 158
72 160
72 161
72 167
72 168
72 169
72 170
72 171
72 172
72 173
72 178
72 180
72 182
72 183
72 184
72 185
72 186
72 188
72 189
72 191
72 196
72 198
72 199
72 206
72 208
72 211
72 215
72 219
72 221
72 222
72 223
72 224
73 75
73 76
73 77
73 79
73 80
73 81
73 82
73 86
73 87
73 88
73 90
73 93
73 94
73 95
73 96
73 97
73 98
73 99
73 100
73 101
73 103
73 105
73 107
73 108
73 117
73 118
73 119
73 122
73 125
73 126
73 128
73 129
73 132
73 134
73 137
73 141
73 144
73 150
73 152
73 156
73 157
73 161
73 165
73 166
73 168
73 169
73 170
73 171
73 174
73 177
73 178
73 179
73 181
73 182
73 185
73 186
73 187
73 189
73 190
73 192
73 194
73 195
73 196
73 200
73 201
73 206
73 207
73 208
73 209
73 211
73 215
73 216
73 217
73 224
74 76
74 78
74 79
74 81
74 83
74 84
74 85
74 91
74 93
74 97
74 103
74 104
74 107
74 108
74 111
74 112
74 114
74 115
74 116
74 121
74 122
74 123
74 129
74 135
74 137
74 138
74 140
74 141
74 145
74 146
74 148
74 151
74 153
74 156
74 157
74 163
74 164
74 165
74 167
74 170
74 172
74 173
74 174
74 178
74 179
74 180
74 181
74 182
74 183
74 186
74 187
74 188
74 189
74 194
74 200
74 201
74 202
74 204
74 205
74 206
74 209
74 210
74 213
74 214
74 216
74 218
74 219
74 220
74 222
75 76
75 78
75 80
75 81
75 82
75 83
75 84
75 87
75 89
75 93
75 95
75 98
75 99
75 101
75 102
75 103
75 104
75 105
75 108
75 115
75 119
75 120
75 121
75 122
75 124
75 125
75 129
75 132
75 133
75 134
75 137
75 138
75 140
75 141
75 142
75 143
75 146
75 148
75 151
75 152
75 156
75 158
75 159
75 161
75 163
75 164
75 165
75 166
75 168
75 170
75 175
75 177
75 179
75 182
75 185
75 188
75 189
75 191
75 192
75 194
75 195
75 196
75 200
75 201
75 202
75 209
75 210
75 211
75 214
75 218
75 219
75 222
76 82
76 86
76 87
76 89
76 94
76 99
76 100
76 101
76 102
76 107
76 108
76 110
76 112
76 113
76 114
76 117
76 118
76 120
76 124
76 127
76 128
76 129
76 130
76 131
76 133
76 142
76 143
76 144
76 146
76 147
76 150
76 151
76 152
76 153
76 154
76 155
76 156
76 164
76 167
76 168
76 169
76 171
76 172
76 173
76 175
76 176
76 177
76 178
76 179
76 180
76 181
76 182
76 183
76 185
76 188
76 189
76 190
76 193
76 194
76 195
76 196
76 198
76 199
76 200
76 201
76 202
76 203
76 204
76 205
76 209
76 213
76 215
76 216
76 221
76 222
76 223
76 224
77 79
77 80
77 82
77 83
77 84
77 86
77 88
77 91
77 92
77 93
77 94
77 98
77 102
77 104
77 105
77 107
77 111
77 113
77 115
77 121
77 122
77 123
77 126
77 127
77 128
77 130
77 131
77 133
77 135
77 136
77 137
77 139
77 140
77 145
77 146
77 147
77 149
77 152
77 153
77 156
77 157
77 160
77 161
77 162
77 168
77 170
77 172
77 174
77 175
77 177
77 178
77 184
77 188
77 191
77 197
77 198
77 199
77 200
77 201
77 202
77 207
77 208
77 210
77 211
77 212
77 213
77 214
77 219
77 223
78 79
78 80
78 81
78 83
78 87
78 89
78 91
78 92
78 93
78 96
78 98
78 99
78 103
78 106
78 107
78 108
78 109
78 113
78 114
78 116
78 117
78 118
78 119
78 121
78 122
78 126
78 130
78 131
78 134
78 135
78 136
78 138
78 139
78 143
78 155
78 158
78 159
78 160
78 163
78 164
78 166
78 167
78 168
78 172
78 173
78 174
78 178
78 179
78 183
78 184
78 187
78 188
78 190
78 191
78 192
78 193
78 194
78 196
78 197
78 199
78 200
78 203
78 204
78 205
78 206
78 207
78 208
78 209
78 210
78 211
78 213
78 215
78 216
78 217
78 218
78 219
78 220
78 221
78 223
78 224
79 81
79 83
79 87
79 88
79 90
79 92
79 93
79 94
79 96
79 97
79 100
79 101
79 103
79 106
79 107
79 108
79 109
79 110
79 114
79 115
79 116
79 117
79 119
79 122
79 123
79 124
79 126
79 129
79 131
79 132
79 137
79 140
79 141
79 142
79 145
79 149
79 150
79 151
79 152
79 153
79 155
79 157
79 158
79 159
79 162
79 165
79 166
79 173
79 174
79 177
79 178
79 180
79 182
79 184
79 186
79 188
79 191
79 193
79 194
79 196
79 198
79 201
79 202
79 203
79 204
79 205
79 206
79 207
79 213
79 214
79 215
79 216
79 218
79 220
79 222
79 223
79 224
80 84
80 86
80 87
80 88
80 92
80 94
80 95
80 98
80 99
80 101
80 102
80 103
80 106
80 110
80 112
80 113
80 117
80 118
80 120
80 122
80 123
80 127
80 133
80 138
80 140
80 141
80 143
80 144
80 148
80 150
80 152
80 154
80 155
80 158
80 160
80 162
80 163
80 164
80 166
80 169
80 170
80 171
80 172
80 173
80 174
80 175
80 176
80 177
80 183
80 186
80 187
80 188
80 195
80 196
80 198
80 199
80 201
80 204
80 205
80 206
80 207
80 214
80 215
80 217
80 218
80 219
80 221
80 222
80 223
80 224
81 87
81 89
81 90
81 91
81 94
81 95
81 96
81 97
81 98
81 100
81 101
81 103
81 108
81 109
81 110
81 111
81 113
81 114
81 115
81 116
81 117
81 118
81 120
81 129
81 130
81 131
81 134
81 135
81 137
81 139
81 142
81 144
81 147
81 148
81 150
81 151
81 153
81 154
81 156
81 157
81 160
81 162
81 165
81 167
81 169
81 170
81 172
81 174
81 176
81 177
81 179
81 180
81 182
81 187
81 189
81 190
81 191
81 196
81 197
81 198
81 199
81 200
81 203
81 206
81 209
81 210
81 212
81 213
81 216
81 217
81 219
81 220
81 222
81 223
82 84
82 85
82 87
82 88
82 90
82 91
82 92
82 93
82 95
82 98
82 99
82 100
82 104
82 105
82 106
82 108
82 109
82 115
82 118
82 120
82 122
82 123
82 124
82 125
82 126
82 127
82 129
82 132
82 136
82 138
82 142
82 145
82 146
82 147
82 148
82 149
82 150
82 151
82 152
82 156
82 157
82 159
82 161
82 162
82 166
82 169
82 170
82 171
82 174
82 176
82 180
82 182
82 184
82 189
82 190
82 191
82 197
82 198
82 200
82 203
82 205
82 206
82 210
82 211
82 212
82 217
82 223
82 224
83 89
83 92
83 96
83 97
83 98
83 99
83 103
83 104
83 108
83 109
83 110
83 111
83 117
83 118
83 119
83 120
83 121
83 124
83 126
83 127
83 128
83 129
83 131
83 135
83 136
83 139
83 141
83 143
83 144
83 146
83 147
83 148
83 151
83 153
83 154
83 159
83 162
83 165
83 173
83 177
83 181
83 185
83 188
83 189
83 190
83 191
83 194
83 198
83 200
83 201
83 203
83 205
83 206
83 207
83 209
83 210
83 211
83 212
83 213
83 214
83 215
83 216
83 220
83 223
83 224
84 88
84 92
84 93
84 94
84 95
84 100
84 101
84 102
84 106
84 107
84 108
84 109
84 116
84 117
84 119
84 120
84 121
84 123
84 125
84 127
84 128
84 132
84 134
84 135
84 136
84 138
84 141
84 145
84 148
84 152
84 153
84 155
84 156
84 157
84 158
84 160
84 162
84 165
84 167
84 168
84 169
84 170
84 173
84 176
84 179
84 182
84 184
84 185
84 189
84 194
84 196
84 199
84 201
84 205
84 206
84 207
84 208
84 209
84 210
84 213
84 214
84 215
84 219
84 220
84 221
84 223
85 86
85 88
85 89
85 93
85 99
85 100
85 101
85 109
85 110
85 113
85 116
85 118
85 119
85 120
85 126
85 128
85 134
85 136
85 137
85 140
85 141
85 142
85 146
85 147
85 148
85 150
85 151
85 152
85 153
85 155
85 156
85 157
85 163
85 165
85 167
85 168
85 172
85 175
85 177
85 179
85 182
85 183
85 184
85 187
85 189
85 191
85 193
85 194
85 196
85 198
85 199
85 200
85 201
85 204
85 205
85 207
85 213
85 214
85 218
85 219
85 220
85 224
86 87
86 88
86 89
86 90
86 91
86 93
86 94
86 98
86 102
86 104
86 105
86 106
86 107
86 110
86 111
86 112
86 113
86 114
86 115
86 117
86 121
86 122
86 123
86 125
86 126
86 130
86 132
86 136
86 137
86 140
86 142
86 143
86 145
86 146
86 149
86 151
86 152
86 153
86 154
86 155
86 159
86 161
86 162
86 163
86 164
86 170
86 176
86 177
86 178
86 179
86 182
86 184
86 185
86 187
86 188
86 189
86 190
86 191
86 192
86 194
86 195
86 197
86 201
86 203
86 207
86 208
86 209
86 211
86 212
86 213
86 215
86 219
86 220
86 223
86 224
87 88
87 91
87 93
87 96
87 97
87 99
87 100
87 102
87 103
87 107
87 108
87 109
87 114
87 116
87 117
87 118
87 119
87 122
87 124
87 125
87 127
87 128
87 129
87 130
87 131
87 133
87 134
87 136
87 138
87 139
87 140
87 143
87 145
87 148
87 149
87 151
87 152
87 153
87 154
87 156
87 157
87 158
87 159
87 160
87 165
87 166
87 168
87 169
87 170
87 171
87 172
87 173
87 175
87 177
87 179
87 181
87 182
87 183
87 184
87 188
87 192
87 195
87 198
87 199
87 200
87 203
87 205
87 206
87 207
87 211
87 212
87 216
87 219
87 220
87 222
88 97
88 100
88 101
88 102
88 105
88 106
88 107
88 108
88 110
88 111
88 113
88 118
88 119
88 120
88 122
88 124
88 128
88 130
88 132
88 133
88 135
88 137
88 138
88 139
88 140
88 142
88 145
88 146
88 148
88 150
88 151
88 152
88 154
88 155
88 158
88 160
88 161
88 162
88 163
88 164
88 166
88 167
88 171
88 174
88 176
88 178
88 179
88 181
88 182
88 183
88 184
88 185
88 186
88 187
88 189
88 190
88 191
88 192
88 194
88 195
88 196
88 198
88 200
88 203
88 204
88 205
88 206
88 210
88 214
88 218
88 219
88 221
88 222
88 223
88 224
89 90
89 91
89 95
89 97
89 99
89 100
89 102
89 103
89 104
89 105
89 108
89 111
89 112
89 113
89 116
89 119
89 121
89 122
89 123
89 124
89 127
89 128
89 130
89 131
89 132
89 134
89 136
89 137
89 139
89 142
89 143
89 144
89 146
89 150
89 153
89 156
89 157
89 158
89 159
89 163
89 164
89 165
89 166
89 167
89 168
89 170
89 171
89 174
89 175
89 176
89 178
89 179
89 180
89 181
89 182
89 183
89 184
89 185
89 187
89 188
89 189
89 191
89 192
89 193
89 194
89 196
89 199
89 200
89 201
89 204
89 208
89 209
89 210
89 211
89 212
89 213
89 217
89 218
89 219
89 223
89 224
90 94
90 97
90 100
90 101
90 102
90 103
90 105
90 107
90 112
90 115
90 116
90 117
90 118
90 126
90 127
90 128
90 129
90 130
90 132
90 133
90 134
90 135
90 138
90 141
90 142
90 147
90 149
90 152
90 154
90 155
90 156
90 157
90 159
90 160
90 165
90 166
90 170
90 171
90 172
90 174
90 176
90 177
90 178
90 179
90 180
90 182
90 184
90 186
90 188
90 190
90 194
90 195
90 197
90 198
90 199
90 201
90 204
90 207
90 208
90 210
90 211
90 212
90 213
90 214
90 215
90 218
90 219
90 221
90 222
90 223
91 92
91 95
91 97
91 98
91 99
91 100
91 101
91 102
91 104
91 106
91 108
91 109
91 110
91 112
91 113
91 114
91 116
91 119
91 120
91 122
91 125
91 126
91 133
91 136
91 137
91 139
91 143
91 145
91 146
91 147
91 148
91 151
91 153
91 154
91 155
91 156
91 158
91 159
91 160
91 161
91 164
91 168
91 169
91 172
91 173
91 174
91 175
91 176
91 179
91 180
91 181
91 182
91 190
91 191
91 193
91 194
91 195
91 196
91 197
91 201
91 202
91 203
91 204
91 205
91 208
91 216
91 217
91 219
91 221
91 223
91 224
92 93
92 94
92 99
92 100
92 102
92 105
92 107
92 108
92 109
92 114
92 115
92 116
92 117
92 118
92 119
92 120
92 121
92 125
92 126
92 128
92 129
92 130
92 131
92 132
92 139
92 141
92 142
92 145
92 147
92 148
92 152
92 154
92 155
92 162
92 163
92 165
92 166
92 169
92 173
92 176
92 177
92 182
92 183
92 187
92 190
92 191
92 192
92 194
92 197
92 199
92 200
92 201
92 202
92 204
92 205
92 208
92 209
92 210
92 216
92 221
92 222
92 223
92 224
93 95
93 96
93 98
93 102
93 103
93 105
93 106
93 110
93 111
93 112
93 116
93 117
93 118
93 123
93 125
93 129
93 132
93 133
93 134
93 135
93 137
93 138
93 139
93 140
93 141
93 145
93 147
93 148
93 150
93 152
93 153
93 154
93 158
93 161
93 162
93 165
93 166
93 173
93 174
93 175
93 178
93 181
93 183
93 184
93 185
93 186
93 187
93 188
93 190
93 191
93 192
93 193
93 195
93 198
93 200
93 202
93 203
93 204
93 206
93 207
93 211
93 215
93 219
93 220
93 221
93 223
93 224
94 96
94 98
94 99
94 100
94 101
94 105
94 110
94 113
94 114
94 115
94 117
94 118
94 120
94 123
94 125
94 129
94 130
94 132
94 133
94 134
94 137
94 141
94 142
94 145
94 147
94 151
94 152
94 154
94 155
94 160
94 167
94 168
94 170
94 173
94 174
94 175
94 176
94 179
94 182
94 183
94 184
94 186
94 187
94 189
94 191
94 200
94 201
94 202
94 203
94 204
94 207
94 208
94 210
94 215
94 216
94 217
94 218
94 219
94 224
95 97
95 99
95 100
95 101
95 103
95 104
95 105
95 107
95 108
95 111
95 114
95 117
95 118
95 120
95 121
95 122
95 127
95 128
95 129
95 131
95 133
95 135
95 138
95 140
95 141
95 142
95 143
95 145
95 147
95 148
95 149
95 150
95 152
95 153
95 154
95 155
95 156
95 157
95 159
95 163
95 164
95 166
95 168
95 169
95 170
95 171
95 176
95 177
95 178
95 179
95 180
95 181
95 182
95 183
95 185
95 186
95 190
95 192
95 194
95 198
95 200
95 203
95 206
95 209
95 213
95 216
95 219
95 220
95 222
95 224
96 97
96 98
96 99
96 100
96 101
96 102
96 105
96 106
96 109
96 110
96 118
96 120
96 121
96 122
96 125
96 126
96 127
96 128
96 130
96 132
96 133
96 135
96 137
96 139
96 141
96 142
96 143
96 144
96 147
96 148
96 151
96 155
96 156
96 160
96 162
96 163
96 164
96 165
96 166
96 167
96 168
96 170
96 171
96 175
96 176
96 179
96 181
96 182
96 183
96 184
96 186
96 187
96 191
96 194
96 195
96 196
96 198
96 202
96 205
96 207
96 209
96 210
96 211
96 212
96 213
96 214
96 216
96 217
96 219
96 220
96 221
96 223
96 224
97 106
97 107
97 108
97 111
97 118
97 120
97 121
97 124
97 125
97 126
97 127
97 130
97 131
97 138
97 139
97 142
97 143
97 145
97 146
97 147
97 148
97 151
97 152
97 153
97 154
97 156
97 157
97 160
97 162
97 163
97 164
97 165
97 166
97 168
97 169
97 170
97 171
97 172
97 173
97 175
97 178
97 179
97 183
97 184
97 185
97 187
97 189
97 190
97 191
97 192
97 194
97 197
97 198
97 199
97 203
97 204
97 205
97 209
97 212
97 216
97 218
97 219
97 220
97 221
97 222
97 224
98 100
98 102
98 103
98 105
98 108
98 111
98 112
98 114
98 118
98 119
98 121
98 123
98 125
98 129
98 130
98 131
98 132
98 133
98 136
98 137
98 140
98 142
98 144
98 146
98 147
98 150
98 152
98 154
98 157
98 158
98 160
98 161
98 163
98 166
98 169
98 170
98 174
98 175
98 176
98 177
98 178
98 179
98 180
98 183
98 187
98 188
98 190
98 193
98 194
98 196
98 197
98 198
98 202
98 204
98 205
98 206
98 207
98 209
98 212
98 214
98 215
98 217
98 218
98 220
98 221
98 223
98 224
99 100
99 102
99 105
99 106
99 107
99 109
99 113
99 114
99 122
99 123
99 124
99 125
99 126
99 127
99 129
99 130
99 136
99 137
99 138
99 139
99 141
99 142
99 144
99 148
99 149
99 151
99 153
99 155
99 161
99 162
99 163
99 165
99 167
99 171
99 172
99 173
99 175
99 179
99 180
99 182
99 185
99 189
99 193
99 194
99 197
99 198
99 199
99 200
99 201
99 204
99 205
99 207
99 210
99 212
99 215
99 216
99 220
99 223
99 224
100 101
100 105
100 109
100 111
100 112
100 113
100 114
100 115
100 116
100 117
100 119
100 123
100 124
100 129
100 131
100 133
100 138
100 140
100 141
100 142
100 144
100 146
100 147
100 148
100 149
100 150
100 152
100 153
100 155
100 156
100 157
100 158
100 167
100 171
100 173
100 176
100 179
100 180
100 181
100 182
100 183
100 185
100 186
100 193
100 198
100 201
100 202
100 203
100 204
100 207
100 210
100 211
100 212
100 213
100 214
100 215
100 216
100 218
100 221
100 223
100 224
101 102
101 105
101 107
101 108
101 109
101 113
101 115
101 116
101 117
101 119
101 120
101 121
101 124
101 125
101 128
101 134
101 135
101 137
101 138
101 139
101 143
101 146
101 150
101 152
101 153
101 155
101 156
101 157
101 160
101 161
101 164
101 165
101 166
101 168
101 170
101 173
101 174
101 175
101 177
101 178
101 179
101 181
101 183
101 184
101 185
101 188
101 192
101 193
101 198
101 199
101 201
101 205
101 206
101 209
101 211
101 214
101 217
101 218
101 220
101 221
101 222
102 105
102 106
102 107
102 109
102 111
102 113
102 116
102 123
102 129
102 132
102 133
102 134
102 135
102 136
102 137
102 138
102 141
102 143
102 144
102 145
102 149
102 150
102 152
102 153
102 156
102 158
102 161
102 165
102 169
102 172
102 173
102 174
102 175
102 176
102 178
102 181
102 182
102 183
102 185
102 186
102 188
102 189
102 190
102 191
102 193
102 194
102 195
102 196
102 197
102 203
102 204
102 209
102 210
102 211
102 212
102 214
102 215
102 216
103 104
103 105
103 107
103 109
103 110
103 112
103 114
103 117
103 119
103 123
103 124
103 126
103 127
103 128
103 131
103 134
103 136
103 137
103 148
103 149
103 154
103 156
103 159
103 160
103 164
103 165
103 168
103 169
103 172
103 174
103 175
103 179
103 181
103 184
103 186
103 188
103 189
103 190
103 191
103 194
103 195
103 196
103 200
103 201
103 204
103 205
103 206
103 207
103 215
103 217
103 218
103 219
103 220
103 221
104 105
104 106
104 108
104 110
104 112
104 113
104 114
104 118
104 119
104 120
104 122
104 123
104 124
104 126
104 127
104 128
104 130
104 132
104 134
104 137
104 138
104 139
104 148
104 149
104 151
104 156
104 157
104 158
104 160
104 162
104 163
104 165
104 168
104 170
104 172
104 173
104 176
104 177
104 178
104 179
104 182
104 183
104 184
104 185
104 187
104 189
104 190
104 192
104 194
104 197
104 198
104 201
104 203
104 206
104 209
104 210
104 211
104 214
104 216
104 218
104 219
104 220
104 222
104 223
105 107
105 109
105 110
105 116
105 118
105 119
105 121
105 123
105 126
105 127
105 129
105 130
105 132
105 133
105 134
105 136
105 137
105 139
105 140
105 141
105 146
105 149
105 151
105 153
105 154
105 155
105 158
105 159
105 162
105 164
105 165
105 169
105 172
105 174
105 175
105 178
105 180
105 181
105 187
105 189
105 190
105 191
105 192
105 193
105 195
105 197
105 205
105 207
105 208
105 211
105 212
105 213
105 214
105 218
105 219
105 220
105 222
105 223
106 107
106 108
106 109
106 111
106 114
106 115
106 116
106 117
106 121
106 122
106 123
106 125
106 126
106 127
106 131
106 132
106 133
106 134
106 136
106 137
106 138
106 139
106 140
106 141
106 142
106 148
106 151
106 152
106 154
106 159
106 161
106 163
106 164
106 165
106 166
106 167
106 169
106 170
106 171
106 173
106 174
106 176
106 177
106 180
106 182
106 185
106 188
106 194
106 196
106 197
106 199
106 200
106 201
106 204
106 205
106 206
106 208
106 209
106 210
106 211
106 214
106 217
106 219
106 223
106 224
107 109
107 110
107 113
107 116
107 119
107 122
107 123
107 124
107 125
107 126
107 129
107 131
107 137
107 138
107 140
107 143
107 144
107 145
107 147
107 148
107 149
107 150
107 153
107 155
107 158
107 159
107 160
107 163
107 164
107 165
107 166
107 167
107 168
107 171
107 179
107 180
107 182
107 183
107 185
107 187
107 194
107 195
107 196
107 197
107 201
107 202
107 203
107 205
107 206
107 207
107 210
107 215
107 216
107 217
107 218
107 220
107 222
107 224
108 111
108 112
108 113
108 115
108 120
108 125
108 127
108 128
108 132
108 138
108 140
108 143
108 144
108 145
108 146
108 150
108 152
108 153
108 154
108 161
108 162
108 165
108 167
108 168
108 170
108 171
108 172
108 173
108 174
108 179
108 180
108 181
108 184
108 186
108 187
108 188
108 191
108 193
108 194
108 195
108 196
108 197
108 201
108 202
108 204
108 207
108 209
108 211
108 212
108 213
108 216
108 217
108 219
108 220
108 222
108 223
109 110
109 114
109 116
109 117
109 118
109 120
109 121
109 122
109 123
109 125
109 127
109 129
109 131
109 133
109 141
109 143
109 145
109 146
109 150
109 151
109 158
109 164
109 166
109 168
109 171
109 172
109 173
109 174
109 175
109 178
109 179
109 180
109 181
109 183
109 186
109 189
109 192
109 193
109 194
109 196
109 197
109 198
109 199
109 200
109 202
109 204
109 205
109 208
109 209
109 210
109 211
109 217
109 219
109 220
109 221
110 115
110 118
110 120
110 121
110 125
110 129
110 130
110 133
110 136
110 138
110 139
110 141
110 142
110 143
110 144
110 145
110 147
110 149
110 150
110 151
110 155
110 156
110 157
110 159
110 161
110 162
110 163
110 165
110 168
110 170
110 171
110 172
110 176
110 179
110 180
110 181
110 183
110 186
110 188
110 189
110 190
110 196
110 197
110 198
110 199
110 202
110 205
110 206
110 207
110 208
110 209
110 210
110 212
110 214
110 219
110 220
110 223
111 113
111 118
111 119
111 121
111 123
111 124
111 126
111 127
111 131
111 132
111 133
111 134
111 137
111 138
111 139
111 142
111 145
111 146
111 147
111 149
111 150
111 151
111 152
111 153
111 157
111 159
111 160
111 161
111 163
111 165
111 171
111 172
111 174
111 175
111 176
111 178
111 179
111 181
111 182
111 183
111 185
111 186
111 187
111 189
111 190
111 192
111 193
111 194
111 197
111 198
111 200
111 202
111 203
111 206
111 208
111 209
111 211
111 215
111 216
111 217
111 219
111 221
111 222
112 113
112 114
112 115
112 116
112 118
112 119
112 120
112 121
112 123
112 125
112 126
112 128
112 130
112 131
112 132
112 134
112 135
112 136
112 138
112 139
112 140
112 141
112 143
112 144
112 152
112 154
112 155
112 156
112 159
112 160
112 161
112 163
112 164
112 165
112 167
112 171
112 172
112 173
112 176
112 180
112 182
112 185
112 191
112 192
112 194
112 195
112 196
112 199
112 200
112 201
112 203
112 204
112 205
112 206
112 207
112 211
112 212
112 213
112 218
112 223
112 224
113 114
113 115
113 117
113 118
113 120
113 121
113 122
113 126
113 128
113 129
113 132
113 133
113 134
113 136
113 140
113 142
113 143
113 145
113 146
113 148
113 149
113 150
113 153
113 155
113 156
113 157
113 158
113 161
113 162
113 164
113 166
113 167
113 169
113 171
113 172
113 177
113 178
113 179
113 180
113 181
113 182
113 186
113 188
113 190
113 191
113 193
113 194
113 196
113 199
113 203
113 204
113 206
113 207
113 209
113 210
113 211
113 212
113 213
113 214
113 215
113 216
113 217
113 218
113 219
113 224
114 120
114 122
114 125
114 127
114 128
114 129
114 134
114 135
114 141
114 145
114 151
114 154
114 156
114 157
114 158
114 159
114 160
114 161
114 164
114 166
114 167
114 168
114 169
114 170
114 171
114 172
114 173
114 175
114 176
114 178
114 181
114 182
114 183
114 187
114 192
114 194
114 195
114 197
114 199
114 200
114 202
114 206
114 207
114 210
114 214
114 217
114 218
114 222
114 224
115 122
115 123
115 125
115 128
115 129
115 130
115 133
115 134
115 136
115 138
115 139
115 141
115 142
115 145
115 147
115 152
115 153
115 155
115 156
115 160
115 165
115 166
115 167
115 168
115 169
115 170
115 171
115 172
115 173
115 177
115 178
115 179
115 182
115 183
115 184
115 188
115 189
115 194
115 195
115 196
115 199
115 201
115 202
115 203
115 206
115 212
115 214
115 215
115 216
115 218
115 221
115 222
115 223
116 117
116 119
116 122
116 123
116 125
116 131
116 138
116 141
116 144
116 145
116 146
116 147
116 149
116 150
116 152
116 154
116 158
116 163
116 166
116 168
116 169
116 170
116 171
116 172
116 174
116 177
116 179
116 182
116 185
116 186
116 187
116 192
116 198
116 201
116 203
116 204
116 206
116 207
116 208
116 209
116 210
116 212
116 219
116 221
116 222
116 223
116 224
117 121
117 122
117 123
117 125
117 127
117 129
117 131
117 132
117 133
117 135
117 138
117 140
117 141
117 143
117 144
117 147
117 148
117 151
117 152
117 153
117 154
117 155
117 159
117 162
117 165
117 168
117 169
117 170
117 171
117 172
117 173
117 176
117 177
117 180
117 183
117 187
117 188
117 190
117 191
117 192
117 194
117 195
117 199
117 202
117 203
117 205
117 207
117 208
117 209
117 211
117 212
117 215
117 216
117 223
118 119
118 121
118 122
118 123
118 128
118 129
118 130
118 131
118 132
118 134
118 135
118 136
118 137
118 139
118 140
118 141
118 143
118 147
118 150
118 153
118 155
118 156
118 157
118 158
118 160
118 163
118 164
118 171
118 176
118 179
118 180
118 181
118 183
118 185
118 189
118 192
118 193
118 194
118 198
118 199
118 200
118 201
118 202
118 203
118 204
118 205
118 206
118 207
118 210
118 211
118 216
118 217
118 218
118 221
118 222
118 224
119 120
119 122
119 123
119 127
119 128
119 129
119 131
119 133
119 138
119 139
119 140
119 141
119 144
119 145
119 148
119 149
119 152
119 155
119 157
119 158
119 159
119 160
119 163
119 167
119 170
119 171
119 172
119 173
119 174
119 175
119 176
119 177
119 178
119 179
119 181
119 182
119 183
119 184
119 186
119 187
119 190
119 191
119 192
119 195
119 197
119 198
119 199
119 200
119 201
119 203
119 205
119 206
119 208
119 210
119 212
119 216
119 218
119 219
120 123
120 125
120 127
120 128
120 129
120 135
120 137
120 145
120 146
120 151
120 153
120 154
120 155
120 156
120 163
120 164
120 165
120 166
120 171
120 174
120 175
120 176
120 177
120 179
120 180
120 185
120 186
120 187
120 191
120 192
120 195
120 196
120 197
120 201
120 203
120 205
120 208
120 210
120 211
120 212
120 213
120 214
120 216
120 218
120 220
120 221
120 222
120 224
121 123
121 125
121 130
121 135
121 136
121 137
121 138
121 139
121 140
121 141
121 142
121 143
121 144
121 146
121 148
121 150
121 151
121 158
121 160
121 162
121 163
121 166
121 167
121 169
121 170
121 172
121 173
121 176
121 178
121 181
121 182
121 184
121 187
121 189
121 190
121 191
121 193
121 195
121 196
121 197
121 198
121 199
121 203
121 205
121 208
121 212
121 214
121 215
121 216
121 218
121 219
121 224
122 123
122 129
122 131
122 133
122 136
122 138
122 139
122 141
122 142
122 143
122 144
122 145
122 150
122 151
122 157
122 159
122 160
122 161
122 162
122 164
122 166
122 167
122 168
122 172
122 174
122 175
122 176
122 179
122 180
122 181
122 183
122 185
122 188
122 189
122 191
122 196
122 200
122 201
122 202
122 204
122 207
122 209
122 211
122 213
122 222
122 223
122 224
123 124
123 125
123 129
123 130
123 131
123 132
123 133
123 136
123 137
123 141
123 142
123 144
123 145
123 146
123 149
123 150
123 153
123 154
123 155
123 156
123 159
123 160
123 162
123 163
123 164
123 165
123 166
123 167
123 169
123 172
123 174
123 176
123 181
123 183
123 184
123 185
123 187
123 189
123 190
123 191
123 194
123 195
123 197
123 199
123 200
123 203
123 205
123 206
123 212
123 216
123 217
123 218
123 220
123 221
123 223
123 224
124 126
124 130
124 131
124 135
124 136
124 139
124 140
124 141
124 145
124 146
124 149
124 150
124 156
124 159
124 160
124 161
124 164
124 166
124 168
124 170
124 171
124 172
124 173
124 175
124 177
124 178
124 179
124 180
124 181
124 182
124 184
124 186
124 189
124 195
124 196
124 198
124 202
124 203
124 204
124 205
124 207
124 209
124 211
124 214
124 215
124 217
124 220
124 221
124 223
125 126
125 127
125 129
125 134
125 135
125 136
125 137
125 141
125 142
125 143
125 146
125 147
125 148
125 154
125 155
125 156
125 157
125 158
125 160
125 168
125 169
125 170
125 176
125 178
125 179
125 185
125 186
125 188
125 189
125 190
125 192
125 196
125 197
125 199
125 203
125 205
125 207
125 212
125 216
125 220
125 222
126 128
126 129
126 132
126 133
126 138
126 141
126 143
126 144
126 145
126 146
126 147
126 150
126 151
126 152
126 153
126 155
126 156
126 157
126 159
126 161
126 162
126 163
126 164
126 166
126 167
126 169
126 170
126 172
126 176
126 181
126 188
126 189
126 190
126 192
126 195
126 196
126 197
126 198
126 199
126 201
126 202
126 203
126 204
126 206
126 208
126 212
126 213
126 214
126 215
126 216
126 218
126 219
126 222
126 223
127 130
127 131
127 136
127 137
127 143
127 147
127 148
127 149
127 150
127 152
127 153
127 155
127 157
127 163
127 164
127 171
127 173
127 175
127 176
127 178
127 180
127 183
127 187
127 188
127 189
127 190
127 191
127 192
127 193
127 194
127 196
127 202
127 203
127 204
127 206
127 209
127 210
127 212
127 215
127 220
127 221
127 222
128 130
128 131
128 132
128 136
128 137
128 139
128 140
128 141
128 142
128 146
128 147
128 148
128 149
128 150
128 152
128 153
128 155
128 157
128 160
128 161
128 162
128 166
128 168
128 170
128 171
128 173
128 174
128 175
128 177
128 180
128 184
128 186
128 188
128 191
128 193
128 194
128 197
128 199
128 200
128 206
128 209
128 211
128 214
128 215
128 218
128 222
128 224
129 130
129 131
129 132
129 134
129 137
129 139
129 142
129 147
129 149
129 152
129 159
129 160
129 161
129 162
129 165
129 167
129 168
129 169
129 171
129 173
129 175
129 177
129 180
129 183
129 184
129 185
129 186
129 188
129 190
129 192
129 194
129 198
129 200
129 201
129 202
129 204
129 205
129 208
129 210
129 212
129 215
129 218
129 220
130 138
130 139
130 145
130 147
130 148
130 149
130 153
130 154
130 155
130 156
130 159
130 162
130 168
130 169
130 170
130 171
130 174
130 176
130 177
130 182
130 183
130 185
130 187
130 190
130 199
130 202
130 203
130 204
130 206
130 207
130 209
130 212
130 214
130 216
130 217
130 218
130 219
130 220
130 221
130 222
131 132
131 133
131 135
131 138
131 139
131 140
131 141
131 142
131 143
131 144
131 145
131 148
131 151
131 152
131 153
131 154
131 155
131 159
131 160
131 161
131 163
131 166
131 169
131 170
131 171
131 173
131 175
131 178
131 179
131 182
131 184
131 189
131 190
131 191
131 192
131 195
131 196
131 200
131 202
131 203
131 204
131 205
131 207
131 208
131 211
131 213
131 214
131 218
131 221
131 222
131 224
132 133
132 134
132 135
132 142
132 143
132 147
132 149
132 151
132 154
132 155
132 162
132 163
132 164
132 167
132 168
132 170
132 172
132 175
132 177
132 178
132 179
132 183
132 185
132 191
132 192
132 193
132 197
132 201
132 203
132 204
132 206
132 207
132 209
132 210
132 211
132 213
132 215
132 219
132 220
132 221
132 222
132 224
133 135
133 137
133 142
133 143
133 145
133 146
133 147
133 148
133 150
133 152
133 157
133 158
133 159
133 160
133 161
133 162
133 163
133 165
133 166
133 173
133 174
133 177
133 178
133 180
133 183
133 184
133 185
133 186
133 187
133 190
133 193
133 195
133 196
133 197
133 198
133 200
133 201
133 203
133 204
133 205
133 206
133 207
133 210
133 211
133 213
133 214
133 215
133 218
133 220
133 222
133 223
133 224
134 135
134 136
134 137
134 138
134 140
134 143
134 144
134 145
134 146
134 147
134 148
134 153
134 154
134 155
134 156
134 157
134 159
134 160
134 164
134 165
134 166
134 167
134 168
134 171
134 173
134 174
134 178
134 179
134 181
134 183
134 184
134 187
134 190
134 192
134 193
134 194
134 195
134 200
134 204
134 206
134 209
134 211
134 212
134 214
135 138
135 140
135 143
135 145
135 148
135 152
135 154
135 155
135 158
135 159
135 161
135 163
135 164
135 166
135 167
135 170
135 172
135 173
135 174
135 175
135 179
135 180
135 181
135 182
135 183
135 185
135 189
135 192
135 194
135 195
135 197
135 198
135 200
135 201
135 202
135 204
135 206
135 208
135 209
135 210
135 211
135 212
135 213
135 214
135 215
135 216
135 218
135 219
136 137
136 138
136 141
136 142
136 143
136 144
136 146
136 147
136 149
136 150
136 153
136 157
136 158
136 162
136 164
136 165
136 166
136 167
136 168
136 169
136 176
136 178
136 180
136 181
136 183
136 186
136 187
136 188
136 189
136 190
136 191
136 193
136 194
136 195
136 196
136 198
136 199
136 200
136 201
136 205
136 207
136 208
136 209
136 213
136 215
136 216
136 220
136 223
137 138
137 140
137 141
137 143
137 144
137 145
137 147
137 148
137 150
137 151
137 154
137 156
137 161
137 163
137 164
137 166
137 172
137 174
137 176
137 178
137 180
137 181
137 182
137 186
137 187
137 189
137 191
137 192
137 196
137 199
137 201
137 202
137 205
137 206
137 211
137 215
137 217
137 219
137 222
137 223
138 139
138 140
138 144
138 149
138 150
138 152
138 153
138 155
138 156
138 157
138 158
138 159
138 162
138 166
138 169
138 170
138 171
138 172
138 175
138 178
138 179
138 180
138 182
138 185
138 186
138 187
138 190
138 195
138 198
138 199
138 201
138 202
138 204
138 205
138 206
138 207
138 208
138 210
138 212
138 215
138 220
138 221
139 140
139 141
139 144
139 146
139 149
139 150
139 151
139 154
139 156
139 157
139 158
139 159
139 160
139 162
139 164
139 166
139 168
139 170
139 174
139 175
139 176
139 178
139 179
139 180
139 181
139 182
139 183
139 184
139 185
139 186
139 187
139 188
139 189
139 192
139 194
139 197
139 198
139 199
139 201
139 203
139 204
139 205
139 206
139 207
139 208
139 209
139 210
139 211
139 212
139 215
139 216
139 217
139 219
139 221
139 222
140 144
140 145
140 146
140 149
140 150
140 151
140 153
140 154
140 155
140 156
140 157
140 158
140 159
140 161
140 162
140 165
140 166
140 167
140 170
140 176
140 177
140 178
140 179
140 180
140 182
140 183
140 184
140 185
140 187
140 188
140 193
140 197
140 198
140 203
140 204
140 207
140 212
140 214
140 216
140 217
140 220
141 142
141 145
141 147
141 148
141 149
141 150
141 151
141 152
141 154
141 155
141 158
141 163
141 164
141 166
141 167
141 169
141 170
141 171
141 172
141 174
141 177
141 178
141 179
141 180
141 181
141 182
141 183
141 186
141 188
141 191
141 192
141 194
141 195
141 196
141 197
141 199
141 203
141 204
141 205
141 207
141 209
141 210
141 211
141 212
141 216
141 218
141 220
141 221
141 222
141 223
142 143
142 144
142 145
142 147
142 151
142 155
142 158
142 160
142 161
142 162
142 165
142 166
142 167
142 169
142 170
142 171
142 172
142 173
142 176
142 178
142 179
142 181
142 184
142 186
142 189
142 190
142 191
142 192
142 193
142 197
142 198
142 199
142 203
142 205
142 207
142 208
142 209
142 211
142 212
142 213
142 214
142 221
142 224
143 145
143 146
143 148
143 150
143 151
143 152
143 157
143 158
143 161
143 163
143 164
143 169
143 170
143 172
143 177
143 178
143 180
143 181
143 182
143 183
143 184
143 189
143 192
143 199
143 200
143 201
143 204
143 207
143 209
143 220
143 221
143 222
143 224
144 145
144 152
144 153
144 157
144 158
144 159
144 161
144 162
144 166
144 170
144 171
144 172
144 173
144 175
144 176
144 177
144 179
144 180
144 181
144 182
144 183
144 184
144 187
144 190
144 191
144 192
144 194
144 195
144 196
144 197
144 201
144 202
144 208
144 209
144 210
144 212
144 213
144 217
144 218
144 220
144 221
145 148
145 149
145 152
145 154
145 156
145 159
145 160
145 162
145 163
145 170
145 171
145 172
145 173
145 174
145 179
145 182
145 183
145 186
145 187
145 188
145 191
145 192
145 193
145 199
145 201
145 202
145 205
145 206
145 207
145 209
145 210
145 213
145 214
145 219
145 221
145 223
145 224
146 147
146 150
146 153
146 155
146 157
146 158
146 159
146 160
146 164
146 166
146 167
146 168
146 169
146 171
146 175
146 177
146 178
146 181
146 183
146 184
146 186
146 187
146 188
146 189
146 193
146 194
146 197
146 198
146 199
146 200
146 203
146 204
146 207
146 208
146 209
146 213
146 219
146 220
146 222
146 223
146 224
147 149
147 151
147 152
147 153
147 155
147 156
147 158
147 160
147 161
147 162
147 163
147 165
147 167
147 171
147 174
147 175
147 176
147 178
147 179
147 180
147 184
147 186
147 188
147 189
147 190
147 194
147 196
147 199
147 201
147 203
147 204
147 206
147 209
147 210
147 211
147 212
147 215
147 216
147 217
147 219
147 221
147 224
148 149
148 150
148 151
148 153
148 156
148 158
148 159
148 163
148 164
148 165
148 167
148 169
148 170
148 171
148 172
148 173
148 174
148 176
148 179
148 180
148 181
148 187
148 189
148 190
148 191
148 193
148 194
148 197
148 199
148 200
148 201
148 204
148 205
148 206
148 208
148 209
148 211
148 213
148 214
148 218
149 152
149 154
149 156
149 157
149 160
149 161
149 162
149 164
149 166
149 167
149 168
149 169
149 170
149 172
149 173
149 174
149 175
149 176
149 180
149 181
149 183
149 184
149 186
149 187
149 188
149 192
149 194
149 197
149 198
149 199
149 201
149 202
149 203
149 204
149 205
149 206
149 207
149 208
149 210
149 211
149 213
149 214
149 215
149 219
149 223
150 151
150 152
150 155
150 156
150 157
150 162
150 163
150 164
150 166
150 168
150 172
150 177
150 181
150 183
150 185
150 186
150 191
150 196
150 198
150 199
150 202
150 203
150 206
150 207
150 208
150 209
150 210
150 211
150 215
150 216
150 218
150 224
151 153
151 155
151 159
151 160
151 161
151 162
151 163
151 164
151 166
151 169
151 170
151 171
151 173
151 177
151 179
151 180
151 181
151 183
151 184
151 186
151 187
151 190
151 191
151 195
151 196
151 198
151 201
151 202
151 206
151 211
151 212
151 214
151 215
151 219
151 220
151 222
152 153
152 156
152 157
152 158
152 161
152 164
152 165
152 172
152 174
152 175
152 176
152 177
152 181
152 183
152 188
152 190
152 192
152 193
152 194
152 200
152 201
152 202
152 204
152 211
152 213
152 214
152 215
152 218
152 220
152 221
152 222
152 224
153 154
153 155
153 161
153 162
153 165
153 166
153 170
153 172
153 173
153 174
153 179
153 181
153 185
153 186
153 188
153 190
153 201
153 202
153 203
153 205
153 207
153 209
153 210
153 213
153 215
153 218
153 219
153 220
153 221
153 222
153 223
154 164
154 165
154 166
154 173
154 175
154 176
154 177
154 179
154 181
154 183
154 186
154 187
154 190
154 191
154 194
154 195
154 197
154 198
154 199
154 203
154 204
154 205
154 208
154 209
154 212
154 214
154 215
154 217
154 218
154 219
154 222
154 224
155 156
155 160
155 162
155 163
155 164
155 165
155 168
155 169
155 171
155 178
155 179
155 182
155 183
155 188
155 197
155 202
155 203
155 204
155 206
155 208
155 209
155 211
155 212
155 213
155 217
155 219
155 224
156 160
156 161
156 163
156 165
156 166
156 168
156 169
156 171
156 173
156 175
156 176
156 177
156 178
156 179
156 182
156 183
156 184
156 189
156 191
156 192
156 194
156 196
156 200
156 202
156 203
156 206
156 207
156 208
156 209
156 212
156 217
156 218
156 220
156 221
156 224
157 159
157 160
157 162
157 163
157 164
157 165
157 166
157 167
157 168
157 169
157 170
157 171
157 174
157 178
157 179
157 182
157 186
157 189
157 190
157 191
157 192
157 193
157 194
157 195
157 197
157 198
157 201
157 202
157 205
157 206
157 207
157 214
157 215
157 218
157 221
157 222
158 159
158 162
158 163
158 165
158 166
158 167
158 169
158 172
158 177
158 178
158 182
158 183
158 184
158 185
158 187
158 188
158 189
158 193
158 194
158 195
158 197
158 199
158 200
158 201
158 202
158 203
158 205
158 207
158 208
158 210
158 212
158 213
158 215
158 216
158 218
158 219
158 220
158 221
158 223
158 224
159 161
159 162
159 165
159 169
159 172
159 175
159 178
159 179
159 180
159 182
159 185
159 187
159 189
159 195
159 196
159 199
159 200
159 202
159 203
159 205
159 206
159 210
159 211
159 217
159 218
159 219
159 222
159 223
160 161
160 163
160 165
160 166
160 167
160 169
160 170
160 174
160 176
160 177
160 178
160 180
160 181
160 182
160 183
160 186
160 187
160 188
160 190
160 191
160 192
160 194
160 196
160 197
160 198
160 202
160 204
160 207
160 208
160 209
160 211
160 213
160 215
160 216
160 217
160 224
161 162
161 164
161 165
161 166
161 168
161 169
161 172
161 176
161 177
161 178
161 182
161 183
161 185
161 188
161 189
161 190
161 191
161 192
161 193
161 197
161 198
161 200
161 206
161 207
161 208
161 209
161 211
161 212
161 214
161 218
161 219
161 221
161 222
161 223
161 224
162 165
162 166
162 168
162 170
162 172
162 173
162 175
162 179
162 182
162 187
162 188
162 191
162 192
162 193
162 194
162 197
162 199
162 200
162 202
162 203
162 204
162 207
162 208
162 209
162 210
162 212
162 219
162 220
162 221
162 222
163 165
163 166
163 167
163 168
163 170
163 171
163 172
163 173
163 177
163 179
163 182
163 183
163 184
163 187
163 190
163 193
163 194
163 195
163 196
163 197
163 198
163 201
163 205
163 206
163 209
163 210
163 212
163 214
163 217
163 218
163 219
163 220
163 221
163 223
164 165
164 166
164 168
164 169
164 170
164 171
164 173
164 174
164 176
164 177
164 178
164 179
164 180
164 181
164 182
164 186
164 188
164 190
164 191
164 192
164 194
164 195
164 201
164 202
164 203
164 204
164 205
164 209
164 210
164 211
164 214
164 215
164 216
164 217
164 219
164 221
164 223
164 224
165 170
165 171
165 175
165 176
165 178
165 179
165 181
165 184
165 186
165 187
165 191
165 192
165 193
165 196
165 198
165 202
165 203
165 206
165 207
165 208
165 210
165 211
165 212
165 213
165 216
165 218
165 221
166 167
166 169
166 173
166 174
166 175
166 176
166 180
166 182
166 183
166 184
166 185
166 186
166 187
166 188
166 190
166 192
166 193
166 194
166 195
166 201
166 202
166 205
166 206
166 207
166 209
166 212
166 213
166 214
166 218
166 219
166 221
167 169
167 170
167 171
167 172
167 174
167 175
167 177
167 178
167 179
167 180
167 181
167 182
167 183
167 185
167 187
167 188
167 193
167 196
167 197
167 199
167 200
167 202
167 203
167 205
167 211
167 212
167 214
167 215
167 216
167 217
167 219
167 220
167 222
168 169
168 171
168 172
168 173
168 175
168 177
168 178
168 179
168 180
168 181
168 182
168 183
168 185
168 188
168 190
168 191
168 192
168 193
168 196
168 198
168 199
168 200
168 202
168 203
168 206
168 207
168 208
168 209
168 211
168 213
168 215
168 216
168 219
168 222
168 223
168 224
169 172
169 173
169 176
169 178
169 180
169 181
169 182
169 183
169 188
169 189
169 195
169 196
169 200
169 203
169 204
169 213
169 215
169 217
169 223
170 176
170 177
170 178
170 179
170 181
170 182
170 183
170 185
170 189
170 190
170 191
170 193
170 197
170 200
170 204
170 207
170 208
170 210
170 212
170 217
170 220
170 224
171 173
171 177
171 180
171 185
171 187
171 188
171 189
171 190
171 193
171 195
171 197
171 199
171 202
171 203
171 205
171 206
171 209
171 214
171 215
171 216
171 218
171 219
171 220
171 222
171 223
172 173
172 176
172 177
172 179
172 181
172 182
172 190
172 192
172 193
172 198
172 204
172 205
172 207
172 209
172 211
172 214
172 215
172 216
172 218
172 220
172 222
172 223
173 174
173 175
173 180
173 181
173 183
173 184
173 185
173 186
173 187
173 190
173 191
173 192
173 193
173 194
173 196
173 197
173 198
173 199
173 200
173 201
173 202
173 205
173 206
173 211
173 212
173 213
173 214
173 217
173 220
173 221
173 222
173 224
174 175
174 177
174 179
174 181
174 183
174 184
174 185
174 186
174 192
174 194
174 196
174 199
174 201
174 203
174 204
174 206
174 209
174 211
174 212
174 213
174 214
174 216
174 217
174 218
174 219
175 176
175 179
175 182
175 183
175 186
175 187
175 188
175 189
175 190
175 191
175 193
175 194
175 196
175 198
175 199
175 203
175 208
175 211
175 213
175 217
175 219
175 220
175 221
175 222
175 223
176 177
176 180
176 181
176 182
176 185
176 188
176 189
176 190
176 193
176 194
176 195
176 196
176 200
176 201
176 202
176 203
176 204
176 205
176 206
176 207
176 209
176 210
176 211
176 212
176 213
176 214
176 216
176 217
176 220
176 224
177 178
177 181
177 182
177 186
177 187
177 191
177 194
177 196
177 199
177 200
177 201
177 202
177 203
177 206
177 207
177 209
177 214
177 215
177 217
177 218
177 221
177 222
177 224
178 180
178 182
178 183
178 188
178 190
178 194
178 198
178 199
178 207
178 212
178 214
178 215
178 216
178 218
178 221
178 222
178 223
179 181
179 182
179 183
179 185
179 188
179 189
179 190
179 192
179 197
179 199
179 201
179 202
179 203
179 207
179 209
179 213
179 219
180 181
180 183
180 184
180 191
180 192
180 195
180 197
180 198
180 199
180 200
180 203
180 204
180 205
180 206
180 207
180 212
180 213
180 216
180 217
180 221
181 182
181 184
181 185
181 186
181 187
181 188
181 189
181 190
181 191
181 194
181 196
181 199
181 200
181 201
181 202
181 203
181 204
181 206
181 208
181 209
181 210
181 211
181 212
181 214
181 218
181 221
182 189
182 190
182 191
182 193
182 195
182 197
182 199
182 201
182 203
182 207
182 209
182 210
182 211
182 213
182 218
182 219
182 220
182 224
183 184
183 186
183 187
183 188
183 191
183 193
183 194
183 195
183 198
183 199
183 201
183 203
183 206
183 207
183 208
183 209
183 210
183 212
183 215
183 216
183 219
183 222
184 187
184 188
184 193
184 194
184 198
184 200
184 204
184 206
184 207
184 212
184 214
184 215
184 216
184 217
184 219
184 220
184 221
184 223
184 224
185 188
185 191
185 193
185 195
185 197
185 198
185 199
185 201
185 206
185 210
185 211
185 214
185 217
185 218
185 219
185 220
185 222
185 224
186 187
186 188
186 189
186 193
186 194
186 196
186 199
186 202
186 204
186 210
186 211
186 212
186 213
186 214
186 215
186 217
186 220
186 223
186 224
187 188
187 189
187 191
187 192
187 195
187 196
187 197
187 199
187 200
187 203
187 205
187 207
187 210
187 211
187 213
187 214
187 215
187 216
187 218
187 220
187 222
188 189
188 191
188 195
188 197
188 198
188 200
188 202
188 204
188 205
188 206
188 209
188 211
188 215
188 219
188 221
188 223
188 224
189 198
189 201
189 204
189 207
189 208
189 210
189 213
189 215
189 217
189 218
189 222
189 223
189 224
190 193
190 196
190 205
190 212
190 213
190 215
190 216
190 220
190 221
191 192
191 195
191 196
191 197
191 198
191 199
191 200
191 201
191 203
191 205
191 207
191 208
191 210
191 211
191 214
191 216
191 217
191 219
191 220
191 223
192 193
192 195
192 197
192 199
192 200
192 202
192 205
192 208
192 213
192 217
192 220
192 224
193 194
193 197
193 198
193 199
193 200
193 201
193 203
193 207
193 208
193 209
193 210
193 212
193 213
193 216
193 218
193 219
193 220
193 221
193 222
193 224
194 195
194 196
194 197
194 198
194 199
194 204
194 206
194 208
194 210
194 211
194 221
194 224
195 198
195 199
195 201
195 206
195 207
195 209
195 212
195 213
195 214
195 215
195 222
195 224
196 198
196 199
196 200
196 201
196 202
196 205
196 206
196 207
196 209
196 213
196 216
196 217
196 218
196 219
196 220
196 222
196 224
197 200
197 203
197 204
197 205
197 206
197 208
197 210
197 213
197 214
197 218
197 220
197 224
198 199
198 200
198 207
198 212
198 213
198 214
198 215
198 216
198 217
198 218
198 223
198 224
199 202
199 204
199 206
199 207
199 212
199 213
199 217
199 218
199 222
200 201
200 202
200 204
200 205
200 207
200 208
200 210
200 214
200 216
200 217
200 218
200 219
200 222
201 202
201 203
201 204
201 208
201 209
201 210
201 211
201 213
201 219
201 220
201 222
201 224
202 203
202 207
202 209
202 210
202 216
202 217
202 219
202 223
202 224
203 204
203 205
203 206
203 207
203 208
203 209
203 210
203 211
203 217
203 219
203 223
204 205
204 206
204 208
204 210
204 217
204 218
204 219
204 224
205 206
205 207
205 208
205 209
205 212
205 213
205 214
205 216
205 219
205 221
206 208
206 209
206 211
206 213
206 214
206 219
206 222
207 208
207 210
207 212
207 214
207 215
207 217
207 221
207 224
208 210
208 213
208 216
208 217
208 219
208 220
208 221
208 222
208 223
208 224
209 211
209 212
209 215
209 216
209 217
209 218
209 220
209 221
209 224
210 211
210 214
210 216
210 218
210 222
210 223
210 224
211 216
211 217
211 220
211 221
211 222
211 223
212 215
212 220
212 221
212 222
212 223
213 215
213 217
213 218
213 219
213 222
213 224
214 216
214 217
214 222
214 224
215 216
215 217
215 218
215 220
215 221
215 223
215 224
216 224
217 218
217 219
217 221
217 222
217 223
218 219
218 220
218 221
218 222
218 224
219 222
219 224
220 222
220 223
220 224
221 223
221 224
222 224
