0 8
0 14
0 15
0 16
0 17
0 18
0 20
0 22
0 23
0 26
0 30
0 38
0 41
0 42
0 43
0 46
0 47
0 48
0 50
0 54
0 55
0 56
0 58
0 60
0 62
0 64
0 65
0 68
0 73
0 74
0 75
0 76
0 78
0 81
0 82
0 85
0 87
0 88
0 90
0 91
0 93
0 94
0 95
0 96
0 97
0 100
0 103
0 104
0 109
0 111
0 113
0 116
0 118
0 121
0 122
0 123
0 125
0 126
0 127
0 129
0 130
0 134
0 135
0 136
0 138
0 139
0 140
0 145
0 148
1 3
1 4
1 5
1 6
1 8
1 9
1 10
1 12
1 20
1 22
1 29
1 33
1 34
1 35
1 39
1 40
1 41
1 42
1 44
1 47
1 48
1 50
1 52
1 53
1 56
1 59
1 60
1 61
1 62
1 63
1 64
1 67
1 69
1 71
1 72
1 73
1 75
1 78
1 83
1 85
1 86
1 87
1 88
1 90
1 93
1 94
1 97
1 99
1 100
1 102
1 105
1 110
1 111
1 116
1 118
1 119
1 121
1 123
1 125
1 126
1 128
1 129
1 131
1 133
1 136
1 137
1 139
1 145
1 146
1 147
1 148
2 3
2 7
2 8
2 9
2 10
2 13
2 14
2 15
2 17
2 20
2 28
2 29
2 31
2 33
2 36
2 43
2 44
2 45
2 46
2 47
2 49
2 50
2 56
2 57
2 58
2 61
2 62
2 63
2 66
2 68
2 69
2 70
2 72
2 73
2 76
2 77
2 80
2 81
2 83
2 84
2 87
2 90
2 91
2 93
2 95
2 99
2 100
2 101
2 102
2 103
2 104
2 107
2 108
2 110
2 111
2 112
2 113
2 114
2 116
2 117
2 121
2 122
2 123
2 125
2 127
2 132
2 133
2 134
2 135
2 136
2 140
2 144
2 145
3 5
3 10
3 15
3 17
3 18
3 21
3 23
3 24
3 25
3 27
3 29
3 31
3 34
3 37
3 38
3 43
3 46
3 48
3 49
3 50
3 52
3 56
3 60
3 61
3 62
3 65
3 69
3 70
3 72
3 73
3 74
3 76
3 79
3 85
3 87
3 89
3 91
3 94
3 95
3 99
3 105
3 107
3 110
3 111
3 112
3 114
3 115
3 116
3 119
3 120
3 122
3 126
3 129
3 133
3 137
3 140
3 145
3 146
3 148
3 149
4 5
4 7
4 9
4 10
4 11
4 12
4 13
4 16
4 20
4 21
4 25
4 27
4 28
4 30
4 43
4 44
4 45
4 50
4 56
4 57
4 58
4 59
4 62
4 64
4 68
4 72
4 73
4 74
4 80
4 81
4 83
4 87
4 88
4 89
4 90
4 91
4 95
4 96
4 104
4 106
4 107
4 108
4 109
4 110
4 112
4 113
4 117
4 118
4 119
4 120
4 122
4 125
4 128
4 131
4 134
4 136
4 137
4 138
4 139
4 142
4 143
4 145
4 146
4 147
4 149
5 6
5 7
5 8
5 10
5 12
5 13
5 14
5 15
5 17
5 18
5 20
5 21
5 22
5 23
5 25
5 26
5 27
5 28
5 29
5 31
5 33
5 34
5 35
5 37
5 43
5 44
5 45
5 46
5 50
5 52
5 53
5 54
5 57
5 60
5 61
5 62
5 67
5 71
5 72
5 73
5 76
5 77
5 78
5 86
5 87
5 89
5 92
5 93
5 96
5 100
5 104
5 105
5 106
5 107
5 108
5 109
5 113
5 114
5 116
5 117
5 119
5 121
5 125
5 126
5 127
5 129
5 130
5 131
5 132
5 136
5 137
5 139
5 140
5 144
5 145
5 147
6 7
6 8
6 9
6 12
6 13
6 14
6 18
6 21
6 22
6 24
6 25
6 26
6 31
6 33
6 38
6 40
6 41
6 43
6 45
6 48
6 50
6 51
6 53
6 58
6 59
6 62
6 64
6 65
6 66
6 67
6 68
6 69
6 72
6 73
6 74
6 76
6 78
6 80
6 81
6 82
6 83
6 85
6 86
6 90
6 91
6 92
6 96
6 98
6 99
6 101
6 103
6 104
6 106
6 107
6 109
6 110
6 117
6 119
6 120
6 123
6 125
6 127
6 130
6 131
6 132
6 134
6 135
6 136
6 138
6 142
6 146
6 148
6 149
7 8
7 9
7 11
7 13
7 14
7 15
7 16
7 18
7 22
7 24
7 25
7 26
7 27
7 29
7 30
7 32
7 33
7 36
7 37
7 38
7 40
7 41
7 45
7 47
7 48
7 50
7 52
7 53
7 55
7 58
7 71
7 75
7 77
7 78
7 80
7 82
7 83
7 84
7 87
7 89
7 90
7 92
7 93
7 97
7 98
7 104
7 105
7 109
7 110
7 111
7 113
7 114
7 118
7 119
7 121
7 123
7 124
7 125
7 126
7 127
7 128
7 129
7 130
7 137
7 139
7 140
7 143
7 149
8 10
8 11
8 12
8 13
8 15
8 16
8 17
8 19
8 21
8 23
8 24
8 28
8 30
8 31
8 34
8 36
8 37
8 38
8 46
8 47
8 48
8 49
8 53
8 56
8 57
8 58
8 60
8 65
8 66
8 68
8 69
8 71
8 72
8 77
8 78
8 79
8 81
8 82
8 84
8 87
8 88
8 91
8 93
8 94
8 96
8 97
8 100
8 102
8 103
8 104
8 107
8 108
8 109
8 111
8 113
8 114
8 117
8 118
8 120
8 125
8 127
8 128
8 129
8 131
8 132
8 133
8 134
8 140
8 143
8 144
8 145
8 146
8 147
8 148
9 10
9 12
9 13
9 17
9 18
9 19
9 21
9 26
9 28
9 31
9 32
9 33
9 35
9 36
9 37
9 38
9 40
9 41
9 43
9 44
9 49
9 55
9 56
9 57
9 59
9 60
9 62
9 64
9 65
9 72
9 73
9 78
9 79
9 81
9 82
9 85
9 86
9 88
9 89
9 91
9 92
9 93
9 97
9 98
9 99
9 101
9 104
9 106
9 107
9 109
9 112
9 119
9 120
9 121
9 122
9 123
9 124
9 127
9 128
9 129
9 130
9 132
9 136
9 138
9 140
9 142
9 143
9 144
9 146
9 147
9 148
10 11
10 12
10 13
10 14
10 15
10 16
10 17
10 19
10 20
10 21
10 24
10 25
10 27
10 28
10 32
10 34
10 35
10 37
10 38
10 40
10 42
10 43
10 44
10 45
10 49
10 51
10 52
10 55
10 56
10 58
10 64
10 67
10 68
10 71
10 72
10 73
10 74
10 76
10 77
10 79
10 80
10 83
10 85
10 86
10 87
10 90
10 92
10 93
10 94
10 95
10 96
10 98
10 101
10 102
10 104
10 105
10 107
10 109
10 113
10 114
10 115
10 119
10 120
10 121
10 123
10 124
10 125
10 126
10 127
10 130
10 131
10 133
10 135
10 138
10 140
10 141
10 142
10 144
10 146
10 147
10 148
10 149
11 12
11 22
11 24
11 26
11 29
11 33
11 34
11 35
11 38
11 39
11 40
11 42
11 43
11 45
11 46
11 49
11 51
11 53
11 54
11 55
11 56
11 60
11 62
11 63
11 64
11 65
11 66
11 68
11 71
11 72
11 73
11 76
11 77
11 78
11 80
11 81
11 82
11 83
11 87
11 88
11 90
11 91
11 92
11 93
11 95
11 97
11 98
11 99
11 100
11 101
11 102
11 104
11 105
11 106
11 107
11 109
11 120
11 121
11 122
11 123
11 124
11 126
11 127
11 129
11 130
11 131
11 132
11 134
11 135
11 137
11 138
11 139
11 140
11 142
11 143
11 145
11 149
12 13
12 14
12 15
12 16
12 17
12 20
12 21
12 22
12 23
12 28
12 34
12 36
12 37
12 40
12 42
12 43
12 45
12 46
12 47
12 48
12 52
12 54
12 58
12 67
12 68
12 69
12 70
12 73
12 74
12 77
12 82
12 83
12 84
12 88
12 89
12 92
12 94
12 99
12 101
12 102
12 103
12 104
12 106
12 107
12 108
12 109
12 110
12 111
12 113
12 114
12 119
12 120
12 121
12 125
12 129
12 130
12 132
12 133
12 134
12 137
12 138
12 140
12 143
12 144
12 145
12 148
13 14
13 16
13 17
13 18
13 19
13 20
13 21
13 22
13 23
13 25
13 28
13 31
13 32
13 33
13 34
13 39
13 44
13 48
13 49
13 50
13 51
13 53
13 56
13 58
13 59
13 61
13 64
13 66
13 67
13 72
13 73
13 74
13 75
13 78
13 81
13 82
13 84
13 88
13 89
13 92
13 95
13 97
13 98
13 102
13 104
13 105
13 107
13 108
13 109
13 110
13 111
13 113
13 116
13 117
13 118
13 123
13 125
13 128
13 133
13 134
13 136
13 139
13 141
13 142
13 143
13 145
13 147
13 148
14 15
14 20
14 23
14 24
14 27
14 29
14 31
14 33
14 34
14 35
14 36
14 38
14 39
14 41
14 42
14 44
14 45
14 47
14 49
14 51
14 52
14 54
14 55
14 56
14 59
14 60
14 63
14 66
14 69
14 71
14 72
14 75
14 76
14 77
14 79
14 80
14 84
14 85
14 90
14 91
14 93
14 95
14 98
14 105
14 109
14 110
14 111
14 114
14 115
14 117
14 122
14 127
14 129
14 131
14 132
14 134
14 135
14 137
14 139
14 142
14 143
14 144
14 147
15 17
15 18
15 19
15 20
15 21
15 22
15 23
15 24
15 26
15 29
15 30
15 32
15 33
15 36
15 38
15 39
15 41
15 43
15 44
15 46
15 48
15 49
15 50
15 51
15 52
15 53
15 54
15 56
15 59
15 60
15 61
15 62
15 63
15 64
15 65
15 70
15 71
15 72
15 74
15 75
15 76
15 79
15 80
15 81
15 85
15 86
15 88
15 94
15 95
15 102
15 103
15 109
15 111
15 113
15 115
15 116
15 117
15 118
15 119
15 120
15 124
15 125
15 126
15 127
15 128
15 129
15 132
15 135
15 136
15 137
15 138
15 140
15 143
15 145
15 146
15 147
15 149
16 17
16 18
16 21
16 22
16 24
16 25
16 26
16 27
16 28
16 29
16 31
16 32
16 34
16 35
16 36
16 37
16 39
16 40
16 41
16 43
16 44
16 45
16 48
16 52
16 54
16 56
16 57
16 58
16 59
16 60
16 64
16 66
16 70
16 73
16 74
16 77
16 79
16 80
16 84
16 88
16 89
16 90
16 92
16 93
16 95
16 96
16 102
16 103
16 105
16 107
16 110
16 115
16 116
16 117
16 118
16 119
16 121
16 122
16 126
16 128
16 129
16 130
16 132
16 134
16 135
16 137
16 138
16 139
16 141
16 142
16 143
16 146
16 147
16 149
17 19
17 21
17 23
17 24
17 27
17 28
17 29
17 30
17 32
17 33
17 34
17 35
17 36
17 39
17 41
17 43
17 44
17 48
17 50
17 54
17 55
17 56
17 60
17 63
17 64
17 70
17 71
17 72
17 73
17 75
17 81
17 82
17 89
17 91
17 92
17 93
17 94
17 96
17 97
17 98
17 101
17 102
17 104
17 106
17 108
17 112
17 116
17 118
17 120
17 121
17 124
17 125
17 130
17 131
17 132
17 133
17 134
17 140
17 141
17 142
17 143
17 144
17 145
17 146
17 149
18 19
18 21
18 23
18 24
18 25
18 29
18 31
18 35
18 36
18 39
18 40
18 41
18 45
18 47
18 48
18 49
18 54
18 56
18 57
18 60
18 61
18 64
18 65
18 68
18 71
18 73
18 74
18 75
18 76
18 78
18 79
18 87
18 90
18 97
18 99
18 100
18 104
18 105
18 106
18 107
18 112
18 114
18 115
18 119
18 120
18 122
18 123
18 125
18 127
18 131
18 133
18 138
18 146
18 149
19 21
19 22
19 27
19 28
19 29
19 30
19 31
19 32
19 33
19 34
19 35
19 36
19 37
19 38
19 47
19 49
19 50
19 51
19 53
19 54
19 55
19 56
19 57
19 58
19 61
19 62
19 65
19 70
19 71
19 72
19 74
19 75
19 77
19 78
19 80
19 83
19 84
19 85
19 87
19 88
19 90
19 95
19 96
19 97
19 101
19 103
19 107
19 111
19 112
19 114
19 115
19 116
19 118
19 119
19 120
19 122
19 126
19 127
19 128
19 129
19 130
19 134
19 137
19 140
19 141
19 142
19 145
19 148
19 149
20 21
20 23
20 24
20 29
20 32
20 36
20 38
20 41
20 43
20 44
20 46
20 48
20 52
20 54
20 58
20 59
20 61
20 63
20 64
20 65
20 66
20 67
20 68
20 69
20 70
20 71
20 72
20 73
20 74
20 75
20 76
20 77
20 78
20 79
20 81
20 84
20 87
20 88
20 89
20 91
20 93
20 94
20 96
20 97
20 98
20 101
20 102
20 103
20 108
20 111
20 112
20 114
20 117
20 119
20 120
20 121
20 122
20 126
20 129
20 137
20 140
20 141
20 146
21 24
21 28
21 30
21 31
21 34
21 35
21 37
21 38
21 39
21 40
21 42
21 43
21 45
21 46
21 47
21 48
21 52
21 58
21 60
21 61
21 64
21 71
21 72
21 73
21 74
21 76
21 77
21 79
21 80
21 89
21 91
21 94
21 96
21 98
21 100
21 101
21 103
21 106
21 109
21 112
21 113
21 114
21 115
21 117
21 118
21 122
21 124
21 126
21 127
21 131
21 132
21 133
21 138
21 139
21 142
21 144
21 148
22 24
22 30
22 31
22 32
22 35
22 38
22 39
22 41
22 43
22 44
22 45
22 46
22 48
22 51
22 53
22 56
22 58
22 60
22 61
22 63
22 64
22 65
22 68
22 69
22 70
22 71
22 72
22 75
22 79
22 80
22 81
22 83
22 86
22 87
22 90
22 92
22 93
22 94
22 95
22 96
22 97
22 98
22 99
22 102
22 106
22 111
22 112
22 114
22 117
22 119
22 120
22 121
22 123
22 124
22 125
22 127
22 128
22 131
22 133
22 136
22 137
22 138
22 139
22 140
22 142
22 146
22 147
22 148
23 24
23 26
23 29
23 31
23 36
23 37
23 38
23 39
23 40
23 41
23 43
23 47
23 48
23 49
23 50
23 51
23 57
23 58
23 59
23 60
23 62
23 63
23 67
23 71
23 76
23 77
23 80
23 83
23 85
23 89
23 90
23 94
23 95
23 100
23 107
23 108
23 111
23 112
23 114
23 116
23 117
23 121
23 123
23 124
23 125
23 134
23 135
23 138
23 139
23 142
23 144
23 145
23 146
23 148
23 149
24 26
24 27
24 28
24 30
24 31
24 33
24 35
24 38
24 41
24 46
24 47
24 49
24 53
24 56
24 57
24 58
24 62
24 63
24 65
24 67
24 68
24 69
24 73
24 78
24 79
24 80
24 81
24 82
24 83
24 85
24 86
24 92
24 96
24 98
24 99
24 100
24 101
24 103
24 105
24 106
24 108
24 109
24 110
24 111
24 113
24 115
24 116
24 117
24 119
24 120
24 121
24 122
24 123
24 129
24 131
24 137
24 138
24 139
24 140
24 142
24 144
24 147
24 149
25 27
25 29
25 30
25 31
25 35
25 36
25 37
25 38
25 41
25 42
25 43
25 45
25 48
25 49
25 50
25 51
25 54
25 58
25 59
25 61
25 62
25 64
25 66
25 67
25 68
25 71
25 75
25 77
25 79
25 82
25 84
25 86
25 88
25 89
25 90
25 92
25 95
25 98
25 99
25 102
25 103
25 104
25 106
25 110
25 111
25 113
25 114
25 115
25 116
25 117
25 118
25 120
25 121
25 123
25 124
25 127
25 130
25 131
25 133
25 134
25 135
25 136
25 138
25 139
25 140
25 141
25 142
25 143
25 144
25 146
25 148
26 27
26 29
26 30
26 31
26 32
26 34
26 36
26 40
26 45
26 47
26 51
26 52
26 54
26 57
26 58
26 61
26 62
26 63
26 66
26 67
26 70
26 71
26 73
26 75
26 77
26 80
26 83
26 86
26 88
26 91
26 92
26 93
26 94
26 99
26 102
26 104
26 107
26 109
26 111
26 114
26 119
26 120
26 125
26 126
26 127
26 128
26 129
26 130
26 131
26 134
26 135
26 136
26 137
26 139
26 140
26 141
26 142
26 143
26 144
26 145
26 146
26 148
26 149
27 29
27 31
27 32
27 33
27 36
27 37
27 38
27 39
27 40
27 44
27 45
27 47
27 48
27 50
27 54
27 55
27 57
27 58
27 59
27 61
27 65
27 66
27 69
27 70
27 74
27 80
27 83
27 84
27 85
27 88
27 89
27 90
27 91
27 96
27 97
27 98
27 100
27 101
27 103
27 104
27 106
27 107
27 108
27 110
27 111
27 112
27 114
27 117
27 118
27 119
27 123
27 124
27 125
27 126
27 127
27 128
27 130
27 134
27 140
27 143
27 144
27 145
27 146
27 147
27 148
27 149
28 30
28 33
28 39
28 41
28 45
28 47
28 50
28 52
28 53
28 56
28 58
28 59
28 61
28 63
28 64
28 68
28 69
28 70
28 74
28 76
28 77
28 78
28 79
28 80
28 81
28 85
28 87
28 91
28 92
28 94
28 96
28 109
28 110
28 111
28 113
28 115
28 119
28 120
28 122
28 125
28 126
28 128
28 129
28 133
28 134
28 135
28 136
28 137
28 138
28 142
28 143
28 146
28 147
29 31
29 33
29 34
29 35
29 36
29 37
29 39
29 42
29 44
29 45
29 47
29 48
29 50
29 51
29 53
29 55
29 57
29 60
29 61
29 62
29 63
29 66
29 67
29 68
29 70
29 72
29 73
29 74
29 75
29 76
29 80
29 82
29 83
29 85
29 86
29 88
29 89
29 91
29 92
29 93
29 97
29 99
29 102
29 109
29 118
29 120
29 123
29 126
29 127
29 130
29 131
29 134
29 135
29 138
29 139
29 140
29 141
29 142
29 144
29 148
30 33
30 34
30 36
30 38
30 39
30 43
30 45
30 48
30 49
30 52
30 55
30 56
30 57
30 58
30 59
30 66
30 67
30 71
30 72
30 74
30 79
30 80
30 85
30 87
30 90
30 94
30 95
30 96
30 99
30 100
30 101
30 103
30 104
30 105
30 106
30 109
30 110
30 112
30 116
30 118
30 119
30 120
30 122
30 124
30 126
30 127
30 130
30 131
30 134
30 137
30 139
30 140
30 141
30 143
30 147
31 35
31 36
31 37
31 38
31 40
31 41
31 44
31 46
31 47
31 48
31 52
31 56
31 57
31 63
31 64
31 66
31 67
31 69
31 71
31 72
31 73
31 76
31 77
31 78
31 80
31 81
31 82
31 88
31 90
31 91
31 93
31 97
31 98
31 99
31 100
31 101
31 102
31 103
31 105
31 106
31 107
31 108
31 109
31 111
31 112
31 113
31 115
31 118
31 119
31 120
31 121
31 123
31 125
31 126
31 128
31 129
31 131
31 132
31 135
31 136
31 140
31 141
31 143
31 145
31 146
31 149
32 34
32 37
32 38
32 42
32 43
32 46
32 47
32 48
32 50
32 51
32 53
32 55
32 57
32 60
32 62
32 66
32 67
32 69
32 72
32 74
32 76
32 83
32 84
32 85
32 87
32 93
32 94
32 95
32 97
32 98
32 100
32 105
32 106
32 107
32 109
32 111
32 114
32 116
32 117
32 120
32 121
32 122
32 126
32 134
32 137
32 138
32 140
32 142
32 143
32 144
32 147
32 149
33 35
33 37
33 38
33 39
33 41
33 42
33 47
33 48
33 50
33 52
33 54
33 55
33 56
33 57
33 58
33 60
33 67
33 68
33 69
33 73
33 76
33 77
33 82
33 86
33 87
33 89
33 90
33 98
33 99
33 100
33 101
33 102
33 103
33 108
33 109
33 110
33 113
33 117
33 119
33 120
33 124
33 125
33 126
33 128
33 132
33 133
33 136
33 138
33 139
33 140
33 141
33 142
33 143
33 148
33 149
34 35
34 36
34 37
34 41
34 42
34 43
34 44
34 47
34 48
34 49
34 50
34 51
34 53
34 54
34 56
34 58
34 60
34 61
34 64
34 67
34 70
34 74
34 75
34 78
34 83
34 84
34 85
34 86
34 87
34 90
34 92
34 102
34 103
34 104
34 105
34 106
34 109
34 111
34 112
34 113
34 115
34 118
34 120
34 121
34 123
34 124
34 126
34 128
34 129
34 130
34 131
34 133
34 134
34 139
34 141
34 142
34 143
34 144
34 145
34 146
34 149
35 41
35 44
35 45
35 46
35 47
35 48
35 49
35 50
35 51
35 52
35 54
35 57
35 58
35 59
35 60
35 66
35 67
35 68
35 71
35 74
35 76
35 77
35 78
35 79
35 80
35 81
35 85
35 87
35 88
35 91
35 92
35 93
35 94
35 96
35 97
35 99
35 101
35 105
35 106
35 107
35 109
35 111
35 112
35 113
35 114
35 115
35 117
35 118
35 119
35 120
35 121
35 123
35 124
35 128
35 129
35 132
35 133
35 134
35 137
35 138
35 145
35 148
35 149
36 37
36 38
36 39
36 40
36 42
36 44
36 45
36 47
36 48
36 49
36 52
36 53
36 54
36 55
36 57
36 59
36 62
36 65
36 69
36 70
36 71
36 73
36 75
36 78
36 80
36 83
36 84
36 85
36 88
36 89
36 91
36 92
36 95
36 99
36 100
36 101
36 102
36 105
36 107
36 108
36 109
36 113
36 114
36 116
36 118
36 120
36 121
36 122
36 124
36 125
36 126
36 127
36 134
36 138
36 140
36 146
36 147
37 38
37 39
37 40
37 42
37 43
37 47
37 49
37 51
37 52
37 54
37 55
37 56
37 57
37 58
37 59
37 61
37 63
37 64
37 67
37 69
37 70
37 71
37 72
37 74
37 76
37 77
37 78
37 79
37 82
37 91
37 92
37 98
37 100
37 104
37 105
37 109
37 112
37 113
37 117
37 120
37 121
37 123
37 126
37 128
37 129
37 130
37 131
37 133
37 134
37 136
37 137
37 140
37 147
37 148
38 39
38 44
38 45
38 47
38 50
38 52
38 54
38 55
38 57
38 59
38 60
38 62
38 64
38 65
38 66
38 68
38 72
38 73
38 74
38 77
38 79
38 81
38 82
38 83
38 85
38 86
38 87
38 88
38 89
38 91
38 92
38 94
38 95
38 97
38 98
38 103
38 107
38 108
38 109
38 111
38 113
38 114
38 115
38 117
38 118
38 119
38 122
38 123
38 124
38 125
38 126
38 127
38 128
38 135
38 137
38 138
38 139
38 141
38 142
38 144
39 40
39 41
39 44
39 48
39 52
39 53
39 58
39 60
39 64
39 65
39 66
39 69
39 73
39 74
39 77
39 78
39 79
39 84
39 86
39 87
39 92
39 93
39 95
39 96
39 99
39 101
39 104
39 105
39 107
39 108
39 109
39 110
39 113
39 114
39 115
39 117
39 119
39 120
39 121
39 124
39 127
39 128
39 131
39 132
39 134
39 135
39 136
39 137
39 138
39 140
39 143
39 146
39 148
39 149
40 42
40 43
40 44
40 46
40 52
40 53
40 54
40 55
40 57
40 62
40 64
40 67
40 69
40 71
40 72
40 74
40 76
40 77
40 79
40 80
40 82
40 86
40 88
40 92
40 94
40 97
40 98
40 100
40 101
40 102
40 104
40 107
40 108
40 109
40 112
40 113
40 114
40 115
40 117
40 118
40 120
40 123
40 124
40 126
40 127
40 129
40 131
40 134
40 137
40 138
40 140
40 141
40 142
40 143
40 144
40 146
40 147
40 148
40 149
41 42
41 43
41 44
41 46
41 49
41 50
41 52
41 54
41 55
41 56
41 58
41 61
41 62
41 63
41 70
41 72
41 73
41 75
41 76
41 77
41 79
41 81
41 83
41 84
41 85
41 86
41 87
41 90
41 91
41 92
41 94
41 95
41 96
41 98
41 103
41 104
41 105
41 107
41 109
41 110
41 113
41 114
41 115
41 116
41 120
41 124
41 126
41 127
41 128
41 129
41 131
41 132
41 133
41 134
41 135
41 137
41 139
41 140
41 144
41 146
41 148
42 43
42 45
42 48
42 51
42 52
42 53
42 54
42 57
42 58
42 59
42 60
42 61
42 64
42 65
42 68
42 71
42 75
42 76
42 78
42 79
42 83
42 84
42 85
42 91
42 92
42 94
42 95
42 96
42 97
42 98
42 99
42 101
42 102
42 103
42 104
42 107
42 108
42 111
42 112
42 113
42 114
42 116
42 117
42 118
42 119
42 120
42 121
42 122
42 124
42 125
42 126
42 128
42 129
42 130
42 131
42 132
42 133
42 135
42 136
42 138
42 145
42 146
42 147
42 148
42 149
43 44
43 51
43 52
43 53
43 54
43 60
43 61
43 62
43 67
43 68
43 69
43 72
43 74
43 76
43 79
43 81
43 85
43 87
43 88
43 90
43 92
43 93
43 95
43 97
43 98
43 99
43 101
43 103
43 105
43 107
43 109
43 110
43 111
43 112
43 113
43 114
43 115
43 119
43 121
43 123
43 124
43 125
43 128
43 129
43 130
43 133
43 135
43 137
43 138
43 141
43 142
43 143
43 144
43 147
43 148
44 45
44 46
44 47
44 48
44 51
44 52
44 54
44 56
44 58
44 59
44 60
44 61
44 63
44 65
44 66
44 68
44 69
44 71
44 76
44 77
44 79
44 80
44 81
44 83
44 84
44 85
44 86
44 89
44 91
44 92
44 96
44 100
44 101
44 102
44 103
44 105
44 107
44 108
44 110
44 111
44 112
44 115
44 116
44 117
44 118
44 119
44 120
44 121
44 122
44 126
44 129
44 130
44 131
44 132
44 133
44 134
44 136
44 139
44 141
44 143
44 149
45 46
45 47
45 48
45 49
45 53
45 54
45 55
45 58
45 60
45 61
45 63
45 66
45 68
45 70
45 71
45 74
45 77
45 78
45 81
45 85
45 87
45 88
45 90
45 92
45 93
45 96
45 97
45 98
45 100
45 102
45 104
45 106
45 108
45 109
45 112
45 114
45 116
45 119
45 123
45 124
45 125
45 126
45 129
45 131
45 133
45 134
45 138
45 140
45 143
45 145
45 146
45 147
45 148
46 49
46 51
46 52
46 53
46 54
46 55
46 57
46 60
46 62
46 64
46 66
46 68
46 72
46 74
46 75
46 82
46 87
46 88
46 91
46 92
46 93
46 95
46 99
46 102
46 103
46 104
46 105
46 107
46 108
46 110
46 117
46 123
46 124
46 127
46 129
46 130
46 132
46 135
46 137
46 138
46 142
46 143
46 145
46 147
46 148
47 48
47 52
47 53
47 54
47 57
47 58
47 60
47 61
47 62
47 63
47 64
47 68
47 71
47 72
47 73
47 76
47 78
47 80
47 86
47 88
47 90
47 91
47 92
47 94
47 97
47 98
47 100
47 103
47 104
47 105
47 106
47 107
47 108
47 109
47 111
47 116
47 117
47 118
47 120
47 123
47 124
47 125
47 126
47 127
47 129
47 130
47 132
47 133
47 134
47 137
47 140
47 141
47 143
47 144
47 145
47 146
47 147
47 149
48 50
48 53
48 54
48 56
48 60
48 62
48 68
48 74
48 75
48 77
48 82
48 85
48 87
48 88
48 90
48 91
48 96
48 97
48 101
48 104
48 107
48 108
48 109
48 110
48 113
48 115
48 119
48 120
48 122
48 126
48 127
48 128
48 132
48 140
48 141
48 143
48 145
48 146
48 147
48 148
48 149
49 51
49 53
49 59
49 64
49 65
49 66
49 70
49 71
49 73
49 76
49 80
49 81
49 82
49 83
49 84
49 86
49 87
49 88
49 89
49 90
49 92
49 93
49 94
49 95
49 99
49 101
49 103
49 104
49 106
49 108
49 111
49 113
49 114
49 119
49 121
49 123
49 124
49 126
49 129
49 130
49 131
49 132
49 133
49 134
49 136
49 138
49 139
49 141
49 143
49 145
49 146
49 147
49 148
50 51
50 53
50 54
50 55
50 57
50 59
50 61
50 62
50 66
50 69
50 71
50 75
50 77
50 78
50 80
50 81
50 83
50 84
50 85
50 86
50 87
50 88
50 90
50 91
50 92
50 93
50 94
50 99
50 100
50 101
50 102
50 104
50 107
50 108
50 110
50 111
50 112
50 113
50 114
50 115
50 116
50 119
50 122
50 123
50 126
50 127
50 134
50 135
50 137
50 139
50 141
50 143
50 145
50 146
50 148
51 56
51 57
51 58
51 59
51 61
51 62
51 63
51 64
51 65
51 69
51 71
51 73
51 75
51 76
51 80
51 81
51 87
51 88
51 89
51 91
51 93
51 97
51 98
51 99
51 100
51 101
51 102
51 103
51 104
51 106
51 108
51 109
51 112
51 113
51 114
51 115
51 118
51 119
51 120
51 122
51 127
51 128
51 133
51 134
51 136
51 140
51 143
51 144
51 145
51 146
51 149
52 53
52 54
52 55
52 56
52 57
52 58
52 59
52 60
52 63
52 65
52 66
52 67
52 68
52 72
52 78
52 79
52 82
52 85
52 88
52 89
52 92
52 93
52 94
52 95
52 96
52 97
52 98
52 101
52 102
52 104
52 105
52 106
52 107
52 110
52 115
52 117
52 118
52 119
52 120
52 122
52 123
52 126
52 129
52 131
52 132
52 133
52 134
52 135
52 136
52 137
52 138
52 141
52 144
52 145
52 146
52 149
53 54
53 62
53 63
53 66
53 67
53 69
53 71
53 74
53 79
53 80
53 82
53 85
53 88
53 90
53 91
53 94
53 97
53 98
53 99
53 103
53 104
53 108
53 109
53 111
53 113
53 114
53 115
53 117
53 118
53 120
53 121
53 123
53 124
53 126
53 128
53 129
53 130
53 132
53 133
53 136
53 137
53 138
53 140
53 141
53 142
53 144
53 146
53 147
53 148
53 149
54 57
54 59
54 60
54 61
54 63
54 64
54 66
54 68
54 69
54 72
54 73
54 74
54 75
54 76
54 79
54 83
54 86
54 88
54 94
54 99
54 103
54 105
54 110
54 112
54 113
54 115
54 117
54 121
54 125
54 126
54 128
54 129
54 130
54 131
54 135
54 139
54 141
54 142
54 147
54 149
55 58
55 64
55 66
55 67
55 68
55 72
55 73
55 74
55 78
55 79
55 80
55 83
55 91
55 94
55 95
55 97
55 98
55 101
55 102
55 103
55 104
55 107
55 110
55 112
55 113
55 115
55 117
55 122
55 127
55 128
55 130
55 133
55 134
55 137
55 138
55 141
55 143
55 144
55 145
55 146
55 147
55 148
56 62
56 66
56 67
56 70
56 72
56 73
56 74
56 75
56 79
56 80
56 81
56 83
56 84
56 86
56 87
56 88
56 89
56 90
56 93
56 94
56 95
56 96
56 97
56 99
56 100
56 101
56 105
56 106
56 110
56 112
56 116
56 120
56 121
56 124
56 125
56 126
56 128
56 130
56 131
56 132
56 133
56 136
56 137
56 138
56 139
56 141
56 146
56 147
56 148
57 58
57 60
57 63
57 66
57 67
57 69
57 70
57 71
57 73
57 75
57 76
57 79
57 89
57 93
57 94
57 96
57 100
57 104
57 111
57 115
57 117
57 119
57 121
57 122
57 124
57 125
57 126
57 128
57 129
57 130
57 131
57 136
57 137
57 142
57 144
57 145
57 148
58 60
58 61
58 63
58 64
58 65
58 67
58 69
58 72
58 73
58 76
58 77
58 78
58 79
58 80
58 81
58 88
58 90
58 91
58 93
58 94
58 95
58 97
58 98
58 101
58 102
58 105
58 108
58 109
58 114
58 115
58 120
58 123
58 126
58 127
58 128
58 130
58 132
58 133
58 134
58 135
58 136
58 137
58 138
58 140
58 143
58 144
58 145
58 146
58 147
59 62
59 64
59 66
59 68
59 69
59 70
59 72
59 73
59 74
59 75
59 77
59 80
59 81
59 84
59 85
59 86
59 88
59 90
59 92
59 94
59 95
59 99
59 100
59 101
59 103
59 105
59 107
59 109
59 110
59 112
59 117
59 122
59 123
59 127
59 128
59 129
59 130
59 134
59 135
59 136
59 138
59 139
59 140
59 141
59 143
59 144
59 148
60 61
60 62
60 64
60 67
60 69
60 71
60 76
60 77
60 78
60 79
60 82
60 84
60 86
60 87
60 88
60 90
60 92
60 94
60 95
60 96
60 97
60 98
60 101
60 102
60 103
60 109
60 110
60 113
60 116
60 119
60 123
60 126
60 135
60 136
60 137
60 138
60 143
60 144
60 145
60 147
60 148
61 64
61 65
61 66
61 69
61 70
61 76
61 87
61 89
61 90
61 91
61 92
61 95
61 96
61 97
61 99
61 100
61 101
61 107
61 108
61 110
61 111
61 117
61 118
61 120
61 122
61 126
61 127
61 134
61 135
61 138
61 139
61 140
61 142
61 143
61 145
61 146
61 147
61 148
61 149
62 63
62 66
62 67
62 68
62 71
62 72
62 73
62 76
62 77
62 79
62 82
62 83
62 86
62 87
62 90
62 92
62 96
62 99
62 104
62 105
62 110
62 113
62 114
62 115
62 119
62 120
62 122
62 123
62 124
62 126
62 129
62 130
62 131
62 132
62 134
62 136
62 137
62 138
62 139
62 140
62 145
62 146
62 148
63 64
63 65
63 67
63 68
63 69
63 70
63 72
63 74
63 76
63 77
63 79
63 81
63 82
63 83
63 85
63 92
63 96
63 97
63 99
63 100
63 101
63 102
63 107
63 108
63 109
63 110
63 111
63 112
63 113
63 114
63 115
63 117
63 120
63 122
63 124
63 126
63 127
63 128
63 132
63 133
63 134
63 136
63 140
63 143
63 144
63 146
63 147
64 66
64 67
64 68
64 72
64 73
64 75
64 76
64 77
64 78
64 81
64 83
64 85
64 86
64 90
64 92
64 93
64 96
64 97
64 99
64 100
64 101
64 102
64 103
64 104
64 105
64 106
64 110
64 111
64 112
64 117
64 118
64 119
64 120
64 121
64 122
64 123
64 126
64 127
64 128
64 129
64 131
64 132
64 134
64 136
64 137
64 138
64 139
64 140
64 141
64 142
64 143
64 145
64 146
65 66
65 67
65 68
65 69
65 70
65 75
65 76
65 77
65 79
65 81
65 83
65 84
65 85
65 91
65 93
65 97
65 98
65 99
65 101
65 102
65 104
65 105
65 106
65 107
65 108
65 109
65 111
65 115
65 116
65 117
65 118
65 120
65 126
65 127
65 131
65 132
65 133
65 134
65 135
65 136
65 138
65 139
65 141
65 142
65 143
65 145
65 148
66 67
66 69
66 70
66 73
66 81
66 82
66 83
66 85
66 87
66 88
66 89
66 90
66 91
66 94
66 97
66 98
66 100
66 102
66 103
66 105
66 107
66 109
66 111
66 113
66 114
66 116
66 119
66 120
66 121
66 122
66 125
66 126
66 128
66 131
66 132
66 135
66 136
66 137
66 138
66 140
66 141
66 143
66 144
66 145
66 146
66 147
67 69
67 70
67 71
67 72
67 78
67 80
67 81
67 82
67 83
67 84
67 86
67 87
67 88
67 90
67 92
67 95
67 98
67 101
67 104
67 105
67 106
67 107
67 108
67 109
67 113
67 114
67 116
67 118
67 119
67 120
67 124
67 125
67 127
67 130
67 134
67 136
67 137
67 139
67 140
67 141
67 143
67 146
67 147
68 69
68 70
68 71
68 73
68 74
68 75
68 76
68 78
68 84
68 89
68 91
68 92
68 96
68 97
68 101
68 102
68 105
68 109
68 113
68 115
68 116
68 117
68 118
68 120
68 122
68 123
68 124
68 125
68 128
68 130
68 132
68 134
68 141
68 143
68 144
68 145
68 147
68 148
68 149
69 70
69 71
69 73
69 74
69 75
69 76
69 79
69 84
69 86
69 87
69 89
69 91
69 94
69 95
69 96
69 97
69 99
69 100
69 101
69 102
69 106
69 107
69 108
69 111
69 112
69 114
69 115
69 119
69 120
69 121
69 126
69 129
69 130
69 133
69 134
69 135
69 136
69 137
69 139
69 140
69 142
69 145
69 148
69 149
70 72
70 75
70 76
70 83
70 84
70 85
70 86
70 87
70 88
70 89
70 91
70 94
70 96
70 98
70 100
70 103
70 107
70 108
70 109
70 112
70 113
70 116
70 117
70 118
70 121
70 124
70 125
70 126
70 127
70 128
70 134
70 139
70 140
70 141
70 142
70 143
70 144
70 147
70 148
71 72
71 73
71 75
71 77
71 78
71 80
71 81
71 83
71 87
71 89
71 91
71 95
71 96
71 98
71 100
71 102
71 103
71 105
71 106
71 111
71 112
71 114
71 116
71 117
71 118
71 120
71 122
71 123
71 128
71 133
71 137
71 139
71 140
71 145
71 149
72 74
72 76
72 78
72 79
72 80
72 82
72 84
72 85
72 87
72 88
72 89
72 90
72 91
72 92
72 93
72 96
72 97
72 99
72 100
72 103
72 107
72 110
72 111
72 116
72 118
72 119
72 123
72 127
72 128
72 130
72 131
72 133
72 134
72 135
72 137
72 138
72 139
72 140
72 144
72 147
72 148
72 149
73 74
73 75
73 76
73 78
73 79
73 80
73 81
73 84
73 86
73 89
73 90
73 91
73 93
73 96
73 98
73 99
73 100
73 101
73 102
73 103
73 105
73 106
73 107
73 108
73 109
73 111
73 112
73 113
73 114
73 115
73 122
73 125
73 127
73 128
73 130
73 132
73 133
73 134
73 135
73 137
73 140
73 141
73 142
73 146
73 147
73 149
74 75
74 77
74 78
74 81
74 83
74 85
74 89
74 90
74 91
74 92
74 93
74 94
74 95
74 101
74 103
74 104
74 105
74 106
74 107
74 110
74 111
74 113
74 115
74 116
74 117
74 118
74 119
74 120
74 122
74 123
74 125
74 126
74 127
74 128
74 131
74 135
74 139
74 143
74 144
74 148
74 149
75 77
75 78
75 79
75 82
75 84
75 89
75 91
75 93
75 95
75 97
75 98
75 100
75 101
75 105
75 106
75 108
75 110
75 111
75 112
75 113
75 115
75 116
75 117
75 118
75 119
75 120
75 121
75 125
75 126
75 129
75 130
75 132
75 134
75 136
75 137
75 140
75 141
75 142
75 143
75 146
75 147
75 148
75 149
76 81
76 82
76 83
76 84
76 85
76 86
76 90
76 91
76 93
76 95
76 96
76 98
76 100
76 101
76 102
76 108
76 111
76 113
76 114
76 115
76 117
76 118
76 119
76 120
76 122
76 124
76 125
76 126
76 127
76 129
76 132
76 134
76 135
76 136
76 137
76 140
76 144
76 146
76 147
76 148
77 81
77 82
77 83
77 86
77 88
77 93
77 94
77 95
77 96
77 100
77 102
77 104
77 106
77 107
77 109
77 110
77 111
77 114
77 116
77 117
77 118
77 119
77 120
77 121
77 122
77 124
77 128
77 132
77 133
77 134
77 135
77 137
77 140
77 141
77 145
77 147
78 80
78 81
78 83
78 85
78 89
78 90
78 91
78 92
78 94
78 96
78 98
78 101
78 103
78 105
78 106
78 108
78 110
78 111
78 112
78 114
78 118
78 119
78 120
78 127
78 128
78 130
78 131
78 132
78 133
78 134
78 135
78 136
78 139
78 145
78 146
78 147
78 149
79 81
79 86
79 89
79 91
79 92
79 94
79 98
79 101
79 103
79 104
79 108
79 109
79 110
79 112
79 115
79 120
79 122
79 124
79 125
79 126
79 127
79 129
79 130
79 131
79 132
79 134
79 135
79 136
79 137
79 138
79 140
79 141
79 143
79 144
79 145
79 146
79 147
79 148
79 149
80 81
80 83
80 84
80 86
80 87
80 89
80 91
80 92
80 95
80 96
80 98
80 100
80 104
80 105
80 109
80 110
80 111
80 113
80 114
80 115
80 117
80 119
80 121
80 122
80 123
80 126
80 129
80 130
80 131
80 135
80 136
80 137
80 139
80 140
80 143
80 144
80 145
80 147
81 82
81 85
81 87
81 90
81 91
81 92
81 96
81 98
81 101
81 102
81 104
81 105
81 107
81 111
81 118
81 124
81 127
81 130
81 131
81 132
81 139
81 141
81 142
81 144
81 145
81 146
81 147
82 84
82 86
82 91
82 94
82 95
82 96
82 100
82 101
82 103
82 107
82 108
82 109
82 110
82 113
82 119
82 120
82 121
82 123
82 124
82 126
82 129
82 135
82 136
82 139
82 140
82 141
82 142
82 143
82 144
82 145
83 85
83 86
83 87
83 88
83 89
83 93
83 94
83 96
83 98
83 99
83 104
83 106
83 107
83 109
83 110
83 111
83 114
83 115
83 118
83 120
83 127
83 129
83 132
83 133
83 134
83 138
83 142
83 145
83 146
83 147
83 149
84 85
84 86
84 87
84 88
84 89
84 93
84 95
84 96
84 98
84 99
84 100
84 101
84 105
84 107
84 108
84 109
84 112
84 114
84 119
84 120
84 122
84 123
84 128
84 129
84 131
84 132
84 134
84 135
84 142
84 144
84 147
84 149
85 92
85 95
85 97
85 99
85 100
85 104
85 105
85 107
85 109
85 110
85 113
85 114
85 115
85 116
85 119
85 120
85 122
85 124
85 125
85 126
85 127
85 130
85 131
85 135
85 136
85 138
85 139
85 142
85 143
85 146
85 148
85 149
86 87
86 88
86 89
86 93
86 94
86 97
86 98
86 102
86 103
86 104
86 106
86 110
86 111
86 114
86 115
86 116
86 117
86 122
86 125
86 127
86 128
86 130
86 133
86 134
86 135
86 138
86 139
86 145
86 147
86 149
87 88
87 89
87 92
87 95
87 97
87 101
87 102
87 104
87 105
87 107
87 110
87 111
87 112
87 115
87 116
87 119
87 120
87 123
87 124
87 126
87 127
87 128
87 130
87 131
87 132
87 133
87 135
87 136
87 137
87 138
87 141
87 143
87 144
87 146
87 147
87 149
88 89
88 93
88 94
88 101
88 102
88 103
88 106
88 107
88 109
88 110
88 113
88 114
88 117
88 118
88 120
88 122
88 123
88 124
88 125
88 129
88 130
88 133
88 134
88 136
88 137
88 138
88 139
88 140
88 141
88 143
88 144
88 146
88 148
88 149
89 93
89 97
89 98
89 99
89 101
89 102
89 104
89 106
89 111
89 112
89 116
89 117
89 120
89 122
89 123
89 128
89 134
89 136
89 137
89 139
89 140
89 141
89 143
89 144
89 145
89 146
89 147
90 91
90 92
90 95
90 96
90 98
90 99
90 101
90 105
90 107
90 108
90 110
90 111
90 112
90 114
90 116
90 117
90 125
90 126
90 128
90 129
90 132
90 133
90 135
90 136
90 138
90 139
90 140
90 143
90 144
90 146
90 147
90 149
91 92
91 93
91 94
91 96
91 97
91 98
91 100
91 102
91 103
91 104
91 106
91 108
91 109
91 110
91 112
91 116
91 120
91 122
91 125
91 126
91 127
91 129
91 133
91 135
91 138
91 141
91 143
91 148
92 93
92 96
92 101
92 105
92 106
92 107
92 110
92 111
92 115
92 116
92 118
92 119
92 120
92 121
92 123
92 124
92 126
92 127
92 128
92 133
92 134
92 135
92 136
92 137
92 139
92 141
92 142
92 144
92 147
92 148
92 149
93 95
93 96
93 98
93 100
93 101
93 102
93 103
93 104
93 108
93 109
93 110
93 113
93 114
93 115
93 117
93 118
93 120
93 121
93 122
93 123
93 124
93 127
93 131
93 134
93 137
93 138
93 139
93 141
93 142
93 143
93 145
93 147
93 149
94 95
94 98
94 99
94 100
94 102
94 103
94 105
94 107
94 109
94 110
94 113
94 118
94 120
94 121
94 123
94 129
94 131
94 133
94 135
94 136
94 137
94 139
94 144
95 97
95 98
95 99
95 103
95 104
95 105
95 109
95 110
95 111
95 113
95 114
95 115
95 116
95 120
95 121
95 125
95 128
95 130
95 131
95 132
95 135
95 137
95 138
95 140
95 143
95 144
95 146
95 147
95 149
96 97
96 100
96 101
96 102
96 106
96 109
96 111
96 115
96 116
96 117
96 119
96 120
96 123
96 125
96 127
96 128
96 130
96 131
96 132
96 135
96 137
96 138
96 140
96 141
96 143
96 147
96 148
97 102
97 104
97 105
97 106
97 107
97 109
97 112
97 113
97 114
97 119
97 123
97 127
97 129
97 130
97 131
97 132
97 133
97 136
97 139
97 144
97 145
97 146
98 102
98 103
98 105
98 110
98 114
98 115
98 116
98 118
98 120
98 123
98 125
98 126
98 129
98 134
98 135
98 141
98 145
98 148
99 104
99 106
99 109
99 110
99 120
99 122
99 124
99 127
99 129
99 131
99 132
99 133
99 136
99 138
99 139
99 140
99 141
99 143
99 144
99 148
99 149
100 101
100 103
100 106
100 108
100 110
100 111
100 115
100 116
100 121
100 122
100 123
100 124
100 125
100 127
100 128
100 129
100 131
100 132
100 136
100 137
100 140
100 142
100 143
100 144
100 147
100 149
101 102
101 103
101 105
101 107
101 110
101 111
101 112
101 114
101 115
101 116
101 120
101 121
101 123
101 124
101 126
101 127
101 129
101 134
101 138
101 139
101 140
101 145
102 105
102 106
102 107
102 108
102 112
102 114
102 115
102 116
102 117
102 119
102 120
102 122
102 123
102 124
102 127
102 131
102 135
102 136
102 138
102 142
102 145
103 105
103 107
103 108
103 111
103 112
103 113
103 116
103 119
103 120
103 122
103 123
103 124
103 127
103 129
103 130
103 131
103 134
103 135
103 139
103 142
103 147
104 105
104 106
104 107
104 109
104 110
104 111
104 114
104 115
104 116
104 117
104 121
104 123
104 125
104 126
104 128
104 129
104 132
104 135
104 139
104 140
104 142
104 143
104 144
104 146
104 147
104 148
104 149
105 106
105 107
105 108
105 109
105 110
105 119
105 120
105 122
105 123
105 128
105 129
105 130
105 133
105 135
105 136
105 137
105 141
105 144
105 145
105 149
106 111
106 112
106 114
106 117
106 118
106 119
106 120
106 124
106 126
106 127
106 131
106 132
106 135
106 136
106 137
106 138
106 141
106 143
106 144
106 147
106 148
106 149
107 112
107 113
107 114
107 117
107 120
107 121
107 122
107 125
107 128
107 129
107 130
107 131
107 135
107 137
107 141
107 144
107 145
107 146
107 147
107 148
108 109
108 110
108 112
108 117
108 118
108 119
108 120
108 121
108 124
108 126
108 127
108 130
108 131
108 133
108 134
108 135
108 136
108 138
108 139
108 140
108 141
108 142
108 145
109 110
109 113
109 114
109 115
109 116
109 117
109 118
109 121
109 122
109 124
109 125
109 126
109 127
109 130
109 131
109 132
109 134
109 140
109 141
109 142
109 143
109 144
109 145
110 112
110 113
110 117
110 118
110 122
110 123
110 124
110 127
110 128
110 130
110 131
110 132
110 135
110 138
110 140
110 143
110 144
111 112
111 113
111 115
111 116
111 119
111 120
111 122
111 124
111 126
111 128
111 129
111 131
111 132
111 133
111 135
111 137
111 138
111 139
111 140
111 141
111 143
111 144
111 147
111 148
112 114
112 117
112 118
112 119
112 120
112 122
112 123
112 124
112 126
112 129
112 130
112 131
112 133
112 136
112 138
112 139
112 140
112 142
112 144
112 149
113 114
113 117
113 118
113 119
113 120
113 123
113 124
113 125
113 129
113 132
113 134
113 135
113 136
113 141
113 142
113 147
113 149
114 116
114 117
114 118
114 121
114 124
114 126
114 129
114 131
114 132
114 133
114 136
114 137
114 138
114 140
114 144
114 147
115 117
115 121
115 123
115 128
115 130
115 135
115 137
115 140
115 141
115 142
115 144
115 145
115 146
115 147
115 148
115 149
116 117
116 119
116 120
116 122
116 125
116 130
116 131
116 132
116 133
116 134
116 135
116 136
116 138
116 141
116 143
116 144
116 145
116 147
116 148
117 122
117 125
117 132
117 134
117 135
117 136
117 137
117 139
117 143
117 144
117 146
117 147
117 149
118 120
118 121
118 122
118 125
118 130
118 132
118 133
118 137
118 139
118 141
118 144
118 145
118 146
118 147
118 148
118 149
119 123
119 124
119 125
119 127
119 129
119 130
119 131
119 132
119 133
119 134
119 135
119 136
119 137
119 144
119 146
119 147
119 148
120 121
120 122
120 123
120 126
120 131
120 132
120 140
120 145
120 146
120 149
121 122
121 125
121 126
121 128
121 129
121 132
121 133
121 138
121 139
121 140
121 142
121 144
121 146
122 123
122 124
122 125
122 126
122 127
122 131
122 132
122 133
122 134
122 135
122 137
122 142
122 145
122 146
122 147
123 129
123 130
123 134
123 135
123 137
123 138
123 139
123 140
123 141
123 144
123 145
123 146
124 127
124 128
124 129
124 131
124 134
124 135
124 136
124 139
124 140
124 143
124 145
124 146
124 147
125 129
125 130
125 131
125 133
125 136
125 137
125 141
125 144
126 129
126 131
126 132
126 133
126 139
126 141
126 142
126 146
126 147
126 149
127 128
127 130
127 131
127 132
127 133
127 134
127 135
127 139
127 140
127 145
127 146
127 147
128 130
128 131
128 136
128 137
128 140
128 141
128 142
128 144
128 145
128 146
128 147
128 148
128 149
129 130
129 131
129 132
129 136
129 137
129 140
129 145
129 146
129 148
130 137
130 138
130 139
130 140
130 142
130 143
130 146
130 147
130 149
131 133
131 134
131 136
131 139
131 140
131 142
131 143
131 144
131 146
131 148
131 149
132 134
132 135
132 136
132 138
132 139
132 141
132 147
132 148
133 134
133 136
133 137
133 139
133 144
133 145
133 146
134 136
134 137
134 138
134 140
134 142
134 143
134 144
134 147
135 136
135 138
135 139
135 140
135 144
135 145
135 146
135 147
135 149
136 139
136 141
136 142
136 146
136 148
136 149
137 138
137 139
137 141
137 142
137 143
137 146
137 149
138 139
138 140
138 141
138 144
138 145
138 147
138 148
138 149
139 141
139 142
139 144
139 146
139 147
139 148
139 149
140 141
140 145
140 146
141 144
141 145
141 146
142 145
142 148
142 149
143 144
143 146
143 149
144 145
144 147
144 148
146 149
148 149
