0 3
0 4
0 10
0 14
0 15
0 17
0 26
0 29
0 35
0 40
0 57
0 58
0 65
0 66
0 69
0 77
0 89
0 94
0 97
0 98
0 124
0 133
0 143
0 147
0 149
0 153
0 154
0 155
0 157
0 159
0 164
0 168
0 170
0 172
0 176
0 182
0 184
0 202
0 212
0 213
1 3
1 7
1 17
1 19
1 20
1 35
1 36
1 41
1 43
1 44
1 47
1 52
1 54
1 60
1 68
1 77
1 79
1 80
1 84
1 85
1 90
1 94
1 101
1 103
1 106
1 108
1 114
1 115
1 135
1 142
1 143
1 152
1 155
1 159
1 164
1 165
1 167
1 171
1 196
1 210
1 213
1 215
1 218
1 220
1 222
1 224
2 8
2 11
2 16
2 17
2 22
2 23
2 24
2 32
2 42
2 46
2 55
2 58
2 61
2 62
2 64
2 65
2 69
2 74
2 78
2 82
2 89
2 90
2 91
2 98
2 103
2 108
2 112
2 122
2 127
2 128
2 130
2 134
2 150
2 155
2 156
2 164
2 166
2 168
2 169
2 170
2 171
2 174
2 181
2 189
2 193
2 196
2 200
2 203
2 219
2 220
3 5
3 6
3 30
3 39
3 45
3 47
3 53
3 56
3 73
3 79
3 83
3 85
3 86
3 87
3 93
3 96
3 99
3 103
3 107
3 110
3 123
3 125
3 128
3 131
3 137
3 143
3 145
3 151
3 154
3 156
3 160
3 161
3 167
3 181
3 183
3 184
3 193
3 201
3 208
3 213
3 224
4 7
4 9
4 13
4 20
4 24
4 28
4 32
4 33
4 34
4 35
4 39
4 40
4 42
4 43
4 46
4 47
4 48
4 57
4 68
4 69
4 73
4 80
4 84
4 96
4 98
4 101
4 104
4 108
4 125
4 132
4 135
4 141
4 147
4 150
4 163
4 170
4 185
4 187
4 189
4 191
4 193
4 200
4 202
4 204
4 212
4 217
4 222
5 11
5 13
5 15
5 20
5 24
5 25
5 28
5 29
5 45
5 47
5 53
5 66
5 69
5 79
5 81
5 85
5 86
5 87
5 92
5 96
5 101
5 112
5 118
5 124
5 128
5 129
5 135
5 140
5 141
5 144
5 147
5 148
5 154
5 155
5 159
5 160
5 166
5 167
5 169
5 170
5 175
5 178
5 182
5 185
5 191
5 195
5 198
5 201
5 206
5 214
5 215
5 216
5 222
6 28
6 38
6 39
6 42
6 53
6 55
6 57
6 72
6 73
6 74
6 101
6 106
6 108
6 117
6 118
6 121
6 122
6 123
6 124
6 134
6 135
6 142
6 147
6 163
6 169
6 172
6 173
6 178
6 179
6 181
6 188
6 191
6 204
6 210
6 211
6 218
6 222
7 19
7 22
7 31
7 36
7 42
7 43
7 45
7 49
7 50
7 53
7 54
7 63
7 71
7 82
7 88
7 89
7 90
7 92
7 97
7 98
7 102
7 108
7 126
7 132
7 140
7 149
7 150
7 155
7 157
7 158
7 165
7 172
7 173
7 174
7 175
7 176
7 182
7 189
7 197
7 198
7 203
7 213
7 224
8 12
8 13
8 17
8 23
8 37
8 39
8 40
8 58
8 72
8 74
8 75
8 79
8 81
8 88
8 89
8 99
8 101
8 107
8 112
8 113
8 114
8 117
8 119
8 131
8 136
8 137
8 140
8 144
8 145
8 155
8 162
8 163
8 165
8 166
8 170
8 172
8 178
8 181
8 185
8 198
8 201
8 204
8 220
8 221
9 11
9 33
9 36
9 42
9 47
9 49
9 52
9 54
9 56
9 61
9 63
9 68
9 71
9 82
9 94
9 96
9 116
9 121
9 125
9 126
9 132
9 133
9 139
9 141
9 145
9 152
9 153
9 156
9 159
9 162
9 163
9 164
9 169
9 170
9 172
9 177
9 178
9 182
9 188
9 193
9 197
9 199
9 200
9 202
9 203
9 206
9 211
9 217
9 218
10 13
10 22
10 29
10 36
10 37
10 41
10 49
10 53
10 62
10 66
10 67
10 71
10 74
10 83
10 84
10 106
10 112
10 113
10 115
10 117
10 122
10 136
10 138
10 139
10 142
10 146
10 149
10 150
10 152
10 154
10 157
10 169
10 174
10 175
10 177
10 186
10 187
10 188
10 190
10 191
10 193
10 197
10 204
10 215
10 218
10 221
11 16
11 18
11 21
11 27
11 33
11 45
11 50
11 51
11 55
11 59
11 62
11 63
11 64
11 74
11 80
11 85
11 89
11 98
11 105
11 114
11 115
11 124
11 125
11 127
11 129
11 132
11 140
11 142
11 144
11 145
11 147
11 159
11 172
11 177
11 187
11 190
11 191
11 193
11 194
11 196
11 202
11 203
11 211
11 213
11 223
12 27
12 28
12 29
12 34
12 41
12 43
12 51
12 56
12 66
12 72
12 87
12 90
12 91
12 95
12 98
12 104
12 114
12 115
12 116
12 121
12 122
12 123
12 128
12 129
12 131
12 133
12 137
12 140
12 148
12 150
12 158
12 172
12 176
12 177
12 187
12 207
12 210
12 218
13 14
13 21
13 28
13 32
13 37
13 53
13 55
13 57
13 59
13 66
13 67
13 69
13 75
13 93
13 94
13 97
13 101
13 105
13 106
13 111
13 112
13 119
13 120
13 131
13 132
13 133
13 135
13 139
13 140
13 151
13 155
13 164
13 168
13 171
13 172
13 179
13 187
13 188
13 198
13 202
13 204
13 210
13 215
13 220
13 222
13 223
13 224
14 21
14 24
14 29
14 39
14 41
14 43
14 55
14 56
14 64
14 71
14 73
14 74
14 78
14 80
14 82
14 86
14 87
14 89
14 95
14 100
14 109
14 112
14 113
14 114
14 120
14 132
14 144
14 145
14 151
14 152
14 153
14 156
14 161
14 162
14 166
14 167
14 172
14 173
14 175
14 180
14 187
14 189
14 190
14 194
14 208
14 210
14 215
14 219
15 22
15 26
15 34
15 41
15 52
15 60
15 61
15 62
15 68
15 69
15 79
15 90
15 93
15 105
15 106
15 115
15 116
15 129
15 130
15 141
15 144
15 151
15 158
15 159
15 160
15 161
15 165
15 167
15 173
15 179
15 191
15 193
15 199
15 205
15 206
15 218
15 220
15 223
16 19
16 22
16 32
16 35
16 43
16 48
16 59
16 65
16 66
16 67
16 83
16 98
16 99
16 107
16 112
16 114
16 126
16 129
16 132
16 136
16 145
16 149
16 152
16 153
16 155
16 161
16 162
16 163
16 165
16 176
16 196
16 201
16 205
16 208
16 209
16 223
16 224
17 24
17 26
17 38
17 48
17 59
17 60
17 62
17 66
17 75
17 77
17 81
17 87
17 104
17 111
17 113
17 127
17 128
17 131
17 132
17 133
17 136
17 137
17 145
17 149
17 157
17 165
17 168
17 169
17 171
17 177
17 179
17 194
17 204
17 212
17 215
17 217
17 218
17 219
17 222
17 223
18 25
18 27
18 28
18 36
18 47
18 48
18 55
18 58
18 60
18 62
18 65
18 67
18 70
18 79
18 81
18 82
18 86
18 87
18 93
18 100
18 101
18 110
18 112
18 115
18 116
18 120
18 122
18 129
18 132
18 140
18 143
18 146
18 154
18 164
18 169
18 177
18 179
18 186
18 191
18 192
18 206
18 207
18 211
18 213
19 20
19 24
19 25
19 26
19 29
19 39
19 44
19 49
19 52
19 57
19 60
19 64
19 65
19 67
19 69
19 76
19 81
19 93
19 98
19 103
19 108
19 112
19 113
19 114
19 116
19 119
19 124
19 130
19 134
19 140
19 141
19 142
19 143
19 150
19 151
19 154
19 163
19 165
19 181
19 182
19 194
19 197
19 199
19 200
19 201
19 208
19 223
19 224
20 27
20 33
20 35
20 36
20 38
20 41
20 46
20 47
20 49
20 58
20 64
20 70
20 80
20 81
20 86
20 90
20 98
20 102
20 106
20 112
20 114
20 117
20 118
20 124
20 125
20 131
20 136
20 137
20 139
20 151
20 152
20 153
20 154
20 163
20 166
20 178
20 179
20 185
20 194
20 204
20 205
20 208
20 209
20 211
21 26
21 42
21 64
21 66
21 69
21 78
21 79
21 83
21 87
21 91
21 103
21 109
21 110
21 118
21 129
21 130
21 135
21 141
21 142
21 145
21 150
21 153
21 156
21 165
21 176
21 181
21 186
21 189
21 196
21 204
21 205
21 207
21 210
21 216
21 218
21 223
22 25
22 29
22 32
22 38
22 42
22 43
22 52
22 56
22 59
22 61
22 66
22 75
22 85
22 97
22 107
22 109
22 113
22 115
22 120
22 122
22 134
22 147
22 148
22 163
22 166
22 182
22 188
22 190
22 194
22 198
22 199
22 203
22 208
22 209
22 211
22 215
22 221
23 34
23 36
23 46
23 47
23 60
23 66
23 70
23 86
23 87
23 89
23 100
23 101
23 104
23 107
23 108
23 111
23 112
23 115
23 120
23 124
23 127
23 129
23 134
23 135
23 138
23 141
23 146
23 148
23 152
23 154
23 159
23 161
23 162
23 175
23 210
23 218
23 222
24 27
24 36
24 37
24 46
24 52
24 56
24 67
24 69
24 76
24 77
24 82
24 84
24 90
24 91
24 97
24 114
24 131
24 134
24 138
24 139
24 147
24 154
24 156
24 158
24 164
24 170
24 173
24 178
24 181
24 182
24 183
24 194
24 200
24 204
24 210
24 211
24 216
24 217
25 27
25 31
25 37
25 39
25 43
25 48
25 52
25 53
25 60
25 64
25 75
25 76
25 77
25 92
25 93
25 94
25 104
25 112
25 114
25 115
25 124
25 125
25 126
25 141
25 153
25 156
25 157
25 159
25 175
25 180
25 188
25 192
25 203
25 208
25 214
25 217
25 224
26 33
26 37
26 38
26 43
26 47
26 49
26 51
26 53
26 55
26 61
26 64
26 65
26 69
26 73
26 81
26 83
26 86
26 94
26 99
26 102
26 103
26 108
26 109
26 119
26 122
26 133
26 137
26 139
26 140
26 147
26 149
26 162
26 173
26 180
26 184
26 193
26 197
26 205
26 206
26 210
26 215
26 218
27 28
27 32
27 37
27 38
27 43
27 46
27 47
27 48
27 60
27 61
27 65
27 71
27 73
27 74
27 89
27 112
27 114
27 121
27 122
27 125
27 129
27 134
27 141
27 142
27 146
27 151
27 152
27 153
27 178
27 181
27 182
27 183
27 189
27 194
27 195
27 203
27 209
27 214
27 224
28 31
28 33
28 34
28 36
28 37
28 40
28 42
28 49
28 50
28 67
28 78
28 82
28 91
28 94
28 99
28 100
28 104
28 112
28 113
28 114
28 120
28 122
28 126
28 128
28 134
28 140
28 142
28 146
28 149
28 150
28 159
28 161
28 162
28 167
28 169
28 175
28 176
28 179
28 184
28 185
28 186
28 188
28 190
28 194
28 195
28 196
28 199
28 202
28 208
28 215
28 216
29 37
29 39
29 44
29 50
29 52
29 54
29 55
29 72
29 78
29 89
29 93
29 100
29 110
29 114
29 128
29 129
29 130
29 133
29 145
29 151
29 156
29 158
29 164
29 172
29 173
29 177
29 180
29 183
29 186
29 188
29 195
29 197
29 200
29 204
29 211
29 212
29 221
30 34
30 36
30 40
30 70
30 78
30 82
30 88
30 92
30 113
30 114
30 119
30 126
30 128
30 132
30 136
30 139
30 141
30 144
30 152
30 153
30 174
30 175
30 181
30 189
30 194
30 195
30 198
30 199
30 211
30 215
30 218
31 34
31 39
31 40
31 43
31 50
31 53
31 58
31 66
31 69
31 71
31 81
31 83
31 86
31 87
31 94
31 103
31 104
31 106
31 107
31 122
31 134
31 135
31 137
31 141
31 142
31 154
31 158
31 159
31 161
31 164
31 169
31 174
31 175
31 178
31 184
31 185
31 194
31 195
31 196
31 198
31 204
31 211
31 213
31 220
32 41
32 46
32 47
32 56
32 65
32 73
32 76
32 77
32 78
32 81
32 92
32 97
32 98
32 102
32 112
32 114
32 130
32 132
32 136
32 138
32 148
32 150
32 152
32 155
32 156
32 159
32 161
32 166
32 167
32 185
32 188
32 190
32 197
32 219
33 41
33 45
33 47
33 50
33 53
33 56
33 63
33 64
33 78
33 81
33 90
33 96
33 97
33 101
33 103
33 104
33 107
33 112
33 117
33 126
33 134
33 138
33 140
33 144
33 147
33 149
33 150
33 158
33 162
33 164
33 166
33 167
33 174
33 178
33 179
33 201
33 212
33 216
33 218
33 223
34 49
34 64
34 66
34 68
34 71
34 77
34 82
34 87
34 92
34 98
34 112
34 123
34 126
34 134
34 141
34 143
34 144
34 158
34 167
34 179
34 183
34 191
34 199
34 203
34 213
34 216
34 223
35 43
35 46
35 47
35 51
35 53
35 54
35 56
35 58
35 61
35 62
35 65
35 72
35 79
35 84
35 96
35 97
35 98
35 106
35 107
35 108
35 115
35 118
35 121
35 124
35 125
35 128
35 147
35 163
35 167
35 168
35 170
35 171
35 180
35 185
35 186
35 198
35 205
35 211
36 47
36 51
36 55
36 66
36 67
36 69
36 70
36 84
36 88
36 89
36 96
36 105
36 106
36 111
36 114
36 116
36 124
36 127
36 128
36 142
36 147
36 151
36 164
36 167
36 173
36 176
36 182
36 203
36 204
36 206
36 207
36 212
36 213
36 221
36 223
37 40
37 57
37 59
37 70
37 71
37 74
37 76
37 79
37 84
37 87
37 90
37 95
37 104
37 108
37 113
37 128
37 146
37 155
37 156
37 169
37 170
37 188
37 195
37 200
37 201
37 203
37 214
37 216
38 45
38 50
38 54
38 55
38 56
38 61
38 64
38 73
38 76
38 77
38 87
38 91
38 96
38 99
38 101
38 102
38 104
38 110
38 113
38 114
38 116
38 117
38 119
38 140
38 142
38 146
38 147
38 149
38 158
38 162
38 163
38 164
38 165
38 170
38 181
38 185
38 191
38 196
38 201
38 208
38 215
38 222
38 224
39 40
39 55
39 57
39 59
39 63
39 67
39 68
39 75
39 80
39 88
39 91
39 92
39 98
39 107
39 109
39 114
39 136
39 138
39 144
39 176
39 183
39 199
39 200
39 202
39 210
39 219
40 41
40 54
40 55
40 56
40 62
40 69
40 71
40 75
40 81
40 84
40 88
40 89
40 91
40 94
40 98
40 103
40 106
40 108
40 124
40 125
40 131
40 136
40 142
40 158
40 161
40 168
40 169
40 174
40 184
40 185
40 186
40 197
40 198
40 199
40 202
40 209
40 211
40 213
40 217
40 218
41 42
41 45
41 46
41 49
41 53
41 56
41 59
41 66
41 78
41 80
41 83
41 85
41 87
41 91
41 99
41 101
41 104
41 105
41 114
41 129
41 143
41 152
41 153
41 163
41 186
41 187
41 199
41 205
41 211
41 218
41 220
41 222
41 224
42 49
42 50
42 59
42 62
42 69
42 76
42 83
42 90
42 92
42 94
42 112
42 114
42 120
42 122
42 132
42 135
42 147
42 153
42 156
42 159
42 160
42 170
42 173
42 186
42 195
42 196
42 197
42 202
42 209
42 211
42 214
42 215
42 224
43 61
43 67
43 69
43 70
43 74
43 84
43 96
43 100
43 102
43 108
43 115
43 119
43 124
43 126
43 135
43 136
43 140
43 144
43 146
43 148
43 150
43 151
43 172
43 174
43 177
43 194
43 200
43 203
43 210
43 216
43 218
43 220
44 45
44 50
44 56
44 61
44 70
44 72
44 77
44 86
44 90
44 96
44 101
44 102
44 104
44 110
44 116
44 117
44 125
44 128
44 130
44 147
44 148
44 149
44 151
44 156
44 161
44 162
44 172
44 173
44 183
44 186
44 192
44 198
44 202
44 216
45 46
45 48
45 49
45 59
45 61
45 63
45 64
45 72
45 74
45 78
45 84
45 88
45 94
45 95
45 96
45 98
45 104
45 106
45 109
45 117
45 124
45 125
45 128
45 132
45 136
45 144
45 147
45 150
45 151
45 155
45 162
45 165
45 167
45 172
45 173
45 186
45 188
45 196
45 197
45 198
45 203
45 214
45 218
45 220
46 48
46 64
46 84
46 88
46 93
46 101
46 102
46 105
46 126
46 129
46 131
46 140
46 148
46 151
46 155
46 156
46 163
46 170
46 171
46 174
46 175
46 179
46 181
46 187
46 188
46 191
46 201
46 207
46 211
46 215
46 221
46 224
47 48
47 49
47 53
47 54
47 58
47 65
47 69
47 73
47 75
47 78
47 80
47 81
47 85
47 86
47 91
47 92
47 93
47 103
47 107
47 109
47 110
47 124
47 129
47 132
47 137
47 138
47 141
47 144
47 146
47 147
47 158
47 159
47 162
47 164
47 167
47 172
47 175
47 177
47 186
47 191
47 193
47 201
47 203
47 207
47 208
47 212
47 214
47 215
47 216
47 217
47 218
47 221
47 223
48 50
48 56
48 57
48 59
48 60
48 62
48 66
48 67
48 69
48 71
48 72
48 75
48 89
48 90
48 91
48 115
48 120
48 126
48 130
48 131
48 136
48 140
48 142
48 157
48 165
48 169
48 175
48 176
48 178
48 180
48 182
48 196
48 199
48 205
48 206
48 212
48 213
48 215
48 219
49 52
49 54
49 59
49 63
49 72
49 82
49 92
49 96
49 104
49 105
49 107
49 111
49 114
49 115
49 116
49 118
49 126
49 128
49 142
49 156
49 158
49 165
49 171
49 178
49 179
49 187
49 209
49 211
49 214
49 215
50 53
50 59
50 66
50 77
50 81
50 86
50 98
50 104
50 107
50 113
50 114
50 119
50 120
50 131
50 132
50 143
50 145
50 146
50 149
50 158
50 162
50 163
50 171
50 186
50 195
50 196
50 211
50 219
50 221
51 60
51 65
51 72
51 82
51 84
51 86
51 87
51 88
51 92
51 94
51 99
51 107
51 117
51 119
51 122
51 129
51 131
51 138
51 139
51 148
51 152
51 155
51 156
51 161
51 163
51 199
51 204
51 211
51 215
51 218
51 219
52 55
52 57
52 59
52 61
52 71
52 74
52 75
52 94
52 99
52 104
52 106
52 109
52 111
52 113
52 115
52 117
52 118
52 124
52 127
52 128
52 134
52 136
52 151
52 152
52 153
52 158
52 160
52 161
52 165
52 170
52 176
52 184
52 193
52 200
52 204
52 211
52 212
52 214
52 215
52 220
53 56
53 57
53 61
53 66
53 68
53 72
53 75
53 86
53 100
53 101
53 102
53 106
53 108
53 111
53 115
53 133
53 142
53 147
53 149
53 158
53 159
53 164
53 166
53 169
53 195
53 196
53 203
53 204
53 205
53 209
53 222
54 60
54 64
54 72
54 79
54 83
54 91
54 93
54 98
54 104
54 105
54 106
54 109
54 112
54 113
54 115
54 117
54 125
54 126
54 133
54 135
54 139
54 142
54 149
54 150
54 173
54 174
54 176
54 177
54 181
54 184
54 195
54 200
54 202
54 203
54 205
54 216
54 217
54 220
55 60
55 63
55 65
55 73
55 75
55 81
55 96
55 97
55 98
55 108
55 110
55 120
55 122
55 126
55 132
55 134
55 136
55 140
55 148
55 153
55 160
55 172
55 179
55 184
55 188
55 211
55 215
55 218
55 220
56 57
56 58
56 61
56 66
56 69
56 72
56 74
56 81
56 84
56 86
56 92
56 97
56 98
56 104
56 105
56 113
56 115
56 117
56 118
56 123
56 127
56 132
56 133
56 137
56 145
56 147
56 148
56 151
56 154
56 163
56 168
56 176
56 177
56 178
56 200
56 203
56 205
56 206
56 210
56 214
56 221
56 224
57 63
57 64
57 67
57 69
57 83
57 84
57 85
57 92
57 93
57 94
57 96
57 97
57 98
57 99
57 113
57 117
57 121
57 126
57 133
57 136
57 138
57 143
57 144
57 151
57 158
57 168
57 171
57 172
57 173
57 184
57 185
57 186
57 191
57 193
57 194
57 200
57 201
57 202
57 205
57 210
57 220
58 65
58 66
58 70
58 81
58 86
58 90
58 91
58 96
58 105
58 110
58 119
58 120
58 121
58 123
58 125
58 133
58 135
58 136
58 137
58 141
58 144
58 148
58 152
58 158
58 162
58 164
58 166
58 168
58 169
58 171
58 173
58 174
58 177
58 178
58 180
58 181
58 182
58 185
58 186
58 194
58 200
58 201
58 202
58 207
58 212
58 217
58 223
59 62
59 64
59 71
59 76
59 78
59 86
59 91
59 95
59 101
59 103
59 107
59 108
59 114
59 115
59 118
59 120
59 126
59 133
59 136
59 138
59 141
59 142
59 145
59 150
59 152
59 155
59 156
59 169
59 178
59 186
59 204
59 207
59 211
59 217
59 220
59 221
60 61
60 63
60 66
60 70
60 85
60 93
60 96
60 99
60 106
60 118
60 128
60 131
60 139
60 140
60 141
60 154
60 156
60 159
60 160
60 164
60 167
60 168
60 183
60 184
60 185
60 188
60 190
60 197
60 204
60 219
60 220
61 65
61 67
61 74
61 76
61 77
61 78
61 81
61 86
61 109
61 115
61 116
61 120
61 121
61 124
61 129
61 131
61 133
61 137
61 140
61 142
61 147
61 170
61 177
61 192
61 194
61 197
61 199
61 201
61 204
61 221
62 71
62 73
62 75
62 82
62 84
62 89
62 91
62 110
62 117
62 121
62 124
62 132
62 147
62 150
62 155
62 159
62 163
62 177
62 178
62 180
62 191
62 195
62 196
62 206
62 216
62 222
62 223
63 64
63 69
63 80
63 82
63 89
63 94
63 99
63 101
63 102
63 104
63 106
63 108
63 114
63 115
63 119
63 121
63 126
63 127
63 129
63 130
63 132
63 133
63 134
63 140
63 142
63 143
63 152
63 154
63 159
63 161
63 169
63 181
63 183
63 202
63 203
63 212
63 213
63 220
64 66
64 79
64 81
64 99
64 101
64 106
64 119
64 138
64 142
64 143
64 152
64 158
64 164
64 172
64 173
64 191
64 197
64 201
64 202
64 204
64 205
64 207
64 208
64 209
64 211
64 213
64 218
64 219
64 222
65 88
65 92
65 94
65 122
65 123
65 129
65 130
65 133
65 135
65 151
65 153
65 168
65 177
65 187
65 191
65 199
65 210
65 214
65 218
65 222
66 68
66 73
66 84
66 91
66 95
66 96
66 100
66 106
66 113
66 123
66 129
66 130
66 136
66 137
66 158
66 181
66 188
66 189
66 202
66 214
66 223
67 73
67 74
67 77
67 87
67 96
67 97
67 98
67 112
67 113
67 117
67 119
67 120
67 121
67 122
67 126
67 133
67 134
67 138
67 140
67 156
67 163
67 167
67 171
67 174
67 178
67 180
67 188
67 202
67 204
67 209
67 216
67 220
68 70
68 75
68 77
68 83
68 86
68 102
68 113
68 119
68 125
68 126
68 128
68 134
68 136
68 138
68 159
68 160
68 161
68 163
68 175
68 181
68 182
68 189
68 193
68 195
68 199
68 201
68 214
68 223
68 224
69 73
69 84
69 85
69 88
69 94
69 101
69 117
69 118
69 119
69 120
69 123
69 126
69 128
69 135
69 138
69 142
69 146
69 147
69 153
69 160
69 164
69 180
69 181
69 197
69 201
69 215
70 71
70 79
70 87
70 88
70 90
70 93
70 94
70 101
70 105
70 108
70 119
70 130
70 131
70 139
70 152
70 166
70 168
70 169
70 174
70 177
70 186
70 188
70 189
70 190
70 191
70 204
70 216
71 78
71 93
71 98
71 102
71 103
71 112
71 114
71 117
71 121
71 127
71 128
71 132
71 137
71 139
71 147
71 160
71 161
71 171
71 172
71 173
71 183
71 184
71 190
71 193
71 205
71 215
71 220
72 78
72 82
72 83
72 84
72 90
72 94
72 100
72 105
72 106
72 121
72 122
72 123
72 124
72 131
72 141
72 143
72 145
72 151
72 163
72 165
72 172
72 175
72 177
72 184
72 186
72 189
72 193
72 206
72 207
72 209
72 218
73 77
73 79
73 84
73 88
73 91
73 100
73 101
73 116
73 117
73 121
73 122
73 123
73 125
73 134
73 135
73 137
73 140
73 149
73 152
73 160
73 177
73 185
73 190
73 191
73 192
73 202
73 209
73 211
73 212
73 216
73 223
74 79
74 80
74 81
74 84
74 85
74 86
74 87
74 119
74 125
74 127
74 132
74 133
74 134
74 136
74 137
74 142
74 147
74 151
74 156
74 174
74 175
74 181
74 183
74 187
74 190
74 194
74 213
74 214
74 215
74 218
74 222
74 223
75 78
75 87
75 90
75 92
75 102
75 103
75 106
75 113
75 114
75 115
75 118
75 122
75 124
75 126
75 135
75 145
75 148
75 153
75 158
75 161
75 165
75 166
75 167
75 173
75 174
75 176
75 177
75 183
75 185
75 187
75 198
75 199
75 205
75 206
75 214
76 79
76 90
76 103
76 111
76 112
76 116
76 121
76 122
76 130
76 133
76 135
76 137
76 138
76 142
76 143
76 148
76 177
76 183
76 187
76 197
76 204
76 216
76 219
76 222
77 81
77 87
77 90
77 115
77 133
77 134
77 141
77 144
77 147
77 149
77 168
77 172
77 175
77 176
77 178
77 179
77 186
77 189
77 192
77 197
77 206
77 209
77 212
77 213
77 218
78 82
78 83
78 84
78 88
78 94
78 97
78 108
78 112
78 114
78 115
78 116
78 119
78 135
78 137
78 142
78 145
78 146
78 149
78 150
78 154
78 162
78 168
78 176
78 180
78 183
78 189
78 200
78 203
78 206
78 211
78 213
78 215
79 84
79 88
79 96
79 98
79 100
79 102
79 104
79 112
79 113
79 115
79 121
79 126
79 138
79 141
79 143
79 167
79 170
79 174
79 187
79 188
79 192
79 201
79 208
79 217
80 83
80 89
80 93
80 94
80 97
80 101
80 107
80 111
80 117
80 118
80 123
80 132
80 137
80 156
80 159
80 164
80 165
80 170
80 182
80 189
80 192
80 193
80 194
80 199
80 201
80 206
81 87
81 91
81 95
81 99
81 107
81 110
81 113
81 123
81 124
81 137
81 138
81 160
81 167
81 168
81 172
81 177
81 191
81 204
81 215
81 217
81 221
81 222
81 223
81 224
82 89
82 90
82 91
82 92
82 94
82 95
82 104
82 111
82 113
82 121
82 127
82 128
82 129
82 134
82 139
82 141
82 147
82 152
82 157
82 161
82 170
82 174
82 177
82 179
82 186
82 189
82 195
82 203
82 204
82 211
82 213
82 215
82 220
82 222
82 224
83 93
83 96
83 104
83 107
83 109
83 110
83 112
83 115
83 120
83 123
83 128
83 137
83 138
83 147
83 150
83 153
83 158
83 165
83 166
83 169
83 176
83 180
83 183
83 188
83 190
83 198
83 205
83 208
83 217
83 219
83 223
84 86
84 91
84 94
84 95
84 98
84 108
84 115
84 128
84 140
84 143
84 145
84 149
84 151
84 153
84 156
84 162
84 172
84 173
84 177
84 179
84 181
84 182
84 185
84 186
84 187
84 189
84 194
84 200
84 205
84 207
84 211
84 224
85 87
85 98
85 105
85 111
85 114
85 116
85 118
85 122
85 125
85 130
85 135
85 149
85 152
85 163
85 164
85 166
85 168
85 170
85 171
85 175
85 184
85 185
85 186
85 188
85 189
85 201
85 202
85 212
85 223
86 88
86 97
86 100
86 106
86 114
86 117
86 120
86 128
86 131
86 133
86 136
86 141
86 144
86 149
86 156
86 163
86 165
86 167
86 172
86 174
86 178
86 184
86 187
86 188
86 191
86 193
86 196
86 199
86 200
86 211
86 223
87 90
87 102
87 109
87 112
87 113
87 114
87 116
87 124
87 130
87 131
87 141
87 149
87 154
87 156
87 157
87 163
87 164
87 167
87 172
87 182
87 188
87 189
87 195
87 203
87 205
87 207
87 211
87 217
87 221
88 97
88 100
88 115
88 139
88 145
88 149
88 150
88 155
88 161
88 162
88 167
88 169
88 174
88 187
88 188
88 189
88 197
88 201
88 209
88 210
88 213
88 218
88 220
88 223
89 90
89 91
89 105
89 108
89 112
89 114
89 119
89 124
89 131
89 132
89 143
89 145
89 152
89 166
89 168
89 173
89 178
89 180
89 183
89 191
89 192
89 193
89 199
89 207
89 211
89 217
89 219
89 223
89 224
90 96
90 103
90 104
90 105
90 109
90 112
90 117
90 118
90 120
90 132
90 135
90 149
90 154
90 159
90 162
90 163
90 167
90 175
90 178
90 181
90 189
90 193
90 195
90 198
90 204
90 210
90 214
90 223
91 96
91 99
91 107
91 109
91 110
91 115
91 119
91 134
91 138
91 145
91 147
91 151
91 156
91 158
91 163
91 164
91 169
91 172
91 177
91 186
91 191
91 193
91 196
91 197
91 200
91 209
91 220
92 98
92 108
92 110
92 116
92 118
92 130
92 133
92 140
92 154
92 157
92 159
92 160
92 165
92 166
92 169
92 170
92 171
92 174
92 176
92 180
92 183
92 190
92 191
92 195
92 201
92 207
93 106
93 110
93 119
93 120
93 125
93 128
93 136
93 138
93 141
93 156
93 159
93 160
93 168
93 176
93 177
93 180
93 205
93 214
93 216
93 221
94 110
94 112
94 125
94 127
94 129
94 130
94 140
94 141
94 149
94 150
94 155
94 156
94 163
94 167
94 168
94 170
94 173
94 174
94 181
94 189
94 190
94 195
94 197
94 202
94 204
94 208
95 99
95 102
95 104
95 106
95 107
95 114
95 119
95 120
95 123
95 125
95 127
95 128
95 134
95 135
95 140
95 148
95 151
95 163
95 165
95 174
95 183
95 184
95 185
95 187
95 191
95 194
95 195
95 198
95 199
95 208
95 209
95 222
95 224
96 106
96 108
96 118
96 123
96 128
96 129
96 132
96 136
96 141
96 142
96 153
96 159
96 160
96 161
96 168
96 174
96 176
96 177
96 182
96 185
96 198
96 199
96 200
96 207
96 210
96 213
97 102
97 103
97 107
97 109
97 113
97 123
97 124
97 136
97 143
97 144
97 149
97 151
97 159
97 168
97 170
97 171
97 173
97 174
97 176
97 177
97 192
97 196
97 198
97 199
97 204
97 206
97 209
97 211
97 218
97 219
98 101
98 102
98 103
98 104
98 121
98 123
98 125
98 126
98 129
98 132
98 138
98 146
98 148
98 151
98 152
98 163
98 172
98 173
98 177
98 179
98 186
98 189
98 191
98 204
98 206
98 211
98 222
99 108
99 112
99 113
99 115
99 120
99 128
99 130
99 133
99 135
99 136
99 137
99 141
99 145
99 146
99 151
99 160
99 162
99 164
99 168
99 177
99 179
99 183
99 193
99 198
99 208
99 211
99 216
100 111
100 118
100 123
100 124
100 125
100 127
100 132
100 138
100 140
100 149
100 158
100 160
100 167
100 176
100 179
100 192
100 195
100 201
100 205
100 212
100 216
100 219
100 222
100 223
101 105
101 107
101 109
101 121
101 122
101 128
101 136
101 156
101 159
101 162
101 165
101 174
101 186
101 189
101 207
101 214
102 103
102 105
102 107
102 108
102 114
102 115
102 116
102 128
102 142
102 146
102 148
102 150
102 153
102 155
102 167
102 171
102 178
102 180
102 184
102 186
102 201
102 203
102 206
102 224
103 104
103 107
103 109
103 113
103 123
103 126
103 128
103 141
103 169
103 170
103 177
103 178
103 179
103 185
103 186
103 189
103 198
103 207
103 211
103 215
103 216
103 221
103 222
104 105
104 106
104 107
104 114
104 117
104 118
104 122
104 133
104 135
104 136
104 138
104 142
104 158
104 161
104 165
104 181
104 185
104 190
104 197
104 200
104 214
104 218
104 220
104 223
105 113
105 124
105 126
105 135
105 137
105 138
105 139
105 145
105 156
105 163
105 169
105 175
105 176
105 177
105 199
105 203
105 206
105 208
105 211
105 218
105 219
106 113
106 114
106 116
106 122
106 126
106 132
106 142
106 143
106 145
106 146
106 157
106 158
106 160
106 161
106 167
106 171
106 172
106 180
106 182
106 185
106 186
106 190
106 193
106 196
106 206
106 207
106 212
106 213
106 220
106 221
106 223
107 109
107 114
107 124
107 126
107 140
107 142
107 148
107 161
107 165
107 176
107 181
107 187
107 192
107 197
107 201
107 204
107 206
107 207
107 213
107 214
107 215
107 222
107 223
108 109
108 110
108 113
108 115
108 120
108 121
108 133
108 134
108 135
108 136
108 154
108 164
108 168
108 169
108 170
108 171
108 181
108 185
108 199
108 201
108 203
108 209
108 218
109 111
109 117
109 144
109 173
109 175
109 178
109 180
109 183
109 184
109 186
109 188
109 189
109 193
109 197
109 201
109 205
109 217
110 112
110 132
110 134
110 145
110 146
110 147
110 149
110 154
110 159
110 162
110 164
110 170
110 174
110 177
110 184
110 202
110 203
110 206
110 207
110 223
111 114
111 116
111 119
111 122
111 123
111 132
111 143
111 145
111 148
111 149
111 155
111 156
111 160
111 162
111 167
111 168
111 170
111 171
111 173
111 175
111 177
111 181
111 184
111 187
111 188
111 190
111 195
111 199
111 203
111 214
112 121
112 125
112 130
112 135
112 142
112 152
112 154
112 164
112 181
112 182
112 186
112 193
112 197
112 198
112 199
112 209
112 211
112 215
112 218
113 115
113 118
113 120
113 134
113 139
113 146
113 159
113 161
113 168
113 176
113 182
113 184
113 186
113 194
113 197
113 203
113 205
113 206
113 222
113 223
114 120
114 125
114 130
114 135
114 150
114 157
114 162
114 164
114 174
114 175
114 182
114 184
114 189
114 190
114 196
114 219
114 223
114 224
115 118
115 119
115 123
115 127
115 135
115 136
115 140
115 141
115 144
115 147
115 157
115 162
115 176
115 177
115 184
115 189
115 193
115 195
115 196
115 197
115 204
115 216
115 217
115 220
115 222
116 126
116 131
116 134
116 135
116 146
116 148
116 149
116 150
116 156
116 157
116 163
116 165
116 166
116 167
116 175
116 177
116 179
116 192
116 197
116 202
116 203
116 205
116 210
116 215
116 224
117 120
117 125
117 136
117 140
117 147
117 151
117 158
117 171
117 177
117 178
117 186
117 187
117 194
117 200
117 201
117 207
117 216
117 220
118 122
118 123
118 129
118 130
118 139
118 140
118 143
118 144
118 147
118 151
118 154
118 155
118 158
118 161
118 165
118 176
118 179
118 180
118 181
118 183
118 189
118 209
118 212
118 213
118 224
119 123
119 128
119 132
119 140
119 143
119 144
119 151
119 152
119 156
119 160
119 161
119 170
119 172
119 176
119 183
119 189
119 190
119 202
119 206
119 213
119 214
119 219
119 221
119 223
120 122
120 126
120 134
120 138
120 139
120 148
120 155
120 164
120 170
120 183
120 185
120 187
120 190
120 191
120 196
120 202
120 211
120 217
121 122
121 127
121 128
121 134
121 142
121 146
121 150
121 152
121 166
121 170
121 171
121 178
121 186
121 187
121 193
121 195
121 196
121 201
121 203
121 216
121 218
122 126
122 127
122 128
122 154
122 156
122 166
122 169
122 171
122 178
122 180
122 184
122 185
122 186
122 190
122 196
122 208
122 210
122 212
122 217
123 127
123 130
123 133
123 137
123 138
123 143
123 145
123 148
123 157
123 158
123 163
123 164
123 173
123 175
123 180
123 187
123 194
123 197
123 210
123 215
123 218
123 220
123 224
124 132
124 133
124 135
124 138
124 148
124 150
124 151
124 156
124 158
124 159
124 161
124 163
124 165
124 166
124 170
124 173
124 174
124 176
124 177
124 180
124 185
124 187
124 190
124 194
124 196
124 198
124 202
124 209
124 210
124 212
124 213
124 214
124 221
125 126
125 136
125 142
125 151
125 161
125 163
125 166
125 167
125 169
125 172
125 178
125 180
125 186
125 190
125 194
125 196
125 207
125 213
125 214
125 217
125 221
126 127
126 131
126 138
126 141
126 145
126 147
126 156
126 159
126 160
126 161
126 165
126 173
126 175
126 177
126 189
126 193
126 200
126 205
126 206
126 208
126 212
126 213
126 214
127 131
127 134
127 152
127 155
127 156
127 160
127 165
127 166
127 168
127 180
127 188
127 201
127 203
127 222
128 130
128 139
128 144
128 147
128 150
128 157
128 160
128 162
128 165
128 166
128 168
128 169
128 174
128 177
128 182
128 183
128 184
128 190
128 194
128 196
128 207
128 208
128 210
128 216
128 219
129 146
129 147
129 151
129 172
129 173
129 175
129 183
129 187
129 189
129 190
129 192
129 204
129 211
129 212
129 221
130 132
130 133
130 134
130 137
130 140
130 142
130 149
130 153
130 154
130 156
130 157
130 162
130 163
130 165
130 171
130 175
130 182
130 184
130 189
130 193
130 197
130 199
130 202
130 210
130 217
130 222
130 223
131 137
131 138
131 141
131 142
131 152
131 154
131 155
131 157
131 160
131 175
131 179
131 185
131 188
131 192
131 193
131 198
131 207
131 209
131 219
131 223
132 137
132 138
132 148
132 151
132 161
132 175
132 192
132 199
132 201
132 203
132 209
132 210
132 223
133 134
133 143
133 144
133 145
133 147
133 149
133 155
133 157
133 158
133 160
133 163
133 172
133 174
133 180
133 197
133 203
133 207
133 208
133 210
133 214
133 218
133 220
133 223
134 136
134 142
134 147
134 152
134 155
134 169
134 173
134 175
134 176
134 177
134 182
134 204
134 217
134 218
134 222
135 141
135 143
135 145
135 148
135 165
135 180
135 181
135 190
135 194
135 197
135 207
135 213
135 220
135 221
135 223
136 149
136 157
136 159
136 160
136 164
136 167
136 183
136 188
136 194
136 198
136 199
136 201
136 202
136 203
136 204
136 206
136 209
136 212
136 222
137 141
137 142
137 143
137 146
137 147
137 153
137 159
137 170
137 174
137 177
137 181
137 184
137 194
137 197
137 204
137 211
137 214
137 215
137 217
137 221
137 222
138 139
138 144
138 150
138 152
138 153
138 160
138 162
138 165
138 174
138 175
138 180
138 183
138 189
138 192
138 194
138 199
138 204
138 205
138 218
138 220
138 222
139 141
139 147
139 162
139 164
139 171
139 178
139 179
139 181
139 196
139 202
139 207
140 142
140 143
140 157
140 160
140 165
140 172
140 175
140 178
140 182
140 183
140 196
140 198
140 209
140 210
140 222
141 144
141 151
141 155
141 162
141 163
141 165
141 169
141 172
141 173
141 176
141 181
141 186
141 192
141 194
141 196
141 199
141 202
141 203
141 209
141 212
141 218
141 219
141 220
141 223
142 143
142 149
142 150
142 156
142 159
142 161
142 162
142 165
142 166
142 167
142 175
142 177
142 178
142 184
142 185
142 190
142 191
142 197
142 199
142 200
142 207
142 212
142 222
142 223
143 146
143 149
143 153
143 158
143 159
143 162
143 163
143 165
143 170
143 171
143 179
143 190
143 191
143 192
143 201
143 202
143 209
143 222
143 223
144 147
144 151
144 161
144 171
144 174
144 176
144 177
144 180
144 185
144 193
144 196
144 209
144 210
144 214
144 221
144 224
145 146
145 155
145 161
145 165
145 174
145 185
145 186
145 187
145 188
145 189
145 190
145 193
145 194
145 200
145 205
145 211
146 151
146 155
146 163
146 182
146 183
146 185
146 188
146 191
146 192
146 193
146 194
146 197
146 199
146 204
146 212
146 223
147 160
147 161
147 165
147 166
147 190
147 198
147 206
147 208
147 212
147 215
147 216
147 220
147 221
147 223
148 152
148 165
148 167
148 171
148 174
148 175
148 182
148 183
148 185
148 186
148 191
148 206
148 209
148 212
148 218
148 224
149 153
149 154
149 166
149 167
149 171
149 175
149 176
149 178
149 180
149 183
149 184
149 189
149 191
149 194
149 207
149 209
149 210
149 214
149 218
149 221
150 155
150 159
150 169
150 174
150 178
150 186
150 187
150 193
150 194
150 195
150 198
150 203
150 205
150 215
151 153
151 163
151 167
151 169
151 175
151 178
151 179
151 180
151 181
151 182
151 184
151 187
151 189
151 192
151 199
151 203
151 206
151 208
151 214
151 216
151 217
151 224
152 167
152 178
152 185
152 193
152 194
152 199
152 206
152 208
152 214
152 217
152 221
152 224
153 157
153 167
153 171
153 178
153 180
153 184
153 195
153 197
153 205
153 206
153 208
153 210
153 212
153 221
154 155
154 157
154 164
154 181
154 182
154 185
154 186
154 187
154 190
154 195
154 197
154 198
154 204
154 208
154 220
154 223
155 158
155 167
155 169
155 175
155 179
155 188
155 191
155 198
155 201
155 206
155 209
155 210
155 216
155 218
155 222
156 162
156 177
156 197
156 204
156 207
156 208
156 209
156 211
156 213
157 158
157 175
157 179
157 180
157 184
157 197
157 202
157 205
157 209
157 219
157 222
158 162
158 166
158 170
158 171
158 173
158 174
158 175
158 183
158 184
158 189
158 196
158 197
158 202
158 204
158 205
158 210
158 217
158 218
158 221
158 222
158 223
159 166
159 167
159 176
159 177
159 188
159 189
159 201
159 204
159 208
159 209
160 165
160 169
160 171
160 172
160 174
160 181
160 184
160 185
160 188
160 196
160 204
160 209
160 218
160 221
160 223
161 166
161 171
161 184
161 187
161 189
161 194
161 195
161 198
161 202
161 210
161 214
161 221
162 166
162 169
162 172
162 181
162 185
162 186
162 191
162 192
162 200
162 201
162 222
163 168
163 176
163 188
163 191
163 210
164 168
164 171
164 177
164 179
164 185
164 186
164 187
164 193
164 203
164 207
164 215
164 217
164 218
164 220
164 223
165 167
165 170
165 180
165 182
165 183
165 194
165 202
165 206
165 209
165 213
165 224
166 167
166 168
166 172
166 173
166 175
166 178
166 179
166 184
166 192
166 200
166 214
166 220
167 173
167 178
167 181
167 186
167 188
167 189
167 190
167 191
167 194
167 204
167 207
167 210
167 216
167 220
167 223
167 224
168 170
168 174
168 175
168 191
168 193
168 195
168 203
168 207
168 209
168 217
168 219
169 171
169 178
169 181
169 183
169 184
169 192
169 197
169 198
169 199
169 202
169 207
169 208
169 215
169 220
170 186
170 195
170 198
170 214
170 222
171 187
171 190
171 193
171 205
171 215
171 220
172 179
172 195
172 198
172 199
172 200
172 211
172 212
172 214
172 215
172 219
172 221
173 184
173 189
173 190
173 192
173 207
173 209
173 215
173 216
173 217
173 218
174 175
174 177
174 178
174 180
174 185
174 187
174 189
174 191
174 194
174 197
174 201
174 209
174 216
174 219
174 223
175 180
175 184
175 192
175 200
175 201
175 212
175 218
176 187
176 192
176 202
176 206
176 209
176 214
176 219
176 222
177 179
177 188
177 196
177 202
177 205
177 209
177 217
177 218
178 187
178 190
178 204
178 208
178 210
178 214
178 219
178 221
178 222
178 224
179 201
179 204
179 210
179 213
179 219
180 193
180 197
180 207
181 185
181 199
181 204
181 207
181 216
181 220
182 185
182 195
182 198
182 201
182 218
182 220
182 222
183 190
183 191
183 192
183 193
183 195
183 198
183 200
183 202
183 205
183 213
183 214
183 215
183 216
184 191
184 193
184 201
184 203
184 205
184 208
184 210
184 216
184 221
185 187
185 189
185 190
185 201
185 203
185 205
185 215
185 217
185 221
185 224
186 190
186 195
186 202
186 207
186 210
186 216
186 220
186 222
187 188
187 198
187 199
187 201
187 210
187 215
187 218
188 189
188 191
188 195
188 198
188 201
188 202
188 204
188 206
188 207
188 216
188 218
189 193
189 203
189 217
189 218
189 221
189 222
189 224
190 209
190 210
190 211
191 192
191 195
191 196
191 200
191 206
191 221
191 222
191 224
192 199
192 210
192 214
192 216
192 217
192 220
192 224
193 194
193 199
193 202
193 207
193 209
193 211
193 219
193 221
194 201
194 205
194 206
194 207
194 215
194 223
195 196
195 206
195 207
195 221
196 198
196 201
196 211
196 221
196 222
196 223
196 224
197 201
197 203
197 206
197 212
197 219
197 223
198 200
198 201
198 205
198 208
198 210
198 215
199 200
199 205
199 212
200 203
200 210
200 212
200 213
200 215
200 216
200 219
200 221
200 224
201 203
201 211
201 212
201 216
202 204
202 205
202 206
202 211
202 218
203 207
203 213
203 214
203 220
203 224
204 211
204 216
204 219
205 207
205 212
205 214
205 217
205 222
206 210
206 214
207 216
207 217
207 220
207 224
208 212
208 214
208 217
208 220
208 221
208 222
208 223
209 210
209 211
209 219
209 223
209 224
210 214
210 215
210 216
210 217
210 220
211 213
211 214
211 215
211 216
212 215
212 217
212 219
212 222
213 214
213 217
214 219
214 221
214 224
215 223
216 223
217 223
217 224
219 221
219 222
219 223
221 224
