0 1
0 2
0 3
0 5
0 6
0 10
0 11
0 13
0 14
0 15
0 18
0 19
0 20
0 24
0 25
0 26
0 28
0 30
0 32
0 34
0 35
0 37
0 38
0 39
0 40
0 42
0 49
0 51
0 57
0 59
0 60
0 66
0 68
0 74
0 76
0 77
0 78
0 79
0 80
0 81
0 82
0 84
0 87
0 88
0 93
0 97
0 99
1 2
1 3
1 4
1 6
1 7
1 11
1 16
1 17
1 19
1 21
1 25
1 26
1 28
1 31
1 36
1 37
1 40
1 41
1 43
1 44
1 45
1 46
1 48
1 51
1 52
1 53
1 54
1 55
1 59
1 60
1 63
1 66
1 67
1 68
1 70
1 71
1 72
1 73
1 76
1 77
1 79
1 80
1 82
1 83
1 84
1 85
1 86
1 87
1 89
1 90
1 91
1 92
1 93
1 94
1 95
1 96
1 98
2 4
2 5
2 6
2 7
2 9
2 11
2 14
2 15
2 16
2 17
2 18
2 20
2 22
2 23
2 25
2 28
2 31
2 32
2 33
2 34
2 36
2 37
2 38
2 45
2 46
2 47
2 49
2 51
2 53
2 54
2 55
2 58
2 60
2 64
2 65
2 66
2 67
2 69
2 70
2 72
2 75
2 76
2 77
2 79
2 80
2 81
2 82
2 83
2 84
2 85
2 88
2 90
2 91
2 92
2 96
2 99
3 4
3 5
3 6
3 7
3 9
3 11
3 13
3 14
3 17
3 20
3 23
3 24
3 26
3 29
3 31
3 33
3 35
3 39
3 41
3 42
3 43
3 44
3 47
3 50
3 52
3 54
3 58
3 59
3 60
3 62
3 64
3 65
3 73
3 74
3 78
3 84
3 87
3 88
3 91
3 93
3 95
3 97
4 6
4 7
4 8
4 11
4 14
4 17
4 23
4 27
4 28
4 29
4 31
4 32
4 33
4 34
4 35
4 36
4 40
4 41
4 42
4 45
4 48
4 49
4 50
4 51
4 52
4 53
4 54
4 56
4 57
4 58
4 61
4 62
4 63
4 64
4 65
4 67
4 73
4 77
4 80
4 81
4 82
4 85
4 87
4 88
4 92
4 93
4 95
4 97
4 98
5 6
5 8
5 11
5 12
5 13
5 14
5 15
5 22
5 23
5 27
5 29
5 32
5 36
5 37
5 38
5 39
5 41
5 43
5 44
5 45
5 46
5 48
5 49
5 50
5 55
5 56
5 58
5 61
5 62
5 63
5 65
5 66
5 68
5 69
5 70
5 71
5 75
5 76
5 77
5 78
5 80
5 81
5 84
5 88
5 90
5 91
5 92
5 93
5 94
5 95
5 98
5 99
6 7
6 8
6 12
6 13
6 15
6 16
6 17
6 18
6 19
6 21
6 23
6 25
6 27
6 29
6 31
6 33
6 34
6 36
6 37
6 39
6 40
6 42
6 46
6 47
6 49
6 50
6 52
6 54
6 55
6 58
6 63
6 64
6 65
6 67
6 71
6 73
6 77
6 81
6 83
6 85
6 90
6 91
6 92
6 95
6 96
6 98
6 99
7 8
7 9
7 10
7 12
7 13
7 17
7 18
7 20
7 21
7 23
7 26
7 27
7 30
7 33
7 40
7 45
7 46
7 50
7 51
7 52
7 53
7 57
7 58
7 62
7 63
7 64
7 65
7 68
7 69
7 71
7 72
7 76
7 77
7 80
7 82
7 84
7 85
7 88
7 89
7 90
7 92
7 94
7 95
7 96
8 9
8 10
8 14
8 17
8 19
8 20
8 21
8 22
8 24
8 25
8 29
8 33
8 34
8 36
8 37
8 39
8 40
8 43
8 47
8 49
8 50
8 52
8 56
8 57
8 63
8 64
8 65
8 66
8 67
8 68
8 69
8 71
8 72
8 73
8 75
8 77
8 78
8 79
8 81
8 82
8 84
8 87
8 91
8 92
8 93
8 95
8 96
8 97
8 98
9 10
9 11
9 12
9 13
9 15
9 17
9 19
9 20
9 22
9 23
9 26
9 27
9 28
9 31
9 32
9 34
9 37
9 42
9 47
9 48
9 49
9 51
9 52
9 53
9 54
9 55
9 56
9 59
9 60
9 62
9 67
9 68
9 69
9 70
9 72
9 73
9 74
9 75
9 76
9 78
9 80
9 81
9 84
9 86
9 88
9 90
9 91
9 95
9 96
9 97
9 99
10 13
10 14
10 15
10 16
10 18
10 19
10 22
10 23
10 24
10 26
10 27
10 29
10 31
10 32
10 35
10 36
10 37
10 38
10 40
10 41
10 42
10 43
10 44
10 45
10 46
10 48
10 49
10 51
10 52
10 53
10 57
10 58
10 59
10 60
10 61
10 62
10 63
10 64
10 66
10 67
10 68
10 71
10 73
10 74
10 76
10 78
10 82
10 83
10 85
10 86
10 87
10 89
10 90
10 91
10 93
10 94
10 95
11 13
11 14
11 16
11 19
11 20
11 21
11 23
11 28
11 29
11 30
11 32
11 34
11 38
11 39
11 40
11 46
11 48
11 50
11 52
11 54
11 56
11 58
11 63
11 65
11 67
11 69
11 70
11 71
11 72
11 74
11 75
11 76
11 81
11 82
11 85
11 86
11 87
11 88
11 92
11 93
11 94
11 95
11 96
11 99
12 13
12 21
12 23
12 24
12 25
12 29
12 30
12 32
12 35
12 36
12 41
12 42
12 43
12 44
12 45
12 46
12 50
12 51
12 53
12 54
12 57
12 62
12 63
12 68
12 69
12 71
12 73
12 75
12 79
12 82
12 86
12 91
12 93
12 97
12 98
13 14
13 15
13 17
13 22
13 25
13 33
13 35
13 39
13 42
13 44
13 45
13 46
13 48
13 49
13 51
13 56
13 59
13 60
13 61
13 63
13 66
13 68
13 73
13 74
13 75
13 78
13 81
13 83
13 84
13 85
13 86
13 87
13 88
13 90
13 91
13 92
13 93
13 94
13 97
13 98
13 99
14 22
14 23
14 25
14 28
14 30
14 33
14 34
14 35
14 36
14 39
14 42
14 43
14 47
14 48
14 49
14 50
14 52
14 53
14 55
14 57
14 59
14 60
14 61
14 62
14 66
14 68
14 69
14 72
14 73
14 75
14 77
14 80
14 82
14 83
14 86
14 87
14 90
14 92
14 95
15 17
15 19
15 24
15 26
15 28
15 29
15 32
15 33
15 36
15 38
15 39
15 42
15 43
15 44
15 45
15 48
15 49
15 50
15 52
15 55
15 57
15 60
15 61
15 64
15 66
15 67
15 68
15 69
15 70
15 72
15 73
15 74
15 77
15 79
15 80
15 81
15 82
15 83
15 85
15 87
15 88
15 89
15 91
15 93
15 94
15 96
15 97
15 98
15 99
16 17
16 20
16 21
16 27
16 28
16 30
16 33
16 34
16 35
16 39
16 43
16 44
16 45
16 47
16 49
16 50
16 52
16 54
16 56
16 58
16 60
16 61
16 63
16 64
16 65
16 67
16 73
16 74
16 75
16 80
16 81
16 82
16 83
16 85
16 88
16 96
16 97
16 98
17 19
17 25
17 27
17 29
17 33
17 34
17 37
17 38
17 39
17 40
17 42
17 44
17 46
17 47
17 48
17 49
17 51
17 52
17 53
17 54
17 55
17 57
17 61
17 62
17 64
17 65
17 67
17 69
17 74
17 78
17 79
17 81
17 85
17 86
17 89
17 90
17 95
17 96
17 97
18 19
18 20
18 21
18 22
18 24
18 25
18 27
18 30
18 32
18 34
18 36
18 38
18 41
18 42
18 43
18 45
18 47
18 48
18 49
18 51
18 54
18 57
18 58
18 59
18 64
18 66
18 68
18 71
18 72
18 75
18 79
18 81
18 84
18 86
18 87
18 88
18 89
18 95
18 96
18 97
18 98
19 21
19 22
19 23
19 24
19 26
19 28
19 30
19 31
19 32
19 34
19 35
19 39
19 43
19 48
19 52
19 53
19 56
19 59
19 61
19 64
19 65
19 71
19 72
19 74
19 77
19 78
19 80
19 81
19 82
19 84
19 86
19 87
19 88
19 89
19 92
19 96
19 97
19 98
20 21
20 22
20 23
20 24
20 29
20 32
20 34
20 36
20 37
20 38
20 43
20 45
20 47
20 54
20 55
20 56
20 57
20 59
20 65
20 66
20 67
20 68
20 69
20 70
20 72
20 74
20 79
20 82
20 84
20 85
20 86
20 87
20 89
20 90
20 91
20 93
20 94
20 98
20 99
21 22
21 23
21 29
21 30
21 31
21 32
21 33
21 34
21 37
21 38
21 39
21 40
21 41
21 43
21 45
21 47
21 48
21 51
21 55
21 57
21 58
21 61
21 62
21 63
21 64
21 65
21 67
21 68
21 69
21 70
21 71
21 74
21 75
21 77
21 78
21 79
21 80
21 83
21 85
21 87
21 90
21 91
21 92
21 95
21 96
21 97
22 23
22 24
22 25
22 26
22 28
22 31
22 33
22 34
22 35
22 36
22 37
22 39
22 40
22 42
22 43
22 45
22 46
22 50
22 51
22 52
22 53
22 54
22 55
22 57
22 58
22 59
22 61
22 65
22 66
22 68
22 73
22 74
22 76
22 78
22 79
22 82
22 85
22 91
22 92
22 93
22 94
22 95
23 24
23 26
23 27
23 28
23 30
23 31
23 32
23 33
23 34
23 36
23 37
23 38
23 41
23 42
23 43
23 45
23 47
23 52
23 53
23 54
23 56
23 58
23 59
23 61
23 63
23 68
23 69
23 73
23 74
23 75
23 77
23 78
23 80
23 83
23 84
23 85
23 86
23 87
23 88
23 92
23 93
23 95
23 96
23 97
23 98
23 99
24 25
24 26
24 28
24 29
24 32
24 36
24 38
24 41
24 44
24 48
24 50
24 51
24 52
24 53
24 57
24 58
24 59
24 63
24 64
24 67
24 69
24 72
24 73
24 74
24 75
24 77
24 78
24 82
24 85
24 87
24 88
24 90
24 92
24 93
24 94
24 98
24 99
25 26
25 28
25 31
25 33
25 35
25 36
25 38
25 40
25 41
25 43
25 45
25 47
25 49
25 52
25 55
25 57
25 59
25 60
25 61
25 62
25 63
25 69
25 71
25 73
25 78
25 80
25 81
25 82
25 83
25 84
25 86
25 88
25 90
25 91
25 93
25 94
25 95
25 99
26 27
26 30
26 32
26 34
26 37
26 38
26 39
26 43
26 45
26 50
26 51
26 53
26 58
26 60
26 64
26 65
26 66
26 67
26 68
26 71
26 74
26 75
26 76
26 77
26 78
26 81
26 83
26 87
26 89
26 93
26 95
26 97
26 98
26 99
27 29
27 30
27 31
27 33
27 36
27 37
27 39
27 40
27 42
27 43
27 44
27 46
27 47
27 50
27 53
27 56
27 58
27 61
27 62
27 65
27 66
27 67
27 68
27 70
27 71
27 72
27 74
27 75
27 76
27 81
27 82
27 84
27 88
27 90
27 91
27 92
27 93
27 96
28 33
28 38
28 39
28 40
28 42
28 44
28 46
28 47
28 48
28 51
28 52
28 53
28 58
28 59
28 60
28 62
28 65
28 67
28 70
28 73
28 74
28 75
28 78
28 80
28 84
28 85
28 88
28 89
28 91
28 92
28 93
28 94
28 96
28 97
28 98
28 99
29 30
29 32
29 36
29 37
29 38
29 41
29 44
29 47
29 51
29 53
29 54
29 56
29 57
29 58
29 61
29 62
29 64
29 65
29 68
29 69
29 72
29 74
29 75
29 77
29 80
29 84
29 85
29 86
29 87
29 88
29 91
29 92
29 93
29 94
29 96
29 97
29 98
29 99
30 32
30 33
30 34
30 35
30 44
30 47
30 48
30 49
30 50
30 51
30 52
30 54
30 55
30 58
30 60
30 62
30 65
30 66
30 67
30 68
30 69
30 71
30 72
30 77
30 78
30 80
30 81
30 82
30 84
30 85
30 86
30 89
30 98
30 99
31 34
31 37
31 39
31 41
31 42
31 43
31 45
31 46
31 49
31 52
31 55
31 56
31 59
31 60
31 62
31 64
31 67
31 68
31 69
31 71
31 73
31 74
31 75
31 76
31 78
31 80
31 81
31 82
31 83
31 84
31 86
31 93
31 97
31 98
32 37
32 39
32 40
32 42
32 43
32 44
32 45
32 47
32 48
32 49
32 50
32 51
32 53
32 55
32 58
32 59
32 60
32 62
32 63
32 65
32 66
32 71
32 72
32 75
32 77
32 78
32 79
32 80
32 81
32 82
32 83
32 84
32 85
32 87
32 93
32 95
32 96
32 97
32 99
33 34
33 35
33 36
33 39
33 46
33 50
33 51
33 52
33 56
33 57
33 58
33 59
33 60
33 61
33 62
33 63
33 64
33 67
33 69
33 71
33 72
33 73
33 76
33 77
33 78
33 80
33 81
33 83
33 84
33 87
33 88
33 94
33 95
34 35
34 37
34 38
34 41
34 42
34 43
34 44
34 45
34 46
34 50
34 51
34 53
34 54
34 56
34 60
34 62
34 64
34 65
34 67
34 68
34 71
34 72
34 73
34 77
34 78
34 84
34 85
34 88
34 89
34 90
34 91
34 95
34 96
34 97
34 99
35 36
35 37
35 40
35 42
35 46
35 47
35 50
35 55
35 56
35 57
35 58
35 60
35 61
35 62
35 66
35 67
35 69
35 70
35 71
35 75
35 78
35 80
35 81
35 87
35 88
35 93
35 98
35 99
36 37
36 38
36 39
36 41
36 43
36 44
36 47
36 48
36 50
36 51
36 53
36 54
36 56
36 57
36 59
36 61
36 62
36 63
36 66
36 69
36 70
36 71
36 73
36 74
36 78
36 80
36 85
36 86
36 87
36 88
36 91
36 92
36 93
36 94
36 96
36 99
37 38
37 42
37 43
37 44
37 47
37 49
37 51
37 53
37 56
37 59
37 60
37 65
37 67
37 69
37 70
37 73
37 74
37 76
37 78
37 85
37 86
37 92
37 95
37 96
38 39
38 40
38 43
38 44
38 46
38 47
38 48
38 49
38 51
38 53
38 55
38 56
38 58
38 63
38 68
38 70
38 71
38 72
38 74
38 76
38 79
38 80
38 82
38 83
38 88
38 89
38 91
38 92
38 94
39 43
39 44
39 48
39 53
39 57
39 58
39 60
39 61
39 62
39 63
39 65
39 66
39 67
39 73
39 74
39 78
39 84
39 86
39 89
39 93
39 94
39 95
39 96
39 97
39 98
39 99
40 41
40 43
40 44
40 46
40 48
40 51
40 52
40 56
40 57
40 58
40 59
40 60
40 61
40 62
40 64
40 66
40 69
40 71
40 77
40 79
40 80
40 82
40 83
40 85
40 87
40 88
40 90
40 94
40 98
41 44
41 45
41 46
41 47
41 52
41 53
41 56
41 57
41 58
41 61
41 63
41 66
41 68
41 69
41 74
41 75
41 78
41 79
41 83
41 85
41 86
41 87
41 90
41 93
41 96
41 97
41 99
42 44
42 45
42 48
42 51
42 52
42 53
42 55
42 59
42 60
42 62
42 64
42 67
42 71
42 72
42 73
42 74
42 75
42 78
42 79
42 80
42 82
42 85
42 87
42 88
42 93
42 95
43 46
43 47
43 48
43 50
43 51
43 52
43 61
43 62
43 65
43 66
43 68
43 72
43 74
43 76
43 78
43 82
43 84
43 85
43 89
43 94
43 95
43 97
44 46
44 47
44 48
44 49
44 51
44 54
44 55
44 56
44 59
44 63
44 64
44 65
44 66
44 67
44 71
44 72
44 74
44 75
44 76
44 77
44 78
44 83
44 84
44 91
44 92
44 94
44 95
44 96
45 46
45 48
45 52
45 53
45 55
45 62
45 63
45 68
45 72
45 73
45 74
45 75
45 76
45 77
45 78
45 79
45 84
45 88
45 89
45 90
45 93
45 94
45 95
45 96
45 97
45 99
46 47
46 53
46 55
46 56
46 57
46 59
46 61
46 62
46 63
46 64
46 66
46 70
46 71
46 74
46 76
46 79
46 82
46 84
46 85
46 89
46 91
46 92
46 94
46 95
46 96
46 97
46 98
47 53
47 56
47 58
47 59
47 60
47 61
47 63
47 70
47 73
47 74
47 75
47 76
47 77
47 78
47 82
47 83
47 86
47 87
47 93
47 94
47 95
47 96
47 98
47 99
48 49
48 52
48 55
48 59
48 60
48 61
48 64
48 65
48 66
48 68
48 76
48 79
48 81
48 82
48 84
48 85
48 88
48 89
48 91
48 92
48 93
48 94
48 95
48 97
49 51
49 52
49 55
49 56
49 57
49 59
49 62
49 68
49 69
49 70
49 71
49 73
49 77
49 78
49 80
49 83
49 85
49 86
49 87
49 90
49 91
49 94
49 95
50 52
50 55
50 61
50 62
50 66
50 67
50 69
50 72
50 77
50 82
50 85
50 86
50 87
50 88
50 91
50 93
50 94
50 95
50 96
50 98
51 52
51 57
51 58
51 60
51 61
51 62
51 64
51 70
51 71
51 73
51 74
51 79
51 80
51 83
51 84
51 86
51 87
51 88
51 89
51 90
51 91
51 92
51 93
51 94
51 96
51 99
52 53
52 54
52 56
52 58
52 59
52 60
52 64
52 67
52 68
52 73
52 75
52 78
52 79
52 80
52 81
52 85
52 86
52 87
52 93
52 96
52 98
53 55
53 56
53 57
53 59
53 61
53 62
53 63
53 64
53 66
53 68
53 69
53 70
53 71
53 73
53 75
53 79
53 80
53 82
53 85
53 87
53 88
53 90
53 92
53 96
53 98
53 99
54 57
54 58
54 60
54 62
54 63
54 65
54 66
54 68
54 72
54 74
54 75
54 76
54 77
54 78
54 79
54 80
54 81
54 84
54 86
54 87
54 90
54 94
54 97
54 99
55 57
55 60
55 61
55 62
55 63
55 64
55 65
55 68
55 69
55 75
55 77
55 78
55 80
55 82
55 83
55 84
55 85
55 87
55 92
55 93
55 94
55 96
55 97
56 58
56 59
56 62
56 63
56 65
56 67
56 69
56 71
56 73
56 75
56 76
56 78
56 79
56 81
56 82
56 85
56 88
56 90
56 93
56 96
56 99
57 59
57 60
57 61
57 62
57 66
57 67
57 69
57 71
57 72
57 77
57 79
57 82
57 84
57 85
57 87
57 88
57 90
57 92
57 95
57 97
57 98
57 99
58 59
58 64
58 65
58 68
58 74
58 75
58 77
58 78
58 80
58 82
58 84
58 85
58 86
58 88
58 91
58 92
58 96
58 97
58 99
59 61
59 63
59 65
59 67
59 68
59 69
59 70
59 71
59 72
59 73
59 74
59 75
59 77
59 79
59 81
59 82
59 83
59 85
59 86
59 88
59 90
59 91
59 92
59 94
59 95
59 96
59 97
59 99
60 62
60 67
60 69
60 70
60 71
60 73
60 74
60 75
60 78
60 79
60 80
60 81
60 82
60 84
60 86
60 87
60 88
60 90
60 91
60 92
60 95
60 96
60 99
61 62
61 63
61 64
61 65
61 66
61 67
61 68
61 69
61 70
61 71
61 72
61 74
61 77
61 78
61 79
61 80
61 83
61 84
61 86
61 87
61 88
61 90
61 93
61 94
61 98
62 63
62 65
62 67
62 68
62 69
62 70
62 71
62 72
62 73
62 74
62 76
62 77
62 78
62 79
62 80
62 81
62 82
62 85
62 86
62 87
62 88
62 89
62 93
62 94
62 96
62 98
62 99
63 64
63 65
63 68
63 69
63 73
63 74
63 75
63 76
63 77
63 80
63 84
63 88
63 91
63 93
63 94
63 95
63 96
63 97
63 98
64 66
64 67
64 68
64 69
64 71
64 73
64 74
64 76
64 77
64 78
64 80
64 84
64 87
64 89
64 90
64 91
64 92
64 93
64 96
65 70
65 72
65 73
65 77
65 78
65 79
65 80
65 82
65 84
65 85
65 86
65 87
65 88
65 90
65 92
65 95
65 96
65 97
65 98
66 68
66 70
66 72
66 75
66 77
66 85
66 87
66 88
66 90
66 92
66 95
66 99
67 69
67 70
67 72
67 73
67 75
67 78
67 81
67 85
67 86
67 87
67 89
67 91
67 92
67 93
67 96
67 97
68 73
68 74
68 75
68 76
68 77
68 80
68 83
68 84
68 85
68 89
68 90
68 92
68 95
68 96
68 97
69 70
69 74
69 75
69 81
69 82
69 84
69 85
69 89
69 90
69 91
69 92
69 94
69 98
69 99
70 72
70 73
70 74
70 76
70 78
70 80
70 81
70 82
70 85
70 90
70 94
71 74
71 75
71 79
71 81
71 83
71 85
71 89
71 90
71 92
71 95
71 96
71 98
72 73
72 75
72 76
72 78
72 79
72 81
72 82
72 84
72 88
72 89
72 93
72 94
72 97
72 99
73 79
73 81
73 83
73 87
73 91
73 96
73 97
73 98
73 99
74 75
74 76
74 77
74 78
74 80
74 83
74 86
74 88
74 91
74 92
74 94
74 97
75 76
75 81
75 82
75 83
75 87
75 91
75 92
75 93
75 96
75 98
76 78
76 82
76 83
76 85
76 87
76 93
76 95
76 96
76 99
77 78
77 79
77 82
77 83
77 84
77 87
77 88
77 90
77 91
77 92
77 97
77 99
78 84
78 85
78 88
78 93
78 94
78 95
78 99
79 90
79 91
79 95
80 81
80 82
80 83
80 87
80 88
80 91
80 93
80 94
80 95
80 96
80 98
81 87
81 90
81 92
81 93
81 97
81 99
82 84
82 86
82 89
82 90
82 92
82 95
82 98
82 99
83 85
83 86
83 88
83 89
83 91
83 96
83 98
83 99
84 86
84 87
84 90
84 92
84 93
84 96
84 98
85 87
85 90
85 92
85 93
85 94
85 95
85 99
86 87
86 89
86 95
86 96
87 90
87 91
87 92
87 94
87 95
87 98
87 99
88 89
88 93
88 94
88 95
88 98
88 99
89 90
89 91
89 93
89 94
89 95
89 98
89 99
91 95
91 96
92 93
92 96
92 99
93 96
93 98
94 95
94 98
94 99
95 96
95 98
95 99
96 97
96 99
97 98
97 99
98 99
