0 4
0 11
0 18
0 19
0 24
0 30
0 39
0 40
0 49
1 4
1 10
1 18
1 19
1 22
1 23
1 27
1 34
1 41
1 49
2 20
2 22
2 23
2 36
3 6
3 8
3 12
3 21
3 25
3 39
4 13
4 14
4 15
4 17
4 21
4 30
4 34
4 37
4 38
4 41
4 49
5 7
5 10
5 13
5 15
5 19
5 23
5 25
5 27
5 31
5 32
5 39
5 43
5 44
5 46
5 47
6 14
6 15
6 18
6 29
6 38
6 39
6 41
6 44
6 48
6 49
7 16
7 19
7 25
7 27
7 29
7 36
7 45
7 49
8 14
8 15
8 16
8 19
8 23
8 33
8 38
8 40
8 46
8 48
9 23
9 25
9 27
9 31
9 33
9 40
9 46
9 47
10 15
10 18
10 19
10 21
10 25
10 29
10 30
10 31
10 45
11 14
11 17
11 18
11 20
11 30
11 31
11 42
11 43
11 48
12 15
12 25
12 27
12 29
12 46
13 14
13 17
13 19
13 21
13 23
13 48
14 15
14 20
14 27
14 28
14 33
14 34
14 41
14 46
14 49
15 18
15 26
15 28
15 31
15 33
15 34
15 41
15 42
16 19
16 20
16 26
16 28
16 32
16 39
16 40
16 41
16 42
16 45
17 18
17 26
17 33
17 42
17 44
17 47
18 27
18 30
18 34
18 43
19 21
19 27
19 30
19 32
19 36
20 23
20 24
20 26
20 40
20 44
20 45
21 27
21 32
21 33
21 48
22 26
22 30
22 34
22 37
23 26
23 31
23 36
23 38
23 40
23 41
23 45
24 26
24 32
24 39
24 45
24 48
25 27
25 31
25 34
25 38
25 41
25 42
25 43
26 34
26 35
26 37
26 41
26 44
26 45
27 29
27 32
27 37
27 42
27 44
28 31
28 35
28 37
28 38
28 43
28 45
29 32
29 36
29 42
29 46
29 48
30 31
30 33
30 38
30 41
30 44
30 45
30 46
31 45
31 47
32 43
32 44
33 36
33 38
34 49
35 42
35 44
35 45
35 47
35 49
36 37
36 38
36 41
37 49
38 40
38 45
38 49
39 40
39 43
39 48
40 46
41 45
41 49
42 46
42 49
43 46
43 48
44 47
44 48
46 47
