0 0
0 1
0 2
0 44
1 1
1 3
1 45
2 2
2 3
2 4
2 46
3 3
3 5
3 47
4 4
4 5
4 6
4 48
5 5
5 7
5 49
6 6
6 7
6 8
6 50
7 7
7 9
7 51
8 8
8 9
8 10
8 52
9 9
9 11
9 53
10 10
10 11
10 12
10 54
11 11
11 13
11 55
12 12
12 13
12 14
12 56
13 13
13 15
13 57
14 14
14 15
14 16
14 58
15 15
15 17
15 59
16 16
16 17
16 18
16 60
17 17
17 19
17 61
18 18
18 19
18 20
18 62
19 19
19 21
19 63
20 20
20 21
20 22
20 64
21 21
21 23
21 65
22 22
22 23
22 24
22 66
23 23
23 25
23 67
24 24
24 25
24 26
24 68
25 25
25 27
25 69
26 26
26 27
26 28
26 70
27 27
27 29
27 71
28 28
28 29
28 30
28 72
29 29
29 31
29 73
30 30
30 31
30 32
30 74
31 31
31 33
31 75
32 32
32 33
32 34
32 76
33 33
33 35
33 77
34 34
34 35
34 36
34 78
35 35
35 37
35 79
36 36
36 37
36 38
36 80
37 37
37 39
37 81
38 38
38 39
38 40
38 82
39 39
39 41
39 83
40 40
40 41
40 42
40 84
41 41
41 43
41 85
42 42
42 43
42 86
43 43
43 87
44 44
44 45
44 46
44 88
45 45
45 47
45 89
46 46
46 47
46 48
46 90
47 47
47 49
47 91
48 48
48 49
48 50
48 92
49 49
49 51
49 93
50 50
50 51
50 52
50 94
51 51
51 53
51 95
52 52
52 53
52 54
52 96
53 53
53 55
53 97
54 54
54 55
54 56
54 98
55 55
55 57
55 99
56 56
56 57
56 58
56 100
57 57
57 59
57 101
58 58
58 59
58 60
58 102
59 59
59 61
59 103
60 60
60 61
60 62
60 104
61 61
61 63
61 105
62 62
62 63
62 64
62 106
63 63
63 65
63 107
64 64
64 65
64 66
64 108
65 65
65 67
65 109
66 66
66 67
66 68
66 110
67 67
67 69
67 111
68 68
68 69
68 70
68 112
69 69
69 71
69 113
70 70
70 71
70 72
70 114
71 71
71 73
71 115
72 72
72 73
72 74
72 116
73 73
73 75
73 117
74 74
74 75
74 76
74 118
75 75
75 77
75 119
76 76
76 77
76 78
76 120
77 77
77 79
77 121
78 78
78 79
78 80
78 122
79 79
79 81
79 123
80 80
80 81
80 82
80 124
81 81
81 83
81 125
82 82
82 83
82 84
82 126
83 83
83 85
83 127
84 84
84 85
84 86
84 128
85 85
85 87
85 129
86 86
86 87
86 130
87 87
87 131
88 88
88 89
88 90
88 132
89 89
89 91
89 133
90 90
90 91
90 92
90 134
91 91
91 93
91 135
92 92
92 93
92 94
92 136
93 93
93 95
93 137
94 94
94 95
94 96
94 138
95 95
95 97
95 139
96 96
96 97
96 98
96 140
97 97
97 99
97 141
98 98
98 99
98 100
98 142
99 99
99 101
99 143
100 100
100 101
100 102
100 144
101 101
101 103
101 145
102 102
102 103
102 104
102 146
103 103
103 105
103 147
104 104
104 105
104 106
104 148
105 105
105 107
105 149
106 106
106 107
106 108
106 150
107 107
107 109
107 151
108 108
108 109
108 110
108 152
109 109
109 111
109 153
110 110
110 111
110 112
110 154
111 111
111 113
111 155
112 112
112 113
112 114
112 156
113 113
113 115
113 157
114 114
114 115
114 116
114 158
115 115
115 117
115 159
116 116
116 117
116 118
116 160
117 117
117 119
117 161
118 118
118 119
118 120
118 162
119 119
119 121
119 163
120 120
120 121
120 122
120 164
121 121
121 123
121 165
122 122
122 123
122 124
122 166
123 123
123 125
123 167
124 124
124 125
124 126
124 168
125 125
125 127
125 169
126 126
126 127
126 128
126 170
127 127
127 129
127 171
128 128
128 129
128 130
128 172
129 129
129 131
129 173
130 130
130 131
130 174
131 131
131 175
132 132
132 133
132 134
132 176
133 133
133 135
133 177
134 134
134 135
134 136
134 178
135 135
135 137
135 179
136 136
136 137
136 138
136 180
137 137
137 139
137 181
138 138
138 139
138 140
138 182
139 139
139 141
139 183
140 140
140 141
140 142
140 184
141 141
141 143
141 185
142 142
142 143
142 144
142 186
143 143
143 145
143 187
144 144
144 145
144 146
144 188
145 145
145 147
145 189
146 146
146 147
146 148
146 190
147 147
147 149
147 191
148 148
148 149
148 150
148 192
149 149
149 151
149 193
150 150
150 151
150 152
150 194
151 151
151 153
151 195
152 152
152 153
152 154
152 196
153 153
153 155
153 197
154 154
154 155
154 156
154 198
155 155
155 157
155 199
156 156
156 157
156 158
156 200
157 157
157 159
157 201
158 158
158 159
158 160
158 202
159 159
159 161
159 203
160 160
160 161
160 162
160 204
161 161
161 163
161 205
162 162
162 163
162 164
162 206
163 163
163 165
163 207
164 164
164 165
164 166
164 208
165 165
165 167
165 209
166 166
166 167
166 168
166 210
167 167
167 169
167 211
168 168
168 169
168 170
168 212
169 169
169 171
169 213
170 170
170 171
170 172
170 214
171 171
171 173
171 215
172 172
172 173
172 174
172 216
173 173
173 175
173 217
174 174
174 175
174 218
175 175
175 219
176 176
176 177
176 178
176 220
177 177
177 179
177 221
178 178
178 179
178 180
178 222
179 179
179 181
179 223
180 180
180 181
180 182
180 224
181 181
181 183
181 225
182 182
182 183
182 184
182 226
183 183
183 185
183 227
184 184
184 185
184 186
184 228
185 185
185 187
185 229
186 186
186 187
186 188
186 230
187 187
187 189
187 231
188 188
188 189
188 190
188 232
189 189
189 191
189 233
190 190
190 191
190 192
190 234
191 191
191 193
191 235
192 192
192 193
192 194
192 236
193 193
193 195
193 237
194 194
194 195
194 196
194 238
195 195
195 197
195 239
196 196
196 197
196 198
196 240
197 197
197 199
197 241
198 198
198 199
198 200
198 242
199 199
199 201
199 243
200 200
200 201
200 202
200 244
201 201
201 203
201 245
202 202
202 203
202 204
202 246
203 203
203 205
203 247
204 204
204 205
204 206
204 248
205 205
205 207
205 249
206 206
206 207
206 208
206 250
207 207
207 209
207 251
208 208
208 209
208 210
208 252
209 209
209 211
209 253
210 210
210 211
210 212
210 254
211 211
211 213
211 255
212 212
212 213
212 214
212 256
213 213
213 215
213 257
214 214
214 215
214 216
214 258
215 215
215 217
215 259
216 216
216 217
216 218
216 260
217 217
217 219
217 261
218 218
218 219
218 262
219 219
219 263
220 220
220 221
220 222
220 264
221 221
221 223
221 265
222 222
222 223
222 224
222 266
223 223
223 225
223 267
224 224
224 225
224 226
224 268
225 225
225 227
225 269
226 226
226 227
226 228
226 270
227 227
227 229
227 271
228 228
228 229
228 230
228 272
229 229
229 231
229 273
230 230
230 231
230 232
230 274
231 231
231 233
231 275
232 232
232 233
232 234
232 276
233 233
233 235
233 277
234 234
234 235
234 236
234 278
235 235
235 237
235 279
236 236
236 237
236 238
236 280
237 237
237 239
237 281
238 238
238 239
238 240
238 282
239 239
239 241
239 283
240 240
240 241
240 242
240 284
241 241
241 243
241 285
242 242
242 243
242 244
242 286
243 243
243 245
243 287
244 244
244 245
244 246
244 288
245 245
245 247
245 289
246 246
246 247
246 248
246 290
247 247
247 249
247 291
248 248
248 249
248 250
248 292
249 249
249 251
249 293
250 250
250 251
250 252
250 294
251 251
251 253
251 295
252 252
252 253
252 254
252 296
253 253
253 255
253 297
254 254
254 255
254 256
254 298
255 255
255 257
255 299
256 256
256 257
256 258
256 300
257 257
257 259
257 301
258 258
258 259
258 260
258 302
259 259
259 261
259 303
260 260
260 261
260 262
260 304
261 261
261 263
261 305
262 262
262 263
262 306
263 263
263 307
264 264
264 265
264 266
264 308
265 265
265 267
265 309
266 266
266 267
266 268
266 310
267 267
267 269
267 311
268 268
268 269
268 270
268 312
269 269
269 271
269 313
270 270
270 271
270 272
270 314
271 271
271 273
271 315
272 272
272 273
272 274
272 316
273 273
273 275
273 317
274 274
274 275
274 276
274 318
275 275
275 277
275 319
276 276
276 277
276 278
276 320
277 277
277 279
277 321
278 278
278 279
278 280
278 322
279 279
279 281
279 323
280 280
280 281
280 282
280 324
281 281
281 283
281 325
282 282
282 283
282 284
282 326
283 283
283 285
283 327
284 284
284 285
284 286
284 328
285 285
285 287
285 329
286 286
286 287
286 288
286 330
287 287
287 289
287 331
288 288
288 289
288 290
288 332
289 289
289 291
289 333
290 290
290 291
290 292
290 334
291 291
291 293
291 335
292 292
292 293
292 294
292 336
293 293
293 295
293 337
294 294
294 295
294 296
294 338
295 295
295 297
295 339
296 296
296 297
296 298
296 340
297 297
297 299
297 341
298 298
298 299
298 300
298 342
299 299
299 301
299 343
300 300
300 301
300 302
300 344
301 301
301 303
301 345
302 302
302 303
302 304
302 346
303 303
303 305
303 347
304 304
304 305
304 306
304 348
305 305
305 307
305 349
306 306
306 307
306 350
307 307
307 351
308 308
308 309
308 310
308 352
309 309
309 311
309 353
310 310
310 311
310 312
310 354
311 311
311 313
311 355
312 312
312 313
312 314
312 356
313 313
313 315
313 357
314 314
314 315
314 316
314 358
315 315
315 317
315 359
316 316
316 317
316 318
316 360
317 317
317 319
317 361
318 318
318 319
318 320
318 362
319 319
319 321
319 363
320 320
320 321
320 322
320 364
321 321
321 323
321 365
322 322
322 323
322 324
322 366
323 323
323 325
323 367
324 324
324 325
324 326
324 368
325 325
325 327
325 369
326 326
326 327
326 328
326 370
327 327
327 329
327 371
328 328
328 329
328 330
328 372
329 329
329 331
329 373
330 330
330 331
330 332
330 374
331 331
331 333
331 375
332 332
332 333
332 334
332 376
333 333
333 335
333 377
334 334
334 335
334 336
334 378
335 335
335 337
335 379
336 336
336 337
336 338
336 380
337 337
337 339
337 381
338 338
338 339
338 340
338 382
339 339
339 341
339 383
340 340
340 341
340 342
340 384
341 341
341 343
341 385
342 342
342 343
342 344
342 386
343 343
343 345
343 387
344 344
344 345
344 346
344 388
345 345
345 347
345 389
346 346
346 347
346 348
346 390
347 347
347 349
347 391
348 348
348 349
348 350
348 392
349 349
349 351
349 393
350 350
350 351
350 394
351 351
351 395
352 352
352 353
352 354
352 396
353 353
353 355
353 397
354 354
354 355
354 356
354 398
355 355
355 357
355 399
356 356
356 357
356 358
356 400
357 357
357 359
357 401
358 358
358 359
358 360
358 402
359 359
359 361
359 403
360 360
360 361
360 362
360 404
361 361
361 363
361 405
362 362
362 363
362 364
362 406
363 363
363 365
363 407
364 364
364 365
364 366
364 408
365 365
365 367
365 409
366 366
366 367
366 368
366 410
367 367
367 369
367 411
368 368
368 369
368 370
368 412
369 369
369 371
369 413
370 370
370 371
370 372
370 414
371 371
371 373
371 415
372 372
372 373
372 374
372 416
373 373
373 375
373 417
374 374
374 375
374 376
374 418
375 375
375 377
375 419
376 376
376 377
376 378
376 420
377 377
377 379
377 421
378 378
378 379
378 380
378 422
379 379
379 381
379 423
380 380
380 381
380 382
380 424
381 381
381 383
381 425
382 382
382 383
382 384
382 426
383 383
383 385
383 427
384 384
384 385
384 386
384 428
385 385
385 387
385 429
386 386
386 387
386 388
386 430
387 387
387 389
387 431
388 388
388 389
388 390
388 432
389 389
389 391
389 433
390 390
390 391
390 392
390 434
391 391
391 393
391 435
392 392
392 393
392 394
392 436
393 393
393 395
393 437
394 394
394 395
394 438
395 395
395 439
396 396
396 397
396 398
396 440
397 397
397 399
397 441
398 398
398 399
398 400
398 442
399 399
399 401
399 443
400 400
400 401
400 402
400 444
401 401
401 403
401 445
402 402
402 403
402 404
402 446
403 403
403 405
403 447
404 404
404 405
404 406
404 448
405 405
405 407
405 449
406 406
406 407
406 408
406 450
407 407
407 409
407 451
408 408
408 409
408 410
408 452
409 409
409 411
409 453
410 410
410 411
410 412
410 454
411 411
411 413
411 455
412 412
412 413
412 414
412 456
413 413
413 415
413 457
414 414
414 415
414 416
414 458
415 415
415 417
415 459
416 416
416 417
416 418
416 460
417 417
417 419
417 461
418 418
418 419
418 420
418 462
419 419
419 421
419 463
420 420
420 421
420 422
420 464
421 421
421 423
421 465
422 422
422 423
422 424
422 466
423 423
423 425
423 467
424 424
424 425
424 426
424 468
425 425
425 427
425 469
426 426
426 427
426 428
426 470
427 427
427 429
427 471
428 428
428 429
428 430
428 472
429 429
429 431
429 473
430 430
430 431
430 432
430 474
431 431
431 433
431 475
432 432
432 433
432 434
432 476
433 433
433 435
433 477
434 434
434 435
434 436
434 478
435 435
435 437
435 479
436 436
436 437
436 438
436 480
437 437
437 439
437 481
438 438
438 439
438 482
439 439
439 483
440 440
440 441
440 442
440 484
441 441
441 443
441 485
442 442
442 443
442 444
442 486
443 443
443 445
443 487
444 444
444 445
444 446
444 488
445 445
445 447
445 489
446 446
446 447
446 448
446 490
447 447
447 449
447 491
448 448
448 449
448 450
448 492
449 449
449 451
449 493
450 450
450 451
450 452
450 494
451 451
451 453
451 495
452 452
452 453
452 454
452 496
453 453
453 455
453 497
454 454
454 455
454 456
454 498
455 455
455 457
455 499
456 456
456 457
456 458
456 500
457 457
457 459
457 501
458 458
458 459
458 460
458 502
459 459
459 461
459 503
460 460
460 461
460 462
460 504
461 461
461 463
461 505
462 462
462 463
462 464
462 506
463 463
463 465
463 507
464 464
464 465
464 466
464 508
465 465
465 467
465 509
466 466
466 467
466 468
466 510
467 467
467 469
467 511
468 468
468 469
468 470
468 512
469 469
469 471
469 513
470 470
470 471
470 472
470 514
471 471
471 473
471 515
472 472
472 473
472 474
472 516
473 473
473 475
473 517
474 474
474 475
474 476
474 518
475 475
475 477
475 519
476 476
476 477
476 478
476 520
477 477
477 479
477 521
478 478
478 479
478 480
478 522
479 479
479 481
479 523
480 480
480 481
480 482
480 524
481 481
481 483
481 525
482 482
482 483
482 526
483 483
483 527
484 484
484 485
484 486
484 528
485 485
485 487
485 529
486 486
486 487
486 488
486 530
487 487
487 489
487 531
488 488
488 489
488 490
488 532
489 489
489 491
489 533
490 490
490 491
490 492
490 534
491 491
491 493
491 535
492 492
492 493
492 494
492 536
493 493
493 495
493 537
494 494
494 495
494 496
494 538
495 495
495 497
495 539
496 496
496 497
496 498
496 540
497 497
497 499
497 541
498 498
498 499
498 500
498 542
499 499
499 501
499 543
500 500
500 501
500 502
500 544
501 501
501 503
501 545
502 502
502 503
502 504
502 546
503 503
503 505
503 547
504 504
504 505
504 506
504 548
505 505
505 507
505 549
506 506
506 507
506 508
506 550
507 507
507 509
507 551
508 508
508 509
508 510
508 552
509 509
509 511
509 553
510 510
510 511
510 512
510 554
511 511
511 513
511 555
512 512
512 513
512 514
512 556
513 513
513 515
513 557
514 514
514 515
514 516
514 558
515 515
515 517
515 559
516 516
516 517
516 518
516 560
517 517
517 519
517 561
518 518
518 519
518 520
518 562
519 519
519 521
519 563
520 520
520 521
520 522
520 564
521 521
521 523
521 565
522 522
522 523
522 524
522 566
523 523
523 525
523 567
524 524
524 525
524 526
524 568
525 525
525 527
525 569
526 526
526 527
526 570
527 527
527 571
528 528
528 529
528 530
528 572
529 529
529 531
529 573
530 530
530 531
530 532
530 574
531 531
531 533
531 575
532 532
532 533
532 534
532 576
533 533
533 535
533 577
534 534
534 535
534 536
534 578
535 535
535 537
535 579
536 536
536 537
536 538
536 580
537 537
537 539
537 581
538 538
538 539
538 540
538 582
539 539
539 541
539 583
540 540
540 541
540 542
540 584
541 541
541 543
541 585
542 542
542 543
542 544
542 586
543 543
543 545
543 587
544 544
544 545
544 546
544 588
545 545
545 547
545 589
546 546
546 547
546 548
546 590
547 547
547 549
547 591
548 548
548 549
548 550
548 592
549 549
549 551
549 593
550 550
550 551
550 552
550 594
551 551
551 553
551 595
552 552
552 553
552 554
552 596
553 553
553 555
553 597
554 554
554 555
554 556
554 598
555 555
555 557
555 599
556 556
556 557
556 558
556 600
557 557
557 559
557 601
558 558
558 559
558 560
558 602
559 559
559 561
559 603
560 560
560 561
560 562
560 604
561 561
561 563
561 605
562 562
562 563
562 564
562 606
563 563
563 565
563 607
564 564
564 565
564 566
564 608
565 565
565 567
565 609
566 566
566 567
566 568
566 610
567 567
567 569
567 611
568 568
568 569
568 570
568 612
569 569
569 571
569 613
570 570
570 571
570 614
571 571
571 615
572 572
572 573
572 574
572 616
573 573
573 575
573 617
574 574
574 575
574 576
574 618
575 575
575 577
575 619
576 576
576 577
576 578
576 620
577 577
577 579
577 621
578 578
578 579
578 580
578 622
579 579
579 581
579 623
580 580
580 581
580 582
580 624
581 581
581 583
581 625
582 582
582 583
582 584
582 626
583 583
583 585
583 627
584 584
584 585
584 586
584 628
585 585
585 587
585 629
586 586
586 587
586 588
586 630
587 587
587 589
587 631
588 588
588 589
588 590
588 632
589 589
589 591
589 633
590 590
590 591
590 592
590 634
591 591
591 593
591 635
592 592
592 593
592 594
592 636
593 593
593 595
593 637
594 594
594 595
594 596
594 638
595 595
595 597
595 639
596 596
596 597
596 598
596 640
597 597
597 599
597 641
598 598
598 599
598 600
598 642
599 599
599 601
599 643
600 600
600 601
600 602
600 644
601 601
601 603
601 645
602 602
602 603
602 604
602 646
603 603
603 605
603 647
604 604
604 605
604 606
604 648
605 605
605 607
605 649
606 606
606 607
606 608
606 650
607 607
607 609
607 651
608 608
608 609
608 610
608 652
609 609
609 611
609 653
610 610
610 611
610 612
610 654
611 611
611 613
611 655
612 612
612 613
612 614
612 656
613 613
613 615
613 657
614 614
614 615
614 658
615 615
615 659
616 616
616 617
616 618
616 660
617 617
617 619
617 661
618 618
618 619
618 620
618 662
619 619
619 621
619 663
620 620
620 621
620 622
620 664
621 621
621 623
621 665
622 622
622 623
622 624
622 666
623 623
623 625
623 667
624 624
624 625
624 626
624 668
625 625
625 627
625 669
626 626
626 627
626 628
626 670
627 627
627 629
627 671
628 628
628 629
628 630
628 672
629 629
629 631
629 673
630 630
630 631
630 632
630 674
631 631
631 633
631 675
632 632
632 633
632 634
632 676
633 633
633 635
633 677
634 634
634 635
634 636
634 678
635 635
635 637
635 679
636 636
636 637
636 638
636 680
637 637
637 639
637 681
638 638
638 639
638 640
638 682
639 639
639 641
639 683
640 640
640 641
640 642
640 684
641 641
641 643
641 685
642 642
642 643
642 644
642 686
643 643
643 645
643 687
644 644
644 645
644 646
644 688
645 645
645 647
645 689
646 646
646 647
646 648
646 690
647 647
647 649
647 691
648 648
648 649
648 650
648 692
649 649
649 651
649 693
650 650
650 651
650 652
650 694
651 651
651 653
651 695
652 652
652 653
652 654
652 696
653 653
653 655
653 697
654 654
654 655
654 656
654 698
655 655
655 657
655 699
656 656
656 657
656 658
656 700
657 657
657 659
657 701
658 658
658 659
658 702
659 659
659 703
660 660
660 661
660 662
660 704
661 661
661 663
661 705
662 662
662 663
662 664
662 706
663 663
663 665
663 707
664 664
664 665
664 666
664 708
665 665
665 667
665 709
666 666
666 667
666 668
666 710
667 667
667 669
667 711
668 668
668 669
668 670
668 712
669 669
669 671
669 713
670 670
670 671
670 672
670 714
671 671
671 673
671 715
672 672
672 673
672 674
672 716
673 673
673 675
673 717
674 674
674 675
674 676
674 718
675 675
675 677
675 719
676 676
676 677
676 678
676 720
677 677
677 679
677 721
678 678
678 679
678 680
678 722
679 679
679 681
679 723
680 680
680 681
680 682
680 724
681 681
681 683
681 725
682 682
682 683
682 684
682 726
683 683
683 685
683 727
684 684
684 685
684 686
684 728
685 685
685 687
685 729
686 686
686 687
686 688
686 730
687 687
687 689
687 731
688 688
688 689
688 690
688 732
689 689
689 691
689 733
690 690
690 691
690 692
690 734
691 691
691 693
691 735
692 692
692 693
692 694
692 736
693 693
693 695
693 737
694 694
694 695
694 696
694 738
695 695
695 697
695 739
696 696
696 697
696 698
696 740
697 697
697 699
697 741
698 698
698 699
698 700
698 742
699 699
699 701
699 743
700 700
700 701
700 702
700 744
701 701
701 703
701 745
702 702
702 703
702 746
703 703
703 747
704 704
704 705
704 706
704 748
705 705
705 707
705 749
706 706
706 707
706 708
706 750
707 707
707 709
707 751
708 708
708 709
708 710
708 752
709 709
709 711
709 753
710 710
710 711
710 712
710 754
711 711
711 713
711 755
712 712
712 713
712 714
712 756
713 713
713 715
713 757
714 714
714 715
714 716
714 758
715 715
715 717
715 759
716 716
716 717
716 718
716 760
717 717
717 719
717 761
718 718
718 719
718 720
718 762
719 719
719 721
719 763
720 720
720 721
720 722
720 764
721 721
721 723
721 765
722 722
722 723
722 724
722 766
723 723
723 725
723 767
724 724
724 725
724 726
724 768
725 725
725 727
725 769
726 726
726 727
726 728
726 770
727 727
727 729
727 771
728 728
728 729
728 730
728 772
729 729
729 731
729 773
730 730
730 731
730 732
730 774
731 731
731 733
731 775
732 732
732 733
732 734
732 776
733 733
733 735
733 777
734 734
734 735
734 736
734 778
735 735
735 737
735 779
736 736
736 737
736 738
736 780
737 737
737 739
737 781
738 738
738 739
738 740
738 782
739 739
739 741
739 783
740 740
740 741
740 742
740 784
741 741
741 743
741 785
742 742
742 743
742 744
742 786
743 743
743 745
743 787
744 744
744 745
744 746
744 788
745 745
745 747
745 789
746 746
746 747
746 790
747 747
747 791
748 748
748 749
748 750
748 792
749 749
749 751
749 793
750 750
750 751
750 752
750 794
751 751
751 753
751 795
752 752
752 753
752 754
752 796
753 753
753 755
753 797
754 754
754 755
754 756
754 798
755 755
755 757
755 799
756 756
756 757
756 758
756 800
757 757
757 759
757 801
758 758
758 759
758 760
758 802
759 759
759 761
759 803
760 760
760 761
760 762
760 804
761 761
761 763
761 805
762 762
762 763
762 764
762 806
763 763
763 765
763 807
764 764
764 765
764 766
764 808
765 765
765 767
765 809
766 766
766 767
766 768
766 810
767 767
767 769
767 811
768 768
768 769
768 770
768 812
769 769
769 771
769 813
770 770
770 771
770 772
770 814
771 771
771 773
771 815
772 772
772 773
772 774
772 816
773 773
773 775
773 817
774 774
774 775
774 776
774 818
775 775
775 777
775 819
776 776
776 777
776 778
776 820
777 777
777 779
777 821
778 778
778 779
778 780
778 822
779 779
779 781
779 823
780 780
780 781
780 782
780 824
781 781
781 783
781 825
782 782
782 783
782 784
782 826
783 783
783 785
783 827
784 784
784 785
784 786
784 828
785 785
785 787
785 829
786 786
786 787
786 788
786 830
787 787
787 789
787 831
788 788
788 789
788 790
788 832
789 789
789 791
789 833
790 790
790 791
790 834
791 791
791 835
792 792
792 793
792 794
792 836
793 793
793 795
793 837
794 794
794 795
794 796
794 838
795 795
795 797
795 839
796 796
796 797
796 798
796 840
797 797
797 799
797 841
798 798
798 799
798 800
798 842
799 799
799 801
799 843
800 800
800 801
800 802
800 844
801 801
801 803
801 845
802 802
802 803
802 804
802 846
803 803
803 805
803 847
804 804
804 805
804 806
804 848
805 805
805 807
805 849
806 806
806 807
806 808
806 850
807 807
807 809
807 851
808 808
808 809
808 810
808 852
809 809
809 811
809 853
810 810
810 811
810 812
810 854
811 811
811 813
811 855
812 812
812 813
812 814
812 856
813 813
813 815
813 857
814 814
814 815
814 816
814 858
815 815
815 817
815 859
816 816
816 817
816 818
816 860
817 817
817 819
817 861
818 818
818 819
818 820
818 862
819 819
819 821
819 863
820 820
820 821
820 822
820 864
821 821
821 823
821 865
822 822
822 823
822 824
822 866
823 823
823 825
823 867
824 824
824 825
824 826
824 868
825 825
825 827
825 869
826 826
826 827
826 828
826 870
827 827
827 829
827 871
828 828
828 829
828 830
828 872
829 829
829 831
829 873
830 830
830 831
830 832
830 874
831 831
831 833
831 875
832 832
832 833
832 834
832 876
833 833
833 835
833 877
834 834
834 835
834 878
835 835
835 879
836 836
836 837
836 838
836 880
837 837
837 839
837 881
838 838
838 839
838 840
838 882
839 839
839 841
839 883
840 840
840 841
840 842
840 884
841 841
841 843
841 885
842 842
842 843
842 844
842 886
843 843
843 845
843 887
844 844
844 845
844 846
844 888
845 845
845 847
845 889
846 846
846 847
846 848
846 890
847 847
847 849
847 891
848 848
848 849
848 850
848 892
849 849
849 851
849 893
850 850
850 851
850 852
850 894
851 851
851 853
851 895
852 852
852 853
852 854
852 896
853 853
853 855
853 897
854 854
854 855
854 856
854 898
855 855
855 857
855 899
856 856
856 857
856 858
856 900
857 857
857 859
857 901
858 858
858 859
858 860
858 902
859 859
859 861
859 903
860 860
860 861
860 862
860 904
861 861
861 863
861 905
862 862
862 863
862 864
862 906
863 863
863 865
863 907
864 864
864 865
864 866
864 908
865 865
865 867
865 909
866 866
866 867
866 868
866 910
867 867
867 869
867 911
868 868
868 869
868 870
868 912
869 869
869 871
869 913
870 870
870 871
870 872
870 914
871 871
871 873
871 915
872 872
872 873
872 874
872 916
873 873
873 875
873 917
874 874
874 875
874 876
874 918
875 875
875 877
875 919
876 876
876 877
876 878
876 920
877 877
877 879
877 921
878 878
878 879
878 922
879 879
879 923
880 880
880 881
880 882
880 924
881 881
881 883
881 925
882 882
882 883
882 884
882 926
883 883
883 885
883 927
884 884
884 885
884 886
884 928
885 885
885 887
885 929
886 886
886 887
886 888
886 930
887 887
887 889
887 931
888 888
888 889
888 890
888 932
889 889
889 891
889 933
890 890
890 891
890 892
890 934
891 891
891 893
891 935
892 892
892 893
892 894
892 936
893 893
893 895
893 937
894 894
894 895
894 896
894 938
895 895
895 897
895 939
896 896
896 897
896 898
896 940
897 897
897 899
897 941
898 898
898 899
898 900
898 942
899 899
899 901
899 943
900 900
900 901
900 902
900 944
901 901
901 903
901 945
902 902
902 903
902 904
902 946
903 903
903 905
903 947
904 904
904 905
904 906
904 948
905 905
905 907
905 949
906 906
906 907
906 908
906 950
907 907
907 909
907 951
908 908
908 909
908 910
908 952
909 909
909 911
909 953
910 910
910 911
910 912
910 954
911 911
911 913
911 955
912 912
912 913
912 914
912 956
913 913
913 915
913 957
914 914
914 915
914 916
914 958
915 915
915 917
915 959
916 916
916 917
916 918
916 960
917 917
917 919
917 961
918 918
918 919
918 920
918 962
919 919
919 921
919 963
920 920
920 921
920 922
920 964
921 921
921 923
921 965
922 922
922 923
922 966
923 923
923 967
924 924
924 925
924 926
925 925
925 927
926 926
926 927
926 928
927 927
927 929
928 928
928 929
928 930
929 929
929 931
930 930
930 931
930 932
931 931
931 933
932 932
932 933
932 934
933 933
933 935
934 934
934 935
934 936
935 935
935 937
936 936
936 937
936 938
937 937
937 939
938 938
938 939
938 940
939 939
939 941
940 940
940 941
940 942
941 941
941 943
942 942
942 943
942 944
943 943
943 945
944 944
944 945
944 946
945 945
945 947
946 946
946 947
946 948
947 947
947 949
948 948
948 949
948 950
949 949
949 951
950 950
950 951
950 952
951 951
951 953
952 952
952 953
952 954
953 953
953 955
954 954
954 955
954 956
955 955
955 957
956 956
956 957
956 958
957 957
957 959
958 958
958 959
958 960
959 959
959 961
960 960
960 961
960 962
961 961
961 963
962 962
962 963
962 964
963 963
963 965
964 964
964 965
964 966
965 965
965 967
966 966
966 967
967 967
