0 169
0 38
1 130
2 195
2 146
3 46
4 193
4 80
4 225
5 234
5 48
6 25
6 115
7 210
8 210
8 141
8 200
9 86
10 210
10 183
10 173
11 93
11 208
11 83
11 63
12 111
12 92
12 122
13 194
14 132
14 69
15 39
15 208
16 29
17 29
18 163
19 140
19 86
19 235
20 185
21 151
22 111
22 36
23 152
23 141
24 249
25 121
25 213
25 130
25 233
26 111
27 150
27 163
28 125
29 196
29 206
30 214
30 91
31 247
31 174
32 106
33 206
34 58
34 168
34 78
35 110
35 133
37 56
37 117
38 138
39 60
40 106
40 151
41 163
41 231
42 234
42 84
43 227
43 198
43 134
44 199
44 88
44 158
45 217
45 183
45 239
46 207
47 101
47 87
48 232
48 103
49 215
50 119
50 52
51 231
51 237
51 245
51 149
53 174
53 132
54 226
55 107
56 120
56 219
56 142
56 116
57 144
57 92
59 171
59 179
61 91
61 228
62 98
64 117
64 132
65 154
66 243
67 226
67 106
68 82
68 180
68 183
69 95
70 179
70 220
70 154
71 162
71 130
71 220
71 206
72 147
73 80
73 217
74 110
75 135
75 205
76 218
76 78
77 129
77 199
78 108
79 227
81 230
81 123
81 90
82 91
83 191
85 95
86 177
86 189
86 126
86 105
88 180
89 192
89 187
89 172
89 209
91 195
92 170
92 96
93 238
93 222
94 152
94 107
95 248
96 246
96 184
97 143
98 210
99 202
99 198
100 246
101 240
101 248
101 181
102 177
103 117
103 129
103 157
104 222
108 193
109 196
109 230
109 161
110 213
112 193
113 224
114 213
115 165
117 159
118 156
119 192
119 240
119 175
119 185
121 176
124 128
125 177
127 196
128 192
131 144
134 203
136 203
137 234
138 179
139 155
142 155
143 224
143 249
145 199
147 170
147 216
148 168
152 164
153 158
156 205
157 227
157 201
160 192
160 178
161 186
162 244
166 211
166 235
167 201
172 224
172 229
173 208
174 243
174 197
181 189
182 242
182 200
183 184
184 237
184 223
185 236
185 241
187 194
188 219
190 201
195 207
204 212
205 248
205 221
212 220
215 249
226 244
230 232
