0 48
1 28
1 62
2 105
2 63
2 115
2 94
2 31
3 10
4 55
4 70
4 5
5 35
6 67
7 52
7 46
8 119
9 103
10 60
10 13
10 27
10 65
11 120
11 117
11 83
12 63
12 92
13 84
14 94
14 113
14 16
15 69
16 116
17 69
17 39
17 74
18 58
19 68
19 49
20 113
21 79
21 48
21 120
22 106
22 42
23 30
23 86
23 66
23 95
24 79
25 85
26 82
27 122
27 32
28 66
29 59
31 72
33 104
34 121
34 89
34 72
34 82
35 109
36 110
36 95
36 44
37 95
38 72
38 107
40 59
41 121
42 98
43 45
43 75
43 52
43 106
45 93
46 64
46 78
47 75
47 80
48 118
49 77
50 124
51 85
52 67
52 99
52 101
52 53
52 119
53 124
53 81
54 61
54 84
55 122
56 96
57 85
58 59
59 66
60 73
60 123
62 76
67 71
68 72
69 80
72 100
76 120
81 117
85 120
85 103
87 118
88 95
90 112
90 117
91 123
95 108
96 110
97 110
101 104
102 116
105 111
106 121
110 114
120 122
