0 0
0 13
0 15
0 19
0 23
0 24
1 1
1 3
1 13
1 14
1 20
1 21
1 25
1 26
1 27
2 2
2 3
2 15
2 16
2 30
2 31
2 32
2 34
2 35
3 3
3 4
3 6
3 13
3 14
3 15
3 16
3 20
3 21
3 24
3 25
3 26
3 27
3 28
3 30
3 31
3 32
3 33
3 34
3 35
3 36
3 37
3 40
4 4
4 6
4 7
4 14
4 22
4 27
4 28
4 29
4 33
4 36
4 37
4 38
4 42
5 5
5 6
5 16
5 17
5 39
5 40
5 41
5 43
5 44
6 6
6 7
6 9
6 16
6 17
6 33
6 35
6 36
6 37
6 38
6 39
6 40
6 41
6 42
6 43
6 44
6 45
6 46
6 49
7 7
7 9
7 10
7 37
7 38
7 42
7 45
7 46
7 47
7 51
8 8
8 9
8 17
8 18
8 48
8 49
8 50
8 52
8 53
9 9
9 10
9 12
9 17
9 18
9 42
9 44
9 45
9 46
9 47
9 48
9 49
9 50
9 51
9 52
9 53
9 54
9 55
9 58
10 10
10 12
10 46
10 47
10 51
10 54
10 55
10 56
10 60
11 11
11 12
11 18
11 57
11 58
11 59
12 12
12 18
12 51
12 53
12 54
12 55
12 56
12 57
12 58
12 59
12 60
13 13
13 15
13 19
13 20
13 23
13 24
13 25
13 26
13 31
14 14
14 21
14 22
14 26
14 27
14 28
14 29
14 33
15 15
15 19
15 23
15 24
15 25
15 30
15 31
15 32
16 16
16 32
16 34
16 35
16 36
16 39
16 40
16 41
17 17
17 41
17 43
17 44
17 45
17 48
17 49
17 50
18 18
18 50
18 52
18 53
18 54
18 57
18 58
18 59
19 19
19 23
19 24
20 20
20 25
20 26
21 21
21 26
21 27
22 22
22 28
22 29
23 23
23 24
24 24
24 25
24 31
25 25
25 26
25 31
26 26
26 27
27 27
27 28
27 33
28 28
28 29
28 33
29 29
30 30
30 31
30 32
31 31
31 32
32 32
32 34
32 35
33 33
33 36
33 37
34 34
34 35
35 35
35 36
35 40
36 36
36 37
36 40
37 37
37 38
37 42
38 38
38 42
39 39
39 40
39 41
40 40
40 41
41 41
41 43
41 44
42 42
42 45
42 46
43 43
43 44
44 44
44 45
44 49
45 45
45 46
45 49
46 46
46 47
46 51
47 47
47 51
48 48
48 49
48 50
49 49
49 50
50 50
50 52
50 53
51 51
51 54
51 55
52 52
52 53
53 53
53 54
53 58
54 54
54 55
54 58
55 55
55 56
55 60
56 56
56 60
57 57
57 58
57 59
58 58
58 59
59 59
60 60
