0 0
0 1
0 2
0 46
0 48
0 49
0 50
0 141
0 142
1 1
1 2
1 3
1 46
1 47
1 48
1 49
1 50
1 51
1 52
1 140
1 141
1 142
1 143
2 2
2 3
2 4
2 5
2 48
2 49
2 50
2 51
2 52
2 53
2 54
2 55
2 56
3 3
3 5
3 50
3 51
3 52
3 54
3 55
4 4
4 5
4 6
4 53
4 54
4 56
4 57
4 58
5 5
5 6
5 7
5 52
5 53
5 54
5 55
5 56
5 57
5 58
5 59
5 60
6 6
6 7
6 8
6 9
6 56
6 57
6 58
6 59
6 60
6 61
6 62
6 63
6 64
7 7
7 9
7 58
7 59
7 60
7 62
7 63
8 8
8 9
8 10
8 61
8 62
8 64
8 65
8 66
9 9
9 10
9 11
9 60
9 61
9 62
9 63
9 64
9 65
9 66
9 67
9 68
10 10
10 11
10 12
10 13
10 64
10 65
10 66
10 67
10 68
10 69
10 70
10 71
10 72
11 11
11 13
11 66
11 67
11 68
11 70
11 71
12 12
12 13
12 14
12 69
12 70
12 72
12 73
12 74
13 13
13 14
13 15
13 68
13 69
13 70
13 71
13 72
13 73
13 74
13 75
13 76
14 14
14 15
14 16
14 17
14 72
14 73
14 74
14 75
14 76
14 77
14 78
14 79
14 80
15 15
15 17
15 74
15 75
15 76
15 78
15 79
16 16
16 17
16 18
16 77
16 78
16 80
16 81
16 82
17 17
17 18
17 19
17 76
17 77
17 78
17 79
17 80
17 81
17 82
17 83
17 84
18 18
18 19
18 20
18 21
18 80
18 81
18 82
18 83
18 84
18 85
18 86
18 87
18 88
19 19
19 21
19 82
19 83
19 84
19 86
19 87
20 20
20 21
20 22
20 85
20 86
20 88
20 89
20 90
21 21
21 22
21 23
21 84
21 85
21 86
21 87
21 88
21 89
21 90
21 91
21 92
22 22
22 23
22 24
22 25
22 88
22 89
22 90
22 91
22 92
22 93
22 94
22 95
22 96
23 23
23 25
23 90
23 91
23 92
23 94
23 95
24 24
24 25
24 26
24 93
24 94
24 96
24 97
24 98
25 25
25 26
25 27
25 92
25 93
25 94
25 95
25 96
25 97
25 98
25 99
25 100
26 26
26 27
26 28
26 29
26 96
26 97
26 98
26 99
26 100
26 101
26 102
26 103
26 104
27 27
27 29
27 98
27 99
27 100
27 102
27 103
28 28
28 29
28 30
28 101
28 102
28 104
28 105
28 106
29 29
29 30
29 31
29 100
29 101
29 102
29 103
29 104
29 105
29 106
29 107
29 108
30 30
30 31
30 32
30 33
30 104
30 105
30 106
30 107
30 108
30 109
30 110
30 111
30 112
31 31
31 33
31 106
31 107
31 108
31 110
31 111
32 32
32 33
32 34
32 109
32 110
32 112
32 113
32 114
33 33
33 34
33 35
33 108
33 109
33 110
33 111
33 112
33 113
33 114
33 115
33 116
34 34
34 35
34 36
34 37
34 112
34 113
34 114
34 115
34 116
34 117
34 118
34 119
34 120
35 35
35 37
35 114
35 115
35 116
35 118
35 119
36 36
36 37
36 38
36 117
36 118
36 120
36 121
36 122
37 37
37 38
37 39
37 116
37 117
37 118
37 119
37 120
37 121
37 122
37 123
37 124
38 38
38 39
38 40
38 41
38 120
38 121
38 122
38 123
38 124
38 125
38 126
38 127
38 128
39 39
39 41
39 122
39 123
39 124
39 126
39 127
40 40
40 41
40 42
40 125
40 126
40 128
40 129
40 130
41 41
41 42
41 43
41 124
41 125
41 126
41 127
41 128
41 129
41 130
41 131
41 132
42 42
42 43
42 44
42 45
42 128
42 129
42 130
42 131
42 132
42 133
42 134
42 135
42 136
43 43
43 45
43 130
43 131
43 132
43 134
43 135
44 44
44 45
44 46
44 133
44 134
44 136
44 137
44 138
45 45
45 46
45 47
45 132
45 133
45 134
45 135
45 136
45 137
45 138
45 139
45 140
46 46
46 47
46 48
46 136
46 137
46 138
46 139
46 140
46 141
46 142
46 143
47 47
47 138
47 139
47 140
47 142
47 143
48 48
48 49
48 50
48 141
48 142
49 49
49 50
50 50
50 51
50 52
51 51
51 52
52 52
52 54
52 55
53 53
53 54
53 56
54 54
54 55
54 56
55 55
56 56
56 57
56 58
57 57
57 58
58 58
58 59
58 60
59 59
59 60
60 60
60 62
60 63
61 61
61 62
61 64
62 62
62 63
62 64
63 63
64 64
64 65
64 66
65 65
65 66
66 66
66 67
66 68
67 67
67 68
68 68
68 70
68 71
69 69
69 70
69 72
70 70
70 71
70 72
71 71
72 72
72 73
72 74
73 73
73 74
74 74
74 75
74 76
75 75
75 76
76 76
76 78
76 79
77 77
77 78
77 80
78 78
78 79
78 80
79 79
80 80
80 81
80 82
81 81
81 82
82 82
82 83
82 84
83 83
83 84
84 84
84 86
84 87
85 85
85 86
85 88
86 86
86 87
86 88
87 87
88 88
88 89
88 90
89 89
89 90
90 90
90 91
90 92
91 91
91 92
92 92
92 94
92 95
93 93
93 94
93 96
94 94
94 95
94 96
95 95
96 96
96 97
96 98
97 97
97 98
98 98
98 99
98 100
99 99
99 100
100 100
100 102
100 103
101 101
101 102
101 104
102 102
102 103
102 104
103 103
104 104
104 105
104 106
105 105
105 106
106 106
106 107
106 108
107 107
107 108
108 108
108 110
108 111
109 109
109 110
109 112
110 110
110 111
110 112
111 111
112 112
112 113
112 114
113 113
113 114
114 114
114 115
114 116
115 115
115 116
116 116
116 118
116 119
117 117
117 118
117 120
118 118
118 119
118 120
119 119
120 120
120 121
120 122
121 121
121 122
122 122
122 123
122 124
123 123
123 124
124 124
124 126
124 127
125 125
125 126
125 128
126 126
126 127
126 128
127 127
128 128
128 129
128 130
129 129
129 130
130 130
130 131
130 132
131 131
131 132
132 132
132 134
132 135
133 133
133 134
133 136
134 134
134 135
134 136
135 135
136 136
136 137
136 138
137 137
137 138
138 138
138 139
138 140
139 139
139 140
140 140
140 142
140 143
141 141
141 142
142 142
142 143
143 143
