0 0
0 1
1 1
1 2
1 10
1 11
2 2
2 3
2 11
2 12
3 3
3 4
3 12
3 13
4 4
4 5
4 13
4 14
5 5
5 6
5 14
5 15
6 6
6 7
6 15
6 16
7 7
7 8
7 16
7 17
8 8
8 9
8 17
8 18
9 9
9 18
9 19
9 21
10 10
10 11
11 11
11 12
12 12
12 13
13 13
13 14
14 14
14 15
15 15
15 16
16 16
16 17
17 17
17 18
18 18
18 19
19 19
19 21
19 37
20 20
20 64
21 21
21 22
21 37
22 22
22 23
22 37
22 38
23 23
23 24
23 38
23 39
24 24
24 25
24 39
24 40
25 25
25 26
25 40
25 41
26 26
26 27
26 41
26 42
27 27
27 42
27 43
27 57
27 63
28 28
28 29
28 44
28 64
28 65
29 29
29 30
29 44
29 45
30 30
30 31
30 45
30 46
31 31
31 32
31 46
31 47
32 32
32 33
32 47
32 48
33 33
33 34
33 48
33 49
34 34
34 35
34 49
34 50
35 35
35 50
35 51
35 52
36 36
36 64
36 65
37 37
37 38
38 38
38 39
39 39
39 40
40 40
40 41
41 41
41 42
42 42
42 43
43 43
43 63
44 44
44 45
44 65
45 45
45 46
46 46
46 47
47 47
47 48
48 48
48 49
49 49
49 50
50 50
50 51
51 51
51 52
51 58
52 52
52 53
52 58
53 53
53 54
53 58
53 59
54 54
54 55
54 59
54 60
55 55
55 56
55 60
55 61
56 56
56 57
56 61
56 62
57 57
57 62
57 63
58 58
58 59
59 59
59 60
60 60
60 61
61 61
61 62
62 62
62 63
63 63
64 64
64 65
65 65
