0 0
1 1
2 2
3 3
4 4
5 5
6 6
7 7
8 8
9 9
9 75
9 86
9 94
9 98
9 100
9 103
9 105
9 108
9 110
10 10
10 76
10 87
10 95
10 98
10 101
10 103
10 106
10 108
10 111
11 11
11 77
11 88
11 96
11 98
11 102
11 103
11 107
11 108
11 112
12 12
12 75
12 76
12 77
12 79
12 86
12 87
12 88
12 90
12 94
12 95
12 96
12 98
12 100
12 101
12 103
12 105
12 106
12 108
12 110
12 111
13 13
13 75
13 76
13 77
13 78
13 79
13 86
13 87
13 88
13 89
13 90
13 94
13 95
13 96
13 97
13 98
13 100
13 101
13 102
13 103
13 105
13 106
13 107
13 108
13 110
13 111
13 112
14 14
14 75
14 76
14 77
14 78
14 79
14 86
14 87
14 88
14 89
14 90
14 94
14 95
14 96
14 97
14 98
14 100
14 101
14 102
14 103
14 105
14 106
14 107
14 108
14 110
14 111
14 112
15 15
15 24
15 75
15 80
15 100
15 110
16 16
16 25
16 76
16 81
16 101
16 111
17 17
17 26
17 77
17 82
17 102
17 112
18 18
18 19
18 20
18 22
18 23
18 27
18 21
18 28
18 29
19 19
19 23
19 28
19 22
19 29
20 20
20 22
20 23
20 29
20 28
21 21
21 27
21 28
21 29
21 75
21 76
21 77
21 79
21 80
21 81
21 82
21 100
21 101
21 102
21 110
21 111
21 112
22 22
22 27
22 28
22 29
22 75
22 76
22 77
22 78
22 79
22 80
22 81
22 82
22 100
22 101
22 102
22 110
22 111
22 112
23 23
23 27
23 28
23 29
23 75
23 76
23 77
23 78
23 79
23 80
23 81
23 82
23 100
23 101
23 110
23 111
23 112
24 24
24 75
24 80
24 98
24 100
24 108
24 110
25 25
25 76
25 81
25 98
25 101
25 108
25 111
26 26
26 77
26 82
26 98
26 102
26 108
26 112
27 27
27 75
27 76
27 77
27 79
27 80
27 81
27 82
27 98
27 100
27 101
27 108
27 110
27 111
28 28
28 75
28 76
28 77
28 78
28 79
28 80
28 81
28 82
28 98
28 100
28 101
28 102
28 108
28 110
28 111
28 112
29 29
29 75
29 76
29 77
29 78
29 79
29 80
29 81
29 82
29 98
29 100
29 101
29 102
29 108
29 110
29 111
29 112
30 30
30 39
30 80
30 83
30 91
31 31
31 40
31 81
31 84
31 92
32 32
32 41
32 82
32 85
32 93
33 33
33 34
33 35
33 37
33 38
33 42
33 36
33 43
33 44
34 34
34 38
34 43
34 37
34 44
35 35
35 37
35 38
35 44
35 43
36 36
36 42
36 43
36 44
36 80
36 81
36 82
36 83
36 84
36 85
36 91
36 92
36 93
36 107
37 37
37 42
37 43
37 44
37 80
37 81
37 82
37 83
37 84
37 85
37 91
37 92
37 93
37 107
38 38
38 42
38 43
38 44
38 80
38 81
38 82
38 83
38 84
38 85
38 91
38 92
38 93
38 107
39 39
39 80
39 83
39 91
39 103
39 105
40 40
40 81
40 84
40 92
40 103
40 106
41 41
41 82
41 85
41 93
41 103
41 107
42 42
42 80
42 81
42 82
42 83
42 84
42 85
42 91
42 92
42 93
42 103
42 105
42 106
43 43
43 80
43 81
43 82
43 83
43 84
43 85
43 91
43 92
43 93
43 103
43 105
43 106
43 107
44 44
44 80
44 81
44 82
44 83
44 84
44 85
44 91
44 92
44 93
44 103
44 105
44 106
44 107
45 45
45 54
45 83
45 86
46 46
46 55
46 84
46 87
47 47
47 56
47 85
47 88
48 48
48 49
48 50
48 52
48 53
48 57
48 51
48 58
48 59
49 49
49 53
49 58
49 52
49 59
50 50
50 52
50 53
50 59
50 58
51 51
51 57
51 58
51 59
51 83
51 84
51 85
51 86
51 87
51 88
51 90
52 52
52 57
52 58
52 59
52 83
52 84
52 85
52 86
52 87
52 88
52 89
52 90
53 53
53 57
53 58
53 59
53 83
53 84
53 85
53 86
53 87
53 88
53 89
53 90
54 54
54 83
54 86
55 55
55 84
55 87
56 56
56 85
56 88
57 57
57 83
57 84
57 85
57 86
57 87
57 88
57 90
58 58
58 83
58 84
58 85
58 86
58 87
58 88
58 89
58 90
59 59
59 83
59 84
59 85
59 86
59 87
59 88
59 89
59 90
60 60
60 69
60 91
60 94
61 61
61 70
61 92
61 95
62 62
62 71
62 93
62 96
63 63
63 64
63 65
63 67
63 68
63 72
63 66
63 73
63 74
64 64
64 68
64 73
64 67
64 74
65 65
65 67
65 68
65 74
65 73
66 66
66 72
66 73
66 74
66 91
66 92
66 93
66 94
66 95
66 96
67 67
67 72
67 73
67 74
67 91
67 92
67 93
67 94
67 95
67 96
67 97
68 68
68 72
68 73
68 74
68 91
68 92
68 93
68 94
68 95
68 96
68 97
69 69
69 91
69 94
70 70
70 92
70 95
71 71
71 93
71 96
72 72
72 91
72 92
72 93
72 94
72 95
72 96
73 73
73 91
73 92
73 93
73 94
73 95
73 96
73 97
74 74
74 91
74 92
74 93
74 94
74 95
74 96
74 97
98 98
98 99
98 100
98 101
98 102
99 99
99 100
99 101
99 102
100 100
101 101
102 102
103 103
103 104
103 105
103 106
103 107
104 104
104 105
104 106
104 107
105 105
106 106
107 107
108 108
108 109
108 110
108 111
108 112
109 109
109 110
109 111
109 112
110 110
111 111
112 112
