0 0
0 1
0 2
0 3
0 6
0 25
0 5
0 7
0 9
0 18
1 1
1 8
1 20
1 27
1 2
1 10
1 14
1 22
2 2
2 5
2 7
2 8
2 28
2 3
2 4
2 6
2 13
2 20
3 3
3 4
3 11
3 15
3 16
4 4
4 22
4 26
4 28
5 5
5 15
5 11
5 17
5 24
6 6
6 13
6 20
6 30
6 8
7 7
7 11
7 16
7 26
7 19
8 8
8 9
8 12
8 18
8 22
8 26
8 27
9 9
9 10
9 20
9 22
9 24
9 26
9 17
10 10
10 14
10 17
10 28
10 12
10 21
11 11
11 23
11 29
12 12
12 25
12 30
13 13
13 30
14 14
14 19
14 24
15 15
15 21
15 16
15 19
16 16
16 22
16 29
17 17
17 19
17 29
17 24
17 25
18 18
18 25
19 19
20 20
20 31
20 22
21 21
21 25
22 22
22 29
23 23
23 25
23 24
23 26
23 31
24 24
25 25
25 26
26 26
26 28
27 27
27 31
28 28
28 31
29 29
30 30
31 31
