0 1
0 8
0 9
0 16
0 15
1 2
1 8
1 10
1 17
2 3
2 8
2 11
2 18
3 4
3 8
3 12
3 19
4 5
4 8
4 13
4 20
5 6
5 8
5 14
5 21
6 7
6 8
6 15
6 22
7 9
8 10
8 14
9 11
9 14
10 12
10 14
11 13
11 14
12 14
13 15
13 14
14 14
14 15
16 16
16 32
16 39
16 40
16 23
17 17
17 33
17 39
17 41
17 24
18 18
18 34
18 39
18 42
18 25
19 19
19 35
19 39
19 43
19 26
20 20
20 36
20 39
20 44
20 27
21 21
21 37
21 39
21 45
21 28
22 22
22 38
22 39
22 46
22 29
23 23
23 24
23 107
23 114
23 25
23 26
23 27
23 28
23 29
23 30
24 25
24 108
24 115
24 30
24 31
25 26
25 109
25 116
25 30
25 32
26 27
26 110
26 117
26 30
26 33
27 28
27 111
27 118
27 30
27 34
28 29
28 112
28 119
28 30
28 35
29 30
29 113
29 120
29 36
30 30
30 37
31 40
31 53
32 38
33 39
34 40
35 41
36 42
37 43
38 47
38 54
38 61
38 63
38 44
39 48
39 55
39 61
39 64
39 52
40 49
40 56
40 61
40 65
40 45
40 52
41 50
41 57
41 61
41 66
41 46
41 52
42 51
42 58
42 61
42 67
42 47
42 52
43 52
43 59
43 61
43 68
43 48
44 53
44 60
44 61
44 69
44 49
44 52
45 50
45 52
46 51
46 52
47 54
48 55
49 56
50 57
51 58
52 59
53 60
54 54
54 84
54 92
54 100
54 61
55 55
55 85
55 92
55 101
55 62
56 56
56 86
56 92
56 102
56 63
57 57
57 87
57 92
57 103
57 64
58 58
58 88
58 92
58 104
58 65
59 59
59 89
59 92
59 105
59 66
60 60
60 90
60 92
60 106
60 67
61 62
61 70
61 68
62 62
62 71
62 63
62 64
62 65
62 66
62 67
62 69
63 72
63 68
63 70
64 73
64 68
64 71
65 74
65 68
65 72
66 75
66 68
66 73
67 76
67 68
67 74
68 68
68 69
68 75
69 70
69 71
69 72
69 73
69 74
69 75
69 76
70 77
71 78
72 79
73 80
74 81
75 82
76 83
77 84
77 91
78 85
78 92
79 86
79 93
80 87
80 94
81 88
81 95
82 89
82 96
83 90
83 97
84 84
84 114
84 122
84 130
84 91
85 85
85 115
85 122
85 131
85 92
86 86
86 116
86 122
86 132
86 93
87 87
87 117
87 122
87 133
87 94
88 88
88 118
88 122
88 134
88 95
89 89
89 119
89 122
89 135
89 96
90 90
90 120
90 122
90 136
90 97
91 91
91 93
91 92
91 94
91 95
91 96
91 97
91 98
92 94
92 99
93 95
93 98
93 100
94 96
94 98
94 101
95 97
95 98
95 102
96 98
96 103
97 99
97 98
97 104
98 98
98 99
98 105
99 100
99 101
99 102
99 103
99 104
99 105
99 106
100 107
101 108
102 109
103 110
104 111
105 112
106 113
107 114
108 115
109 116
110 117
111 118
112 119
113 120
114 114
114 121
114 123
115 115
115 121
115 124
116 116
116 121
116 125
117 117
117 121
117 126
118 118
118 121
118 127
119 119
119 121
119 128
120 120
120 121
120 129
121 121
121 123
121 124
121 125
121 126
121 127
121 128
121 129
122 122
122 130
122 131
122 132
122 133
122 134
122 135
122 136
123 123
124 124
125 125
126 126
127 127
128 128
129 129
130 130
131 131
132 132
133 133
134 134
135 135
136 136
