0 0
0 43
0 5
1 1
1 44
1 6
2 2
2 45
2 7
3 3
3 46
3 8
4 4
4 47
4 9
5 5
5 10
5 15
6 6
6 11
6 16
7 7
7 12
7 17
8 8
8 13
8 18
9 9
9 14
9 19
10 10
10 11
10 12
10 13
10 14
10 30
11 12
11 20
11 21
11 22
11 23
11 24
12 13
12 20
12 21
12 22
12 23
12 24
13 14
13 20
13 21
13 22
13 23
13 24
14 15
14 20
14 21
14 22
14 23
14 24
15 27
15 28
15 29
15 30
15 31
15 32
15 33
15 34
15 35
15 36
15 20
15 21
15 22
15 23
15 24
16 27
16 28
16 29
16 30
16 31
16 32
16 33
16 34
16 35
16 36
16 20
16 21
16 22
16 23
16 24
16 25
17 27
17 28
17 29
17 30
17 31
17 32
17 33
17 34
17 35
17 36
17 20
17 21
17 22
17 23
17 24
17 26
18 27
18 28
18 29
18 30
18 31
18 32
18 33
18 34
18 35
18 36
18 20
18 21
18 22
18 23
18 24
19 27
19 28
19 29
19 30
19 31
19 32
19 33
19 34
19 35
19 36
19 20
19 21
19 22
19 23
19 24
20 20
20 21
20 22
20 23
20 24
20 29
21 22
21 31
21 36
22 23
22 32
22 37
23 24
23 33
23 38
24 25
24 34
24 39
25 49
25 50
25 51
25 52
25 53
25 54
25 55
25 56
25 57
25 58
25 35
25 40
26 49
26 50
26 51
26 52
26 53
26 54
26 55
26 56
26 57
26 58
26 41
26 42
26 43
26 44
26 45
26 46
27 49
27 50
27 51
27 52
27 53
27 54
27 55
27 56
27 57
27 58
27 41
28 49
28 50
28 51
28 52
28 53
28 54
28 55
28 56
28 57
28 58
28 42
29 49
29 50
29 51
29 52
29 53
29 54
29 55
29 56
29 57
29 58
29 43
30 44
31 48
31 49
31 45
32 48
32 50
32 36
33 48
33 51
33 37
34 48
34 52
34 38
35 48
35 53
35 39
36 40
37 47
37 48
37 49
37 50
37 51
38 41
38 42
38 43
38 44
38 45
38 47
38 52
39 41
39 42
39 43
39 44
39 45
39 52
40 41
40 42
40 43
40 44
40 45
40 48
40 52
41 41
41 42
41 43
41 44
41 45
41 46
41 47
41 49
41 52
42 42
42 43
42 44
42 45
42 46
42 47
42 50
42 52
43 43
43 44
43 45
43 46
43 47
43 52
44 44
44 45
44 46
44 47
44 52
45 45
45 46
45 47
45 52
46 52
47 52
48 58
53 54
54 55
55 56
56 57
57 58
