0 0
0 57
0 111
1 1
1 6
1 57
1 58
1 111
1 112
2 2
2 7
2 58
2 59
2 112
2 113
3 3
3 8
3 59
3 60
3 113
3 114
4 4
4 60
4 114
5 5
5 6
5 57
5 63
5 115
6 6
6 7
6 11
6 31
6 57
6 58
6 63
6 64
6 92
6 115
6 116
7 7
7 8
7 12
7 32
7 58
7 59
7 64
7 65
7 93
7 116
7 117
8 8
8 13
8 33
8 59
8 60
8 65
8 66
8 94
8 117
8 118
8 9
9 9
9 60
9 66
9 118
10 10
10 11
10 63
10 69
10 119
11 11
11 12
11 16
11 36
11 63
11 64
11 69
11 70
11 97
11 119
11 120
12 12
12 13
12 17
12 37
12 64
12 65
12 70
12 71
12 98
12 120
12 121
13 13
13 18
13 38
13 65
13 66
13 71
13 72
13 99
13 121
13 122
13 14
14 14
14 66
14 72
14 122
15 15
15 16
15 69
15 75
15 123
16 16
16 17
16 41
16 69
16 70
16 75
16 76
16 102
16 123
16 124
16 21
17 17
17 18
17 42
17 70
17 71
17 76
17 77
17 103
17 124
17 125
17 22
18 18
18 43
18 71
18 72
18 77
18 78
18 104
18 125
18 126
18 19
18 23
19 19
19 72
19 78
19 126
20 20
20 75
20 127
21 21
21 75
21 76
21 127
21 128
22 22
22 76
22 77
22 128
22 129
23 23
23 77
23 78
23 129
24 24
24 78
25 25
26 26
26 31
27 27
27 32
28 28
28 33
29 29
30 30
30 31
31 31
31 32
31 36
32 32
32 33
32 37
33 33
33 38
33 34
34 34
35 35
35 36
36 36
36 37
36 41
37 37
37 38
37 42
38 38
38 43
38 39
39 39
40 40
40 41
41 41
41 42
41 46
42 42
42 43
42 47
43 43
43 44
43 48
44 44
45 45
46 46
47 47
48 48
49 49
50 50
50 56
51 51
51 57
51 111
52 52
52 58
52 112
53 53
53 59
53 113
54 54
54 60
54 114
55 55
55 61
56 56
56 57
57 57
57 58
57 63
57 111
57 115
58 58
58 59
58 64
58 112
58 116
59 59
59 60
59 65
59 113
59 117
60 60
60 61
60 66
60 114
60 118
61 61
62 62
62 63
63 63
63 64
63 69
63 115
63 119
64 64
64 65
64 70
64 116
64 120
65 65
65 66
65 71
65 117
65 121
66 66
66 67
66 72
66 118
66 122
67 67
68 68
68 69
69 69
69 70
69 75
69 119
69 123
70 70
70 71
70 76
70 120
70 124
71 71
71 72
71 77
71 121
71 125
72 72
72 73
72 78
72 122
72 126
73 73
74 74
74 75
74 80
75 75
75 76
75 81
75 123
75 127
76 76
76 77
76 82
76 124
76 128
77 77
77 78
77 83
77 125
77 129
78 78
78 79
78 84
78 126
78 130
79 79
79 85
80 80
81 81
81 127
82 82
82 128
83 83
83 129
84 84
85 85
86 86
87 87
87 92
88 88
88 93
89 89
89 94
90 90
91 91
91 92
92 92
92 93
92 97
93 93
93 94
93 98
94 94
94 99
94 95
95 95
96 96
96 97
97 97
97 98
97 102
98 98
98 99
98 103
99 99
99 104
99 100
100 100
101 101
101 102
102 102
102 103
102 107
103 103
103 104
103 108
104 104
104 105
104 109
105 105
106 106
107 107
108 108
109 109
110 110
130 130
