0 0
0 1
0 2
0 12
0 13
1 1
1 11
1 12
1 13
2 2
2 4
3 3
3 13
4 4
4 6
4 12
4 13
4 16
4 17
5 5
5 12
5 13
5 15
5 16
5 17
6 6
6 8
7 7
7 17
8 8
8 9
8 16
8 17
9 9
9 16
9 17
9 19
10 10
10 11
10 12
10 22
10 23
11 11
11 21
11 22
11 23
12 12
12 14
13 13
13 23
14 14
14 16
14 22
14 23
14 26
14 27
15 15
15 22
15 23
15 25
15 26
15 27
16 16
16 18
17 17
17 27
18 18
18 19
18 26
18 27
19 19
19 26
19 27
19 29
20 20
20 21
20 22
20 32
20 33
21 21
21 31
21 32
21 33
22 22
22 24
23 23
23 33
24 24
24 26
24 32
24 33
24 36
24 37
25 25
25 32
25 33
25 35
25 36
25 37
26 26
26 28
27 27
27 37
28 28
28 29
28 36
28 37
29 29
29 36
29 37
29 39
30 30
30 31
30 32
30 42
30 43
31 31
31 41
31 42
31 43
32 32
32 34
33 33
33 43
34 34
34 36
34 42
34 43
34 46
34 47
35 35
35 42
35 43
35 45
35 46
35 47
36 36
36 38
37 37
37 47
38 38
38 39
38 46
38 47
39 39
39 46
39 47
39 49
40 40
40 41
40 42
40 52
40 53
41 41
41 51
41 52
41 53
42 42
42 44
43 43
43 53
44 44
44 46
44 52
44 53
44 56
44 57
45 45
45 52
45 53
45 55
45 56
45 57
46 46
46 48
47 47
47 57
48 48
48 49
48 56
48 57
49 49
49 56
49 57
49 59
50 50
50 51
50 52
50 62
50 63
51 51
51 61
51 62
51 63
52 52
52 54
53 53
53 63
54 54
54 56
54 62
54 63
54 66
54 67
55 55
55 62
55 63
55 65
55 66
55 67
56 56
56 58
57 57
57 67
58 58
58 59
58 66
58 67
59 59
59 66
59 67
59 69
60 60
60 61
60 62
60 72
60 73
61 61
61 71
61 72
61 73
62 62
62 64
63 63
63 73
64 64
64 66
64 72
64 73
64 76
64 77
65 65
65 72
65 73
65 75
65 76
65 77
66 66
66 68
67 67
67 77
68 68
68 69
68 76
68 77
69 69
69 76
69 77
69 79
70 70
70 71
70 72
70 82
70 83
71 71
71 81
71 82
71 83
72 72
72 74
73 73
73 83
74 74
74 76
74 82
74 83
74 86
74 87
75 75
75 82
75 83
75 85
75 86
75 87
76 76
76 78
77 77
77 87
78 78
78 79
78 86
78 87
79 79
79 86
79 87
79 89
80 80
80 81
80 82
80 92
80 93
81 81
81 91
81 92
81 93
82 82
82 84
83 83
83 93
84 84
84 86
84 92
84 93
84 96
84 97
85 85
85 92
85 93
85 95
85 96
85 97
86 86
86 88
87 87
87 97
88 88
88 89
88 96
88 97
89 89
89 96
89 97
89 99
90 90
90 92
91 91
92 92
92 94
93 93
94 94
94 96
95 95
96 96
96 98
97 97
98 98
99 99
