0 0
0 1
0 2
0 3
0 10
0 11
1 1
1 2
1 3
1 10
1 11
2 2
2 3
2 4
2 5
2 12
2 13
3 3
3 4
3 5
3 12
3 13
4 4
4 5
4 6
4 7
4 14
4 15
5 5
5 6
5 7
5 14
5 15
6 6
6 7
6 8
6 9
6 16
6 17
7 7
7 9
7 17
7 8
7 16
8 8
8 9
8 18
8 19
9 9
9 18
9 19
10 10
10 11
10 12
10 13
10 20
10 21
11 11
11 12
11 13
11 20
11 21
12 12
12 13
12 14
12 15
12 22
12 23
13 13
13 15
13 23
13 14
13 22
14 14
14 15
14 16
14 17
14 24
14 25
15 15
15 17
15 25
15 16
15 24
16 16
16 17
16 18
16 19
16 26
16 27
17 17
17 19
17 27
17 18
17 26
18 18
18 19
18 28
18 29
19 19
19 28
19 29
20 20
20 21
20 22
20 23
21 21
21 23
21 22
22 22
22 23
22 24
22 25
23 23
23 25
23 24
24 24
24 25
24 26
24 27
25 25
25 27
25 26
26 26
26 27
26 28
26 29
27 27
27 29
27 28
28 28
28 29
29 29
