0 0
0 3
0 4
0 9
1 1
1 2
1 6
1 160
2 2
2 5
2 8
3 3
3 11
3 184
4 4
5 5
6 6
6 9
6 216
7 7
7 8
7 216
7 228
8 8
9 9
9 10
10 10
10 185
11 11
11 12
11 16
11 52
11 175
12 12
12 14
12 175
13 13
13 16
13 18
13 159
14 14
14 21
15 15
15 161
15 177
16 16
16 17
16 18
17 17
17 18
18 18
18 52
18 54
19 19
19 21
19 123
19 177
20 20
20 21
20 22
20 136
20 177
21 21
22 22
22 124
23 23
23 47
23 49
23 50
24 24
24 26
24 27
24 162
25 25
25 42
25 188
25 207
26 26
26 42
26 181
27 27
27 42
27 181
27 188
28 28
28 29
28 45
29 29
29 30
29 31
29 188
30 30
30 34
31 31
31 51
32 32
32 34
32 46
32 182
33 33
33 45
33 46
34 34
35 35
35 37
35 174
36 36
36 37
36 210
37 37
37 39
37 57
38 38
38 39
39 39
39 40
39 540
40 40
41 41
41 172
42 42
42 45
42 188
43 43
43 44
43 46
43 48
43 50
44 44
44 45
44 46
44 51
44 181
45 45
45 156
46 46
47 47
47 48
47 49
48 48
48 49
48 181
49 49
50 50
51 51
52 52
52 53
53 53
53 54
53 184
54 54
55 55
55 59
55 60
55 188
56 56
56 60
56 189
57 57
57 58
58 58
58 60
59 59
59 210
60 60
61 61
61 63
61 66
62 62
62 63
62 64
62 65
63 63
63 64
63 66
63 183
64 64
65 65
65 615
66 66
67 67
67 87
67 89
67 93
68 68
68 69
68 70
68 73
68 90
68 102
69 69
69 92
69 97
69 125
69 128
69 142
69 170
69 206
70 70
70 90
70 95
70 96
70 105
71 71
71 74
71 106
71 151
72 72
72 80
72 82
72 88
73 73
73 77
73 79
74 74
74 102
74 106
74 122
74 126
75 75
75 100
75 130
75 152
76 76
76 94
76 116
76 131
76 157
77 77
77 84
77 95
77 96
77 105
78 78
78 80
78 83
78 87
78 116
78 150
79 79
79 81
79 84
79 96
79 100
80 80
80 82
80 147
80 150
81 81
81 95
81 100
82 82
82 102
82 126
82 148
83 83
83 85
83 98
83 103
83 147
84 84
84 96
84 105
84 145
85 85
85 86
85 87
86 86
86 98
86 101
86 104
86 109
86 110
86 147
86 148
87 87
87 94
87 101
88 88
88 91
88 95
89 89
89 130
89 157
89 158
90 90
90 143
91 91
91 116
91 145
92 92
92 97
92 176
92 192
93 93
93 130
93 153
94 94
94 103
94 104
94 116
94 150
94 158
95 95
95 145
96 96
96 97
96 105
97 97
97 127
97 128
98 98
98 99
98 101
98 104
99 99
99 117
99 133
99 141
99 146
100 100
101 101
101 109
101 110
101 135
102 102
102 143
102 151
103 103
103 150
104 104
104 131
105 105
106 106
106 107
106 114
106 122
107 107
107 113
107 114
107 120
107 122
107 123
108 108
108 110
108 114
108 115
108 122
109 109
109 110
109 112
109 135
109 139
110 110
110 111
110 112
110 115
110 119
110 137
110 139
110 140
111 111
111 112
111 133
111 135
112 112
112 115
112 121
112 132
112 133
112 134
112 137
112 139
113 113
113 114
113 121
113 134
113 138
114 114
114 115
114 118
114 120
114 122
114 123
115 115
115 122
115 137
115 139
116 116
116 117
116 131
117 117
117 144
117 149
117 154
118 118
118 119
118 122
118 124
118 125
118 136
118 140
118 142
119 119
119 149
120 120
120 124
121 121
121 134
121 138
121 139
122 122
123 123
124 124
125 125
125 126
126 126
126 151
127 127
127 128
127 152
128 128
128 144
128 146
129 129
129 130
129 152
129 154
130 130
130 153
131 131
132 132
132 133
132 137
133 133
133 139
134 134
134 137
134 138
135 135
136 136
137 137
137 139
138 138
138 139
139 139
140 140
141 141
141 149
142 142
142 143
143 143
144 144
144 145
145 145
146 146
146 147
147 147
147 148
148 148
149 149
149 150
150 150
151 151
152 152
153 153
154 154
154 155
155 155
155 157
155 158
156 156
157 157
158 158
159 159
159 184
160 160
160 204
161 161
161 187
162 162
162 163
162 164
162 187
162 202
163 163
164 164
164 200
165 165
165 166
165 218
166 166
166 193
166 194
167 167
167 177
167 182
168 168
168 169
168 170
168 171
168 215
169 169
169 188
169 210
170 170
170 183
170 192
170 209
171 171
171 172
171 173
171 183
171 192
171 627
171 630
172 172
172 173
172 174
172 189
173 173
174 174
174 189
174 666
175 175
176 176
176 192
177 177
178 178
178 179
178 207
179 179
179 183
179 191
179 211
179 625
180 180
180 187
180 214
181 181
181 203
182 182
182 214
183 183
184 184
184 187
184 205
185 185
185 204
185 212
186 186
186 193
187 187
187 190
188 188
189 189
189 517
190 190
190 204
190 205
191 191
191 192
192 192
192 209
192 213
193 193
193 195
194 194
194 202
195 195
195 196
195 197
195 684
196 196
196 289
197 197
197 198
197 199
198 198
198 420
199 199
199 200
199 203
200 200
201 201
201 202
201 208
201 212
202 202
203 203
204 204
204 211
205 205
206 206
206 213
206 214
206 215
207 207
208 208
209 209
210 210
211 211
211 212
211 214
212 212
213 213
214 214
215 215
216 216
216 217
216 267
217 217
217 218
217 219
217 236
217 670
217 671
218 218
218 671
219 219
219 266
219 669
219 670
220 220
220 232
220 234
220 235
221 221
221 255
222 222
222 223
222 225
222 264
222 672
223 223
223 224
224 224
224 228
224 264
224 265
224 672
225 225
225 226
225 227
225 229
225 672
226 226
226 230
226 231
226 232
227 227
227 235
227 265
228 228
228 255
228 264
228 265
228 267
229 229
229 230
229 231
229 233
229 234
229 235
229 255
229 264
230 230
231 231
232 232
232 233
233 233
234 234
235 235
235 252
236 236
236 237
236 251
236 268
237 237
237 238
237 239
237 252
237 260
238 238
238 239
238 240
238 241
238 252
238 260
238 674
239 239
239 240
239 260
239 261
239 674
240 240
240 242
240 252
240 258
240 261
240 674
240 676
241 241
241 263
241 673
242 242
242 245
242 254
242 678
242 679
243 243
243 244
243 675
243 677
244 244
244 260
244 675
244 676
244 677
245 245
245 246
245 253
245 254
245 675
245 678
245 679
246 246
246 247
246 254
246 258
246 679
246 680
247 247
247 253
248 248
248 258
248 683
249 249
249 250
249 254
250 250
250 254
251 251
251 255
251 259
252 252
252 267
252 676
253 253
253 257
253 268
254 254
254 678
254 679
254 682
255 255
256 256
256 257
257 257
257 258
258 258
258 683
259 259
259 262
259 267
259 668
260 260
260 261
261 261
261 263
261 674
261 676
262 262
262 263
263 263
264 264
264 265
265 265
266 266
267 267
268 268
269 269
269 270
269 272
269 275
269 276
269 277
269 279
269 282
269 286
269 296
270 270
270 274
270 276
270 279
271 271
271 273
272 272
272 273
272 276
272 277
272 279
273 273
273 276
273 277
274 274
274 276
274 277
275 275
275 279
275 280
275 282
275 283
276 276
276 277
276 279
277 277
277 278
277 286
277 296
278 278
278 289
279 279
280 280
280 281
280 282
280 283
280 288
280 289
280 294
281 281
281 295
281 300
281 309
281 310
281 311
282 282
282 288
282 289
282 294
282 296
283 283
284 284
284 285
284 287
284 288
284 290
284 292
284 294
284 295
284 296
284 297
285 285
285 294
285 296
285 297
285 314
286 286
286 292
286 294
286 296
287 287
287 290
287 292
287 297
287 306
288 288
288 289
288 292
288 294
288 296
288 297
289 289
289 291
289 294
289 308
290 290
290 291
290 293
290 297
290 314
291 291
291 308
292 292
292 293
293 293
294 294
294 295
294 296
294 297
294 310
295 295
295 300
295 309
295 310
295 311
296 296
296 297
297 297
298 298
298 299
298 302
298 304
298 313
299 299
299 304
299 305
299 307
300 300
300 309
300 310
300 311
301 301
301 312
302 302
302 304
303 303
303 307
303 312
304 304
304 305
304 311
305 305
305 307
305 311
305 312
306 306
306 309
307 307
307 308
308 308
309 309
309 310
309 311
309 314
310 310
310 311
311 311
311 312
312 312
313 313
314 314
315 315
315 407
316 316
316 317
316 323
316 338
316 342
316 343
316 356
316 362
316 372
316 430
316 434
316 440
316 445
317 317
317 434
317 445
318 318
318 319
318 359
318 362
318 363
319 319
319 320
319 321
320 320
320 321
320 322
320 323
320 426
320 437
320 441
321 321
322 322
322 436
322 437
322 439
322 441
322 445
323 323
323 426
323 441
323 445
324 324
324 338
324 426
324 444
324 445
325 325
325 327
325 338
325 444
326 326
326 327
326 408
327 327
327 329
327 408
327 429
327 435
328 328
328 335
328 423
328 429
329 329
329 330
329 335
330 330
330 335
330 423
330 435
331 331
331 332
331 346
332 332
332 333
332 334
332 335
332 423
333 333
333 335
334 334
334 335
334 423
335 335
335 336
335 337
335 343
336 336
336 337
336 344
336 348
337 337
337 344
338 338
338 339
338 340
339 339
339 340
339 426
340 340
340 341
340 356
340 359
340 361
340 427
340 440
341 341
341 346
342 342
342 343
342 344
342 356
342 430
342 440
343 343
343 344
343 372
344 344
344 345
344 353
344 374
345 345
345 347
346 346
346 351
346 442
347 347
347 348
348 348
348 352
348 353
348 432
348 433
348 442
349 349
349 350
349 367
349 380
349 381
349 432
349 433
350 350
350 352
351 351
351 352
351 375
352 352
352 380
353 353
353 374
354 354
354 355
354 365
354 366
354 369
354 372
354 428
354 430
355 355
355 357
356 356
356 357
356 359
356 428
356 440
357 357
357 359
357 428
358 358
358 359
358 360
358 362
358 365
358 428
359 359
359 440
360 360
360 362
361 361
362 362
362 363
363 363
363 364
364 364
364 398
365 365
365 366
365 401
365 428
366 366
366 368
366 401
366 403
366 428
367 367
368 368
368 371
369 369
369 371
370 370
370 371
370 430
371 371
371 397
371 403
372 372
372 374
372 430
373 373
373 377
374 374
374 376
374 397
374 410
375 375
375 377
375 391
375 447
376 376
376 379
376 380
376 383
376 384
376 389
376 446
377 377
377 378
377 387
377 389
377 446
378 378
378 386
379 379
379 380
380 380
380 382
381 381
381 382
382 382
382 383
383 383
384 384
384 389
384 446
385 385
385 387
386 386
386 387
386 392
386 446
387 387
387 388
387 392
388 388
388 389
388 392
389 389
389 390
390 390
390 393
391 391
391 392
391 405
392 392
392 393
392 394
392 397
392 402
392 403
392 410
392 430
393 393
393 394
393 395
394 394
394 397
394 403
394 410
395 395
395 396
396 396
396 409
397 397
397 402
397 403
397 410
398 398
398 400
398 401
399 399
399 400
399 402
400 400
400 407
401 401
401 428
402 402
402 403
402 406
402 410
403 403
403 410
403 428
404 404
404 406
404 407
405 405
405 406
405 420
405 427
406 406
406 409
406 411
406 412
407 407
407 415
408 408
409 409
409 410
409 413
409 416
410 410
411 411
411 412
412 412
412 413
412 416
413 413
413 414
413 416
414 414
414 415
414 416
414 424
415 415
415 416
416 416
416 417
416 418
417 417
417 421
418 418
418 419
418 421
419 419
419 422
420 420
420 421
421 421
422 422
423 423
423 429
424 424
425 425
425 426
425 523
426 426
426 441
427 427
427 428
428 428
429 429
430 430
431 431
431 443
431 445
432 432
433 433
434 434
434 443
434 445
435 435
436 436
436 437
437 437
437 503
438 438
438 439
438 455
439 439
439 455
440 440
441 441
442 442
443 443
443 444
443 445
444 444
445 445
446 446
446 447
447 447
448 448
448 462
448 464
448 501
449 449
449 465
449 466
449 481
450 450
450 456
450 459
450 667
451 451
451 452
451 453
451 454
451 533
452 452
452 453
452 485
452 511
452 532
453 453
453 470
453 474
454 454
454 461
454 534
455 455
455 465
455 483
455 503
456 456
456 460
457 457
457 465
457 466
457 541
458 458
458 459
458 478
458 667
459 459
459 460
459 461
459 517
460 460
460 464
460 476
460 541
461 461
461 462
461 464
462 462
462 556
463 463
463 472
463 478
463 664
464 464
464 476
464 517
465 465
466 466
466 471
466 476
466 483
466 542
467 467
467 475
467 480
467 500
468 468
468 473
468 664
468 666
469 469
469 477
469 484
469 545
469 596
469 597
470 470
470 474
470 546
471 471
471 476
471 481
471 488
471 522
472 472
472 477
472 482
472 665
473 473
473 478
473 524
473 665
474 474
474 596
475 475
475 480
475 487
476 476
476 530
477 477
477 576
477 596
478 478
478 479
479 479
479 524
479 666
480 480
480 488
480 522
480 525
481 481
481 488
481 518
481 522
482 482
482 484
483 483
483 518
484 484
484 544
484 545
485 485
485 486
485 494
485 496
485 498
485 499
485 500
485 511
486 486
486 501
486 520
486 537
487 487
487 488
487 498
488 488
488 490
488 491
488 502
488 507
488 518
488 522
488 535
489 489
489 513
489 520
489 526
489 528
490 490
490 501
490 521
491 491
491 497
491 502
491 507
491 519
491 535
491 539
492 492
492 505
492 508
492 514
493 493
493 510
494 494
494 516
494 543
495 495
495 496
495 508
495 519
496 496
496 497
496 499
496 520
497 497
497 519
497 539
498 498
498 499
499 499
500 500
500 501
501 501
501 525
502 502
502 539
503 503
503 504
504 504
504 507
505 505
505 507
506 506
506 507
507 507
507 535
508 508
508 528
509 509
509 514
509 516
510 510
510 511
510 516
510 527
511 511
512 512
512 514
512 543
513 513
513 515
513 531
513 537
514 514
514 515
515 515
516 516
516 543
517 517
517 530
518 518
519 519
519 526
520 520
521 521
521 522
521 525
521 530
522 522
523 523
523 536
523 542
524 524
524 557
525 525
526 526
526 528
526 529
527 527
528 528
529 529
529 535
530 530
530 542
531 531
531 532
532 532
532 533
533 533
533 534
534 534
534 556
535 535
535 536
536 536
537 537
537 543
538 538
538 576
538 597
539 539
540 540
540 541
541 541
542 542
543 543
544 544
544 545
544 546
544 547
544 548
545 545
546 546
547 547
547 596
548 548
548 596
549 549
549 550
549 554
549 562
549 611
549 635
549 642
549 653
550 550
550 652
551 551
551 552
551 553
551 578
551 629
551 640
552 552
552 582
552 583
552 590
552 604
552 648
552 649
553 553
553 577
553 590
553 606
553 611
553 616
553 622
553 633
553 657
554 554
554 613
554 626
555 555
555 557
555 611
555 626
555 631
555 634
556 556
556 557
556 638
557 557
558 558
558 560
558 576
558 600
558 616
559 559
559 561
559 576
559 577
559 599
560 560
560 565
560 566
560 578
561 561
561 562
561 564
561 576
561 602
562 562
562 563
562 647
563 563
563 564
563 569
563 612
563 613
564 564
564 569
564 623
564 642
565 565
565 567
565 568
565 624
565 641
566 566
566 568
566 575
566 644
567 567
567 569
568 568
568 569
568 612
568 613
569 569
569 570
569 639
569 662
570 570
570 592
570 651
571 571
571 572
571 592
571 659
572 572
572 615
572 646
572 647
573 573
573 600
573 617
573 636
574 574
574 576
574 599
574 600
575 575
575 617
575 658
576 576
577 577
577 589
577 594
578 578
578 604
578 624
579 579
579 580
579 582
580 580
580 581
580 585
580 610
580 618
581 581
581 582
581 648
582 582
582 602
582 605
583 583
583 605
583 621
584 584
584 618
584 621
584 645
585 585
585 586
585 660
586 586
586 588
586 605
587 587
587 588
587 643
587 645
588 588
588 589
588 591
588 608
589 589
589 616
589 622
589 657
590 590
590 602
590 628
590 652
591 591
591 593
591 594
591 607
592 592
592 651
593 593
593 594
593 595
593 601
594 594
595 595
595 596
595 601
595 606
596 596
596 601
597 597
598 598
598 603
598 610
598 618
598 645
598 650
599 599
599 646
600 600
601 601
602 602
602 623
603 603
603 604
603 649
604 604
604 643
604 650
605 605
606 606
606 607
606 620
606 654
607 607
607 608
608 608
608 609
608 622
608 657
609 609
609 621
609 661
610 610
610 648
610 660
611 611
611 644
611 663
612 612
612 613
612 644
613 613
614 614
614 615
614 635
614 647
615 615
615 617
615 619
615 636
615 658
616 616
617 617
617 651
618 618
618 649
619 619
619 651
620 620
620 654
621 621
621 660
622 622
623 623
623 624
623 628
624 624
624 629
625 625
625 626
625 632
626 626
626 635
627 627
627 636
627 653
628 628
628 629
629 629
630 630
630 644
631 631
631 637
631 638
631 665
632 632
632 633
632 655
633 633
634 634
635 635
636 636
636 646
637 637
637 656
637 663
638 638
639 639
639 644
640 640
640 641
640 644
641 641
642 642
643 643
643 661
644 644
644 658
644 663
645 645
646 646
647 647
648 648
649 649
650 650
651 651
652 652
652 662
652 663
653 653
654 654
655 655
655 656
656 656
657 657
658 658
659 659
660 660
661 661
662 662
663 663
664 664
665 665
666 666
667 667
668 668
668 669
669 669
670 670
670 671
671 671
672 672
673 673
673 674
674 674
675 675
675 677
676 676
677 677
677 678
678 678
678 679
679 679
680 680
680 681
681 681
681 682
682 682
683 683
684 684
