0 0
0 6
0 7
0 11
0 12
0 42
0 44
0 94
0 95
0 97
0 98
0 100
0 116
1 1
1 2
1 8
1 13
1 59
1 61
1 93
1 94
1 96
1 113
2 2
2 3
2 4
2 6
2 8
2 13
2 14
2 59
2 60
2 61
2 62
2 63
2 64
2 76
2 93
2 94
2 112
2 113
2 114
2 115
2 116
3 3
3 4
3 9
3 14
3 15
3 25
3 60
3 62
3 63
3 65
3 76
3 78
3 112
3 133
3 236
4 4
4 5
4 6
4 9
4 15
4 16
4 43
4 60
4 76
4 77
4 78
4 79
4 80
4 81
4 112
4 114
4 115
4 239
4 242
4 243
4 244
4 267
5 5
5 6
5 10
5 16
5 17
5 18
5 43
5 45
5 46
5 48
5 77
5 79
5 80
5 82
5 115
6 6
6 7
6 11
6 18
6 42
6 43
6 44
6 45
6 46
6 47
6 77
6 94
6 95
6 112
6 113
6 114
6 115
6 116
7 7
7 11
7 12
7 42
7 44
7 98
7 100
8 8
8 13
8 59
8 61
8 93
8 94
8 96
9 9
9 14
9 15
9 63
9 65
9 76
9 78
10 10
10 16
10 17
10 18
10 46
10 48
10 80
10 82
11 11
11 12
11 18
11 19
11 23
11 29
11 42
11 44
11 45
11 47
11 49
11 50
11 52
11 98
11 100
11 103
12 12
12 13
12 19
12 23
12 94
12 95
12 96
12 97
12 98
12 99
12 100
12 101
12 102
12 103
12 105
12 106
13 13
13 14
13 20
13 24
13 25
13 59
13 61
13 62
13 64
13 66
13 67
13 69
13 93
13 94
13 96
13 97
13 99
13 101
13 102
13 104
13 105
14 14
14 15
14 21
14 25
14 26
14 60
14 61
14 62
14 63
14 64
14 65
14 66
14 67
14 68
14 70
15 15
15 16
15 21
15 26
15 27
15 63
15 65
15 68
15 76
15 78
15 79
15 81
15 83
15 84
15 86
16 16
16 17
16 22
16 27
16 28
16 77
16 78
16 79
16 80
16 81
16 82
16 83
16 84
16 85
16 87
17 17
17 18
17 22
17 28
17 46
17 48
17 51
17 80
17 82
17 85
18 18
18 22
18 28
18 29
18 43
18 44
18 45
18 46
18 47
18 48
18 49
18 50
18 51
18 53
19 19
19 23
19 29
19 49
19 52
19 100
19 103
20 20
20 24
20 25
20 66
20 69
20 101
20 104
20 105
21 21
21 26
21 27
21 65
21 68
21 83
21 86
22 22
22 28
22 48
22 51
22 82
22 85
23 23
23 29
23 30
23 34
23 35
23 49
23 52
23 54
23 100
23 102
23 103
23 105
23 106
23 108
23 109
23 111
23 121
24 24
24 25
24 31
24 36
24 66
24 69
24 71
24 101
24 104
24 105
24 107
24 118
25 25
25 26
25 27
25 31
25 36
25 37
25 64
25 66
25 67
25 68
25 69
25 70
25 71
25 72
25 73
25 74
25 86
25 104
25 105
25 117
25 118
25 119
25 122
25 123
25 125
25 133
25 236
26 26
26 27
26 32
26 37
26 38
26 65
26 67
26 68
26 70
26 72
26 73
26 75
26 83
26 86
26 88
26 117
27 27
27 28
27 29
27 32
27 38
27 39
27 53
27 70
27 81
27 83
27 84
27 85
27 86
27 87
27 88
27 89
27 90
27 91
27 117
27 119
27 120
27 122
27 123
27 124
27 239
27 240
27 247
27 248
27 250
27 251
27 252
27 267
28 28
28 29
28 33
28 39
28 40
28 41
28 48
28 50
28 51
28 53
28 55
28 56
28 58
28 82
28 84
28 85
28 87
28 89
28 90
28 92
28 120
29 29
29 30
29 34
29 41
29 47
29 49
29 50
29 51
29 52
29 53
29 54
29 55
29 56
29 57
29 87
29 105
29 106
29 119
29 120
29 121
29 123
29 124
29 125
30 30
30 34
30 35
30 52
30 54
30 109
30 111
31 31
31 36
31 69
31 71
31 104
31 105
31 107
32 32
32 37
32 38
32 73
32 75
32 86
32 88
33 33
33 39
33 40
33 41
33 56
33 58
33 90
33 92
34 34
34 35
34 41
34 52
34 54
34 55
34 57
34 109
34 111
34 126
34 130
34 136
34 160
34 161
34 163
34 207
35 35
35 36
35 105
35 106
35 107
35 108
35 109
35 110
35 111
35 126
35 130
35 205
35 206
35 207
35 209
35 210
36 36
36 37
36 69
36 71
36 72
36 74
36 104
36 105
36 107
36 108
36 110
36 127
36 131
36 132
36 175
36 176
36 178
36 205
36 206
36 208
36 209
37 37
37 38
37 70
37 71
37 72
37 73
37 74
37 75
37 128
37 132
37 133
37 175
37 176
37 177
37 179
38 38
38 39
38 73
38 75
38 86
38 88
38 89
38 91
38 128
38 133
38 134
38 177
38 190
38 191
38 193
39 39
39 40
39 87
39 88
39 89
39 90
39 91
39 92
39 129
39 134
39 135
39 190
39 191
39 192
39 194
40 40
40 41
40 56
40 58
40 90
40 92
40 129
40 135
40 162
40 192
41 41
41 53
41 54
41 55
41 56
41 57
41 58
41 129
41 135
41 136
41 160
41 161
41 162
41 164
42 42
42 44
42 94
42 95
42 116
43 43
43 45
43 46
43 77
43 115
44 44
44 45
44 47
45 45
45 46
45 47
46 46
46 48
47 47
47 49
47 50
48 48
48 51
49 49
49 50
49 52
50 50
50 51
50 53
51 51
51 53
52 52
52 54
52 105
52 106
52 121
53 53
53 55
53 56
53 87
53 120
54 54
54 55
54 57
55 55
55 56
55 57
56 56
56 58
57 57
57 136
57 160
57 161
58 58
58 129
58 135
58 162
59 59
59 61
59 93
59 94
59 113
60 60
60 62
60 63
60 76
60 112
61 61
61 62
61 64
62 62
62 63
62 64
63 63
63 65
64 64
64 66
64 67
65 65
65 68
66 66
66 67
66 69
67 67
67 68
67 70
68 68
68 70
69 69
69 71
69 104
69 105
69 118
70 70
70 72
70 73
70 86
70 117
71 71
71 72
71 74
72 72
72 73
72 74
73 73
73 75
74 74
74 132
74 175
74 176
75 75
75 128
75 133
75 177
76 76
76 78
76 112
77 77
77 79
77 80
77 115
78 78
78 79
78 81
79 79
79 80
79 81
80 80
80 82
81 81
81 83
81 84
82 82
82 85
83 83
83 84
83 86
84 84
84 85
84 87
85 85
85 87
86 86
86 88
86 117
87 87
87 89
87 90
87 120
88 88
88 89
88 91
89 89
89 90
89 91
90 90
90 92
91 91
91 134
91 190
91 191
92 92
92 129
92 135
92 192
93 93
93 94
93 96
93 113
94 94
94 95
94 96
94 97
94 98
94 99
94 113
94 114
94 116
95 95
95 97
95 98
95 116
96 96
96 97
96 99
97 97
97 98
97 99
98 98
98 100
99 99
99 101
99 102
99 105
100 100
100 103
101 101
101 102
101 104
101 105
102 102
102 103
102 105
102 106
103 103
103 105
103 106
104 104
104 105
104 107
104 118
105 105
105 106
105 107
105 108
105 109
105 110
105 118
105 119
105 121
105 122
105 124
105 125
106 106
106 108
106 109
106 121
107 107
107 108
107 110
108 108
108 109
108 110
109 109
109 111
110 110
110 205
110 206
110 209
111 111
111 126
111 130
111 207
112 112
112 114
112 115
113 113
113 114
113 116
114 114
114 115
114 116
115 115
116 116
117 117
117 119
117 122
117 123
118 118
118 119
118 122
118 125
119 119
119 120
119 121
119 122
119 123
119 124
119 125
120 120
120 123
120 124
121 121
121 124
121 125
122 122
122 123
122 125
123 123
123 124
124 124
124 125
125 125
126 126
126 130
126 136
126 160
126 163
126 207
127 127
127 131
127 132
127 175
127 178
127 205
127 208
127 209
128 128
128 133
128 134
128 177
128 190
128 193
129 129
129 135
129 162
129 192
130 130
130 136
130 137
130 141
130 142
130 160
130 163
130 165
130 206
130 207
130 209
130 210
130 212
130 213
130 215
130 226
131 131
131 132
131 138
131 143
131 175
131 178
131 180
131 205
131 208
131 209
131 211
131 223
132 132
132 133
132 134
132 136
132 138
132 143
132 144
132 175
132 176
132 177
132 178
132 179
132 180
132 181
132 182
132 183
132 193
132 208
132 209
132 222
132 223
132 224
132 225
132 226
133 133
133 134
133 139
133 144
133 145
133 155
133 176
133 177
133 179
133 181
133 182
133 184
133 190
133 193
133 195
133 222
133 236
133 237
133 238
134 134
134 135
134 136
134 139
134 145
134 146
134 164
134 179
134 190
134 191
134 192
134 193
134 194
134 195
134 196
134 197
134 198
134 222
134 224
134 225
134 240
134 241
134 255
134 256
134 258
134 259
134 260
134 267
135 135
135 136
135 140
135 146
135 147
135 148
135 161
135 162
135 164
135 166
135 167
135 169
135 191
135 192
135 194
135 196
135 197
135 199
135 225
136 136
136 137
136 141
136 148
136 160
136 161
136 162
136 163
136 164
136 165
136 166
136 167
136 168
136 194
136 209
136 210
136 222
136 223
136 224
136 225
136 226
137 137
137 141
137 142
137 163
137 165
137 213
137 215
138 138
138 143
138 178
138 180
138 208
138 209
138 211
139 139
139 144
139 145
139 182
139 184
139 193
139 195
140 140
140 146
140 147
140 148
140 167
140 169
140 197
140 199
141 141
141 142
141 148
141 149
141 153
141 159
141 163
141 165
141 166
141 168
141 170
141 171
141 173
141 213
141 215
141 218
142 142
142 143
142 149
142 153
142 209
142 210
142 211
142 212
142 213
142 214
142 215
142 216
142 217
142 218
142 220
142 221
143 143
143 144
143 150
143 154
143 155
143 178
143 180
143 181
143 183
143 185
143 186
143 188
143 208
143 209
143 211
143 212
143 214
143 216
143 217
143 219
143 220
144 144
144 145
144 151
144 155
144 156
144 179
144 180
144 181
144 182
144 183
144 184
144 185
144 186
144 187
144 189
145 145
145 146
145 151
145 156
145 157
145 182
145 184
145 187
145 193
145 195
145 196
145 198
145 200
145 201
145 203
146 146
146 147
146 152
146 157
146 158
146 194
146 195
146 196
146 197
146 198
146 199
146 200
146 201
146 202
146 204
147 147
147 148
147 152
147 158
147 167
147 169
147 172
147 197
147 199
147 202
148 148
148 152
148 158
148 159
148 164
148 165
148 166
148 167
148 168
148 169
148 170
148 171
148 172
148 174
149 149
149 153
149 159
149 170
149 173
149 215
149 218
150 150
150 154
150 155
150 185
150 188
150 216
150 219
150 220
151 151
151 156
151 157
151 184
151 187
151 200
151 203
152 152
152 158
152 169
152 172
152 199
152 202
153 153
153 159
153 170
153 173
153 215
153 217
153 218
153 220
153 221
153 231
154 154
154 155
154 185
154 188
154 216
154 219
154 220
154 228
155 155
155 156
155 157
155 183
155 185
155 186
155 187
155 188
155 189
155 203
155 219
155 220
155 227
155 228
155 229
155 232
155 233
155 235
155 237
155 238
156 156
156 157
156 184
156 186
156 187
156 189
156 200
156 203
156 227
157 157
157 158
157 159
157 174
157 189
157 198
157 200
157 201
157 202
157 203
157 204
157 227
157 229
157 230
157 232
157 233
157 234
157 241
157 263
157 264
157 266
157 267
158 158
158 159
158 169
158 171
158 172
158 174
158 199
158 201
158 202
158 204
158 230
159 159
159 168
159 170
159 171
159 172
159 173
159 174
159 204
159 220
159 221
159 229
159 230
159 231
159 233
159 234
159 235
160 160
160 161
160 163
161 161
161 162
161 164
162 162
162 164
163 163
163 165
163 209
163 210
163 226
164 164
164 166
164 167
164 194
164 225
165 165
165 166
165 168
166 166
166 167
166 168
167 167
167 169
168 168
168 170
168 171
169 169
169 172
170 170
170 171
170 173
171 171
171 172
171 174
172 172
172 174
173 173
173 220
173 221
173 231
174 174
174 204
174 230
175 175
175 176
175 178
176 176
176 177
176 179
177 177
177 179
178 178
178 180
178 208
178 209
178 223
179 179
179 181
179 182
179 193
179 222
180 180
180 181
180 183
181 181
181 182
181 183
182 182
182 184
183 183
183 185
183 186
184 184
184 187
185 185
185 186
185 188
186 186
186 187
186 189
187 187
187 189
188 188
188 219
188 220
188 228
189 189
189 203
189 227
190 190
190 191
190 193
191 191
191 192
191 194
192 192
192 194
193 193
193 195
193 222
194 194
194 196
194 197
194 225
195 195
195 196
195 198
196 196
196 197
196 198
197 197
197 199
198 198
198 200
198 201
199 199
199 202
200 200
200 201
200 203
201 201
201 202
201 204
202 202
202 204
203 203
203 227
204 204
204 230
205 205
205 206
205 208
205 209
206 206
206 207
206 209
206 210
207 207
207 209
207 210
208 208
208 209
208 211
208 223
209 209
209 210
209 211
209 212
209 213
209 214
209 223
209 224
209 226
210 210
210 212
210 213
210 226
211 211
211 212
211 214
212 212
212 213
212 214
213 213
213 215
214 214
214 216
214 217
214 220
215 215
215 218
216 216
216 217
216 219
216 220
217 217
217 218
217 220
217 221
218 218
218 220
218 221
219 219
219 220
219 228
220 220
220 221
220 228
220 229
220 231
220 232
220 234
220 235
221 221
221 231
222 222
222 224
222 225
223 223
223 224
223 226
224 224
224 225
224 226
225 225
226 226
227 227
227 229
227 232
227 233
228 228
228 229
228 232
228 235
229 229
229 230
229 231
229 232
229 233
229 234
229 235
230 230
230 233
230 234
231 231
231 234
231 235
232 232
232 233
232 235
233 233
233 234
234 234
234 235
235 235
236 236
237 237
237 238
238 238
239 239
239 242
239 243
239 244
239 245
239 246
239 247
239 248
239 249
239 250
239 267
240 240
240 250
240 251
240 252
240 253
240 254
240 255
240 256
240 257
240 258
240 267
241 241
241 258
241 259
241 260
241 261
241 262
241 263
241 264
241 265
241 266
241 267
242 242
242 243
242 244
242 267
243 243
243 244
243 267
244 244
244 245
244 246
244 267
245 245
245 246
245 267
246 246
246 248
246 249
246 267
247 247
247 248
247 250
247 267
248 248
248 249
248 250
248 267
249 249
249 267
250 250
250 251
250 252
250 267
251 251
251 252
251 267
252 252
252 253
252 254
252 267
253 253
253 254
253 267
254 254
254 256
254 257
254 267
255 255
255 256
255 258
255 267
256 256
256 257
256 258
256 267
257 257
257 267
258 258
258 259
258 260
258 267
259 259
259 260
259 267
260 260
260 261
260 262
260 267
261 261
261 262
261 267
262 262
262 264
262 265
262 267
263 263
263 264
263 266
263 267
264 264
264 265
264 266
264 267
265 265
265 267
266 266
266 267
267 267
