0 0
0 7
0 8
0 55
0 56
1 1
1 29
1 30
1 34
1 37
1 38
1 49
1 51
1 78
1 79
1 83
1 85
1 86
1 96
1 98
1 125
1 126
1 130
1 132
1 133
1 143
1 145
1 174
1 175
1 179
1 181
1 182
1 192
1 194
1 230
1 231
1 234
1 235
1 238
1 239
2 2
2 21
2 22
2 26
2 29
2 30
2 47
2 49
2 71
2 72
2 76
2 78
2 79
2 94
2 96
2 118
2 119
2 123
2 125
2 126
2 141
2 143
2 167
2 168
2 172
2 174
2 175
2 190
2 192
2 218
2 219
2 222
2 223
2 226
2 227
3 3
3 13
3 14
3 18
3 21
3 22
3 45
3 47
3 64
3 65
3 69
3 71
3 72
3 92
3 94
3 111
3 112
3 116
3 118
3 119
3 139
3 141
3 160
3 161
3 165
3 167
3 168
3 188
3 190
3 206
3 207
3 210
3 211
3 214
3 215
4 4
4 32
4 33
4 36
4 40
4 41
4 50
4 52
4 81
4 82
4 84
4 88
4 89
4 97
4 99
4 128
4 129
4 131
4 135
4 136
4 144
4 146
4 177
4 178
4 180
4 184
4 185
4 193
4 195
4 277
4 278
4 281
4 282
4 285
4 286
5 5
5 24
5 25
5 28
5 32
5 33
5 48
5 50
5 74
5 75
5 77
5 81
5 82
5 95
5 97
5 121
5 122
5 124
5 128
5 129
5 142
5 144
5 170
5 171
5 173
5 177
5 178
5 191
5 193
5 265
5 266
5 269
5 270
5 273
5 274
6 6
6 16
6 17
6 20
6 24
6 25
6 46
6 48
6 67
6 68
6 70
6 74
6 75
6 93
6 95
6 114
6 115
6 117
6 121
6 122
6 140
6 142
6 163
6 164
6 166
6 170
6 171
6 189
6 191
6 253
6 254
6 257
6 258
6 261
6 262
7 7
7 9
7 55
8 8
8 9
8 56
9 9
9 10
9 55
9 56
10 10
10 11
10 12
10 14
10 15
10 16
10 57
11 11
11 13
11 14
11 15
11 55
12 12
12 15
12 16
12 17
12 56
13 13
13 14
13 18
13 55
13 210
14 14
14 15
14 18
14 19
14 55
14 210
15 15
15 16
15 18
15 19
15 20
16 16
16 17
16 19
16 20
16 56
16 257
17 17
17 20
17 56
17 257
18 18
18 19
18 21
18 22
18 23
18 210
19 19
19 20
19 22
19 23
19 24
19 58
20 20
20 23
20 24
20 25
20 257
21 21
21 22
21 26
21 210
22 22
22 23
22 26
22 27
22 210
23 23
23 24
23 26
23 27
23 28
24 24
24 25
24 27
24 28
24 257
25 25
25 28
25 257
26 26
26 27
26 29
26 30
26 31
27 27
27 28
27 30
27 31
27 32
27 59
28 28
28 31
28 32
28 33
29 29
29 30
29 34
29 234
30 30
30 31
30 34
30 35
30 234
31 31
31 32
31 34
31 35
31 36
32 32
32 33
32 35
32 36
32 281
33 33
33 36
33 281
34 34
34 35
34 37
34 38
34 39
34 234
35 35
35 36
35 38
35 39
35 40
35 60
36 36
36 39
36 40
36 41
36 281
37 37
37 38
37 42
37 53
37 102
37 234
38 38
38 39
38 42
38 43
38 53
38 102
38 234
39 39
39 40
39 42
39 43
39 44
40 40
40 41
40 43
40 44
40 54
40 103
40 281
41 41
41 44
41 54
41 103
41 281
42 42
42 43
42 53
42 102
43 43
43 44
43 61
44 44
44 54
44 103
45 45
45 55
45 210
46 46
46 56
46 257
47 47
47 210
48 48
48 257
49 49
49 234
50 50
50 281
51 51
51 53
51 102
51 234
52 52
52 54
52 103
52 281
53 53
53 102
54 54
54 103
55 55
55 100
55 149
56 56
56 101
56 150
57 57
57 62
57 63
57 65
57 66
57 67
57 104
58 58
58 65
58 66
58 67
58 69
58 70
58 72
58 73
58 74
58 105
59 59
59 72
59 73
59 74
59 76
59 77
59 79
59 80
59 81
59 106
60 60
60 79
60 80
60 81
60 83
60 84
60 86
60 87
60 88
60 107
61 61
61 86
61 87
61 88
61 90
61 91
61 108
62 62
62 64
62 65
62 66
62 100
62 149
63 63
63 66
63 67
63 68
63 101
63 150
64 64
64 65
64 69
64 100
64 149
64 210
65 65
65 66
65 69
65 100
65 149
65 210
66 66
66 67
66 69
66 70
67 67
67 68
67 70
67 101
67 150
67 257
68 68
68 70
68 101
68 150
68 257
69 69
69 71
69 72
69 73
69 210
70 70
70 73
70 74
70 75
70 257
71 71
71 72
71 76
71 210
72 72
72 73
72 76
72 210
73 73
73 74
73 76
73 77
74 74
74 75
74 77
74 257
75 75
75 77
75 257
76 76
76 78
76 79
76 80
77 77
77 80
77 81
77 82
78 78
78 79
78 83
78 234
79 79
79 80
79 83
79 234
80 80
80 81
80 83
80 84
81 81
81 82
81 84
81 281
82 82
82 84
82 281
83 83
83 85
83 86
83 87
83 234
84 84
84 87
84 88
84 89
84 281
85 85
85 86
85 90
85 102
85 234
86 86
86 87
86 90
86 102
86 234
87 87
87 88
87 90
87 91
88 88
88 89
88 91
88 103
88 281
89 89
89 91
89 103
89 281
90 90
90 102
91 91
91 103
92 92
92 100
92 149
92 210
93 93
93 101
93 150
93 257
94 94
94 210
95 95
95 257
96 96
96 234
97 97
97 281
98 98
98 102
98 234
99 99
99 103
99 281
100 100
100 149
101 101
101 150
102 102
102 147
102 196
103 103
103 148
103 197
104 104
104 109
104 110
104 112
104 113
104 114
104 152
105 105
105 112
105 113
105 114
105 116
105 117
105 119
105 120
105 121
105 154
106 106
106 119
106 120
106 121
106 123
106 124
106 126
106 127
106 128
106 155
107 107
107 126
107 127
107 128
107 130
107 131
107 133
107 134
107 135
107 156
108 108
108 133
108 134
108 135
108 137
108 138
108 157
109 109
109 111
109 112
109 113
109 149
110 110
110 113
110 114
110 115
110 150
111 111
111 112
111 116
111 149
111 210
112 112
112 113
112 116
112 149
112 210
113 113
113 114
113 116
113 117
114 114
114 115
114 117
114 150
114 257
115 115
115 117
115 150
115 257
116 116
116 118
116 119
116 120
116 210
117 117
117 120
117 121
117 122
117 257
118 118
118 119
118 123
118 210
119 119
119 120
119 123
119 210
120 120
120 121
120 123
120 124
121 121
121 122
121 124
121 257
122 122
122 124
122 257
123 123
123 125
123 126
123 127
124 124
124 127
124 128
124 129
125 125
125 126
125 130
125 234
126 126
126 127
126 130
126 234
127 127
127 128
127 130
127 131
128 128
128 129
128 131
128 281
129 129
129 131
129 281
130 130
130 132
130 133
130 134
130 234
131 131
131 134
131 135
131 136
131 281
132 132
132 133
132 137
132 147
132 196
132 234
133 133
133 134
133 137
133 147
133 196
133 234
134 134
134 135
134 137
134 138
135 135
135 136
135 138
135 148
135 197
135 281
136 136
136 138
136 148
136 197
136 281
137 137
137 147
137 196
138 138
138 148
138 197
139 139
139 149
139 210
140 140
140 150
140 257
141 141
141 210
142 142
142 257
143 143
143 234
144 144
144 281
145 145
145 147
145 196
145 234
146 146
146 148
146 197
146 281
147 147
147 196
148 148
148 197
149 149
149 151
150 150
150 153
151 151
151 158
151 160
151 161
151 188
152 152
152 158
152 159
152 161
152 162
152 163
153 153
153 159
153 163
153 164
153 189
154 154
154 161
154 162
154 163
154 165
154 166
154 168
154 169
154 170
155 155
155 168
155 169
155 170
155 172
155 173
155 175
155 176
155 177
156 156
156 175
156 176
156 177
156 179
156 180
156 182
156 183
156 184
157 157
157 182
157 183
157 184
157 186
157 187
158 158
158 160
158 161
158 162
159 159
159 162
159 163
159 164
160 160
160 161
160 165
160 210
161 161
161 162
161 165
161 210
162 162
162 163
162 165
162 166
163 163
163 164
163 166
163 257
164 164
164 166
164 257
165 165
165 167
165 168
165 169
165 210
166 166
166 169
166 170
166 171
166 257
167 167
167 168
167 172
167 210
168 168
168 169
168 172
168 210
169 169
169 170
169 172
169 173
170 170
170 171
170 173
170 257
171 171
171 173
171 257
172 172
172 174
172 175
172 176
173 173
173 176
173 177
173 178
174 174
174 175
174 179
174 234
175 175
175 176
175 179
175 234
176 176
176 177
176 179
176 180
177 177
177 178
177 180
177 281
178 178
178 180
178 281
179 179
179 181
179 182
179 183
179 234
180 180
180 183
180 184
180 185
180 281
181 181
181 182
181 186
181 196
181 234
182 182
182 183
182 186
182 196
182 234
183 183
183 184
183 186
183 187
184 184
184 185
184 187
184 197
184 281
185 185
185 187
185 197
185 281
186 186
186 196
187 187
187 197
188 188
188 210
189 189
189 257
190 190
190 210
191 191
191 257
192 192
192 234
193 193
193 281
194 194
194 196
194 234
195 195
195 197
195 281
196 196
197 197
198 198
198 199
198 202
198 203
199 199
199 200
199 202
199 203
199 204
200 200
200 201
200 203
200 204
200 205
201 201
201 204
201 205
202 202
202 203
202 206
202 207
203 203
203 204
203 206
203 207
203 208
204 204
204 205
204 207
204 208
204 209
205 205
205 208
205 209
206 206
206 207
206 210
206 211
207 207
207 208
207 210
207 211
207 212
208 208
208 209
208 211
208 212
208 213
209 209
209 212
209 213
210 210
210 211
210 214
210 215
211 211
211 212
211 214
211 215
211 216
212 212
212 213
212 215
212 216
212 217
213 213
213 216
213 217
214 214
214 215
214 218
214 219
215 215
215 216
215 218
215 219
215 220
216 216
216 217
216 219
216 220
216 221
217 217
217 220
217 221
218 218
218 219
218 222
218 223
219 219
219 220
219 222
219 223
219 224
220 220
220 221
220 223
220 224
220 225
221 221
221 224
221 225
222 222
222 223
222 226
222 227
223 223
223 224
223 226
223 227
223 228
224 224
224 225
224 227
224 228
224 229
225 225
225 228
225 229
226 226
226 227
226 230
226 231
227 227
227 228
227 230
227 231
227 232
228 228
228 229
228 231
228 232
228 233
229 229
229 232
229 233
230 230
230 231
230 234
230 235
231 231
231 232
231 234
231 235
231 236
232 232
232 233
232 235
232 236
232 237
233 233
233 236
233 237
234 234
234 235
234 238
234 239
235 235
235 236
235 238
235 239
235 240
236 236
236 237
236 239
236 240
236 241
237 237
237 240
237 241
238 238
238 239
238 242
238 243
239 239
239 240
239 242
239 243
239 244
240 240
240 241
240 243
240 244
241 241
241 244
242 242
242 243
243 243
243 244
244 244
245 245
245 246
245 249
245 250
246 246
246 247
246 249
246 250
246 251
247 247
247 248
247 250
247 251
247 252
248 248
248 251
248 252
249 249
249 250
249 253
249 254
250 250
250 251
250 253
250 254
250 255
251 251
251 252
251 254
251 255
251 256
252 252
252 255
252 256
253 253
253 254
253 257
253 258
254 254
254 255
254 257
254 258
254 259
255 255
255 256
255 258
255 259
255 260
256 256
256 259
256 260
257 257
257 258
257 261
257 262
258 258
258 259
258 261
258 262
258 263
259 259
259 260
259 262
259 263
259 264
260 260
260 263
260 264
261 261
261 262
261 265
261 266
262 262
262 263
262 265
262 266
262 267
263 263
263 264
263 266
263 267
263 268
264 264
264 267
264 268
265 265
265 266
265 269
265 270
266 266
266 267
266 269
266 270
266 271
267 267
267 268
267 270
267 271
267 272
268 268
268 271
268 272
269 269
269 270
269 273
269 274
270 270
270 271
270 273
270 274
270 275
271 271
271 272
271 274
271 275
271 276
272 272
272 275
272 276
273 273
273 274
273 277
273 278
274 274
274 275
274 277
274 278
274 279
275 275
275 276
275 278
275 279
275 280
276 276
276 279
276 280
277 277
277 278
277 281
277 282
278 278
278 279
278 281
278 282
278 283
279 279
279 280
279 282
279 283
279 284
280 280
280 283
280 284
281 281
281 282
281 285
281 286
282 282
282 283
282 285
282 286
282 287
283 283
283 284
283 286
283 287
283 288
284 284
284 287
284 288
285 285
285 286
285 289
285 290
286 286
286 287
286 289
286 290
286 291
287 287
287 288
287 290
287 291
288 288
288 291
289 289
289 290
290 290
290 291
291 291
