0 0
0 1
0 15
0 16
0 17
0 31
0 64
0 65
0 79
1 1
1 2
1 16
1 17
1 18
1 64
1 65
1 66
2 2
2 3
2 17
2 18
2 19
2 65
2 66
2 67
2 216
3 3
3 4
3 18
3 19
3 20
3 66
3 67
3 68
4 4
4 5
4 19
4 20
4 21
4 67
4 68
4 69
4 292
4 319
4 385
4 407
5 5
5 6
5 20
5 21
5 22
5 68
5 69
5 70
6 6
6 7
6 21
6 22
6 23
6 69
6 70
6 71
6 224
7 7
7 8
7 22
7 23
7 24
7 70
7 71
7 72
8 8
8 9
8 23
8 24
8 25
8 71
8 72
8 73
9 9
9 10
9 24
9 25
9 26
9 72
9 73
9 74
10 10
10 11
10 25
10 26
10 27
10 73
10 74
10 75
10 232
11 11
11 12
11 26
11 27
11 28
11 74
11 75
11 76
12 12
12 13
12 27
12 28
12 29
12 75
12 76
12 77
12 288
12 315
12 381
12 403
13 13
13 14
13 28
13 29
13 30
13 76
13 77
13 78
14 14
14 15
14 29
14 30
14 31
14 77
14 78
14 79
14 240
15 15
15 16
15 30
15 31
15 64
15 78
15 79
16 16
16 17
16 31
16 32
16 33
16 47
17 17
17 18
17 32
17 33
17 34
18 18
18 19
18 33
18 34
18 35
19 19
19 20
19 34
19 35
19 36
20 20
20 21
20 35
20 36
20 37
21 21
21 22
21 36
21 37
21 38
22 22
22 23
22 37
22 38
22 39
23 23
23 24
23 38
23 39
23 40
24 24
24 25
24 39
24 40
24 41
25 25
25 26
25 40
25 41
25 42
26 26
26 27
26 41
26 42
26 43
27 27
27 28
27 42
27 43
27 44
28 28
28 29
28 43
28 44
28 45
29 29
29 30
29 44
29 45
29 46
30 30
30 31
30 45
30 46
30 47
31 31
31 32
31 46
31 47
32 32
32 33
32 47
32 48
32 49
32 63
33 33
33 34
33 48
33 49
33 50
34 34
34 35
34 49
34 50
34 51
35 35
35 36
35 50
35 51
35 52
36 36
36 37
36 51
36 52
36 53
37 37
37 38
37 52
37 53
37 54
38 38
38 39
38 53
38 54
38 55
39 39
39 40
39 54
39 55
39 56
40 40
40 41
40 55
40 56
40 57
41 41
41 42
41 56
41 57
41 58
42 42
42 43
42 57
42 58
42 59
43 43
43 44
43 58
43 59
43 60
44 44
44 45
44 59
44 60
44 61
45 45
45 46
45 60
45 61
45 62
46 46
46 47
46 61
46 62
46 63
47 47
47 48
47 62
47 63
48 48
48 49
48 63
48 268
48 269
48 270
49 49
49 50
49 269
49 270
49 271
50 50
50 51
50 248
50 249
50 271
51 51
51 52
51 249
51 250
51 251
52 52
52 53
52 250
52 251
52 252
53 53
53 54
53 251
53 252
53 253
54 54
54 55
54 253
54 254
54 255
55 55
55 56
55 255
55 256
55 257
56 56
56 57
56 256
56 257
56 258
57 57
57 58
57 257
57 258
57 259
58 58
58 59
58 259
58 260
58 261
59 59
59 60
59 261
59 262
59 263
60 60
60 61
60 262
60 263
60 264
61 61
61 62
61 263
61 264
61 265
62 62
62 63
62 265
62 266
62 267
63 63
63 267
63 268
63 269
64 64
64 65
64 79
64 80
64 81
64 95
65 65
65 66
65 80
65 81
65 82
66 66
66 67
66 81
66 82
66 83
67 67
67 68
67 82
67 83
67 84
68 68
68 69
68 83
68 84
68 85
69 69
69 70
69 84
69 85
69 86
70 70
70 71
70 85
70 86
70 87
71 71
71 72
71 86
71 87
71 88
72 72
72 73
72 87
72 88
72 89
73 73
73 74
73 88
73 89
73 90
74 74
74 75
74 89
74 90
74 91
75 75
75 76
75 90
75 91
75 92
76 76
76 77
76 91
76 92
76 93
77 77
77 78
77 92
77 93
77 94
78 78
78 79
78 93
78 94
78 95
79 79
79 80
79 94
79 95
80 80
80 81
80 95
80 96
80 97
80 111
80 297
81 81
81 82
81 96
81 97
81 98
82 82
82 83
82 97
82 98
82 99
83 83
83 84
83 98
83 99
83 100
84 84
84 85
84 99
84 100
84 101
85 85
85 86
85 100
85 101
85 102
86 86
86 87
86 101
86 102
86 103
87 87
87 88
87 102
87 103
87 104
88 88
88 89
88 103
88 104
88 105
88 388
89 89
89 90
89 104
89 105
89 106
90 90
90 91
90 105
90 106
90 107
91 91
91 92
91 106
91 107
91 108
92 92
92 93
92 107
92 108
92 109
93 93
93 94
93 108
93 109
93 110
94 94
94 95
94 109
94 110
94 111
95 95
95 96
95 110
95 111
96 96
96 97
96 111
96 112
96 113
96 127
97 97
97 98
97 112
97 113
97 114
98 98
98 99
98 113
98 114
98 115
99 99
99 100
99 114
99 115
99 116
100 100
100 101
100 115
100 116
100 117
101 101
101 102
101 116
101 117
101 118
102 102
102 103
102 117
102 118
102 119
103 103
103 104
103 118
103 119
103 120
104 104
104 105
104 119
104 120
104 121
105 105
105 106
105 120
105 121
105 122
106 106
106 107
106 121
106 122
106 123
107 107
107 108
107 122
107 123
107 124
108 108
108 109
108 123
108 124
108 125
109 109
109 110
109 124
109 125
109 126
110 110
110 111
110 125
110 126
110 127
111 111
111 112
111 126
111 127
112 112
112 113
112 127
112 128
112 129
112 143
113 113
113 114
113 128
113 129
113 130
114 114
114 115
114 129
114 130
114 131
115 115
115 116
115 130
115 131
115 132
116 116
116 117
116 131
116 132
116 133
116 299
117 117
117 118
117 132
117 133
117 134
118 118
118 119
118 133
118 134
118 135
119 119
119 120
119 134
119 135
119 136
120 120
120 121
120 135
120 136
120 137
121 121
121 122
121 136
121 137
121 138
122 122
122 123
122 137
122 138
122 139
122 414
123 123
123 124
123 138
123 139
123 140
124 124
124 125
124 139
124 140
124 141
124 295
125 125
125 126
125 140
125 141
125 142
126 126
126 127
126 141
126 142
126 143
126 328
127 127
127 128
127 142
127 143
128 128
128 129
128 143
128 144
128 145
128 159
129 129
129 130
129 144
129 145
129 146
130 130
130 131
130 145
130 146
130 147
131 131
131 132
131 146
131 147
131 148
132 132
132 133
132 147
132 148
132 149
133 133
133 134
133 148
133 149
133 150
134 134
134 135
134 149
134 150
134 151
135 135
135 136
135 150
135 151
135 152
136 136
136 137
136 151
136 152
136 153
137 137
137 138
137 152
137 153
137 154
138 138
138 139
138 153
138 154
138 155
139 139
139 140
139 154
139 155
139 156
140 140
140 141
140 155
140 156
140 157
141 141
141 142
141 156
141 157
141 158
142 142
142 143
142 157
142 158
142 159
143 143
143 144
143 158
143 159
144 144
144 145
144 159
144 160
144 161
144 175
145 145
145 146
145 160
145 161
145 162
146 146
146 147
146 161
146 162
146 163
147 147
147 148
147 162
147 163
147 164
148 148
148 149
148 163
148 164
148 165
149 149
149 150
149 164
149 165
149 166
150 150
150 151
150 165
150 166
150 167
151 151
151 152
151 166
151 167
151 168
152 152
152 153
152 167
152 168
152 169
153 153
153 154
153 168
153 169
153 170
154 154
154 155
154 169
154 170
154 171
155 155
155 156
155 170
155 171
155 172
156 156
156 157
156 171
156 172
156 173
157 157
157 158
157 172
157 173
157 174
158 158
158 159
158 173
158 174
158 175
159 159
159 160
159 174
159 175
160 160
160 161
160 175
160 199
160 200
160 201
161 161
161 162
161 201
161 202
162 162
162 163
162 202
162 203
162 204
163 163
163 164
163 204
163 205
163 206
164 164
164 165
164 205
164 206
164 207
165 165
165 166
165 206
165 207
165 208
166 166
166 167
166 183
166 184
166 208
167 167
167 168
167 184
167 185
168 168
168 169
168 185
168 186
168 187
169 169
169 170
169 187
169 188
169 209
170 170
170 171
170 209
170 210
170 211
170 414
171 171
171 172
171 210
171 211
171 212
172 172
172 173
172 211
172 212
172 213
173 173
173 174
173 212
173 213
173 214
174 174
174 175
174 213
174 214
174 215
174 328
175 175
175 198
175 199
175 215
176 176
176 177
176 203
176 204
176 280
176 333
176 334
177 177
177 178
177 203
177 204
177 205
177 332
177 333
177 334
178 178
178 179
178 204
178 205
178 206
178 332
178 333
179 179
179 180
179 205
179 206
179 207
179 332
180 180
180 181
180 206
180 207
180 208
180 331
180 332
181 181
181 182
181 183
181 207
181 208
181 330
181 331
181 332
182 182
182 183
182 208
182 329
182 330
182 331
183 183
183 184
183 208
184 184
184 185
184 208
185 185
185 186
186 186
186 187
187 187
187 188
188 188
188 189
188 209
189 189
189 190
189 191
189 209
189 210
190 190
190 191
190 210
190 367
190 415
190 416
191 191
191 192
191 210
191 211
191 415
191 416
191 417
192 192
192 193
192 210
192 211
192 212
192 416
192 417
193 193
193 194
193 211
193 212
193 213
193 417
194 194
194 195
194 212
194 213
194 214
194 417
194 418
195 195
195 196
195 197
195 213
195 214
195 417
195 418
195 419
196 196
196 197
196 214
196 272
196 418
196 419
197 197
197 198
197 214
197 215
198 198
198 199
198 215
199 199
199 200
200 200
200 201
201 201
201 202
202 202
202 203
202 204
203 203
203 204
204 204
204 205
205 205
205 206
206 206
206 207
207 207
207 208
208 208
209 209
209 210
210 210
210 211
211 211
211 212
212 212
212 213
213 213
213 214
214 214
214 215
215 215
216 216
216 217
216 247
216 248
216 326
216 327
217 217
217 218
217 247
217 248
217 249
217 327
217 364
217 365
218 218
218 219
218 248
218 249
218 250
218 363
218 364
218 365
219 219
219 220
219 249
219 250
219 251
219 363
219 364
220 220
220 221
220 250
220 251
220 252
220 363
221 221
221 222
221 251
221 252
221 253
221 362
221 363
222 222
222 223
222 252
222 253
222 254
222 361
222 362
222 363
223 223
223 224
223 225
223 253
223 254
223 361
223 362
223 366
224 224
224 225
224 254
224 366
224 413
225 225
225 226
225 254
225 255
225 366
225 410
225 413
226 226
226 227
226 254
226 255
226 256
226 410
226 413
227 227
227 228
227 255
227 256
227 257
227 409
227 410
228 228
228 229
228 256
228 257
228 258
228 408
228 409
228 410
229 229
229 230
229 257
229 258
229 259
229 408
229 409
230 230
230 231
230 258
230 259
230 260
230 408
230 412
231 231
231 232
231 233
231 259
231 260
231 408
231 411
231 412
232 232
232 233
232 260
232 411
232 412
233 233
233 234
233 260
233 261
233 411
233 440
233 441
234 234
234 235
234 260
234 261
234 262
234 440
234 441
234 442
235 235
235 236
235 261
235 262
235 263
235 441
235 442
236 236
236 237
236 262
236 263
236 264
236 442
237 237
237 238
237 263
237 264
237 265
237 442
237 443
238 238
238 239
238 264
238 265
238 266
238 442
238 443
238 444
239 239
239 240
239 241
239 265
239 266
239 324
239 443
239 444
240 240
240 241
240 266
240 324
240 325
241 241
241 242
241 266
241 267
241 321
241 324
241 325
242 242
242 243
242 266
242 267
242 268
242 321
242 325
243 243
243 244
243 267
243 268
243 269
243 321
243 322
244 244
244 245
244 268
244 269
244 270
244 321
244 322
244 323
245 245
245 246
245 269
245 270
245 271
245 322
245 323
246 246
246 247
246 248
246 270
246 271
246 323
246 326
247 247
247 248
247 271
247 323
247 326
247 327
248 248
248 249
248 271
249 249
249 250
249 271
250 250
250 251
251 251
251 252
252 252
252 253
253 253
253 254
253 255
254 254
254 255
255 255
255 256
256 256
256 257
257 257
257 258
258 258
258 259
259 259
259 260
259 261
260 260
260 261
261 261
261 262
262 262
262 263
263 263
263 264
264 264
264 265
265 265
265 266
265 267
266 266
266 267
267 267
267 268
268 268
268 269
269 269
269 270
270 270
270 271
271 271
272 272
272 273
272 282
272 419
272 424
273 273
273 274
273 282
273 283
274 274
274 275
274 281
274 283
275 275
275 276
275 281
275 283
276 276
276 277
276 281
277 277
277 278
277 281
277 285
278 278
278 279
278 281
278 285
279 279
279 280
279 285
279 286
280 280
280 286
280 334
280 340
281 281
281 283
281 284
281 285
282 282
282 283
282 287
282 288
282 419
282 424
282 429
283 283
283 284
283 288
283 289
283 290
284 284
284 285
284 289
284 290
284 291
285 285
285 286
285 290
285 291
285 292
286 286
286 292
286 293
286 334
286 340
286 346
287 287
287 288
287 294
287 295
287 424
287 429
288 288
288 289
288 294
288 295
288 296
288 328
289 289
289 290
289 295
289 296
289 297
290 290
290 291
290 297
291 291
291 292
291 297
291 298
291 299
292 292
292 293
292 298
292 299
292 300
293 293
293 299
293 300
293 340
293 346
294 294
294 295
294 301
294 429
294 434
295 295
295 296
295 301
295 302
296 296
296 297
296 302
296 303
297 297
297 298
297 302
297 303
297 304
298 298
298 299
298 303
298 304
298 305
299 299
299 300
299 304
299 305
299 306
300 300
300 305
300 306
300 346
300 353
301 301
301 307
301 308
301 434
301 439
302 302
302 303
302 308
302 309
302 310
303 303
303 304
303 309
303 310
303 311
304 304
304 305
304 310
304 311
304 312
305 305
305 306
305 311
305 312
305 313
306 306
306 312
306 313
306 353
306 359
307 307
307 308
307 314
307 315
307 434
307 439
307 444
308 308
308 309
308 314
308 315
308 316
309 309
309 310
309 315
309 316
309 317
310 310
310 311
310 316
310 317
310 318
311 311
311 312
311 317
311 318
311 319
312 312
312 313
312 318
312 319
312 320
313 313
313 319
313 320
313 353
313 359
313 365
314 314
314 315
314 324
314 325
314 439
314 444
315 315
315 316
315 321
315 324
315 325
316 316
316 317
316 321
316 322
316 325
317 317
317 318
317 321
317 322
317 323
318 318
318 319
318 322
318 323
318 326
319 319
319 320
319 323
319 326
319 327
320 320
320 326
320 327
320 359
320 365
321 321
321 322
321 325
322 322
322 323
323 323
323 326
324 324
324 325
324 444
325 325
326 326
326 327
327 327
327 365
328 328
329 329
329 330
329 335
329 336
329 374
330 330
330 331
330 335
330 336
330 337
331 331
331 332
331 336
331 337
331 338
332 332
332 333
332 337
332 338
332 339
333 333
333 334
333 338
333 339
333 340
334 334
334 339
334 340
335 335
335 336
335 341
335 342
335 374
335 379
335 385
336 336
336 337
336 341
336 342
336 343
337 337
337 338
337 342
337 343
337 344
338 338
338 339
338 343
338 344
338 345
339 339
339 340
339 344
339 345
339 346
340 340
340 345
340 346
341 341
341 342
341 347
341 385
341 389
342 342
342 343
342 347
342 349
342 350
343 343
343 344
343 349
343 350
343 351
344 344
344 345
344 350
344 351
344 352
345 345
345 346
345 351
345 352
345 353
346 346
346 352
346 353
347 347
347 348
347 349
347 385
347 389
347 395
348 348
348 349
348 354
348 355
348 389
348 395
348 401
349 349
349 350
349 354
349 355
349 356
350 350
350 351
350 355
350 356
350 357
351 351
351 352
351 356
351 357
351 358
352 352
352 353
352 357
352 358
352 359
353 353
353 358
353 359
354 354
354 355
354 360
354 361
354 395
354 401
354 407
355 355
355 356
355 360
355 361
355 362
356 356
356 357
356 361
356 362
356 363
357 357
357 358
357 362
357 363
357 364
358 358
358 359
358 363
358 364
358 365
359 359
359 364
359 365
360 360
360 361
360 366
360 401
360 407
360 413
361 361
361 362
361 366
362 362
362 363
363 363
363 364
364 364
364 365
365 365
366 366
366 407
366 413
367 367
367 368
367 376
367 415
367 420
368 368
368 369
368 376
368 377
369 369
369 370
369 375
369 377
370 370
370 371
370 375
370 377
371 371
371 372
371 375
372 372
372 373
372 375
372 379
373 373
373 374
373 375
373 379
374 374
374 379
375 375
375 377
375 378
375 379
376 376
376 377
376 380
376 381
376 415
376 420
376 425
377 377
377 378
377 381
377 382
377 383
378 378
378 379
378 382
378 383
378 384
379 379
379 383
379 384
379 385
380 380
380 381
380 386
380 387
380 420
380 425
381 381
381 382
381 386
381 387
381 388
381 414
382 382
382 383
382 387
382 388
383 383
383 384
383 388
384 384
384 385
384 388
384 389
385 385
385 388
385 389
386 386
386 387
386 390
386 391
386 425
386 430
387 387
387 388
387 390
387 391
387 392
387 393
388 388
388 389
388 392
388 393
388 394
389 389
389 393
389 394
389 395
390 390
390 391
390 396
390 397
390 430
390 435
391 391
391 392
391 396
391 397
391 398
392 392
392 393
392 397
392 398
392 399
393 393
393 394
393 398
393 399
393 400
394 394
394 395
394 399
394 400
394 401
395 395
395 400
395 401
396 396
396 397
396 402
396 403
396 430
396 435
396 440
397 397
397 398
397 402
397 403
397 404
398 398
398 399
398 403
398 404
398 405
399 399
399 400
399 404
399 405
399 406
400 400
400 401
400 405
400 406
400 407
401 401
401 406
401 407
402 402
402 403
402 411
402 412
402 435
402 440
403 403
403 404
403 408
403 411
403 412
404 404
404 405
404 408
404 409
404 412
405 405
405 406
405 408
405 409
405 410
406 406
406 407
406 409
406 410
406 413
407 407
407 410
407 413
408 408
408 409
408 412
409 409
409 410
410 410
410 413
411 411
411 412
411 440
412 412
413 413
414 414
415 415
415 416
415 420
415 421
416 416
416 417
416 420
416 421
416 422
417 417
417 418
417 421
417 422
417 423
418 418
418 419
418 422
418 423
418 424
419 419
419 423
419 424
420 420
420 421
420 425
420 426
421 421
421 422
421 425
421 426
421 427
422 422
422 423
422 426
422 427
422 428
423 423
423 424
423 427
423 428
423 429
424 424
424 428
424 429
425 425
425 426
425 430
425 431
426 426
426 427
426 430
426 431
426 432
427 427
427 428
427 431
427 432
427 433
428 428
428 429
428 432
428 433
428 434
429 429
429 433
429 434
430 430
430 431
430 435
430 436
431 431
431 432
431 435
431 436
431 437
432 432
432 433
432 436
432 437
432 438
433 433
433 434
433 437
433 438
433 439
434 434
434 438
434 439
435 435
435 436
435 440
435 441
436 436
436 437
436 440
436 441
436 442
437 437
437 438
437 441
437 442
437 443
438 438
438 439
438 442
438 443
438 444
439 439
439 443
439 444
440 440
440 441
441 441
441 442
442 442
442 443
443 443
443 444
444 444
