0 0
0 1
0 15
0 16
0 27
0 39
1 1
1 2
2 2
2 3
2 17
2 25
2 29
3 3
3 4
4 4
4 5
4 18
4 27
4 31
5 5
5 6
6 6
6 7
6 19
6 29
6 33
7 7
7 8
8 8
8 9
8 20
8 31
8 35
9 9
9 10
10 10
10 11
10 21
10 33
10 37
11 11
11 12
12 12
12 13
12 22
12 35
12 39
13 13
13 14
14 14
14 15
14 23
14 25
14 37
15 15
16 16
16 25
17 17
17 27
18 18
18 29
19 19
19 31
20 20
20 33
21 21
21 35
22 22
22 37
23 23
23 39
24 24
24 25
24 39
25 25
25 26
25 41
25 58
25 62
26 26
26 27
27 27
27 28
27 42
27 56
27 60
28 28
28 29
29 29
29 30
29 43
29 54
29 58
30 30
30 31
31 31
31 32
31 44
31 52
31 56
32 32
32 33
33 33
33 34
33 45
33 50
33 54
34 34
34 35
35 35
35 36
35 46
35 48
35 52
36 36
36 37
37 37
37 38
37 47
37 50
37 62
38 38
38 39
39 39
39 40
39 48
39 60
40 40
40 62
41 41
41 60
42 42
42 58
43 43
43 56
44 44
44 54
45 45
45 52
46 46
46 50
47 47
47 48
48 48
48 49
48 63
48 64
49 49
49 50
49 64
49 65
50 50
50 51
50 65
51 51
51 52
51 65
51 66
52 52
52 53
52 66
53 53
53 54
53 66
53 67
54 54
54 55
54 67
55 55
55 56
55 67
55 68
56 56
56 57
56 68
57 57
57 58
57 68
57 69
58 58
58 59
58 69
59 59
59 60
59 69
59 70
60 60
60 61
60 70
61 61
61 62
61 70
61 71
62 62
62 63
62 71
63 63
63 64
63 71
64 64
64 65
64 71
64 72
65 65
65 66
65 72
66 66
66 67
66 72
67 67
67 68
67 72
68 68
68 69
68 72
69 69
69 70
69 72
70 70
70 71
70 72
71 71
71 72
72 72
