0 0
0 1
0 15
0 16
0 114
0 115
0 116
0 152
0 153
0 403
0 404
0 418
0 419
0 518
0 806
0 807
0 808
0 837
1 1
1 2
1 16
1 17
1 18
1 114
1 115
1 116
1 117
1 118
1 119
1 154
1 155
1 156
1 403
1 404
1 405
1 420
1 521
1 807
1 808
1 809
1 810
2 2
2 3
2 18
2 117
2 118
2 119
2 120
2 121
2 404
2 405
2 406
2 421
2 524
2 809
2 810
2 811
2 812
3 3
3 4
3 18
3 19
3 20
3 117
3 120
3 121
3 122
3 123
3 124
3 157
3 158
3 159
3 405
3 406
3 407
3 422
3 526
3 811
3 812
3 813
3 814
4 4
4 5
4 20
4 122
4 123
4 124
4 125
4 126
4 406
4 407
4 408
4 423
4 529
4 813
4 814
4 815
4 816
5 5
5 6
5 20
5 21
5 22
5 122
5 125
5 126
5 127
5 128
5 129
5 160
5 161
5 162
5 407
5 408
5 409
5 424
5 531
5 815
5 816
5 817
5 818
6 6
6 7
6 22
6 126
6 127
6 128
6 129
6 130
6 131
6 408
6 409
6 410
6 425
6 534
6 817
6 818
6 819
6 820
7 7
7 8
7 22
7 23
7 24
7 126
7 130
7 131
7 132
7 133
7 134
7 163
7 164
7 165
7 409
7 410
7 411
7 426
7 536
7 819
7 820
7 821
7 822
8 8
8 9
8 24
8 132
8 133
8 134
8 135
8 136
8 410
8 411
8 412
8 427
8 539
8 821
8 822
8 823
8 824
9 9
9 10
9 24
9 25
9 26
9 132
9 135
9 136
9 137
9 138
9 139
9 166
9 167
9 168
9 411
9 412
9 413
9 428
9 541
9 823
9 824
9 825
9 826
10 10
10 11
10 26
10 137
10 138
10 139
10 140
10 141
10 412
10 413
10 414
10 429
10 544
10 825
10 826
10 827
10 828
11 11
11 12
11 26
11 27
11 28
11 137
11 140
11 141
11 142
11 143
11 144
11 169
11 170
11 171
11 413
11 414
11 415
11 430
11 546
11 827
11 828
11 829
11 830
12 12
12 13
12 28
12 142
12 143
12 144
12 145
12 146
12 414
12 415
12 416
12 431
12 549
12 829
12 830
12 831
12 832
13 13
13 14
13 28
13 29
13 30
13 142
13 145
13 146
13 147
13 148
13 149
13 172
13 173
13 174
13 415
13 416
13 417
13 432
13 551
13 831
13 832
13 833
13 834
14 14
14 15
14 30
14 147
14 148
14 149
14 150
14 151
14 416
14 417
14 418
14 433
14 554
14 833
14 834
14 835
14 836
15 15
15 16
15 30
15 31
15 116
15 147
15 150
15 151
15 152
15 153
15 175
15 176
15 177
15 403
15 417
15 418
15 434
15 555
15 806
15 835
15 836
15 837
16 16
16 17
16 31
16 32
16 48
16 114
16 115
16 116
16 152
16 153
16 154
16 155
16 175
16 177
16 178
16 179
16 201
16 202
16 203
16 403
16 419
16 420
16 434
16 435
16 451
17 17
17 18
17 32
17 33
17 34
17 114
17 119
17 154
17 155
17 156
17 178
17 179
17 180
17 181
17 204
17 205
17 206
17 404
17 419
17 420
17 421
17 436
18 18
18 19
18 34
18 117
18 118
18 119
18 120
18 121
18 154
18 156
18 157
18 158
18 180
18 181
18 182
18 405
18 420
18 421
18 422
18 437
19 19
19 20
19 34
19 35
19 36
19 120
19 124
19 157
19 158
19 159
19 180
19 182
19 183
19 184
19 207
19 208
19 209
19 406
19 421
19 422
19 423
19 438
20 20
20 21
20 36
20 122
20 123
20 124
20 125
20 126
20 157
20 159
20 160
20 161
20 183
20 184
20 185
20 407
20 422
20 423
20 424
20 439
21 21
21 22
21 36
21 37
21 38
21 125
21 129
21 160
21 161
21 162
21 183
21 185
21 186
21 187
21 210
21 211
21 212
21 408
21 423
21 424
21 425
21 440
22 22
22 23
22 38
22 126
22 127
22 128
22 129
22 130
22 131
22 160
22 162
22 163
22 164
22 186
22 187
22 188
22 409
22 424
22 425
22 426
22 441
23 23
23 24
23 38
23 39
23 40
23 130
23 134
23 163
23 164
23 165
23 186
23 188
23 189
23 190
23 213
23 214
23 215
23 410
23 425
23 426
23 427
23 442
24 24
24 25
24 40
24 132
24 133
24 134
24 135
24 136
24 163
24 165
24 166
24 167
24 189
24 190
24 191
24 411
24 426
24 427
24 428
24 443
25 25
25 26
25 40
25 41
25 42
25 135
25 139
25 166
25 167
25 168
25 189
25 191
25 192
25 193
25 216
25 217
25 218
25 412
25 427
25 428
25 429
25 444
26 26
26 27
26 42
26 137
26 138
26 139
26 140
26 141
26 166
26 168
26 169
26 170
26 192
26 193
26 194
26 413
26 428
26 429
26 430
26 445
27 27
27 28
27 42
27 43
27 44
27 140
27 144
27 169
27 170
27 171
27 192
27 194
27 195
27 196
27 219
27 220
27 221
27 414
27 429
27 430
27 431
27 446
28 28
28 29
28 44
28 142
28 143
28 144
28 145
28 146
28 169
28 171
28 172
28 173
28 195
28 196
28 197
28 415
28 430
28 431
28 432
28 447
29 29
29 30
29 44
29 45
29 46
29 145
29 149
29 172
29 173
29 174
29 195
29 197
29 198
29 199
29 222
29 223
29 224
29 416
29 431
29 432
29 433
29 448
30 30
30 31
30 46
30 147
30 148
30 149
30 150
30 151
30 172
30 174
30 175
30 176
30 198
30 199
30 200
30 417
30 432
30 433
30 434
30 449
31 31
31 46
31 47
31 48
31 150
31 153
31 175
31 176
31 177
31 198
31 200
31 201
31 202
31 225
31 226
31 227
31 418
31 419
31 433
31 434
31 450
31 451
32 32
32 33
32 48
32 49
32 50
32 155
32 178
32 179
32 201
32 203
32 204
32 205
32 230
32 231
32 232
32 233
32 234
32 419
32 435
32 436
32 451
32 453
33 33
33 34
33 50
33 51
33 52
33 178
33 181
33 204
33 205
33 206
33 232
33 234
33 235
33 236
33 261
33 262
33 263
33 420
33 435
33 436
33 437
33 454
34 34
34 35
34 52
34 156
34 158
34 180
34 181
34 182
34 204
34 206
34 207
34 208
34 235
34 236
34 237
34 421
34 436
34 437
34 438
34 455
35 35
35 36
35 52
35 53
35 54
35 182
35 184
35 207
35 208
35 209
35 235
35 237
35 238
35 239
35 264
35 265
35 266
35 422
35 437
35 438
35 439
35 456
36 36
36 37
36 54
36 159
36 161
36 183
36 184
36 185
36 207
36 209
36 210
36 211
36 238
36 239
36 240
36 423
36 438
36 439
36 440
36 457
37 37
37 38
37 54
37 55
37 56
37 185
37 187
37 210
37 211
37 212
37 238
37 240
37 241
37 242
37 267
37 268
37 269
37 424
37 439
37 440
37 441
37 458
38 38
38 39
38 56
38 57
38 162
38 164
38 186
38 187
38 188
38 210
38 212
38 213
38 214
38 241
38 242
38 243
38 244
38 425
38 440
38 441
38 442
38 459
39 39
39 40
39 57
39 58
39 59
39 188
39 190
39 213
39 214
39 215
39 243
39 244
39 245
39 246
39 270
39 271
39 272
39 426
39 441
39 442
39 443
39 461
40 40
40 41
40 59
40 165
40 167
40 189
40 190
40 191
40 213
40 215
40 216
40 217
40 245
40 246
40 247
40 427
40 442
40 443
40 444
40 462
41 41
41 42
41 59
41 60
41 61
41 191
41 193
41 216
41 217
41 218
41 245
41 247
41 248
41 249
41 273
41 274
41 275
41 428
41 443
41 444
41 445
41 463
42 42
42 43
42 61
42 168
42 170
42 192
42 193
42 194
42 216
42 218
42 219
42 220
42 248
42 249
42 250
42 429
42 444
42 445
42 446
42 464
43 43
43 44
43 61
43 62
43 63
43 194
43 196
43 219
43 220
43 221
43 248
43 250
43 251
43 252
43 276
43 277
43 278
43 430
43 445
43 446
43 447
43 465
44 44
44 45
44 63
44 171
44 173
44 195
44 196
44 197
44 219
44 221
44 222
44 223
44 251
44 252
44 253
44 431
44 446
44 447
44 448
44 466
45 45
45 46
45 63
45 64
45 65
45 197
45 199
45 222
45 223
45 224
45 251
45 253
45 254
45 255
45 279
45 280
45 281
45 432
45 447
45 448
45 449
45 467
46 46
46 47
46 65
46 66
46 174
46 176
46 198
46 199
46 200
46 222
46 224
46 225
46 226
46 254
46 255
46 256
46 257
46 433
46 448
46 449
46 450
46 468
47 47
47 48
47 66
47 67
47 68
47 200
47 202
47 225
47 226
47 227
47 228
47 229
47 256
47 257
47 258
47 259
47 260
47 434
47 449
47 450
47 451
47 470
48 48
48 49
48 68
48 177
48 179
48 201
48 202
48 203
48 225
48 227
48 228
48 229
48 230
48 231
48 419
48 434
48 435
48 450
48 451
48 452
48 471
49 49
49 50
49 203
49 230
49 231
49 232
49 233
49 451
49 452
49 453
50 50
50 51
50 69
50 205
50 230
50 232
50 233
50 234
50 261
50 262
50 307
50 308
50 435
50 452
50 453
50 454
50 472
51 51
51 52
51 69
51 70
51 234
51 236
51 261
51 262
51 263
51 289
51 290
51 307
51 308
51 309
51 436
51 453
51 454
51 455
51 472
52 52
52 53
52 70
52 206
52 208
52 235
52 236
52 237
52 261
52 263
52 264
52 265
52 289
52 290
52 291
52 437
52 454
52 455
52 456
52 473
53 53
53 54
53 70
53 71
53 72
53 237
53 239
53 264
53 265
53 266
53 289
53 291
53 292
53 293
53 310
53 311
53 312
53 438
53 455
53 456
53 457
53 474
53 475
54 54
54 55
54 72
54 73
54 209
54 211
54 238
54 239
54 240
54 264
54 266
54 267
54 268
54 292
54 293
54 313
54 314
54 315
54 439
54 456
54 457
54 458
54 475
54 476
55 55
55 56
55 73
55 74
55 75
55 240
55 242
55 267
55 268
55 269
55 313
55 315
55 316
55 317
55 344
55 347
55 352
55 440
55 457
55 458
55 459
55 477
56 56
56 57
56 75
56 212
56 241
56 242
56 267
56 269
56 316
56 317
56 318
56 319
56 441
56 458
56 459
56 460
56 478
57 57
57 58
57 75
57 76
57 214
57 243
57 244
57 270
57 271
57 316
57 318
57 319
57 320
57 321
57 350
57 459
57 460
57 461
58 58
58 59
58 76
58 77
58 243
58 246
58 270
58 271
58 272
58 294
58 295
58 320
58 321
58 322
58 442
58 460
58 461
58 462
58 479
59 59
59 60
59 77
59 215
59 217
59 245
59 246
59 247
59 270
59 272
59 273
59 274
59 294
59 295
59 296
59 443
59 461
59 462
59 463
59 480
60 60
60 61
60 77
60 78
60 79
60 247
60 249
60 273
60 274
60 275
60 294
60 296
60 297
60 298
60 323
60 324
60 325
60 444
60 462
60 463
60 464
60 481
61 61
61 62
61 79
61 218
61 220
61 248
61 249
61 250
61 273
61 275
61 276
61 277
61 297
61 298
61 299
61 445
61 463
61 464
61 465
61 482
62 62
62 63
62 79
62 80
62 81
62 250
62 252
62 276
62 277
62 278
62 297
62 299
62 300
62 301
62 326
62 327
62 328
62 446
62 464
62 465
62 466
62 483
62 484
63 63
63 64
63 81
63 82
63 83
63 221
63 223
63 251
63 252
63 253
63 276
63 278
63 279
63 280
63 300
63 301
63 302
63 303
63 329
63 330
63 331
63 447
63 465
63 466
63 467
63 484
63 485
63 486
64 64
64 65
64 83
64 84
64 85
64 253
64 255
64 279
64 280
64 281
64 286
64 287
64 302
64 303
64 304
64 305
64 306
64 448
64 466
64 467
64 468
64 486
64 487
65 65
65 66
65 85
65 86
65 224
65 254
65 255
65 279
65 281
65 282
65 283
65 284
65 286
65 287
65 288
65 449
65 467
65 468
65 469
65 488
66 66
66 67
66 86
66 226
66 256
66 257
66 258
66 259
66 282
66 283
66 284
66 285
66 468
66 469
66 470
67 67
67 68
67 86
67 229
67 256
67 258
67 259
67 260
67 282
67 285
67 450
67 469
67 470
67 471
67 489
68 68
68 227
68 228
68 229
68 258
68 260
68 451
68 470
68 471
69 69
69 70
69 87
69 262
69 290
69 307
69 308
69 309
69 335
69 336
69 453
69 454
69 472
69 473
69 490
70 70
70 71
70 87
70 88
70 89
70 263
70 265
70 289
70 290
70 291
70 307
70 309
70 310
70 311
70 335
70 336
70 337
70 338
70 367
70 368
70 369
70 455
70 472
70 473
70 474
70 491
71 71
71 72
71 89
71 90
71 91
71 291
71 293
71 310
71 311
71 312
71 337
71 338
71 339
71 340
71 370
71 371
71 372
71 456
71 473
71 474
71 475
71 493
72 72
72 73
72 91
72 92
72 266
72 292
72 293
72 310
72 312
72 313
72 314
72 339
72 340
72 341
72 342
72 456
72 457
72 474
72 475
72 476
72 494
72 495
73 73
73 74
73 92
73 93
73 94
73 268
73 292
73 313
73 314
73 315
73 341
73 342
73 343
73 344
73 345
73 352
73 373
73 374
73 375
73 457
73 475
73 476
73 477
73 496
74 74
74 75
74 94
74 95
74 96
74 315
74 317
74 343
74 344
74 345
74 346
74 347
74 348
74 352
74 376
74 377
74 378
74 458
74 476
74 477
74 478
74 498
75 75
75 76
75 96
75 97
75 98
75 269
75 316
75 317
75 318
75 319
75 321
75 346
75 347
75 348
75 349
75 350
75 351
75 352
75 379
75 380
75 381
75 459
75 477
75 478
75 479
75 500
76 76
76 77
76 98
76 99
76 100
76 271
76 295
76 318
76 320
76 321
76 322
76 349
76 350
76 351
76 353
76 354
76 382
76 383
76 384
76 461
76 478
76 479
76 480
76 502
77 77
77 78
77 100
77 101
77 102
77 272
77 274
77 294
77 295
77 296
77 320
77 322
77 323
77 324
77 353
77 354
77 355
77 356
77 385
77 386
77 387
77 462
77 479
77 480
77 481
77 504
78 78
78 79
78 102
78 103
78 104
78 296
78 298
78 323
78 324
78 325
78 355
78 356
78 357
78 358
78 388
78 389
78 390
78 463
78 480
78 481
78 482
78 506
79 79
79 80
79 104
79 105
79 106
79 275
79 277
79 297
79 298
79 299
79 323
79 325
79 326
79 327
79 357
79 358
79 359
79 360
79 391
79 392
79 393
79 464
79 481
79 482
79 483
79 508
80 80
80 81
80 106
80 107
80 108
80 299
80 301
80 326
80 327
80 328
80 359
80 360
80 361
80 362
80 394
80 395
80 396
80 465
80 482
80 483
80 484
80 510
81 81
81 82
81 108
81 109
81 278
81 300
81 301
81 326
81 328
81 329
81 330
81 361
81 362
81 363
81 364
81 465
81 466
81 483
81 484
81 485
81 511
81 512
82 82
82 83
82 84
82 109
82 110
82 111
82 300
82 303
82 305
82 329
82 330
82 331
82 332
82 363
82 364
82 365
82 366
82 397
82 398
82 399
82 466
82 484
82 485
82 486
82 487
82 513
83 83
83 84
83 280
83 302
83 303
83 304
83 305
83 329
83 331
83 332
83 466
83 467
83 485
83 486
83 487
84 84
84 85
84 111
84 112
84 113
84 287
84 302
84 304
84 305
84 306
84 331
84 332
84 333
84 334
84 365
84 366
84 400
84 401
84 402
84 467
84 485
84 486
84 487
84 488
84 515
85 85
85 86
85 113
85 281
85 284
85 286
85 287
85 288
85 304
85 306
85 333
85 334
85 468
85 487
85 488
85 489
85 516
86 86
86 259
86 282
86 283
86 284
86 285
86 286
86 288
86 470
86 488
86 489
87 87
87 88
87 309
87 335
87 336
87 367
87 368
87 472
87 490
87 491
88 88
88 89
88 335
88 338
88 367
88 368
88 369
88 473
88 490
88 491
88 492
89 89
89 90
89 311
89 337
89 338
89 367
89 369
89 370
89 371
89 491
89 492
89 493
90 90
90 91
90 337
90 340
90 370
90 371
90 372
90 474
90 492
90 493
90 494
91 91
91 312
91 339
91 340
91 370
91 372
91 475
91 493
91 494
92 92
92 93
92 314
92 341
92 342
92 373
92 374
92 475
92 495
92 496
93 93
93 94
93 341
93 345
93 373
93 374
93 375
93 476
93 495
93 496
93 497
94 94
94 95
94 343
94 344
94 345
94 373
94 375
94 376
94 377
94 496
94 497
94 498
95 95
95 96
95 343
95 348
95 376
95 377
95 378
95 477
95 497
95 498
95 499
96 96
96 97
96 346
96 347
96 348
96 376
96 378
96 379
96 380
96 498
96 499
96 500
97 97
97 98
97 346
97 351
97 379
97 380
97 381
97 478
97 499
97 500
97 501
98 98
98 99
98 349
98 350
98 351
98 379
98 381
98 382
98 383
98 500
98 501
98 502
99 99
99 100
99 349
99 354
99 382
99 383
99 384
99 479
99 501
99 502
99 503
100 100
100 101
100 322
100 353
100 354
100 382
100 384
100 385
100 386
100 502
100 503
100 504
101 101
101 102
101 353
101 356
101 385
101 386
101 387
101 480
101 503
101 504
101 505
102 102
102 103
102 324
102 355
102 356
102 385
102 387
102 388
102 389
102 504
102 505
102 506
103 103
103 104
103 355
103 358
103 388
103 389
103 390
103 481
103 505
103 506
103 507
104 104
104 105
104 325
104 357
104 358
104 388
104 390
104 391
104 392
104 506
104 507
104 508
105 105
105 106
105 357
105 360
105 391
105 392
105 393
105 482
105 507
105 508
105 509
106 106
106 107
106 327
106 359
106 360
106 391
106 393
106 394
106 395
106 508
106 509
106 510
107 107
107 108
107 359
107 362
107 394
107 395
107 396
107 483
107 509
107 510
107 511
108 108
108 328
108 361
108 362
108 394
108 396
108 484
108 510
108 511
109 109
109 110
109 330
109 363
109 364
109 397
109 398
109 484
109 512
109 513
110 110
110 111
110 363
110 366
110 397
110 398
110 399
110 485
110 512
110 513
110 514
111 111
111 112
111 332
111 365
111 366
111 397
111 399
111 400
111 401
111 513
111 514
111 515
112 112
112 113
112 334
112 365
112 400
112 401
112 402
112 487
112 514
112 515
112 516
113 113
113 306
113 333
113 334
113 400
113 402
113 488
113 515
113 516
114 114
114 115
114 116
114 154
114 155
115 115
115 116
115 404
115 807
115 808
116 116
116 152
116 153
117 117
117 118
117 119
117 120
117 121
118 118
118 119
118 405
118 809
118 810
119 119
119 154
119 156
120 120
120 121
120 157
120 158
121 121
121 406
121 811
121 812
122 122
122 123
122 124
122 125
122 126
123 123
123 124
123 407
123 813
123 814
124 124
124 157
124 159
125 125
125 126
125 160
125 161
126 126
126 130
126 131
126 408
126 815
126 816
127 127
127 128
127 129
128 128
128 129
128 409
128 817
128 818
129 129
129 160
129 162
130 130
130 131
130 163
130 164
131 131
131 410
131 819
131 820
132 132
132 133
132 134
132 135
132 136
133 133
133 134
133 411
133 821
133 822
134 134
134 163
134 165
135 135
135 136
135 166
135 167
136 136
136 412
136 823
136 824
137 137
137 138
137 139
137 140
137 141
138 138
138 139
138 413
138 825
138 826
139 139
139 166
139 168
140 140
140 141
140 169
140 170
141 141
141 414
141 827
141 828
142 142
142 143
142 144
142 145
142 146
143 143
143 144
143 415
143 829
143 830
144 144
144 169
144 171
145 145
145 146
145 172
145 173
146 146
146 416
146 831
146 832
147 147
147 148
147 149
147 150
147 151
148 148
148 149
148 417
148 833
148 834
149 149
149 172
149 174
150 150
150 151
150 175
150 176
151 151
151 418
151 835
151 836
152 152
152 153
152 403
152 806
152 837
153 153
153 175
153 177
154 154
154 155
154 156
155 155
155 178
155 179
156 156
156 180
156 181
157 157
157 158
157 159
158 158
158 180
158 182
159 159
159 183
159 184
160 160
160 161
160 162
161 161
161 183
161 185
162 162
162 186
162 187
163 163
163 164
163 165
164 164
164 186
164 188
165 165
165 189
165 190
166 166
166 167
166 168
167 167
167 189
167 191
168 168
168 192
168 193
169 169
169 170
169 171
170 170
170 192
170 194
171 171
171 195
171 196
172 172
172 173
172 174
173 173
173 195
173 197
174 174
174 198
174 199
175 175
175 176
175 177
176 176
176 198
176 200
177 177
177 201
177 202
178 178
178 179
178 204
178 205
179 179
179 201
179 203
180 180
180 181
180 182
181 181
181 204
181 206
182 182
182 207
182 208
183 183
183 184
183 185
184 184
184 207
184 209
185 185
185 210
185 211
186 186
186 187
186 188
187 187
187 210
187 212
188 188
188 213
188 214
189 189
189 190
189 191
190 190
190 213
190 215
191 191
191 216
191 217
192 192
192 193
192 194
193 193
193 216
193 218
194 194
194 219
194 220
195 195
195 196
195 197
196 196
196 219
196 221
197 197
197 222
197 223
198 198
198 199
198 200
199 199
199 222
199 224
200 200
200 225
200 226
201 201
201 202
201 203
202 202
202 225
202 227
203 203
203 230
203 231
204 204
204 205
204 206
205 205
205 232
205 234
206 206
206 235
206 236
207 207
207 208
207 209
208 208
208 235
208 237
209 209
209 238
209 239
210 210
210 211
210 212
211 211
211 238
211 240
212 212
212 241
212 242
213 213
213 214
213 215
214 214
214 243
214 244
215 215
215 245
215 246
216 216
216 217
216 218
217 217
217 245
217 247
218 218
218 248
218 249
219 219
219 220
219 221
220 220
220 248
220 250
221 221
221 251
221 252
222 222
222 223
222 224
223 223
223 251
223 253
224 224
224 254
224 255
225 225
225 226
225 227
226 226
226 256
226 257
227 227
227 228
227 229
228 228
228 229
229 229
229 258
229 260
230 230
230 231
230 232
230 233
231 231
232 232
232 233
232 234
233 233
234 234
234 261
234 262
235 235
235 236
235 237
236 236
236 261
236 263
237 237
237 264
237 265
238 238
238 239
238 240
239 239
239 264
239 266
240 240
240 267
240 268
241 241
241 242
242 242
242 267
242 269
243 243
243 244
243 270
243 271
244 244
245 245
245 246
245 247
246 246
246 270
246 272
247 247
247 273
247 274
248 248
248 249
248 250
249 249
249 273
249 275
250 250
250 276
250 277
251 251
251 252
251 253
252 252
252 276
252 278
253 253
253 279
253 280
254 254
254 255
255 255
255 279
255 281
256 256
256 257
256 258
256 259
257 257
258 258
258 259
258 260
259 259
259 282
259 285
260 260
261 261
261 262
261 263
262 262
262 307
262 308
263 263
263 289
263 290
264 264
264 265
264 266
265 265
265 289
265 291
266 266
266 292
266 293
267 267
267 268
267 269
268 268
268 313
268 315
269 269
269 316
269 317
270 270
270 271
270 272
271 271
271 320
271 321
272 272
272 294
272 295
273 273
273 274
273 275
274 274
274 294
274 296
275 275
275 297
275 298
276 276
276 277
276 278
277 277
277 297
277 299
278 278
278 300
278 301
279 279
279 280
279 281
280 280
280 302
280 303
281 281
281 286
281 287
282 282
282 283
282 284
282 285
283 283
283 284
284 284
284 286
284 288
285 285
286 286
286 287
286 288
287 287
287 304
287 306
288 288
289 289
289 290
289 291
290 290
290 307
290 309
291 291
291 310
291 311
292 292
292 293
292 313
292 314
293 293
293 310
293 312
294 294
294 295
294 296
295 295
295 320
295 322
296 296
296 323
296 324
297 297
297 298
297 299
298 298
298 323
298 325
299 299
299 326
299 327
300 300
300 301
300 329
300 330
301 301
301 326
301 328
302 302
302 303
302 304
302 305
303 303
303 329
303 331
304 304
304 305
304 306
305 305
305 331
305 332
306 306
306 333
306 334
307 307
307 308
307 309
308 308
309 309
309 335
309 336
310 310
310 311
310 312
311 311
311 337
311 338
312 312
312 339
312 340
313 313
313 314
313 315
314 314
314 341
314 342
315 315
315 344
315 352
316 316
316 317
316 318
316 319
317 317
317 347
317 352
318 318
318 319
318 321
318 350
319 319
320 320
320 321
320 322
321 321
321 350
322 322
322 353
322 354
323 323
323 324
323 325
324 324
324 355
324 356
325 325
325 357
325 358
326 326
326 327
326 328
327 327
327 359
327 360
328 328
328 361
328 362
329 329
329 330
329 331
330 330
330 363
330 364
331 331
331 332
332 332
332 365
332 366
333 333
333 334
334 334
334 400
334 402
335 335
335 336
335 367
335 368
336 336
337 337
337 338
337 370
337 371
338 338
338 367
338 369
339 339
339 340
340 340
340 370
340 372
341 341
341 342
341 373
341 374
342 342
343 343
343 344
343 345
343 376
343 377
344 344
344 345
344 352
345 345
345 373
345 375
346 346
346 347
346 348
346 379
346 380
347 347
347 348
347 352
348 348
348 376
348 378
349 349
349 350
349 351
349 382
349 383
350 350
350 351
351 351
351 379
351 381
352 352
353 353
353 354
353 385
353 386
354 354
354 382
354 384
355 355
355 356
355 388
355 389
356 356
356 385
356 387
357 357
357 358
357 391
357 392
358 358
358 388
358 390
359 359
359 360
359 394
359 395
360 360
360 391
360 393
361 361
361 362
362 362
362 394
362 396
363 363
363 364
363 397
363 398
364 364
365 365
365 366
365 400
365 401
366 366
366 397
366 399
367 367
367 368
367 369
368 368
369 369
370 370
370 371
370 372
371 371
372 372
373 373
373 374
373 375
374 374
375 375
376 376
376 377
376 378
377 377
378 378
379 379
379 380
379 381
380 380
381 381
382 382
382 383
382 384
383 383
384 384
385 385
385 386
385 387
386 386
387 387
388 388
388 389
388 390
389 389
390 390
391 391
391 392
391 393
392 392
393 393
394 394
394 395
394 396
395 395
396 396
397 397
397 398
397 399
398 398
399 399
400 400
400 401
400 402
401 401
402 402
403 403
403 404
403 418
403 419
403 517
403 518
403 519
403 555
403 556
403 806
403 807
403 836
403 837
404 404
404 405
404 419
404 420
404 421
404 517
404 518
404 519
404 520
404 521
404 522
404 557
404 558
404 559
404 806
404 807
404 808
404 809
405 405
405 406
405 421
405 520
405 521
405 522
405 523
405 524
405 808
405 809
405 810
405 811
406 406
406 407
406 421
406 422
406 423
406 520
406 523
406 524
406 525
406 526
406 527
406 560
406 561
406 562
406 810
406 811
406 812
406 813
407 407
407 408
407 423
407 525
407 526
407 527
407 528
407 529
407 812
407 813
407 814
407 815
408 408
408 409
408 423
408 424
408 425
408 525
408 528
408 529
408 530
408 531
408 532
408 563
408 564
408 565
408 814
408 815
408 816
408 817
409 409
409 410
409 425
409 530
409 531
409 532
409 533
409 534
409 816
409 817
409 818
409 819
410 410
410 411
410 425
410 426
410 427
410 530
410 533
410 534
410 535
410 536
410 537
410 566
410 567
410 568
410 818
410 819
410 820
410 821
411 411
411 412
411 427
411 535
411 536
411 537
411 538
411 539
411 820
411 821
411 822
411 823
412 412
412 413
412 427
412 428
412 429
412 535
412 538
412 539
412 540
412 541
412 542
412 569
412 570
412 571
412 822
412 823
412 824
412 825
413 413
413 414
413 429
413 540
413 541
413 542
413 543
413 544
413 824
413 825
413 826
413 827
414 414
414 415
414 429
414 430
414 431
414 540
414 543
414 544
414 545
414 546
414 547
414 572
414 573
414 574
414 826
414 827
414 828
414 829
415 415
415 416
415 431
415 545
415 546
415 547
415 548
415 549
415 828
415 829
415 830
415 831
416 416
416 417
416 431
416 432
416 433
416 545
416 548
416 549
416 550
416 551
416 552
416 575
416 576
416 577
416 830
416 831
416 832
416 833
417 417
417 418
417 433
417 550
417 551
417 552
417 553
417 554
417 832
417 833
417 834
417 835
418 418
418 419
418 433
418 434
418 519
418 550
418 553
418 554
418 555
418 556
418 578
418 579
418 580
418 834
418 835
418 836
418 837
419 419
419 420
419 434
419 435
419 451
419 517
419 518
419 519
419 555
419 556
419 557
419 558
419 578
419 580
419 581
419 582
419 604
419 605
419 606
420 420
420 421
420 435
420 436
420 437
420 517
420 522
420 557
420 558
420 559
420 581
420 582
420 583
420 584
420 607
420 608
420 609
421 421
421 422
421 437
421 520
421 521
421 522
421 523
421 524
421 557
421 559
421 560
421 561
421 583
421 584
421 585
422 422
422 423
422 437
422 438
422 439
422 523
422 527
422 560
422 561
422 562
422 583
422 585
422 586
422 587
422 610
422 611
422 612
423 423
423 424
423 439
423 525
423 526
423 527
423 528
423 529
423 560
423 562
423 563
423 564
423 586
423 587
423 588
424 424
424 425
424 439
424 440
424 441
424 528
424 532
424 563
424 564
424 565
424 586
424 588
424 589
424 590
424 613
424 614
424 615
425 425
425 426
425 441
425 530
425 531
425 532
425 533
425 534
425 563
425 565
425 566
425 567
425 589
425 590
425 591
426 426
426 427
426 441
426 442
426 443
426 533
426 537
426 566
426 567
426 568
426 589
426 591
426 592
426 593
426 616
426 617
426 618
427 427
427 428
427 443
427 535
427 536
427 537
427 538
427 539
427 566
427 568
427 569
427 570
427 592
427 593
427 594
428 428
428 429
428 443
428 444
428 445
428 538
428 542
428 569
428 570
428 571
428 592
428 594
428 595
428 596
428 619
428 620
428 621
429 429
429 430
429 445
429 540
429 541
429 542
429 543
429 544
429 569
429 571
429 572
429 573
429 595
429 596
429 597
430 430
430 431
430 445
430 446
430 447
430 543
430 547
430 572
430 573
430 574
430 595
430 597
430 598
430 599
430 622
430 623
430 624
431 431
431 432
431 447
431 545
431 546
431 547
431 548
431 549
431 572
431 574
431 575
431 576
431 598
431 599
431 600
432 432
432 433
432 447
432 448
432 449
432 548
432 552
432 575
432 576
432 577
432 598
432 600
432 601
432 602
432 625
432 626
432 627
433 433
433 434
433 449
433 550
433 551
433 552
433 553
433 554
433 575
433 577
433 578
433 579
433 601
433 602
433 603
434 434
434 449
434 450
434 451
434 553
434 556
434 578
434 579
434 580
434 601
434 603
434 604
434 605
434 628
434 629
434 630
435 435
435 436
435 451
435 452
435 453
435 558
435 581
435 582
435 604
435 606
435 607
435 608
435 633
435 634
435 635
435 636
435 637
436 436
436 437
436 453
436 454
436 455
436 581
436 584
436 607
436 608
436 609
436 635
436 637
436 638
436 639
436 664
436 665
436 666
437 437
437 438
437 455
437 559
437 561
437 583
437 584
437 585
437 607
437 609
437 610
437 611
437 638
437 639
437 640
438 438
438 439
438 455
438 456
438 457
438 585
438 587
438 610
438 611
438 612
438 638
438 640
438 641
438 642
438 667
438 668
438 669
439 439
439 440
439 457
439 562
439 564
439 586
439 587
439 588
439 610
439 612
439 613
439 614
439 641
439 642
439 643
440 440
440 441
440 457
440 458
440 459
440 588
440 590
440 613
440 614
440 615
440 641
440 643
440 644
440 645
440 670
440 671
440 672
441 441
441 442
441 459
441 460
441 565
441 567
441 589
441 590
441 591
441 613
441 615
441 616
441 617
441 644
441 645
441 646
441 647
442 442
442 443
442 460
442 461
442 462
442 591
442 593
442 616
442 617
442 618
442 646
442 647
442 648
442 649
442 673
442 674
442 675
443 443
443 444
443 462
443 568
443 570
443 592
443 593
443 594
443 616
443 618
443 619
443 620
443 648
443 649
443 650
444 444
444 445
444 462
444 463
444 464
444 594
444 596
444 619
444 620
444 621
444 648
444 650
444 651
444 652
444 676
444 677
444 678
445 445
445 446
445 464
445 571
445 573
445 595
445 596
445 597
445 619
445 621
445 622
445 623
445 651
445 652
445 653
446 446
446 447
446 464
446 465
446 466
446 597
446 599
446 622
446 623
446 624
446 651
446 653
446 654
446 655
446 679
446 680
446 681
447 447
447 448
447 466
447 574
447 576
447 598
447 599
447 600
447 622
447 624
447 625
447 626
447 654
447 655
447 656
448 448
448 449
448 466
448 467
448 468
448 600
448 602
448 625
448 626
448 627
448 654
448 656
448 657
448 658
448 682
448 683
448 684
449 449
449 450
449 468
449 469
449 577
449 579
449 601
449 602
449 603
449 625
449 627
449 628
449 629
449 657
449 658
449 659
449 660
450 450
450 451
450 469
450 470
450 471
450 603
450 605
450 628
450 629
450 630
450 631
450 632
450 659
450 660
450 661
450 662
450 663
451 451
451 452
451 471
451 580
451 582
451 604
451 605
451 606
451 628
451 630
451 631
451 632
451 633
451 634
452 452
452 453
452 606
452 633
452 634
452 635
452 636
453 453
453 454
453 472
453 608
453 633
453 635
453 636
453 637
453 664
453 665
453 710
453 711
454 454
454 455
454 472
454 473
454 637
454 639
454 664
454 665
454 666
454 692
454 693
454 710
454 711
454 712
455 455
455 456
455 473
455 609
455 611
455 638
455 639
455 640
455 664
455 666
455 667
455 668
455 692
455 693
455 694
456 456
456 457
456 473
456 474
456 475
456 640
456 642
456 667
456 668
456 669
456 692
456 694
456 695
456 696
456 713
456 714
456 715
457 457
457 458
457 475
457 476
457 612
457 614
457 641
457 642
457 643
457 667
457 669
457 670
457 671
457 695
457 696
457 716
457 717
457 718
458 458
458 459
458 476
458 477
458 478
458 643
458 645
458 670
458 671
458 672
458 716
458 718
458 719
458 720
458 747
458 750
458 755
459 459
459 460
459 478
459 615
459 644
459 645
459 670
459 672
459 719
459 720
459 721
459 722
460 460
460 461
460 478
460 479
460 617
460 646
460 647
460 673
460 674
460 719
460 721
460 722
460 723
460 724
460 753
461 461
461 462
461 479
461 480
461 646
461 649
461 673
461 674
461 675
461 697
461 698
461 723
461 724
461 725
462 462
462 463
462 480
462 618
462 620
462 648
462 649
462 650
462 673
462 675
462 676
462 677
462 697
462 698
462 699
463 463
463 464
463 480
463 481
463 482
463 650
463 652
463 676
463 677
463 678
463 697
463 699
463 700
463 701
463 726
463 727
463 728
464 464
464 465
464 482
464 621
464 623
464 651
464 652
464 653
464 676
464 678
464 679
464 680
464 700
464 701
464 702
465 465
465 466
465 482
465 483
465 484
465 653
465 655
465 679
465 680
465 681
465 700
465 702
465 703
465 704
465 729
465 730
465 731
466 466
466 467
466 484
466 485
466 486
466 624
466 626
466 654
466 655
466 656
466 679
466 681
466 682
466 683
466 703
466 704
466 705
466 706
466 732
466 733
466 734
467 467
467 468
467 486
467 487
467 488
467 656
467 658
467 682
467 683
467 684
467 689
467 690
467 705
467 706
467 707
467 708
467 709
468 468
468 469
468 488
468 489
468 627
468 657
468 658
468 682
468 684
468 685
468 686
468 687
468 689
468 690
468 691
469 469
469 470
469 489
469 629
469 659
469 660
469 661
469 662
469 685
469 686
469 687
469 688
470 470
470 471
470 489
470 632
470 659
470 661
470 662
470 663
470 685
470 688
471 471
471 630
471 631
471 632
471 661
471 663
472 472
472 473
472 490
472 665
472 693
472 710
472 711
472 712
472 738
472 739
473 473
473 474
473 490
473 491
473 492
473 666
473 668
473 692
473 693
473 694
473 710
473 712
473 713
473 714
473 738
473 739
473 740
473 741
473 770
473 771
473 772
474 474
474 475
474 492
474 493
474 494
474 694
474 696
474 713
474 714
474 715
474 740
474 741
474 742
474 743
474 773
474 774
474 775
475 475
475 476
475 494
475 495
475 669
475 695
475 696
475 713
475 715
475 716
475 717
475 742
475 743
475 744
475 745
476 476
476 477
476 495
476 496
476 497
476 671
476 695
476 716
476 717
476 718
476 744
476 745
476 746
476 747
476 748
476 755
476 776
476 777
476 778
477 477
477 478
477 497
477 498
477 499
477 718
477 720
477 746
477 747
477 748
477 749
477 750
477 751
477 755
477 779
477 780
477 781
478 478
478 479
478 499
478 500
478 501
478 672
478 719
478 720
478 721
478 722
478 724
478 749
478 750
478 751
478 752
478 753
478 754
478 755
478 782
478 783
478 784
479 479
479 480
479 501
479 502
479 503
479 674
479 698
479 721
479 723
479 724
479 725
479 752
479 753
479 754
479 756
479 757
479 785
479 786
479 787
480 480
480 481
480 503
480 504
480 505
480 675
480 677
480 697
480 698
480 699
480 723
480 725
480 726
480 727
480 756
480 757
480 758
480 759
480 788
480 789
480 790
481 481
481 482
481 505
481 506
481 507
481 699
481 701
481 726
481 727
481 728
481 758
481 759
481 760
481 761
481 791
481 792
481 793
482 482
482 483
482 507
482 508
482 509
482 678
482 680
482 700
482 701
482 702
482 726
482 728
482 729
482 730
482 760
482 761
482 762
482 763
482 794
482 795
482 796
483 483
483 484
483 509
483 510
483 511
483 702
483 704
483 729
483 730
483 731
483 762
483 763
483 764
483 765
483 797
483 798
483 799
484 484
484 485
484 511
484 512
484 681
484 703
484 704
484 729
484 731
484 732
484 733
484 764
484 765
484 766
484 767
485 485
485 486
485 487
485 512
485 513
485 514
485 703
485 706
485 708
485 732
485 733
485 734
485 735
485 766
485 767
485 768
485 769
485 800
485 801
485 802
486 486
486 487
486 683
486 705
486 706
486 707
486 708
486 732
486 734
486 735
487 487
487 488
487 514
487 515
487 516
487 690
487 705
487 707
487 708
487 709
487 734
487 735
487 736
487 737
487 768
487 769
487 803
487 804
487 805
488 488
488 489
488 516
488 684
488 687
488 689
488 690
488 691
488 707
488 709
488 736
488 737
489 489
489 662
489 685
489 686
489 687
489 688
489 689
489 691
490 490
490 491
490 712
490 738
490 739
490 770
490 771
491 491
491 492
491 738
491 741
491 770
491 771
491 772
492 492
492 493
492 714
492 740
492 741
492 770
492 772
492 773
492 774
493 493
493 494
493 740
493 743
493 773
493 774
493 775
494 494
494 715
494 742
494 743
494 773
494 775
495 495
495 496
495 717
495 744
495 745
495 776
495 777
496 496
496 497
496 744
496 748
496 776
496 777
496 778
497 497
497 498
497 746
497 747
497 748
497 776
497 778
497 779
497 780
498 498
498 499
498 746
498 751
498 779
498 780
498 781
499 499
499 500
499 749
499 750
499 751
499 779
499 781
499 782
499 783
500 500
500 501
500 749
500 754
500 782
500 783
500 784
501 501
501 502
501 752
501 753
501 754
501 782
501 784
501 785
501 786
502 502
502 503
502 752
502 757
502 785
502 786
502 787
503 503
503 504
503 725
503 756
503 757
503 785
503 787
503 788
503 789
504 504
504 505
504 756
504 759
504 788
504 789
504 790
505 505
505 506
505 727
505 758
505 759
505 788
505 790
505 791
505 792
506 506
506 507
506 758
506 761
506 791
506 792
506 793
507 507
507 508
507 728
507 760
507 761
507 791
507 793
507 794
507 795
508 508
508 509
508 760
508 763
508 794
508 795
508 796
509 509
509 510
509 730
509 762
509 763
509 794
509 796
509 797
509 798
510 510
510 511
510 762
510 765
510 797
510 798
510 799
511 511
511 731
511 764
511 765
511 797
511 799
512 512
512 513
512 733
512 766
512 767
512 800
512 801
513 513
513 514
513 766
513 769
513 800
513 801
513 802
514 514
514 515
514 735
514 768
514 769
514 800
514 802
514 803
514 804
515 515
515 516
515 737
515 768
515 803
515 804
515 805
516 516
516 709
516 736
516 737
516 803
516 805
517 517
517 518
517 519
517 557
517 558
518 518
518 519
518 806
518 807
519 519
519 555
519 556
520 520
520 521
520 522
520 523
520 524
521 521
521 522
521 808
521 809
522 522
522 557
522 559
523 523
523 524
523 560
523 561
524 524
524 810
524 811
525 525
525 526
525 527
525 528
525 529
526 526
526 527
526 812
526 813
527 527
527 560
527 562
528 528
528 529
528 563
528 564
529 529
529 814
529 815
530 530
530 531
530 532
530 533
530 534
531 531
531 532
531 816
531 817
532 532
532 563
532 565
533 533
533 534
533 566
533 567
534 534
534 818
534 819
535 535
535 536
535 537
535 538
535 539
536 536
536 537
536 820
536 821
537 537
537 566
537 568
538 538
538 539
538 569
538 570
539 539
539 822
539 823
540 540
540 541
540 542
540 543
540 544
541 541
541 542
541 824
541 825
542 542
542 569
542 571
543 543
543 544
543 572
543 573
544 544
544 826
544 827
545 545
545 546
545 547
545 548
545 549
546 546
546 547
546 828
546 829
547 547
547 572
547 574
548 548
548 549
548 575
548 576
549 549
549 830
549 831
550 550
550 551
550 552
550 553
550 554
551 551
551 552
551 832
551 833
552 552
552 575
552 577
553 553
553 554
553 578
553 579
554 554
554 834
554 835
555 555
555 556
555 836
555 837
556 556
556 578
556 580
557 557
557 558
557 559
558 558
558 581
558 582
559 559
559 583
559 584
560 560
560 561
560 562
561 561
561 583
561 585
562 562
562 586
562 587
563 563
563 564
563 565
564 564
564 586
564 588
565 565
565 589
565 590
566 566
566 567
566 568
567 567
567 589
567 591
568 568
568 592
568 593
569 569
569 570
569 571
570 570
570 592
570 594
571 571
571 595
571 596
572 572
572 573
572 574
573 573
573 595
573 597
574 574
574 598
574 599
575 575
575 576
575 577
576 576
576 598
576 600
577 577
577 601
577 602
578 578
578 579
578 580
579 579
579 601
579 603
580 580
580 604
580 605
581 581
581 582
581 607
581 608
582 582
582 604
582 606
583 583
583 584
583 585
584 584
584 607
584 609
585 585
585 610
585 611
586 586
586 587
586 588
587 587
587 610
587 612
588 588
588 613
588 614
589 589
589 590
589 591
590 590
590 613
590 615
591 591
591 616
591 617
592 592
592 593
592 594
593 593
593 616
593 618
594 594
594 619
594 620
595 595
595 596
595 597
596 596
596 619
596 621
597 597
597 622
597 623
598 598
598 599
598 600
599 599
599 622
599 624
600 600
600 625
600 626
601 601
601 602
601 603
602 602
602 625
602 627
603 603
603 628
603 629
604 604
604 605
604 606
605 605
605 628
605 630
606 606
606 633
606 634
607 607
607 608
607 609
608 608
608 635
608 637
609 609
609 638
609 639
610 610
610 611
610 612
611 611
611 638
611 640
612 612
612 641
612 642
613 613
613 614
613 615
614 614
614 641
614 643
615 615
615 644
615 645
616 616
616 617
616 618
617 617
617 646
617 647
618 618
618 648
618 649
619 619
619 620
619 621
620 620
620 648
620 650
621 621
621 651
621 652
622 622
622 623
622 624
623 623
623 651
623 653
624 624
624 654
624 655
625 625
625 626
625 627
626 626
626 654
626 656
627 627
627 657
627 658
628 628
628 629
628 630
629 629
629 659
629 660
630 630
630 631
630 632
631 631
631 632
632 632
632 661
632 663
633 633
633 634
633 635
633 636
634 634
635 635
635 636
635 637
636 636
637 637
637 664
637 665
638 638
638 639
638 640
639 639
639 664
639 666
640 640
640 667
640 668
641 641
641 642
641 643
642 642
642 667
642 669
643 643
643 670
643 671
644 644
644 645
645 645
645 670
645 672
646 646
646 647
646 673
646 674
647 647
648 648
648 649
648 650
649 649
649 673
649 675
650 650
650 676
650 677
651 651
651 652
651 653
652 652
652 676
652 678
653 653
653 679
653 680
654 654
654 655
654 656
655 655
655 679
655 681
656 656
656 682
656 683
657 657
657 658
658 658
658 682
658 684
659 659
659 660
659 661
659 662
660 660
661 661
661 662
661 663
662 662
662 685
662 688
663 663
664 664
664 665
664 666
665 665
665 710
665 711
666 666
666 692
666 693
667 667
667 668
667 669
668 668
668 692
668 694
669 669
669 695
669 696
670 670
670 671
670 672
671 671
671 716
671 718
672 672
672 719
672 720
673 673
673 674
673 675
674 674
674 723
674 724
675 675
675 697
675 698
676 676
676 677
676 678
677 677
677 697
677 699
678 678
678 700
678 701
679 679
679 680
679 681
680 680
680 700
680 702
681 681
681 703
681 704
682 682
682 683
682 684
683 683
683 705
683 706
684 684
684 689
684 690
685 685
685 686
685 687
685 688
686 686
686 687
687 687
687 689
687 691
688 688
689 689
689 690
689 691
690 690
690 707
690 709
691 691
692 692
692 693
692 694
693 693
693 710
693 712
694 694
694 713
694 714
695 695
695 696
695 716
695 717
696 696
696 713
696 715
697 697
697 698
697 699
698 698
698 723
698 725
699 699
699 726
699 727
700 700
700 701
700 702
701 701
701 726
701 728
702 702
702 729
702 730
703 703
703 704
703 732
703 733
704 704
704 729
704 731
705 705
705 706
705 707
705 708
706 706
706 732
706 734
707 707
707 708
707 709
708 708
708 734
708 735
709 709
709 736
709 737
710 710
710 711
710 712
711 711
712 712
712 738
712 739
713 713
713 714
713 715
714 714
714 740
714 741
715 715
715 742
715 743
716 716
716 717
716 718
717 717
717 744
717 745
718 718
718 747
718 755
719 719
719 720
719 721
719 722
720 720
720 750
720 755
721 721
721 722
721 724
721 753
722 722
723 723
723 724
723 725
724 724
724 753
725 725
725 756
725 757
726 726
726 727
726 728
727 727
727 758
727 759
728 728
728 760
728 761
729 729
729 730
729 731
730 730
730 762
730 763
731 731
731 764
731 765
732 732
732 733
732 734
733 733
733 766
733 767
734 734
734 735
735 735
735 768
735 769
736 736
736 737
737 737
737 803
737 805
738 738
738 739
738 770
738 771
739 739
740 740
740 741
740 773
740 774
741 741
741 770
741 772
742 742
742 743
743 743
743 773
743 775
744 744
744 745
744 776
744 777
745 745
746 746
746 747
746 748
746 779
746 780
747 747
747 748
747 755
748 748
748 776
748 778
749 749
749 750
749 751
749 782
749 783
750 750
750 751
750 755
751 751
751 779
751 781
752 752
752 753
752 754
752 785
752 786
753 753
753 754
754 754
754 782
754 784
755 755
756 756
756 757
756 788
756 789
757 757
757 785
757 787
758 758
758 759
758 791
758 792
759 759
759 788
759 790
760 760
760 761
760 794
760 795
761 761
761 791
761 793
762 762
762 763
762 797
762 798
763 763
763 794
763 796
764 764
764 765
765 765
765 797
765 799
766 766
766 767
766 800
766 801
767 767
768 768
768 769
768 803
768 804
769 769
769 800
769 802
770 770
770 771
770 772
771 771
772 772
773 773
773 774
773 775
774 774
775 775
776 776
776 777
776 778
777 777
778 778
779 779
779 780
779 781
780 780
781 781
782 782
782 783
782 784
783 783
784 784
785 785
785 786
785 787
786 786
787 787
788 788
788 789
788 790
789 789
790 790
791 791
791 792
791 793
792 792
793 793
794 794
794 795
794 796
795 795
796 796
797 797
797 798
797 799
798 798
799 799
800 800
800 801
800 802
801 801
802 802
803 803
803 804
803 805
804 804
805 805
806 806
806 807
806 837
807 807
807 808
808 808
808 809
809 809
809 810
810 810
810 811
811 811
811 812
812 812
812 813
813 813
813 814
814 814
814 815
815 815
815 816
816 816
816 817
817 817
817 818
818 818
818 819
819 819
819 820
820 820
820 821
821 821
821 822
822 822
822 823
823 823
823 824
824 824
824 825
825 825
825 826
826 826
826 827
827 827
827 828
828 828
828 829
829 829
829 830
830 830
830 831
831 831
831 832
832 832
832 833
833 833
833 834
834 834
834 835
835 835
835 836
836 836
836 837
837 837
