0 0
0 212
0 421
1 1
1 11
1 212
1 213
1 421
1 422
2 2
2 12
2 213
2 214
2 422
2 423
3 3
3 13
3 214
3 215
3 423
3 424
4 4
4 14
4 215
4 216
4 424
4 425
5 5
5 15
5 216
5 217
5 425
5 426
6 6
6 16
6 217
6 218
6 426
6 427
7 7
7 17
7 218
7 219
7 427
7 428
8 8
8 18
8 219
8 220
8 428
8 429
9 9
9 220
9 429
10 10
10 11
10 212
10 223
10 430
11 11
11 12
11 21
11 111
11 212
11 213
11 223
11 224
11 332
11 430
11 431
12 12
12 13
12 22
12 112
12 213
12 214
12 224
12 225
12 333
12 431
12 432
13 13
13 14
13 23
13 113
13 214
13 215
13 225
13 226
13 334
13 432
13 433
14 14
14 15
14 24
14 114
14 215
14 216
14 226
14 227
14 335
14 433
14 434
15 15
15 16
15 25
15 115
15 216
15 217
15 227
15 228
15 336
15 434
15 435
16 16
16 17
16 26
16 116
16 217
16 218
16 228
16 229
16 337
16 435
16 436
17 17
17 18
17 27
17 117
17 218
17 219
17 229
17 230
17 338
17 436
17 437
18 18
18 28
18 118
18 219
18 220
18 230
18 231
18 339
18 437
18 438
18 19
19 19
19 220
19 231
19 438
20 20
20 21
20 223
20 234
20 439
21 21
21 22
21 31
21 121
21 223
21 224
21 234
21 235
21 342
21 439
21 440
22 22
22 23
22 32
22 122
22 224
22 225
22 235
22 236
22 343
22 440
22 441
23 23
23 24
23 33
23 123
23 225
23 226
23 236
23 237
23 344
23 441
23 442
24 24
24 25
24 34
24 124
24 226
24 227
24 237
24 238
24 345
24 442
24 443
25 25
25 26
25 35
25 125
25 227
25 228
25 238
25 239
25 346
25 443
25 444
26 26
26 27
26 36
26 126
26 228
26 229
26 239
26 240
26 347
26 444
26 445
27 27
27 28
27 37
27 127
27 229
27 230
27 240
27 241
27 348
27 445
27 446
28 28
28 38
28 128
28 230
28 231
28 241
28 242
28 349
28 446
28 447
28 29
29 29
29 231
29 242
29 447
30 30
30 31
30 234
30 245
30 448
31 31
31 32
31 41
31 131
31 234
31 235
31 245
31 246
31 352
31 448
31 449
32 32
32 33
32 42
32 132
32 235
32 236
32 246
32 247
32 353
32 449
32 450
33 33
33 34
33 43
33 133
33 236
33 237
33 247
33 248
33 354
33 450
33 451
34 34
34 35
34 44
34 134
34 237
34 238
34 248
34 249
34 355
34 451
34 452
35 35
35 36
35 45
35 135
35 238
35 239
35 249
35 250
35 356
35 452
35 453
36 36
36 37
36 46
36 136
36 239
36 240
36 250
36 251
36 357
36 453
36 454
37 37
37 38
37 47
37 137
37 240
37 241
37 251
37 252
37 358
37 454
37 455
38 38
38 48
38 138
38 241
38 242
38 252
38 253
38 359
38 455
38 456
38 39
39 39
39 242
39 253
39 456
40 40
40 41
40 245
40 256
40 457
41 41
41 42
41 51
41 141
41 245
41 246
41 256
41 257
41 362
41 457
41 458
42 42
42 43
42 52
42 142
42 246
42 247
42 257
42 258
42 363
42 458
42 459
43 43
43 44
43 53
43 143
43 247
43 248
43 258
43 259
43 364
43 459
43 460
44 44
44 45
44 54
44 144
44 248
44 249
44 259
44 260
44 365
44 460
44 461
45 45
45 46
45 55
45 145
45 249
45 250
45 260
45 261
45 366
45 461
45 462
46 46
46 47
46 56
46 146
46 250
46 251
46 261
46 262
46 367
46 462
46 463
47 47
47 48
47 57
47 147
47 251
47 252
47 262
47 263
47 368
47 463
47 464
48 48
48 58
48 148
48 252
48 253
48 263
48 264
48 369
48 464
48 465
48 49
49 49
49 253
49 264
49 465
50 50
50 51
50 256
50 267
50 466
51 51
51 52
51 61
51 151
51 256
51 257
51 267
51 268
51 372
51 466
51 467
52 52
52 53
52 62
52 152
52 257
52 258
52 268
52 269
52 373
52 467
52 468
53 53
53 54
53 63
53 153
53 258
53 259
53 269
53 270
53 374
53 468
53 469
54 54
54 55
54 64
54 154
54 259
54 260
54 270
54 271
54 375
54 469
54 470
55 55
55 56
55 65
55 155
55 260
55 261
55 271
55 272
55 376
55 470
55 471
56 56
56 57
56 66
56 156
56 261
56 262
56 272
56 273
56 377
56 471
56 472
57 57
57 58
57 67
57 157
57 262
57 263
57 273
57 274
57 378
57 472
57 473
58 58
58 68
58 158
58 263
58 264
58 274
58 275
58 379
58 473
58 474
58 59
59 59
59 264
59 275
59 474
60 60
60 61
60 267
60 278
60 475
61 61
61 62
61 71
61 161
61 267
61 268
61 278
61 279
61 382
61 475
61 476
62 62
62 63
62 72
62 162
62 268
62 269
62 279
62 280
62 383
62 476
62 477
63 63
63 64
63 73
63 163
63 269
63 270
63 280
63 281
63 384
63 477
63 478
64 64
64 65
64 74
64 164
64 270
64 271
64 281
64 282
64 385
64 478
64 479
65 65
65 66
65 75
65 165
65 271
65 272
65 282
65 283
65 386
65 479
65 480
66 66
66 67
66 76
66 166
66 272
66 273
66 283
66 284
66 387
66 480
66 481
67 67
67 68
67 77
67 167
67 273
67 274
67 284
67 285
67 388
67 481
67 482
68 68
68 78
68 168
68 274
68 275
68 285
68 286
68 389
68 482
68 483
68 69
69 69
69 275
69 286
69 483
70 70
70 71
70 278
70 289
70 484
71 71
71 72
71 81
71 171
71 278
71 279
71 289
71 290
71 392
71 484
71 485
72 72
72 73
72 82
72 172
72 279
72 280
72 290
72 291
72 393
72 485
72 486
73 73
73 74
73 83
73 173
73 280
73 281
73 291
73 292
73 394
73 486
73 487
74 74
74 75
74 84
74 174
74 281
74 282
74 292
74 293
74 395
74 487
74 488
75 75
75 76
75 85
75 175
75 282
75 283
75 293
75 294
75 396
75 488
75 489
76 76
76 77
76 86
76 176
76 283
76 284
76 294
76 295
76 397
76 489
76 490
77 77
77 78
77 87
77 177
77 284
77 285
77 295
77 296
77 398
77 490
77 491
78 78
78 88
78 178
78 285
78 286
78 296
78 297
78 399
78 491
78 492
78 79
79 79
79 286
79 297
79 492
80 80
80 81
80 289
80 300
80 493
81 81
81 82
81 181
81 289
81 290
81 300
81 301
81 402
81 493
81 494
81 91
82 82
82 83
82 182
82 290
82 291
82 301
82 302
82 403
82 494
82 495
82 92
83 83
83 84
83 183
83 291
83 292
83 302
83 303
83 404
83 495
83 496
83 93
84 84
84 85
84 184
84 292
84 293
84 303
84 304
84 405
84 496
84 497
84 94
85 85
85 86
85 185
85 293
85 294
85 304
85 305
85 406
85 497
85 498
85 95
86 86
86 87
86 186
86 294
86 295
86 305
86 306
86 407
86 498
86 499
86 96
87 87
87 88
87 187
87 295
87 296
87 306
87 307
87 408
87 499
87 500
87 97
88 88
88 188
88 296
88 297
88 307
88 308
88 409
88 500
88 501
88 89
88 98
89 89
89 297
89 308
89 501
90 90
90 300
90 502
91 91
91 300
91 301
91 502
91 503
92 92
92 301
92 302
92 503
92 504
93 93
93 302
93 303
93 504
93 505
94 94
94 303
94 304
94 505
94 506
95 95
95 304
95 305
95 506
95 507
96 96
96 305
96 306
96 507
96 508
97 97
97 306
97 307
97 508
97 509
98 98
98 307
98 308
98 509
99 99
99 308
100 100
101 101
101 111
102 102
102 112
103 103
103 113
104 104
104 114
105 105
105 115
106 106
106 116
107 107
107 117
108 108
108 118
109 109
110 110
110 111
111 111
111 112
111 121
112 112
112 113
112 122
113 113
113 114
113 123
114 114
114 115
114 124
115 115
115 116
115 125
116 116
116 117
116 126
117 117
117 118
117 127
118 118
118 128
118 119
119 119
120 120
120 121
121 121
121 122
121 131
122 122
122 123
122 132
123 123
123 124
123 133
124 124
124 125
124 134
125 125
125 126
125 135
126 126
126 127
126 136
127 127
127 128
127 137
128 128
128 138
128 129
129 129
130 130
130 131
131 131
131 132
131 141
132 132
132 133
132 142
133 133
133 134
133 143
134 134
134 135
134 144
135 135
135 136
135 145
136 136
136 137
136 146
137 137
137 138
137 147
138 138
138 148
138 139
139 139
140 140
140 141
141 141
141 142
141 151
142 142
142 143
142 152
143 143
143 144
143 153
144 144
144 145
144 154
145 145
145 146
145 155
146 146
146 147
146 156
147 147
147 148
147 157
148 148
148 158
148 149
149 149
150 150
150 151
151 151
151 152
151 161
152 152
152 153
152 162
153 153
153 154
153 163
154 154
154 155
154 164
155 155
155 156
155 165
156 156
156 157
156 166
157 157
157 158
157 167
158 158
158 168
158 159
159 159
160 160
160 161
161 161
161 162
161 171
162 162
162 163
162 172
163 163
163 164
163 173
164 164
164 165
164 174
165 165
165 166
165 175
166 166
166 167
166 176
167 167
167 168
167 177
168 168
168 178
168 169
169 169
170 170
170 171
171 171
171 172
171 181
172 172
172 173
172 182
173 173
173 174
173 183
174 174
174 175
174 184
175 175
175 176
175 185
176 176
176 177
176 186
177 177
177 178
177 187
178 178
178 188
178 179
179 179
180 180
180 181
181 181
181 182
181 191
182 182
182 183
182 192
183 183
183 184
183 193
184 184
184 185
184 194
185 185
185 186
185 195
186 186
186 187
186 196
187 187
187 188
187 197
188 188
188 189
188 198
189 189
190 190
191 191
192 192
193 193
194 194
195 195
196 196
197 197
198 198
199 199
200 200
200 211
201 201
201 212
201 421
202 202
202 213
202 422
203 203
203 214
203 423
204 204
204 215
204 424
205 205
205 216
205 425
206 206
206 217
206 426
207 207
207 218
207 427
208 208
208 219
208 428
209 209
209 220
209 429
210 210
210 221
211 211
211 212
212 212
212 213
212 223
212 421
212 430
213 213
213 214
213 224
213 422
213 431
214 214
214 215
214 225
214 423
214 432
215 215
215 216
215 226
215 424
215 433
216 216
216 217
216 227
216 425
216 434
217 217
217 218
217 228
217 426
217 435
218 218
218 219
218 229
218 427
218 436
219 219
219 220
219 230
219 428
219 437
220 220
220 221
220 231
220 429
220 438
221 221
222 222
222 223
223 223
223 224
223 234
223 430
223 439
224 224
224 225
224 235
224 431
224 440
225 225
225 226
225 236
225 432
225 441
226 226
226 227
226 237
226 433
226 442
227 227
227 228
227 238
227 434
227 443
228 228
228 229
228 239
228 435
228 444
229 229
229 230
229 240
229 436
229 445
230 230
230 231
230 241
230 437
230 446
231 231
231 232
231 242
231 438
231 447
232 232
233 233
233 234
234 234
234 235
234 245
234 439
234 448
235 235
235 236
235 246
235 440
235 449
236 236
236 237
236 247
236 441
236 450
237 237
237 238
237 248
237 442
237 451
238 238
238 239
238 249
238 443
238 452
239 239
239 240
239 250
239 444
239 453
240 240
240 241
240 251
240 445
240 454
241 241
241 242
241 252
241 446
241 455
242 242
242 243
242 253
242 447
242 456
243 243
244 244
244 245
245 245
245 246
245 256
245 448
245 457
246 246
246 247
246 257
246 449
246 458
247 247
247 248
247 258
247 450
247 459
248 248
248 249
248 259
248 451
248 460
249 249
249 250
249 260
249 452
249 461
250 250
250 251
250 261
250 453
250 462
251 251
251 252
251 262
251 454
251 463
252 252
252 253
252 263
252 455
252 464
253 253
253 254
253 264
253 456
253 465
254 254
255 255
255 256
256 256
256 257
256 267
256 457
256 466
257 257
257 258
257 268
257 458
257 467
258 258
258 259
258 269
258 459
258 468
259 259
259 260
259 270
259 460
259 469
260 260
260 261
260 271
260 461
260 470
261 261
261 262
261 272
261 462
261 471
262 262
262 263
262 273
262 463
262 472
263 263
263 264
263 274
263 464
263 473
264 264
264 265
264 275
264 465
264 474
265 265
266 266
266 267
267 267
267 268
267 278
267 466
267 475
268 268
268 269
268 279
268 467
268 476
269 269
269 270
269 280
269 468
269 477
270 270
270 271
270 281
270 469
270 478
271 271
271 272
271 282
271 470
271 479
272 272
272 273
272 283
272 471
272 480
273 273
273 274
273 284
273 472
273 481
274 274
274 275
274 285
274 473
274 482
275 275
275 276
275 286
275 474
275 483
276 276
277 277
277 278
278 278
278 279
278 289
278 475
278 484
279 279
279 280
279 290
279 476
279 485
280 280
280 281
280 291
280 477
280 486
281 281
281 282
281 292
281 478
281 487
282 282
282 283
282 293
282 479
282 488
283 283
283 284
283 294
283 480
283 489
284 284
284 285
284 295
284 481
284 490
285 285
285 286
285 296
285 482
285 491
286 286
286 287
286 297
286 483
286 492
287 287
288 288
288 289
289 289
289 290
289 300
289 484
289 493
290 290
290 291
290 301
290 485
290 494
291 291
291 292
291 302
291 486
291 495
292 292
292 293
292 303
292 487
292 496
293 293
293 294
293 304
293 488
293 497
294 294
294 295
294 305
294 489
294 498
295 295
295 296
295 306
295 490
295 499
296 296
296 297
296 307
296 491
296 500
297 297
297 298
297 308
297 492
297 501
298 298
299 299
299 300
299 310
300 300
300 301
300 311
300 493
300 502
301 301
301 302
301 312
301 494
301 503
302 302
302 303
302 313
302 495
302 504
303 303
303 304
303 314
303 496
303 505
304 304
304 305
304 315
304 497
304 506
305 305
305 306
305 316
305 498
305 507
306 306
306 307
306 317
306 499
306 508
307 307
307 308
307 318
307 500
307 509
308 308
308 309
308 319
308 501
308 510
309 309
309 320
310 310
311 311
311 502
312 312
312 503
313 313
313 504
314 314
314 505
315 315
315 506
316 316
316 507
317 317
317 508
318 318
318 509
319 319
320 320
321 321
322 322
322 332
323 323
323 333
324 324
324 334
325 325
325 335
326 326
326 336
327 327
327 337
328 328
328 338
329 329
329 339
330 330
331 331
331 332
332 332
332 333
332 342
333 333
333 334
333 343
334 334
334 335
334 344
335 335
335 336
335 345
336 336
336 337
336 346
337 337
337 338
337 347
338 338
338 339
338 348
339 339
339 349
339 340
340 340
341 341
341 342
342 342
342 343
342 352
343 343
343 344
343 353
344 344
344 345
344 354
345 345
345 346
345 355
346 346
346 347
346 356
347 347
347 348
347 357
348 348
348 349
348 358
349 349
349 359
349 350
350 350
351 351
351 352
352 352
352 353
352 362
353 353
353 354
353 363
354 354
354 355
354 364
355 355
355 356
355 365
356 356
356 357
356 366
357 357
357 358
357 367
358 358
358 359
358 368
359 359
359 369
359 360
360 360
361 361
361 362
362 362
362 363
362 372
363 363
363 364
363 373
364 364
364 365
364 374
365 365
365 366
365 375
366 366
366 367
366 376
367 367
367 368
367 377
368 368
368 369
368 378
369 369
369 379
369 370
370 370
371 371
371 372
372 372
372 373
372 382
373 373
373 374
373 383
374 374
374 375
374 384
375 375
375 376
375 385
376 376
376 377
376 386
377 377
377 378
377 387
378 378
378 379
378 388
379 379
379 389
379 380
380 380
381 381
381 382
382 382
382 383
382 392
383 383
383 384
383 393
384 384
384 385
384 394
385 385
385 386
385 395
386 386
386 387
386 396
387 387
387 388
387 397
388 388
388 389
388 398
389 389
389 399
389 390
390 390
391 391
391 392
392 392
392 393
392 402
393 393
393 394
393 403
394 394
394 395
394 404
395 395
395 396
395 405
396 396
396 397
396 406
397 397
397 398
397 407
398 398
398 399
398 408
399 399
399 409
399 400
400 400
401 401
401 402
402 402
402 403
402 412
403 403
403 404
403 413
404 404
404 405
404 414
405 405
405 406
405 415
406 406
406 407
406 416
407 407
407 408
407 417
408 408
408 409
408 418
409 409
409 410
409 419
410 410
411 411
412 412
413 413
414 414
415 415
416 416
417 417
418 418
419 419
420 420
510 510
