0 0
0 4
0 5
0 6
0 9
0 10
0 49
0 50
0 76
0 77
0 79
0 102
0 103
0 105
0 107
0 108
0 131
0 132
0 133
0 134
0 135
0 136
0 137
0 141
0 142
0 143
0 144
0 145
0 146
0 147
0 148
0 149
0 150
0 151
0 152
0 153
0 154
0 155
0 156
0 157
0 158
0 159
0 160
0 161
0 162
0 163
0 164
0 165
0 166
0 167
0 168
0 169
0 170
0 171
0 172
0 173
0 174
0 175
0 176
0 177
0 178
0 179
0 180
0 181
0 182
0 183
0 184
0 185
0 186
0 187
0 188
0 189
0 190
0 191
0 192
0 193
0 194
0 195
0 196
0 197
0 199
0 200
0 203
0 204
0 205
0 206
0 218
0 229
0 231
0 234
0 237
0 242
0 243
0 244
0 245
0 246
0 247
0 248
0 249
0 250
0 252
0 253
0 254
0 255
0 256
0 257
0 258
0 259
0 260
0 261
0 262
0 263
0 264
0 265
0 266
0 267
0 268
0 270
0 271
0 272
0 274
0 275
0 276
0 277
0 278
0 281
0 282
0 283
0 284
0 285
0 287
0 288
0 289
0 290
0 291
0 292
0 293
0 294
0 295
0 296
0 297
0 298
0 299
0 300
0 301
0 302
0 303
0 304
0 307
0 308
0 309
0 310
0 311
0 312
0 313
0 314
0 315
0 316
0 317
0 318
0 319
0 321
0 322
0 324
0 325
0 326
0 327
0 330
0 331
0 332
0 333
0 334
0 335
0 336
0 337
0 338
0 339
0 340
0 341
0 342
0 343
0 344
0 345
0 346
0 347
0 348
0 349
0 350
0 352
0 353
0 354
0 355
0 356
0 357
0 358
0 359
0 360
0 361
0 362
0 363
0 364
0 366
0 367
0 370
0 371
0 372
0 373
0 374
0 375
0 376
0 379
0 380
0 382
0 383
0 384
0 385
0 399
0 404
0 405
0 406
0 407
0 408
0 409
0 410
0 412
0 413
0 414
0 415
0 416
0 418
0 419
0 420
0 421
0 424
0 425
0 426
0 427
0 428
0 430
0 431
0 432
0 433
0 434
0 435
0 436
0 437
0 438
0 439
0 440
0 441
0 443
0 444
0 445
0 446
0 447
0 448
0 449
0 450
0 451
0 452
0 453
0 454
0 455
0 456
0 457
0 458
0 459
0 460
0 461
0 462
0 463
0 464
0 465
0 466
0 467
0 468
0 469
0 470
0 471
0 472
0 474
0 475
0 476
0 477
0 478
0 479
0 480
0 481
0 482
0 483
0 484
0 485
0 486
0 487
0 488
0 491
0 492
0 493
0 497
0 498
0 499
0 500
0 501
0 502
0 503
0 508
0 509
0 510
0 511
0 512
0 513
0 514
0 515
0 517
0 522
0 523
0 524
0 525
0 526
0 527
0 528
0 529
0 530
0 531
0 532
0 533
0 534
0 535
0 536
0 538
0 539
0 540
0 541
0 542
0 543
0 544
0 545
0 546
0 547
0 549
0 550
0 551
0 552
0 554
0 555
0 556
0 557
0 558
0 561
0 562
0 563
0 564
0 565
0 567
0 568
0 569
0 570
0 571
0 572
0 573
0 574
0 575
0 576
0 577
0 578
0 579
0 580
0 581
0 582
0 583
0 584
0 585
0 587
0 588
0 589
0 590
0 591
0 592
0 593
0 594
0 595
0 596
0 597
0 598
0 599
0 600
0 601
0 602
0 604
0 605
0 606
0 609
0 610
0 611
0 612
0 613
0 614
0 615
0 616
0 617
0 618
0 619
0 620
0 621
0 622
0 623
0 624
0 625
0 626
0 627
0 628
0 630
0 631
0 632
0 633
0 634
0 635
0 636
0 637
0 638
0 639
0 640
0 641
0 643
0 644
0 646
0 647
0 648
0 649
0 650
0 651
0 652
0 653
0 654
0 655
0 656
0 658
0 659
0 660
0 661
1 1
1 282
1 425
1 562
2 2
2 283
2 426
2 563
3 537
3 129
4 14
4 68
4 542
4 208
4 225
4 387
4 505
5 126
5 128
5 209
5 226
5 388
5 506
6 17
6 68
6 207
7 541
7 210
7 227
7 389
7 507
8 542
8 129
8 130
8 131
8 132
8 133
8 134
8 135
9 412
9 462
9 10
9 137
9 138
9 534
10 14
10 544
10 133
10 140
11 545
11 132
11 141
11 144
11 146
12 546
12 134
12 149
12 150
12 151
12 157
12 162
12 165
12 166
12 175
13 547
13 162
13 176
14 548
14 131
14 137
15 549
15 148
15 176
16 550
16 147
16 177
17 551
17 177
18 552
18 76
18 140
18 178
19 553
19 151
20 554
20 136
20 178
21 555
21 136
21 534
22 556
22 180
22 419
23 557
23 150
23 181
24 558
24 181
25 559
25 135
25 145
25 147
25 153
25 154
25 155
25 156
25 159
25 160
25 161
25 163
25 167
25 168
25 169
25 170
25 171
25 172
25 173
25 174
25 182
25 183
25 184
26 560
26 161
26 419
27 561
27 185
28 562
28 185
28 186
29 563
29 153
30 564
30 154
30 187
31 565
31 187
31 188
32 566
32 155
33 567
33 157
33 189
34 568
34 156
35 569
35 189
36 570
36 145
36 190
37 571
37 159
38 572
38 190
38 191
38 218
39 573
39 174
40 574
40 175
41 575
41 160
42 576
42 182
42 192
43 577
43 163
44 578
44 192
44 193
45 579
45 194
46 580
46 183
47 581
47 194
47 195
48 582
48 173
48 196
49 182
49 200
49 196
49 197
50 99
50 100
50 165
51 585
51 184
52 586
52 199
53 587
53 166
53 200
54 588
54 198
54 200
55 589
55 167
55 201
56 590
56 201
57 591
57 168
57 202
58 592
58 202
59 593
59 172
59 203
60 594
60 203
61 595
61 171
61 204
62 596
62 204
63 597
63 169
63 205
64 598
64 205
65 599
65 170
65 206
66 600
66 206
67 601
67 149
67 207
68 602
68 148
68 208
69 603
69 76
69 209
70 604
70 138
70 210
71 605
71 144
71 211
72 606
72 212
72 218
73 607
73 141
73 213
74 608
74 214
75 609
75 215
76 546
76 198
76 199
76 216
77 336
77 342
77 180
77 217
78 612
78 191
79 100
79 101
79 188
79 219
80 614
80 186
80 220
81 615
81 146
81 221
82 616
82 197
82 222
83 617
83 193
83 223
84 618
84 195
84 224
85 619
85 211
85 228
85 390
86 620
86 212
86 273
86 391
87 621
87 213
87 230
87 392
88 622
88 214
88 393
89 623
89 215
89 232
89 394
90 624
90 216
90 233
90 395
91 625
91 217
91 396
92 626
92 235
92 397
93 627
93 219
93 236
93 398
93 516
94 628
94 220
94 399
95 629
95 221
95 238
95 400
95 518
96 630
96 222
96 239
96 401
96 519
97 631
97 223
97 240
97 402
97 520
98 632
98 224
98 241
98 403
98 521
99 633
99 143
99 225
99 229
99 242
99 243
99 244
99 245
99 246
99 247
99 248
99 249
99 253
99 254
99 257
99 260
99 261
99 262
99 263
99 264
99 265
99 266
99 272
99 274
99 276
99 277
100 634
100 142
100 226
100 252
100 255
100 258
100 259
100 268
100 275
100 278
100 279
101 635
101 227
101 280
101 281
101 282
101 283
102 380
102 492
102 281
102 284
103 381
103 409
103 284
103 285
103 286
104 638
104 286
104 287
105 440
105 441
105 287
105 288
106 640
106 282
106 289
107 451
107 452
107 289
107 290
108 439
108 441
108 290
109 643
109 288
109 291
110 644
110 291
110 292
111 645
111 292
111 293
112 646
112 293
112 294
113 647
113 285
113 295
114 648
114 295
114 296
114 299
114 301
115 649
115 301
115 302
115 303
116 650
116 303
116 304
117 651
117 304
117 305
117 306
118 652
118 283
118 307
119 653
119 307
119 308
120 654
120 308
120 309
120 310
121 655
121 309
122 656
122 311
122 312
122 313
122 314
123 657
123 314
123 316
124 658
124 306
124 317
125 659
125 228
125 297
125 300
125 311
125 318
126 660
126 318
127 661
127 317
128 662
129 537
129 269
130 316
130 320
130 321
131 538
131 269
131 273
132 319
132 322
133 539
133 230
133 298
133 323
133 324
134 540
134 323
134 325
135 324
136 296
136 326
137 543
137 326
137 327
138 327
139 613
139 267
140 232
141 274
141 328
141 329
142 157
142 321
143 251
143 275
144 243
144 330
145 245
145 331
146 331
146 332
146 333
147 332
147 334
147 335
147 336
148 545
148 335
148 337
149 334
149 338
150 338
151 325
151 339
152 379
152 524
152 336
152 340
152 341
152 342
153 340
153 343
154 244
154 344
155 344
155 345
156 345
158 379
158 380
158 310
159 279
160 242
161 278
161 346
162 246
162 347
163 346
163 348
164 380
164 534
164 348
164 349
165 349
165 350
165 351
166 351
166 352
166 353
166 354
167 271
167 353
167 355
168 354
168 356
169 356
169 357
170 357
170 358
171 358
171 359
172 359
172 360
172 361
172 362
172 363
173 363
174 362
174 364
174 365
175 365
176 541
176 364
177 347
177 366
178 366
178 367
179 470
179 476
179 276
179 514
180 550
180 367
180 368
180 369
181 369
182 253
182 370
182 371
183 319
183 371
183 373
184 322
184 374
185 552
185 374
185 375
185 376
186 553
186 377
187 555
187 370
187 379
188 556
188 379
189 558
189 258
190 561
190 257
190 377
190 378
190 380
191 564
191 380
191 381
192 566
192 254
193 568
193 255
193 372
194 569
194 233
194 251
195 571
195 382
196 572
196 382
196 514
197 573
197 277
198 235
198 383
199 575
199 383
200 576
200 236
200 256
201 517
202 238
203 577
203 312
204 578
204 239
204 384
205 580
205 384
206 581
206 240
206 385
207 250
207 385
208 241
208 386
209 386
210 300
211 268
212 256
213 372
214 272
215 299
216 320
217 341
218 251
219 352
220 305
221 297
222 329
223 294
224 376
225 583
225 339
226 584
226 302
227 586
227 265
228 330
229 238
229 249
230 355
231 266
231 299
231 624
231 328
232 350
233 343
234 332
234 346
234 263
235 266
236 271
237 342
237 351
237 259
239 264
240 248
241 368
242 262
243 373
244 260
245 247
246 337
247 361
248 250
249 261
249 517
250 333
251 267
252 258
252 360
253 313
254 298
255 375
256 378
257 381
259 342
260 280
261 315
261 387
261 404
261 405
261 406
261 407
261 408
261 409
261 410
261 413
262 388
262 412
262 415
262 416
262 418
262 420
262 421
262 422
263 315
263 389
263 423
263 424
263 425
263 426
264 424
264 427
265 427
265 429
266 270
266 429
266 430
267 430
267 431
268 425
268 432
269 432
269 433
270 300
270 433
271 431
271 434
272 434
272 435
273 435
273 436
274 437
275 437
275 438
276 438
276 439
277 439
277 440
278 588
278 440
278 442
279 589
279 426
279 443
280 443
280 444
281 444
281 445
281 446
282 445
282 447
283 447
283 448
283 449
283 450
284 449
284 451
285 442
285 452
286 390
286 441
286 453
287 591
287 428
287 453
288 450
289 417
290 451
291 391
291 417
292 454
292 455
293 392
293 456
294 418
295 456
295 457
296 457
296 458
297 458
297 459
298 459
299 393
300 394
301 405
301 460
302 407
302 461
303 461
303 462
304 462
304 463
305 463
305 464
305 465
306 464
307 406
307 466
308 466
308 467
309 467
309 468
310 468
311 593
311 446
312 422
313 404
314 421
314 469
315 408
315 470
316 469
316 471
317 471
317 472
318 595
318 472
318 473
319 473
319 474
319 475
320 474
320 476
321 475
321 477
322 477
322 478
323 478
323 479
324 597
324 479
324 480
325 480
325 481
325 482
325 483
326 483
327 482
327 484
327 485
328 485
329 484
329 486
330 470
330 487
331 487
331 488
333 488
333 489
333 490
334 489
335 412
335 491
335 492
336 454
336 492
337 455
337 493
338 494
339 491
340 497
341 496
341 497
342 414
342 494
342 498
343 495
343 498
344 395
345 396
345 499
346 499
347 420
348 397
348 500
348 515
349 500
350 398
350 496
351 399
352 400
352 501
353 501
354 401
354 502
355 502
356 402
356 411
356 503
357 414
357 503
358 403
358 504
359 504
360 465
361 428
361 452
362 486
363 441
364 460
365 411
366 476
367 416
368 436
369 415
370 410
371 490
372 409
373 413
373 515
374 481
375 448
376 493
377 495
378 423
379 505
379 512
379 513
379 522
379 523
379 524
379 525
379 533
379 536
379 542
379 543
379 545
379 557
380 506
380 510
380 527
380 528
380 531
380 535
380 538
380 541
380 544
380 554
380 558
380 559
380 636
381 507
381 509
381 511
381 535
381 550
381 552
381 560
381 561
381 562
381 563
382 600
382 561
382 564
383 602
383 564
383 565
383 566
384 566
384 567
385 608
385 567
385 568
386 562
386 569
387 610
387 569
387 570
388 611
388 570
389 613
389 568
389 571
390 571
390 572
391 572
391 573
392 573
392 574
393 565
393 575
394 508
394 575
394 576
394 577
394 578
394 579
394 581
395 581
395 582
395 583
396 583
396 584
397 584
397 586
398 563
398 587
399 614
399 587
399 588
400 588
400 589
400 590
401 589
401 591
402 585
402 591
402 592
402 593
402 594
402 595
403 594
403 596
404 586
405 580
406 598
407 597
408 551
408 595
408 597
408 598
409 599
410 547
410 549
410 596
410 600
411 551
412 599
412 601
413 548
414 548
414 553
414 604
415 603
416 576
416 605
417 605
417 606
418 606
419 551
419 555
420 546
421 615
421 554
421 607
421 608
422 616
422 600
423 511
423 553
423 555
423 603
424 523
425 525
425 609
426 609
426 610
426 611
427 610
427 612
427 613
427 614
428 613
428 615
429 612
429 616
430 617
430 616
431 604
431 617
432 614
432 618
432 619
432 620
433 618
433 621
434 524
434 622
435 622
435 623
436 623
437 547
438 590
439 559
440 522
441 620
441 558
441 624
442 625
443 624
443 626
444 626
444 627
445 627
445 628
445 629
446 629
446 630
446 631
447 630
447 632
448 631
448 633
449 633
449 634
450 634
450 635
451 635
452 637
452 638
452 639
452 640
453 621
453 640
454 638
454 641
454 642
455 642
455 658
456 623
456 526
456 641
457 526
457 625
457 643
458 643
458 644
459 557
460 644
460 645
461 645
462 646
462 647
463 540
463 647
464 601
464 650
465 650
465 651
465 652
466 537
466 653
466 654
467 646
467 655
468 653
468 655
469 538
470 529
470 532
470 537
470 656
471 656
471 657
472 533
473 636
473 648
473 649
474 556
475 658
477 513
477 556
478 529
478 659
479 659
480 516
480 539
480 602
481 530
482 518
483 592
484 519
484 660
485 660
486 520
486 661
487 661
488 521
488 662
489 532
489 662
490 508
490 580
491 510
493 648
494 552
495 579
496 619
497 531
498 585
499 626
499 577
500 628
500 608
501 632
501 574
502 633
502 652
503 634
503 617
504 582
505 636
505 545
506 637
506 536
507 639
507 632
508 607
509 513
509 628
510 621
511 543
512 512
512 546
514 530
514 539
515 549
516 544
517 528
518 542
519 649
520 540
520 602
521 527
522 615
523 639
525 541
526 611
527 550
528 637
529 593
530 578
531 651
532 654
533 657
535 620
536 560
550 643
558 641
559 642
567 644
585 645
654 658
655 659
660 660
661 661
