0 0
0 1
0 3
0 4
0 5
0 8
0 9
0 10
0 12
0 17
0 18
0 21
0 36
0 37
0 38
0 39
0 79
0 80
0 83
0 93
0 94
0 97
1 1
1 3
1 4
1 5
1 8
1 9
1 10
1 12
1 17
1 18
1 21
1 36
1 37
1 38
1 39
1 79
1 80
1 83
1 93
1 94
1 97
2 2
2 6
2 11
2 19
2 36
2 37
2 38
2 39
2 81
2 95
3 3
3 4
3 5
3 8
3 9
3 10
3 12
3 17
3 18
3 21
3 36
3 37
3 38
3 39
3 79
3 80
3 83
3 93
3 94
3 97
4 4
4 5
4 8
4 9
4 10
4 12
4 17
4 18
4 21
4 36
4 37
4 38
4 39
4 79
4 80
4 83
4 93
4 94
4 97
5 5
5 8
5 9
5 10
5 12
5 17
5 18
5 21
5 36
5 37
5 38
5 39
5 79
5 80
5 83
5 93
5 94
5 97
6 6
6 11
6 19
6 36
6 37
6 38
6 39
6 81
6 95
7 7
7 20
7 36
7 37
7 38
7 39
7 82
7 96
8 8
8 9
8 10
8 12
8 17
8 18
8 21
8 36
8 37
8 38
8 39
8 79
8 80
8 83
8 93
8 94
8 97
9 9
9 10
9 12
9 13
9 14
9 16
9 17
9 18
9 21
9 22
9 23
9 26
9 27
9 28
9 30
9 35
9 36
9 37
9 38
9 39
9 40
9 41
9 42
9 43
9 44
9 47
9 79
9 80
9 83
9 93
9 94
9 97
9 98
9 99
9 102
9 117
9 118
9 121
10 10
10 12
10 13
10 14
10 16
10 17
10 18
10 21
10 22
10 23
10 26
10 27
10 28
10 30
10 35
10 36
10 37
10 38
10 39
10 40
10 41
10 42
10 43
10 44
10 47
10 79
10 80
10 83
10 93
10 94
10 97
10 98
10 99
10 102
10 117
10 118
10 121
11 11
11 15
11 19
11 24
11 29
11 36
11 37
11 38
11 39
11 40
11 41
11 42
11 43
11 45
11 81
11 95
11 100
11 119
12 12
12 13
12 14
12 16
12 17
12 18
12 21
12 22
12 23
12 26
12 27
12 28
12 30
12 35
12 36
12 37
12 38
12 39
12 40
12 41
12 42
12 43
12 44
12 47
12 79
12 80
12 83
12 93
12 94
12 97
12 98
12 99
12 102
12 117
12 118
12 121
13 13
13 14
13 16
13 17
13 18
13 21
13 22
13 23
13 26
13 27
13 28
13 30
13 35
13 40
13 41
13 42
13 43
13 44
13 47
13 93
13 94
13 97
13 98
13 99
13 102
13 117
13 118
13 121
14 14
14 16
14 17
14 18
14 21
14 22
14 23
14 26
14 27
14 28
14 30
14 35
14 40
14 41
14 42
14 43
14 44
14 47
14 93
14 94
14 97
14 98
14 99
14 102
14 117
14 118
14 121
15 15
15 19
15 24
15 29
15 40
15 41
15 42
15 43
15 45
15 95
15 100
15 119
16 16
16 17
16 18
16 21
16 22
16 23
16 26
16 27
16 28
16 30
16 35
16 40
16 41
16 42
16 43
16 44
16 47
16 93
16 94
16 97
16 98
16 99
16 102
16 117
16 118
16 121
17 17
17 18
17 21
17 22
17 23
17 26
17 27
17 28
17 30
17 35
17 36
17 37
17 39
17 40
17 41
17 42
17 43
17 44
17 47
17 79
17 80
17 83
17 93
17 94
17 97
17 98
17 99
17 102
17 117
17 118
17 121
18 18
18 21
18 22
18 23
18 26
18 27
18 28
18 30
18 35
18 36
18 37
18 38
18 39
18 40
18 41
18 42
18 43
18 44
18 47
18 79
18 80
18 83
18 93
18 94
18 97
18 98
18 99
18 102
18 117
18 118
18 121
19 19
19 24
19 29
19 36
19 37
19 38
19 39
19 40
19 41
19 42
19 43
19 45
19 81
19 95
19 100
19 119
20 20
20 25
20 36
20 37
20 38
20 39
20 40
20 41
20 42
20 43
20 46
20 82
20 96
20 101
20 120
21 21
21 22
21 23
21 26
21 27
21 28
21 30
21 35
21 36
21 37
21 39
21 40
21 41
21 42
21 43
21 44
21 47
21 79
21 80
21 83
21 93
21 94
21 97
21 98
21 99
21 102
21 117
21 118
21 121
22 22
22 23
22 26
22 27
22 28
22 30
22 35
22 40
22 41
22 42
22 43
22 44
22 47
22 93
22 94
22 97
22 98
22 99
22 102
22 117
22 118
22 121
23 23
23 26
23 27
23 28
23 30
23 35
23 40
23 41
23 42
23 43
23 44
23 47
23 93
23 94
23 97
23 98
23 99
23 102
23 117
23 118
23 121
24 24
24 29
24 40
24 41
24 42
24 43
24 45
24 95
24 100
24 119
25 25
25 40
25 41
25 42
25 43
25 46
25 96
25 101
25 120
26 26
26 27
26 28
26 30
26 35
26 40
26 41
26 42
26 43
26 44
26 47
26 93
26 94
26 97
26 98
26 99
26 102
26 117
26 118
26 121
27 27
27 28
27 30
27 31
27 32
27 34
27 35
27 40
27 41
27 42
27 43
27 44
27 47
27 48
27 49
27 52
27 53
27 54
27 55
27 56
27 57
27 58
27 60
27 65
27 66
27 69
27 93
27 94
27 97
27 98
27 99
27 102
27 117
27 118
27 121
27 122
27 123
27 126
27 141
27 142
27 145
28 28
28 30
28 31
28 32
28 34
28 35
28 40
28 41
28 42
28 43
28 44
28 47
28 48
28 49
28 52
28 53
28 54
28 55
28 56
28 57
28 58
28 60
28 65
28 66
28 69
28 93
28 94
28 97
28 98
28 99
28 102
28 117
28 118
28 121
28 122
28 123
28 126
28 141
28 142
28 145
29 29
29 33
29 40
29 41
29 42
29 43
29 45
29 50
29 52
29 53
29 54
29 55
29 59
29 67
29 95
29 100
29 119
29 124
29 143
30 30
30 31
30 32
30 34
30 35
30 40
30 41
30 42
30 43
30 44
30 47
30 48
30 49
30 52
30 53
30 54
30 55
30 56
30 57
30 58
30 60
30 65
30 66
30 69
30 93
30 94
30 97
30 98
30 99
30 102
30 117
30 118
30 121
30 122
30 123
30 126
30 141
30 142
30 145
31 31
31 32
31 34
31 35
31 44
31 47
31 48
31 49
31 52
31 53
31 54
31 55
31 56
31 57
31 58
31 60
31 65
31 66
31 69
31 117
31 118
31 121
31 122
31 123
31 126
31 141
31 142
31 145
32 32
32 34
32 35
32 44
32 47
32 48
32 49
32 52
32 53
32 54
32 55
32 56
32 57
32 58
32 60
32 65
32 66
32 69
32 117
32 118
32 121
32 122
32 123
32 126
32 141
32 142
32 145
33 33
33 45
33 50
33 52
33 53
33 54
33 55
33 59
33 67
33 119
33 124
33 143
34 34
34 35
34 44
34 47
34 48
34 49
34 52
34 53
34 54
34 55
34 56
34 57
34 58
34 60
34 65
34 66
34 69
34 117
34 118
34 121
34 122
34 123
34 126
34 141
34 142
34 145
35 35
35 40
35 41
35 42
35 43
35 44
35 47
35 48
35 49
35 52
35 53
35 54
35 55
35 56
35 57
35 58
35 60
35 65
35 66
35 69
35 93
35 94
35 97
35 98
35 99
35 102
35 117
35 118
35 121
35 122
35 123
35 126
35 141
35 142
35 145
36 36
36 79
36 80
36 81
36 82
36 83
36 93
36 94
36 96
36 97
37 37
37 79
37 80
37 81
37 82
37 83
37 93
37 94
37 95
37 96
37 97
38 38
38 79
38 80
38 81
38 82
38 83
38 93
38 94
38 95
38 96
38 97
39 39
39 79
39 80
39 81
39 82
39 83
39 93
39 94
39 95
39 96
39 97
40 40
40 44
40 45
40 46
40 47
40 93
40 94
40 95
40 96
40 97
40 98
40 99
40 100
40 101
40 102
40 117
40 118
40 119
40 120
40 121
41 41
41 44
41 45
41 46
41 47
41 93
41 94
41 95
41 96
41 97
41 98
41 99
41 100
41 101
41 102
41 117
41 118
41 120
41 121
42 42
42 44
42 45
42 46
42 47
42 93
42 94
42 95
42 96
42 97
42 98
42 99
42 100
42 102
42 117
42 118
42 119
42 120
42 121
43 43
43 44
43 45
43 46
43 47
43 93
43 94
43 95
43 96
43 97
43 98
43 99
43 100
43 101
43 102
43 117
43 118
43 119
43 120
43 121
44 44
44 47
44 48
44 49
44 52
44 53
44 54
44 55
44 56
44 57
44 58
44 60
44 65
44 66
44 69
44 93
44 94
44 97
44 98
44 99
44 102
44 117
44 118
44 121
44 122
44 123
44 126
44 141
44 142
44 145
45 45
45 50
45 52
45 53
45 54
45 55
45 59
45 67
45 95
45 100
45 119
45 124
45 143
46 46
46 51
46 52
46 53
46 54
46 55
46 68
46 96
46 101
46 120
46 125
46 144
47 47
47 48
47 49
47 52
47 53
47 54
47 55
47 56
47 57
47 58
47 60
47 65
47 66
47 69
47 93
47 94
47 97
47 98
47 99
47 102
47 117
47 118
47 121
47 122
47 123
47 126
47 141
47 142
47 145
48 48
48 49
48 52
48 53
48 54
48 55
48 56
48 57
48 58
48 60
48 65
48 66
48 69
48 117
48 118
48 121
48 122
48 123
48 126
48 141
48 142
48 145
49 49
49 52
49 53
49 54
49 55
49 56
49 57
49 58
49 60
49 65
49 66
49 69
49 117
49 118
49 121
49 122
49 123
49 126
49 141
49 142
49 145
50 50
50 52
50 53
50 54
50 55
50 59
50 67
50 119
50 124
50 143
51 51
51 52
51 53
51 54
51 55
51 68
51 120
51 125
51 144
52 52
52 56
52 57
52 58
52 59
52 60
52 65
52 66
52 67
52 68
52 69
52 117
52 118
52 119
52 120
52 121
52 122
52 123
52 124
52 125
52 126
52 141
52 142
52 143
52 144
52 145
53 53
53 56
53 57
53 58
53 59
53 60
53 65
53 66
53 67
53 68
53 69
53 117
53 118
53 119
53 120
53 121
53 122
53 123
53 124
53 125
53 126
53 141
53 142
53 143
53 144
53 145
54 54
54 56
54 57
54 58
54 59
54 60
54 65
54 66
54 67
54 68
54 69
54 117
54 118
54 119
54 120
54 121
54 122
54 123
54 124
54 125
54 126
54 141
54 142
54 143
54 144
54 145
55 55
55 56
55 57
55 58
55 59
55 60
55 65
55 66
55 67
55 68
55 69
55 117
55 118
55 119
55 120
55 121
55 122
55 123
55 124
55 125
55 126
55 141
55 142
55 143
55 144
55 145
56 56
56 57
56 58
56 60
56 65
56 66
56 69
56 117
56 118
56 121
56 122
56 123
56 126
56 141
56 142
56 145
57 57
57 58
57 60
57 61
57 62
57 64
57 65
57 66
57 69
57 70
57 71
57 74
57 75
57 76
57 77
57 78
57 117
57 118
57 121
57 122
57 123
57 126
57 141
57 142
57 145
57 146
57 147
57 150
58 58
58 60
58 61
58 62
58 64
58 65
58 66
58 69
58 70
58 71
58 74
58 75
58 76
58 77
58 78
58 117
58 118
58 121
58 122
58 123
58 126
58 141
58 142
58 145
58 146
58 147
58 150
59 59
59 63
59 67
59 72
59 74
59 75
59 76
59 77
59 119
59 124
59 143
59 148
60 60
60 61
60 62
60 64
60 65
60 66
60 69
60 70
60 71
60 74
60 75
60 76
60 77
60 78
60 117
60 118
60 121
60 122
60 123
60 126
60 141
60 142
60 145
60 146
60 147
60 150
61 61
61 62
61 64
61 65
61 66
61 69
61 70
61 71
61 74
61 75
61 76
61 77
61 78
61 141
61 142
61 145
61 146
61 147
61 150
62 62
62 64
62 65
62 66
62 69
62 70
62 71
62 74
62 75
62 76
62 77
62 78
62 141
62 142
62 145
62 146
62 147
62 150
63 63
63 67
63 72
63 74
63 75
63 76
63 77
63 143
63 148
64 64
64 65
64 66
64 69
64 70
64 71
64 74
64 75
64 76
64 77
64 78
64 141
64 142
64 145
64 146
64 147
64 150
65 65
65 66
65 69
65 70
65 71
65 74
65 75
65 76
65 77
65 78
65 117
65 118
65 121
65 122
65 123
65 126
65 141
65 142
65 145
65 146
65 147
65 150
66 66
66 69
66 70
66 71
66 74
66 75
66 76
66 77
66 78
66 117
66 118
66 121
66 122
66 123
66 126
66 141
66 142
66 145
66 146
66 147
66 150
67 67
67 72
67 74
67 75
67 76
67 77
67 119
67 124
67 143
67 148
68 68
68 73
68 74
68 75
68 76
68 77
68 120
68 125
68 144
68 149
69 69
69 70
69 71
69 74
69 75
69 76
69 77
69 78
69 117
69 118
69 121
69 122
69 123
69 126
69 141
69 142
69 145
69 146
69 147
69 150
70 70
70 71
70 74
70 75
70 76
70 77
70 78
70 141
70 142
70 145
70 146
70 147
70 150
71 71
71 74
71 75
71 76
71 77
71 78
71 141
71 142
71 145
71 146
71 147
71 150
72 72
72 74
72 75
72 76
72 77
72 143
72 148
73 73
73 74
73 75
73 77
73 144
73 149
74 74
74 78
74 141
74 142
74 143
74 144
74 145
74 146
74 147
74 148
74 149
74 150
75 75
75 78
75 141
75 142
75 143
75 144
75 145
75 146
75 147
75 148
75 149
75 150
76 76
76 78
76 141
76 142
76 143
76 144
76 145
76 146
76 147
76 148
76 149
76 150
77 77
77 78
77 141
77 142
77 143
77 144
77 145
77 146
77 147
77 148
77 149
77 150
78 78
78 141
78 142
78 145
78 146
78 147
78 150
79 79
79 80
79 83
79 84
79 85
79 88
79 89
79 90
79 91
79 92
79 93
79 94
79 97
79 103
79 104
79 107
79 165
79 166
79 169
79 179
79 180
79 183
80 80
80 83
80 84
80 85
80 88
80 89
80 90
80 91
80 92
80 93
80 94
80 97
80 103
80 104
80 107
80 165
80 166
80 169
80 179
80 180
80 183
81 81
81 86
81 88
81 89
81 90
81 91
81 95
81 105
81 167
81 181
82 82
82 87
82 88
82 89
82 90
82 91
82 96
82 106
82 168
82 182
83 83
83 84
83 85
83 88
83 89
83 90
83 91
83 92
83 93
83 94
83 97
83 103
83 104
83 107
83 165
83 166
83 169
83 179
83 180
83 183
84 84
84 85
84 88
84 89
84 90
84 91
84 92
84 93
84 94
84 97
84 103
84 104
84 107
84 165
84 166
84 169
84 179
84 180
84 183
85 85
85 88
85 89
85 90
85 91
85 92
85 93
85 94
85 97
85 103
85 104
85 107
85 165
85 166
85 169
85 179
85 180
85 183
86 86
86 88
86 89
86 90
86 91
86 95
86 105
86 167
86 181
87 87
87 88
87 89
87 90
87 91
87 96
87 106
87 168
87 182
88 88
88 92
88 93
88 94
88 95
88 96
88 97
88 103
88 104
88 105
88 106
88 107
88 165
88 166
88 167
88 168
88 169
88 179
88 180
88 181
88 182
88 183
89 89
89 92
89 93
89 94
89 95
89 96
89 97
89 103
89 104
89 105
89 106
89 107
89 165
89 166
89 167
89 168
89 169
89 179
89 180
89 181
89 182
89 183
90 90
90 92
90 93
90 94
90 95
90 96
90 97
90 104
90 105
90 106
90 107
90 165
90 166
90 167
90 168
90 169
90 179
90 180
90 181
90 182
90 183
91 91
91 92
91 93
91 94
91 95
91 96
91 97
91 103
91 104
91 105
91 106
91 107
91 165
91 166
91 167
91 168
91 169
91 179
91 180
91 181
91 182
91 183
92 92
92 93
92 94
92 97
92 103
92 104
92 107
92 165
92 166
92 169
92 179
92 180
92 183
93 93
93 94
93 97
93 98
93 99
93 102
93 103
93 104
93 107
93 108
93 109
93 112
93 113
93 114
93 115
93 116
93 117
93 118
93 121
93 127
93 128
93 131
93 165
93 166
93 169
93 179
93 180
93 183
93 184
93 185
93 188
93 203
93 204
93 207
94 94
94 97
94 98
94 99
94 102
94 103
94 104
94 107
94 108
94 109
94 112
94 113
94 114
94 115
94 116
94 117
94 118
94 121
94 127
94 128
94 131
94 165
94 166
94 169
94 179
94 180
94 183
94 184
94 185
94 188
94 203
94 204
94 207
95 95
95 100
95 105
95 110
95 112
95 113
95 114
95 115
95 119
95 129
95 167
95 181
95 186
95 205
96 96
96 101
96 106
96 111
96 112
96 113
96 114
96 115
96 120
96 130
96 168
96 182
96 187
96 206
97 97
97 98
97 99
97 102
97 103
97 104
97 107
97 108
97 109
97 112
97 113
97 114
97 115
97 116
97 117
97 118
97 121
97 127
97 128
97 131
97 165
97 166
97 169
97 179
97 180
97 183
97 184
97 185
97 188
97 203
97 204
97 207
98 98
98 99
98 102
98 103
98 104
98 107
98 108
98 109
98 112
98 113
98 114
98 115
98 116
98 117
98 118
98 121
98 127
98 128
98 131
98 179
98 180
98 183
98 184
98 185
98 188
98 203
98 204
98 207
99 99
99 102
99 103
99 104
99 107
99 108
99 109
99 112
99 113
99 114
99 115
99 116
99 117
99 118
99 121
99 127
99 128
99 131
99 179
99 180
99 183
99 184
99 185
99 188
99 203
99 204
99 207
100 100
100 105
100 110
100 112
100 113
100 114
100 115
100 119
100 129
100 181
100 186
100 205
101 101
101 106
101 111
101 112
101 113
101 114
101 115
101 120
101 130
101 182
101 187
101 206
102 102
102 103
102 104
102 107
102 108
102 109
102 112
102 113
102 114
102 115
102 116
102 117
102 118
102 121
102 127
102 128
102 131
102 179
102 180
102 183
102 184
102 185
102 188
102 203
102 204
102 207
103 103
103 104
103 107
103 108
103 109
103 112
103 113
103 114
103 115
103 116
103 117
103 118
103 121
103 127
103 128
103 131
103 165
103 166
103 169
103 179
103 180
103 183
103 184
103 185
103 188
103 203
103 204
103 207
104 104
104 107
104 108
104 109
104 112
104 113
104 114
104 115
104 116
104 117
104 118
104 121
104 127
104 128
104 131
104 165
104 166
104 169
104 179
104 180
104 183
104 184
104 185
104 188
104 203
104 204
104 207
105 105
105 110
105 112
105 113
105 114
105 115
105 119
105 129
105 167
105 181
105 186
105 205
106 106
106 111
106 112
106 113
106 114
106 115
106 120
106 130
106 168
106 182
106 187
106 206
107 107
107 108
107 109
107 112
107 113
107 114
107 115
107 116
107 117
107 118
107 121
107 127
107 128
107 131
107 165
107 166
107 169
107 179
107 180
107 183
107 184
107 185
107 188
107 203
107 204
107 207
108 108
108 109
108 112
108 113
108 114
108 115
108 116
108 117
108 118
108 121
108 127
108 128
108 131
108 179
108 180
108 183
108 184
108 185
108 188
108 203
108 204
108 207
109 109
109 112
109 113
109 114
109 115
109 116
109 117
109 118
109 121
109 127
109 128
109 131
109 179
109 180
109 183
109 184
109 185
109 188
109 203
109 204
109 207
110 110
110 112
110 113
110 114
110 115
110 119
110 129
110 181
110 186
110 205
111 111
111 112
111 113
111 114
111 115
111 120
111 130
111 182
111 187
111 206
112 112
112 116
112 117
112 118
112 119
112 120
112 121
112 127
112 129
112 130
112 179
112 180
112 181
112 182
112 183
112 184
112 185
112 186
112 187
112 188
112 203
112 204
112 205
112 206
112 207
113 113
113 116
113 117
113 118
113 119
113 120
113 121
113 127
113 128
113 129
113 130
113 131
113 179
113 180
113 181
113 182
113 183
113 184
113 185
113 186
113 187
113 188
113 203
113 204
113 205
113 206
113 207
114 114
114 116
114 117
114 118
114 119
114 120
114 121
114 127
114 128
114 129
114 130
114 131
114 179
114 180
114 181
114 182
114 183
114 184
114 185
114 186
114 187
114 188
114 203
114 204
114 205
114 206
114 207
115 115
115 116
115 117
115 118
115 119
115 120
115 121
115 127
115 128
115 129
115 130
115 131
115 179
115 180
115 181
115 182
115 183
115 184
115 185
115 186
115 187
115 188
115 203
115 204
115 206
115 207
116 116
116 117
116 118
116 121
116 127
116 128
116 131
116 179
116 180
116 183
116 184
116 185
116 188
116 203
116 204
116 207
117 117
117 118
117 121
117 122
117 123
117 126
117 127
117 128
117 131
117 132
117 133
117 136
117 137
117 138
117 139
117 140
117 141
117 142
117 145
117 151
117 152
117 155
117 179
117 180
117 183
117 184
117 185
117 188
117 203
117 204
117 207
117 208
117 209
117 212
117 227
117 228
117 231
118 118
118 121
118 122
118 123
118 126
118 127
118 128
118 131
118 132
118 133
118 136
118 137
118 138
118 139
118 140
118 141
118 142
118 145
118 151
118 152
118 155
118 179
118 180
118 183
118 184
118 185
118 188
118 203
118 204
118 207
118 208
118 209
118 212
118 227
118 228
118 231
119 119
119 124
119 129
119 134
119 136
119 137
119 138
119 139
119 143
119 153
119 181
119 186
119 205
119 210
119 229
120 120
120 125
120 130
120 135
120 136
120 137
120 138
120 139
120 144
120 154
120 182
120 187
120 206
120 211
120 230
121 121
121 122
121 123
121 126
121 127
121 128
121 131
121 132
121 133
121 136
121 137
121 138
121 139
121 140
121 141
121 142
121 145
121 151
121 152
121 155
121 179
121 180
121 183
121 184
121 185
121 188
121 203
121 204
121 207
121 208
121 209
121 212
121 227
121 228
121 231
122 122
122 123
122 126
122 127
122 128
122 131
122 132
122 133
122 136
122 137
122 138
122 139
122 140
122 141
122 142
122 145
122 151
122 152
122 155
122 203
122 204
122 207
122 208
122 209
122 212
122 227
122 228
122 231
123 123
123 126
123 127
123 128
123 131
123 132
123 133
123 136
123 137
123 138
123 139
123 140
123 141
123 142
123 145
123 151
123 152
123 155
123 203
123 204
123 207
123 208
123 209
123 212
123 227
123 228
123 231
124 124
124 129
124 134
124 136
124 137
124 138
124 139
124 143
124 153
124 205
124 210
124 229
125 125
125 130
125 135
125 136
125 137
125 138
125 139
125 144
125 154
125 206
125 211
125 230
126 126
126 127
126 128
126 131
126 132
126 133
126 136
126 137
126 138
126 139
126 140
126 141
126 142
126 145
126 151
126 152
126 155
126 203
126 204
126 207
126 208
126 209
126 212
126 227
126 228
126 231
127 127
127 128
127 131
127 132
127 133
127 136
127 137
127 138
127 139
127 140
127 141
127 142
127 145
127 151
127 152
127 155
127 179
127 180
127 183
127 184
127 185
127 188
127 203
127 204
127 207
127 208
127 209
127 212
127 227
127 228
127 231
128 128
128 131
128 132
128 133
128 136
128 137
128 138
128 139
128 140
128 141
128 142
128 145
128 151
128 152
128 155
128 179
128 180
128 183
128 184
128 185
128 188
128 203
128 204
128 207
128 208
128 209
128 212
128 227
128 228
128 231
129 129
129 134
129 136
129 137
129 138
129 139
129 143
129 153
129 181
129 186
129 205
129 210
129 229
130 130
130 135
130 136
130 137
130 138
130 139
130 144
130 154
130 182
130 187
130 206
130 211
130 230
131 131
131 132
131 133
131 136
131 137
131 138
131 139
131 140
131 141
131 142
131 145
131 151
131 152
131 155
131 179
131 180
131 183
131 184
131 185
131 188
131 203
131 204
131 207
131 208
131 209
131 212
131 227
131 228
131 231
132 132
132 133
132 136
132 137
132 138
132 139
132 140
132 141
132 142
132 145
132 151
132 152
132 155
132 203
132 204
132 207
132 208
132 209
132 212
132 227
132 228
132 231
133 133
133 136
133 137
133 138
133 139
133 140
133 141
133 142
133 145
133 151
133 152
133 155
133 203
133 204
133 207
133 208
133 209
133 212
133 227
133 228
133 231
134 134
134 136
134 137
134 138
134 139
134 143
134 153
134 205
134 210
134 229
135 135
135 136
135 137
135 138
135 139
135 144
135 154
135 206
135 211
135 230
136 136
136 140
136 141
136 142
136 143
136 144
136 145
136 151
136 152
136 153
136 154
136 155
136 203
136 204
136 205
136 206
136 207
136 208
136 209
136 210
136 211
136 212
136 227
136 228
136 229
136 230
136 231
137 137
137 140
137 141
137 142
137 143
137 144
137 145
137 151
137 152
137 153
137 154
137 155
137 203
137 204
137 205
137 206
137 207
137 208
137 209
137 210
137 211
137 212
137 227
137 228
137 229
137 230
137 231
138 138
138 140
138 141
138 142
138 143
138 144
138 145
138 151
138 152
138 153
138 154
138 155
138 203
138 204
138 205
138 206
138 207
138 208
138 209
138 210
138 212
138 228
138 229
138 230
138 231
139 139
139 140
139 141
139 142
139 143
139 144
139 145
139 151
139 152
139 153
139 154
139 155
139 203
139 204
139 205
139 206
139 207
139 208
139 209
139 210
139 211
139 212
139 227
139 228
139 229
139 230
139 231
140 140
140 141
140 142
140 145
140 151
140 152
140 155
140 203
140 204
140 207
140 208
140 209
140 212
140 227
140 228
140 231
141 141
141 142
141 145
141 146
141 147
141 150
141 151
141 152
141 155
141 156
141 157
141 160
141 161
141 162
141 163
141 164
141 203
141 204
141 207
141 208
141 209
141 212
141 227
141 228
141 231
141 232
141 233
141 236
142 142
142 145
142 146
142 147
142 150
142 151
142 152
142 155
142 156
142 157
142 160
142 161
142 162
142 163
142 164
142 203
142 204
142 207
142 208
142 209
142 212
142 227
142 228
142 231
142 232
142 233
142 236
143 143
143 148
143 153
143 158
143 160
143 161
143 162
143 163
143 205
143 210
143 229
143 234
144 144
144 149
144 154
144 159
144 160
144 161
144 162
144 163
144 206
144 211
144 230
144 235
145 145
145 146
145 147
145 150
145 151
145 152
145 155
145 156
145 157
145 160
145 161
145 162
145 163
145 164
145 203
145 204
145 207
145 208
145 209
145 212
145 227
145 228
145 231
145 232
145 233
145 236
146 146
146 147
146 150
146 151
146 152
146 155
146 156
146 157
146 160
146 161
146 162
146 163
146 164
146 227
146 228
146 231
146 232
146 233
146 236
147 147
147 150
147 151
147 152
147 155
147 156
147 157
147 160
147 161
147 162
147 163
147 164
147 227
147 228
147 231
147 232
147 233
147 236
148 148
148 153
148 158
148 160
148 161
148 162
148 163
148 229
148 234
149 149
149 154
149 159
149 160
149 161
149 162
149 163
149 230
149 235
150 150
150 151
150 152
150 155
150 156
150 157
150 160
150 161
150 162
150 163
150 164
150 227
150 228
150 231
150 232
150 233
150 236
151 151
151 152
151 155
151 156
151 157
151 160
151 161
151 162
151 163
151 164
151 203
151 204
151 207
151 208
151 209
151 212
151 227
151 228
151 231
151 232
151 233
151 236
152 152
152 155
152 156
152 157
152 160
152 161
152 162
152 163
152 164
152 203
152 204
152 207
152 208
152 209
152 212
152 227
152 228
152 231
152 232
152 233
152 236
153 153
153 158
153 160
153 161
153 162
153 163
153 205
153 210
153 229
153 234
154 154
154 159
154 160
154 161
154 162
154 163
154 206
154 211
154 230
154 235
155 155
155 156
155 157
155 160
155 161
155 162
155 163
155 164
155 203
155 204
155 207
155 208
155 209
155 212
155 227
155 228
155 231
155 232
155 233
155 236
156 156
156 157
156 160
156 161
156 162
156 163
156 164
156 227
156 228
156 231
156 232
156 233
156 236
157 157
157 160
157 161
157 162
157 163
157 164
157 227
157 228
157 231
157 232
157 233
157 236
158 158
158 160
158 161
158 162
158 163
158 229
158 234
159 159
159 160
159 161
159 162
159 163
159 230
159 235
160 160
160 164
160 227
160 228
160 229
160 230
160 231
160 232
160 233
160 234
160 235
160 236
161 161
161 164
161 227
161 228
161 229
161 230
161 231
161 232
161 233
161 234
161 235
161 236
162 162
162 164
162 227
162 228
162 229
162 230
162 231
162 232
162 233
162 234
162 235
162 236
163 163
163 164
163 227
163 228
163 229
163 230
163 231
163 232
163 233
163 234
163 235
163 236
164 164
164 227
164 228
164 231
164 232
164 233
164 236
165 165
165 166
165 169
165 170
165 171
165 174
165 175
165 176
165 177
165 178
165 179
165 180
165 183
165 189
165 190
165 193
165 313
165 314
165 317
165 318
165 319
165 322
166 166
166 169
166 170
166 171
166 174
166 175
166 176
166 177
166 178
166 179
166 180
166 183
166 189
166 190
166 193
166 313
166 314
166 317
166 318
166 319
166 322
167 167
167 172
167 174
167 175
167 176
167 177
167 181
167 191
167 315
167 320
168 168
168 173
168 174
168 175
168 176
168 177
168 182
168 192
168 316
168 321
169 169
169 170
169 171
169 174
169 175
169 176
169 177
169 178
169 179
169 180
169 183
169 189
169 190
169 193
169 313
169 314
169 317
169 318
169 319
169 322
170 170
170 171
170 174
170 175
170 176
170 177
170 178
170 179
170 180
170 183
170 189
170 190
170 193
170 313
170 314
170 317
170 318
170 319
170 322
171 171
171 174
171 175
171 176
171 177
171 178
171 179
171 180
171 183
171 189
171 190
171 193
171 313
171 314
171 317
171 318
171 319
171 322
172 172
172 174
172 175
172 176
172 177
172 181
172 191
172 315
172 320
173 173
173 174
173 175
173 176
173 177
173 182
173 192
173 316
173 321
174 174
174 178
174 179
174 180
174 181
174 182
174 183
174 189
174 190
174 191
174 192
174 313
174 314
174 315
174 316
174 317
174 318
174 319
174 320
174 321
174 322
175 175
175 178
175 179
175 180
175 181
175 182
175 183
175 189
175 190
175 191
175 192
175 193
175 313
175 314
175 316
175 317
175 318
175 319
175 320
175 321
175 322
176 176
176 178
176 179
176 180
176 181
176 182
176 183
176 190
176 191
176 192
176 193
176 313
176 314
176 315
176 316
176 317
176 318
176 319
176 320
176 321
176 322
177 177
177 179
177 180
177 181
177 182
177 183
177 189
177 190
177 191
177 192
177 193
177 313
177 314
177 315
177 316
177 317
177 318
177 319
177 321
177 322
178 178
178 179
178 180
178 183
178 189
178 190
178 193
178 313
178 314
178 317
178 318
178 319
178 322
179 179
179 180
179 183
179 184
179 185
179 188
179 189
179 190
179 193
179 194
179 195
179 198
179 199
179 200
179 201
179 202
179 203
179 204
179 207
179 213
179 214
179 217
179 289
179 290
179 293
179 294
179 295
179 298
179 313
179 314
179 317
179 318
179 319
179 322
180 180
180 183
180 184
180 185
180 188
180 189
180 190
180 193
180 194
180 195
180 198
180 199
180 200
180 201
180 202
180 203
180 204
180 207
180 213
180 214
180 217
180 289
180 290
180 293
180 294
180 295
180 298
180 313
180 314
180 317
180 318
180 319
180 322
181 181
181 186
181 191
181 196
181 198
181 199
181 200
181 201
181 205
181 215
181 291
181 296
181 315
181 320
182 182
182 187
182 192
182 197
182 198
182 199
182 200
182 201
182 206
182 216
182 292
182 297
182 316
182 321
183 183
183 184
183 185
183 188
183 189
183 190
183 193
183 194
183 195
183 198
183 199
183 200
183 201
183 202
183 203
183 204
183 207
183 213
183 214
183 217
183 289
183 290
183 293
183 294
183 295
183 298
183 313
183 314
183 317
183 318
183 319
183 322
184 184
184 185
184 188
184 189
184 190
184 193
184 194
184 195
184 198
184 199
184 200
184 201
184 202
184 203
184 204
184 207
184 213
184 214
184 217
184 289
184 290
184 293
184 294
184 295
184 298
184 318
184 319
184 322
185 185
185 188
185 189
185 190
185 193
185 194
185 195
185 198
185 199
185 200
185 201
185 202
185 203
185 204
185 207
185 213
185 214
185 217
185 289
185 290
185 293
185 294
185 295
185 298
185 318
185 319
185 322
186 186
186 191
186 196
186 198
186 199
186 200
186 201
186 205
186 215
186 291
186 296
186 320
187 187
187 192
187 197
187 198
187 199
187 200
187 201
187 206
187 216
187 292
187 297
187 321
188 188
188 189
188 190
188 193
188 194
188 195
188 198
188 199
188 200
188 201
188 202
188 203
188 204
188 207
188 213
188 214
188 217
188 289
188 290
188 293
188 294
188 295
188 298
188 318
188 319
188 322
189 189
189 190
189 193
189 194
189 195
189 198
189 199
189 200
189 201
189 202
189 203
189 204
189 207
189 213
189 214
189 217
189 289
189 290
189 293
189 294
189 295
189 298
189 313
189 314
189 317
189 318
189 319
189 322
190 190
190 193
190 194
190 195
190 198
190 199
190 200
190 201
190 202
190 203
190 204
190 207
190 213
190 214
190 217
190 289
190 290
190 293
190 294
190 295
190 298
190 313
190 314
190 317
190 318
190 319
190 322
191 191
191 196
191 198
191 199
191 200
191 201
191 205
191 215
191 291
191 296
191 315
191 320
192 192
192 197
192 198
192 199
192 200
192 201
192 206
192 216
192 292
192 297
192 316
192 321
193 193
193 194
193 195
193 198
193 199
193 200
193 201
193 202
193 203
193 204
193 207
193 213
193 214
193 217
193 289
193 290
193 293
193 294
193 295
193 298
193 313
193 314
193 317
193 318
193 319
193 322
194 194
194 195
194 198
194 199
194 200
194 201
194 202
194 203
194 204
194 207
194 213
194 214
194 217
194 289
194 290
194 293
194 294
194 295
194 298
194 318
194 319
194 322
195 195
195 198
195 199
195 200
195 201
195 202
195 203
195 204
195 207
195 213
195 214
195 217
195 289
195 290
195 293
195 294
195 295
195 298
195 318
195 319
195 322
196 196
196 198
196 199
196 200
196 201
196 205
196 215
196 291
196 296
196 320
197 197
197 198
197 199
197 200
197 201
197 206
197 216
197 292
197 297
197 321
198 198
198 202
198 203
198 204
198 205
198 206
198 207
198 213
198 214
198 215
198 216
198 289
198 290
198 291
198 292
198 293
198 294
198 295
198 296
198 297
198 298
198 318
198 319
198 320
198 321
198 322
199 199
199 202
199 203
199 204
199 205
199 206
199 207
199 213
199 214
199 215
199 216
199 217
199 289
199 290
199 291
199 292
199 293
199 294
199 295
199 296
199 297
199 298
199 318
199 319
199 320
199 321
199 322
200 200
200 202
200 203
200 204
200 205
200 206
200 207
200 213
200 214
200 215
200 216
200 217
200 289
200 290
200 291
200 292
200 293
200 294
200 295
200 296
200 297
200 298
200 318
200 319
200 320
200 321
200 322
201 201
201 202
201 203
201 204
201 205
201 206
201 207
201 213
201 214
201 215
201 216
201 217
201 289
201 290
201 291
201 292
201 293
201 294
201 295
201 296
201 297
201 298
201 318
201 319
201 320
201 321
201 322
202 202
202 203
202 204
202 207
202 213
202 214
202 217
202 289
202 290
202 293
202 294
202 295
202 298
202 318
202 319
202 322
203 203
203 204
203 207
203 208
203 209
203 212
203 213
203 214
203 217
203 218
203 219
203 222
203 223
203 224
203 225
203 226
203 227
203 228
203 231
203 237
203 238
203 241
203 265
203 266
203 269
203 270
203 271
203 274
203 289
203 290
203 293
203 294
203 295
203 298
203 318
203 319
203 322
204 204
204 207
204 208
204 209
204 212
204 213
204 214
204 217
204 218
204 219
204 222
204 223
204 224
204 225
204 226
204 227
204 228
204 231
204 237
204 238
204 241
204 265
204 266
204 269
204 270
204 271
204 274
204 289
204 290
204 293
204 294
204 295
204 298
204 318
204 319
204 322
205 205
205 210
205 215
205 220
205 222
205 223
205 224
205 225
205 229
205 239
205 267
205 272
205 291
205 296
205 320
206 206
206 211
206 216
206 221
206 222
206 223
206 224
206 225
206 230
206 240
206 268
206 273
206 292
206 297
206 321
207 207
207 208
207 209
207 212
207 213
207 214
207 217
207 218
207 219
207 222
207 223
207 224
207 225
207 226
207 227
207 228
207 231
207 237
207 238
207 241
207 265
207 266
207 269
207 270
207 271
207 274
207 289
207 290
207 293
207 294
207 295
207 298
207 318
207 319
207 322
208 208
208 209
208 212
208 213
208 214
208 217
208 218
208 219
208 222
208 223
208 224
208 225
208 226
208 227
208 228
208 231
208 237
208 238
208 241
208 265
208 266
208 269
208 270
208 271
208 274
208 294
208 295
208 298
209 209
209 212
209 213
209 214
209 217
209 218
209 219
209 222
209 223
209 224
209 225
209 226
209 227
209 228
209 231
209 237
209 238
209 241
209 265
209 266
209 269
209 270
209 271
209 274
209 294
209 295
209 298
210 210
210 215
210 220
210 222
210 223
210 224
210 225
210 229
210 239
210 267
210 272
210 296
211 211
211 216
211 221
211 222
211 223
211 224
211 225
211 230
211 240
211 268
211 273
211 297
212 212
212 213
212 214
212 217
212 218
212 219
212 222
212 223
212 224
212 225
212 226
212 227
212 228
212 231
212 237
212 238
212 241
212 265
212 266
212 269
212 270
212 271
212 274
212 294
212 295
212 298
213 213
213 214
213 217
213 218
213 219
213 222
213 223
213 224
213 225
213 226
213 227
213 228
213 231
213 237
213 238
213 241
213 265
213 266
213 269
213 270
213 271
213 274
213 289
213 290
213 293
213 294
213 295
213 298
213 318
213 319
213 322
214 214
214 217
214 218
214 219
214 222
214 223
214 224
214 225
214 226
214 227
214 228
214 231
214 237
214 238
214 241
214 265
214 266
214 269
214 270
214 271
214 274
214 289
214 290
214 293
214 294
214 295
214 298
214 318
214 319
214 322
215 215
215 220
215 222
215 223
215 224
215 225
215 229
215 239
215 267
215 272
215 291
215 296
215 320
216 216
216 221
216 222
216 223
216 224
216 225
216 230
216 240
216 268
216 273
216 292
216 297
216 321
217 217
217 218
217 219
217 222
217 223
217 224
217 225
217 226
217 227
217 228
217 231
217 237
217 238
217 241
217 265
217 266
217 269
217 270
217 271
217 274
217 289
217 290
217 293
217 294
217 295
217 298
217 318
217 319
217 322
218 218
218 219
218 222
218 223
218 224
218 225
218 226
218 227
218 228
218 231
218 237
218 238
218 241
218 265
218 266
218 269
218 270
218 271
218 274
218 294
218 295
218 298
219 219
219 222
219 223
219 224
219 225
219 226
219 227
219 228
219 231
219 237
219 238
219 241
219 265
219 266
219 269
219 270
219 271
219 274
219 294
219 295
219 298
220 220
220 222
220 223
220 224
220 225
220 229
220 239
220 267
220 272
220 296
221 221
221 222
221 223
221 224
221 225
221 230
221 240
221 268
221 273
221 297
222 222
222 226
222 227
222 228
222 229
222 230
222 231
222 237
222 238
222 239
222 240
222 241
222 265
222 266
222 267
222 268
222 269
222 270
222 271
222 272
222 273
222 274
222 294
222 295
222 296
222 297
222 298
223 223
223 226
223 227
223 228
223 229
223 230
223 231
223 237
223 238
223 239
223 240
223 241
223 265
223 266
223 267
223 268
223 269
223 270
223 271
223 272
223 273
223 274
223 294
223 295
223 296
223 297
223 298
224 224
224 226
224 227
224 228
224 229
224 230
224 231
224 237
224 238
224 239
224 240
224 241
224 265
224 266
224 267
224 269
224 270
224 271
224 272
224 273
224 274
224 294
224 295
224 296
224 297
224 298
225 225
225 226
225 227
225 228
225 229
225 230
225 231
225 237
225 238
225 239
225 240
225 241
225 265
225 266
225 267
225 268
225 269
225 270
225 271
225 272
225 273
225 274
225 294
225 295
225 296
225 297
225 298
226 226
226 227
226 228
226 231
226 237
226 238
226 241
226 265
226 266
226 269
226 270
226 271
226 274
226 294
226 295
226 298
227 227
227 228
227 231
227 232
227 233
227 236
227 237
227 238
227 241
227 242
227 243
227 246
227 247
227 248
227 249
227 250
227 251
227 252
227 255
227 265
227 266
227 269
227 270
227 271
227 274
227 294
227 295
227 298
228 228
228 231
228 232
228 233
228 236
228 237
228 238
228 241
228 242
228 243
228 246
228 247
228 248
228 249
228 250
228 251
228 252
228 255
228 265
228 266
228 269
228 270
228 271
228 274
228 294
228 295
228 298
229 229
229 234
229 239
229 244
229 246
229 247
229 248
229 249
229 253
229 267
229 272
229 296
230 230
230 235
230 240
230 245
230 246
230 247
230 248
230 249
230 254
230 268
230 273
230 297
231 231
231 232
231 233
231 236
231 237
231 238
231 241
231 242
231 243
231 246
231 247
231 248
231 249
231 250
231 251
231 252
231 255
231 265
231 266
231 269
231 270
231 271
231 274
231 294
231 295
231 298
232 232
232 233
232 236
232 237
232 238
232 241
232 242
232 243
232 246
232 247
232 248
232 249
232 250
232 251
232 252
232 255
232 270
232 271
232 274
233 233
233 236
233 237
233 238
233 241
233 242
233 243
233 246
233 247
233 248
233 249
233 250
233 251
233 252
233 255
233 270
233 271
233 274
234 234
234 239
234 244
234 246
234 247
234 248
234 249
234 253
234 272
235 235
235 240
235 245
235 246
235 247
235 248
235 249
235 254
235 273
236 236
236 237
236 238
236 241
236 242
236 243
236 246
236 247
236 248
236 249
236 250
236 251
236 252
236 255
236 270
236 271
236 274
237 237
237 238
237 241
237 242
237 243
237 246
237 247
237 248
237 249
237 250
237 251
237 252
237 255
237 265
237 266
237 269
237 270
237 271
237 274
237 294
237 295
237 298
238 238
238 241
238 242
238 243
238 246
238 247
238 248
238 249
238 250
238 251
238 252
238 255
238 265
238 266
238 269
238 270
238 271
238 274
238 294
238 295
238 298
239 239
239 244
239 246
239 247
239 248
239 249
239 253
239 267
239 272
239 296
240 240
240 245
240 246
240 247
240 248
240 249
240 254
240 268
240 273
240 297
241 241
241 242
241 243
241 246
241 247
241 248
241 249
241 250
241 251
241 252
241 255
241 265
241 266
241 269
241 270
241 271
241 274
241 294
241 295
241 298
242 242
242 243
242 246
242 247
242 248
242 249
242 250
242 251
242 252
242 255
242 270
242 271
242 274
243 243
243 246
243 247
243 248
243 249
243 250
243 251
243 252
243 255
243 270
243 271
243 274
244 244
244 246
244 247
244 248
244 249
244 253
244 272
245 245
245 246
245 247
245 248
245 249
245 254
245 273
246 246
246 250
246 251
246 252
246 253
246 254
246 255
246 270
246 271
246 272
246 273
246 274
247 247
247 250
247 251
247 252
247 253
247 254
247 255
247 270
247 271
247 272
247 273
247 274
248 248
248 250
248 251
248 252
248 253
248 254
248 255
248 270
248 271
248 272
248 273
248 274
249 249
249 250
249 251
249 252
249 253
249 254
249 255
249 270
249 271
249 272
249 273
249 274
250 250
250 251
250 252
250 255
250 270
250 271
250 274
251 251
251 252
251 255
251 256
251 257
251 260
251 261
251 262
251 263
251 264
251 270
251 271
251 274
251 284
251 285
251 288
251 337
251 338
251 341
251 369
251 370
251 373
252 252
252 255
252 256
252 257
252 260
252 261
252 262
252 263
252 264
252 270
252 271
252 274
252 284
252 285
252 288
252 337
252 338
252 341
252 369
252 370
252 373
253 253
253 258
253 260
253 261
253 262
253 263
253 272
253 286
253 339
253 371
254 254
254 259
254 260
254 261
254 262
254 263
254 273
254 287
254 340
254 372
255 255
255 256
255 257
255 260
255 261
255 262
255 263
255 264
255 270
255 271
255 274
255 284
255 285
255 288
255 337
255 338
255 341
255 369
255 370
255 373
256 256
256 257
256 260
256 261
256 262
256 263
256 264
256 270
256 271
256 274
256 284
256 285
256 288
256 337
256 338
256 341
256 369
256 370
256 373
257 257
257 260
257 261
257 262
257 263
257 264
257 270
257 271
257 274
257 284
257 285
257 288
257 337
257 338
257 341
257 369
257 370
257 373
258 258
258 260
258 261
258 262
258 263
258 272
258 286
258 339
258 371
259 259
259 260
259 261
259 262
259 263
259 273
259 287
259 340
259 372
260 260
260 264
260 270
260 271
260 272
260 273
260 274
260 284
260 285
260 286
260 287
260 288
260 337
260 338
260 339
260 340
260 341
260 369
260 370
260 371
260 372
260 373
261 261
261 264
261 270
261 271
261 272
261 273
261 274
261 284
261 285
261 286
261 287
261 288
261 337
261 338
261 339
261 340
261 341
261 369
261 370
261 371
261 372
261 373
262 262
262 264
262 270
262 271
262 272
262 273
262 274
262 284
262 285
262 286
262 287
262 288
262 337
262 338
262 339
262 340
262 341
262 369
262 370
262 371
262 372
262 373
263 263
263 264
263 270
263 271
263 272
263 273
263 274
263 284
263 285
263 286
263 287
263 288
263 337
263 338
263 339
263 340
263 341
263 369
263 370
263 371
263 372
263 373
264 264
264 270
264 271
264 274
264 284
264 285
264 288
264 337
264 338
264 341
264 369
264 370
264 373
265 265
265 266
265 269
265 270
265 271
265 274
265 275
265 276
265 279
265 280
265 281
265 282
265 283
265 284
265 285
265 288
265 294
265 295
265 298
265 308
265 309
265 312
265 369
265 370
265 373
265 374
265 375
265 378
265 407
265 408
265 411
266 266
266 269
266 270
266 271
266 274
266 275
266 276
266 279
266 280
266 281
266 282
266 283
266 284
266 285
266 288
266 294
266 295
266 298
266 308
266 309
266 312
266 369
266 370
266 373
266 374
266 375
266 378
266 407
266 408
266 411
267 267
267 272
267 277
267 279
267 280
267 281
267 282
267 286
267 296
267 310
267 371
267 376
267 409
268 268
268 273
268 278
268 279
268 280
268 281
268 282
268 287
268 297
268 311
268 372
268 377
268 410
269 269
269 270
269 271
269 274
269 275
269 276
269 279
269 280
269 281
269 282
269 283
269 284
269 285
269 288
269 294
269 295
269 298
269 308
269 309
269 312
269 369
269 370
269 373
269 374
269 375
269 378
269 407
269 408
269 411
270 270
270 271
270 274
270 275
270 276
270 279
270 280
270 281
270 282
270 283
270 284
270 285
270 288
270 294
270 295
270 298
270 308
270 309
270 312
270 337
270 338
270 341
270 369
270 370
270 373
270 374
270 375
270 378
270 407
270 408
270 411
271 271
271 274
271 275
271 276
271 279
271 280
271 281
271 282
271 283
271 284
271 285
271 288
271 294
271 295
271 298
271 308
271 309
271 312
271 337
271 338
271 341
271 369
271 370
271 373
271 374
271 375
271 378
271 407
271 408
271 411
272 272
272 277
272 279
272 280
272 281
272 282
272 286
272 296
272 310
272 339
272 371
272 376
272 409
273 273
273 278
273 279
273 280
273 281
273 282
273 287
273 297
273 311
273 340
273 372
273 377
273 410
274 274
274 275
274 276
274 279
274 280
274 281
274 282
274 283
274 284
274 285
274 288
274 294
274 295
274 298
274 308
274 309
274 312
274 337
274 338
274 341
274 369
274 370
274 373
274 374
274 375
274 378
274 407
274 408
274 411
275 275
275 276
275 279
275 280
275 281
275 282
275 283
275 284
275 285
275 288
275 294
275 295
275 298
275 308
275 309
275 312
275 369
275 370
275 373
275 374
275 375
275 378
275 407
275 408
275 411
276 276
276 279
276 280
276 281
276 282
276 283
276 284
276 285
276 288
276 294
276 295
276 298
276 308
276 309
276 312
276 369
276 370
276 373
276 374
276 375
276 378
276 407
276 408
276 411
277 277
277 279
277 280
277 281
277 282
277 286
277 296
277 310
277 371
277 376
277 409
278 278
278 279
278 280
278 281
278 282
278 287
278 297
278 311
278 372
278 377
278 410
279 279
279 283
279 284
279 285
279 286
279 287
279 288
279 294
279 295
279 296
279 297
279 298
279 308
279 309
279 310
279 311
279 312
279 369
279 370
279 371
279 372
279 373
279 374
279 375
279 376
279 377
279 378
279 407
279 408
279 409
279 410
279 411
280 280
280 283
280 284
280 285
280 286
280 287
280 288
280 294
280 295
280 296
280 297
280 298
280 308
280 309
280 310
280 311
280 312
280 369
280 370
280 371
280 372
280 373
280 374
280 375
280 376
280 377
280 378
280 407
280 408
280 409
280 410
280 411
281 281
281 283
281 284
281 285
281 286
281 287
281 288
281 294
281 295
281 296
281 297
281 298
281 308
281 309
281 310
281 311
281 312
281 369
281 370
281 371
281 372
281 373
281 374
281 375
281 376
281 377
281 378
281 407
281 408
281 409
281 410
281 411
282 282
282 283
282 284
282 285
282 286
282 287
282 288
282 294
282 295
282 296
282 297
282 298
282 308
282 309
282 310
282 311
282 312
282 369
282 370
282 371
282 372
282 373
282 374
282 375
282 376
282 377
282 378
282 407
282 408
282 409
282 410
282 411
283 283
283 284
283 285
283 288
283 294
283 295
283 298
283 308
283 309
283 312
283 369
283 370
283 373
283 374
283 375
283 378
283 407
283 408
283 411
284 284
284 285
284 288
284 294
284 295
284 298
284 308
284 309
284 312
284 337
284 338
284 341
284 369
284 370
284 373
284 374
284 375
284 378
284 407
284 408
284 411
285 285
285 288
285 294
285 295
285 298
285 308
285 309
285 312
285 337
285 338
285 341
285 369
285 370
285 373
285 374
285 375
285 378
285 407
285 408
285 411
286 286
286 296
286 310
286 339
286 371
286 376
286 409
287 287
287 297
287 311
287 340
287 372
287 377
287 410
288 288
288 294
288 295
288 298
288 308
288 309
288 312
288 337
288 338
288 341
288 369
288 370
288 373
288 374
288 375
288 378
288 407
288 408
288 411
289 289
289 290
289 293
289 294
289 295
289 298
289 299
289 300
289 303
289 304
289 305
289 306
289 307
289 308
289 309
289 312
289 318
289 319
289 322
289 332
289 333
289 336
289 407
289 408
289 411
289 412
289 413
289 416
289 417
289 418
289 421
290 290
290 293
290 294
290 295
290 298
290 299
290 300
290 303
290 304
290 305
290 306
290 307
290 308
290 309
290 312
290 318
290 319
290 322
290 332
290 333
290 336
290 407
290 408
290 411
290 412
290 413
290 416
290 417
290 418
290 421
291 291
291 296
291 301
291 303
291 304
291 305
291 306
291 310
291 320
291 334
291 409
291 414
291 419
292 292
292 297
292 302
292 303
292 304
292 305
292 306
292 311
292 321
292 335
292 410
292 415
292 420
293 293
293 294
293 295
293 298
293 299
293 300
293 303
293 304
293 305
293 306
293 307
293 308
293 309
293 312
293 318
293 319
293 322
293 332
293 333
293 336
293 407
293 408
293 411
293 412
293 413
293 416
293 417
293 418
293 421
294 294
294 295
294 298
294 299
294 300
294 303
294 304
294 305
294 306
294 307
294 308
294 309
294 312
294 318
294 319
294 322
294 332
294 333
294 336
294 369
294 370
294 373
294 374
294 375
294 378
294 407
294 408
294 411
294 412
294 413
294 416
294 417
294 418
294 421
295 295
295 298
295 299
295 300
295 303
295 304
295 305
295 306
295 307
295 308
295 309
295 312
295 318
295 319
295 322
295 332
295 333
295 336
295 369
295 370
295 373
295 374
295 375
295 378
295 407
295 408
295 411
295 412
295 413
295 416
295 417
295 418
295 421
296 296
296 301
296 303
296 304
296 305
296 306
296 310
296 320
296 334
296 371
296 376
296 409
296 414
296 419
297 297
297 302
297 303
297 304
297 305
297 306
297 311
297 321
297 335
297 372
297 377
297 410
297 415
297 420
298 298
298 299
298 300
298 303
298 304
298 305
298 306
298 307
298 308
298 309
298 312
298 318
298 319
298 322
298 332
298 333
298 336
298 369
298 370
298 373
298 374
298 375
298 378
298 407
298 408
298 411
298 412
298 413
298 416
298 417
298 418
298 421
299 299
299 300
299 303
299 304
299 305
299 306
299 307
299 308
299 309
299 312
299 318
299 319
299 322
299 332
299 333
299 336
299 407
299 408
299 411
299 412
299 413
299 416
299 417
299 418
299 421
300 300
300 303
300 304
300 305
300 306
300 307
300 308
300 309
300 312
300 318
300 319
300 322
300 332
300 333
300 336
300 407
300 408
300 411
300 412
300 413
300 416
300 417
300 418
300 421
301 301
301 303
301 304
301 305
301 306
301 310
301 320
301 334
301 409
301 414
301 419
302 302
302 303
302 304
302 305
302 306
302 311
302 321
302 335
302 410
302 415
302 420
303 303
303 307
303 308
303 309
303 310
303 311
303 318
303 319
303 320
303 321
303 322
303 332
303 333
303 334
303 335
303 336
303 407
303 408
303 409
303 410
303 411
303 412
303 413
303 414
303 415
303 416
303 417
303 418
303 419
303 420
303 421
304 304
304 307
304 308
304 309
304 310
304 311
304 312
304 318
304 319
304 320
304 321
304 322
304 332
304 333
304 334
304 335
304 336
304 407
304 408
304 409
304 410
304 411
304 412
304 413
304 414
304 415
304 416
304 417
304 418
304 419
304 421
305 305
305 307
305 308
305 309
305 310
305 311
305 312
305 318
305 319
305 320
305 321
305 322
305 332
305 333
305 334
305 335
305 336
305 407
305 408
305 409
305 410
305 411
305 412
305 413
305 414
305 415
305 416
305 417
305 418
305 419
305 420
305 421
306 306
306 307
306 308
306 309
306 310
306 311
306 312
306 318
306 319
306 320
306 321
306 322
306 332
306 333
306 334
306 335
306 336
306 407
306 408
306 409
306 410
306 411
306 412
306 413
306 414
306 415
306 416
306 417
306 418
306 419
306 420
306 421
307 307
307 308
307 309
307 312
307 318
307 319
307 322
307 332
307 333
307 336
307 407
307 408
307 411
307 412
307 413
307 416
307 417
307 418
307 421
308 308
308 309
308 312
308 318
308 319
308 322
308 332
308 333
308 336
308 369
308 370
308 373
308 374
308 375
308 378
308 407
308 408
308 411
308 412
308 413
308 416
308 417
308 418
308 421
309 309
309 312
309 318
309 319
309 322
309 332
309 333
309 336
309 369
309 370
309 373
309 374
309 375
309 378
309 407
309 408
309 411
309 412
309 413
309 416
309 417
309 418
309 421
310 310
310 320
310 334
310 371
310 376
310 409
310 414
310 419
311 311
311 321
311 335
311 372
311 377
311 410
311 415
311 420
312 312
312 318
312 319
312 322
312 332
312 333
312 336
312 369
312 370
312 373
312 374
312 375
312 378
312 407
312 408
312 411
312 412
312 413
312 416
312 417
312 418
312 421
313 313
313 314
313 317
313 318
313 319
313 322
313 323
313 324
313 327
313 328
313 329
313 330
313 331
313 332
313 333
313 336
313 393
313 394
313 397
313 412
313 413
313 416
314 314
314 317
314 318
314 319
314 322
314 323
314 324
314 327
314 328
314 329
314 330
314 331
314 332
314 333
314 336
314 393
314 394
314 397
314 412
314 413
314 416
315 315
315 320
315 325
315 327
315 328
315 329
315 330
315 334
315 395
315 414
316 316
316 321
316 326
316 327
316 328
316 329
316 330
316 335
316 396
316 415
317 317
317 318
317 319
317 322
317 323
317 324
317 327
317 328
317 329
317 330
317 331
317 332
317 333
317 336
317 393
317 394
317 397
317 412
317 413
317 416
318 318
318 319
318 322
318 323
318 324
318 327
318 328
318 329
318 330
318 331
318 332
318 333
318 336
318 393
318 394
318 397
318 407
318 408
318 411
318 412
318 413
318 416
318 417
318 418
318 421
319 319
319 322
319 323
319 324
319 327
319 328
319 329
319 330
319 331
319 332
319 333
319 336
319 393
319 394
319 397
319 407
319 408
319 411
319 412
319 413
319 416
319 417
319 418
319 421
320 320
320 325
320 327
320 328
320 329
320 330
320 334
320 395
320 409
320 414
320 419
321 321
321 326
321 327
321 328
321 329
321 330
321 335
321 396
321 410
321 415
321 420
322 322
322 323
322 324
322 327
322 328
322 329
322 330
322 331
322 332
322 333
322 336
322 393
322 394
322 397
322 407
322 408
322 411
322 412
322 413
322 416
322 417
322 418
322 421
323 323
323 324
323 327
323 328
323 329
323 330
323 331
323 332
323 333
323 336
323 393
323 394
323 397
323 412
323 413
323 416
324 324
324 327
324 328
324 329
324 330
324 331
324 332
324 333
324 336
324 393
324 394
324 397
324 412
324 413
324 416
325 325
325 327
325 328
325 329
325 330
325 334
325 395
325 414
326 326
326 327
326 328
326 329
326 330
326 335
326 396
326 415
327 327
327 331
327 332
327 333
327 334
327 335
327 336
327 393
327 394
327 395
327 396
327 397
327 412
327 413
327 414
327 415
327 416
328 328
328 331
328 332
328 333
328 334
328 335
328 336
328 393
328 394
328 395
328 396
328 397
328 412
328 413
328 414
328 415
328 416
329 329
329 331
329 332
329 333
329 334
329 335
329 393
329 394
329 395
329 396
329 397
329 412
329 413
329 414
329 415
329 416
330 330
330 332
330 333
330 334
330 335
330 336
330 393
330 394
330 395
330 396
330 397
330 412
330 413
330 414
330 415
330 416
331 331
331 332
331 333
331 336
331 393
331 394
331 397
331 412
331 413
331 416
332 332
332 333
332 336
332 393
332 394
332 397
332 407
332 408
332 411
332 412
332 413
332 416
332 417
332 418
332 421
333 333
333 336
333 393
333 394
333 397
333 407
333 408
333 411
333 412
333 413
333 416
333 417
333 418
333 421
334 334
334 395
334 409
334 414
334 419
335 335
335 396
335 410
335 415
335 420
336 336
336 393
336 394
336 397
336 407
336 408
336 411
336 412
336 413
336 416
336 417
336 418
336 421
337 337
337 338
337 341
337 342
337 343
337 346
337 347
337 348
337 349
337 350
337 351
337 352
337 355
337 369
337 370
337 373
337 379
337 380
337 383
337 441
337 442
337 445
338 338
338 341
338 342
338 343
338 346
338 347
338 348
338 349
338 350
338 351
338 352
338 355
338 369
338 370
338 373
338 379
338 380
338 383
338 441
338 442
338 445
339 339
339 344
339 346
339 347
339 348
339 349
339 353
339 371
339 381
339 443
340 340
340 345
340 346
340 347
340 348
340 349
340 354
340 372
340 382
340 444
341 341
341 342
341 343
341 346
341 347
341 348
341 349
341 350
341 351
341 352
341 355
341 369
341 370
341 373
341 379
341 380
341 383
341 441
341 442
341 445
342 342
342 343
342 346
342 347
342 348
342 349
342 350
342 351
342 352
342 355
342 369
342 370
342 373
342 379
342 380
342 383
342 441
342 442
342 445
343 343
343 346
343 347
343 348
343 349
343 350
343 351
343 352
343 355
343 369
343 370
343 373
343 379
343 380
343 383
343 441
343 442
343 445
344 344
344 346
344 347
344 348
344 349
344 353
344 371
344 381
344 443
345 345
345 346
345 347
345 348
345 349
345 354
345 372
345 382
345 444
346 346
346 350
346 351
346 352
346 353
346 354
346 355
346 369
346 370
346 371
346 372
346 373
346 379
346 380
346 381
346 382
346 383
346 441
346 442
346 443
346 444
346 445
347 347
347 350
347 351
347 352
347 353
347 354
347 355
347 369
347 370
347 371
347 372
347 373
347 379
347 380
347 381
347 382
347 383
347 441
347 442
347 443
347 444
347 445
348 348
348 350
348 351
348 352
348 353
348 354
348 355
348 369
348 370
348 371
348 372
348 373
348 379
348 380
348 381
348 382
348 383
348 441
348 442
348 443
348 444
348 445
349 349
349 350
349 351
349 352
349 353
349 354
349 355
349 369
349 370
349 371
349 372
349 373
349 379
349 380
349 381
349 382
349 383
349 441
349 442
349 443
349 444
349 445
350 350
350 351
350 352
350 355
350 369
350 370
350 373
350 379
350 380
350 383
350 441
350 442
350 445
351 351
351 352
351 355
351 356
351 357
351 360
351 361
351 362
351 363
351 364
351 365
351 366
351 368
351 369
351 370
351 373
351 379
351 380
351 383
351 441
351 442
351 445
351 446
351 447
351 450
351 451
351 452
351 454
352 352
352 355
352 356
352 357
352 360
352 361
352 362
352 363
352 364
352 365
352 366
352 368
352 369
352 370
352 373
352 379
352 380
352 383
352 441
352 442
352 445
352 446
352 447
352 450
352 451
352 452
352 454
353 353
353 358
353 360
353 361
353 362
353 363
353 367
353 371
353 381
353 443
353 448
353 453
354 354
354 359
354 360
354 361
354 362
354 363
354 372
354 382
354 444
354 449
355 355
355 356
355 357
355 360
355 361
355 362
355 363
355 364
355 365
355 366
355 368
355 369
355 370
355 373
355 379
355 380
355 383
355 441
355 442
355 445
355 446
355 447
355 450
355 451
355 452
355 454
356 356
356 357
356 360
356 361
356 362
356 363
356 364
356 365
356 366
356 368
356 441
356 442
356 445
356 446
356 447
356 450
356 451
356 452
356 454
357 357
357 360
357 361
357 362
357 363
357 364
357 365
357 366
357 368
357 441
357 442
357 445
357 446
357 447
357 450
357 451
357 452
357 454
358 358
358 360
358 361
358 362
358 363
358 367
358 443
358 448
358 453
359 359
359 360
359 361
359 362
359 363
359 444
359 449
360 360
360 364
360 365
360 366
360 367
360 368
360 441
360 442
360 443
360 444
360 445
360 446
360 447
360 448
360 449
360 450
360 451
360 452
360 453
360 454
361 361
361 364
361 365
361 366
361 367
361 368
361 441
361 442
361 443
361 444
361 445
361 446
361 447
361 448
361 449
361 450
361 451
361 452
361 453
361 454
362 362
362 365
362 366
362 367
362 368
362 441
362 442
362 443
362 444
362 445
362 446
362 447
362 448
362 449
362 450
362 451
362 452
362 453
362 454
363 363
363 364
363 365
363 366
363 367
363 368
363 441
363 442
363 443
363 444
363 445
363 446
363 447
363 448
363 449
363 450
363 451
363 452
363 453
363 454
364 364
364 365
364 366
364 368
364 441
364 442
364 445
364 446
364 447
364 450
364 451
364 452
364 454
365 365
365 366
365 368
365 441
365 442
365 445
365 446
365 447
365 450
365 451
365 452
365 454
366 366
366 368
366 441
366 442
366 445
366 446
366 447
366 450
366 451
366 452
366 454
367 367
367 443
367 448
367 453
368 368
368 441
368 442
368 445
368 446
368 447
368 450
368 451
368 452
368 454
369 369
369 370
369 373
369 374
369 375
369 378
369 379
369 380
369 383
369 384
369 385
369 388
369 389
369 390
369 391
369 392
369 407
369 408
369 411
369 436
369 437
369 440
369 441
369 442
369 445
369 455
369 456
369 459
369 491
369 492
369 495
370 370
370 373
370 374
370 375
370 378
370 379
370 380
370 383
370 384
370 385
370 388
370 389
370 390
370 391
370 392
370 407
370 408
370 411
370 436
370 437
370 440
370 441
370 442
370 445
370 455
370 456
370 459
370 491
370 492
370 495
371 371
371 376
371 381
371 386
371 388
371 389
371 390
371 391
371 409
371 438
371 443
371 457
371 493
372 372
372 377
372 382
372 387
372 388
372 389
372 390
372 391
372 410
372 439
372 444
372 458
372 494
373 373
373 374
373 375
373 378
373 379
373 380
373 383
373 384
373 385
373 388
373 389
373 390
373 391
373 392
373 407
373 408
373 411
373 436
373 437
373 440
373 441
373 442
373 445
373 455
373 456
373 459
373 491
373 492
373 495
374 374
374 375
374 378
374 379
374 380
374 383
374 384
374 385
374 388
374 389
374 390
374 391
374 392
374 407
374 408
374 411
374 436
374 437
374 440
374 441
374 442
374 445
374 455
374 456
374 459
374 491
374 492
374 495
375 375
375 378
375 379
375 380
375 383
375 384
375 385
375 388
375 389
375 390
375 391
375 392
375 407
375 408
375 411
375 436
375 437
375 440
375 441
375 442
375 445
375 455
375 456
375 459
375 491
375 492
375 495
376 376
376 381
376 386
376 388
376 389
376 390
376 391
376 409
376 438
376 443
376 457
376 493
377 377
377 382
377 387
377 388
377 389
377 390
377 391
377 410
377 439
377 444
377 458
377 494
378 378
378 379
378 380
378 383
378 384
378 385
378 388
378 389
378 390
378 391
378 392
378 407
378 408
378 411
378 436
378 437
378 440
378 441
378 442
378 445
378 455
378 456
378 459
378 491
378 492
378 495
379 379
379 380
379 383
379 384
379 385
379 388
379 389
379 390
379 391
379 392
379 407
379 408
379 411
379 436
379 437
379 440
379 441
379 442
379 445
379 455
379 456
379 459
379 491
379 492
379 495
380 380
380 383
380 384
380 385
380 388
380 389
380 390
380 391
380 392
380 407
380 408
380 411
380 436
380 437
380 440
380 441
380 442
380 445
380 455
380 456
380 459
380 491
380 492
380 495
381 381
381 386
381 388
381 389
381 390
381 391
381 409
381 438
381 443
381 457
381 493
382 382
382 387
382 388
382 389
382 390
382 391
382 410
382 439
382 444
382 458
382 494
383 383
383 384
383 385
383 388
383 389
383 390
383 391
383 392
383 407
383 408
383 411
383 436
383 437
383 440
383 441
383 442
383 445
383 455
383 456
383 459
383 491
383 492
383 495
384 384
384 385
384 388
384 389
384 390
384 391
384 392
384 407
384 408
384 411
384 436
384 437
384 440
384 441
384 442
384 445
384 455
384 456
384 459
384 491
384 492
384 495
385 385
385 388
385 389
385 390
385 391
385 392
385 407
385 408
385 411
385 436
385 437
385 440
385 441
385 442
385 445
385 455
385 456
385 459
385 491
385 492
385 495
386 386
386 388
386 389
386 390
386 391
386 409
386 438
386 443
386 457
386 493
387 387
387 388
387 389
387 390
387 391
387 410
387 439
387 444
387 458
387 494
388 388
388 392
388 407
388 408
388 409
388 410
388 411
388 436
388 437
388 438
388 439
388 440
388 441
388 442
388 443
388 444
388 445
388 455
388 456
388 457
388 458
388 459
388 491
388 492
388 493
388 494
388 495
389 389
389 392
389 407
389 408
389 409
389 410
389 411
389 436
389 437
389 438
389 439
389 440
389 441
389 442
389 443
389 444
389 445
389 455
389 456
389 457
389 458
389 459
389 491
389 492
389 493
389 494
389 495
390 390
390 392
390 407
390 408
390 409
390 410
390 411
390 436
390 437
390 438
390 439
390 440
390 441
390 442
390 443
390 444
390 445
390 455
390 456
390 457
390 458
390 459
390 491
390 492
390 493
390 494
390 495
391 391
391 392
391 407
391 408
391 409
391 410
391 411
391 436
391 437
391 438
391 439
391 440
391 441
391 442
391 443
391 444
391 445
391 455
391 456
391 457
391 458
391 459
391 491
391 492
391 493
391 494
391 495
392 392
392 407
392 408
392 411
392 436
392 437
392 440
392 441
392 442
392 445
392 455
392 456
392 459
392 491
392 492
392 495
393 393
393 394
393 397
393 398
393 399
393 402
393 403
393 404
393 405
393 406
393 412
393 413
393 416
393 422
393 423
393 426
393 473
393 474
393 477
393 496
393 497
393 500
394 394
394 397
394 398
394 399
394 402
394 403
394 404
394 405
394 406
394 412
394 413
394 416
394 422
394 423
394 426
394 473
394 474
394 477
394 496
394 497
394 500
395 395
395 400
395 402
395 403
395 404
395 405
395 414
395 424
395 475
395 498
396 396
396 401
396 402
396 403
396 404
396 405
396 415
396 425
396 476
396 499
397 397
397 398
397 399
397 402
397 403
397 404
397 405
397 406
397 412
397 413
397 416
397 422
397 423
397 426
397 473
397 474
397 477
397 496
397 497
397 500
398 398
398 399
398 402
398 403
398 404
398 405
398 406
398 412
398 413
398 416
398 422
398 423
398 426
398 473
398 474
398 477
398 496
398 497
398 500
399 399
399 402
399 403
399 404
399 405
399 406
399 412
399 413
399 416
399 422
399 423
399 426
399 473
399 474
399 477
399 496
399 497
399 500
400 400
400 402
400 403
400 404
400 405
400 414
400 424
400 475
400 498
401 401
401 402
401 403
401 404
401 405
401 415
401 425
401 476
401 499
402 402
402 406
402 412
402 413
402 414
402 415
402 416
402 422
402 423
402 424
402 425
402 426
402 473
402 474
402 475
402 476
402 477
402 496
402 497
402 498
402 499
402 500
403 403
403 406
403 412
403 413
403 414
403 415
403 416
403 422
403 423
403 424
403 425
403 426
403 473
403 474
403 475
403 476
403 477
403 496
403 497
403 498
403 499
403 500
404 404
404 406
404 412
404 413
404 414
404 415
404 416
404 422
404 423
404 424
404 425
404 426
404 473
404 474
404 475
404 476
404 477
404 496
404 497
404 498
404 499
404 500
405 405
405 406
405 412
405 413
405 414
405 415
405 416
405 422
405 423
405 424
405 425
405 426
405 473
405 474
405 476
405 477
405 496
405 497
405 498
405 499
405 500
406 406
406 412
406 413
406 416
406 422
406 423
406 426
406 473
406 474
406 477
406 496
406 497
406 500
407 407
407 408
407 411
407 412
407 413
407 416
407 417
407 418
407 421
407 422
407 423
407 426
407 427
407 428
407 431
407 432
407 433
407 434
407 435
407 436
407 437
407 440
407 441
407 442
407 445
407 455
407 456
407 459
407 491
407 492
407 495
407 496
407 497
407 500
407 501
407 502
407 505
408 408
408 411
408 412
408 413
408 416
408 417
408 418
408 421
408 422
408 423
408 426
408 427
408 428
408 431
408 432
408 433
408 434
408 435
408 436
408 437
408 440
408 441
408 442
408 445
408 455
408 456
408 459
408 491
408 492
408 495
408 496
408 497
408 500
408 501
408 502
408 505
409 409
409 414
409 419
409 424
409 429
409 431
409 432
409 433
409 434
409 438
409 443
409 457
409 493
409 498
409 503
410 410
410 415
410 420
410 425
410 430
410 431
410 432
410 433
410 434
410 439
410 444
410 458
410 494
410 499
410 504
411 411
411 412
411 413
411 416
411 417
411 418
411 421
411 422
411 423
411 426
411 427
411 428
411 431
411 432
411 433
411 434
411 435
411 436
411 437
411 440
411 441
411 442
411 445
411 455
411 456
411 459
411 491
411 492
411 495
411 496
411 497
411 500
411 501
411 502
411 505
412 412
412 413
412 416
412 417
412 418
412 421
412 422
412 423
412 426
412 427
412 428
412 431
412 432
412 433
412 434
412 435
412 436
412 437
412 440
412 473
412 474
412 477
412 491
412 492
412 495
412 496
412 497
412 500
412 501
412 502
412 505
413 413
413 416
413 417
413 418
413 421
413 422
413 423
413 426
413 427
413 428
413 431
413 432
413 433
413 434
413 435
413 436
413 437
413 440
413 473
413 474
413 477
413 491
413 492
413 495
413 496
413 497
413 500
413 501
413 502
413 505
414 414
414 419
414 424
414 429
414 431
414 432
414 433
414 434
414 438
414 475
414 493
414 498
414 503
415 415
415 420
415 425
415 430
415 431
415 432
415 433
415 434
415 439
415 476
415 494
415 499
415 504
416 416
416 417
416 418
416 421
416 422
416 423
416 426
416 427
416 428
416 431
416 432
416 433
416 434
416 435
416 436
416 437
416 440
416 473
416 474
416 477
416 491
416 492
416 495
416 496
416 497
416 500
416 501
416 502
416 505
417 417
417 418
417 421
417 422
417 423
417 426
417 427
417 428
417 431
417 432
417 433
417 434
417 435
417 436
417 437
417 440
417 491
417 492
417 495
417 496
417 497
417 500
417 501
417 502
417 505
418 418
418 421
418 422
418 423
418 426
418 427
418 428
418 431
418 432
418 433
418 434
418 435
418 436
418 437
418 440
418 491
418 492
418 495
418 496
418 497
418 500
418 501
418 502
418 505
419 419
419 424
419 429
419 431
419 432
419 433
419 434
419 438
419 493
419 498
419 503
420 420
420 425
420 430
420 431
420 432
420 433
420 434
420 439
420 494
420 499
420 504
421 421
421 422
421 423
421 426
421 427
421 428
421 431
421 432
421 433
421 434
421 435
421 436
421 437
421 440
421 491
421 492
421 495
421 496
421 497
421 500
421 501
421 502
421 505
422 422
422 423
422 426
422 427
422 428
422 431
422 432
422 433
422 434
422 435
422 436
422 437
422 440
422 473
422 474
422 477
422 491
422 492
422 495
422 496
422 497
422 500
422 501
422 502
422 505
423 423
423 426
423 427
423 428
423 431
423 432
423 433
423 434
423 435
423 436
423 437
423 440
423 473
423 474
423 477
423 491
423 492
423 495
423 496
423 497
423 500
423 501
423 502
423 505
424 424
424 429
424 431
424 432
424 433
424 434
424 438
424 475
424 493
424 498
424 503
425 425
425 430
425 431
425 432
425 433
425 434
425 439
425 476
425 494
425 499
425 504
426 426
426 427
426 428
426 431
426 432
426 433
426 434
426 435
426 436
426 437
426 440
426 473
426 474
426 477
426 491
426 492
426 495
426 496
426 497
426 500
426 501
426 502
426 505
427 427
427 428
427 431
427 432
427 434
427 435
427 436
427 437
427 440
427 491
427 492
427 495
427 496
427 497
427 500
427 501
427 502
427 505
428 428
428 431
428 432
428 433
428 434
428 435
428 436
428 437
428 440
428 491
428 492
428 495
428 496
428 497
428 500
428 501
428 502
428 505
429 429
429 431
429 432
429 433
429 434
429 438
429 493
429 498
429 503
430 430
430 431
430 432
430 433
430 434
430 439
430 494
430 499
430 504
431 431
431 435
431 436
431 437
431 438
431 439
431 491
431 492
431 493
431 494
431 495
431 496
431 497
431 498
431 499
431 500
431 501
431 502
431 503
431 504
431 505
432 432
432 435
432 436
432 437
432 438
432 439
432 440
432 491
432 492
432 493
432 494
432 495
432 496
432 497
432 498
432 499
432 500
432 501
432 502
432 503
432 504
432 505
433 433
433 435
433 436
433 437
433 438
433 439
433 440
433 491
433 492
433 493
433 494
433 495
433 496
433 497
433 498
433 499
433 500
433 501
433 502
433 503
433 504
433 505
434 434
434 435
434 436
434 437
434 438
434 439
434 440
434 491
434 492
434 493
434 494
434 495
434 496
434 497
434 498
434 499
434 500
434 501
434 502
434 503
434 504
434 505
435 435
435 436
435 437
435 440
435 491
435 492
435 495
435 496
435 497
435 500
435 501
435 502
435 505
436 436
436 437
436 440
436 441
436 442
436 445
436 455
436 456
436 459
436 491
436 492
436 495
436 496
436 497
436 500
436 501
436 502
436 505
437 437
437 440
437 441
437 442
437 445
437 455
437 456
437 459
437 491
437 492
437 495
437 496
437 497
437 500
437 501
437 502
437 505
438 438
438 443
438 457
438 493
438 498
438 503
439 439
439 444
439 458
439 494
439 499
439 504
440 440
440 441
440 442
440 445
440 455
440 456
440 459
440 491
440 492
440 495
440 496
440 497
440 500
440 501
440 502
440 505
441 441
441 442
441 445
441 446
441 447
441 450
441 451
441 452
441 454
441 455
441 456
441 459
441 460
441 461
441 464
441 465
441 466
441 467
441 468
441 469
441 470
441 472
441 491
441 492
441 495
441 506
441 507
441 510
441 511
441 512
441 514
442 442
442 445
442 446
442 447
442 450
442 451
442 452
442 454
442 455
442 456
442 459
442 460
442 461
442 464
442 465
442 466
442 467
442 468
442 469
442 470
442 472
442 491
442 492
442 495
442 506
442 507
442 510
442 511
442 512
442 514
443 443
443 448
443 453
443 457
443 462
443 464
443 465
443 466
443 467
443 471
443 493
443 508
443 513
444 444
444 449
444 458
444 463
444 464
444 465
444 466
444 467
444 494
444 509
445 445
445 446
445 447
445 450
445 451
445 452
445 454
445 455
445 456
445 459
445 460
445 461
445 464
445 465
445 466
445 467
445 468
445 469
445 470
445 472
445 491
445 492
445 495
445 506
445 507
445 510
445 511
445 512
445 514
446 446
446 447
446 450
446 451
446 452
446 454
446 455
446 456
446 459
446 460
446 461
446 464
446 465
446 466
446 467
446 468
446 469
446 470
446 472
446 491
446 492
446 495
446 506
446 507
446 510
446 511
446 512
446 514
447 447
447 450
447 451
447 452
447 454
447 455
447 456
447 459
447 460
447 461
447 464
447 465
447 466
447 467
447 468
447 469
447 470
447 472
447 491
447 492
447 495
447 506
447 507
447 510
447 511
447 512
447 514
448 448
448 453
448 457
448 462
448 464
448 465
448 466
448 467
448 471
448 493
448 508
448 513
449 449
449 458
449 463
449 464
449 465
449 466
449 467
449 494
449 509
450 450
450 451
450 452
450 454
450 455
450 456
450 459
450 460
450 461
450 464
450 465
450 466
450 467
450 468
450 469
450 470
450 472
450 491
450 492
450 495
450 506
450 507
450 510
450 511
450 512
450 514
451 451
451 452
451 454
451 455
451 456
451 459
451 460
451 461
451 464
451 465
451 467
451 468
451 469
451 470
451 472
451 491
451 492
451 495
451 506
451 507
451 510
451 511
451 512
451 514
452 452
452 454
452 455
452 456
452 459
452 460
452 461
452 464
452 465
452 466
452 467
452 468
452 469
452 470
452 472
452 491
452 492
452 495
452 506
452 507
452 510
452 511
452 512
452 514
453 453
453 457
453 462
453 464
453 465
453 466
453 467
453 471
453 493
453 508
453 513
454 454
454 455
454 456
454 459
454 460
454 461
454 464
454 465
454 466
454 467
454 468
454 469
454 470
454 472
454 491
454 492
454 495
454 506
454 507
454 510
454 511
454 512
454 514
455 455
455 456
455 459
455 460
455 461
455 464
455 465
455 466
455 467
455 468
455 469
455 470
455 472
455 491
455 492
455 495
455 506
455 507
455 510
455 511
455 512
455 514
456 456
456 459
456 460
456 461
456 464
456 465
456 466
456 467
456 468
456 469
456 470
456 472
456 491
456 492
456 495
456 506
456 507
456 510
456 511
456 512
456 514
457 457
457 462
457 464
457 465
457 466
457 467
457 471
457 493
457 508
457 513
458 458
458 463
458 464
458 465
458 466
458 467
458 494
458 509
459 459
459 460
459 461
459 464
459 465
459 466
459 467
459 468
459 469
459 470
459 472
459 491
459 492
459 495
459 506
459 507
459 510
459 511
459 512
459 514
460 460
460 461
460 464
460 465
460 466
460 467
460 468
460 469
460 470
460 472
460 491
460 492
460 495
460 506
460 507
460 510
460 511
460 512
460 514
461 461
461 464
461 465
461 466
461 467
461 468
461 469
461 470
461 472
461 491
461 492
461 495
461 506
461 507
461 510
461 511
461 512
461 514
462 462
462 464
462 465
462 466
462 467
462 471
462 493
462 508
462 513
463 463
463 464
463 465
463 466
463 467
463 494
463 509
464 464
464 468
464 469
464 470
464 471
464 472
464 491
464 492
464 493
464 494
464 495
464 506
464 507
464 508
464 509
464 510
464 511
464 512
464 513
464 514
465 465
465 468
465 469
465 470
465 471
465 472
465 491
465 492
465 493
465 494
465 495
465 506
465 507
465 508
465 509
465 510
465 511
465 512
465 513
465 514
466 466
466 468
466 469
466 470
466 471
466 472
466 491
466 492
466 493
466 494
466 495
466 506
466 507
466 508
466 509
466 510
466 511
466 512
466 513
466 514
467 467
467 468
467 469
467 470
467 471
467 472
467 491
467 492
467 493
467 494
467 495
467 506
467 507
467 508
467 509
467 510
467 511
467 512
467 513
467 514
468 468
468 469
468 470
468 472
468 491
468 492
468 495
468 506
468 507
468 510
468 511
468 512
468 514
469 469
469 470
469 472
469 491
469 492
469 495
469 506
469 507
469 510
469 511
469 512
469 514
470 470
470 472
470 491
470 492
470 495
470 506
470 507
470 510
470 511
470 512
470 514
471 471
471 493
471 508
471 513
472 472
472 491
472 492
472 495
472 506
472 507
472 510
472 511
472 512
472 514
473 473
473 474
473 477
473 478
473 479
473 482
473 483
473 484
473 485
473 486
473 487
473 488
473 490
473 496
473 497
473 500
473 515
473 516
473 519
473 520
473 521
473 523
474 474
474 477
474 478
474 479
474 482
474 483
474 484
474 485
474 486
474 487
474 488
474 490
474 496
474 497
474 500
474 515
474 516
474 519
474 520
474 521
474 523
475 475
475 480
475 482
475 483
475 484
475 485
475 489
475 498
475 517
475 522
476 476
476 481
476 482
476 483
476 484
476 485
476 499
476 518
477 477
477 478
477 479
477 482
477 483
477 484
477 485
477 486
477 487
477 488
477 490
477 496
477 497
477 500
477 515
477 516
477 519
477 520
477 521
477 523
478 478
478 479
478 482
478 483
478 484
478 485
478 486
478 487
478 488
478 490
478 496
478 497
478 500
478 515
478 516
478 519
478 520
478 521
478 523
479 479
479 482
479 483
479 484
479 485
479 486
479 487
479 488
479 490
479 496
479 497
479 500
479 515
479 516
479 519
479 520
479 521
479 523
480 480
480 482
480 483
480 484
480 485
480 489
480 498
480 517
480 522
481 481
481 482
481 483
481 484
481 485
481 499
481 518
482 482
482 486
482 487
482 488
482 490
482 496
482 497
482 498
482 499
482 500
482 516
482 517
482 518
482 519
482 520
482 521
482 522
482 523
483 483
483 486
483 487
483 488
483 489
483 490
483 496
483 497
483 498
483 499
483 500
483 515
483 516
483 517
483 518
483 519
483 520
483 521
483 522
483 523
484 484
484 486
484 487
484 488
484 489
484 490
484 496
484 497
484 498
484 499
484 500
484 515
484 516
484 517
484 518
484 519
484 520
484 521
484 522
484 523
485 485
485 486
485 487
485 488
485 489
485 490
485 496
485 497
485 498
485 499
485 500
485 515
485 516
485 517
485 518
485 519
485 520
485 521
485 522
485 523
486 486
486 487
486 488
486 490
486 496
486 497
486 500
486 515
486 516
486 519
486 520
486 521
486 523
487 487
487 488
487 490
487 496
487 497
487 500
487 515
487 516
487 519
487 520
487 521
487 523
488 488
488 490
488 496
488 497
488 500
488 515
488 516
488 519
488 520
488 521
488 523
489 489
489 498
489 517
489 522
490 490
490 496
490 497
490 500
490 515
490 516
490 519
490 520
490 521
490 523
491 491
491 492
491 495
491 496
491 497
491 500
491 501
491 502
491 505
491 506
491 507
491 510
491 511
491 512
491 514
491 515
491 516
491 519
491 520
491 521
491 523
491 524
491 527
491 528
491 529
491 530
491 531
491 532
491 533
491 535
491 536
492 492
492 495
492 496
492 497
492 500
492 501
492 502
492 505
492 506
492 507
492 510
492 511
492 512
492 514
492 515
492 516
492 519
492 520
492 521
492 523
492 524
492 527
492 528
492 529
492 530
492 531
492 532
492 533
492 535
492 536
493 493
493 498
493 503
493 508
493 513
493 517
493 522
493 525
493 527
493 528
493 529
493 530
493 534
494 494
494 499
494 504
494 509
494 518
494 526
494 527
494 528
494 529
494 530
495 495
495 496
495 497
495 500
495 501
495 502
495 505
495 506
495 507
495 510
495 511
495 512
495 514
495 515
495 516
495 519
495 520
495 521
495 523
495 524
495 527
495 528
495 529
495 530
495 531
495 532
495 533
495 535
495 536
496 496
496 497
496 500
496 501
496 502
496 505
496 506
496 507
496 510
496 511
496 512
496 514
496 515
496 516
496 519
496 520
496 521
496 523
496 524
496 527
496 528
496 529
496 530
496 531
496 532
496 533
496 535
496 536
497 497
497 500
497 501
497 502
497 505
497 506
497 507
497 510
497 511
497 512
497 514
497 515
497 516
497 519
497 520
497 521
497 523
497 524
497 527
497 528
497 529
497 530
497 531
497 532
497 533
497 535
497 536
498 498
498 503
498 508
498 513
498 517
498 522
498 525
498 527
498 528
498 529
498 530
498 534
499 499
499 504
499 509
499 518
499 526
499 527
499 528
499 529
499 530
500 500
500 501
500 502
500 505
500 506
500 507
500 510
500 511
500 512
500 514
500 515
500 516
500 519
500 520
500 521
500 523
500 524
500 527
500 528
500 529
500 530
500 531
500 532
500 533
500 535
500 536
501 501
501 502
501 505
501 506
501 507
501 510
501 511
501 512
501 514
501 515
501 516
501 519
501 520
501 521
501 523
501 524
501 527
501 528
501 529
501 530
501 531
501 532
501 533
501 535
501 536
502 502
502 505
502 506
502 507
502 510
502 511
502 512
502 514
502 515
502 516
502 519
502 520
502 521
502 523
502 524
502 527
502 528
502 529
502 530
502 531
502 532
502 533
502 535
502 536
503 503
503 508
503 513
503 517
503 522
503 525
503 527
503 528
503 529
503 530
503 534
504 504
504 509
504 518
504 526
504 527
504 528
504 529
504 530
505 505
505 506
505 507
505 510
505 511
505 512
505 514
505 515
505 516
505 519
505 520
505 521
505 523
505 524
505 527
505 528
505 529
505 530
505 531
505 532
505 533
505 535
505 536
506 506
506 507
506 510
506 511
506 512
506 514
506 515
506 516
506 519
506 520
506 521
506 523
506 524
506 527
506 528
506 529
506 530
506 531
506 532
506 533
506 535
506 536
507 507
507 510
507 511
507 512
507 514
507 515
507 516
507 519
507 520
507 521
507 523
507 524
507 527
507 528
507 529
507 530
507 531
507 532
507 533
507 535
507 536
508 508
508 513
508 517
508 522
508 525
508 527
508 528
508 529
508 530
508 534
509 509
509 518
509 526
509 527
509 528
509 529
509 530
510 510
510 511
510 512
510 514
510 515
510 516
510 519
510 520
510 521
510 523
510 524
510 527
510 528
510 529
510 530
510 531
510 532
510 533
510 535
510 536
511 511
511 512
511 514
511 515
511 516
511 519
511 520
511 521
511 523
511 524
511 527
511 528
511 530
511 531
511 532
511 533
511 535
511 536
512 512
512 514
512 515
512 516
512 519
512 520
512 521
512 523
512 524
512 527
512 528
512 529
512 530
512 531
512 532
512 533
512 535
512 536
513 513
513 517
513 522
513 525
513 527
513 528
513 529
513 530
513 534
514 514
514 515
514 516
514 519
514 520
514 521
514 523
514 524
514 527
514 528
514 529
514 530
514 531
514 532
514 533
514 535
514 536
515 515
515 516
515 519
515 520
515 521
515 523
515 524
515 527
515 528
515 529
515 530
515 531
515 532
515 533
515 535
515 536
516 516
516 519
516 520
516 521
516 523
516 524
516 527
516 528
516 529
516 530
516 531
516 532
516 533
516 535
516 536
517 517
517 522
517 525
517 527
517 528
517 529
517 530
517 534
518 518
518 526
518 527
518 528
518 529
518 530
519 519
519 520
519 521
519 523
519 524
519 527
519 528
519 529
519 530
519 531
519 532
519 533
519 535
519 536
520 520
520 521
520 523
520 524
520 527
520 528
520 529
520 530
520 531
520 532
520 533
520 535
520 536
521 521
521 523
521 524
521 527
521 528
521 529
521 530
521 531
521 532
521 533
521 535
521 536
522 522
522 525
522 527
522 528
522 529
522 530
522 534
523 523
523 524
523 527
523 528
523 529
523 530
523 531
523 532
523 533
523 535
523 536
524 524
524 527
524 528
524 529
524 530
524 531
524 532
524 533
524 535
524 536
525 525
525 527
525 528
525 529
525 530
525 534
526 526
526 527
526 528
526 529
526 530
527 527
527 531
527 532
527 533
527 534
527 535
527 536
528 528
528 531
528 532
528 533
528 534
528 535
528 536
529 529
529 531
529 532
529 533
529 534
529 535
529 536
530 530
530 531
530 532
530 533
530 534
530 535
530 536
531 531
531 532
531 533
531 535
531 536
532 532
532 533
532 535
532 536
533 533
533 535
533 536
534 534
535 535
535 536
536 536
