0 0
0 1
0 19
0 20
0 21
0 22
0 23
0 25
0 26
0 41
0 42
0 43
0 48
0 49
0 50
0 55
0 56
0 58
0 59
0 60
0 61
0 63
0 64
0 66
0 67
0 69
0 70
0 71
0 72
0 73
0 74
0 75
0 77
0 78
0 79
0 80
0 81
0 82
0 83
0 85
0 86
0 88
0 89
0 90
0 91
0 92
0 93
0 94
0 95
0 97
0 98
0 100
0 101
0 102
0 103
0 104
0 105
0 106
0 108
0 109
0 111
0 112
0 113
0 114
0 115
0 117
0 118
0 121
0 122
0 123
0 124
0 125
0 126
0 127
0 128
0 129
0 130
0 131
0 132
0 135
0 136
0 139
0 143
0 157
0 158
0 159
0 160
0 161
0 162
0 163
0 164
0 165
0 166
0 167
0 168
0 169
0 170
0 171
0 172
0 173
0 174
0 175
0 176
0 178
0 181
1 1
1 41
1 42
1 44
1 45
1 50
1 51
1 52
1 56
1 57
1 61
1 62
1 64
1 65
1 75
1 76
1 83
1 84
1 95
1 96
1 98
1 99
1 107
1 108
1 109
1 110
1 117
1 118
1 119
1 120
1 135
1 136
1 139
1 140
1 146
1 43
1 48
1 49
1 55
1 58
1 59
1 60
1 63
1 67
1 69
1 70
1 72
1 73
1 77
1 79
1 80
1 81
1 86
1 89
1 90
1 91
1 92
1 93
1 102
1 104
1 106
1 111
1 113
1 114
1 115
1 121
1 122
1 124
1 125
1 126
1 127
1 128
1 129
1 130
1 131
1 132
2 2
2 48
2 136
2 141
2 142
2 143
2 145
3 3
3 136
3 137
3 19
3 20
3 21
3 22
3 23
3 24
3 25
3 71
3 105
3 123
3 133
3 134
3 139
4 4
4 136
4 157
5 5
5 55
5 136
5 21
6 6
6 63
6 69
6 136
6 22
6 23
7 7
7 58
7 59
7 136
7 24
7 133
8 8
8 73
8 77
8 136
8 134
9 9
9 79
9 80
9 81
9 136
10 10
10 90
10 91
10 92
10 93
10 136
11 11
11 19
11 41
11 67
11 68
11 136
11 22
12 12
12 19
12 20
12 41
12 42
12 68
12 72
12 136
12 157
12 24
12 133
12 134
13 13
13 124
13 136
14 14
14 102
14 136
14 177
15 15
15 114
15 136
15 180
16 16
16 111
16 136
17 17
17 121
17 136
18 18
18 122
18 136
19 19
19 42
19 44
19 47
19 136
19 137
19 139
19 30
19 41
19 48
19 105
19 125
19 126
19 130
19 131
19 143
19 158
19 160
19 162
19 165
20 20
20 42
20 44
20 56
20 136
20 139
20 157
20 22
20 24
20 31
20 41
20 71
20 127
20 129
20 132
20 133
20 134
20 158
20 159
20 163
20 165
21 21
21 42
21 55
21 61
21 136
21 123
21 126
21 129
21 161
22 22
22 42
22 63
22 64
22 136
22 128
22 160
23 23
23 42
23 69
23 75
23 136
23 131
23 166
24 24
24 42
24 59
24 83
24 136
24 168
25 25
25 56
25 70
25 136
25 157
25 125
25 132
25 163
25 167
25 176
26 26
26 55
26 56
26 60
26 136
26 130
26 159
27 27
27 55
27 61
27 89
27 136
27 170
28 28
28 56
28 63
28 64
28 86
28 136
28 157
28 169
29 29
29 56
29 69
29 75
29 157
29 175
30 30
30 42
30 136
30 48
31 31
31 42
31 136
32 32
32 126
32 136
33 33
33 127
33 136
34 34
34 129
34 136
35 35
35 128
35 136
36 36
36 130
36 136
37 37
37 131
37 136
38 38
38 132
38 136
39 39
39 125
39 136
40 40
40 136
40 179
40 178
41 41
41 42
41 68
41 135
41 136
41 138
41 139
41 147
41 157
42 42
42 45
42 46
42 48
42 54
42 135
42 136
42 60
42 68
42 102
42 104
42 111
42 113
42 114
42 121
42 122
42 124
42 125
42 126
42 127
42 128
42 129
42 130
42 131
42 132
42 133
42 134
42 137
42 139
42 143
42 158
42 159
42 160
42 161
42 162
42 163
42 164
42 165
42 166
42 168
42 169
42 170
42 171
42 172
42 173
42 175
42 178
42 181
43 43
43 136
44 44
44 52
44 136
44 139
44 144
44 46
45 45
46 46
46 53
46 136
46 139
47 47
47 136
47 137
48 48
48 54
48 55
48 56
48 58
48 59
48 60
48 61
48 63
48 64
48 66
48 67
48 69
48 70
48 72
48 73
48 75
48 77
48 79
48 80
48 81
48 86
48 89
48 90
48 91
48 92
48 93
48 95
48 98
48 142
48 143
48 157
48 158
48 159
48 160
48 161
48 162
48 163
48 164
48 165
48 166
48 167
48 168
48 169
48 170
48 171
48 172
48 173
48 174
48 175
48 176
49 49
49 50
49 141
50 50
50 51
50 52
51 51
51 142
52 52
52 74
52 78
52 82
52 85
52 88
52 94
52 97
52 100
52 101
52 110
52 119
52 140
53 53
54 54
55 55
55 143
55 158
55 61
55 136
55 159
55 176
56 56
56 57
56 143
56 157
56 66
56 87
56 136
56 139
57 57
57 148
58 58
58 143
58 159
58 95
58 133
58 136
59 59
59 143
59 160
59 83
59 136
60 60
60 66
60 143
60 136
61 61
61 62
61 143
61 87
61 136
62 62
62 149
63 63
63 143
63 161
63 64
63 136
63 160
64 64
64 65
64 143
64 136
65 65
65 150
66 66
66 114
67 67
67 143
67 162
67 136
68 68
69 69
69 143
69 163
69 75
69 136
70 70
70 143
70 164
70 136
71 71
71 102
71 111
71 113
71 121
71 164
72 72
72 143
72 165
72 136
73 73
73 74
73 143
73 166
73 98
73 134
73 136
74 74
75 75
75 76
75 143
75 136
76 76
76 151
77 77
77 78
77 143
77 167
77 136
78 78
79 79
79 82
79 143
79 168
79 136
80 80
80 85
80 143
80 169
80 136
81 81
81 88
81 143
81 170
81 136
82 82
83 83
83 84
83 136
84 84
84 152
85 85
86 86
86 143
86 171
86 136
87 87
87 171
87 172
88 88
89 89
89 143
89 172
89 136
90 90
90 94
90 143
90 173
90 136
91 91
91 97
91 143
91 174
91 136
92 92
92 100
92 143
92 175
92 136
93 93
93 101
93 143
93 176
93 136
94 94
95 95
95 96
95 143
95 133
95 136
96 96
96 153
97 97
98 98
98 99
98 143
98 134
98 136
99 99
99 154
100 100
101 101
102 102
102 103
102 136
103 103
103 104
103 136
103 114
103 122
104 104
104 105
104 136
105 105
105 113
105 124
106 106
106 178
106 177
107 107
107 108
107 155
108 108
108 109
108 179
109 109
109 110
110 110
111 111
111 112
111 136
112 112
112 113
112 136
112 121
113 113
113 136
114 114
114 136
115 115
115 181
115 180
116 116
116 136
116 182
116 181
117 117
117 118
117 120
117 182
118 118
118 119
119 119
120 120
120 156
121 121
121 136
122 122
122 123
122 136
123 123
124 124
124 136
125 125
125 136
126 126
126 136
127 127
127 136
128 128
128 136
129 129
129 136
130 130
130 136
131 131
131 136
132 132
132 136
133 133
133 136
133 173
134 134
134 136
134 174
135 135
135 136
135 137
135 138
135 139
136 136
136 137
136 139
136 141
136 157
136 177
136 179
136 180
136 182
136 138
137 137
138 138
139 139
139 140
140 140
141 141
142 142
143 143
144 144
145 145
146 146
147 147
148 148
149 149
150 150
151 151
152 152
153 153
154 154
155 155
156 156
157 157
157 158
157 163
157 167
158 158
159 159
160 160
161 161
162 162
163 163
164 164
165 165
166 166
167 167
168 168
169 169
170 170
171 171
172 172
173 173
174 174
175 175
176 176
177 177
178 178
179 179
180 180
181 181
182 182
