0 0
0 1
0 2
0 3
0 4
0 5
0 6
0 46
0 59
0 66
1 1
1 7
1 8
1 9
1 10
1 16
1 23
1 70
1 72
2 2
2 11
2 12
2 13
2 14
2 15
2 88
2 94
3 3
3 11
3 16
3 17
3 18
3 7
3 24
3 75
3 85
4 4
4 8
4 19
4 20
4 21
4 22
4 78
4 96
5 5
5 13
5 20
5 23
5 24
5 9
5 17
5 80
5 90
6 6
6 10
6 18
6 25
6 26
6 27
6 82
6 92
7 7
7 28
7 29
7 60
7 97
8 8
8 30
8 31
8 32
8 55
8 100
9 9
9 30
9 33
9 47
9 98
10 10
10 29
10 34
10 35
10 48
10 99
11 11
11 36
11 37
11 38
11 42
11 108
12 12
12 39
12 40
12 41
12 113
13 13
13 39
13 42
13 43
13 36
13 109
14 14
14 37
14 44
14 45
14 110
15 15
15 38
15 41
15 43
15 45
15 46
16 16
16 47
16 48
16 61
16 107
17 17
17 36
17 49
17 28
17 101
18 18
18 48
18 50
18 51
18 29
18 102
19 19
19 52
19 53
19 54
19 114
20 20
20 52
20 55
20 56
20 30
20 103
21 21
21 31
21 57
21 58
21 104
22 22
22 32
22 54
22 56
22 58
22 59
23 23
23 55
23 60
23 49
23 111
24 24
24 42
24 61
24 33
24 105
25 25
25 50
25 62
25 63
25 112
26 26
26 34
26 64
26 65
26 106
27 27
27 35
27 51
27 63
27 65
27 66
28 28
29 29
29 67
30 30
30 68
31 31
31 69
32 32
32 68
32 69
32 70
32 89
33 33
34 34
34 71
35 35
35 67
35 71
35 72
35 83
36 36
36 73
37 37
37 74
38 38
38 73
38 74
38 75
38 79
39 39
39 76
40 40
40 77
41 41
41 76
41 77
41 78
42 42
42 79
43 43
43 76
43 79
43 80
43 73
44 44
44 81
45 45
45 74
45 81
45 82
46 46
46 75
46 78
46 80
46 82
47 47
48 48
48 83
49 49
50 50
50 84
51 51
51 83
51 84
51 85
51 67
52 52
52 86
53 53
53 87
54 54
54 86
54 87
54 88
55 55
55 89
56 56
56 86
56 89
56 90
56 68
57 57
57 91
58 58
58 69
58 91
58 92
59 59
59 70
59 88
59 90
59 92
60 60
61 61
62 62
62 93
63 63
63 84
63 93
63 94
64 64
64 95
65 65
65 71
65 95
65 96
66 66
66 72
66 85
66 94
66 96
67 67
67 97
68 68
68 98
69 69
69 99
70 70
70 98
70 99
70 111
71 71
71 100
72 72
72 97
72 100
72 107
73 73
73 101
74 74
74 102
75 75
75 101
75 102
75 105
76 76
76 103
77 77
77 104
78 78
78 103
78 104
79 79
79 105
80 80
80 103
80 105
80 101
81 81
81 106
82 82
82 102
82 106
83 83
83 107
84 84
84 108
85 85
85 107
85 108
85 97
86 86
86 109
87 87
87 110
88 88
88 109
88 110
89 89
89 111
90 90
90 109
90 111
90 98
91 91
91 112
92 92
92 99
92 112
93 93
93 113
94 94
94 108
94 113
95 95
95 114
96 96
96 100
96 114
97 97
98 98
99 99
100 100
101 101
102 102
103 103
104 104
105 105
106 106
107 107
108 108
109 109
110 110
111 111
112 112
113 113
114 114
