0 0
0 1
0 2
0 3
0 4
0 7
0 11
1 1
1 5
1 6
1 7
1 14
1 17
2 2
2 6
2 8
2 9
2 10
2 11
2 16
2 21
3 3
3 4
3 7
3 9
3 22
4 4
4 10
4 23
5 5
5 12
5 13
5 14
5 26
5 29
6 6
6 13
6 15
6 16
6 17
6 28
6 32
7 7
7 14
7 16
7 33
8 8
8 15
8 18
8 19
8 20
8 21
8 31
8 37
9 9
9 10
9 16
9 19
9 22
9 38
10 10
10 20
10 23
10 39
11 11
11 17
11 21
11 22
11 23
11 33
12 12
12 24
12 25
12 26
12 42
12 45
13 13
13 25
13 27
13 28
13 29
13 44
13 48
14 14
14 26
14 28
14 49
15 15
15 27
15 30
15 31
15 32
15 47
15 52
16 16
16 28
16 31
16 33
16 53
17 17
17 29
17 32
17 33
17 49
18 18
18 30
18 34
18 35
18 36
18 37
18 51
18 57
19 19
19 20
19 31
19 35
19 38
19 58
20 20
20 36
20 39
20 59
21 21
21 32
21 37
21 38
21 39
21 53
22 22
22 23
22 33
22 38
23 23
23 39
24 24
24 40
24 41
24 42
24 62
24 65
25 25
25 41
25 43
25 44
25 45
25 64
25 68
26 26
26 42
26 44
26 69
27 27
27 43
27 46
27 47
27 48
27 67
27 72
28 28
28 44
28 47
28 49
28 73
29 29
29 45
29 48
29 49
29 69
30 30
30 46
30 50
30 51
30 52
30 71
30 76
31 31
31 47
31 51
31 53
31 77
32 32
32 48
32 52
32 53
32 73
33 33
33 49
33 53
34 34
34 50
34 54
34 55
34 56
34 57
34 75
34 81
35 35
35 36
35 51
35 55
35 58
35 82
36 36
36 56
36 59
36 83
37 37
37 52
37 57
37 58
37 59
37 77
38 38
38 39
38 53
38 58
39 39
39 59
40 40
40 60
40 61
40 62
40 85
40 88
41 41
41 61
41 63
41 64
41 65
41 87
41 91
42 42
42 62
42 64
42 92
43 43
43 63
43 66
43 67
43 68
43 90
43 95
44 44
44 64
44 67
44 69
44 96
45 45
45 65
45 68
45 69
45 92
46 46
46 66
46 70
46 71
46 72
46 94
46 99
47 47
47 67
47 71
47 73
47 100
48 48
48 68
48 72
48 73
48 96
49 49
49 69
49 73
50 50
50 70
50 74
50 75
50 76
50 98
50 103
51 51
51 71
51 75
51 77
51 104
52 52
52 72
52 76
52 77
52 100
53 53
53 73
53 77
54 54
54 74
54 78
54 79
54 80
54 81
54 102
54 108
55 55
55 56
55 75
55 79
55 82
55 109
56 56
56 80
56 83
56 110
57 57
57 76
57 81
57 82
57 83
57 104
58 58
58 59
58 77
58 82
59 59
59 83
60 60
60 84
60 85
60 113
61 61
61 84
61 86
61 87
61 88
61 112
61 116
62 62
62 85
62 87
62 117
63 63
63 86
63 89
63 90
63 91
63 115
63 120
64 64
64 87
64 90
64 92
64 121
65 65
65 88
65 91
65 92
65 117
66 66
66 89
66 93
66 94
66 95
66 119
66 124
67 67
67 90
67 94
67 96
67 125
68 68
68 91
68 95
68 96
68 121
69 69
69 92
69 96
70 70
70 93
70 97
70 98
70 99
70 123
70 128
71 71
71 94
71 98
71 100
71 129
72 72
72 95
72 99
72 100
72 125
73 73
73 96
73 100
74 74
74 97
74 101
74 102
74 103
74 127
74 132
75 75
75 98
75 102
75 104
75 133
76 76
76 99
76 103
76 104
76 129
77 77
77 100
77 104
78 78
78 101
78 105
78 106
78 107
78 108
78 131
78 136
79 79
79 80
79 102
79 106
79 109
79 137
80 80
80 107
80 110
80 138
81 81
81 103
81 108
81 109
81 110
81 133
82 82
82 83
82 104
82 109
83 83
83 110
84 84
84 111
84 112
84 113
84 141
85 85
85 112
85 142
86 86
86 111
86 114
86 115
86 116
86 140
86 145
87 87
87 112
87 115
87 117
87 146
88 88
88 113
88 116
88 117
88 142
89 89
89 114
89 118
89 119
89 120
89 144
89 149
90 90
90 115
90 119
90 121
90 150
91 91
91 116
91 120
91 121
91 146
92 92
92 117
92 121
93 93
93 118
93 122
93 123
93 124
93 148
93 153
94 94
94 119
94 123
94 125
94 154
95 95
95 120
95 124
95 125
95 150
96 96
96 121
96 125
97 97
97 122
97 126
97 127
97 128
97 152
97 157
98 98
98 123
98 127
98 129
98 158
99 99
99 124
99 128
99 129
99 154
100 100
100 125
100 129
101 101
101 126
101 130
101 131
101 132
101 156
101 160
102 102
102 127
102 131
102 133
102 161
103 103
103 128
103 132
103 133
103 158
104 104
104 129
104 133
105 105
105 130
105 134
105 135
105 136
105 159
106 106
106 107
106 131
106 134
106 137
106 162
107 107
107 135
107 138
107 163
108 108
108 132
108 136
108 137
108 138
108 161
109 109
109 110
109 133
109 137
110 110
110 138
111 111
111 139
111 140
111 141
111 165
112 112
112 140
112 142
112 166
113 113
113 141
113 142
114 114
114 139
114 143
114 144
114 145
114 164
114 168
115 115
115 140
115 144
115 146
115 169
116 116
116 141
116 145
116 146
116 166
117 117
117 142
117 146
118 118
118 143
118 147
118 148
118 149
118 167
118 171
119 119
119 144
119 148
119 150
119 172
120 120
120 145
120 149
120 150
120 169
121 121
121 146
121 150
122 122
122 147
122 151
122 152
122 153
122 170
122 174
123 123
123 148
123 152
123 154
123 175
124 124
124 149
124 153
124 154
124 172
125 125
125 150
125 154
126 126
126 151
126 155
126 156
126 157
126 173
126 177
127 127
127 152
127 156
127 158
127 178
128 128
128 153
128 157
128 158
128 175
129 129
129 154
129 158
130 130
130 155
130 159
130 160
130 176
131 131
131 156
131 159
131 161
131 179
132 132
132 157
132 160
132 161
132 178
133 133
133 158
133 161
134 134
134 135
134 159
134 162
135 135
135 163
136 136
136 160
136 162
136 163
136 179
137 137
137 138
137 161
137 162
138 138
138 163
139 139
139 164
139 165
140 140
140 164
140 166
140 180
141 141
141 165
141 166
142 142
142 166
143 143
143 167
143 168
144 144
144 164
144 167
144 169
144 181
145 145
145 165
145 168
145 169
145 180
146 146
146 166
146 169
147 147
147 170
147 171
148 148
148 167
148 170
148 172
148 182
149 149
149 168
149 171
149 172
149 181
150 150
150 169
150 172
151 151
151 173
151 174
152 152
152 170
152 173
152 175
152 183
153 153
153 171
153 174
153 175
153 182
154 154
154 172
154 175
155 155
155 176
155 177
156 156
156 173
156 176
156 178
156 184
157 157
157 174
157 177
157 178
157 183
158 158
158 175
158 178
159 159
159 176
159 179
160 160
160 177
160 179
160 184
161 161
161 178
161 179
162 162
162 163
162 179
163 163
164 164
164 180
165 165
165 180
166 166
166 180
167 167
167 181
168 168
168 181
169 169
169 180
169 181
170 170
170 182
171 171
171 182
172 172
172 181
172 182
173 173
173 183
174 174
174 183
175 175
175 182
175 183
176 176
176 184
177 177
177 184
178 178
178 183
178 184
179 179
179 184
180 180
181 181
182 182
183 183
184 184
