0 0
0 1
0 4
1 1
1 2
1 3
1 7
2 2
2 4
2 5
2 11
3 3
3 5
3 6
3 12
4 4
4 7
4 16
5 5
5 7
5 8
5 9
5 17
6 6
6 9
6 10
6 18
7 7
7 11
7 12
7 23
8 8
8 11
8 13
8 24
9 9
9 12
9 13
9 14
9 25
10 10
10 14
10 15
10 26
11 11
11 16
11 17
11 30
12 12
12 17
12 18
12 31
13 13
13 17
13 19
13 20
13 32
14 14
14 18
14 20
14 21
14 33
15 15
15 21
15 22
15 34
16 16
16 23
16 39
17 17
17 23
17 24
17 25
17 40
18 18
18 25
18 26
18 41
19 19
19 24
19 27
19 42
20 20
20 25
20 27
20 28
20 43
21 21
21 26
21 28
21 29
21 44
22 22
22 29
22 45
23 23
23 30
23 31
23 49
24 24
24 30
24 32
24 50
25 25
25 31
25 32
25 33
25 51
26 26
26 33
26 34
26 52
27 27
27 32
27 35
27 36
27 53
28 28
28 33
28 36
28 37
28 54
29 29
29 34
29 37
29 38
29 55
30 30
30 39
30 40
30 60
31 31
31 40
31 41
31 61
32 32
32 40
32 42
32 43
32 62
33 33
33 41
33 43
33 44
33 63
34 34
34 44
34 45
34 64
35 35
35 42
35 46
35 65
36 36
36 43
36 46
36 47
36 66
37 37
37 44
37 47
37 48
37 67
38 38
38 45
38 48
38 68
39 39
39 49
39 72
40 40
40 49
40 50
40 51
40 73
41 41
41 51
41 52
41 74
42 42
42 50
42 53
42 75
43 43
43 51
43 53
43 54
43 76
44 44
44 52
44 54
44 55
44 77
45 45
45 55
45 78
46 46
46 53
46 56
46 57
46 79
47 47
47 54
47 57
47 58
47 80
48 48
48 55
48 58
48 59
48 81
49 49
49 60
49 61
49 86
50 50
50 60
50 62
50 87
51 51
51 61
51 62
51 63
51 88
52 52
52 63
52 64
52 89
53 53
53 62
53 65
53 66
53 90
54 54
54 63
54 66
54 67
54 91
55 55
55 64
55 67
55 68
55 92
56 56
56 65
56 69
56 93
57 57
57 66
57 69
57 70
57 94
58 58
58 67
58 70
58 71
58 95
59 59
59 68
59 71
59 96
60 60
60 72
60 73
60 100
61 61
61 73
61 74
61 101
62 62
62 73
62 75
62 76
62 102
63 63
63 74
63 76
63 77
63 103
64 64
64 77
64 78
64 104
65 65
65 75
65 79
65 105
66 66
66 76
66 79
66 80
66 106
67 67
67 77
67 80
67 81
67 107
68 68
68 78
68 81
68 108
69 69
69 79
69 82
69 83
69 109
70 70
70 80
70 83
70 84
70 110
71 71
71 81
71 84
71 85
71 111
72 72
72 86
72 115
73 73
73 86
73 87
73 88
73 116
74 74
74 88
74 89
74 117
75 75
75 87
75 90
75 118
76 76
76 88
76 90
76 91
76 119
77 77
77 89
77 91
77 92
77 120
78 78
78 92
78 121
79 79
79 90
79 93
79 94
79 122
80 80
80 91
80 94
80 95
80 123
81 81
81 92
81 95
81 96
81 124
82 82
82 93
82 97
82 125
83 83
83 94
83 97
83 98
83 126
84 84
84 95
84 98
84 99
84 127
85 85
85 96
85 99
85 128
86 86
86 100
86 101
86 131
87 87
87 100
87 102
87 132
88 88
88 101
88 102
88 103
88 133
89 89
89 103
89 104
89 134
90 90
90 102
90 105
90 106
90 135
91 91
91 103
91 106
91 107
91 136
92 92
92 104
92 107
92 108
92 137
93 93
93 105
93 109
93 138
94 94
94 106
94 109
94 110
94 139
95 95
95 107
95 110
95 111
95 140
96 96
96 108
96 111
96 141
97 97
97 109
97 112
97 142
98 98
98 110
98 112
98 113
98 143
99 99
99 111
99 113
99 114
99 144
100 100
100 115
100 116
100 147
101 101
101 116
101 117
101 148
102 102
102 116
102 118
102 119
102 149
103 103
103 117
103 119
103 120
103 150
104 104
104 120
104 121
104 151
105 105
105 118
105 122
105 152
106 106
106 119
106 122
106 123
106 153
107 107
107 120
107 123
107 124
107 154
108 108
108 121
108 124
108 155
109 109
109 122
109 125
109 126
109 156
110 110
110 123
110 126
110 127
110 157
111 111
111 124
111 127
111 128
111 158
112 112
112 126
112 129
112 159
113 113
113 127
113 129
113 130
113 160
114 114
114 128
114 130
114 161
115 115
115 131
115 163
116 116
116 131
116 132
116 133
116 164
117 117
117 133
117 134
117 165
118 118
118 132
118 135
118 166
119 119
119 133
119 135
119 136
119 167
120 120
120 134
120 136
120 137
120 168
121 121
121 137
121 169
122 122
122 135
122 138
122 139
122 170
123 123
123 136
123 139
123 140
123 171
124 124
124 137
124 140
124 141
124 172
125 125
125 138
125 142
125 173
126 126
126 139
126 142
126 143
126 174
127 127
127 140
127 143
127 144
127 175
128 128
128 141
128 144
128 176
129 129
129 143
129 145
129 177
130 130
130 144
130 145
130 146
130 178
131 131
131 147
131 148
131 180
132 132
132 147
132 149
132 181
133 133
133 148
133 149
133 150
133 182
134 134
134 150
134 151
134 183
135 135
135 149
135 152
135 153
135 184
136 136
136 150
136 153
136 154
136 185
137 137
137 151
137 154
137 155
137 186
138 138
138 152
138 156
138 187
139 139
139 153
139 156
139 157
139 188
140 140
140 154
140 157
140 158
140 189
141 141
141 155
141 158
141 190
142 142
142 156
142 159
142 191
143 143
143 157
143 159
143 160
143 192
144 144
144 158
144 160
144 161
144 193
145 145
145 160
145 162
145 194
146 146
146 161
146 162
146 195
147 147
147 163
147 164
147 196
148 148
148 164
148 165
148 197
149 149
149 164
149 166
149 167
149 198
150 150
150 165
150 167
150 168
150 199
151 151
151 168
151 169
151 200
152 152
152 166
152 170
152 201
153 153
153 167
153 170
153 171
153 202
154 154
154 168
154 171
154 172
154 203
155 155
155 169
155 172
155 204
156 156
156 170
156 173
156 174
156 205
157 157
157 171
157 174
157 175
157 206
158 158
158 172
158 175
158 176
158 207
159 159
159 174
159 177
159 208
160 160
160 175
160 177
160 178
160 209
161 161
161 176
161 178
161 210
162 162
162 178
162 179
162 211
163 163
163 180
164 164
164 180
164 181
164 182
164 212
165 165
165 182
165 183
165 213
166 166
166 181
166 184
166 214
167 167
167 182
167 184
167 185
167 215
168 168
168 183
168 185
168 186
168 216
169 169
169 186
169 217
170 170
170 184
170 187
170 188
170 218
171 171
171 185
171 188
171 189
171 219
172 172
172 186
172 189
172 190
172 220
173 173
173 187
173 191
173 221
174 174
174 188
174 191
174 192
174 222
175 175
175 189
175 192
175 193
175 223
176 176
176 190
176 193
176 224
177 177
177 192
177 194
177 225
178 178
178 193
178 194
178 195
178 226
179 179
179 195
179 227
180 180
180 196
180 197
181 181
181 196
181 198
181 228
182 182
182 197
182 198
182 199
182 229
183 183
183 199
183 200
183 230
184 184
184 198
184 201
184 202
184 231
185 185
185 199
185 202
185 203
185 232
186 186
186 200
186 203
186 204
186 233
187 187
187 201
187 205
187 234
188 188
188 202
188 205
188 206
188 235
189 189
189 203
189 206
189 207
189 236
190 190
190 204
190 207
190 237
191 191
191 205
191 208
191 238
192 192
192 206
192 208
192 209
192 239
193 193
193 207
193 209
193 210
193 240
194 194
194 209
194 211
194 241
195 195
195 210
195 211
195 242
196 196
196 212
197 197
197 212
197 213
198 198
198 212
198 214
198 215
198 243
199 199
199 213
199 215
199 216
199 244
200 200
200 216
200 217
200 245
201 201
201 214
201 218
201 246
202 202
202 215
202 218
202 219
202 247
203 203
203 216
203 219
203 220
203 248
204 204
204 217
204 220
204 249
205 205
205 218
205 221
205 222
205 250
206 206
206 219
206 222
206 223
206 251
207 207
207 220
207 223
207 224
207 252
208 208
208 222
208 225
208 253
209 209
209 223
209 225
209 226
209 254
210 210
210 224
210 226
210 255
211 211
211 226
211 227
211 256
212 212
212 228
212 229
213 213
213 229
213 230
214 214
214 228
214 231
214 257
215 215
215 229
215 231
215 232
215 258
216 216
216 230
216 232
216 233
216 259
217 217
217 233
217 260
218 218
218 231
218 234
218 235
218 261
219 219
219 232
219 235
219 236
219 262
220 220
220 233
220 236
220 237
220 263
221 221
221 234
221 238
221 264
222 222
222 235
222 238
222 239
222 265
223 223
223 236
223 239
223 240
223 266
224 224
224 237
224 240
224 267
225 225
225 239
225 241
225 268
226 226
226 240
226 241
226 242
226 269
227 227
227 242
227 270
228 228
228 243
229 229
229 243
229 244
230 230
230 244
230 245
231 231
231 243
231 246
231 247
231 271
232 232
232 244
232 247
232 248
232 272
233 233
233 245
233 248
233 249
233 273
234 234
234 246
234 250
234 274
235 235
235 247
235 250
235 251
235 275
236 236
236 248
236 251
236 252
236 276
237 237
237 249
237 252
237 277
238 238
238 250
238 253
238 278
239 239
239 251
239 253
239 254
239 279
240 240
240 252
240 254
240 255
240 280
241 241
241 254
241 256
241 281
242 242
242 255
242 256
242 282
243 243
243 257
243 258
244 244
244 258
244 259
245 245
245 259
245 260
246 246
246 257
246 261
246 283
247 247
247 258
247 261
247 262
247 284
248 248
248 259
248 262
248 263
248 285
249 249
249 260
249 263
249 286
250 250
250 261
250 264
250 265
250 287
251 251
251 262
251 265
251 266
251 288
252 252
252 263
252 266
252 267
252 289
253 253
253 265
253 268
253 290
254 254
254 266
254 268
254 269
254 291
255 255
255 267
255 269
255 292
256 256
256 269
256 270
256 293
257 257
257 271
258 258
258 271
258 272
259 259
259 272
259 273
260 260
260 273
261 261
261 271
261 274
261 275
261 294
262 262
262 272
262 275
262 276
262 295
263 263
263 273
263 276
263 277
263 296
264 264
264 274
264 278
264 297
265 265
265 275
265 278
265 279
265 298
266 266
266 276
266 279
266 280
266 299
267 267
267 277
267 280
267 300
268 268
268 279
268 281
268 301
269 269
269 280
269 281
269 282
269 302
270 270
270 282
270 303
271 271
271 283
271 284
272 272
272 284
272 285
273 273
273 285
273 286
274 274
274 283
274 287
274 304
275 275
275 284
275 287
275 288
275 305
276 276
276 285
276 288
276 289
276 306
277 277
277 286
277 289
277 307
278 278
278 287
278 290
278 308
279 279
279 288
279 290
279 291
279 309
280 280
280 289
280 291
280 292
280 310
281 281
281 291
281 293
281 311
282 282
282 292
282 293
282 312
283 283
283 294
284 284
284 294
284 295
285 285
285 295
285 296
286 286
286 296
287 287
287 294
287 297
287 298
287 313
288 288
288 295
288 298
288 299
288 314
289 289
289 296
289 299
289 300
289 315
290 290
290 298
290 301
290 316
291 291
291 299
291 301
291 302
291 317
292 292
292 300
292 302
292 318
293 293
293 302
293 303
293 319
294 294
294 304
294 305
295 295
295 305
295 306
296 296
296 306
296 307
297 297
297 304
297 308
297 320
298 298
298 305
298 308
298 309
298 321
299 299
299 306
299 309
299 310
299 322
300 300
300 307
300 310
300 323
301 301
301 309
301 311
301 324
302 302
302 310
302 311
302 312
302 325
303 303
303 312
303 326
304 304
304 313
305 305
305 313
305 314
306 306
306 314
306 315
307 307
307 315
308 308
308 313
308 316
308 327
309 309
309 314
309 316
309 317
309 328
310 310
310 315
310 317
310 318
310 329
311 311
311 317
311 319
311 330
312 312
312 318
312 319
312 331
313 313
313 320
313 321
314 314
314 321
314 322
315 315
315 322
315 323
316 316
316 321
316 324
316 332
317 317
317 322
317 324
317 325
317 333
318 318
318 323
318 325
318 334
319 319
319 325
319 326
319 335
320 320
320 327
321 321
321 327
321 328
322 322
322 328
322 329
323 323
323 329
324 324
324 328
324 330
324 336
325 325
325 329
325 330
325 331
325 337
326 326
326 331
326 338
327 327
327 332
328 328
328 332
328 333
329 329
329 333
329 334
330 330
330 333
330 335
330 339
331 331
331 334
331 335
331 340
332 332
332 336
333 333
333 336
333 337
334 334
334 337
335 335
335 337
335 338
335 341
336 336
336 339
337 337
337 339
337 340
338 338
338 340
338 342
339 339
339 341
340 340
340 341
341 341
341 342
342 342
