0 3
0 4
0 23
0 24
0 9
1 3
1 5
1 23
1 25
1 10
2 3
2 6
2 23
2 26
2 13
3 3
3 7
3 23
3 27
3 4
3 5
3 6
3 8
3 13
4 8
4 23
4 28
4 15
5 9
5 23
5 29
5 16
6 10
6 23
6 30
6 17
7 11
7 23
7 31
7 18
8 12
8 23
8 32
8 19
9 20
10 33
10 35
10 21
11 23
11 34
11 22
12 15
12 23
13 14
13 15
13 16
13 17
13 18
13 19
13 20
13 21
13 22
13 23
14 14
14 15
14 16
14 17
14 18
14 19
14 20
14 21
14 22
15 16
16 17
17 18
18 19
19 20
20 21
21 22
22 23
24 24
24 35
24 52
24 62
24 36
25 25
25 35
25 53
25 62
25 37
26 26
26 35
26 54
26 62
26 38
27 27
27 35
27 55
27 62
27 39
28 28
28 35
28 56
28 62
28 40
29 29
29 35
29 57
29 62
29 41
30 30
30 35
30 58
30 62
30 42
31 31
31 35
31 59
31 62
31 43
32 32
32 35
32 60
32 62
32 44
33 35
33 40
33 62
33 46
34 38
34 62
34 47
34 48
35 62
35 48
36 36
36 94
36 97
36 98
36 99
36 100
36 101
36 102
36 103
36 104
36 105
36 106
36 107
36 108
36 109
36 110
36 111
36 112
36 113
36 114
36 115
36 116
36 37
36 38
36 39
36 40
36 41
36 42
36 43
36 44
36 45
36 46
36 47
37 94
37 97
37 98
37 99
37 100
37 101
37 102
37 103
37 104
37 105
37 106
37 107
37 108
37 109
37 110
37 111
37 112
37 113
37 114
37 115
37 116
37 69
38 94
38 97
38 98
38 99
38 100
38 101
38 102
38 103
38 104
38 105
38 106
38 107
38 108
38 109
38 110
38 111
38 112
38 113
38 114
38 115
38 116
38 69
39 94
39 97
39 98
39 99
39 100
39 101
39 102
39 103
39 104
39 105
39 106
39 107
39 108
39 109
39 110
39 111
39 112
39 113
39 114
39 115
39 116
39 58
39 71
40 94
40 97
40 98
40 99
40 100
40 101
40 102
40 103
40 104
40 105
40 106
40 107
40 108
40 109
40 110
40 111
40 112
40 113
40 114
40 115
40 116
41 94
41 97
41 98
41 99
41 100
41 101
41 102
41 103
41 104
41 105
41 106
41 107
41 108
41 109
41 110
41 111
41 112
41 113
41 114
41 115
41 116
41 60
41 61
41 62
41 63
41 64
41 65
41 66
41 67
41 68
41 72
42 94
42 97
42 98
42 99
42 100
42 101
42 102
42 103
42 104
42 105
42 106
42 107
42 108
42 109
42 110
42 111
42 112
42 113
42 114
42 115
42 116
42 72
42 73
43 94
43 97
43 98
43 99
43 100
43 101
43 102
43 103
43 104
43 105
43 106
43 107
43 108
43 109
43 110
43 111
43 112
43 113
43 114
43 115
43 116
43 49
43 50
43 51
43 52
43 53
43 54
43 55
43 56
43 57
43 58
43 60
44 94
44 97
44 98
44 99
44 100
44 101
44 102
44 103
44 104
44 105
44 106
44 107
44 108
44 109
44 110
44 111
44 112
44 113
44 114
44 115
44 116
44 49
44 50
44 51
44 52
44 53
44 54
44 55
44 56
44 57
44 58
44 61
45 91
45 49
45 50
45 51
45 52
45 53
45 54
45 55
45 56
45 57
45 58
45 62
46 90
46 97
46 49
46 50
46 51
46 52
46 53
46 54
46 55
46 56
46 57
46 58
46 63
47 49
47 50
47 51
47 52
47 53
47 54
47 55
47 56
47 57
47 58
47 64
48 49
48 50
48 51
48 52
48 53
48 54
48 55
48 56
48 57
48 58
48 65
49 49
49 50
49 51
49 52
49 53
49 54
49 55
49 56
49 57
49 58
49 59
49 60
49 63
49 86
49 88
49 66
50 50
50 51
50 52
50 53
50 54
50 55
50 56
50 57
50 58
50 59
50 60
50 64
50 86
50 88
50 67
51 51
51 52
51 53
51 54
51 55
51 56
51 57
51 58
51 59
51 60
51 65
51 86
51 88
51 68
52 52
52 53
52 54
52 55
52 56
52 57
52 58
52 59
52 60
52 66
52 86
52 88
53 53
53 54
53 55
53 56
53 57
53 58
53 59
53 60
53 67
53 86
53 88
54 54
54 55
54 56
54 57
54 58
54 59
54 60
54 68
54 86
54 88
55 55
55 56
55 57
55 58
55 59
55 60
55 69
55 86
55 88
56 56
56 57
56 58
56 59
56 60
56 70
56 86
56 88
57 57
57 58
57 59
57 60
57 71
57 86
57 88
58 58
58 59
58 60
58 88
59 83
59 85
59 88
60 61
61 61
61 62
61 63
61 64
61 65
61 66
61 67
61 68
61 69
61 70
63 74
64 75
65 76
66 77
67 78
68 79
69 80
70 81
71 82
72 86
72 98
73 87
73 99
74 95
74 99
74 117
74 88
74 100
75 95
75 100
75 117
75 89
75 101
76 95
76 101
76 117
76 90
76 102
77 95
77 102
77 117
77 91
77 103
78 95
78 103
78 117
78 92
78 104
79 95
79 104
79 117
79 93
79 105
80 95
80 105
80 117
80 94
80 106
81 95
81 106
81 117
81 83
81 84
81 110
82 95
82 107
82 117
82 96
82 108
82 111
83 93
83 98
83 117
83 85
83 112
84 90
84 92
84 98
84 99
84 100
84 101
84 102
84 103
84 104
84 105
84 106
84 107
84 108
84 109
84 110
84 111
84 112
84 113
84 114
84 115
84 116
84 117
84 97
85 85
85 117
85 97
85 109
86 124
86 128
86 146
86 110
86 112
87 124
87 129
87 146
87 98
87 99
87 100
87 101
87 102
87 103
87 104
87 105
87 106
87 108
87 111
87 113
88 124
88 130
88 146
89 124
89 131
89 146
89 98
89 99
89 100
89 101
89 102
89 103
89 104
89 105
89 106
89 107
89 108
89 109
90 124
90 132
90 146
91 124
91 133
91 146
91 126
92 124
92 134
92 146
93 124
93 135
93 146
93 123
94 124
94 136
94 146
94 128
95 122
95 127
95 146
95 129
96 119
96 121
96 127
96 128
96 129
96 130
96 131
96 132
96 133
96 134
96 135
96 136
96 137
96 138
96 139
96 140
96 141
96 142
96 143
96 144
96 145
96 146
97 146
97 126
97 127
98 179
98 188
98 127
99 180
99 189
99 127
100 181
100 190
100 127
101 182
101 191
101 127
102 183
102 192
102 127
103 184
103 193
103 127
104 185
104 194
104 127
105 186
105 195
105 127
106 187
106 196
106 127
107 199
107 127
108 197
108 114
108 127
109 115
109 127
110 116
110 127
111 117
111 127
112 118
112 127
113 119
113 127
114 118
114 123
114 126
114 127
114 128
114 129
114 130
114 131
114 132
114 133
114 134
114 135
114 136
114 137
114 138
114 139
114 140
114 141
114 142
114 143
114 144
114 145
114 120
115 118
115 123
115 126
115 127
115 128
115 129
115 130
115 131
115 132
115 133
115 134
115 135
115 136
115 137
115 138
115 139
115 140
115 141
115 142
115 143
115 144
115 145
115 121
116 118
116 123
116 126
116 127
116 128
116 129
116 130
116 131
116 132
116 133
116 134
116 135
116 136
116 137
116 138
116 139
116 140
116 141
116 142
116 143
116 144
116 145
116 122
117 118
117 123
117 126
117 127
117 128
117 129
117 130
117 131
117 132
117 133
117 134
117 135
117 136
117 137
117 138
117 139
117 140
117 141
117 142
117 143
117 144
117 145
118 118
118 123
118 126
118 127
118 128
118 129
118 130
118 131
118 132
118 133
118 134
118 135
118 136
118 137
118 138
118 139
118 140
118 141
118 142
118 143
118 144
118 145
118 119
118 120
118 121
118 122
118 124
118 125
119 123
119 126
119 127
119 128
119 129
119 130
119 131
119 132
119 133
119 134
119 135
119 136
119 137
119 138
119 139
119 140
119 141
119 142
119 143
119 144
119 145
119 124
119 147
120 123
120 126
120 127
120 128
120 129
120 130
120 131
120 132
120 133
120 134
120 135
120 136
120 137
120 138
120 139
120 140
120 141
120 142
120 143
120 144
120 145
121 123
121 126
121 127
121 128
121 129
121 130
121 131
121 132
121 133
121 134
121 135
121 136
121 137
121 138
121 139
121 140
121 141
121 142
121 143
121 144
121 145
122 123
122 126
122 127
122 128
122 129
122 130
122 131
122 132
122 133
122 134
122 135
122 136
122 137
122 138
122 139
122 140
122 141
122 142
122 143
122 144
122 145
123 145
124 126
124 146
125 145
125 146
126 143
126 144
127 144
128 144
129 144
130 144
131 137
131 147
131 148
131 144
132 138
132 147
132 149
132 144
133 139
133 147
133 150
133 144
134 140
134 147
134 151
134 144
135 141
135 147
135 152
135 144
136 142
136 147
136 153
136 144
137 143
137 147
137 154
137 144
138 144
138 147
138 155
139 145
139 147
139 156
139 144
140 147
140 157
140 144
141 147
141 158
141 144
142 147
142 144
143 144
144 144
144 145
148 148
148 159
148 178
149 149
149 160
149 178
150 150
150 161
150 178
151 151
151 162
151 178
152 152
152 163
152 178
153 153
153 164
153 178
154 154
154 165
154 178
155 155
155 166
155 178
156 156
156 167
156 178
157 157
157 178
158 158
158 178
159 178
159 169
160 169
160 170
161 170
161 171
162 171
162 172
163 172
163 173
164 173
164 174
165 174
165 175
166 175
166 176
167 176
167 177
168 177
168 169
168 170
168 171
168 172
168 173
168 174
168 175
168 176
168 178
169 169
169 178
170 170
170 178
171 171
171 178
172 172
172 178
173 173
173 178
174 174
174 178
175 175
175 178
176 176
176 178
177 177
177 178
179 179
179 200
179 202
179 222
179 223
179 191
180 180
180 200
180 203
180 222
180 223
180 192
181 181
181 200
181 204
181 222
181 223
181 193
182 182
182 200
182 205
182 222
182 223
182 194
183 183
183 200
183 206
183 222
183 223
183 195
184 184
184 200
184 207
184 222
184 223
184 196
185 185
185 200
185 208
185 222
185 223
185 197
186 186
186 200
186 209
186 222
186 223
186 198
187 187
187 200
187 210
187 222
187 223
187 199
188 222
188 223
188 191
189 197
189 198
189 222
189 223
189 192
190 223
190 193
191 201
191 211
191 224
191 194
192 201
192 212
192 224
192 195
193 201
193 213
193 224
193 196
194 201
194 214
194 224
194 197
195 201
195 215
195 224
195 198
196 201
196 216
196 224
196 199
197 201
197 217
197 224
198 201
198 218
198 224
199 201
199 219
199 224
199 200
200 224
200 222
201 224
201 223
202 224
202 203
202 222
203 204
203 222
204 205
204 222
205 206
205 222
206 207
206 222
207 208
207 222
208 209
208 222
209 210
209 222
210 211
210 222
211 212
211 223
212 213
212 223
213 214
213 223
214 215
214 223
215 216
215 223
216 217
216 223
217 221
217 218
217 223
218 221
218 219
218 223
219 220
219 223
220 222
220 224
221 221
