0 0
0 8
0 31
1 1
2 2
2 27
3 3
4 4
4 8
4 13
4 29
4 31
4 36
5 5
5 30
6 6
6 8
6 31
7 7
7 32
8 31
9 9
9 13
9 18
9 34
9 36
9 41
10 10
10 35
11 11
11 13
11 36
12 12
12 37
13 36
14 14
14 18
14 23
14 39
14 41
14 46
15 15
15 40
16 16
16 18
16 41
17 17
17 42
18 41
19 19
19 23
19 46
20 20
21 21
21 23
21 46
22 22
23 46
24 24
24 49
25 25
25 29
25 31
25 33
25 56
26 26
26 30
27 27
27 31
28 28
28 32
29 29
29 30
29 31
29 32
29 33
29 34
29 36
29 38
29 54
29 56
29 61
30 30
30 35
30 55
31 31
31 33
31 36
31 56
32 32
32 37
32 57
33 56
34 34
34 35
34 36
34 37
34 38
34 39
34 41
34 43
34 59
34 61
34 66
35 35
35 40
35 60
36 36
36 38
36 41
36 61
37 37
37 42
37 62
38 61
39 39
39 40
39 41
39 42
39 43
39 46
39 48
39 64
39 66
39 71
39 44
40 40
40 65
40 45
41 41
41 43
41 46
41 66
42 42
42 67
42 47
43 66
44 44
44 46
44 48
44 71
45 45
46 46
46 48
46 49
46 71
47 47
48 71
49 49
50 50
50 54
50 56
50 58
50 81
51 51
51 55
52 52
52 56
53 53
53 57
54 54
54 55
54 56
54 57
54 58
54 59
54 61
54 63
54 79
54 81
54 86
55 55
55 60
55 80
56 56
56 58
56 61
56 81
57 57
57 62
57 82
58 81
59 59
59 60
59 61
59 62
59 63
59 64
59 66
59 68
59 84
59 86
59 91
60 60
60 65
60 85
61 61
61 63
61 66
61 86
62 62
62 67
62 87
63 86
64 64
64 65
64 66
64 67
64 68
64 71
64 73
64 89
64 91
64 96
64 69
65 65
65 90
65 70
66 66
66 68
66 71
66 91
67 67
67 92
67 72
68 91
69 69
69 71
69 73
69 96
70 70
71 71
71 73
71 74
71 96
72 72
73 96
74 74
75 75
75 79
75 81
75 83
75 106
76 76
76 80
77 77
77 81
78 78
78 82
79 79
79 80
79 81
79 82
79 83
79 84
79 86
79 88
79 106
79 111
79 104
80 80
80 85
80 105
81 81
81 83
81 86
81 106
82 82
82 87
82 107
83 106
84 84
84 85
84 86
84 87
84 88
84 89
84 91
84 93
84 111
84 116
84 109
85 85
85 90
85 110
86 86
86 88
86 91
86 111
87 87
87 92
87 112
88 111
89 89
89 90
89 91
89 92
89 93
89 96
89 98
89 116
89 121
89 94
89 114
90 90
90 95
90 115
91 91
91 93
91 96
91 116
92 92
92 97
92 117
93 116
94 94
94 96
94 98
94 121
95 95
96 96
96 98
96 99
96 121
97 97
98 121
99 99
100 100
100 106
100 108
101 101
102 102
102 106
102 125
103 103
104 104
104 106
104 108
104 111
104 113
105 105
106 106
106 108
106 111
106 126
107 107
108 126
109 109
109 111
109 113
109 116
109 118
110 110
111 111
111 113
111 116
111 127
112 112
113 127
114 114
114 116
114 118
114 121
115 115
116 116
116 118
116 121
116 128
117 117
118 128
119 119
119 121
120 120
121 121
121 124
121 129
121 123
122 122
123 123
124 124
124 130
125 125
126 126
127 127
128 128
129 129
130 130
