0 0
0 3
0 17
0 19
0 21
0 23
0 24
1 1
1 2
1 5
1 14
1 18
1 20
1 28
1 29
2 2
2 4
2 5
2 6
2 15
2 18
2 20
2 25
2 27
2 28
2 31
2 33
2 35
3 3
3 7
3 16
3 19
3 21
3 24
3 26
3 32
3 34
3 36
4 4
4 6
4 8
4 22
4 25
4 27
4 33
4 37
4 39
5 5
5 6
5 9
5 18
5 28
5 31
5 33
5 40
5 41
5 7
5 29
5 32
6 6
6 8
6 9
6 10
6 25
6 29
6 31
6 33
6 37
6 39
6 40
6 43
6 45
6 47
6 32
6 35
6 38
6 41
7 7
7 8
7 11
7 26
7 30
7 31
7 32
7 34
7 37
7 38
7 44
7 46
7 48
8 8
8 10
8 12
8 35
8 37
8 39
8 45
8 49
8 51
8 38
8 47
9 9
9 10
9 31
9 40
9 43
9 45
9 52
9 53
10 10
10 12
10 37
10 41
10 43
10 45
10 49
10 51
10 52
10 56
10 58
11 11
11 13
11 38
11 42
11 44
11 46
11 50
11 55
11 57
11 59
12 12
12 47
12 49
12 51
12 56
12 61
13 13
13 50
13 54
13 55
13 57
13 60
14 14
14 15
15 15
15 18
15 20
16 16
16 17
16 19
16 21
17 17
18 18
18 20
18 28
18 29
19 19
19 21
19 30
20 20
20 22
21 21
21 23
21 24
22 22
22 25
22 27
23 23
23 24
23 26
24 24
25 25
25 27
25 33
25 35
26 26
26 34
26 36
27 27
28 28
28 29
29 29
29 31
29 33
30 30
30 32
30 34
31 31
31 33
31 40
31 41
32 32
32 34
32 42
33 33
33 35
34 34
34 36
35 35
35 37
35 39
36 36
36 38
37 37
37 39
37 45
37 47
38 38
38 46
38 48
39 39
40 40
40 41
41 41
41 43
41 45
42 42
42 44
42 46
43 43
43 45
43 52
43 53
44 44
44 46
44 54
45 45
45 47
46 46
46 48
47 47
47 49
47 51
48 48
48 50
49 49
49 51
49 56
49 58
50 50
50 57
50 59
51 51
52 52
52 53
53 53
53 56
54 54
54 55
54 57
55 55
55 57
56 56
56 58
57 57
57 59
58 58
58 61
59 59
59 60
60 60
61 61
