0 0
0 1
0 4
0 5
0 54
0 55
1 1
1 4
1 5
1 54
1 55
2 2
2 3
2 6
2 7
2 52
2 53
3 3
3 6
3 7
3 52
3 53
4 4
4 5
4 8
4 9
4 54
4 55
4 58
4 59
5 5
5 8
5 9
5 54
5 55
5 58
5 59
6 6
6 7
6 10
6 11
6 52
6 53
6 56
6 57
7 7
7 10
7 11
7 52
7 53
7 56
7 57
8 8
8 9
8 12
8 13
8 58
8 59
8 62
8 63
9 9
9 12
9 13
9 58
9 59
9 62
9 63
10 10
10 11
10 14
10 15
10 56
10 57
10 60
10 61
11 11
11 14
11 15
11 56
11 57
11 60
11 61
12 12
12 13
12 16
12 17
12 62
12 63
12 66
12 67
13 13
13 16
13 17
13 62
13 63
13 66
13 67
14 14
14 15
14 18
14 19
14 60
14 61
14 64
14 65
15 15
15 18
15 19
15 60
15 61
15 64
15 65
16 16
16 17
16 20
16 21
16 66
16 67
16 70
16 71
17 17
17 20
17 21
17 66
17 67
17 70
17 71
18 18
18 19
18 22
18 23
18 64
18 65
18 68
18 69
19 19
19 22
19 23
19 64
19 65
19 68
19 69
20 20
20 21
20 24
20 25
20 70
20 71
20 74
20 75
21 21
21 24
21 25
21 70
21 71
21 74
21 75
22 22
22 23
22 26
22 27
22 68
22 69
22 72
22 73
23 23
23 26
23 27
23 68
23 69
23 72
23 73
24 24
24 25
24 28
24 29
24 74
24 75
24 78
24 79
25 25
25 28
25 29
25 74
25 75
25 78
25 79
26 26
26 27
26 30
26 31
26 72
26 73
26 76
26 77
27 27
27 30
27 31
27 72
27 73
27 76
27 77
28 28
28 29
28 32
28 33
28 78
28 79
28 82
28 83
29 29
29 32
29 33
29 78
29 79
29 82
29 83
30 30
30 31
30 34
30 35
30 76
30 77
30 80
30 81
31 31
31 34
31 35
31 76
31 77
31 80
31 81
32 32
32 33
32 36
32 37
32 82
32 83
32 86
32 87
33 33
33 36
33 37
33 82
33 83
33 86
33 87
34 34
34 35
34 38
34 39
34 80
34 81
34 84
34 85
35 35
35 38
35 39
35 80
35 81
35 84
35 85
36 36
36 37
36 40
36 41
36 86
36 87
36 90
36 91
37 37
37 40
37 41
37 86
37 87
37 90
37 91
38 38
38 39
38 42
38 43
38 84
38 85
38 88
38 89
39 39
39 42
39 43
39 84
39 85
39 88
39 89
40 40
40 41
40 44
40 45
40 90
40 91
40 94
40 95
41 41
41 44
41 45
41 90
41 91
41 94
41 95
42 42
42 43
42 46
42 47
42 88
42 89
42 92
42 93
43 43
43 46
43 47
43 88
43 89
43 92
43 93
44 44
44 45
44 48
44 49
44 94
44 95
44 98
44 99
45 45
45 48
45 49
45 94
45 95
45 98
45 99
46 46
46 47
46 50
46 51
46 92
46 93
46 96
46 97
47 47
47 50
47 51
47 92
47 93
47 96
47 97
48 48
48 49
48 98
48 99
48 102
48 103
49 49
49 98
49 99
49 102
49 103
50 50
50 51
50 96
50 97
50 100
50 101
51 51
51 96
51 97
51 100
51 101
52 52
52 53
52 56
52 57
53 53
53 56
53 57
54 54
54 55
54 58
54 59
55 55
55 58
55 59
56 56
56 57
56 60
56 61
57 57
57 60
57 61
58 58
58 59
58 62
58 63
59 59
59 62
59 63
60 60
60 61
60 64
60 65
61 61
61 64
61 65
62 62
62 63
62 66
62 67
63 63
63 66
63 67
64 64
64 65
64 68
64 69
65 65
65 68
65 69
66 66
66 67
66 70
66 71
67 67
67 70
67 71
68 68
68 69
68 72
68 73
69 69
69 72
69 73
70 70
70 71
70 74
70 75
71 71
71 74
71 75
72 72
72 73
72 76
72 77
73 73
73 76
73 77
74 74
74 75
74 78
74 79
75 75
75 78
75 79
76 76
76 77
76 80
76 81
77 77
77 80
77 81
78 78
78 79
78 82
78 83
79 79
79 82
79 83
80 80
80 81
80 84
80 85
81 81
81 84
81 85
82 82
82 83
82 86
82 87
83 83
83 86
83 87
84 84
84 85
84 88
84 89
85 85
85 88
85 89
86 86
86 87
86 90
86 91
87 87
87 90
87 91
88 88
88 89
88 92
88 93
89 89
89 92
89 93
90 90
90 91
90 94
90 95
91 91
91 94
91 95
92 92
92 93
92 96
92 97
93 93
93 96
93 97
94 94
94 95
94 98
94 99
95 95
95 98
95 99
96 96
96 97
96 100
96 101
97 97
97 100
97 101
98 98
98 99
98 102
98 103
99 99
99 102
99 103
100 100
100 101
101 101
102 102
102 103
103 103
