0 0
0 1
0 4
0 5
0 202
0 203
1 1
1 4
1 5
1 202
1 203
2 2
2 3
2 6
2 7
2 200
2 201
3 3
3 6
3 7
3 200
3 201
4 4
4 5
4 8
4 9
4 202
4 203
4 206
4 207
5 5
5 8
5 9
5 202
5 203
5 206
5 207
6 6
6 7
6 10
6 11
6 200
6 201
6 204
6 205
7 7
7 10
7 11
7 200
7 201
7 204
7 205
8 8
8 9
8 12
8 13
8 206
8 207
8 210
8 211
9 9
9 12
9 13
9 206
9 207
9 210
9 211
10 10
10 11
10 14
10 15
10 204
10 205
10 208
10 209
11 11
11 14
11 15
11 204
11 205
11 208
11 209
12 12
12 13
12 16
12 17
12 210
12 211
12 214
12 215
13 13
13 16
13 17
13 210
13 211
13 214
13 215
14 14
14 15
14 18
14 19
14 208
14 209
14 212
14 213
15 15
15 18
15 19
15 208
15 209
15 212
15 213
16 16
16 17
16 20
16 21
16 214
16 215
16 218
16 219
17 17
17 20
17 21
17 214
17 215
17 218
17 219
18 18
18 19
18 22
18 23
18 212
18 213
18 216
18 217
19 19
19 22
19 23
19 212
19 213
19 216
19 217
20 20
20 21
20 24
20 25
20 218
20 219
20 222
20 223
21 21
21 24
21 25
21 218
21 219
21 222
21 223
22 22
22 23
22 26
22 27
22 216
22 217
22 220
22 221
23 23
23 26
23 27
23 216
23 217
23 220
23 221
24 24
24 25
24 28
24 29
24 222
24 223
24 226
24 227
25 25
25 28
25 29
25 222
25 223
25 226
25 227
26 26
26 27
26 30
26 31
26 220
26 221
26 224
26 225
27 27
27 30
27 31
27 220
27 221
27 224
27 225
28 28
28 29
28 32
28 33
28 226
28 227
28 230
28 231
29 29
29 32
29 33
29 226
29 227
29 230
29 231
30 30
30 31
30 34
30 35
30 224
30 225
30 228
30 229
31 31
31 34
31 35
31 224
31 225
31 228
31 229
32 32
32 33
32 36
32 37
32 230
32 231
32 234
32 235
33 33
33 36
33 37
33 230
33 231
33 234
33 235
34 34
34 35
34 38
34 39
34 228
34 229
34 232
34 233
35 35
35 38
35 39
35 228
35 229
35 232
35 233
36 36
36 37
36 40
36 41
36 234
36 235
36 238
36 239
37 37
37 40
37 41
37 234
37 235
37 238
37 239
38 38
38 39
38 42
38 43
38 232
38 233
38 236
38 237
39 39
39 42
39 43
39 232
39 233
39 236
39 237
40 40
40 41
40 44
40 45
40 238
40 239
40 242
40 243
41 41
41 44
41 45
41 238
41 239
41 242
41 243
42 42
42 43
42 46
42 47
42 236
42 237
42 240
42 241
43 43
43 46
43 47
43 236
43 237
43 240
43 241
44 44
44 45
44 48
44 49
44 242
44 243
44 246
44 247
45 45
45 48
45 49
45 242
45 243
45 246
45 247
46 46
46 47
46 50
46 51
46 240
46 241
46 244
46 245
47 47
47 50
47 51
47 240
47 241
47 244
47 245
48 48
48 49
48 52
48 53
48 246
48 247
48 250
48 251
49 49
49 52
49 53
49 246
49 247
49 250
49 251
50 50
50 51
50 54
50 55
50 244
50 245
50 248
50 249
51 51
51 54
51 55
51 244
51 245
51 248
51 249
52 52
52 53
52 56
52 57
52 250
52 251
52 254
52 255
53 53
53 56
53 57
53 250
53 251
53 254
53 255
54 54
54 55
54 58
54 59
54 248
54 249
54 252
54 253
55 55
55 58
55 59
55 248
55 249
55 252
55 253
56 56
56 57
56 60
56 61
56 254
56 255
56 258
56 259
57 57
57 60
57 61
57 254
57 255
57 258
57 259
58 58
58 59
58 62
58 63
58 252
58 253
58 256
58 257
59 59
59 62
59 63
59 252
59 253
59 256
59 257
60 60
60 61
60 64
60 65
60 258
60 259
60 262
60 263
61 61
61 64
61 65
61 258
61 259
61 262
61 263
62 62
62 63
62 66
62 67
62 256
62 257
62 260
62 261
63 63
63 66
63 67
63 256
63 257
63 260
63 261
64 64
64 65
64 68
64 69
64 262
64 263
64 266
64 267
65 65
65 68
65 69
65 262
65 263
65 266
65 267
66 66
66 67
66 70
66 71
66 260
66 261
66 264
66 265
67 67
67 70
67 71
67 260
67 261
67 264
67 265
68 68
68 69
68 72
68 73
68 266
68 267
68 270
68 271
69 69
69 72
69 73
69 266
69 267
69 270
69 271
70 70
70 71
70 74
70 75
70 264
70 265
70 268
70 269
71 71
71 74
71 75
71 264
71 265
71 268
71 269
72 72
72 73
72 76
72 77
72 270
72 271
72 274
72 275
73 73
73 76
73 77
73 270
73 271
73 274
73 275
74 74
74 75
74 78
74 79
74 268
74 269
74 272
74 273
75 75
75 78
75 79
75 268
75 269
75 272
75 273
76 76
76 77
76 80
76 81
76 274
76 275
76 278
76 279
77 77
77 80
77 81
77 274
77 275
77 278
77 279
78 78
78 79
78 82
78 83
78 272
78 273
78 276
78 277
79 79
79 82
79 83
79 272
79 273
79 276
79 277
80 80
80 81
80 84
80 85
80 278
80 279
80 282
80 283
81 81
81 84
81 85
81 278
81 279
81 282
81 283
82 82
82 83
82 86
82 87
82 276
82 277
82 280
82 281
83 83
83 86
83 87
83 276
83 277
83 280
83 281
84 84
84 85
84 88
84 89
84 282
84 283
84 286
84 287
85 85
85 88
85 89
85 282
85 283
85 286
85 287
86 86
86 87
86 90
86 91
86 280
86 281
86 284
86 285
87 87
87 90
87 91
87 280
87 281
87 284
87 285
88 88
88 89
88 92
88 93
88 286
88 287
88 290
88 291
89 89
89 92
89 93
89 286
89 287
89 290
89 291
90 90
90 91
90 94
90 95
90 284
90 285
90 288
90 289
91 91
91 94
91 95
91 284
91 285
91 288
91 289
92 92
92 93
92 96
92 97
92 290
92 291
92 294
92 295
93 93
93 96
93 97
93 290
93 291
93 294
93 295
94 94
94 95
94 98
94 99
94 288
94 289
94 292
94 293
95 95
95 98
95 99
95 288
95 289
95 292
95 293
96 96
96 97
96 100
96 101
96 294
96 298
97 97
97 100
97 101
97 294
97 295
97 298
97 299
98 98
98 99
98 102
98 103
98 292
98 293
98 296
98 297
99 99
99 102
99 103
99 293
99 297
100 100
100 101
100 104
100 105
100 298
100 302
100 299
100 303
101 101
101 104
101 105
101 298
101 299
101 302
101 303
102 102
102 103
102 106
102 107
102 296
102 297
102 300
102 301
103 103
103 106
103 107
103 296
103 297
103 300
103 301
104 104
104 105
104 108
104 302
104 109
104 303
104 306
104 307
105 105
105 109
105 302
105 303
105 306
105 307
105 108
106 106
106 107
106 110
106 111
106 300
106 301
106 304
106 305
107 107
107 110
107 111
107 300
107 301
107 304
107 305
108 108
108 112
109 109
109 113
109 306
109 307
109 310
109 311
110 110
110 111
110 114
110 115
110 305
110 309
111 111
111 114
111 115
111 305
111 309
112 112
112 116
113 113
113 117
113 310
113 311
113 314
113 315
114 114
114 115
114 118
114 309
114 313
114 119
115 115
115 119
115 118
115 309
115 313
116 116
116 120
117 117
117 121
117 314
117 318
118 118
118 122
118 313
118 317
119 119
119 123
120 120
120 124
121 121
121 125
121 318
121 322
122 122
122 126
122 317
122 321
123 123
123 127
124 124
124 128
125 125
125 129
125 322
125 326
126 126
126 130
126 321
126 325
127 127
127 131
128 128
128 132
129 129
129 133
129 326
129 330
130 130
130 134
130 325
130 329
131 131
131 135
132 132
132 136
133 133
133 137
133 330
133 334
134 134
134 138
134 329
134 333
135 135
135 139
136 136
136 140
137 137
137 141
137 334
137 338
138 138
138 142
138 333
138 337
139 139
139 143
140 140
140 144
141 141
141 145
141 338
141 342
142 142
142 146
142 337
142 341
143 143
143 147
144 144
144 148
145 145
145 149
145 342
145 346
146 146
146 150
146 341
146 345
147 147
147 151
148 148
148 152
149 149
149 153
149 346
149 350
150 150
150 154
150 345
150 349
151 151
151 155
152 152
152 156
153 153
153 157
153 350
153 354
154 154
154 158
154 349
154 353
155 155
155 159
156 156
156 160
157 157
157 161
157 354
157 358
158 158
158 162
158 353
158 357
159 159
159 163
160 160
160 164
161 161
161 165
161 358
161 362
162 162
162 166
162 357
162 361
163 163
163 167
164 164
164 168
165 165
165 169
165 362
165 366
166 166
166 170
166 361
166 365
167 167
167 171
168 168
168 172
169 169
169 173
169 366
169 370
170 170
170 174
170 365
170 369
171 171
171 175
172 172
172 176
173 173
173 177
173 370
173 374
174 174
174 178
174 369
174 373
175 175
175 179
176 176
176 180
177 177
177 181
177 374
177 378
178 178
178 182
178 373
178 377
179 179
179 183
180 180
180 184
181 181
181 185
181 378
181 382
182 182
182 186
182 377
182 381
183 183
183 187
184 184
184 188
185 185
185 189
185 382
185 386
186 186
186 190
186 381
186 385
187 187
187 191
188 188
188 192
189 189
189 193
189 386
189 390
190 190
190 194
190 385
190 389
191 191
191 195
192 192
192 196
193 193
193 197
193 390
193 394
194 194
194 198
194 389
194 393
195 195
195 199
196 196
197 197
197 394
197 398
198 198
198 393
198 397
199 199
200 200
200 201
200 204
200 205
201 201
201 204
201 205
202 202
202 203
202 206
202 207
203 203
203 206
203 207
204 204
204 205
204 208
204 209
205 205
205 208
205 209
206 206
206 207
206 210
206 211
207 207
207 210
207 211
208 208
208 209
208 212
208 213
209 209
209 212
209 213
210 210
210 211
210 214
210 215
211 211
211 214
211 215
212 212
212 213
212 216
212 217
213 213
213 216
213 217
214 214
214 215
214 218
214 219
215 215
215 218
215 219
216 216
216 217
216 220
216 221
217 217
217 220
217 221
218 218
218 219
218 222
218 223
219 219
219 222
219 223
220 220
220 221
220 224
220 225
221 221
221 224
221 225
222 222
222 223
222 226
222 227
223 223
223 226
223 227
224 224
224 225
224 228
224 229
225 225
225 228
225 229
226 226
226 227
226 230
226 231
227 227
227 230
227 231
228 228
228 229
228 232
228 233
229 229
229 232
229 233
230 230
230 231
230 234
230 235
231 231
231 234
231 235
232 232
232 233
232 236
232 237
233 233
233 236
233 237
234 234
234 235
234 238
234 239
235 235
235 238
235 239
236 236
236 237
236 240
236 241
237 237
237 240
237 241
238 238
238 239
238 242
238 243
239 239
239 242
239 243
240 240
240 241
240 244
240 245
241 241
241 244
241 245
242 242
242 243
242 246
242 247
243 243
243 246
243 247
244 244
244 245
244 248
244 249
245 245
245 248
245 249
246 246
246 247
246 250
246 251
247 247
247 250
247 251
248 248
248 249
248 252
248 253
249 249
249 252
249 253
250 250
250 251
250 254
250 255
251 251
251 254
251 255
252 252
252 253
252 256
252 257
253 253
253 256
253 257
254 254
254 255
254 258
254 259
255 255
255 258
255 259
256 256
256 257
256 260
256 261
257 257
257 260
257 261
258 258
258 259
258 262
258 263
259 259
259 262
259 263
260 260
260 261
260 264
260 265
261 261
261 264
261 265
262 262
262 263
262 266
262 267
263 263
263 266
263 267
264 264
264 265
264 268
264 269
265 265
265 268
265 269
266 266
266 267
266 270
266 271
267 267
267 270
267 271
268 268
268 269
268 272
268 273
269 269
269 272
269 273
270 270
270 271
270 274
270 275
271 271
271 274
271 275
272 272
272 273
272 276
272 277
273 273
273 276
273 277
274 274
274 275
274 278
274 279
275 275
275 278
275 279
276 276
276 277
276 280
276 281
277 277
277 280
277 281
278 278
278 279
278 282
278 283
279 279
279 282
279 283
280 280
280 281
280 284
280 285
281 281
281 284
281 285
282 282
282 283
282 286
282 287
283 283
283 286
283 287
284 284
284 285
284 288
284 289
285 285
285 288
285 289
286 286
286 287
286 290
286 291
287 287
287 290
287 291
288 288
288 289
288 292
288 293
289 289
289 292
289 293
290 290
290 291
290 294
290 295
291 291
291 294
291 295
292 292
292 293
292 296
292 297
293 293
293 296
293 297
294 294
294 295
294 298
294 299
295 295
295 298
295 299
296 296
296 297
296 300
296 301
297 297
297 300
297 301
298 298
298 299
298 302
298 303
299 299
299 302
299 303
300 300
300 301
300 304
300 305
301 301
301 304
301 305
302 302
302 303
302 306
302 307
303 303
303 306
303 307
304 304
304 305
304 308
305 305
305 309
306 306
306 307
306 310
306 311
307 307
307 310
307 311
308 308
308 312
309 309
309 313
310 310
310 311
310 314
310 315
311 311
311 314
311 315
312 312
312 316
313 313
313 317
314 314
314 315
314 318
315 315
315 319
316 316
316 320
317 317
317 321
318 318
318 322
319 319
319 323
320 320
320 324
321 321
321 325
322 322
322 326
323 323
323 327
324 324
324 328
325 325
325 329
326 326
326 330
327 327
327 331
328 328
328 332
329 329
329 333
330 330
330 334
331 331
331 335
332 332
332 336
333 333
333 337
334 334
334 338
335 335
335 339
336 336
336 340
337 337
337 341
338 338
338 342
339 339
339 343
340 340
340 344
341 341
341 345
342 342
342 346
343 343
343 347
344 344
344 348
345 345
345 349
346 346
346 350
347 347
347 351
348 348
348 352
349 349
349 353
350 350
350 354
351 351
351 355
352 352
352 356
353 353
353 357
354 354
354 358
355 355
355 359
356 356
356 360
357 357
357 361
358 358
358 362
359 359
359 363
360 360
360 364
361 361
361 365
362 362
362 366
363 363
363 367
364 364
364 368
365 365
365 369
366 366
366 370
367 367
367 371
368 368
368 372
369 369
369 373
370 370
370 374
371 371
371 375
372 372
372 376
373 373
373 377
374 374
374 378
375 375
375 379
376 376
376 380
377 377
377 381
378 378
378 382
379 379
379 383
380 380
380 384
381 381
381 385
382 382
382 386
383 383
383 387
384 384
384 388
385 385
385 389
386 386
386 390
387 387
387 391
388 388
388 392
389 389
389 393
390 390
390 394
391 391
391 395
392 392
392 396
393 393
393 397
394 394
394 398
395 395
395 399
396 396
397 397
398 398
399 399
