0 0
0 1
0 32
1 1
1 2
1 33
2 2
2 3
2 34
3 3
3 4
3 35
4 4
4 5
4 36
5 5
5 6
5 37
6 6
6 7
6 38
7 7
7 8
7 39
8 8
8 9
8 40
9 9
9 10
9 41
10 10
10 11
10 42
11 11
11 12
11 43
11 1067
12 12
12 13
12 44
13 13
13 14
13 45
14 14
14 15
14 46
15 15
15 16
15 47
16 16
16 17
16 48
17 17
17 18
17 49
18 18
18 19
18 50
19 19
19 20
19 51
20 20
20 21
20 52
21 21
21 22
21 53
22 22
22 23
22 54
23 23
23 24
23 55
24 24
24 25
24 56
25 25
25 26
25 57
26 26
26 27
26 58
27 27
27 28
27 59
28 28
28 29
28 60
29 29
29 30
29 61
30 30
30 31
30 62
31 31
31 63
32 32
32 33
32 64
33 33
33 34
33 65
34 34
34 35
34 66
35 35
35 36
35 67
36 36
36 37
36 68
37 37
37 38
37 69
38 38
38 39
38 70
39 39
39 40
39 71
40 40
40 41
40 72
41 41
41 42
41 73
42 42
42 43
42 74
43 43
43 44
43 75
43 1035
43 1099
44 44
44 45
44 76
45 45
45 46
45 77
46 46
46 47
46 78
47 47
47 48
47 79
48 48
48 49
48 80
49 49
49 50
49 81
50 50
50 51
50 82
51 51
51 52
51 83
52 52
52 53
52 84
53 53
53 54
53 85
54 54
54 55
54 86
55 55
55 56
55 87
56 56
56 57
56 88
57 57
57 58
57 89
58 58
58 59
58 90
59 59
59 60
59 91
60 60
60 61
60 92
61 61
61 62
61 93
62 62
62 63
62 94
63 63
63 95
64 64
64 65
64 96
65 65
65 66
65 97
66 66
66 67
66 98
67 67
67 68
67 99
68 68
68 69
68 100
69 69
69 70
69 101
70 70
70 71
70 102
71 71
71 72
71 103
72 72
72 73
72 104
73 73
73 74
73 105
74 74
74 75
74 106
75 75
75 76
75 107
75 1067
75 1131
76 76
76 77
76 108
77 77
77 78
77 109
78 78
78 79
78 110
79 79
79 80
79 111
80 80
80 81
80 112
81 81
81 82
81 113
82 82
82 83
82 114
83 83
83 84
83 115
84 84
84 85
84 116
85 85
85 86
85 117
86 86
86 87
86 118
87 87
87 88
87 119
88 88
88 89
88 120
89 89
89 90
89 121
90 90
90 91
90 122
91 91
91 92
91 123
92 92
92 93
92 124
93 93
93 94
93 125
94 94
94 95
94 126
95 95
95 127
96 96
96 97
96 128
97 97
97 98
97 129
98 98
98 99
98 130
99 99
99 100
99 131
100 100
100 101
100 132
101 101
101 102
101 133
102 102
102 103
102 134
103 103
103 104
103 135
104 104
104 105
104 136
105 105
105 106
105 137
106 106
106 107
106 138
107 107
107 108
107 139
107 1099
107 1163
108 108
108 109
108 140
109 109
109 110
109 141
110 110
110 111
110 142
111 111
111 112
111 143
112 112
112 113
112 144
113 113
113 114
113 145
114 114
114 115
114 146
115 115
115 116
115 147
116 116
116 117
116 148
117 117
117 118
117 149
118 118
118 119
118 150
119 119
119 120
119 151
120 120
120 121
120 152
121 121
121 122
121 153
122 122
122 123
122 154
123 123
123 124
123 155
124 124
124 125
124 156
125 125
125 126
125 157
126 126
126 127
126 158
127 127
127 159
128 128
128 129
128 160
129 129
129 130
129 161
130 130
130 131
130 162
131 131
131 132
131 163
132 132
132 133
132 164
133 133
133 134
133 165
134 134
134 135
134 166
135 135
135 136
135 167
136 136
136 137
136 168
137 137
137 138
137 169
138 138
138 139
138 170
139 139
139 140
139 171
139 1131
139 1195
140 140
140 141
140 172
141 141
141 142
141 173
142 142
142 143
142 174
143 143
143 144
143 175
144 144
144 145
144 176
145 145
145 146
145 177
146 146
146 147
146 178
147 147
147 148
147 179
148 148
148 149
148 180
149 149
149 150
149 181
150 150
150 151
150 182
151 151
151 152
151 183
152 152
152 153
152 184
153 153
153 154
153 185
154 154
154 155
154 186
155 155
155 156
155 187
156 156
156 157
156 188
157 157
157 158
157 189
158 158
158 159
158 190
159 159
159 191
160 160
160 161
160 192
161 161
161 162
161 193
162 162
162 163
162 194
163 163
163 164
163 195
164 164
164 165
164 196
165 165
165 166
165 197
166 166
166 167
166 198
167 167
167 168
167 199
168 168
168 169
168 200
169 169
169 170
169 201
170 170
170 171
170 202
171 171
171 172
171 203
171 1163
171 1227
172 172
172 173
172 204
173 173
173 174
173 205
174 174
174 175
174 206
175 175
175 176
175 207
176 176
176 177
176 208
177 177
177 178
177 209
178 178
178 179
178 210
179 179
179 180
179 211
180 180
180 181
180 212
181 181
181 182
181 213
182 182
182 183
182 214
183 183
183 184
183 215
184 184
184 185
184 216
185 185
185 186
185 217
186 186
186 187
186 218
187 187
187 188
187 219
188 188
188 189
188 220
189 189
189 190
189 221
190 190
190 191
190 222
191 191
191 223
192 192
192 193
192 224
193 193
193 194
193 225
194 194
194 195
194 226
195 195
195 196
195 227
196 196
196 197
196 228
197 197
197 198
197 229
198 198
198 199
198 230
199 199
199 200
199 231
200 200
200 201
200 232
201 201
201 202
201 233
202 202
202 203
202 234
203 203
203 204
203 235
203 1195
203 1259
204 204
204 205
204 236
205 205
205 206
205 237
206 206
206 207
206 238
207 207
207 208
207 239
208 208
208 209
208 240
209 209
209 210
209 241
210 210
210 211
210 242
211 211
211 212
211 243
212 212
212 213
212 244
213 213
213 214
213 245
214 214
214 215
214 246
215 215
215 216
215 247
216 216
216 217
216 248
217 217
217 218
217 249
218 218
218 219
218 250
219 219
219 220
219 251
220 220
220 221
220 252
221 221
221 222
221 253
222 222
222 223
222 254
223 223
223 255
224 224
224 225
224 256
225 225
225 226
225 257
226 226
226 227
226 258
227 227
227 228
227 259
228 228
228 229
228 260
229 229
229 230
229 261
230 230
230 231
230 262
231 231
231 232
231 263
232 232
232 233
232 264
233 233
233 234
233 265
234 234
234 235
234 266
235 235
235 236
235 267
235 1227
235 1291
236 236
236 237
236 268
237 237
237 238
237 269
238 238
238 239
238 270
239 239
239 240
239 271
240 240
240 241
240 272
241 241
241 242
241 273
242 242
242 243
242 274
243 243
243 244
243 275
244 244
244 245
244 276
245 245
245 246
245 277
246 246
246 247
246 278
247 247
247 248
247 279
248 248
248 249
248 280
249 249
249 250
249 281
250 250
250 251
250 282
251 251
251 252
251 283
252 252
252 253
252 284
253 253
253 254
253 285
254 254
254 255
254 286
255 255
255 287
256 256
256 257
256 288
257 257
257 258
257 289
258 258
258 259
258 290
259 259
259 260
259 291
260 260
260 261
260 292
261 261
261 262
261 293
262 262
262 263
262 294
263 263
263 264
263 295
264 264
264 265
264 296
265 265
265 266
265 297
266 266
266 267
266 298
267 267
267 268
267 299
267 1259
267 1323
268 268
268 269
268 300
269 269
269 270
269 301
270 270
270 271
270 302
271 271
271 272
271 303
272 272
272 273
272 304
273 273
273 274
273 305
274 274
274 275
274 306
275 275
275 276
275 307
276 276
276 277
276 308
277 277
277 278
277 309
278 278
278 279
278 310
279 279
279 280
279 311
280 280
280 281
280 312
281 281
281 282
281 313
282 282
282 283
282 314
283 283
283 284
283 315
284 284
284 285
284 316
285 285
285 286
285 317
286 286
286 287
286 318
287 287
287 319
288 288
288 289
288 320
289 289
289 290
289 321
290 290
290 291
290 322
291 291
291 292
291 323
292 292
292 293
292 324
293 293
293 294
293 325
294 294
294 295
294 326
295 295
295 296
295 327
296 296
296 297
296 328
297 297
297 298
297 329
298 298
298 299
298 330
299 299
299 300
299 331
299 1291
299 1355
300 300
300 301
300 332
301 301
301 302
301 333
302 302
302 303
302 334
303 303
303 304
303 335
304 304
304 305
304 336
305 305
305 306
305 337
306 306
306 307
306 338
307 307
307 308
307 339
308 308
308 309
308 340
309 309
309 310
309 341
310 310
310 311
310 342
311 311
311 312
311 343
312 312
312 313
312 344
313 313
313 314
313 345
314 314
314 315
314 346
315 315
315 316
315 347
316 316
316 317
316 348
317 317
317 318
317 349
318 318
318 319
318 350
319 319
319 351
320 320
320 321
320 352
321 321
321 322
321 353
322 322
322 323
322 354
323 323
323 324
323 355
324 324
324 325
324 356
325 325
325 326
325 357
326 326
326 327
326 358
327 327
327 328
327 359
328 328
328 329
328 360
329 329
329 330
329 361
330 330
330 331
330 362
331 331
331 332
331 363
331 1323
331 1387
332 332
332 333
332 364
333 333
333 334
333 365
334 334
334 335
334 366
335 335
335 336
335 367
336 336
336 337
336 368
337 337
337 338
337 369
338 338
338 339
338 370
339 339
339 340
339 371
340 340
340 341
340 372
341 341
341 342
341 373
342 342
342 343
342 374
343 343
343 344
343 375
344 344
344 345
344 376
345 345
345 346
345 377
346 346
346 347
346 378
347 347
347 348
347 379
348 348
348 349
348 380
349 349
349 350
349 381
350 350
350 351
350 382
351 351
351 383
352 352
352 353
352 384
353 353
353 354
353 385
354 354
354 355
354 386
355 355
355 356
355 387
356 356
356 357
356 388
357 357
357 358
357 389
358 358
358 359
358 390
359 359
359 360
359 391
360 360
360 361
360 392
361 361
361 362
361 393
362 362
362 363
362 394
363 363
363 364
363 395
363 1355
363 1387
363 1419
363 1388
364 364
364 365
364 396
364 1387
364 1389
365 365
365 366
365 397
365 1388
365 1390
366 366
366 367
366 398
366 1389
366 1391
367 367
367 368
367 399
367 1390
367 1392
368 368
368 369
368 400
368 1391
368 1393
369 369
369 370
369 401
369 1392
369 1394
370 370
370 371
370 402
370 1393
370 1395
371 371
371 372
371 403
371 1394
371 1396
372 372
372 373
372 404
372 1395
372 1397
373 373
373 374
373 405
373 1397
373 1429
373 1396
374 374
374 375
374 406
375 375
375 376
375 407
376 376
376 377
376 408
377 377
377 378
377 409
378 378
378 379
378 410
379 379
379 380
379 411
380 380
380 381
380 412
381 381
381 382
381 413
382 382
382 383
382 414
383 383
383 415
384 384
384 385
384 416
385 385
385 386
385 417
386 386
386 387
386 418
387 387
387 388
387 419
388 388
388 389
388 420
389 389
389 390
389 421
390 390
390 391
390 422
391 391
391 392
391 423
392 392
392 393
392 424
393 393
393 394
393 425
394 394
394 395
394 426
395 395
395 396
395 427
395 1387
395 1451
396 396
396 397
396 428
397 397
397 398
397 429
398 398
398 399
398 430
399 399
399 400
399 431
400 400
400 401
400 432
401 401
401 402
401 433
402 402
402 403
402 434
403 403
403 404
403 435
404 404
404 405
404 436
405 405
405 406
405 437
405 1397
405 1461
406 406
406 407
406 438
407 407
407 408
407 439
408 408
408 409
408 440
409 409
409 410
409 441
410 410
410 411
410 442
411 411
411 412
411 443
412 412
412 413
412 444
413 413
413 414
413 445
414 414
414 415
414 446
415 415
415 447
416 416
416 417
416 448
417 417
417 418
417 449
418 418
418 419
418 450
419 419
419 420
419 451
420 420
420 421
420 452
421 421
421 422
421 453
422 422
422 423
422 454
423 423
423 424
423 455
424 424
424 425
424 456
425 425
425 426
425 457
426 426
426 427
426 458
427 427
427 428
427 459
427 1419
427 1483
428 428
428 429
428 460
429 429
429 430
429 461
430 430
430 431
430 462
431 431
431 432
431 463
432 432
432 433
432 464
433 433
433 434
433 465
434 434
434 435
434 466
435 435
435 436
435 467
436 436
436 437
436 468
437 437
437 438
437 469
437 1429
437 1493
438 438
438 439
438 470
439 439
439 440
439 471
440 440
440 441
440 472
441 441
441 442
441 473
442 442
442 443
442 474
443 443
443 444
443 475
444 444
444 445
444 476
445 445
445 446
445 477
446 446
446 447
446 478
447 447
447 479
448 448
448 449
448 480
449 449
449 450
449 481
450 450
450 451
450 482
451 451
451 452
451 483
452 452
452 453
452 484
453 453
453 454
453 485
454 454
454 455
454 486
455 455
455 456
455 487
456 456
456 457
456 488
457 457
457 458
457 489
458 458
458 459
458 490
459 459
459 460
459 491
459 1451
459 1515
460 460
460 461
460 492
461 461
461 462
461 493
462 462
462 463
462 494
463 463
463 464
463 495
464 464
464 465
464 496
465 465
465 466
465 497
466 466
466 467
466 498
467 467
467 468
467 499
468 468
468 469
468 500
469 469
469 470
469 501
469 1461
469 1525
470 470
470 471
470 502
471 471
471 472
471 503
472 472
472 473
472 504
473 473
473 474
473 505
474 474
474 475
474 506
475 475
475 476
475 507
476 476
476 477
476 508
477 477
477 478
477 509
478 478
478 479
478 510
479 479
479 511
480 480
480 481
480 512
481 481
481 482
481 513
482 482
482 483
482 514
483 483
483 484
483 515
484 484
484 485
484 516
485 485
485 486
485 517
486 486
486 487
486 518
487 487
487 488
487 519
488 488
488 489
488 520
489 489
489 490
489 521
490 490
490 491
490 522
491 491
491 492
491 523
491 1483
491 1547
492 492
492 493
492 524
493 493
493 494
493 525
494 494
494 495
494 526
495 495
495 496
495 527
496 496
496 497
496 528
497 497
497 498
497 529
498 498
498 499
498 530
499 499
499 500
499 531
500 500
500 501
500 532
501 501
501 502
501 533
501 1493
501 1557
502 502
502 503
502 534
503 503
503 504
503 535
504 504
504 505
504 536
505 505
505 506
505 537
506 506
506 507
506 538
507 507
507 508
507 539
508 508
508 509
508 540
509 509
509 510
509 541
510 510
510 511
510 542
511 511
511 543
512 512
512 513
512 544
513 513
513 514
513 545
514 514
514 515
514 546
515 515
515 516
515 547
516 516
516 517
516 548
517 517
517 518
517 549
518 518
518 519
518 550
519 519
519 520
519 551
520 520
520 521
520 552
521 521
521 522
521 553
522 522
522 523
522 554
523 523
523 524
523 555
523 1515
523 1579
524 524
524 525
524 556
525 525
525 526
525 557
526 526
526 527
526 558
527 527
527 528
527 559
528 528
528 529
528 560
529 529
529 530
529 561
530 530
530 531
530 562
531 531
531 532
531 563
532 532
532 533
532 564
533 533
533 534
533 565
533 1525
533 1589
534 534
534 535
534 566
535 535
535 536
535 567
536 536
536 537
536 568
537 537
537 538
537 569
538 538
538 539
538 570
539 539
539 540
539 571
540 540
540 541
540 572
541 541
541 542
541 573
542 542
542 543
542 574
543 543
543 575
544 544
544 545
544 576
545 545
545 546
545 577
546 546
546 547
546 578
547 547
547 548
547 579
548 548
548 549
548 580
549 549
549 550
549 581
550 550
550 551
550 582
551 551
551 552
551 583
552 552
552 553
552 584
553 553
553 554
553 585
554 554
554 555
554 586
555 555
555 556
555 587
555 1547
555 1611
556 556
556 557
556 588
557 557
557 558
557 589
558 558
558 559
558 590
559 559
559 560
559 591
560 560
560 561
560 592
561 561
561 562
561 593
562 562
562 563
562 594
563 563
563 564
563 595
564 564
564 565
564 596
565 565
565 566
565 597
565 1557
565 1621
566 566
566 567
566 598
567 567
567 568
567 599
568 568
568 569
568 600
569 569
569 570
569 601
570 570
570 571
570 602
571 571
571 572
571 603
572 572
572 573
572 604
573 573
573 574
573 605
574 574
574 575
574 606
575 575
575 607
576 576
576 577
576 608
577 577
577 578
577 609
578 578
578 579
578 610
579 579
579 580
579 611
580 580
580 581
580 612
581 581
581 582
581 613
582 582
582 583
582 614
583 583
583 584
583 615
584 584
584 585
584 616
585 585
585 586
585 617
586 586
586 587
586 618
587 587
587 588
587 619
587 1579
587 1643
588 588
588 589
588 620
589 589
589 590
589 621
590 590
590 591
590 622
591 591
591 592
591 623
592 592
592 593
592 624
593 593
593 594
593 625
594 594
594 595
594 626
595 595
595 596
595 627
596 596
596 597
596 628
597 597
597 598
597 629
597 1589
597 1653
598 598
598 599
598 630
599 599
599 600
599 631
600 600
600 601
600 632
601 601
601 602
601 633
602 602
602 603
602 634
603 603
603 604
603 635
604 604
604 605
604 636
605 605
605 606
605 637
606 606
606 607
606 638
607 607
607 639
608 608
608 609
608 640
609 609
609 610
609 641
610 610
610 611
610 642
611 611
611 612
611 643
612 612
612 613
612 644
613 613
613 614
613 645
614 614
614 615
614 646
615 615
615 616
615 647
616 616
616 617
616 648
617 617
617 618
617 649
618 618
618 619
618 650
619 619
619 620
619 651
619 1611
619 1675
620 620
620 621
620 652
621 621
621 622
621 653
622 622
622 623
622 654
623 623
623 624
623 655
624 624
624 625
624 656
625 625
625 626
625 657
626 626
626 627
626 658
627 627
627 628
627 659
628 628
628 629
628 660
629 629
629 630
629 661
629 1621
629 1685
630 630
630 631
630 662
631 631
631 632
631 663
632 632
632 633
632 664
633 633
633 634
633 665
634 634
634 635
634 666
635 635
635 636
635 667
636 636
636 637
636 668
637 637
637 638
637 669
638 638
638 639
638 670
639 639
639 671
640 640
640 641
640 672
641 641
641 642
641 673
642 642
642 643
642 674
643 643
643 644
643 675
644 644
644 645
644 676
645 645
645 646
645 677
646 646
646 647
646 678
647 647
647 648
647 679
648 648
648 649
648 680
649 649
649 650
649 681
650 650
650 651
650 682
651 651
651 652
651 683
651 1643
651 1707
652 652
652 653
652 684
653 653
653 654
653 685
654 654
654 655
654 686
655 655
655 656
655 687
656 656
656 657
656 688
657 657
657 658
657 689
658 658
658 659
658 690
659 659
659 660
659 691
660 660
660 661
660 692
661 661
661 662
661 693
661 1653
661 1717
662 662
662 663
662 694
663 663
663 664
663 695
664 664
664 665
664 696
665 665
665 666
665 697
666 666
666 667
666 698
667 667
667 668
667 699
668 668
668 669
668 700
669 669
669 670
669 701
670 670
670 671
670 702
671 671
671 703
672 672
672 673
672 704
673 673
673 674
673 705
674 674
674 675
674 706
675 675
675 676
675 707
676 676
676 677
676 708
677 677
677 678
677 709
678 678
678 679
678 710
679 679
679 680
679 711
680 680
680 681
680 712
681 681
681 682
681 713
682 682
682 683
682 714
683 683
683 684
683 715
683 1675
683 1707
683 1739
683 1708
684 684
684 685
684 716
684 1707
684 1709
685 685
685 686
685 717
685 1708
685 1710
686 686
686 687
686 718
686 1709
686 1711
687 687
687 688
687 719
687 1710
687 1712
688 688
688 689
688 720
688 1711
688 1713
689 689
689 690
689 721
689 1712
689 1714
690 690
690 691
690 722
690 1713
690 1715
691 691
691 692
691 723
691 1714
691 1716
692 692
692 693
692 724
692 1715
692 1717
693 693
693 694
693 725
693 1685
693 1717
693 1716
694 694
694 695
694 726
695 695
695 696
695 727
696 696
696 697
696 728
697 697
697 698
697 729
698 698
698 699
698 730
699 699
699 700
699 731
700 700
700 701
700 732
701 701
701 702
701 733
702 702
702 703
702 734
703 703
703 735
704 704
704 705
704 736
705 705
705 706
705 737
706 706
706 707
706 738
707 707
707 708
707 739
708 708
708 709
708 740
709 709
709 710
709 741
710 710
710 711
710 742
711 711
711 712
711 743
712 712
712 713
712 744
713 713
713 714
713 745
714 714
714 715
714 746
715 715
715 716
715 747
715 1707
715 1771
716 716
716 717
716 748
717 717
717 718
717 749
718 718
718 719
718 750
719 719
719 720
719 751
720 720
720 721
720 752
721 721
721 722
721 753
722 722
722 723
722 754
723 723
723 724
723 755
724 724
724 725
724 756
725 725
725 726
725 757
726 726
726 727
726 758
727 727
727 728
727 759
728 728
728 729
728 760
729 729
729 730
729 761
730 730
730 731
730 762
731 731
731 732
731 763
732 732
732 733
732 764
733 733
733 734
733 765
734 734
734 735
734 766
735 735
735 767
736 736
736 737
736 768
737 737
737 738
737 769
738 738
738 739
738 770
739 739
739 740
739 771
740 740
740 741
740 772
741 741
741 742
741 773
742 742
742 743
742 774
743 743
743 744
743 775
744 744
744 745
744 776
745 745
745 746
745 777
746 746
746 747
746 778
747 747
747 748
747 779
747 1739
747 1803
748 748
748 749
748 780
749 749
749 750
749 781
750 750
750 751
750 782
751 751
751 752
751 783
752 752
752 753
752 784
753 753
753 754
753 785
754 754
754 755
754 786
755 755
755 756
755 787
756 756
756 757
756 788
757 757
757 758
757 789
758 758
758 759
758 790
759 759
759 760
759 791
760 760
760 761
760 792
761 761
761 762
761 793
762 762
762 763
762 794
763 763
763 764
763 795
764 764
764 765
764 796
765 765
765 766
765 797
766 766
766 767
766 798
767 767
767 799
768 768
768 769
768 800
769 769
769 770
769 801
770 770
770 771
770 802
771 771
771 772
771 803
772 772
772 773
772 804
773 773
773 774
773 805
774 774
774 775
774 806
775 775
775 776
775 807
776 776
776 777
776 808
777 777
777 778
777 809
778 778
778 779
778 810
779 779
779 780
779 811
779 1771
779 1835
780 780
780 781
780 812
781 781
781 782
781 813
782 782
782 783
782 814
783 783
783 784
783 815
784 784
784 785
784 816
785 785
785 786
785 817
786 786
786 787
786 818
787 787
787 788
787 819
788 788
788 789
788 820
789 789
789 790
789 821
790 790
790 791
790 822
791 791
791 792
791 823
792 792
792 793
792 824
793 793
793 794
793 825
794 794
794 795
794 826
795 795
795 796
795 827
796 796
796 797
796 828
797 797
797 798
797 829
798 798
798 799
798 830
799 799
799 831
800 800
800 801
800 832
801 801
801 802
801 833
802 802
802 803
802 834
803 803
803 804
803 835
804 804
804 805
804 836
805 805
805 806
805 837
806 806
806 807
806 838
807 807
807 808
807 839
808 808
808 809
808 840
809 809
809 810
809 841
810 810
810 811
810 842
811 811
811 812
811 843
811 1803
811 1867
812 812
812 813
812 844
813 813
813 814
813 845
814 814
814 815
814 846
815 815
815 816
815 847
816 816
816 817
816 848
817 817
817 818
817 849
818 818
818 819
818 850
819 819
819 820
819 851
820 820
820 821
820 852
821 821
821 822
821 853
822 822
822 823
822 854
823 823
823 824
823 855
824 824
824 825
824 856
825 825
825 826
825 857
826 826
826 827
826 858
827 827
827 828
827 859
828 828
828 829
828 860
829 829
829 830
829 861
830 830
830 831
830 862
831 831
831 863
832 832
832 833
832 864
833 833
833 834
833 865
834 834
834 835
834 866
835 835
835 836
835 867
836 836
836 837
836 868
837 837
837 838
837 869
838 838
838 839
838 870
839 839
839 840
839 871
840 840
840 841
840 872
841 841
841 842
841 873
842 842
842 843
842 874
843 843
843 844
843 875
843 1835
843 1899
844 844
844 845
844 876
845 845
845 846
845 877
846 846
846 847
846 878
847 847
847 848
847 879
848 848
848 849
848 880
849 849
849 850
849 881
850 850
850 851
850 882
851 851
851 852
851 883
852 852
852 853
852 884
853 853
853 854
853 885
854 854
854 855
854 886
855 855
855 856
855 887
856 856
856 857
856 888
857 857
857 858
857 889
858 858
858 859
858 890
859 859
859 860
859 891
860 860
860 861
860 892
861 861
861 862
861 893
862 862
862 863
862 894
863 863
863 895
864 864
864 865
864 896
865 865
865 866
865 897
866 866
866 867
866 898
867 867
867 868
867 899
868 868
868 869
868 900
869 869
869 870
869 901
870 870
870 871
870 902
871 871
871 872
871 903
872 872
872 873
872 904
873 873
873 874
873 905
874 874
874 875
874 906
875 875
875 876
875 907
875 1867
875 1931
876 876
876 877
876 908
877 877
877 878
877 909
878 878
878 879
878 910
879 879
879 880
879 911
880 880
880 881
880 912
881 881
881 882
881 913
882 882
882 883
882 914
883 883
883 884
883 915
884 884
884 885
884 916
885 885
885 886
885 917
886 886
886 887
886 918
887 887
887 888
887 919
888 888
888 889
888 920
889 889
889 890
889 921
890 890
890 891
890 922
891 891
891 892
891 923
892 892
892 893
892 924
893 893
893 894
893 925
894 894
894 895
894 926
895 895
895 927
896 896
896 897
896 928
897 897
897 898
897 929
898 898
898 899
898 930
899 899
899 900
899 931
900 900
900 901
900 932
901 901
901 902
901 933
902 902
902 903
902 934
903 903
903 904
903 935
904 904
904 905
904 936
905 905
905 906
905 937
906 906
906 907
906 938
907 907
907 908
907 939
907 1899
907 1963
908 908
908 909
908 940
909 909
909 910
909 941
910 910
910 911
910 942
911 911
911 912
911 943
912 912
912 913
912 944
913 913
913 914
913 945
914 914
914 915
914 946
915 915
915 916
915 947
916 916
916 917
916 948
917 917
917 918
917 949
918 918
918 919
918 950
919 919
919 920
919 951
920 920
920 921
920 952
921 921
921 922
921 953
922 922
922 923
922 954
923 923
923 924
923 955
924 924
924 925
924 956
925 925
925 926
925 957
926 926
926 927
926 958
927 927
927 959
928 928
928 929
928 960
929 929
929 930
929 961
930 930
930 931
930 962
931 931
931 932
931 963
932 932
932 933
932 964
933 933
933 934
933 965
934 934
934 935
934 966
935 935
935 936
935 967
936 936
936 937
936 968
937 937
937 938
937 969
938 938
938 939
938 970
939 939
939 940
939 971
939 1931
939 1995
940 940
940 941
940 972
941 941
941 942
941 973
942 942
942 943
942 974
943 943
943 944
943 975
944 944
944 945
944 976
945 945
945 946
945 977
946 946
946 947
946 978
947 947
947 948
947 979
948 948
948 949
948 980
949 949
949 950
949 981
950 950
950 951
950 982
951 951
951 952
951 983
952 952
952 953
952 984
953 953
953 954
953 985
954 954
954 955
954 986
955 955
955 956
955 987
956 956
956 957
956 988
957 957
957 958
957 989
958 958
958 959
958 990
959 959
959 991
960 960
960 961
960 992
961 961
961 962
961 993
962 962
962 963
962 994
963 963
963 964
963 995
964 964
964 965
964 996
965 965
965 966
965 997
966 966
966 967
966 998
967 967
967 968
967 999
968 968
968 969
968 1000
969 969
969 970
969 1001
970 970
970 971
970 1002
971 971
971 972
971 1003
971 1963
971 2027
972 972
972 973
972 1004
973 973
973 974
973 1005
974 974
974 975
974 1006
975 975
975 976
975 1007
976 976
976 977
976 1008
977 977
977 978
977 1009
978 978
978 979
978 1010
979 979
979 980
979 1011
980 980
980 981
980 1012
981 981
981 982
981 1013
982 982
982 983
982 1014
983 983
983 984
983 1015
984 984
984 985
984 1016
985 985
985 986
985 1017
986 986
986 987
986 1018
987 987
987 988
987 1019
988 988
988 989
988 1020
989 989
989 990
989 1021
990 990
990 991
990 1022
991 991
991 1023
992 992
992 993
993 993
993 994
994 994
994 995
995 995
995 996
996 996
996 997
997 997
997 998
998 998
998 999
999 999
999 1000
1000 1000
1000 1001
1001 1001
1001 1002
1002 1002
1002 1003
1003 1003
1003 1004
1003 1995
1004 1004
1004 1005
1005 1005
1005 1006
1006 1006
1006 1007
1007 1007
1007 1008
1008 1008
1008 1009
1009 1009
1009 1010
1010 1010
1010 1011
1011 1011
1011 1012
1012 1012
1012 1013
1013 1013
1013 1014
1014 1014
1014 1015
1015 1015
1015 1016
1016 1016
1016 1017
1017 1017
1017 1018
1018 1018
1018 1019
1019 1019
1019 1020
1020 1020
1020 1021
1021 1021
1021 1022
1022 1022
1022 1023
1023 1023
1024 1024
1024 1025
1024 1056
1025 1025
1025 1026
1025 1057
1026 1026
1026 1027
1026 1058
1027 1027
1027 1028
1027 1059
1028 1028
1028 1029
1028 1060
1029 1029
1029 1030
1029 1061
1030 1030
1030 1031
1030 1062
1031 1031
1031 1032
1031 1063
1032 1032
1032 1033
1032 1064
1033 1033
1033 1034
1033 1065
1034 1034
1034 1035
1034 1066
1035 1035
1035 1036
1035 1067
1036 1036
1036 1037
1036 1068
1037 1037
1037 1038
1037 1069
1038 1038
1038 1039
1038 1070
1039 1039
1039 1040
1039 1071
1040 1040
1040 1041
1040 1072
1041 1041
1041 1042
1041 1073
1042 1042
1042 1043
1042 1074
1043 1043
1043 1044
1043 1075
1044 1044
1044 1045
1044 1076
1045 1045
1045 1046
1045 1077
1046 1046
1046 1047
1046 1078
1047 1047
1047 1048
1047 1079
1048 1048
1048 1049
1048 1080
1049 1049
1049 1050
1049 1081
1050 1050
1050 1051
1050 1082
1051 1051
1051 1052
1051 1083
1052 1052
1052 1053
1052 1084
1053 1053
1053 1054
1053 1085
1054 1054
1054 1055
1054 1086
1055 1055
1055 1087
1056 1056
1056 1057
1056 1088
1057 1057
1057 1058
1057 1089
1058 1058
1058 1059
1058 1090
1059 1059
1059 1060
1059 1091
1060 1060
1060 1061
1060 1092
1061 1061
1061 1062
1061 1093
1062 1062
1062 1063
1062 1094
1063 1063
1063 1064
1063 1095
1064 1064
1064 1065
1064 1096
1065 1065
1065 1066
1065 1097
1066 1066
1066 1067
1066 1098
1067 1067
1067 1068
1067 1099
1068 1068
1068 1069
1068 1100
1069 1069
1069 1070
1069 1101
1070 1070
1070 1071
1070 1102
1071 1071
1071 1072
1071 1103
1072 1072
1072 1073
1072 1104
1073 1073
1073 1074
1073 1105
1074 1074
1074 1075
1074 1106
1075 1075
1075 1076
1075 1107
1076 1076
1076 1077
1076 1108
1077 1077
1077 1078
1077 1109
1078 1078
1078 1079
1078 1110
1079 1079
1079 1080
1079 1111
1080 1080
1080 1081
1080 1112
1081 1081
1081 1082
1081 1113
1082 1082
1082 1083
1082 1114
1083 1083
1083 1084
1083 1115
1084 1084
1084 1085
1084 1116
1085 1085
1085 1086
1085 1117
1086 1086
1086 1087
1086 1118
1087 1087
1087 1119
1088 1088
1088 1089
1088 1120
1089 1089
1089 1090
1089 1121
1090 1090
1090 1091
1090 1122
1091 1091
1091 1092
1091 1123
1092 1092
1092 1093
1092 1124
1093 1093
1093 1094
1093 1125
1094 1094
1094 1095
1094 1126
1095 1095
1095 1096
1095 1127
1096 1096
1096 1097
1096 1128
1097 1097
1097 1098
1097 1129
1098 1098
1098 1099
1098 1130
1099 1099
1099 1100
1099 1131
1100 1100
1100 1101
1100 1132
1101 1101
1101 1102
1101 1133
1102 1102
1102 1103
1102 1134
1103 1103
1103 1104
1103 1135
1104 1104
1104 1105
1104 1136
1105 1105
1105 1106
1105 1137
1106 1106
1106 1107
1106 1138
1107 1107
1107 1108
1107 1139
1108 1108
1108 1109
1108 1140
1109 1109
1109 1110
1109 1141
1110 1110
1110 1111
1110 1142
1111 1111
1111 1112
1111 1143
1112 1112
1112 1113
1112 1144
1113 1113
1113 1114
1113 1145
1114 1114
1114 1115
1114 1146
1115 1115
1115 1116
1115 1147
1116 1116
1116 1117
1116 1148
1117 1117
1117 1118
1117 1149
1118 1118
1118 1119
1118 1150
1119 1119
1119 1151
1120 1120
1120 1121
1120 1152
1121 1121
1121 1122
1121 1153
1122 1122
1122 1123
1122 1154
1123 1123
1123 1124
1123 1155
1124 1124
1124 1125
1124 1156
1125 1125
1125 1126
1125 1157
1126 1126
1126 1127
1126 1158
1127 1127
1127 1128
1127 1159
1128 1128
1128 1129
1128 1160
1129 1129
1129 1130
1129 1161
1130 1130
1130 1131
1130 1162
1131 1131
1131 1132
1131 1163
1132 1132
1132 1133
1132 1164
1133 1133
1133 1134
1133 1165
1134 1134
1134 1135
1134 1166
1135 1135
1135 1136
1135 1167
1136 1136
1136 1137
1136 1168
1137 1137
1137 1138
1137 1169
1138 1138
1138 1139
1138 1170
1139 1139
1139 1140
1139 1171
1140 1140
1140 1141
1140 1172
1141 1141
1141 1142
1141 1173
1142 1142
1142 1143
1142 1174
1143 1143
1143 1144
1143 1175
1144 1144
1144 1145
1144 1176
1145 1145
1145 1146
1145 1177
1146 1146
1146 1147
1146 1178
1147 1147
1147 1148
1147 1179
1148 1148
1148 1149
1148 1180
1149 1149
1149 1150
1149 1181
1150 1150
1150 1151
1150 1182
1151 1151
1151 1183
1152 1152
1152 1153
1152 1184
1153 1153
1153 1154
1153 1185
1154 1154
1154 1155
1154 1186
1155 1155
1155 1156
1155 1187
1156 1156
1156 1157
1156 1188
1157 1157
1157 1158
1157 1189
1158 1158
1158 1159
1158 1190
1159 1159
1159 1160
1159 1191
1160 1160
1160 1161
1160 1192
1161 1161
1161 1162
1161 1193
1162 1162
1162 1163
1162 1194
1163 1163
1163 1164
1163 1195
1164 1164
1164 1165
1164 1196
1165 1165
1165 1166
1165 1197
1166 1166
1166 1167
1166 1198
1167 1167
1167 1168
1167 1199
1168 1168
1168 1169
1168 1200
1169 1169
1169 1170
1169 1201
1170 1170
1170 1171
1170 1202
1171 1171
1171 1172
1171 1203
1172 1172
1172 1173
1172 1204
1173 1173
1173 1174
1173 1205
1174 1174
1174 1175
1174 1206
1175 1175
1175 1176
1175 1207
1176 1176
1176 1177
1176 1208
1177 1177
1177 1178
1177 1209
1178 1178
1178 1179
1178 1210
1179 1179
1179 1180
1179 1211
1180 1180
1180 1181
1180 1212
1181 1181
1181 1182
1181 1213
1182 1182
1182 1183
1182 1214
1183 1183
1183 1215
1184 1184
1184 1185
1184 1216
1185 1185
1185 1186
1185 1217
1186 1186
1186 1187
1186 1218
1187 1187
1187 1188
1187 1219
1188 1188
1188 1189
1188 1220
1189 1189
1189 1190
1189 1221
1190 1190
1190 1191
1190 1222
1191 1191
1191 1192
1191 1223
1192 1192
1192 1193
1192 1224
1193 1193
1193 1194
1193 1225
1194 1194
1194 1195
1194 1226
1195 1195
1195 1196
1195 1227
1196 1196
1196 1197
1196 1228
1197 1197
1197 1198
1197 1229
1198 1198
1198 1199
1198 1230
1199 1199
1199 1200
1199 1231
1200 1200
1200 1201
1200 1232
1201 1201
1201 1202
1201 1233
1202 1202
1202 1203
1202 1234
1203 1203
1203 1204
1203 1235
1204 1204
1204 1205
1204 1236
1205 1205
1205 1206
1205 1237
1206 1206
1206 1207
1206 1238
1207 1207
1207 1208
1207 1239
1208 1208
1208 1209
1208 1240
1209 1209
1209 1210
1209 1241
1210 1210
1210 1211
1210 1242
1211 1211
1211 1212
1211 1243
1212 1212
1212 1213
1212 1244
1213 1213
1213 1214
1213 1245
1214 1214
1214 1215
1214 1246
1215 1215
1215 1247
1216 1216
1216 1217
1216 1248
1217 1217
1217 1218
1217 1249
1218 1218
1218 1219
1218 1250
1219 1219
1219 1220
1219 1251
1220 1220
1220 1221
1220 1252
1221 1221
1221 1222
1221 1253
1222 1222
1222 1223
1222 1254
1223 1223
1223 1224
1223 1255
1224 1224
1224 1225
1224 1256
1225 1225
1225 1226
1225 1257
1226 1226
1226 1227
1226 1258
1227 1227
1227 1228
1227 1259
1228 1228
1228 1229
1228 1260
1229 1229
1229 1230
1229 1261
1230 1230
1230 1231
1230 1262
1231 1231
1231 1232
1231 1263
1232 1232
1232 1233
1232 1264
1233 1233
1233 1234
1233 1265
1234 1234
1234 1235
1234 1266
1235 1235
1235 1236
1235 1267
1236 1236
1236 1237
1236 1268
1237 1237
1237 1238
1237 1269
1238 1238
1238 1239
1238 1270
1239 1239
1239 1240
1239 1271
1240 1240
1240 1241
1240 1272
1241 1241
1241 1242
1241 1273
1242 1242
1242 1243
1242 1274
1243 1243
1243 1244
1243 1275
1244 1244
1244 1245
1244 1276
1245 1245
1245 1246
1245 1277
1246 1246
1246 1247
1246 1278
1247 1247
1247 1279
1248 1248
1248 1249
1248 1280
1249 1249
1249 1250
1249 1281
1250 1250
1250 1251
1250 1282
1251 1251
1251 1252
1251 1283
1252 1252
1252 1253
1252 1284
1253 1253
1253 1254
1253 1285
1254 1254
1254 1255
1254 1286
1255 1255
1255 1256
1255 1287
1256 1256
1256 1257
1256 1288
1257 1257
1257 1258
1257 1289
1258 1258
1258 1259
1258 1290
1259 1259
1259 1260
1259 1291
1260 1260
1260 1261
1260 1292
1261 1261
1261 1262
1261 1293
1262 1262
1262 1263
1262 1294
1263 1263
1263 1264
1263 1295
1264 1264
1264 1265
1264 1296
1265 1265
1265 1266
1265 1297
1266 1266
1266 1267
1266 1298
1267 1267
1267 1268
1267 1299
1268 1268
1268 1269
1268 1300
1269 1269
1269 1270
1269 1301
1270 1270
1270 1271
1270 1302
1271 1271
1271 1272
1271 1303
1272 1272
1272 1273
1272 1304
1273 1273
1273 1274
1273 1305
1274 1274
1274 1275
1274 1306
1275 1275
1275 1276
1275 1307
1276 1276
1276 1277
1276 1308
1277 1277
1277 1278
1277 1309
1278 1278
1278 1279
1278 1310
1279 1279
1279 1311
1280 1280
1280 1281
1280 1312
1281 1281
1281 1282
1281 1313
1282 1282
1282 1283
1282 1314
1283 1283
1283 1284
1283 1315
1284 1284
1284 1285
1284 1316
1285 1285
1285 1286
1285 1317
1286 1286
1286 1287
1286 1318
1287 1287
1287 1288
1287 1319
1288 1288
1288 1289
1288 1320
1289 1289
1289 1290
1289 1321
1290 1290
1290 1291
1290 1322
1291 1291
1291 1292
1291 1323
1292 1292
1292 1293
1292 1324
1293 1293
1293 1294
1293 1325
1294 1294
1294 1295
1294 1326
1295 1295
1295 1296
1295 1327
1296 1296
1296 1297
1296 1328
1297 1297
1297 1298
1297 1329
1298 1298
1298 1299
1298 1330
1299 1299
1299 1300
1299 1331
1300 1300
1300 1301
1300 1332
1301 1301
1301 1302
1301 1333
1302 1302
1302 1303
1302 1334
1303 1303
1303 1304
1303 1335
1304 1304
1304 1305
1304 1336
1305 1305
1305 1306
1305 1337
1306 1306
1306 1307
1306 1338
1307 1307
1307 1308
1307 1339
1308 1308
1308 1309
1308 1340
1309 1309
1309 1310
1309 1341
1310 1310
1310 1311
1310 1342
1311 1311
1311 1343
1312 1312
1312 1313
1312 1344
1313 1313
1313 1314
1313 1345
1314 1314
1314 1315
1314 1346
1315 1315
1315 1316
1315 1347
1316 1316
1316 1317
1316 1348
1317 1317
1317 1318
1317 1349
1318 1318
1318 1319
1318 1350
1319 1319
1319 1320
1319 1351
1320 1320
1320 1321
1320 1352
1321 1321
1321 1322
1321 1353
1322 1322
1322 1323
1322 1354
1323 1323
1323 1324
1323 1355
1324 1324
1324 1325
1324 1356
1325 1325
1325 1326
1325 1357
1326 1326
1326 1327
1326 1358
1327 1327
1327 1328
1327 1359
1328 1328
1328 1329
1328 1360
1329 1329
1329 1330
1329 1361
1330 1330
1330 1331
1330 1362
1331 1331
1331 1332
1331 1363
1332 1332
1332 1333
1332 1364
1333 1333
1333 1334
1333 1365
1334 1334
1334 1335
1334 1366
1335 1335
1335 1336
1335 1367
1336 1336
1336 1337
1336 1368
1337 1337
1337 1338
1337 1369
1338 1338
1338 1339
1338 1370
1339 1339
1339 1340
1339 1371
1340 1340
1340 1341
1340 1372
1341 1341
1341 1342
1341 1373
1342 1342
1342 1343
1342 1374
1343 1343
1343 1375
1344 1344
1344 1345
1344 1376
1345 1345
1345 1346
1345 1377
1346 1346
1346 1347
1346 1378
1347 1347
1347 1348
1347 1379
1348 1348
1348 1349
1348 1380
1349 1349
1349 1350
1349 1381
1350 1350
1350 1351
1350 1382
1351 1351
1351 1352
1351 1383
1352 1352
1352 1353
1352 1384
1353 1353
1353 1354
1353 1385
1354 1354
1354 1355
1354 1386
1355 1355
1355 1356
1355 1387
1356 1356
1356 1357
1356 1388
1357 1357
1357 1358
1357 1389
1358 1358
1358 1359
1358 1390
1359 1359
1359 1360
1359 1391
1360 1360
1360 1361
1360 1392
1361 1361
1361 1362
1361 1393
1362 1362
1362 1363
1362 1394
1363 1363
1363 1364
1363 1395
1364 1364
1364 1365
1364 1396
1365 1365
1365 1366
1365 1397
1366 1366
1366 1367
1366 1398
1367 1367
1367 1368
1367 1399
1368 1368
1368 1369
1368 1400
1369 1369
1369 1370
1369 1401
1370 1370
1370 1371
1370 1402
1371 1371
1371 1372
1371 1403
1372 1372
1372 1373
1372 1404
1373 1373
1373 1374
1373 1405
1374 1374
1374 1375
1374 1406
1375 1375
1375 1407
1376 1376
1376 1377
1376 1408
1377 1377
1377 1378
1377 1409
1378 1378
1378 1379
1378 1410
1379 1379
1379 1380
1379 1411
1380 1380
1380 1381
1380 1412
1381 1381
1381 1382
1381 1413
1382 1382
1382 1383
1382 1414
1383 1383
1383 1384
1383 1415
1384 1384
1384 1385
1384 1416
1385 1385
1385 1386
1385 1417
1386 1386
1386 1387
1386 1418
1387 1387
1387 1388
1387 1419
1388 1388
1388 1389
1388 1420
1389 1389
1389 1390
1389 1421
1390 1390
1390 1391
1390 1422
1391 1391
1391 1392
1391 1423
1392 1392
1392 1393
1392 1424
1393 1393
1393 1394
1393 1425
1394 1394
1394 1395
1394 1426
1395 1395
1395 1396
1395 1427
1396 1396
1396 1397
1396 1428
1397 1397
1397 1398
1397 1429
1398 1398
1398 1399
1398 1430
1399 1399
1399 1400
1399 1431
1400 1400
1400 1401
1400 1432
1401 1401
1401 1402
1401 1433
1402 1402
1402 1403
1402 1434
1403 1403
1403 1404
1403 1435
1404 1404
1404 1405
1404 1436
1405 1405
1405 1406
1405 1437
1406 1406
1406 1407
1406 1438
1407 1407
1407 1439
1408 1408
1408 1409
1408 1440
1409 1409
1409 1410
1409 1441
1410 1410
1410 1411
1410 1442
1411 1411
1411 1412
1411 1443
1412 1412
1412 1413
1412 1444
1413 1413
1413 1414
1413 1445
1414 1414
1414 1415
1414 1446
1415 1415
1415 1416
1415 1447
1416 1416
1416 1417
1416 1448
1417 1417
1417 1418
1417 1449
1418 1418
1418 1419
1418 1450
1419 1419
1419 1420
1419 1451
1420 1420
1420 1421
1420 1452
1421 1421
1421 1422
1421 1453
1422 1422
1422 1423
1422 1454
1423 1423
1423 1424
1423 1455
1424 1424
1424 1425
1424 1456
1425 1425
1425 1426
1425 1457
1426 1426
1426 1427
1426 1458
1427 1427
1427 1428
1427 1459
1428 1428
1428 1429
1428 1460
1429 1429
1429 1430
1429 1461
1430 1430
1430 1431
1430 1462
1431 1431
1431 1432
1431 1463
1432 1432
1432 1433
1432 1464
1433 1433
1433 1434
1433 1465
1434 1434
1434 1435
1434 1466
1435 1435
1435 1436
1435 1467
1436 1436
1436 1437
1436 1468
1437 1437
1437 1438
1437 1469
1438 1438
1438 1439
1438 1470
1439 1439
1439 1471
1440 1440
1440 1441
1440 1472
1441 1441
1441 1442
1441 1473
1442 1442
1442 1443
1442 1474
1443 1443
1443 1444
1443 1475
1444 1444
1444 1445
1444 1476
1445 1445
1445 1446
1445 1477
1446 1446
1446 1447
1446 1478
1447 1447
1447 1448
1447 1479
1448 1448
1448 1449
1448 1480
1449 1449
1449 1450
1449 1481
1450 1450
1450 1451
1450 1482
1451 1451
1451 1452
1451 1483
1452 1452
1452 1453
1452 1484
1453 1453
1453 1454
1453 1485
1454 1454
1454 1455
1454 1486
1455 1455
1455 1456
1455 1487
1456 1456
1456 1457
1456 1488
1457 1457
1457 1458
1457 1489
1458 1458
1458 1459
1458 1490
1459 1459
1459 1460
1459 1491
1460 1460
1460 1461
1460 1492
1461 1461
1461 1462
1461 1493
1462 1462
1462 1463
1462 1494
1463 1463
1463 1464
1463 1495
1464 1464
1464 1465
1464 1496
1465 1465
1465 1466
1465 1497
1466 1466
1466 1467
1466 1498
1467 1467
1467 1468
1467 1499
1468 1468
1468 1469
1468 1500
1469 1469
1469 1470
1469 1501
1470 1470
1470 1471
1470 1502
1471 1471
1471 1503
1472 1472
1472 1473
1472 1504
1473 1473
1473 1474
1473 1505
1474 1474
1474 1475
1474 1506
1475 1475
1475 1476
1475 1507
1476 1476
1476 1477
1476 1508
1477 1477
1477 1478
1477 1509
1478 1478
1478 1479
1478 1510
1479 1479
1479 1480
1479 1511
1480 1480
1480 1481
1480 1512
1481 1481
1481 1482
1481 1513
1482 1482
1482 1483
1482 1514
1483 1483
1483 1484
1483 1515
1484 1484
1484 1485
1484 1516
1485 1485
1485 1486
1485 1517
1486 1486
1486 1487
1486 1518
1487 1487
1487 1488
1487 1519
1488 1488
1488 1489
1488 1520
1489 1489
1489 1490
1489 1521
1490 1490
1490 1491
1490 1522
1491 1491
1491 1492
1491 1523
1492 1492
1492 1493
1492 1524
1493 1493
1493 1494
1493 1525
1494 1494
1494 1495
1494 1526
1495 1495
1495 1496
1495 1527
1496 1496
1496 1497
1496 1528
1497 1497
1497 1498
1497 1529
1498 1498
1498 1499
1498 1530
1499 1499
1499 1500
1499 1531
1500 1500
1500 1501
1500 1532
1501 1501
1501 1502
1501 1533
1502 1502
1502 1503
1502 1534
1503 1503
1503 1535
1504 1504
1504 1505
1504 1536
1505 1505
1505 1506
1505 1537
1506 1506
1506 1507
1506 1538
1507 1507
1507 1508
1507 1539
1508 1508
1508 1509
1508 1540
1509 1509
1509 1510
1509 1541
1510 1510
1510 1511
1510 1542
1511 1511
1511 1512
1511 1543
1512 1512
1512 1513
1512 1544
1513 1513
1513 1514
1513 1545
1514 1514
1514 1515
1514 1546
1515 1515
1515 1516
1515 1547
1516 1516
1516 1517
1516 1548
1517 1517
1517 1518
1517 1549
1518 1518
1518 1519
1518 1550
1519 1519
1519 1520
1519 1551
1520 1520
1520 1521
1520 1552
1521 1521
1521 1522
1521 1553
1522 1522
1522 1523
1522 1554
1523 1523
1523 1524
1523 1555
1524 1524
1524 1525
1524 1556
1525 1525
1525 1526
1525 1557
1526 1526
1526 1527
1526 1558
1527 1527
1527 1528
1527 1559
1528 1528
1528 1529
1528 1560
1529 1529
1529 1530
1529 1561
1530 1530
1530 1531
1530 1562
1531 1531
1531 1532
1531 1563
1532 1532
1532 1533
1532 1564
1533 1533
1533 1534
1533 1565
1534 1534
1534 1535
1534 1566
1535 1535
1535 1567
1536 1536
1536 1537
1536 1568
1537 1537
1537 1538
1537 1569
1538 1538
1538 1539
1538 1570
1539 1539
1539 1540
1539 1571
1540 1540
1540 1541
1540 1572
1541 1541
1541 1542
1541 1573
1542 1542
1542 1543
1542 1574
1543 1543
1543 1544
1543 1575
1544 1544
1544 1545
1544 1576
1545 1545
1545 1546
1545 1577
1546 1546
1546 1547
1546 1578
1547 1547
1547 1548
1547 1579
1548 1548
1548 1549
1548 1580
1549 1549
1549 1550
1549 1581
1550 1550
1550 1551
1550 1582
1551 1551
1551 1552
1551 1583
1552 1552
1552 1553
1552 1584
1553 1553
1553 1554
1553 1585
1554 1554
1554 1555
1554 1586
1555 1555
1555 1556
1555 1587
1556 1556
1556 1557
1556 1588
1557 1557
1557 1558
1557 1589
1558 1558
1558 1559
1558 1590
1559 1559
1559 1560
1559 1591
1560 1560
1560 1561
1560 1592
1561 1561
1561 1562
1561 1593
1562 1562
1562 1563
1562 1594
1563 1563
1563 1564
1563 1595
1564 1564
1564 1565
1564 1596
1565 1565
1565 1566
1565 1597
1566 1566
1566 1567
1566 1598
1567 1567
1567 1599
1568 1568
1568 1569
1568 1600
1569 1569
1569 1570
1569 1601
1570 1570
1570 1571
1570 1602
1571 1571
1571 1572
1571 1603
1572 1572
1572 1573
1572 1604
1573 1573
1573 1574
1573 1605
1574 1574
1574 1575
1574 1606
1575 1575
1575 1576
1575 1607
1576 1576
1576 1577
1576 1608
1577 1577
1577 1578
1577 1609
1578 1578
1578 1579
1578 1610
1579 1579
1579 1580
1579 1611
1580 1580
1580 1581
1580 1612
1581 1581
1581 1582
1581 1613
1582 1582
1582 1583
1582 1614
1583 1583
1583 1584
1583 1615
1584 1584
1584 1585
1584 1616
1585 1585
1585 1586
1585 1617
1586 1586
1586 1587
1586 1618
1587 1587
1587 1588
1587 1619
1588 1588
1588 1589
1588 1620
1589 1589
1589 1590
1589 1621
1590 1590
1590 1591
1590 1622
1591 1591
1591 1592
1591 1623
1592 1592
1592 1593
1592 1624
1593 1593
1593 1594
1593 1625
1594 1594
1594 1595
1594 1626
1595 1595
1595 1596
1595 1627
1596 1596
1596 1597
1596 1628
1597 1597
1597 1598
1597 1629
1598 1598
1598 1599
1598 1630
1599 1599
1599 1631
1600 1600
1600 1601
1600 1632
1601 1601
1601 1602
1601 1633
1602 1602
1602 1603
1602 1634
1603 1603
1603 1604
1603 1635
1604 1604
1604 1605
1604 1636
1605 1605
1605 1606
1605 1637
1606 1606
1606 1607
1606 1638
1607 1607
1607 1608
1607 1639
1608 1608
1608 1609
1608 1640
1609 1609
1609 1610
1609 1641
1610 1610
1610 1611
1610 1642
1611 1611
1611 1612
1611 1643
1612 1612
1612 1613
1612 1644
1613 1613
1613 1614
1613 1645
1614 1614
1614 1615
1614 1646
1615 1615
1615 1616
1615 1647
1616 1616
1616 1617
1616 1648
1617 1617
1617 1618
1617 1649
1618 1618
1618 1619
1618 1650
1619 1619
1619 1620
1619 1651
1620 1620
1620 1621
1620 1652
1621 1621
1621 1622
1621 1653
1622 1622
1622 1623
1622 1654
1623 1623
1623 1624
1623 1655
1624 1624
1624 1625
1624 1656
1625 1625
1625 1626
1625 1657
1626 1626
1626 1627
1626 1658
1627 1627
1627 1628
1627 1659
1628 1628
1628 1629
1628 1660
1629 1629
1629 1630
1629 1661
1630 1630
1630 1631
1630 1662
1631 1631
1631 1663
1632 1632
1632 1633
1632 1664
1633 1633
1633 1634
1633 1665
1634 1634
1634 1635
1634 1666
1635 1635
1635 1636
1635 1667
1636 1636
1636 1637
1636 1668
1637 1637
1637 1638
1637 1669
1638 1638
1638 1639
1638 1670
1639 1639
1639 1640
1639 1671
1640 1640
1640 1641
1640 1672
1641 1641
1641 1642
1641 1673
1642 1642
1642 1643
1642 1674
1643 1643
1643 1644
1643 1675
1644 1644
1644 1645
1644 1676
1645 1645
1645 1646
1645 1677
1646 1646
1646 1647
1646 1678
1647 1647
1647 1648
1647 1679
1648 1648
1648 1649
1648 1680
1649 1649
1649 1650
1649 1681
1650 1650
1650 1651
1650 1682
1651 1651
1651 1652
1651 1683
1652 1652
1652 1653
1652 1684
1653 1653
1653 1654
1653 1685
1654 1654
1654 1655
1654 1686
1655 1655
1655 1656
1655 1687
1656 1656
1656 1657
1656 1688
1657 1657
1657 1658
1657 1689
1658 1658
1658 1659
1658 1690
1659 1659
1659 1660
1659 1691
1660 1660
1660 1661
1660 1692
1661 1661
1661 1662
1661 1693
1662 1662
1662 1663
1662 1694
1663 1663
1663 1695
1664 1664
1664 1665
1664 1696
1665 1665
1665 1666
1665 1697
1666 1666
1666 1667
1666 1698
1667 1667
1667 1668
1667 1699
1668 1668
1668 1669
1668 1700
1669 1669
1669 1670
1669 1701
1670 1670
1670 1671
1670 1702
1671 1671
1671 1672
1671 1703
1672 1672
1672 1673
1672 1704
1673 1673
1673 1674
1673 1705
1674 1674
1674 1675
1674 1706
1675 1675
1675 1676
1675 1707
1676 1676
1676 1677
1676 1708
1677 1677
1677 1678
1677 1709
1678 1678
1678 1679
1678 1710
1679 1679
1679 1680
1679 1711
1680 1680
1680 1681
1680 1712
1681 1681
1681 1682
1681 1713
1682 1682
1682 1683
1682 1714
1683 1683
1683 1684
1683 1715
1684 1684
1684 1685
1684 1716
1685 1685
1685 1686
1685 1717
1686 1686
1686 1687
1686 1718
1687 1687
1687 1688
1687 1719
1688 1688
1688 1689
1688 1720
1689 1689
1689 1690
1689 1721
1690 1690
1690 1691
1690 1722
1691 1691
1691 1692
1691 1723
1692 1692
1692 1693
1692 1724
1693 1693
1693 1694
1693 1725
1694 1694
1694 1695
1694 1726
1695 1695
1695 1727
1696 1696
1696 1697
1696 1728
1697 1697
1697 1698
1697 1729
1698 1698
1698 1699
1698 1730
1699 1699
1699 1700
1699 1731
1700 1700
1700 1701
1700 1732
1701 1701
1701 1702
1701 1733
1702 1702
1702 1703
1702 1734
1703 1703
1703 1704
1703 1735
1704 1704
1704 1705
1704 1736
1705 1705
1705 1706
1705 1737
1706 1706
1706 1707
1706 1738
1707 1707
1707 1708
1707 1739
1708 1708
1708 1709
1708 1740
1709 1709
1709 1710
1709 1741
1710 1710
1710 1711
1710 1742
1711 1711
1711 1712
1711 1743
1712 1712
1712 1713
1712 1744
1713 1713
1713 1714
1713 1745
1714 1714
1714 1715
1714 1746
1715 1715
1715 1716
1715 1747
1716 1716
1716 1717
1716 1748
1717 1717
1717 1718
1717 1749
1718 1718
1718 1719
1718 1750
1719 1719
1719 1720
1719 1751
1720 1720
1720 1721
1720 1752
1721 1721
1721 1722
1721 1753
1722 1722
1722 1723
1722 1754
1723 1723
1723 1724
1723 1755
1724 1724
1724 1725
1724 1756
1725 1725
1725 1726
1725 1757
1726 1726
1726 1727
1726 1758
1727 1727
1727 1759
1728 1728
1728 1729
1728 1760
1729 1729
1729 1730
1729 1761
1730 1730
1730 1731
1730 1762
1731 1731
1731 1732
1731 1763
1732 1732
1732 1733
1732 1764
1733 1733
1733 1734
1733 1765
1734 1734
1734 1735
1734 1766
1735 1735
1735 1736
1735 1767
1736 1736
1736 1737
1736 1768
1737 1737
1737 1738
1737 1769
1738 1738
1738 1739
1738 1770
1739 1739
1739 1740
1739 1771
1740 1740
1740 1741
1740 1772
1741 1741
1741 1742
1741 1773
1742 1742
1742 1743
1742 1774
1743 1743
1743 1744
1743 1775
1744 1744
1744 1745
1744 1776
1745 1745
1745 1746
1745 1777
1746 1746
1746 1747
1746 1778
1747 1747
1747 1748
1747 1779
1748 1748
1748 1749
1748 1780
1749 1749
1749 1750
1749 1781
1750 1750
1750 1751
1750 1782
1751 1751
1751 1752
1751 1783
1752 1752
1752 1753
1752 1784
1753 1753
1753 1754
1753 1785
1754 1754
1754 1755
1754 1786
1755 1755
1755 1756
1755 1787
1756 1756
1756 1757
1756 1788
1757 1757
1757 1758
1757 1789
1758 1758
1758 1759
1758 1790
1759 1759
1759 1791
1760 1760
1760 1761
1760 1792
1761 1761
1761 1762
1761 1793
1762 1762
1762 1763
1762 1794
1763 1763
1763 1764
1763 1795
1764 1764
1764 1765
1764 1796
1765 1765
1765 1766
1765 1797
1766 1766
1766 1767
1766 1798
1767 1767
1767 1768
1767 1799
1768 1768
1768 1769
1768 1800
1769 1769
1769 1770
1769 1801
1770 1770
1770 1771
1770 1802
1771 1771
1771 1772
1771 1803
1772 1772
1772 1773
1772 1804
1773 1773
1773 1774
1773 1805
1774 1774
1774 1775
1774 1806
1775 1775
1775 1776
1775 1807
1776 1776
1776 1777
1776 1808
1777 1777
1777 1778
1777 1809
1778 1778
1778 1779
1778 1810
1779 1779
1779 1780
1779 1811
1780 1780
1780 1781
1780 1812
1781 1781
1781 1782
1781 1813
1782 1782
1782 1783
1782 1814
1783 1783
1783 1784
1783 1815
1784 1784
1784 1785
1784 1816
1785 1785
1785 1786
1785 1817
1786 1786
1786 1787
1786 1818
1787 1787
1787 1788
1787 1819
1788 1788
1788 1789
1788 1820
1789 1789
1789 1790
1789 1821
1790 1790
1790 1791
1790 1822
1791 1791
1791 1823
1792 1792
1792 1793
1792 1824
1793 1793
1793 1794
1793 1825
1794 1794
1794 1795
1794 1826
1795 1795
1795 1796
1795 1827
1796 1796
1796 1797
1796 1828
1797 1797
1797 1798
1797 1829
1798 1798
1798 1799
1798 1830
1799 1799
1799 1800
1799 1831
1800 1800
1800 1801
1800 1832
1801 1801
1801 1802
1801 1833
1802 1802
1802 1803
1802 1834
1803 1803
1803 1804
1803 1835
1804 1804
1804 1805
1804 1836
1805 1805
1805 1806
1805 1837
1806 1806
1806 1807
1806 1838
1807 1807
1807 1808
1807 1839
1808 1808
1808 1809
1808 1840
1809 1809
1809 1810
1809 1841
1810 1810
1810 1811
1810 1842
1811 1811
1811 1812
1811 1843
1812 1812
1812 1813
1812 1844
1813 1813
1813 1814
1813 1845
1814 1814
1814 1815
1814 1846
1815 1815
1815 1816
1815 1847
1816 1816
1816 1817
1816 1848
1817 1817
1817 1818
1817 1849
1818 1818
1818 1819
1818 1850
1819 1819
1819 1820
1819 1851
1820 1820
1820 1821
1820 1852
1821 1821
1821 1822
1821 1853
1822 1822
1822 1823
1822 1854
1823 1823
1823 1855
1824 1824
1824 1825
1824 1856
1825 1825
1825 1826
1825 1857
1826 1826
1826 1827
1826 1858
1827 1827
1827 1828
1827 1859
1828 1828
1828 1829
1828 1860
1829 1829
1829 1830
1829 1861
1830 1830
1830 1831
1830 1862
1831 1831
1831 1832
1831 1863
1832 1832
1832 1833
1832 1864
1833 1833
1833 1834
1833 1865
1834 1834
1834 1835
1834 1866
1835 1835
1835 1836
1835 1867
1836 1836
1836 1837
1836 1868
1837 1837
1837 1838
1837 1869
1838 1838
1838 1839
1838 1870
1839 1839
1839 1840
1839 1871
1840 1840
1840 1841
1840 1872
1841 1841
1841 1842
1841 1873
1842 1842
1842 1843
1842 1874
1843 1843
1843 1844
1843 1875
1844 1844
1844 1845
1844 1876
1845 1845
1845 1846
1845 1877
1846 1846
1846 1847
1846 1878
1847 1847
1847 1848
1847 1879
1848 1848
1848 1849
1848 1880
1849 1849
1849 1850
1849 1881
1850 1850
1850 1851
1850 1882
1851 1851
1851 1852
1851 1883
1852 1852
1852 1853
1852 1884
1853 1853
1853 1854
1853 1885
1854 1854
1854 1855
1854 1886
1855 1855
1855 1887
1856 1856
1856 1857
1856 1888
1857 1857
1857 1858
1857 1889
1858 1858
1858 1859
1858 1890
1859 1859
1859 1860
1859 1891
1860 1860
1860 1861
1860 1892
1861 1861
1861 1862
1861 1893
1862 1862
1862 1863
1862 1894
1863 1863
1863 1864
1863 1895
1864 1864
1864 1865
1864 1896
1865 1865
1865 1866
1865 1897
1866 1866
1866 1867
1866 1898
1867 1867
1867 1868
1867 1899
1868 1868
1868 1869
1868 1900
1869 1869
1869 1870
1869 1901
1870 1870
1870 1871
1870 1902
1871 1871
1871 1872
1871 1903
1872 1872
1872 1873
1872 1904
1873 1873
1873 1874
1873 1905
1874 1874
1874 1875
1874 1906
1875 1875
1875 1876
1875 1907
1876 1876
1876 1877
1876 1908
1877 1877
1877 1878
1877 1909
1878 1878
1878 1879
1878 1910
1879 1879
1879 1880
1879 1911
1880 1880
1880 1881
1880 1912
1881 1881
1881 1882
1881 1913
1882 1882
1882 1883
1882 1914
1883 1883
1883 1884
1883 1915
1884 1884
1884 1885
1884 1916
1885 1885
1885 1886
1885 1917
1886 1886
1886 1887
1886 1918
1887 1887
1887 1919
1888 1888
1888 1889
1888 1920
1889 1889
1889 1890
1889 1921
1890 1890
1890 1891
1890 1922
1891 1891
1891 1892
1891 1923
1892 1892
1892 1893
1892 1924
1893 1893
1893 1894
1893 1925
1894 1894
1894 1895
1894 1926
1895 1895
1895 1896
1895 1927
1896 1896
1896 1897
1896 1928
1897 1897
1897 1898
1897 1929
1898 1898
1898 1899
1898 1930
1899 1899
1899 1900
1899 1931
1900 1900
1900 1901
1900 1932
1901 1901
1901 1902
1901 1933
1902 1902
1902 1903
1902 1934
1903 1903
1903 1904
1903 1935
1904 1904
1904 1905
1904 1936
1905 1905
1905 1906
1905 1937
1906 1906
1906 1907
1906 1938
1907 1907
1907 1908
1907 1939
1908 1908
1908 1909
1908 1940
1909 1909
1909 1910
1909 1941
1910 1910
1910 1911
1910 1942
1911 1911
1911 1912
1911 1943
1912 1912
1912 1913
1912 1944
1913 1913
1913 1914
1913 1945
1914 1914
1914 1915
1914 1946
1915 1915
1915 1916
1915 1947
1916 1916
1916 1917
1916 1948
1917 1917
1917 1918
1917 1949
1918 1918
1918 1919
1918 1950
1919 1919
1919 1951
1920 1920
1920 1921
1920 1952
1921 1921
1921 1922
1921 1953
1922 1922
1922 1923
1922 1954
1923 1923
1923 1924
1923 1955
1924 1924
1924 1925
1924 1956
1925 1925
1925 1926
1925 1957
1926 1926
1926 1927
1926 1958
1927 1927
1927 1928
1927 1959
1928 1928
1928 1929
1928 1960
1929 1929
1929 1930
1929 1961
1930 1930
1930 1931
1930 1962
1931 1931
1931 1932
1931 1963
1932 1932
1932 1933
1932 1964
1933 1933
1933 1934
1933 1965
1934 1934
1934 1935
1934 1966
1935 1935
1935 1936
1935 1967
1936 1936
1936 1937
1936 1968
1937 1937
1937 1938
1937 1969
1938 1938
1938 1939
1938 1970
1939 1939
1939 1940
1939 1971
1940 1940
1940 1941
1940 1972
1941 1941
1941 1942
1941 1973
1942 1942
1942 1943
1942 1974
1943 1943
1943 1944
1943 1975
1944 1944
1944 1945
1944 1976
1945 1945
1945 1946
1945 1977
1946 1946
1946 1947
1946 1978
1947 1947
1947 1948
1947 1979
1948 1948
1948 1949
1948 1980
1949 1949
1949 1950
1949 1981
1950 1950
1950 1951
1950 1982
1951 1951
1951 1983
1952 1952
1952 1953
1952 1984
1953 1953
1953 1954
1953 1985
1954 1954
1954 1955
1954 1986
1955 1955
1955 1956
1955 1987
1956 1956
1956 1957
1956 1988
1957 1957
1957 1958
1957 1989
1958 1958
1958 1959
1958 1990
1959 1959
1959 1960
1959 1991
1960 1960
1960 1961
1960 1992
1961 1961
1961 1962
1961 1993
1962 1962
1962 1963
1962 1994
1963 1963
1963 1964
1963 1995
1964 1964
1964 1965
1964 1996
1965 1965
1965 1966
1965 1997
1966 1966
1966 1967
1966 1998
1967 1967
1967 1968
1967 1999
1968 1968
1968 1969
1968 2000
1969 1969
1969 1970
1969 2001
1970 1970
1970 1971
1970 2002
1971 1971
1971 1972
1971 2003
1972 1972
1972 1973
1972 2004
1973 1973
1973 1974
1973 2005
1974 1974
1974 1975
1974 2006
1975 1975
1975 1976
1975 2007
1976 1976
1976 1977
1976 2008
1977 1977
1977 1978
1977 2009
1978 1978
1978 1979
1978 2010
1979 1979
1979 1980
1979 2011
1980 1980
1980 1981
1980 2012
1981 1981
1981 1982
1981 2013
1982 1982
1982 1983
1982 2014
1983 1983
1983 2015
1984 1984
1984 1985
1984 2016
1985 1985
1985 1986
1985 2017
1986 1986
1986 1987
1986 2018
1987 1987
1987 1988
1987 2019
1988 1988
1988 1989
1988 2020
1989 1989
1989 1990
1989 2021
1990 1990
1990 1991
1990 2022
1991 1991
1991 1992
1991 2023
1992 1992
1992 1993
1992 2024
1993 1993
1993 1994
1993 2025
1994 1994
1994 1995
1994 2026
1995 1995
1995 1996
1995 2027
1996 1996
1996 1997
1996 2028
1997 1997
1997 1998
1997 2029
1998 1998
1998 1999
1998 2030
1999 1999
1999 2000
1999 2031
2000 2000
2000 2001
2000 2032
2001 2001
2001 2002
2001 2033
2002 2002
2002 2003
2002 2034
2003 2003
2003 2004
2003 2035
2004 2004
2004 2005
2004 2036
2005 2005
2005 2006
2005 2037
2006 2006
2006 2007
2006 2038
2007 2007
2007 2008
2007 2039
2008 2008
2008 2009
2008 2040
2009 2009
2009 2010
2009 2041
2010 2010
2010 2011
2010 2042
2011 2011
2011 2012
2011 2043
2012 2012
2012 2013
2012 2044
2013 2013
2013 2014
2013 2045
2014 2014
2014 2015
2014 2046
2015 2015
2015 2047
2016 2016
2016 2017
2017 2017
2017 2018
2018 2018
2018 2019
2019 2019
2019 2020
2020 2020
2020 2021
2021 2021
2021 2022
2022 2022
2022 2023
2023 2023
2023 2024
2024 2024
2024 2025
2025 2025
2025 2026
2026 2026
2026 2027
2027 2027
2027 2028
2028 2028
2028 2029
2029 2029
2029 2030
2030 2030
2030 2031
2031 2031
2031 2032
2032 2032
2032 2033
2033 2033
2033 2034
2034 2034
2034 2035
2035 2035
2035 2036
2036 2036
2036 2037
2037 2037
2037 2038
2038 2038
2038 2039
2039 2039
2039 2040
2040 2040
2040 2041
2041 2041
2041 2042
2042 2042
2042 2043
2043 2043
2043 2044
2044 2044
2044 2045
2045 2045
2045 2046
2046 2046
2046 2047
2047 2047
