0 0
0 1
0 2
1 1
1 2
1 3
1 4
2 2
3 3
3 4
3 61
3 62
4 4
4 5
4 6
5 5
5 6
5 7
5 8
6 6
7 7
7 8
7 64
7 65
8 8
8 9
8 10
9 9
9 10
9 11
9 12
10 10
11 11
11 12
11 67
11 68
12 12
12 13
12 14
13 13
13 14
13 15
13 16
14 14
15 15
15 16
15 70
15 71
16 16
16 17
16 18
17 17
17 18
17 19
17 20
18 18
19 19
19 20
19 73
19 74
20 20
20 21
20 22
21 21
21 22
21 23
21 24
22 22
23 23
23 24
23 76
23 77
24 24
24 25
24 26
25 25
25 26
25 27
25 28
26 26
27 27
27 28
27 79
27 80
28 28
28 29
28 30
29 29
29 30
29 31
29 32
30 30
31 31
31 32
31 82
31 83
32 32
32 33
32 34
33 33
33 34
33 35
33 36
34 34
35 35
35 36
35 85
35 86
36 36
36 37
36 38
37 37
37 38
37 39
37 40
38 38
39 39
39 40
39 88
39 89
40 40
40 41
40 42
41 41
41 42
41 43
41 44
42 42
43 43
43 44
43 91
43 92
44 44
44 45
44 46
45 45
45 46
45 47
45 48
46 46
47 47
47 48
47 94
47 95
48 48
48 49
48 50
49 49
49 50
49 51
49 52
50 50
51 51
51 52
51 97
51 98
52 52
52 53
52 54
53 53
53 54
53 55
53 56
54 54
55 55
55 56
55 100
55 101
56 56
56 57
56 58
57 57
57 58
57 59
57 60
58 58
59 59
59 60
59 103
59 104
60 60
61 61
61 62
62 62
62 63
62 64
63 63
63 64
63 107
63 108
64 64
64 65
65 65
65 66
65 67
66 66
66 67
66 110
66 111
67 67
67 68
68 68
68 69
68 70
69 69
69 70
69 113
69 114
70 70
70 71
71 71
71 72
71 73
72 72
72 73
72 116
72 117
73 73
73 74
74 74
74 75
74 76
75 75
75 76
75 119
75 120
76 76
76 77
77 77
77 78
77 79
78 78
78 79
78 122
78 123
79 79
79 80
80 80
80 81
80 82
81 81
81 82
81 125
81 126
82 82
82 83
83 83
83 84
83 85
84 84
84 85
84 128
84 129
85 85
85 86
86 86
86 87
86 88
87 87
87 88
87 131
87 132
88 88
88 89
89 89
89 90
89 91
90 90
90 91
90 134
90 135
91 91
91 92
92 92
92 93
92 94
93 93
93 94
93 137
93 138
94 94
94 95
95 95
95 96
95 97
96 96
96 97
96 140
96 141
97 97
97 98
98 98
98 99
98 100
99 99
99 100
99 143
99 144
100 100
100 101
101 101
101 102
101 103
102 102
102 103
102 146
102 147
103 103
103 104
104 104
104 105
104 106
105 105
105 106
105 149
105 150
106 106
107 107
107 108
108 108
108 109
108 110
109 109
109 110
109 153
109 154
110 110
110 111
111 111
111 112
111 113
112 112
112 113
112 156
112 157
113 113
113 114
114 114
114 115
114 116
115 115
115 116
115 159
115 160
116 116
116 117
117 117
117 118
117 119
118 118
118 119
118 162
118 163
119 119
119 120
120 120
120 121
120 122
121 121
121 122
121 165
121 166
122 122
122 123
123 123
123 124
123 125
124 124
124 125
124 168
124 169
125 125
125 126
126 126
126 127
126 128
127 127
127 128
127 171
127 172
128 128
128 129
129 129
129 130
129 131
130 130
130 131
130 174
130 175
131 131
131 132
132 132
132 133
132 134
133 133
133 134
133 177
133 178
134 134
134 135
135 135
135 136
135 137
136 136
136 137
136 180
136 181
137 137
137 138
138 138
138 139
138 140
139 139
139 140
139 183
139 184
140 140
140 141
141 141
141 142
141 143
142 142
142 143
142 186
142 187
143 143
143 144
144 144
144 145
144 146
145 145
145 146
145 189
145 190
146 146
146 147
147 147
147 148
147 149
148 148
148 149
148 192
148 193
149 149
149 150
150 150
150 151
150 152
151 151
151 152
151 195
151 196
152 152
153 153
153 154
154 154
154 155
154 156
155 155
155 156
155 199
155 200
156 156
156 157
157 157
157 158
157 159
158 158
158 159
158 202
158 203
159 159
159 160
160 160
160 161
160 162
161 161
161 162
161 205
161 206
162 162
162 163
163 163
163 164
163 165
164 164
164 165
164 208
164 209
165 165
165 166
166 166
166 167
166 168
167 167
167 168
167 211
167 212
168 168
168 169
169 169
169 170
169 171
170 170
170 171
170 214
170 215
171 171
171 172
172 172
172 173
172 174
173 173
173 174
173 217
173 218
174 174
174 175
175 175
175 176
175 177
176 176
176 177
176 220
176 221
177 177
177 178
178 178
178 179
178 180
179 179
179 180
179 223
179 224
180 180
180 181
181 181
181 182
181 183
182 182
182 183
182 226
182 227
183 183
183 184
184 184
184 185
184 186
185 185
185 186
185 229
185 230
186 186
186 187
187 187
187 188
187 189
188 188
188 189
188 232
188 233
189 189
189 190
190 190
190 191
190 192
191 191
191 192
191 235
191 236
192 192
192 193
193 193
193 194
193 195
194 194
194 195
194 238
194 239
195 195
195 196
196 196
196 197
196 198
197 197
197 198
197 241
197 242
198 198
199 199
199 200
200 200
200 201
200 202
201 201
201 202
201 245
201 246
202 202
202 203
203 203
203 204
203 205
204 204
204 205
204 248
204 249
205 205
205 206
206 206
206 207
206 208
207 207
207 208
207 251
207 252
208 208
208 209
209 209
209 210
209 211
210 210
210 211
210 254
210 255
211 211
211 212
212 212
212 213
212 214
213 213
213 214
213 257
213 258
214 214
214 215
215 215
215 216
215 217
216 216
216 217
216 260
216 261
217 217
217 218
218 218
218 219
218 220
219 219
219 220
219 263
219 264
220 220
220 221
221 221
221 222
221 223
222 222
222 223
222 266
222 267
223 223
223 224
224 224
224 225
224 226
225 225
225 226
225 269
225 270
226 226
226 227
227 227
227 228
227 229
228 228
228 229
228 272
228 273
229 229
229 230
230 230
230 231
230 232
231 231
231 232
231 275
231 276
232 232
232 233
233 233
233 234
233 235
234 234
234 235
234 278
234 279
235 235
235 236
236 236
236 237
236 238
237 237
237 238
237 281
237 282
238 238
238 239
239 239
239 240
239 241
240 240
240 241
240 284
240 285
241 241
241 242
242 242
242 243
242 244
243 243
243 244
243 287
243 288
244 244
245 245
245 246
246 246
246 247
246 248
247 247
247 248
247 291
247 292
248 248
248 249
249 249
249 250
249 251
250 250
250 251
250 294
250 295
251 251
251 252
252 252
252 253
252 254
253 253
253 254
253 297
253 298
254 254
254 255
255 255
255 256
255 257
256 256
256 257
256 300
256 301
257 257
257 258
258 258
258 259
258 260
259 259
259 260
259 303
259 304
260 260
260 261
261 261
261 262
261 263
262 262
262 263
262 306
262 307
263 263
263 264
264 264
264 265
264 266
265 265
265 266
265 309
265 310
266 266
266 267
267 267
267 268
267 269
268 268
268 269
268 312
268 313
269 269
269 270
270 270
270 271
270 272
271 271
271 272
271 315
271 316
272 272
272 273
273 273
273 274
273 275
274 274
274 275
274 318
274 319
275 275
275 276
276 276
276 277
276 278
277 277
277 278
277 321
277 322
278 278
278 279
279 279
279 280
279 281
280 280
280 281
280 324
280 325
281 281
281 282
282 282
282 283
282 284
283 283
283 284
283 327
283 328
284 284
284 285
285 285
285 286
285 287
286 286
286 287
286 330
286 331
287 287
287 288
288 288
288 289
288 290
289 289
289 290
289 333
289 334
290 290
291 291
291 292
292 292
292 293
292 294
293 293
293 294
293 337
293 338
294 294
294 295
295 295
295 296
295 297
296 296
296 297
296 340
296 341
297 297
297 298
298 298
298 299
298 300
299 299
299 300
299 343
299 344
300 300
300 301
301 301
301 302
301 303
302 302
302 303
302 346
302 347
303 303
303 304
304 304
304 305
304 306
305 305
305 306
305 349
305 350
306 306
306 307
307 307
307 308
307 309
308 308
308 309
308 352
308 353
309 309
309 310
310 310
310 311
310 312
311 311
311 312
311 355
311 356
312 312
312 313
313 313
313 314
313 315
314 314
314 315
314 358
314 359
315 315
315 316
316 316
316 317
316 318
317 317
317 318
317 361
317 362
318 318
318 319
319 319
319 320
319 321
320 320
320 321
320 364
320 365
321 321
321 322
322 322
322 323
322 324
323 323
323 324
323 367
323 368
324 324
324 325
325 325
325 326
325 327
326 326
326 327
326 370
326 371
327 327
327 328
328 328
328 329
328 330
329 329
329 330
329 373
329 374
330 330
330 331
331 331
331 332
331 333
332 332
332 333
332 376
332 377
333 333
333 334
334 334
334 335
334 336
335 335
335 336
335 379
335 380
336 336
337 337
337 338
338 338
338 339
338 340
339 339
339 340
339 383
339 384
340 340
340 341
341 341
341 342
341 343
342 342
342 343
342 386
342 387
343 343
343 344
344 344
344 345
344 346
345 345
345 346
345 389
345 390
346 346
346 347
347 347
347 348
347 349
348 348
348 349
348 392
348 393
349 349
349 350
350 350
350 351
350 352
351 351
351 352
351 395
351 396
352 352
352 353
353 353
353 354
353 355
354 354
354 355
354 398
354 399
355 355
355 356
356 356
356 357
356 358
357 357
357 358
357 401
357 402
358 358
358 359
359 359
359 360
359 361
360 360
360 361
360 404
360 405
361 361
361 362
362 362
362 363
362 364
363 363
363 364
363 407
363 408
364 364
364 365
365 365
365 366
365 367
366 366
366 367
366 410
366 411
367 367
367 368
368 368
368 369
368 370
369 369
369 370
369 413
369 414
370 370
370 371
371 371
371 372
371 373
372 372
372 373
372 416
372 417
373 373
373 374
374 374
374 375
374 376
375 375
375 376
375 419
375 420
376 376
376 377
377 377
377 378
377 379
378 378
378 379
378 422
378 423
379 379
379 380
380 380
380 381
380 382
381 381
381 382
381 425
381 426
382 382
383 383
383 384
384 384
384 385
384 386
385 385
385 386
385 429
385 430
386 386
386 387
387 387
387 388
387 389
388 388
388 389
388 432
388 433
389 389
389 390
390 390
390 391
390 392
391 391
391 392
391 435
391 436
392 392
392 393
393 393
393 394
393 395
394 394
394 395
394 438
394 439
395 395
395 396
396 396
396 397
396 398
397 397
397 398
397 441
397 442
398 398
398 399
399 399
399 400
399 401
400 400
400 401
400 444
400 445
401 401
401 402
402 402
402 403
402 404
403 403
403 404
403 447
403 448
404 404
404 405
405 405
405 406
405 407
406 406
406 407
406 450
406 451
407 407
407 408
408 408
408 409
408 410
409 409
409 410
409 453
409 454
410 410
410 411
411 411
411 412
411 413
412 412
412 413
412 456
412 457
413 413
413 414
414 414
414 415
414 416
415 415
415 416
415 459
415 460
416 416
416 417
417 417
417 418
417 419
418 418
418 419
418 462
418 463
419 419
419 420
420 420
420 421
420 422
421 421
421 422
421 465
421 466
422 422
422 423
423 423
423 424
423 425
424 424
424 425
424 468
424 469
425 425
425 426
426 426
426 427
426 428
427 427
427 428
427 471
427 472
428 428
429 429
429 430
430 430
430 431
430 432
431 431
431 432
431 475
431 476
432 432
432 433
433 433
433 434
433 435
434 434
434 435
434 478
434 479
435 435
435 436
436 436
436 437
436 438
437 437
437 438
437 481
437 482
438 438
438 439
439 439
439 440
439 441
440 440
440 441
440 484
440 485
441 441
441 442
442 442
442 443
442 444
443 443
443 444
443 487
443 488
444 444
444 445
445 445
445 446
445 447
446 446
446 447
446 490
446 491
447 447
447 448
448 448
448 449
448 450
449 449
449 450
449 493
449 494
450 450
450 451
451 451
451 452
451 453
452 452
452 453
452 496
452 497
453 453
453 454
454 454
454 455
454 456
455 455
455 456
455 499
455 500
456 456
456 457
457 457
457 458
457 459
458 458
458 459
458 502
458 503
459 459
459 460
460 460
460 461
460 462
461 461
461 462
461 505
461 506
462 462
462 463
463 463
463 464
463 465
464 464
464 465
464 508
464 509
465 465
465 466
466 466
466 467
466 468
467 467
467 468
467 511
467 512
468 468
468 469
469 469
469 470
469 471
470 470
470 471
470 514
470 515
471 471
471 472
472 472
472 473
472 474
473 473
473 474
473 517
473 518
474 474
475 475
475 476
476 476
476 477
476 478
477 477
477 478
477 521
477 522
478 478
478 479
479 479
479 480
479 481
480 480
480 481
480 524
480 525
481 481
481 482
482 482
482 483
482 484
483 483
483 484
483 527
483 528
484 484
484 485
485 485
485 486
485 487
486 486
486 487
486 530
486 531
487 487
487 488
488 488
488 489
488 490
489 489
489 490
489 533
489 534
490 490
490 491
491 491
491 492
491 493
492 492
492 493
492 536
492 537
493 493
493 494
494 494
494 495
494 496
495 495
495 496
495 539
495 540
496 496
496 497
497 497
497 498
497 499
498 498
498 499
498 542
498 543
499 499
499 500
500 500
500 501
500 502
501 501
501 502
501 545
501 546
502 502
502 503
503 503
503 504
503 505
504 504
504 505
504 548
504 549
505 505
505 506
506 506
506 507
506 508
507 507
507 508
507 551
507 552
508 508
508 509
509 509
509 510
509 511
510 510
510 511
510 554
510 555
511 511
511 512
512 512
512 513
512 514
513 513
513 514
513 557
513 558
514 514
514 515
515 515
515 516
515 517
516 516
516 517
516 560
516 561
517 517
517 518
518 518
518 519
518 520
519 519
519 520
519 563
519 564
520 520
521 521
521 522
522 522
522 523
522 524
523 523
523 524
523 567
523 568
524 524
524 525
525 525
525 526
525 527
526 526
526 527
526 570
526 571
527 527
527 528
528 528
528 529
528 530
529 529
529 530
529 573
529 574
530 530
530 531
531 531
531 532
531 533
532 532
532 533
532 576
532 577
533 533
533 534
534 534
534 535
534 536
535 535
535 536
535 579
535 580
536 536
536 537
537 537
537 538
537 539
538 538
538 539
538 582
538 583
539 539
539 540
540 540
540 541
540 542
541 541
541 542
541 585
541 586
542 542
542 543
543 543
543 544
543 545
544 544
544 545
544 588
544 589
545 545
545 546
546 546
546 547
546 548
547 547
547 548
547 591
547 592
548 548
548 549
549 549
549 550
549 551
550 550
550 551
550 594
550 595
551 551
551 552
552 552
552 553
552 554
553 553
553 554
553 597
553 598
554 554
554 555
555 555
555 556
555 557
556 556
556 557
556 600
556 601
557 557
557 558
558 558
558 559
558 560
559 559
559 560
559 603
559 604
560 560
560 561
561 561
561 562
561 563
562 562
562 563
562 606
562 607
563 563
563 564
564 564
564 565
564 566
565 565
565 566
565 609
565 610
566 566
567 567
567 568
568 568
568 569
568 570
569 569
569 570
569 613
569 614
570 570
570 571
571 571
571 572
571 573
572 572
572 573
572 616
572 617
573 573
573 574
574 574
574 575
574 576
575 575
575 576
575 619
575 620
576 576
576 577
577 577
577 578
577 579
578 578
578 579
578 622
578 623
579 579
579 580
580 580
580 581
580 582
581 581
581 582
581 625
581 626
582 582
582 583
583 583
583 584
583 585
584 584
584 585
584 628
584 629
585 585
585 586
586 586
586 587
586 588
587 587
587 588
587 631
587 632
588 588
588 589
589 589
589 590
589 591
590 590
590 591
590 634
590 635
591 591
591 592
592 592
592 593
592 594
593 593
593 594
593 637
593 638
594 594
594 595
595 595
595 596
595 597
596 596
596 597
596 640
596 641
597 597
597 598
598 598
598 599
598 600
599 599
599 600
599 643
599 644
600 600
600 601
601 601
601 602
601 603
602 602
602 603
602 646
602 647
603 603
603 604
604 604
604 605
604 606
605 605
605 606
605 649
605 650
606 606
606 607
607 607
607 608
607 609
608 608
608 609
608 652
608 653
609 609
609 610
610 610
610 611
610 612
611 611
611 612
611 655
611 656
612 612
613 613
613 614
614 614
614 615
614 616
615 615
615 616
615 659
615 660
616 616
616 617
617 617
617 618
617 619
618 618
618 619
618 662
618 663
619 619
619 620
620 620
620 621
620 622
621 621
621 622
621 665
621 666
622 622
622 623
623 623
623 624
623 625
624 624
624 625
624 668
624 669
625 625
625 626
626 626
626 627
626 628
627 627
627 628
627 671
627 672
628 628
628 629
629 629
629 630
629 631
630 630
630 631
630 674
630 675
631 631
631 632
632 632
632 633
632 634
633 633
633 634
633 677
633 678
634 634
634 635
635 635
635 636
635 637
636 636
636 637
636 680
636 681
637 637
637 638
638 638
638 639
638 640
639 639
639 640
639 683
639 684
640 640
640 641
641 641
641 642
641 643
642 642
642 643
642 686
642 687
643 643
643 644
644 644
644 645
644 646
645 645
645 646
645 689
645 690
646 646
646 647
647 647
647 648
647 649
648 648
648 649
648 692
648 693
649 649
649 650
650 650
650 651
650 652
651 651
651 652
651 695
651 696
652 652
652 653
653 653
653 654
653 655
654 654
654 655
654 698
654 699
655 655
655 656
656 656
656 657
656 658
657 657
657 658
657 701
657 702
658 658
659 659
659 660
660 660
660 661
660 662
661 661
661 662
662 662
662 663
663 663
663 664
663 665
664 664
664 665
665 665
665 666
666 666
666 667
666 668
667 667
667 668
668 668
668 669
669 669
669 670
669 671
670 670
670 671
671 671
671 672
672 672
672 673
672 674
673 673
673 674
674 674
674 675
675 675
675 676
675 677
676 676
676 677
677 677
677 678
678 678
678 679
678 680
679 679
679 680
680 680
680 681
681 681
681 682
681 683
682 682
682 683
683 683
683 684
684 684
684 685
684 686
685 685
685 686
686 686
686 687
687 687
687 688
687 689
688 688
688 689
689 689
689 690
690 690
690 691
690 692
691 691
691 692
692 692
692 693
693 693
693 694
693 695
694 694
694 695
695 695
695 696
696 696
696 697
696 698
697 697
697 698
698 698
698 699
699 699
699 700
699 701
700 700
700 701
701 701
701 702
702 702
702 703
702 704
703 703
703 704
704 704
