0 0
0 1
0 2
0 9
0 12
0 34
0 36
1 1
1 3
1 4
1 19
1 22
2 2
2 5
2 6
2 28
2 30
3 3
3 7
3 8
3 9
4 4
4 10
4 11
4 12
5 5
5 9
5 13
5 14
6 6
6 12
6 15
6 16
7 7
7 17
7 18
7 19
7 20
7 23
7 27
8 8
8 17
8 20
8 21
8 22
8 25
8 29
9 9
9 18
9 21
10 10
10 17
10 19
10 23
10 24
10 25
10 31
11 11
11 20
11 22
11 23
11 25
11 26
11 32
12 12
12 24
12 26
13 13
13 17
13 18
13 27
13 28
13 29
13 31
14 14
14 20
14 21
14 27
14 29
14 30
14 32
15 15
15 23
15 24
15 27
15 28
15 31
15 32
16 16
16 25
16 26
16 29
16 30
16 31
16 32
17 17
17 33
17 35
17 37
17 39
18 18
18 34
19 19
19 34
20 20
20 33
20 35
20 38
20 40
21 21
21 36
22 22
22 36
23 23
23 33
23 37
23 38
23 41
24 24
24 34
25 25
25 35
25 37
25 38
25 42
26 26
26 36
27 27
27 33
27 39
27 40
27 41
28 28
28 34
29 29
29 35
29 39
29 40
29 42
30 30
30 36
31 31
31 37
31 39
31 41
31 42
32 32
32 38
32 40
32 41
32 42
33 33
33 43
33 44
33 45
33 47
34 34
35 35
35 43
35 44
35 46
35 48
36 36
37 37
37 43
37 45
37 46
37 49
38 38
38 44
38 45
38 46
38 50
39 39
39 43
39 47
39 48
39 49
40 40
40 44
40 47
40 48
40 50
41 41
41 45
41 47
41 49
41 50
42 42
42 46
42 48
42 49
42 50
43 43
43 51
43 52
43 53
43 55
44 44
44 51
44 52
44 54
44 56
45 45
45 51
45 53
45 54
45 57
46 46
46 52
46 53
46 54
46 58
47 47
47 51
47 55
47 56
47 57
48 48
48 52
48 55
48 56
48 58
49 49
49 53
49 55
49 57
49 58
50 50
50 54
50 56
50 57
50 58
51 51
51 59
51 60
51 61
51 63
52 52
52 59
52 60
52 62
52 64
53 53
53 59
53 61
53 62
53 65
54 54
54 60
54 61
54 62
54 66
55 55
55 59
55 63
55 64
55 65
56 56
56 60
56 63
56 64
56 66
57 57
57 61
57 63
57 65
57 66
58 58
58 62
58 64
58 65
58 66
59 59
59 67
59 68
59 69
59 71
60 60
60 67
60 68
60 70
60 72
61 61
61 67
61 69
61 70
61 73
62 62
62 68
62 69
62 70
62 74
63 63
63 67
63 71
63 72
63 73
64 64
64 68
64 71
64 72
64 74
65 65
65 69
65 71
65 73
65 74
66 66
66 70
66 72
66 73
66 74
67 67
67 75
67 76
67 77
67 79
68 68
68 75
68 76
68 78
68 80
69 69
69 75
69 77
69 78
69 81
70 70
70 76
70 77
70 78
70 82
71 71
71 75
71 79
71 80
71 81
72 72
72 76
72 79
72 80
72 82
73 73
73 77
73 79
73 81
73 82
74 74
74 78
74 80
74 81
74 82
75 75
75 83
75 84
75 85
75 87
76 76
76 83
76 84
76 86
76 88
77 77
77 83
77 85
77 86
77 89
78 78
78 84
78 85
78 86
78 90
79 79
79 83
79 87
79 88
79 89
80 80
80 84
80 87
80 88
80 90
81 81
81 85
81 87
81 89
81 90
82 82
82 86
82 88
82 89
82 90
83 83
83 91
83 92
83 93
83 95
84 84
84 91
84 92
84 94
84 96
85 85
85 91
85 93
85 94
85 97
86 86
86 92
86 93
86 94
86 98
87 87
87 91
87 95
87 96
87 97
88 88
88 92
88 95
88 96
88 98
89 89
89 93
89 95
89 97
89 98
90 90
90 94
90 96
90 97
90 98
91 91
91 99
91 100
91 101
91 103
92 92
92 99
92 100
92 102
92 104
93 93
93 99
93 101
93 102
93 105
94 94
94 100
94 101
94 102
94 106
95 95
95 99
95 103
95 104
95 105
96 96
96 100
96 103
96 104
96 106
97 97
97 101
97 103
97 105
97 106
98 98
98 102
98 104
98 105
98 106
99 99
99 107
99 108
99 109
99 111
100 100
100 107
100 108
100 110
100 112
101 101
101 107
101 109
101 110
101 113
102 102
102 108
102 109
102 110
102 114
103 103
103 107
103 111
103 112
103 113
104 104
104 108
104 111
104 112
104 114
105 105
105 109
105 111
105 113
105 114
106 106
106 110
106 112
106 113
106 114
107 107
107 115
107 116
107 117
107 119
108 108
108 115
108 116
108 118
108 120
109 109
109 115
109 117
109 118
109 121
110 110
110 116
110 117
110 118
110 122
111 111
111 115
111 119
111 120
111 121
112 112
112 116
112 119
112 120
112 122
113 113
113 117
113 119
113 121
113 122
114 114
114 118
114 120
114 121
114 122
115 115
115 123
115 124
115 125
115 127
116 116
116 123
116 124
116 126
116 128
117 117
117 123
117 125
117 126
117 129
118 118
118 124
118 125
118 126
118 130
119 119
119 123
119 127
119 128
119 129
120 120
120 124
120 127
120 128
120 130
121 121
121 125
121 127
121 129
121 130
122 122
122 126
122 128
122 129
122 130
123 123
123 131
123 132
123 133
123 135
124 124
124 131
124 132
124 134
124 136
125 125
125 131
125 133
125 134
125 137
126 126
126 132
126 133
126 134
126 138
127 127
127 131
127 135
127 136
127 137
128 128
128 132
128 135
128 136
128 138
129 129
129 133
129 135
129 137
129 138
130 130
130 134
130 136
130 137
130 138
131 131
131 139
131 140
131 141
131 143
132 132
132 139
132 140
132 142
132 144
133 133
133 139
133 141
133 142
133 145
134 134
134 140
134 141
134 142
134 146
135 135
135 139
135 143
135 144
135 145
136 136
136 140
136 143
136 144
136 146
137 137
137 141
137 143
137 145
137 146
138 138
138 142
138 144
138 145
138 146
139 139
139 147
139 148
139 149
139 151
140 140
140 147
140 148
140 150
140 152
141 141
141 147
141 149
141 150
141 153
142 142
142 148
142 149
142 150
142 154
143 143
143 147
143 151
143 152
143 153
144 144
144 148
144 151
144 152
144 154
145 145
145 149
145 151
145 153
145 154
146 146
146 150
146 152
146 153
146 154
147 147
147 155
147 156
147 157
147 159
148 148
148 155
148 156
148 158
148 160
149 149
149 155
149 157
149 158
149 161
150 150
150 156
150 157
150 158
150 162
151 151
151 155
151 159
151 160
151 161
152 152
152 156
152 159
152 160
152 162
153 153
153 157
153 159
153 161
153 162
154 154
154 158
154 160
154 161
154 162
155 155
156 156
157 157
158 158
159 159
160 160
161 161
162 162
