0 0
1 3
1 5
1 7
1 18
1 19
1 20
1 21
1 22
1 23
2 2
3 9
3 13
3 14
3 15
3 16
3 17
3 24
3 25
3 28
3 29
3 30
3 31
3 11
3 26
3 27
4 4
5 9
5 11
5 16
5 17
5 24
5 25
5 26
5 27
5 13
5 14
5 15
5 28
5 29
5 30
5 31
6 6
7 9
7 16
7 17
7 24
7 25
7 13
7 14
7 15
7 28
7 29
7 30
7 31
8 8
9 18
9 19
9 20
9 21
9 22
9 23
9 11
9 13
9 14
9 15
9 26
9 27
9 28
9 29
9 30
9 31
10 10
11 11
11 13
11 15
11 18
11 19
11 20
11 21
11 24
11 25
11 26
11 27
11 28
11 29
11 30
11 31
12 12
13 13
13 14
13 15
13 18
13 19
13 20
13 21
13 22
13 23
13 24
13 25
13 26
13 27
13 28
13 29
13 30
13 31
14 14
14 15
14 18
14 19
14 20
14 21
14 22
14 23
14 24
14 25
14 26
14 27
14 28
14 29
14 30
14 31
15 15
15 18
15 19
15 20
15 21
15 22
15 23
15 24
15 25
15 26
15 27
15 28
15 29
15 30
15 31
16 18
16 19
16 20
16 21
16 22
16 23
17 18
17 19
17 20
17 21
17 22
17 23
17 34
17 35
17 36
17 37
17 38
17 39
18 24
18 25
18 28
18 29
18 30
18 31
18 32
18 33
18 40
18 41
18 44
18 45
18 46
18 47
18 26
18 27
18 42
18 43
19 24
19 25
19 28
19 29
19 30
19 31
19 32
19 33
19 40
19 41
19 44
19 45
19 46
19 47
19 26
19 27
19 42
19 43
20 24
20 25
20 26
20 27
20 28
20 29
20 30
20 31
21 24
21 25
21 26
21 27
21 32
21 33
21 40
21 41
21 42
21 43
21 28
21 29
21 30
21 31
21 44
21 45
21 46
21 47
22 24
22 25
22 28
22 29
22 30
22 31
23 24
23 25
23 32
23 33
23 40
23 41
23 28
23 29
23 30
23 31
23 44
23 45
23 46
23 47
24 26
24 27
24 28
24 29
24 30
24 31
25 34
25 35
25 36
25 37
25 38
25 39
25 26
25 27
25 28
25 29
25 30
25 31
25 42
25 43
25 44
25 45
25 46
25 47
26 26
26 27
26 28
26 29
26 30
26 31
27 27
27 28
27 29
27 30
27 31
27 34
27 35
27 36
27 37
27 40
27 41
27 42
27 43
27 44
27 45
27 46
27 47
28 28
28 29
28 30
28 31
28 34
28 35
28 36
28 37
28 38
28 39
28 40
28 41
28 42
28 43
28 44
28 45
28 46
28 47
29 29
29 30
29 31
29 34
29 35
29 36
29 37
29 38
29 39
29 40
29 41
29 42
29 43
29 44
29 45
29 46
29 47
30 30
30 31
30 34
30 35
30 36
30 37
30 38
30 39
30 40
30 41
30 42
30 43
30 44
30 45
30 46
30 47
31 31
31 34
31 35
31 36
31 37
31 38
31 39
31 40
31 41
31 42
31 43
31 44
31 45
31 46
31 47
32 34
32 35
32 36
32 37
32 38
32 39
33 34
33 35
33 36
33 37
33 38
33 39
33 50
33 51
33 52
33 53
33 54
33 55
34 40
34 41
34 44
34 45
34 46
34 47
34 48
34 49
34 56
34 57
34 60
34 61
34 62
34 63
34 42
34 43
34 58
34 59
35 40
35 41
35 44
35 45
35 46
35 47
35 48
35 49
35 56
35 57
35 60
35 61
35 62
35 63
35 42
35 43
35 58
35 59
36 40
36 41
36 42
36 43
36 44
36 45
36 46
36 47
37 40
37 41
37 42
37 43
37 48
37 49
37 56
37 57
37 58
37 59
37 44
37 45
37 46
37 47
37 60
37 61
37 62
37 63
38 40
38 41
38 44
38 45
38 46
38 47
39 40
39 41
39 48
39 49
39 56
39 57
39 44
39 45
39 46
39 47
39 60
39 61
39 62
39 63
40 42
40 43
40 44
40 45
40 46
40 47
41 50
41 51
41 52
41 53
41 54
41 55
41 42
41 43
41 44
41 45
41 46
41 47
41 58
41 59
41 60
41 61
41 62
41 63
42 42
42 43
42 44
42 45
42 46
42 47
43 43
43 44
43 45
43 46
43 47
43 50
43 51
43 52
43 53
43 56
43 57
43 58
43 59
43 60
43 61
43 62
43 63
44 44
44 45
44 46
44 47
44 50
44 51
44 52
44 53
44 54
44 55
44 56
44 57
44 58
44 59
44 60
44 61
44 62
44 63
45 45
45 46
45 47
45 50
45 51
45 52
45 53
45 54
45 55
45 56
45 57
45 58
45 59
45 60
45 61
45 62
45 63
46 46
46 47
46 50
46 51
46 52
46 53
46 54
46 55
46 56
46 57
46 58
46 59
46 60
46 61
46 62
46 63
47 47
47 50
47 51
47 52
47 53
47 54
47 55
47 56
47 57
47 58
47 59
47 60
47 61
47 62
47 63
48 50
48 51
48 52
48 53
48 54
48 55
49 50
49 51
49 52
49 53
49 54
49 55
49 66
49 67
49 68
49 69
49 70
49 71
50 56
50 57
50 60
50 61
50 62
50 63
50 64
50 65
50 72
50 73
50 76
50 77
50 78
50 79
50 58
50 59
50 74
50 75
51 56
51 57
51 60
51 61
51 62
51 63
51 64
51 65
51 72
51 73
51 76
51 77
51 78
51 79
51 58
51 59
51 74
51 75
52 56
52 57
52 58
52 59
52 60
52 61
52 62
52 63
53 56
53 57
53 58
53 59
53 64
53 65
53 72
53 73
53 74
53 75
53 60
53 61
53 62
53 63
53 76
53 77
53 78
53 79
54 56
54 57
54 60
54 61
54 62
54 63
55 56
55 57
55 64
55 65
55 72
55 73
55 60
55 61
55 62
55 63
55 76
55 77
55 78
55 79
56 58
56 59
56 60
56 61
56 62
56 63
57 66
57 67
57 68
57 69
57 70
57 71
57 58
57 59
57 60
57 61
57 62
57 63
57 74
57 75
57 76
57 77
57 78
57 79
58 58
58 59
58 60
58 61
58 62
58 63
59 59
59 60
59 61
59 62
59 63
59 66
59 67
59 68
59 69
59 72
59 73
59 74
59 75
59 76
59 77
59 78
59 79
60 60
60 61
60 62
60 63
60 66
60 67
60 68
60 69
60 70
60 71
60 72
60 73
60 74
60 75
60 76
60 77
60 78
60 79
61 61
61 62
61 63
61 66
61 67
61 68
61 69
61 70
61 71
61 72
61 73
61 74
61 75
61 76
61 77
61 78
61 79
62 62
62 63
62 66
62 67
62 68
62 69
62 70
62 71
62 72
62 73
62 74
62 75
62 76
62 77
62 78
62 79
63 63
63 66
63 67
63 68
63 69
63 70
63 71
63 72
63 73
63 74
63 75
63 76
63 77
63 78
63 79
64 66
64 67
64 68
64 69
64 70
64 71
65 66
65 67
65 68
65 69
65 70
65 71
65 82
65 83
65 84
65 85
65 86
65 87
66 72
66 73
66 76
66 77
66 78
66 79
66 80
66 81
66 88
66 89
66 92
66 93
66 94
66 95
66 74
66 75
66 90
66 91
67 72
67 73
67 76
67 77
67 78
67 79
67 80
67 81
67 88
67 89
67 92
67 93
67 94
67 95
67 74
67 75
67 90
67 91
68 72
68 73
68 74
68 75
68 76
68 77
68 78
68 79
69 72
69 73
69 74
69 75
69 80
69 81
69 88
69 89
69 90
69 91
69 76
69 77
69 78
69 79
69 92
69 93
69 94
69 95
70 72
70 73
70 76
70 77
70 78
70 79
71 72
71 73
71 80
71 81
71 88
71 89
71 76
71 77
71 78
71 79
71 92
71 93
71 94
71 95
72 74
72 75
72 76
72 77
72 78
72 79
73 82
73 83
73 84
73 85
73 86
73 87
73 74
73 75
73 76
73 77
73 78
73 79
73 90
73 91
73 92
73 93
73 94
73 95
74 74
74 75
74 76
74 77
74 78
74 79
75 75
75 76
75 77
75 78
75 79
75 82
75 83
75 84
75 85
75 88
75 89
75 90
75 91
75 92
75 93
75 94
75 95
76 76
76 77
76 78
76 79
76 82
76 83
76 84
76 85
76 86
76 87
76 88
76 89
76 90
76 91
76 92
76 93
76 94
76 95
77 77
77 78
77 79
77 82
77 83
77 84
77 85
77 86
77 87
77 88
77 89
77 90
77 91
77 92
77 93
77 94
77 95
78 78
78 79
78 82
78 83
78 84
78 85
78 86
78 87
78 88
78 89
78 90
78 91
78 92
78 93
78 94
78 95
79 79
79 82
79 83
79 84
79 85
79 86
79 87
79 88
79 89
79 90
79 91
79 92
79 93
79 94
79 95
80 82
80 83
80 84
80 85
80 86
80 87
81 82
81 83
81 84
81 85
81 86
81 87
81 98
81 99
81 100
81 101
81 102
81 103
82 88
82 89
82 92
82 93
82 94
82 95
82 96
82 97
82 104
82 105
82 108
82 109
82 110
82 111
82 90
82 91
82 106
82 107
83 88
83 89
83 92
83 93
83 94
83 95
83 96
83 97
83 104
83 105
83 108
83 109
83 110
83 111
83 90
83 91
83 106
83 107
84 88
84 89
84 90
84 91
84 92
84 93
84 94
84 95
85 88
85 89
85 90
85 91
85 96
85 97
85 104
85 105
85 106
85 107
85 92
85 93
85 94
85 95
85 108
85 109
85 110
85 111
86 88
86 89
86 92
86 93
86 94
86 95
87 88
87 89
87 96
87 97
87 104
87 105
87 92
87 93
87 94
87 95
87 108
87 109
87 110
87 111
88 90
88 91
88 92
88 93
88 94
88 95
89 98
89 99
89 100
89 101
89 102
89 103
89 90
89 91
89 92
89 93
89 94
89 95
89 106
89 107
89 108
89 109
89 110
89 111
90 90
90 91
90 92
90 93
90 94
90 95
91 91
91 92
91 93
91 94
91 95
91 98
91 99
91 100
91 101
91 104
91 105
91 106
91 107
91 108
91 109
91 110
91 111
92 92
92 93
92 94
92 95
92 98
92 99
92 100
92 101
92 102
92 103
92 104
92 105
92 106
92 107
92 108
92 109
92 110
92 111
93 93
93 94
93 95
93 98
93 99
93 100
93 101
93 102
93 103
93 104
93 105
93 106
93 107
93 108
93 109
93 110
93 111
94 94
94 95
94 98
94 99
94 100
94 101
94 102
94 103
94 104
94 105
94 106
94 107
94 108
94 109
94 110
94 111
95 95
95 98
95 99
95 100
95 101
95 102
95 103
95 104
95 105
95 106
95 107
95 108
95 109
95 110
95 111
96 98
96 99
96 100
96 101
96 102
96 103
97 98
97 99
97 100
97 101
97 102
97 103
97 114
97 115
97 116
97 117
97 118
97 119
98 104
98 105
98 108
98 109
98 110
98 111
98 112
98 113
98 120
98 121
98 124
98 125
98 126
98 127
98 106
98 107
98 122
98 123
99 104
99 105
99 108
99 109
99 110
99 111
99 112
99 113
99 120
99 121
99 124
99 125
99 126
99 127
99 106
99 107
99 122
99 123
100 104
100 105
100 106
100 107
100 108
100 109
100 110
100 111
101 104
101 105
101 106
101 107
101 112
101 113
101 120
101 121
101 122
101 123
101 108
101 109
101 110
101 111
101 124
101 125
101 126
101 127
102 104
102 105
102 108
102 109
102 110
102 111
103 104
103 105
103 112
103 113
103 120
103 121
103 108
103 109
103 110
103 111
103 124
103 125
103 126
103 127
104 106
104 107
104 108
104 109
104 110
104 111
105 114
105 115
105 116
105 117
105 118
105 119
105 106
105 107
105 108
105 109
105 110
105 111
105 122
105 123
105 124
105 125
105 126
105 127
106 106
106 107
106 108
106 109
106 110
106 111
107 107
107 108
107 109
107 110
107 111
107 114
107 115
107 116
107 117
107 120
107 121
107 122
107 123
107 124
107 125
107 126
107 127
108 108
108 109
108 110
108 111
108 114
108 115
108 116
108 117
108 118
108 119
108 120
108 121
108 122
108 123
108 124
108 125
108 126
108 127
109 109
109 110
109 111
109 114
109 115
109 116
109 117
109 118
109 119
109 120
109 121
109 122
109 123
109 124
109 125
109 126
109 127
110 110
110 111
110 114
110 115
110 116
110 117
110 118
110 119
110 120
110 121
110 122
110 123
110 124
110 125
110 126
110 127
111 111
111 114
111 115
111 116
111 117
111 118
111 119
111 120
111 121
111 122
111 123
111 124
111 125
111 126
111 127
112 114
112 115
112 116
112 117
112 118
112 119
113 114
113 115
113 116
113 117
113 118
113 119
113 130
113 131
113 132
113 133
113 134
113 135
114 120
114 121
114 124
114 125
114 126
114 127
114 128
114 129
114 136
114 137
114 140
114 141
114 142
114 143
114 122
114 123
114 138
114 139
115 120
115 121
115 124
115 125
115 126
115 127
115 128
115 129
115 136
115 137
115 140
115 141
115 142
115 143
115 122
115 123
115 138
115 139
116 120
116 121
116 122
116 123
116 124
116 125
116 126
116 127
117 120
117 121
117 122
117 123
117 128
117 129
117 136
117 137
117 138
117 139
117 124
117 125
117 126
117 127
117 140
117 141
117 142
117 143
118 120
118 121
118 124
118 125
118 126
118 127
119 120
119 121
119 128
119 129
119 136
119 137
119 124
119 125
119 126
119 127
119 140
119 141
119 142
119 143
120 122
120 123
120 124
120 125
120 126
120 127
121 130
121 131
121 132
121 133
121 134
121 135
121 122
121 123
121 124
121 125
121 126
121 127
121 138
121 139
121 140
121 141
121 142
121 143
122 122
122 123
122 124
122 125
122 126
122 127
123 123
123 124
123 125
123 126
123 127
123 130
123 131
123 132
123 133
123 136
123 137
123 138
123 139
123 140
123 141
123 142
123 143
124 124
124 125
124 126
124 127
124 130
124 131
124 132
124 133
124 134
124 135
124 136
124 137
124 138
124 139
124 140
124 141
124 142
124 143
125 125
125 126
125 127
125 130
125 131
125 132
125 133
125 134
125 135
125 136
125 137
125 138
125 139
125 140
125 141
125 142
125 143
126 126
126 127
126 130
126 131
126 132
126 133
126 134
126 135
126 136
126 137
126 138
126 139
126 140
126 141
126 142
126 143
127 127
127 130
127 131
127 132
127 133
127 134
127 135
127 136
127 137
127 138
127 139
127 140
127 141
127 142
127 143
128 130
128 131
128 132
128 133
128 134
128 135
129 130
129 131
129 132
129 133
129 134
129 135
129 146
129 147
129 148
129 149
129 150
129 151
130 136
130 137
130 140
130 141
130 142
130 143
130 144
130 145
130 152
130 153
130 156
130 157
130 158
130 159
130 138
130 139
130 154
130 155
131 136
131 137
131 140
131 141
131 142
131 143
131 144
131 145
131 152
131 153
131 156
131 157
131 158
131 159
131 138
131 139
131 154
131 155
132 136
132 137
132 138
132 139
132 140
132 141
132 142
132 143
133 136
133 137
133 138
133 139
133 144
133 145
133 152
133 153
133 154
133 155
133 140
133 141
133 142
133 143
133 156
133 157
133 158
133 159
134 136
134 137
134 140
134 141
134 142
134 143
135 136
135 137
135 144
135 145
135 152
135 153
135 140
135 141
135 142
135 143
135 156
135 157
135 158
135 159
136 138
136 139
136 140
136 141
136 142
136 143
137 146
137 147
137 148
137 149
137 150
137 151
137 138
137 139
137 140
137 141
137 142
137 143
137 154
137 155
137 156
137 157
137 158
137 159
138 138
138 139
138 140
138 141
138 142
138 143
139 139
139 140
139 141
139 142
139 143
139 146
139 147
139 148
139 149
139 152
139 153
139 154
139 155
139 156
139 157
139 158
139 159
140 140
140 141
140 142
140 143
140 146
140 147
140 148
140 149
140 150
140 151
140 152
140 153
140 154
140 155
140 156
140 157
140 158
140 159
141 141
141 142
141 143
141 146
141 147
141 148
141 149
141 150
141 151
141 152
141 153
141 154
141 155
141 156
141 157
141 158
141 159
142 142
142 143
142 146
142 147
142 148
142 149
142 150
142 151
142 152
142 153
142 154
142 155
142 156
142 157
142 158
142 159
143 143
143 146
143 147
143 148
143 149
143 150
143 151
143 152
143 153
143 154
143 155
143 156
143 157
143 158
143 159
144 146
144 147
144 148
144 149
144 150
144 151
145 146
145 147
145 148
145 149
145 150
145 151
145 162
145 163
145 164
145 165
145 166
145 167
146 152
146 153
146 156
146 157
146 158
146 159
146 160
146 161
146 168
146 169
146 172
146 173
146 174
146 175
146 154
146 155
146 170
146 171
147 152
147 153
147 156
147 157
147 158
147 159
147 160
147 161
147 168
147 169
147 172
147 173
147 174
147 175
147 154
147 155
147 170
147 171
148 152
148 153
148 154
148 155
148 156
148 157
148 158
148 159
149 152
149 153
149 154
149 155
149 160
149 161
149 168
149 169
149 170
149 171
149 156
149 157
149 158
149 159
149 172
149 173
149 174
149 175
150 152
150 153
150 156
150 157
150 158
150 159
151 152
151 153
151 160
151 161
151 168
151 169
151 156
151 157
151 158
151 159
151 172
151 173
151 174
151 175
152 154
152 155
152 156
152 157
152 158
152 159
153 162
153 163
153 164
153 165
153 166
153 167
153 154
153 155
153 156
153 157
153 158
153 159
153 170
153 171
153 172
153 173
153 174
153 175
154 154
154 155
154 156
154 157
154 158
154 159
155 155
155 156
155 157
155 158
155 159
155 162
155 163
155 164
155 165
155 168
155 169
155 170
155 171
155 172
155 173
155 174
155 175
156 156
156 157
156 158
156 159
156 162
156 163
156 164
156 165
156 166
156 167
156 168
156 169
156 170
156 171
156 172
156 173
156 174
156 175
157 157
157 158
157 159
157 162
157 163
157 164
157 165
157 166
157 167
157 168
157 169
157 170
157 171
157 172
157 173
157 174
157 175
158 158
158 159
158 162
158 163
158 164
158 165
158 166
158 167
158 168
158 169
158 170
158 171
158 172
158 173
158 174
158 175
159 159
159 162
159 163
159 164
159 165
159 166
159 167
159 168
159 169
159 170
159 171
159 172
159 173
159 174
159 175
160 162
160 163
160 164
160 165
160 166
160 167
161 162
161 163
161 164
161 165
161 166
161 167
161 178
161 179
161 180
161 181
161 182
161 183
162 168
162 169
162 172
162 173
162 174
162 175
162 176
162 177
162 184
162 185
162 188
162 189
162 190
162 191
162 170
162 171
162 186
162 187
163 168
163 169
163 172
163 173
163 174
163 175
163 176
163 177
163 184
163 185
163 188
163 189
163 190
163 191
163 170
163 171
163 186
163 187
164 168
164 169
164 170
164 171
164 172
164 173
164 174
164 175
165 168
165 169
165 170
165 171
165 176
165 177
165 184
165 185
165 186
165 187
165 172
165 173
165 174
165 175
165 188
165 189
165 190
165 191
166 168
166 169
166 172
166 173
166 174
166 175
167 168
167 169
167 176
167 177
167 184
167 185
167 172
167 173
167 174
167 175
167 188
167 189
167 190
167 191
168 170
168 171
168 172
168 173
168 174
168 175
169 178
169 179
169 180
169 181
169 182
169 183
169 170
169 171
169 172
169 173
169 174
169 175
169 186
169 187
169 188
169 189
169 190
169 191
170 170
170 171
170 172
170 173
170 174
170 175
171 171
171 172
171 173
171 174
171 175
171 178
171 179
171 180
171 181
171 184
171 185
171 186
171 187
171 188
171 189
171 190
171 191
172 172
172 173
172 174
172 175
172 178
172 179
172 180
172 181
172 182
172 183
172 184
172 185
172 186
172 187
172 188
172 189
172 190
172 191
173 173
173 174
173 175
173 178
173 179
173 180
173 181
173 182
173 183
173 184
173 185
173 186
173 187
173 188
173 189
173 190
173 191
174 174
174 175
174 178
174 179
174 180
174 181
174 182
174 183
174 184
174 185
174 186
174 187
174 188
174 189
174 190
174 191
175 175
175 178
175 179
175 180
175 181
175 182
175 183
175 184
175 185
175 186
175 187
175 188
175 189
175 190
175 191
176 178
176 179
176 180
176 181
176 182
176 183
177 178
177 179
177 180
177 181
177 182
177 183
177 194
177 195
177 196
177 197
177 198
177 199
178 184
178 185
178 188
178 189
178 190
178 191
178 192
178 193
178 200
178 201
178 204
178 205
178 206
178 207
178 186
178 187
178 202
178 203
179 184
179 185
179 188
179 189
179 190
179 191
179 192
179 193
179 200
179 201
179 204
179 205
179 206
179 207
179 186
179 187
179 202
179 203
180 184
180 185
180 186
180 187
180 188
180 189
180 190
180 191
181 184
181 185
181 186
181 187
181 192
181 193
181 200
181 201
181 202
181 203
181 188
181 189
181 190
181 191
181 204
181 205
181 206
181 207
182 184
182 185
182 188
182 189
182 190
182 191
183 184
183 185
183 192
183 193
183 200
183 201
183 188
183 189
183 190
183 191
183 204
183 205
183 206
183 207
184 186
184 187
184 188
184 189
184 190
184 191
185 194
185 195
185 196
185 197
185 198
185 199
185 186
185 187
185 188
185 189
185 190
185 191
185 202
185 203
185 204
185 205
185 206
185 207
186 186
186 187
186 188
186 189
186 190
186 191
187 187
187 188
187 189
187 190
187 191
187 194
187 195
187 196
187 197
187 200
187 201
187 202
187 203
187 204
187 205
187 206
187 207
188 188
188 189
188 190
188 191
188 194
188 195
188 196
188 197
188 198
188 199
188 200
188 201
188 202
188 203
188 204
188 205
188 206
188 207
189 189
189 190
189 191
189 194
189 195
189 196
189 197
189 198
189 199
189 200
189 201
189 202
189 203
189 204
189 205
189 206
189 207
190 190
190 191
190 194
190 195
190 196
190 197
190 198
190 199
190 200
190 201
190 202
190 203
190 204
190 205
190 206
190 207
191 191
191 194
191 195
191 196
191 197
191 198
191 199
191 200
191 201
191 202
191 203
191 204
191 205
191 206
191 207
192 194
192 195
192 196
192 197
192 198
192 199
193 194
193 195
193 196
193 197
193 198
193 199
193 210
193 211
193 212
193 213
193 214
193 215
194 200
194 201
194 204
194 205
194 206
194 207
194 208
194 209
194 216
194 217
194 220
194 221
194 222
194 223
194 202
194 203
194 218
194 219
195 200
195 201
195 204
195 205
195 206
195 207
195 208
195 209
195 216
195 217
195 220
195 221
195 222
195 223
195 202
195 203
195 218
195 219
196 200
196 201
196 202
196 203
196 204
196 205
196 206
196 207
197 200
197 201
197 202
197 203
197 208
197 209
197 216
197 217
197 218
197 219
197 204
197 205
197 206
197 207
197 220
197 221
197 222
197 223
198 200
198 201
198 204
198 205
198 206
198 207
199 200
199 201
199 208
199 209
199 216
199 217
199 204
199 205
199 206
199 207
199 220
199 221
199 222
199 223
200 202
200 203
200 204
200 205
200 206
200 207
201 210
201 211
201 212
201 213
201 214
201 215
201 202
201 203
201 204
201 205
201 206
201 207
201 218
201 219
201 220
201 221
201 222
201 223
202 202
202 203
202 204
202 205
202 206
202 207
203 203
203 204
203 205
203 206
203 207
203 210
203 211
203 212
203 213
203 216
203 217
203 218
203 219
203 220
203 221
203 222
203 223
204 204
204 205
204 206
204 207
204 210
204 211
204 212
204 213
204 214
204 215
204 216
204 217
204 218
204 219
204 220
204 221
204 222
204 223
205 205
205 206
205 207
205 210
205 211
205 212
205 213
205 214
205 215
205 216
205 217
205 218
205 219
205 220
205 221
205 222
205 223
206 206
206 207
206 210
206 211
206 212
206 213
206 214
206 215
206 216
206 217
206 218
206 219
206 220
206 221
206 222
206 223
207 207
207 210
207 211
207 212
207 213
207 214
207 215
207 216
207 217
207 218
207 219
207 220
207 221
207 222
207 223
208 210
208 211
208 212
208 213
208 214
208 215
209 210
209 211
209 212
209 213
209 214
209 215
209 226
209 227
209 228
209 229
209 230
209 231
210 216
210 217
210 220
210 221
210 222
210 223
210 224
210 225
210 232
210 233
210 236
210 237
210 238
210 239
210 218
210 219
210 234
210 235
211 216
211 217
211 220
211 221
211 222
211 223
211 224
211 225
211 232
211 233
211 236
211 237
211 238
211 239
211 218
211 219
211 234
211 235
212 216
212 217
212 218
212 219
212 220
212 221
212 222
212 223
213 216
213 217
213 218
213 219
213 224
213 225
213 232
213 233
213 234
213 235
213 220
213 221
213 222
213 223
213 236
213 237
213 238
213 239
214 216
214 217
214 220
214 221
214 222
214 223
215 216
215 217
215 224
215 225
215 232
215 233
215 220
215 221
215 222
215 223
215 236
215 237
215 238
215 239
216 218
216 219
216 220
216 221
216 222
216 223
217 226
217 227
217 228
217 229
217 230
217 231
217 218
217 219
217 220
217 221
217 222
217 223
217 234
217 235
217 236
217 237
217 238
217 239
218 218
218 219
218 220
218 221
218 222
218 223
219 219
219 220
219 221
219 222
219 223
219 226
219 227
219 228
219 229
219 232
219 233
219 234
219 235
219 236
219 237
219 238
219 239
220 220
220 221
220 222
220 223
220 226
220 227
220 228
220 229
220 230
220 231
220 232
220 233
220 234
220 235
220 236
220 237
220 238
220 239
221 221
221 222
221 223
221 226
221 227
221 228
221 229
221 230
221 231
221 232
221 233
221 234
221 235
221 236
221 237
221 238
221 239
222 222
222 223
222 226
222 227
222 228
222 229
222 230
222 231
222 232
222 233
222 234
222 235
222 236
222 237
222 238
222 239
223 223
223 226
223 227
223 228
223 229
223 230
223 231
223 232
223 233
223 234
223 235
223 236
223 237
223 238
223 239
224 226
224 227
224 228
224 229
224 230
224 231
225 226
225 227
225 228
225 229
225 230
225 231
225 242
225 243
225 244
225 245
225 246
225 247
226 232
226 233
226 236
226 237
226 238
226 239
226 240
226 241
226 248
226 249
226 252
226 253
226 254
226 255
226 234
226 235
226 250
226 251
227 232
227 233
227 236
227 237
227 238
227 239
227 240
227 241
227 248
227 249
227 252
227 253
227 254
227 255
227 234
227 235
227 250
227 251
228 232
228 233
228 234
228 235
228 236
228 237
228 238
228 239
229 232
229 233
229 234
229 235
229 240
229 241
229 248
229 249
229 250
229 251
229 236
229 237
229 238
229 239
229 252
229 253
229 254
229 255
230 232
230 233
230 236
230 237
230 238
230 239
231 232
231 233
231 240
231 241
231 248
231 249
231 236
231 237
231 238
231 239
231 252
231 253
231 254
231 255
232 234
232 235
232 236
232 237
232 238
232 239
233 242
233 243
233 244
233 245
233 246
233 247
233 234
233 235
233 236
233 237
233 238
233 239
233 250
233 251
233 252
233 253
233 254
233 255
234 234
234 235
234 236
234 237
234 238
234 239
235 235
235 236
235 237
235 238
235 239
235 242
235 243
235 244
235 245
235 248
235 249
235 250
235 251
235 252
235 253
235 254
235 255
236 236
236 237
236 238
236 239
236 242
236 243
236 244
236 245
236 246
236 247
236 248
236 249
236 250
236 251
236 252
236 253
236 254
236 255
237 237
237 238
237 239
237 242
237 243
237 244
237 245
237 246
237 247
237 248
237 249
237 250
237 251
237 252
237 253
237 254
237 255
238 238
238 239
238 242
238 243
238 244
238 245
238 246
238 247
238 248
238 249
238 250
238 251
238 252
238 253
238 254
238 255
239 239
239 242
239 243
239 244
239 245
239 246
239 247
239 248
239 249
239 250
239 251
239 252
239 253
239 254
239 255
240 242
240 243
240 244
240 245
240 246
240 247
241 242
241 243
241 244
241 245
241 246
241 247
241 258
241 259
241 260
241 261
241 262
241 263
242 248
242 249
242 252
242 253
242 254
242 255
242 256
242 257
242 264
242 265
242 268
242 269
242 270
242 271
242 250
242 251
242 266
242 267
243 248
243 249
243 252
243 253
243 254
243 255
243 256
243 257
243 264
243 265
243 268
243 269
243 270
243 271
243 250
243 251
243 266
243 267
244 248
244 249
244 250
244 251
244 252
244 253
244 254
244 255
245 248
245 249
245 250
245 251
245 256
245 257
245 264
245 265
245 266
245 267
245 252
245 253
245 254
245 255
245 268
245 269
245 270
245 271
246 248
246 249
246 252
246 253
246 254
246 255
247 248
247 249
247 256
247 257
247 264
247 265
247 252
247 253
247 254
247 255
247 268
247 269
247 270
247 271
248 250
248 251
248 252
248 253
248 254
248 255
249 258
249 259
249 260
249 261
249 262
249 263
249 250
249 251
249 252
249 253
249 254
249 255
249 266
249 267
249 268
249 269
249 270
249 271
250 250
250 251
250 252
250 253
250 254
250 255
251 251
251 252
251 253
251 254
251 255
251 258
251 259
251 260
251 261
251 264
251 265
251 266
251 267
251 268
251 269
251 270
251 271
252 252
252 253
252 254
252 255
252 258
252 259
252 260
252 261
252 262
252 263
252 264
252 265
252 266
252 267
252 268
252 269
252 270
252 271
253 253
253 254
253 255
253 258
253 259
253 260
253 261
253 262
253 263
253 264
253 265
253 266
253 267
253 268
253 269
253 270
253 271
254 254
254 255
254 258
254 259
254 260
254 261
254 262
254 263
254 264
254 265
254 266
254 267
254 268
254 269
254 270
254 271
255 255
255 258
255 259
255 260
255 261
255 262
255 263
255 264
255 265
255 266
255 267
255 268
255 269
255 270
255 271
256 258
256 259
256 260
256 261
256 262
256 263
257 258
257 259
257 260
257 261
257 262
257 263
257 274
257 275
257 276
257 277
257 278
257 279
258 264
258 265
258 268
258 269
258 270
258 271
258 272
258 273
258 280
258 281
258 284
258 285
258 286
258 287
258 266
258 267
258 282
258 283
259 264
259 265
259 268
259 269
259 270
259 271
259 272
259 273
259 280
259 281
259 284
259 285
259 286
259 287
259 266
259 267
259 282
259 283
260 264
260 265
260 266
260 267
260 268
260 269
260 270
260 271
261 264
261 265
261 266
261 267
261 272
261 273
261 280
261 281
261 282
261 283
261 268
261 269
261 270
261 271
261 284
261 285
261 286
261 287
262 264
262 265
262 268
262 269
262 270
262 271
263 264
263 265
263 272
263 273
263 280
263 281
263 268
263 269
263 270
263 271
263 284
263 285
263 286
263 287
264 266
264 267
264 268
264 269
264 270
264 271
265 274
265 275
265 276
265 277
265 278
265 279
265 266
265 267
265 268
265 269
265 270
265 271
265 282
265 283
265 284
265 285
265 286
265 287
266 266
266 267
266 268
266 269
266 270
266 271
267 267
267 268
267 269
267 270
267 271
267 274
267 275
267 276
267 277
267 280
267 281
267 282
267 283
267 284
267 285
267 286
267 287
268 268
268 269
268 270
268 271
268 274
268 275
268 276
268 277
268 278
268 279
268 280
268 281
268 282
268 283
268 284
268 285
268 286
268 287
269 269
269 270
269 271
269 274
269 275
269 276
269 277
269 278
269 279
269 280
269 281
269 282
269 283
269 284
269 285
269 286
269 287
270 270
270 271
270 274
270 275
270 276
270 277
270 278
270 279
270 280
270 281
270 282
270 283
270 284
270 285
270 286
270 287
271 271
271 274
271 275
271 276
271 277
271 278
271 279
271 280
271 281
271 282
271 283
271 284
271 285
271 286
271 287
272 274
272 275
272 276
272 277
272 278
272 279
273 274
273 275
273 276
273 277
273 278
273 279
273 290
273 291
273 292
273 293
273 294
273 295
274 280
274 281
274 284
274 285
274 286
274 287
274 288
274 289
274 296
274 297
274 300
274 301
274 302
274 303
274 282
274 283
274 298
274 299
275 280
275 281
275 284
275 285
275 286
275 287
275 288
275 289
275 296
275 297
275 300
275 301
275 302
275 303
275 282
275 283
275 298
275 299
276 280
276 281
276 282
276 283
276 284
276 285
276 286
276 287
277 280
277 281
277 282
277 283
277 288
277 289
277 296
277 297
277 298
277 299
277 284
277 285
277 286
277 287
277 300
277 301
277 302
277 303
278 280
278 281
278 284
278 285
278 286
278 287
279 280
279 281
279 288
279 289
279 296
279 297
279 284
279 285
279 286
279 287
279 300
279 301
279 302
279 303
280 282
280 283
280 284
280 285
280 286
280 287
281 290
281 291
281 292
281 293
281 294
281 295
281 282
281 283
281 284
281 285
281 286
281 287
281 298
281 299
281 300
281 301
281 302
281 303
282 282
282 283
282 284
282 285
282 286
282 287
283 283
283 284
283 285
283 286
283 287
283 290
283 291
283 292
283 293
283 296
283 297
283 298
283 299
283 300
283 301
283 302
283 303
284 284
284 285
284 286
284 287
284 290
284 291
284 292
284 293
284 294
284 295
284 296
284 297
284 298
284 299
284 300
284 301
284 302
284 303
285 285
285 286
285 287
285 290
285 291
285 292
285 293
285 294
285 295
285 296
285 297
285 298
285 299
285 300
285 301
285 302
285 303
286 286
286 287
286 290
286 291
286 292
286 293
286 294
286 295
286 296
286 297
286 298
286 299
286 300
286 301
286 302
286 303
287 287
287 290
287 291
287 292
287 293
287 294
287 295
287 296
287 297
287 298
287 299
287 300
287 301
287 302
287 303
288 290
288 291
288 292
288 293
288 294
288 295
289 290
289 291
289 292
289 293
289 294
289 295
289 306
289 307
289 308
289 309
289 310
289 311
290 296
290 297
290 300
290 301
290 302
290 303
290 304
290 305
290 312
290 313
290 316
290 317
290 318
290 319
290 298
290 299
290 314
290 315
291 296
291 297
291 300
291 301
291 302
291 303
291 304
291 305
291 312
291 313
291 316
291 317
291 318
291 319
291 298
291 299
291 314
291 315
292 296
292 297
292 298
292 299
292 300
292 301
292 302
292 303
293 296
293 297
293 298
293 299
293 304
293 305
293 312
293 313
293 314
293 315
293 300
293 301
293 302
293 303
293 316
293 317
293 318
293 319
294 296
294 297
294 300
294 301
294 302
294 303
295 296
295 297
295 304
295 305
295 312
295 313
295 300
295 301
295 302
295 303
295 316
295 317
295 318
295 319
296 298
296 299
296 300
296 301
296 302
296 303
297 306
297 307
297 308
297 309
297 310
297 311
297 298
297 299
297 300
297 301
297 302
297 303
297 314
297 315
297 316
297 317
297 318
297 319
298 298
298 299
298 300
298 301
298 302
298 303
299 299
299 300
299 301
299 302
299 303
299 306
299 307
299 308
299 309
299 312
299 313
299 314
299 315
299 316
299 317
299 318
299 319
300 300
300 301
300 302
300 303
300 306
300 307
300 308
300 309
300 310
300 311
300 312
300 313
300 314
300 315
300 316
300 317
300 318
300 319
301 301
301 302
301 303
301 306
301 307
301 308
301 309
301 310
301 311
301 312
301 313
301 314
301 315
301 316
301 317
301 318
301 319
302 302
302 303
302 306
302 307
302 308
302 309
302 310
302 311
302 312
302 313
302 314
302 315
302 316
302 317
302 318
302 319
303 303
303 306
303 307
303 308
303 309
303 310
303 311
303 312
303 313
303 314
303 315
303 316
303 317
303 318
303 319
304 306
304 307
304 308
304 309
304 310
304 311
305 306
305 307
305 308
305 309
305 310
305 311
305 322
305 323
305 324
305 325
305 326
305 327
306 312
306 313
306 316
306 317
306 318
306 319
306 320
306 321
306 328
306 329
306 332
306 333
306 334
306 335
306 314
306 315
306 330
306 331
307 312
307 313
307 316
307 317
307 318
307 319
307 320
307 321
307 328
307 329
307 332
307 333
307 334
307 335
307 314
307 315
307 330
307 331
308 312
308 313
308 314
308 315
308 316
308 317
308 318
308 319
309 312
309 313
309 314
309 315
309 320
309 321
309 328
309 329
309 330
309 331
309 316
309 317
309 318
309 319
309 332
309 333
309 334
309 335
310 312
310 313
310 316
310 317
310 318
310 319
311 312
311 313
311 320
311 321
311 328
311 329
311 316
311 317
311 318
311 319
311 332
311 333
311 334
311 335
312 314
312 315
312 316
312 317
312 318
312 319
313 322
313 323
313 324
313 325
313 326
313 327
313 314
313 315
313 316
313 317
313 318
313 319
313 330
313 331
313 332
313 333
313 334
313 335
314 314
314 315
314 316
314 317
314 318
314 319
315 315
315 316
315 317
315 318
315 319
315 322
315 323
315 324
315 325
315 328
315 329
315 330
315 331
315 332
315 333
315 334
315 335
316 316
316 317
316 318
316 319
316 322
316 323
316 324
316 325
316 326
316 327
316 328
316 329
316 330
316 331
316 332
316 333
316 334
316 335
317 317
317 318
317 319
317 322
317 323
317 324
317 325
317 326
317 327
317 328
317 329
317 330
317 331
317 332
317 333
317 334
317 335
318 318
318 319
318 322
318 323
318 324
318 325
318 326
318 327
318 328
318 329
318 330
318 331
318 332
318 333
318 334
318 335
319 319
319 322
319 323
319 324
319 325
319 326
319 327
319 328
319 329
319 330
319 331
319 332
319 333
319 334
319 335
320 322
320 323
320 324
320 325
320 326
320 327
321 322
321 323
321 324
321 325
321 326
321 327
321 338
321 339
321 340
321 341
321 342
321 343
322 328
322 329
322 332
322 333
322 334
322 335
322 336
322 337
322 344
322 345
322 348
322 349
322 350
322 351
322 330
322 331
322 346
322 347
323 328
323 329
323 332
323 333
323 334
323 335
323 336
323 337
323 344
323 345
323 348
323 349
323 350
323 351
323 330
323 331
323 346
323 347
324 328
324 329
324 330
324 331
324 332
324 333
324 334
324 335
325 328
325 329
325 330
325 331
325 336
325 337
325 344
325 345
325 346
325 347
325 332
325 333
325 334
325 335
325 348
325 349
325 350
325 351
326 328
326 329
326 332
326 333
326 334
326 335
327 328
327 329
327 336
327 337
327 344
327 345
327 332
327 333
327 334
327 335
327 348
327 349
327 350
327 351
328 330
328 331
328 332
328 333
328 334
328 335
329 338
329 339
329 340
329 341
329 342
329 343
329 330
329 331
329 332
329 333
329 334
329 335
329 346
329 347
329 348
329 349
329 350
329 351
330 330
330 331
330 332
330 333
330 334
330 335
331 331
331 332
331 333
331 334
331 335
331 338
331 339
331 340
331 341
331 344
331 345
331 346
331 347
331 348
331 349
331 350
331 351
332 332
332 333
332 334
332 335
332 338
332 339
332 340
332 341
332 342
332 343
332 344
332 345
332 346
332 347
332 348
332 349
332 350
332 351
333 333
333 334
333 335
333 338
333 339
333 340
333 341
333 342
333 343
333 344
333 345
333 346
333 347
333 348
333 349
333 350
333 351
334 334
334 335
334 338
334 339
334 340
334 341
334 342
334 343
334 344
334 345
334 346
334 347
334 348
334 349
334 350
334 351
335 335
335 338
335 339
335 340
335 341
335 342
335 343
335 344
335 345
335 346
335 347
335 348
335 349
335 350
335 351
336 338
336 339
336 340
336 341
336 342
336 343
337 338
337 339
337 340
337 341
337 342
337 343
337 354
337 355
337 356
337 357
337 358
337 359
338 344
338 345
338 348
338 349
338 350
338 351
338 352
338 353
338 360
338 361
338 364
338 365
338 366
338 367
338 346
338 347
338 362
338 363
339 344
339 345
339 348
339 349
339 350
339 351
339 352
339 353
339 360
339 361
339 364
339 365
339 366
339 367
339 346
339 347
339 362
339 363
340 344
340 345
340 346
340 347
340 348
340 349
340 350
340 351
341 344
341 345
341 346
341 347
341 352
341 353
341 360
341 361
341 362
341 363
341 348
341 349
341 350
341 351
341 364
341 365
341 366
341 367
342 344
342 345
342 348
342 349
342 350
342 351
343 344
343 345
343 352
343 353
343 360
343 361
343 348
343 349
343 350
343 351
343 364
343 365
343 366
343 367
344 346
344 347
344 348
344 349
344 350
344 351
345 354
345 355
345 356
345 357
345 358
345 359
345 346
345 347
345 348
345 349
345 350
345 351
345 362
345 363
345 364
345 365
345 366
345 367
346 346
346 347
346 348
346 349
346 350
346 351
347 347
347 348
347 349
347 350
347 351
347 354
347 355
347 356
347 357
347 360
347 361
347 362
347 363
347 364
347 365
347 366
347 367
348 348
348 349
348 350
348 351
348 354
348 355
348 356
348 357
348 358
348 359
348 360
348 361
348 362
348 363
348 364
348 365
348 366
348 367
349 349
349 350
349 351
349 354
349 355
349 356
349 357
349 358
349 359
349 360
349 361
349 362
349 363
349 364
349 365
349 366
349 367
350 350
350 351
350 354
350 355
350 356
350 357
350 358
350 359
350 360
350 361
350 362
350 363
350 364
350 365
350 366
350 367
351 351
351 354
351 355
351 356
351 357
351 358
351 359
351 360
351 361
351 362
351 363
351 364
351 365
351 366
351 367
352 354
352 355
352 356
352 357
352 358
352 359
353 354
353 355
353 356
353 357
353 358
353 359
353 370
353 371
353 372
353 373
353 374
353 375
354 360
354 361
354 364
354 365
354 366
354 367
354 368
354 369
354 376
354 377
354 380
354 381
354 382
354 383
354 362
354 363
354 378
354 379
355 360
355 361
355 364
355 365
355 366
355 367
355 368
355 369
355 376
355 377
355 380
355 381
355 382
355 383
355 362
355 363
355 378
355 379
356 360
356 361
356 362
356 363
356 364
356 365
356 366
356 367
357 360
357 361
357 362
357 363
357 368
357 369
357 376
357 377
357 378
357 379
357 364
357 365
357 366
357 367
357 380
357 381
357 382
357 383
358 360
358 361
358 364
358 365
358 366
358 367
359 360
359 361
359 368
359 369
359 376
359 377
359 364
359 365
359 366
359 367
359 380
359 381
359 382
359 383
360 362
360 363
360 364
360 365
360 366
360 367
361 370
361 371
361 372
361 373
361 374
361 375
361 362
361 363
361 364
361 365
361 366
361 367
361 378
361 379
361 380
361 381
361 382
361 383
362 362
362 363
362 364
362 365
362 366
362 367
363 363
363 364
363 365
363 366
363 367
363 370
363 371
363 372
363 373
363 376
363 377
363 378
363 379
363 380
363 381
363 382
363 383
364 364
364 365
364 366
364 367
364 370
364 371
364 372
364 373
364 374
364 375
364 376
364 377
364 378
364 379
364 380
364 381
364 382
364 383
365 365
365 366
365 367
365 370
365 371
365 372
365 373
365 374
365 375
365 376
365 377
365 378
365 379
365 380
365 381
365 382
365 383
366 366
366 367
366 370
366 371
366 372
366 373
366 374
366 375
366 376
366 377
366 378
366 379
366 380
366 381
366 382
366 383
367 367
367 370
367 371
367 372
367 373
367 374
367 375
367 376
367 377
367 378
367 379
367 380
367 381
367 382
367 383
368 370
368 371
368 372
368 373
368 374
368 375
369 370
369 371
369 372
369 373
369 374
369 375
369 386
369 387
369 388
369 389
369 390
369 391
370 376
370 377
370 380
370 381
370 382
370 383
370 384
370 385
370 392
370 393
370 396
370 397
370 398
370 399
370 378
370 379
370 394
370 395
371 376
371 377
371 380
371 381
371 382
371 383
371 384
371 385
371 392
371 393
371 396
371 397
371 398
371 399
371 378
371 379
371 394
371 395
372 376
372 377
372 378
372 379
372 380
372 381
372 382
372 383
373 376
373 377
373 378
373 379
373 384
373 385
373 392
373 393
373 394
373 395
373 380
373 381
373 382
373 383
373 396
373 397
373 398
373 399
374 376
374 377
374 380
374 381
374 382
374 383
375 376
375 377
375 384
375 385
375 392
375 393
375 380
375 381
375 382
375 383
375 396
375 397
375 398
375 399
376 378
376 379
376 380
376 381
376 382
376 383
377 386
377 387
377 388
377 389
377 390
377 391
377 378
377 379
377 380
377 381
377 382
377 383
377 394
377 395
377 396
377 397
377 398
377 399
378 378
378 379
378 380
378 381
378 382
378 383
379 379
379 380
379 381
379 382
379 383
379 386
379 387
379 388
379 389
379 392
379 393
379 394
379 395
379 396
379 397
379 398
379 399
380 380
380 381
380 382
380 383
380 386
380 387
380 388
380 389
380 390
380 391
380 392
380 393
380 394
380 395
380 396
380 397
380 398
380 399
381 381
381 382
381 383
381 386
381 387
381 388
381 389
381 390
381 391
381 392
381 393
381 394
381 395
381 396
381 397
381 398
381 399
382 382
382 383
382 386
382 387
382 388
382 389
382 390
382 391
382 392
382 393
382 394
382 395
382 396
382 397
382 398
382 399
383 383
383 386
383 387
383 388
383 389
383 390
383 391
383 392
383 393
383 394
383 395
383 396
383 397
383 398
383 399
384 386
384 387
384 388
384 389
384 390
384 391
385 386
385 387
385 388
385 389
385 390
385 391
385 402
385 403
385 404
385 405
385 406
385 407
386 392
386 393
386 396
386 397
386 398
386 399
386 400
386 401
386 408
386 409
386 412
386 413
386 414
386 415
386 394
386 395
386 410
386 411
387 392
387 393
387 396
387 397
387 398
387 399
387 400
387 401
387 408
387 409
387 412
387 413
387 414
387 415
387 394
387 395
387 410
387 411
388 392
388 393
388 394
388 395
388 396
388 397
388 398
388 399
389 392
389 393
389 394
389 395
389 400
389 401
389 408
389 409
389 410
389 411
389 396
389 397
389 398
389 399
389 412
389 413
389 414
389 415
390 392
390 393
390 396
390 397
390 398
390 399
391 392
391 393
391 400
391 401
391 408
391 409
391 396
391 397
391 398
391 399
391 412
391 413
391 414
391 415
392 394
392 395
392 396
392 397
392 398
392 399
393 402
393 403
393 404
393 405
393 406
393 407
393 394
393 395
393 396
393 397
393 398
393 399
393 410
393 411
393 412
393 413
393 414
393 415
394 394
394 395
394 396
394 397
394 398
394 399
395 395
395 396
395 397
395 398
395 399
395 402
395 403
395 404
395 405
395 408
395 409
395 410
395 411
395 412
395 413
395 414
395 415
396 396
396 397
396 398
396 399
396 402
396 403
396 404
396 405
396 406
396 407
396 408
396 409
396 410
396 411
396 412
396 413
396 414
396 415
397 397
397 398
397 399
397 402
397 403
397 404
397 405
397 406
397 407
397 408
397 409
397 410
397 411
397 412
397 413
397 414
397 415
398 398
398 399
398 402
398 403
398 404
398 405
398 406
398 407
398 408
398 409
398 410
398 411
398 412
398 413
398 414
398 415
399 399
399 402
399 403
399 404
399 405
399 406
399 407
399 408
399 409
399 410
399 411
399 412
399 413
399 414
399 415
400 402
400 403
400 404
400 405
400 406
400 407
401 402
401 403
401 404
401 405
401 406
401 407
402 408
402 409
402 412
402 413
402 414
402 415
402 410
402 411
403 408
403 409
403 412
403 413
403 414
403 415
403 410
403 411
404 408
404 409
404 410
404 411
404 412
404 413
404 414
404 415
405 408
405 409
405 410
405 411
405 412
405 413
405 414
405 415
406 408
406 409
406 412
406 413
406 414
406 415
407 408
407 409
407 412
407 413
407 414
407 415
408 410
408 411
408 412
408 413
408 414
408 415
409 410
409 411
409 412
409 413
409 414
409 415
410 410
410 411
410 412
410 413
410 414
410 415
411 411
411 412
411 413
411 414
411 415
412 412
412 413
412 414
412 415
413 413
413 414
413 415
414 414
414 415
415 415
