0 0
1 1
1 16
1 17
2 2
3 3
3 18
3 19
4 4
5 5
5 7
5 20
5 21
5 22
5 23
6 6
7 7
7 20
7 21
7 22
7 23
8 8
9 9
9 24
9 25
10 10
11 11
11 26
11 27
12 12
13 13
13 28
13 29
14 14
14 15
14 30
14 31
15 15
15 30
15 31
16 16
16 17
17 17
17 32
17 33
18 18
18 19
18 34
18 35
19 19
19 34
19 35
20 20
20 21
20 22
20 23
21 21
21 22
21 23
21 36
21 37
21 38
21 39
22 22
22 23
23 23
23 36
23 37
23 38
23 39
24 24
24 25
25 25
25 40
25 41
26 26
26 27
27 27
27 42
27 43
28 28
28 29
28 44
28 45
29 29
29 44
29 45
30 30
30 31
30 46
30 47
31 31
31 46
31 47
32 32
32 33
33 33
33 48
33 49
34 34
34 35
34 50
34 51
35 35
35 50
35 51
36 36
36 37
36 38
36 39
37 37
37 38
37 39
37 52
37 53
37 54
37 55
38 38
38 39
39 39
39 52
39 53
39 54
39 55
40 40
40 41
41 41
41 56
41 57
42 42
42 43
43 43
43 58
43 59
44 44
44 45
44 60
44 61
45 45
45 60
45 61
46 46
46 47
46 62
46 63
47 47
47 62
47 63
48 48
48 49
49 49
49 64
49 65
50 50
50 51
50 66
50 67
51 51
51 66
51 67
52 52
52 53
52 54
52 55
53 53
53 54
53 55
53 68
53 69
53 70
53 71
54 54
54 55
55 55
55 68
55 69
55 70
55 71
56 56
56 57
57 57
57 72
57 73
58 58
58 59
59 59
59 74
59 75
60 60
60 61
60 76
60 77
61 61
61 76
61 77
62 62
62 63
62 78
62 79
63 63
63 78
63 79
64 64
64 65
65 65
65 80
65 81
66 66
66 67
66 82
66 83
67 67
67 82
67 83
68 68
68 69
68 70
68 71
69 69
69 70
69 71
69 84
69 85
69 86
69 87
70 70
70 71
71 71
71 84
71 85
71 86
71 87
72 72
72 73
73 73
73 88
73 89
74 74
74 75
75 75
75 90
75 91
76 76
76 77
76 92
76 93
77 77
77 92
77 93
78 78
78 79
78 94
78 95
79 79
79 94
79 95
80 80
80 81
81 81
81 96
81 97
82 82
82 83
82 98
82 99
83 83
83 98
83 99
84 84
84 85
84 86
84 87
85 85
85 86
85 87
85 100
85 101
85 102
85 103
86 86
86 87
87 87
87 100
87 101
87 102
87 103
88 88
88 89
89 89
89 104
89 105
90 90
90 91
91 91
91 106
91 107
92 92
92 93
92 108
92 109
93 93
93 108
93 109
94 94
94 95
94 110
94 111
95 95
95 110
95 111
96 96
96 97
97 97
97 112
97 113
98 98
98 99
98 114
98 115
99 99
99 114
99 115
100 100
100 101
100 102
100 103
101 101
101 102
101 103
101 116
101 117
101 118
101 119
102 102
102 103
103 103
103 116
103 117
103 118
103 119
104 104
104 105
105 105
105 120
105 121
106 106
106 107
107 107
107 122
107 123
108 108
108 109
108 124
108 125
109 109
109 124
109 125
110 110
110 111
110 126
110 127
111 111
111 126
111 127
112 112
112 113
113 113
113 128
113 129
114 114
114 115
114 130
114 131
115 115
115 130
115 131
116 116
116 117
116 118
116 119
117 117
117 118
117 119
117 132
117 133
117 134
117 135
118 118
118 119
119 119
119 132
119 133
119 134
119 135
120 120
120 121
121 121
121 136
121 137
122 122
122 123
123 123
123 138
123 139
124 124
124 125
124 140
124 141
125 125
125 140
125 141
126 126
126 127
126 142
126 143
127 127
127 142
127 143
128 128
128 129
129 129
129 144
129 145
130 130
130 131
130 146
130 147
131 131
131 146
131 147
132 132
132 133
132 134
132 135
133 133
133 134
133 135
133 148
133 149
133 150
133 151
134 134
134 135
135 135
135 148
135 149
135 150
135 151
136 136
136 137
137 137
137 152
137 153
138 138
138 139
139 139
139 154
139 155
140 140
140 141
140 156
140 157
141 141
141 156
141 157
142 142
142 143
142 158
142 159
143 143
143 158
143 159
144 144
144 145
145 145
145 160
145 161
146 146
146 147
146 162
146 163
147 147
147 162
147 163
148 148
148 149
148 150
148 151
149 149
149 150
149 151
149 164
149 165
149 166
149 167
150 150
150 151
151 151
151 164
151 165
151 166
151 167
152 152
152 153
153 153
153 168
153 169
154 154
154 155
155 155
155 170
155 171
156 156
156 157
156 172
156 173
157 157
157 172
157 173
158 158
158 159
158 174
158 175
159 159
159 174
159 175
160 160
160 161
161 161
161 176
161 177
162 162
162 163
162 178
162 179
163 163
163 178
163 179
164 164
164 165
164 166
164 167
165 165
165 166
165 167
165 180
165 181
165 182
165 183
166 166
166 167
167 167
167 180
167 181
167 182
167 183
168 168
168 169
169 169
169 184
169 185
170 170
170 171
171 171
171 186
171 187
172 172
172 173
172 188
172 189
173 173
173 188
173 189
174 174
174 175
174 190
174 191
175 175
175 190
175 191
176 176
176 177
177 177
177 192
177 193
178 178
178 179
178 194
178 195
179 179
179 194
179 195
180 180
180 181
180 182
180 183
181 181
181 182
181 183
181 196
181 197
181 198
181 199
182 182
182 183
183 183
183 196
183 197
183 198
183 199
184 184
184 185
185 185
185 200
185 201
186 186
186 187
187 187
187 202
187 203
188 188
188 189
188 204
188 205
189 189
189 204
189 205
190 190
190 191
190 206
190 207
191 191
191 206
191 207
192 192
192 193
193 193
193 208
193 209
194 194
194 195
194 210
194 211
195 195
195 210
195 211
196 196
196 197
196 198
196 199
197 197
197 198
197 199
197 212
197 213
197 214
197 215
198 198
198 199
199 199
199 212
199 213
199 214
199 215
200 200
200 201
201 201
201 216
201 217
202 202
202 203
203 203
203 218
203 219
204 204
204 205
204 220
204 221
205 205
205 220
205 221
206 206
206 207
206 222
206 223
207 207
207 222
207 223
208 208
208 209
209 209
209 224
209 225
210 210
210 211
210 226
210 227
211 211
211 226
211 227
212 212
212 213
212 214
212 215
213 213
213 214
213 215
213 228
213 229
213 230
213 231
214 214
214 215
215 215
215 228
215 229
215 230
215 231
216 216
216 217
217 217
217 232
217 233
218 218
218 219
219 219
219 234
219 235
220 220
220 221
220 236
220 237
221 221
221 236
221 237
222 222
222 223
222 238
222 239
223 223
223 238
223 239
224 224
224 225
225 225
225 240
225 241
226 226
226 227
226 242
226 243
227 227
227 242
227 243
228 228
228 229
228 230
228 231
229 229
229 230
229 231
229 244
229 245
229 246
229 247
230 230
230 231
231 231
231 244
231 245
231 246
231 247
232 232
232 233
233 233
233 248
233 249
234 234
234 235
235 235
235 250
235 251
236 236
236 237
236 252
236 253
237 237
237 252
237 253
238 238
238 239
238 254
238 255
239 239
239 254
239 255
240 240
240 241
241 241
241 256
241 257
242 242
242 243
242 258
242 259
243 243
243 258
243 259
244 244
244 245
244 246
244 247
245 245
245 246
245 247
245 260
245 261
245 262
245 263
246 246
246 247
247 247
247 260
247 261
247 262
247 263
248 248
248 249
249 249
249 264
249 265
250 250
250 251
251 251
251 266
251 267
252 252
252 253
252 268
252 269
253 253
253 268
253 269
254 254
254 255
254 270
254 271
255 255
255 270
255 271
256 256
256 257
257 257
257 272
257 273
258 258
258 259
258 274
258 275
259 259
259 274
259 275
260 260
260 261
260 262
260 263
261 261
261 262
261 263
261 276
261 277
261 278
261 279
262 262
262 263
263 263
263 276
263 277
263 278
263 279
264 264
264 265
265 265
265 280
265 281
266 266
266 267
267 267
267 282
267 283
268 268
268 269
268 284
268 285
269 269
269 284
269 285
270 270
270 271
270 286
270 287
271 271
271 286
271 287
272 272
272 273
273 273
273 288
273 289
274 274
274 275
274 290
274 291
275 275
275 290
275 291
276 276
276 277
276 278
276 279
277 277
277 278
277 279
277 292
277 293
277 294
277 295
278 278
278 279
279 279
279 292
279 293
279 294
279 295
280 280
280 281
281 281
281 296
281 297
282 282
282 283
283 283
283 298
283 299
284 284
284 285
284 300
284 301
285 285
285 300
285 301
286 286
286 287
286 302
286 303
287 287
287 302
287 303
288 288
288 289
289 289
289 304
289 305
290 290
290 291
290 306
290 307
291 291
291 306
291 307
292 292
292 293
292 294
292 295
293 293
293 294
293 295
293 308
293 309
293 310
293 311
294 294
294 295
295 295
295 308
295 309
295 310
295 311
296 296
296 297
297 297
297 312
297 313
298 298
298 299
299 299
299 314
299 315
300 300
300 301
300 316
300 317
301 301
301 316
301 317
302 302
302 303
302 318
302 319
303 303
303 318
303 319
304 304
304 305
305 305
305 320
305 321
306 306
306 307
306 322
306 323
307 307
307 322
307 323
308 308
308 309
308 310
308 311
309 309
309 310
309 311
309 324
309 325
309 326
309 327
310 310
310 311
311 311
311 324
311 325
311 326
311 327
312 312
312 313
313 313
313 328
313 329
314 314
314 315
315 315
315 330
315 331
316 316
316 317
316 332
316 333
317 317
317 332
317 333
318 318
318 319
318 334
318 335
319 319
319 334
319 335
320 320
320 321
321 321
321 336
321 337
322 322
322 323
322 338
322 339
323 323
323 338
323 339
324 324
324 325
324 326
324 327
325 325
325 326
325 327
325 340
325 341
325 342
325 343
326 326
326 327
327 327
327 340
327 341
327 342
327 343
328 328
328 329
329 329
329 344
329 345
330 330
330 331
331 331
331 346
331 347
332 332
332 333
332 348
332 349
333 333
333 348
333 349
334 334
334 335
334 350
334 351
335 335
335 350
335 351
336 336
336 337
337 337
337 352
337 353
338 338
338 339
338 354
338 355
339 339
339 354
339 355
340 340
340 341
340 342
340 343
341 341
341 342
341 343
341 356
341 357
341 358
341 359
342 342
342 343
343 343
343 356
343 357
343 358
343 359
344 344
344 345
345 345
345 360
345 361
346 346
346 347
347 347
347 362
347 363
348 348
348 349
348 364
348 365
349 349
349 364
349 365
350 350
350 351
350 366
350 367
351 351
351 366
351 367
352 352
352 353
353 353
353 368
353 369
354 354
354 355
354 370
354 371
355 355
355 370
355 371
356 356
356 357
356 358
356 359
357 357
357 358
357 359
357 372
357 373
357 374
357 375
358 358
358 359
359 359
359 372
359 373
359 374
359 375
360 360
360 361
361 361
361 376
361 377
362 362
362 363
363 363
363 378
363 379
364 364
364 365
364 380
364 381
365 365
365 380
365 381
366 366
366 367
366 382
366 383
367 367
367 382
367 383
368 368
368 369
369 369
369 384
369 385
370 370
370 371
370 386
370 387
371 371
371 386
371 387
372 372
372 373
372 374
372 375
373 373
373 374
373 375
373 388
373 389
373 390
373 391
374 374
374 375
375 375
375 388
375 389
375 390
375 391
376 376
376 377
377 377
377 392
377 393
378 378
378 379
379 379
379 394
379 395
380 380
380 381
380 396
380 397
381 381
381 396
381 397
382 382
382 383
382 398
382 399
383 383
383 398
383 399
384 384
384 385
385 385
385 400
385 401
386 386
386 387
386 402
386 403
387 387
387 402
387 403
388 388
388 389
388 390
388 391
389 389
389 390
389 391
389 404
389 405
389 406
389 407
390 390
390 391
391 391
391 404
391 405
391 406
391 407
392 392
392 393
393 393
393 408
393 409
394 394
394 395
395 395
395 410
395 411
396 396
396 397
396 412
396 413
397 397
397 412
397 413
398 398
398 399
398 414
398 415
399 399
399 414
399 415
400 400
400 401
401 401
402 402
402 403
403 403
404 404
404 405
404 406
404 407
405 405
405 406
405 407
406 406
406 407
407 407
408 408
408 409
409 409
410 410
410 411
411 411
412 412
412 413
413 413
414 414
414 415
415 415
