0 0
0 1
0 2
0 3
1 1
1 2
2 2
2 3
2 4
2 5
3 3
3 4
4 4
4 5
4 6
4 7
5 5
5 6
6 6
6 7
6 8
6 9
7 7
7 8
8 8
8 9
8 10
8 11
9 9
9 10
10 10
10 11
10 12
10 13
11 11
11 12
12 12
12 13
12 14
12 15
13 13
13 14
14 14
14 15
14 16
14 17
15 15
15 16
16 16
16 17
16 18
16 19
17 17
17 18
18 18
18 19
18 20
18 21
19 19
19 20
20 20
20 21
20 22
20 23
21 21
21 22
22 22
22 23
22 24
22 25
23 23
23 24
24 24
24 25
24 26
24 27
25 25
25 26
26 26
26 27
26 28
26 29
27 27
27 28
28 28
28 29
28 30
28 31
29 29
29 30
30 30
30 31
30 32
30 33
31 31
31 32
32 32
32 33
32 34
32 35
33 33
33 34
34 34
34 35
34 36
34 37
35 35
35 36
36 36
36 37
36 38
36 39
37 37
37 38
38 38
38 39
38 40
38 41
39 39
39 40
40 40
40 41
40 42
40 43
41 41
41 42
42 42
42 43
42 44
42 45
43 43
43 44
44 44
44 45
44 46
44 47
45 45
45 46
46 46
46 47
46 48
46 49
47 47
47 48
48 48
48 49
48 50
48 51
49 49
49 50
50 50
50 51
50 52
50 53
51 51
51 52
52 52
52 53
52 54
52 55
53 53
53 54
54 54
54 55
54 56
54 57
55 55
55 56
56 56
56 57
56 58
56 59
57 57
57 58
58 58
58 59
58 60
58 61
59 59
59 60
60 60
60 61
60 62
60 63
61 61
61 62
62 62
62 63
62 64
62 65
63 63
63 64
64 64
64 65
64 66
64 67
65 65
65 66
66 66
66 67
66 68
66 69
67 67
67 68
68 68
68 69
68 70
68 71
69 69
69 70
70 70
70 71
70 72
70 73
71 71
71 72
72 72
72 73
72 74
72 75
73 73
73 74
74 74
74 75
74 76
74 77
75 75
75 76
76 76
76 77
76 78
76 79
77 77
77 78
78 78
78 79
78 80
78 81
79 79
79 80
80 80
80 81
80 82
80 83
81 81
81 82
82 82
82 83
82 84
82 85
83 83
83 84
84 84
84 85
84 86
84 87
85 85
85 86
86 86
86 87
86 88
86 89
87 87
87 88
88 88
88 89
88 90
88 91
89 89
89 90
90 90
90 91
90 92
90 93
91 91
91 92
92 92
92 93
92 94
92 95
93 93
93 94
94 94
94 95
94 96
94 97
95 95
95 96
96 96
96 97
96 98
96 99
97 97
97 98
98 98
98 99
99 99
