0 0
0 1
0 2
0 3
1 1
1 2
2 2
2 3
2 4
2 5
3 3
3 4
4 4
4 5
4 6
4 7
5 5
5 6
6 6
6 7
6 8
6 9
7 7
7 8
8 8
8 9
8 10
8 11
9 9
9 10
10 10
10 11
10 12
10 13
11 11
11 12
12 12
12 13
12 14
12 15
13 13
13 14
14 14
14 15
14 16
14 17
15 15
15 16
16 16
16 17
16 18
16 19
17 17
17 18
18 18
18 19
18 20
18 21
19 19
19 20
20 20
20 21
20 22
20 23
21 21
21 22
22 22
22 23
22 24
22 25
23 23
23 24
24 24
24 25
24 26
24 27
25 25
25 26
26 26
26 27
26 28
26 29
27 27
27 28
28 28
28 29
28 30
28 31
29 29
29 30
30 30
30 31
30 32
30 33
31 31
31 32
32 32
32 33
32 34
32 35
33 33
33 34
34 34
34 35
34 36
34 37
35 35
35 36
36 36
36 37
36 38
36 39
37 37
37 38
38 38
38 39
38 40
38 41
39 39
39 40
40 40
40 41
40 42
40 43
41 41
41 42
42 42
42 43
42 44
42 45
43 43
43 44
44 44
44 45
44 46
44 47
45 45
45 46
46 46
46 47
46 48
46 49
47 47
47 48
48 48
48 49
48 50
48 51
49 49
49 50
50 50
50 51
50 52
50 53
51 51
51 52
52 52
52 53
52 54
52 55
53 53
53 54
54 54
54 55
54 56
54 57
55 55
55 56
56 56
56 57
56 58
56 59
57 57
57 58
58 58
58 59
58 60
58 61
59 59
59 60
60 60
60 61
60 62
60 63
61 61
61 62
62 62
62 63
62 64
62 65
63 63
63 64
64 64
64 65
64 66
64 67
65 65
65 66
66 66
66 67
66 68
66 69
67 67
67 68
68 68
68 69
68 70
68 71
69 69
69 70
70 70
70 71
70 72
70 73
71 71
71 72
72 72
72 73
72 74
72 75
73 73
73 74
74 74
74 75
74 76
74 77
75 75
75 76
76 76
76 77
76 78
76 79
77 77
77 78
78 78
78 79
78 80
78 81
79 79
79 80
80 80
80 81
80 82
80 83
81 81
81 82
82 82
82 83
82 84
82 85
83 83
83 84
84 84
84 85
84 86
84 87
85 85
85 86
86 86
86 87
86 88
86 89
87 87
87 88
88 88
88 89
88 90
88 91
89 89
89 90
90 90
90 91
90 92
90 93
91 91
91 92
92 92
92 93
92 94
92 95
93 93
93 94
94 94
94 95
94 96
94 97
95 95
95 96
96 96
96 97
96 98
96 99
97 97
97 98
98 98
98 99
98 100
98 101
99 99
99 100
100 100
100 101
100 102
100 103
101 101
101 102
102 102
102 103
102 104
102 105
103 103
103 104
104 104
104 105
104 106
104 107
105 105
105 106
106 106
106 107
106 108
106 109
107 107
107 108
108 108
108 109
108 110
108 111
109 109
109 110
110 110
110 111
110 112
110 113
111 111
111 112
112 112
112 113
112 114
112 115
113 113
113 114
114 114
114 115
114 116
114 117
115 115
115 116
116 116
116 117
116 118
116 119
117 117
117 118
118 118
118 119
118 120
118 121
119 119
119 120
120 120
120 121
120 122
120 123
121 121
121 122
122 122
122 123
122 124
122 125
123 123
123 124
124 124
124 125
124 126
124 127
125 125
125 126
126 126
126 127
126 128
126 129
127 127
127 128
128 128
128 129
128 130
128 131
129 129
129 130
130 130
130 131
130 132
130 133
131 131
131 132
132 132
132 133
132 134
132 135
133 133
133 134
134 134
134 135
134 136
134 137
135 135
135 136
136 136
136 137
136 138
136 139
137 137
137 138
138 138
138 139
138 140
138 141
139 139
139 140
140 140
140 141
140 142
140 143
141 141
141 142
142 142
142 143
142 144
142 145
143 143
143 144
144 144
144 145
144 146
144 147
145 145
145 146
146 146
146 147
146 148
146 149
147 147
147 148
148 148
148 149
148 150
148 151
149 149
149 150
150 150
150 151
150 152
150 153
151 151
151 152
152 152
152 153
152 154
152 155
153 153
153 154
154 154
154 155
154 156
154 157
155 155
155 156
156 156
156 157
156 158
156 159
157 157
157 158
158 158
158 159
158 160
158 161
159 159
159 160
160 160
160 161
160 162
160 163
161 161
161 162
162 162
162 163
162 164
162 165
163 163
163 164
164 164
164 165
164 166
164 167
165 165
165 166
166 166
166 167
166 168
166 169
167 167
167 168
168 168
168 169
168 170
168 171
169 169
169 170
170 170
170 171
170 172
170 173
171 171
171 172
172 172
172 173
172 174
172 175
173 173
173 174
174 174
174 175
174 176
174 177
175 175
175 176
176 176
176 177
176 178
176 179
177 177
177 178
178 178
178 179
178 180
178 181
179 179
179 180
180 180
180 181
180 182
180 183
181 181
181 182
182 182
182 183
182 184
182 185
183 183
183 184
184 184
184 185
184 186
184 187
185 185
185 186
186 186
186 187
186 188
186 189
187 187
187 188
188 188
188 189
188 190
188 191
189 189
189 190
190 190
190 191
190 192
190 193
191 191
191 192
192 192
192 193
192 194
192 195
193 193
193 194
194 194
194 195
194 196
194 197
195 195
195 196
196 196
196 197
196 198
196 199
197 197
197 198
198 198
198 199
198 200
198 201
199 199
199 200
200 200
200 201
200 202
200 203
201 201
201 202
202 202
202 203
202 204
202 205
203 203
203 204
204 204
204 205
204 206
204 207
205 205
205 206
206 206
206 207
206 208
206 209
207 207
207 208
208 208
208 209
208 210
208 211
209 209
209 210
210 210
210 211
210 212
210 213
211 211
211 212
212 212
212 213
212 214
212 215
213 213
213 214
214 214
214 215
214 216
214 217
215 215
215 216
216 216
216 217
216 218
216 219
217 217
217 218
218 218
218 219
218 220
218 221
219 219
219 220
220 220
220 221
220 222
220 223
221 221
221 222
222 222
222 223
222 224
222 225
223 223
223 224
224 224
224 225
224 226
224 227
225 225
225 226
226 226
226 227
226 228
226 229
227 227
227 228
228 228
228 229
228 230
228 231
229 229
229 230
230 230
230 231
230 232
230 233
231 231
231 232
232 232
232 233
232 234
232 235
233 233
233 234
234 234
234 235
234 236
234 237
235 235
235 236
236 236
236 237
236 238
236 239
237 237
237 238
238 238
238 239
238 240
238 241
239 239
239 240
240 240
240 241
240 242
240 243
241 241
241 242
242 242
242 243
242 244
242 245
243 243
243 244
244 244
244 245
244 246
244 247
245 245
245 246
246 246
246 247
246 248
246 249
247 247
247 248
248 248
248 249
248 250
248 251
249 249
249 250
250 250
250 251
250 252
250 253
251 251
251 252
252 252
252 253
252 254
252 255
253 253
253 254
254 254
254 255
254 256
254 257
255 255
255 256
256 256
256 257
256 258
256 259
257 257
257 258
258 258
258 259
258 260
258 261
259 259
259 260
260 260
260 261
260 262
260 263
261 261
261 262
262 262
262 263
262 264
262 265
263 263
263 264
264 264
264 265
264 266
264 267
265 265
265 266
266 266
266 267
266 268
266 269
267 267
267 268
268 268
268 269
268 270
268 271
269 269
269 270
270 270
270 271
270 272
270 273
271 271
271 272
272 272
272 273
272 274
272 275
273 273
273 274
274 274
274 275
274 276
274 277
275 275
275 276
276 276
276 277
276 278
276 279
277 277
277 278
278 278
278 279
278 280
278 281
279 279
279 280
280 280
280 281
280 282
280 283
281 281
281 282
282 282
282 283
282 284
282 285
283 283
283 284
284 284
284 285
284 286
284 287
285 285
285 286
286 286
286 287
286 288
286 289
287 287
287 288
288 288
288 289
288 290
288 291
289 289
289 290
290 290
290 291
290 292
290 293
291 291
291 292
292 292
292 293
292 294
292 295
293 293
293 294
294 294
294 295
294 296
294 297
295 295
295 296
296 296
296 297
296 298
296 299
297 297
297 298
298 298
298 299
298 300
298 301
299 299
299 300
300 300
300 301
300 302
300 303
301 301
301 302
302 302
302 303
302 304
302 305
303 303
303 304
304 304
304 305
304 306
304 307
305 305
305 306
306 306
306 307
306 308
306 309
307 307
307 308
308 308
308 309
308 310
308 311
309 309
309 310
310 310
310 311
310 312
310 313
311 311
311 312
312 312
312 313
312 314
312 315
313 313
313 314
314 314
314 315
314 316
314 317
315 315
315 316
316 316
316 317
316 318
316 319
317 317
317 318
318 318
318 319
318 320
318 321
319 319
319 320
320 320
320 321
320 322
320 323
321 321
321 322
322 322
322 323
322 324
322 325
323 323
323 324
324 324
324 325
324 326
324 327
325 325
325 326
326 326
326 327
326 328
326 329
327 327
327 328
328 328
328 329
328 330
328 331
329 329
329 330
330 330
330 331
330 332
330 333
331 331
331 332
332 332
332 333
332 334
332 335
333 333
333 334
334 334
334 335
334 336
334 337
335 335
335 336
336 336
336 337
336 338
336 339
337 337
337 338
338 338
338 339
338 340
338 341
339 339
339 340
340 340
340 341
340 342
340 343
341 341
341 342
342 342
342 343
342 344
342 345
343 343
343 344
344 344
344 345
344 346
344 347
345 345
345 346
346 346
346 347
346 348
346 349
347 347
347 348
348 348
348 349
348 350
348 351
349 349
349 350
350 350
350 351
350 352
350 353
351 351
351 352
352 352
352 353
352 354
352 355
353 353
353 354
354 354
354 355
354 356
354 357
355 355
355 356
356 356
356 357
356 358
356 359
357 357
357 358
358 358
358 359
358 360
358 361
359 359
359 360
360 360
360 361
360 362
360 363
361 361
361 362
362 362
362 363
362 364
362 365
363 363
363 364
364 364
364 365
364 366
364 367
365 365
365 366
366 366
366 367
366 368
366 369
367 367
367 368
368 368
368 369
368 370
368 371
369 369
369 370
370 370
370 371
370 372
370 373
371 371
371 372
372 372
372 373
372 374
372 375
373 373
373 374
374 374
374 375
374 376
374 377
375 375
375 376
376 376
376 377
376 378
376 379
377 377
377 378
378 378
378 379
378 380
378 381
379 379
379 380
380 380
380 381
380 382
380 383
381 381
381 382
382 382
382 383
382 384
382 385
383 383
383 384
384 384
384 385
384 386
384 387
385 385
385 386
386 386
386 387
386 388
386 389
387 387
387 388
388 388
388 389
388 390
388 391
389 389
389 390
390 390
390 391
390 392
390 393
391 391
391 392
392 392
392 393
392 394
392 395
393 393
393 394
394 394
394 395
394 396
394 397
395 395
395 396
396 396
396 397
396 398
396 399
397 397
397 398
398 398
398 399
398 400
398 401
399 399
399 400
400 400
400 401
400 402
400 403
401 401
401 402
402 402
402 403
402 404
402 405
403 403
403 404
404 404
404 405
404 406
404 407
405 405
405 406
406 406
406 407
406 408
406 409
407 407
407 408
408 408
408 409
408 410
408 411
409 409
409 410
410 410
410 411
410 412
410 413
411 411
411 412
412 412
412 413
412 414
412 415
413 413
413 414
414 414
414 415
414 416
414 417
415 415
415 416
416 416
416 417
416 418
416 419
417 417
417 418
418 418
418 419
418 420
418 421
419 419
419 420
420 420
420 421
420 422
420 423
421 421
421 422
422 422
422 423
422 424
422 425
423 423
423 424
424 424
424 425
424 426
424 427
425 425
425 426
426 426
426 427
426 428
426 429
427 427
427 428
428 428
428 429
428 430
428 431
429 429
429 430
430 430
430 431
430 432
430 433
431 431
431 432
432 432
432 433
432 434
432 435
433 433
433 434
434 434
434 435
434 436
434 437
435 435
435 436
436 436
436 437
436 438
436 439
437 437
437 438
438 438
438 439
438 440
438 441
439 439
439 440
440 440
440 441
440 442
440 443
441 441
441 442
442 442
442 443
442 444
442 445
443 443
443 444
444 444
444 445
444 446
444 447
445 445
445 446
446 446
446 447
446 448
446 449
447 447
447 448
448 448
448 449
448 450
448 451
449 449
449 450
450 450
450 451
450 452
450 453
451 451
451 452
452 452
452 453
452 454
452 455
453 453
453 454
454 454
454 455
454 456
454 457
455 455
455 456
456 456
456 457
456 458
456 459
457 457
457 458
458 458
458 459
458 460
458 461
459 459
459 460
460 460
460 461
460 462
460 463
461 461
461 462
462 462
462 463
462 464
462 465
463 463
463 464
464 464
464 465
464 466
464 467
465 465
465 466
466 466
466 467
466 468
466 469
467 467
467 468
468 468
468 469
468 470
468 471
469 469
469 470
470 470
470 471
470 472
470 473
471 471
471 472
472 472
472 473
472 474
472 475
473 473
473 474
474 474
474 475
474 476
474 477
475 475
475 476
476 476
476 477
476 478
476 479
477 477
477 478
478 478
478 479
478 480
478 481
479 479
479 480
480 480
480 481
480 482
480 483
481 481
481 482
482 482
482 483
482 484
482 485
483 483
483 484
484 484
484 485
484 486
484 487
485 485
485 486
486 486
486 487
486 488
486 489
487 487
487 488
488 488
488 489
488 490
488 491
489 489
489 490
490 490
490 491
490 492
490 493
491 491
491 492
492 492
492 493
492 494
492 495
493 493
493 494
494 494
494 495
494 496
494 497
495 495
495 496
496 496
496 497
496 498
496 499
497 497
497 498
498 498
498 499
498 500
498 501
499 499
499 500
500 500
500 501
500 502
500 503
501 501
501 502
502 502
502 503
502 504
502 505
503 503
503 504
504 504
504 505
504 506
504 507
505 505
505 506
506 506
506 507
506 508
506 509
507 507
507 508
508 508
508 509
508 510
508 511
509 509
509 510
510 510
510 511
510 512
510 513
511 511
511 512
512 512
512 513
512 514
512 515
513 513
513 514
514 514
514 515
514 516
514 517
515 515
515 516
516 516
516 517
516 518
516 519
517 517
517 518
518 518
518 519
518 520
518 521
519 519
519 520
520 520
520 521
520 522
520 523
521 521
521 522
522 522
522 523
522 524
522 525
523 523
523 524
524 524
524 525
524 526
524 527
525 525
525 526
526 526
526 527
526 528
526 529
527 527
527 528
528 528
528 529
528 530
528 531
529 529
529 530
530 530
530 531
530 532
530 533
531 531
531 532
532 532
532 533
532 534
532 535
533 533
533 534
534 534
534 535
534 536
534 537
535 535
535 536
536 536
536 537
536 538
536 539
537 537
537 538
538 538
538 539
538 540
538 541
539 539
539 540
540 540
540 541
540 542
540 543
541 541
541 542
542 542
542 543
542 544
542 545
543 543
543 544
544 544
544 545
544 546
544 547
545 545
545 546
546 546
546 547
546 548
546 549
547 547
547 548
548 548
548 549
548 550
548 551
549 549
549 550
550 550
550 551
550 552
550 553
551 551
551 552
552 552
552 553
552 554
552 555
553 553
553 554
554 554
554 555
554 556
554 557
555 555
555 556
556 556
556 557
556 558
556 559
557 557
557 558
558 558
558 559
558 560
558 561
559 559
559 560
560 560
560 561
560 562
560 563
561 561
561 562
562 562
562 563
562 564
562 565
563 563
563 564
564 564
564 565
564 566
564 567
565 565
565 566
566 566
566 567
566 568
566 569
567 567
567 568
568 568
568 569
568 570
568 571
569 569
569 570
570 570
570 571
570 572
570 573
571 571
571 572
572 572
572 573
572 574
572 575
573 573
573 574
574 574
574 575
574 576
574 577
575 575
575 576
576 576
576 577
576 578
576 579
577 577
577 578
578 578
578 579
578 580
578 581
579 579
579 580
580 580
580 581
580 582
580 583
581 581
581 582
582 582
582 583
582 584
582 585
583 583
583 584
584 584
584 585
584 586
584 587
585 585
585 586
586 586
586 587
586 588
586 589
587 587
587 588
588 588
588 589
588 590
588 591
589 589
589 590
590 590
590 591
590 592
590 593
591 591
591 592
592 592
592 593
592 594
592 595
593 593
593 594
594 594
594 595
594 596
594 597
595 595
595 596
596 596
596 597
596 598
596 599
597 597
597 598
598 598
598 599
598 600
598 601
599 599
599 600
600 600
600 601
600 602
600 603
601 601
601 602
602 602
602 603
602 604
602 605
603 603
603 604
604 604
604 605
604 606
604 607
605 605
605 606
606 606
606 607
606 608
606 609
607 607
607 608
608 608
608 609
608 610
608 611
609 609
609 610
610 610
610 611
610 612
610 613
611 611
611 612
612 612
612 613
612 614
612 615
613 613
613 614
614 614
614 615
614 616
614 617
615 615
615 616
616 616
616 617
616 618
616 619
617 617
617 618
618 618
618 619
618 620
618 621
619 619
619 620
620 620
620 621
620 622
620 623
621 621
621 622
622 622
622 623
622 624
622 625
623 623
623 624
624 624
624 625
624 626
624 627
625 625
625 626
626 626
626 627
626 628
626 629
627 627
627 628
628 628
628 629
628 630
628 631
629 629
629 630
630 630
630 631
630 632
630 633
631 631
631 632
632 632
632 633
632 634
632 635
633 633
633 634
634 634
634 635
634 636
634 637
635 635
635 636
636 636
636 637
636 638
636 639
637 637
637 638
638 638
638 639
638 640
638 641
639 639
639 640
640 640
640 641
640 642
640 643
641 641
641 642
642 642
642 643
642 644
642 645
643 643
643 644
644 644
644 645
644 646
644 647
645 645
645 646
646 646
646 647
646 648
646 649
647 647
647 648
648 648
648 649
648 650
648 651
649 649
649 650
650 650
650 651
650 652
650 653
651 651
651 652
652 652
652 653
652 654
652 655
653 653
653 654
654 654
654 655
654 656
654 657
655 655
655 656
656 656
656 657
656 658
656 659
657 657
657 658
658 658
658 659
658 660
658 661
659 659
659 660
660 660
660 661
660 662
660 663
661 661
661 662
662 662
662 663
662 664
662 665
663 663
663 664
664 664
664 665
664 666
664 667
665 665
665 666
666 666
666 667
666 668
666 669
667 667
667 668
668 668
668 669
668 670
668 671
669 669
669 670
670 670
670 671
670 672
670 673
671 671
671 672
672 672
672 673
672 674
672 675
673 673
673 674
674 674
674 675
674 676
674 677
675 675
675 676
676 676
676 677
676 678
676 679
677 677
677 678
678 678
678 679
678 680
678 681
679 679
679 680
680 680
680 681
680 682
680 683
681 681
681 682
682 682
682 683
682 684
682 685
683 683
683 684
684 684
684 685
684 686
684 687
685 685
685 686
686 686
686 687
686 688
686 689
687 687
687 688
688 688
688 689
688 690
688 691
689 689
689 690
690 690
690 691
690 692
690 693
691 691
691 692
692 692
692 693
692 694
692 695
693 693
693 694
694 694
694 695
694 696
694 697
695 695
695 696
696 696
696 697
696 698
696 699
697 697
697 698
698 698
698 699
698 700
698 701
699 699
699 700
700 700
700 701
700 702
700 703
701 701
701 702
702 702
702 703
702 704
702 705
703 703
703 704
704 704
704 705
704 706
704 707
705 705
705 706
706 706
706 707
706 708
706 709
707 707
707 708
708 708
708 709
708 710
708 711
709 709
709 710
710 710
710 711
710 712
710 713
711 711
711 712
712 712
712 713
712 714
712 715
713 713
713 714
714 714
714 715
714 716
714 717
715 715
715 716
716 716
716 717
716 718
716 719
717 717
717 718
718 718
718 719
718 720
718 721
719 719
719 720
720 720
720 721
720 722
720 723
721 721
721 722
722 722
722 723
722 724
722 725
723 723
723 724
724 724
724 725
724 726
724 727
725 725
725 726
726 726
726 727
726 728
726 729
727 727
727 728
728 728
728 729
728 730
728 731
729 729
729 730
730 730
730 731
730 732
730 733
731 731
731 732
732 732
732 733
732 734
732 735
733 733
733 734
734 734
734 735
734 736
734 737
735 735
735 736
736 736
736 737
736 738
736 739
737 737
737 738
738 738
738 739
738 740
738 741
739 739
739 740
740 740
740 741
740 742
740 743
741 741
741 742
742 742
742 743
742 744
742 745
743 743
743 744
744 744
744 745
744 746
744 747
745 745
745 746
746 746
746 747
746 748
746 749
747 747
747 748
748 748
748 749
748 750
748 751
749 749
749 750
750 750
750 751
750 752
750 753
751 751
751 752
752 752
752 753
752 754
752 755
753 753
753 754
754 754
754 755
754 756
754 757
755 755
755 756
756 756
756 757
756 758
756 759
757 757
757 758
758 758
758 759
758 760
758 761
759 759
759 760
760 760
760 761
760 762
760 763
761 761
761 762
762 762
762 763
762 764
762 765
763 763
763 764
764 764
764 765
764 766
764 767
765 765
765 766
766 766
766 767
766 768
766 769
767 767
767 768
768 768
768 769
768 770
768 771
769 769
769 770
770 770
770 771
770 772
770 773
771 771
771 772
772 772
772 773
772 774
772 775
773 773
773 774
774 774
774 775
774 776
774 777
775 775
775 776
776 776
776 777
776 778
776 779
777 777
777 778
778 778
778 779
778 780
778 781
779 779
779 780
780 780
780 781
780 782
780 783
781 781
781 782
782 782
782 783
782 784
782 785
783 783
783 784
784 784
784 785
784 786
784 787
785 785
785 786
786 786
786 787
786 788
786 789
787 787
787 788
788 788
788 789
788 790
788 791
789 789
789 790
790 790
790 791
790 792
790 793
791 791
791 792
792 792
792 793
792 794
792 795
793 793
793 794
794 794
794 795
794 796
794 797
795 795
795 796
796 796
796 797
796 798
796 799
797 797
797 798
798 798
798 799
798 800
798 801
799 799
799 800
800 800
800 801
800 802
800 803
801 801
801 802
802 802
802 803
802 804
802 805
803 803
803 804
804 804
804 805
804 806
804 807
805 805
805 806
806 806
806 807
806 808
806 809
807 807
807 808
808 808
808 809
808 810
808 811
809 809
809 810
810 810
810 811
810 812
810 813
811 811
811 812
812 812
812 813
812 814
812 815
813 813
813 814
814 814
814 815
814 816
814 817
815 815
815 816
816 816
816 817
816 818
816 819
817 817
817 818
818 818
818 819
818 820
818 821
819 819
819 820
820 820
820 821
820 822
820 823
821 821
821 822
822 822
822 823
822 824
822 825
823 823
823 824
824 824
824 825
824 826
824 827
825 825
825 826
826 826
826 827
826 828
826 829
827 827
827 828
828 828
828 829
828 830
828 831
829 829
829 830
830 830
830 831
830 832
830 833
831 831
831 832
832 832
832 833
832 834
832 835
833 833
833 834
834 834
834 835
834 836
834 837
835 835
835 836
836 836
836 837
836 838
836 839
837 837
837 838
838 838
838 839
838 840
838 841
839 839
839 840
840 840
840 841
840 842
840 843
841 841
841 842
842 842
842 843
842 844
842 845
843 843
843 844
844 844
844 845
844 846
844 847
845 845
845 846
846 846
846 847
846 848
846 849
847 847
847 848
848 848
848 849
848 850
848 851
849 849
849 850
850 850
850 851
850 852
850 853
851 851
851 852
852 852
852 853
852 854
852 855
853 853
853 854
854 854
854 855
854 856
854 857
855 855
855 856
856 856
856 857
856 858
856 859
857 857
857 858
858 858
858 859
858 860
858 861
859 859
859 860
860 860
860 861
860 862
860 863
861 861
861 862
862 862
862 863
862 864
862 865
863 863
863 864
864 864
864 865
864 866
864 867
865 865
865 866
866 866
866 867
866 868
866 869
867 867
867 868
868 868
868 869
868 870
868 871
869 869
869 870
870 870
870 871
870 872
870 873
871 871
871 872
872 872
872 873
872 874
872 875
873 873
873 874
874 874
874 875
874 876
874 877
875 875
875 876
876 876
876 877
876 878
876 879
877 877
877 878
878 878
878 879
878 880
878 881
879 879
879 880
880 880
880 881
880 882
880 883
881 881
881 882
882 882
882 883
882 884
882 885
883 883
883 884
884 884
884 885
884 886
884 887
885 885
885 886
886 886
886 887
886 888
886 889
887 887
887 888
888 888
888 889
888 890
888 891
889 889
889 890
890 890
890 891
890 892
890 893
891 891
891 892
892 892
892 893
892 894
892 895
893 893
893 894
894 894
894 895
894 896
894 897
895 895
895 896
896 896
896 897
896 898
896 899
897 897
897 898
898 898
898 899
898 900
898 901
899 899
899 900
900 900
900 901
900 902
900 903
901 901
901 902
902 902
902 903
902 904
902 905
903 903
903 904
904 904
904 905
904 906
904 907
905 905
905 906
906 906
906 907
906 908
906 909
907 907
907 908
908 908
908 909
908 910
908 911
909 909
909 910
910 910
910 911
910 912
910 913
911 911
911 912
912 912
912 913
912 914
912 915
913 913
913 914
914 914
914 915
914 916
914 917
915 915
915 916
916 916
916 917
916 918
916 919
917 917
917 918
918 918
918 919
918 920
918 921
919 919
919 920
920 920
920 921
920 922
920 923
921 921
921 922
922 922
922 923
922 924
922 925
923 923
923 924
924 924
924 925
924 926
924 927
925 925
925 926
926 926
926 927
926 928
926 929
927 927
927 928
928 928
928 929
928 930
928 931
929 929
929 930
930 930
930 931
930 932
930 933
931 931
931 932
932 932
932 933
932 934
932 935
933 933
933 934
934 934
934 935
934 936
934 937
935 935
935 936
936 936
936 937
936 938
936 939
937 937
937 938
938 938
938 939
938 940
938 941
939 939
939 940
940 940
940 941
940 942
940 943
941 941
941 942
942 942
942 943
942 944
942 945
943 943
943 944
944 944
944 945
944 946
944 947
945 945
945 946
946 946
946 947
946 948
946 949
947 947
947 948
948 948
948 949
948 950
948 951
949 949
949 950
950 950
950 951
950 952
950 953
951 951
951 952
952 952
952 953
952 954
952 955
953 953
953 954
954 954
954 955
954 956
954 957
955 955
955 956
956 956
956 957
956 958
956 959
957 957
957 958
958 958
958 959
958 960
958 961
959 959
959 960
960 960
960 961
960 962
960 963
961 961
961 962
962 962
962 963
962 964
962 965
963 963
963 964
964 964
964 965
964 966
964 967
965 965
965 966
966 966
966 967
966 968
966 969
967 967
967 968
968 968
968 969
968 970
968 971
969 969
969 970
970 970
970 971
970 972
970 973
971 971
971 972
972 972
972 973
972 974
972 975
973 973
973 974
974 974
974 975
974 976
974 977
975 975
975 976
976 976
976 977
976 978
976 979
977 977
977 978
978 978
978 979
978 980
978 981
979 979
979 980
980 980
980 981
980 982
980 983
981 981
981 982
982 982
982 983
982 984
982 985
983 983
983 984
984 984
984 985
984 986
984 987
985 985
985 986
986 986
986 987
986 988
986 989
987 987
987 988
988 988
988 989
988 990
988 991
989 989
989 990
990 990
990 991
990 992
990 993
991 991
991 992
992 992
992 993
992 994
992 995
993 993
993 994
994 994
994 995
994 996
994 997
995 995
995 996
996 996
996 997
996 998
996 999
997 997
997 998
998 998
998 999
999 999
