0 0
0 1
0 15
1 1
1 2
1 16
2 2
2 3
2 17
3 3
3 4
3 18
4 4
4 5
4 19
5 5
5 6
5 20
6 6
6 7
6 21
7 7
7 8
7 22
8 8
8 9
8 23
9 9
9 10
9 24
10 10
10 11
10 25
11 11
11 12
11 26
12 12
12 13
12 27
13 13
13 14
13 28
14 14
14 29
15 15
15 16
15 30
16 16
16 17
16 31
17 17
17 18
17 32
18 18
18 19
18 33
19 19
19 20
19 34
20 20
20 21
20 35
21 21
21 22
21 36
22 22
22 23
22 37
23 23
23 24
23 38
24 24
24 25
24 39
25 25
25 26
25 40
26 26
26 27
26 41
27 27
27 28
27 42
28 28
28 29
28 43
29 29
29 44
30 30
30 31
30 45
31 31
31 32
31 46
32 32
32 33
32 47
33 33
33 34
33 48
34 34
34 35
34 49
35 35
35 36
35 50
36 36
36 37
36 51
37 37
37 38
37 52
38 38
38 39
38 53
39 39
39 40
39 54
40 40
40 41
40 55
41 41
41 42
41 56
42 42
42 43
42 57
43 43
43 44
43 58
44 44
44 59
45 45
45 46
45 60
46 46
46 47
46 61
47 47
47 48
47 62
48 48
48 49
48 63
49 49
49 50
49 64
50 50
50 51
50 65
51 51
51 52
51 66
52 52
52 53
52 67
53 53
53 54
53 68
54 54
54 55
54 69
55 55
55 56
55 70
56 56
56 57
56 71
57 57
57 58
57 72
58 58
58 59
58 73
59 59
59 74
60 60
60 61
60 75
61 61
61 62
61 76
62 62
62 63
62 77
63 63
63 64
63 78
64 64
64 65
64 79
65 65
65 66
65 80
66 66
66 67
66 81
67 67
67 68
67 82
68 68
68 69
68 83
69 69
69 70
69 84
70 70
70 71
70 85
71 71
71 72
71 86
72 72
72 73
72 87
73 73
73 74
73 88
74 74
74 89
75 75
75 76
75 90
76 76
76 77
76 91
77 77
77 78
77 92
78 78
78 79
78 93
79 79
79 80
79 94
80 80
80 81
80 95
81 81
81 82
81 96
82 82
82 83
82 97
83 83
83 84
83 98
84 84
84 85
84 99
85 85
85 86
85 100
86 86
86 87
86 101
87 87
87 88
87 102
88 88
88 89
88 103
89 89
89 104
90 90
90 91
90 105
91 91
91 92
91 106
92 92
92 93
92 107
93 93
93 94
93 108
94 94
94 95
94 109
95 95
95 96
95 110
96 96
96 97
96 111
97 97
97 98
97 112
98 98
98 99
98 113
99 99
99 100
99 114
100 100
100 101
100 115
101 101
101 102
101 116
102 102
102 103
102 117
103 103
103 104
103 118
104 104
104 119
105 105
105 106
105 120
106 106
106 107
106 121
107 107
107 108
107 122
108 108
108 109
108 123
109 109
109 110
109 124
110 110
110 111
110 125
111 111
111 112
111 126
112 112
112 113
112 127
113 113
113 114
113 128
114 114
114 115
114 129
115 115
115 116
115 130
116 116
116 117
116 131
117 117
117 118
117 132
118 118
118 119
118 133
119 119
119 134
120 120
120 121
120 135
121 121
121 122
121 136
122 122
122 123
122 137
123 123
123 124
123 138
124 124
124 125
124 139
125 125
125 126
125 140
126 126
126 127
126 141
127 127
127 128
127 142
128 128
128 129
128 143
129 129
129 130
129 144
130 130
130 131
130 145
131 131
131 132
131 146
132 132
132 133
132 147
133 133
133 134
133 148
134 134
134 149
135 135
135 136
135 150
136 136
136 137
136 151
137 137
137 138
137 152
138 138
138 139
138 153
139 139
139 140
139 154
140 140
140 141
140 155
141 141
141 142
141 156
142 142
142 143
142 157
143 143
143 144
143 158
144 144
144 145
144 159
145 145
145 146
145 160
146 146
146 147
146 161
147 147
147 148
147 162
148 148
148 149
148 163
149 149
149 164
150 150
150 151
150 165
151 151
151 152
151 166
152 152
152 153
152 167
153 153
153 154
153 168
154 154
154 155
154 169
155 155
155 156
155 170
156 156
156 157
156 171
157 157
157 158
157 172
158 158
158 159
158 173
159 159
159 160
159 174
160 160
160 161
160 175
161 161
161 162
161 176
162 162
162 163
162 177
163 163
163 164
163 178
164 164
164 179
165 165
165 166
165 180
166 166
166 167
166 181
167 167
167 168
167 182
168 168
168 169
168 183
169 169
169 170
169 184
170 170
170 171
170 185
171 171
171 172
171 186
172 172
172 173
172 187
173 173
173 174
173 188
174 174
174 175
174 189
175 175
175 176
175 190
176 176
176 177
176 191
177 177
177 178
177 192
178 178
178 179
178 193
179 179
179 194
180 180
180 181
180 195
181 181
181 182
181 196
182 182
182 183
182 197
183 183
183 184
183 198
184 184
184 185
184 199
185 185
185 186
185 200
186 186
186 187
186 201
187 187
187 188
187 202
188 188
188 189
188 203
189 189
189 190
189 204
190 190
190 191
190 205
191 191
191 192
191 206
192 192
192 193
192 207
193 193
193 194
193 208
194 194
194 209
195 195
195 196
195 210
196 196
196 197
196 211
197 197
197 198
197 212
198 198
198 199
198 213
199 199
199 200
199 214
200 200
200 201
200 215
201 201
201 202
201 216
202 202
202 203
202 217
203 203
203 204
203 218
204 204
204 205
204 219
205 205
205 206
205 220
206 206
206 207
206 221
207 207
207 208
207 222
208 208
208 209
208 223
209 209
209 224
210 210
210 211
211 211
211 212
212 212
212 213
213 213
213 214
214 214
214 215
215 215
215 216
216 216
216 217
217 217
217 218
218 218
218 219
219 219
219 220
220 220
220 221
221 221
221 222
222 222
222 223
223 223
223 224
224 224
