0 0
0 1
0 30
1 1
1 2
1 31
2 2
2 3
2 32
3 3
3 4
3 33
4 4
4 5
4 34
5 5
5 6
5 35
6 6
6 7
6 36
7 7
7 8
7 37
8 8
8 9
8 38
9 9
9 10
9 39
10 10
10 11
10 40
11 11
11 12
11 41
12 12
12 13
12 42
13 13
13 14
13 43
14 14
14 15
14 44
15 15
15 16
15 45
16 16
16 17
16 46
17 17
17 18
17 47
18 18
18 19
18 48
19 19
19 20
19 49
20 20
20 21
20 50
21 21
21 22
21 51
22 22
22 23
22 52
23 23
23 24
23 53
24 24
24 25
24 54
25 25
25 26
25 55
26 26
26 27
26 56
27 27
27 28
27 57
28 28
28 29
28 58
29 29
29 59
30 30
30 31
30 60
31 31
31 32
31 61
32 32
32 33
32 62
33 33
33 34
33 63
34 34
34 35
34 64
35 35
35 36
35 65
36 36
36 37
36 66
37 37
37 38
37 67
38 38
38 39
38 68
39 39
39 40
39 69
40 40
40 41
40 70
41 41
41 42
41 71
42 42
42 43
42 72
43 43
43 44
43 73
44 44
44 45
44 74
45 45
45 46
45 75
46 46
46 47
46 76
47 47
47 48
47 77
48 48
48 49
48 78
49 49
49 50
49 79
50 50
50 51
50 80
51 51
51 52
51 81
52 52
52 53
52 82
53 53
53 54
53 83
54 54
54 55
54 84
55 55
55 56
55 85
56 56
56 57
56 86
57 57
57 58
57 87
58 58
58 59
58 88
59 59
59 89
60 60
60 61
60 90
61 61
61 62
61 91
62 62
62 63
62 92
63 63
63 64
63 93
64 64
64 65
64 94
65 65
65 66
65 95
66 66
66 67
66 96
67 67
67 68
67 97
68 68
68 69
68 98
69 69
69 70
69 99
70 70
70 71
70 100
71 71
71 72
71 101
72 72
72 73
72 102
73 73
73 74
73 103
74 74
74 75
74 104
75 75
75 76
75 105
76 76
76 77
76 106
77 77
77 78
77 107
78 78
78 79
78 108
79 79
79 80
79 109
80 80
80 81
80 110
81 81
81 82
81 111
82 82
82 83
82 112
83 83
83 84
83 113
84 84
84 85
84 114
85 85
85 86
85 115
86 86
86 87
86 116
87 87
87 88
87 117
88 88
88 89
88 118
89 89
89 119
90 90
90 91
90 120
91 91
91 92
91 121
92 92
92 93
92 122
93 93
93 94
93 123
94 94
94 95
94 124
95 95
95 96
95 125
96 96
96 97
96 126
97 97
97 98
97 127
98 98
98 99
98 128
99 99
99 100
99 129
100 100
100 101
100 130
101 101
101 102
101 131
102 102
102 103
102 132
103 103
103 104
103 133
104 104
104 105
104 134
105 105
105 106
105 135
106 106
106 107
106 136
107 107
107 108
107 137
108 108
108 109
108 138
109 109
109 110
109 139
110 110
110 111
110 140
111 111
111 112
111 141
112 112
112 113
112 142
113 113
113 114
113 143
114 114
114 115
114 144
115 115
115 116
115 145
116 116
116 117
116 146
117 117
117 118
117 147
118 118
118 119
118 148
119 119
119 149
120 120
120 121
120 150
121 121
121 122
121 151
122 122
122 123
122 152
123 123
123 124
123 153
124 124
124 125
124 154
125 125
125 126
125 155
126 126
126 127
126 156
127 127
127 128
127 157
128 128
128 129
128 158
129 129
129 130
129 159
130 130
130 131
130 160
131 131
131 132
131 161
132 132
132 133
132 162
133 133
133 134
133 163
134 134
134 135
134 164
135 135
135 136
135 165
136 136
136 137
136 166
137 137
137 138
137 167
138 138
138 139
138 168
139 139
139 140
139 169
140 140
140 141
140 170
141 141
141 142
141 171
142 142
142 143
142 172
143 143
143 144
143 173
144 144
144 145
144 174
145 145
145 146
145 175
146 146
146 147
146 176
147 147
147 148
147 177
148 148
148 149
148 178
149 149
149 179
150 150
150 151
150 180
151 151
151 152
151 181
152 152
152 153
152 182
153 153
153 154
153 183
154 154
154 155
154 184
155 155
155 156
155 185
156 156
156 157
156 186
157 157
157 158
157 187
158 158
158 159
158 188
159 159
159 160
159 189
160 160
160 161
160 190
161 161
161 162
161 191
162 162
162 163
162 192
163 163
163 164
163 193
164 164
164 165
164 194
165 165
165 166
165 195
166 166
166 167
166 196
167 167
167 168
167 197
168 168
168 169
168 198
169 169
169 170
169 199
170 170
170 171
170 200
171 171
171 172
171 201
172 172
172 173
172 202
173 173
173 174
173 203
174 174
174 175
174 204
175 175
175 176
175 205
176 176
176 177
176 206
177 177
177 178
177 207
178 178
178 179
178 208
179 179
179 209
180 180
180 181
180 210
181 181
181 182
181 211
182 182
182 183
182 212
183 183
183 184
183 213
184 184
184 185
184 214
185 185
185 186
185 215
186 186
186 187
186 216
187 187
187 188
187 217
188 188
188 189
188 218
189 189
189 190
189 219
190 190
190 191
190 220
191 191
191 192
191 221
192 192
192 193
192 222
193 193
193 194
193 223
194 194
194 195
194 224
195 195
195 196
195 225
196 196
196 197
196 226
197 197
197 198
197 227
198 198
198 199
198 228
199 199
199 200
199 229
200 200
200 201
200 230
201 201
201 202
201 231
202 202
202 203
202 232
203 203
203 204
203 233
204 204
204 205
204 234
205 205
205 206
205 235
206 206
206 207
206 236
207 207
207 208
207 237
208 208
208 209
208 238
209 209
209 239
210 210
210 211
210 240
211 211
211 212
211 241
212 212
212 213
212 242
213 213
213 214
213 243
214 214
214 215
214 244
215 215
215 216
215 245
216 216
216 217
216 246
217 217
217 218
217 247
218 218
218 219
218 248
219 219
219 220
219 249
220 220
220 221
220 250
221 221
221 222
221 251
222 222
222 223
222 252
223 223
223 224
223 253
224 224
224 225
224 254
225 225
225 226
225 255
226 226
226 227
226 256
227 227
227 228
227 257
228 228
228 229
228 258
229 229
229 230
229 259
230 230
230 231
230 260
231 231
231 232
231 261
232 232
232 233
232 262
233 233
233 234
233 263
234 234
234 235
234 264
235 235
235 236
235 265
236 236
236 237
236 266
237 237
237 238
237 267
238 238
238 239
238 268
239 239
239 269
240 240
240 241
240 270
241 241
241 242
241 271
242 242
242 243
242 272
243 243
243 244
243 273
244 244
244 245
244 274
245 245
245 246
245 275
246 246
246 247
246 276
247 247
247 248
247 277
248 248
248 249
248 278
249 249
249 250
249 279
250 250
250 251
250 280
251 251
251 252
251 281
252 252
252 253
252 282
253 253
253 254
253 283
254 254
254 255
254 284
255 255
255 256
255 285
256 256
256 257
256 286
257 257
257 258
257 287
258 258
258 259
258 288
259 259
259 260
259 289
260 260
260 261
260 290
261 261
261 262
261 291
262 262
262 263
262 292
263 263
263 264
263 293
264 264
264 265
264 294
265 265
265 266
265 295
266 266
266 267
266 296
267 267
267 268
267 297
268 268
268 269
268 298
269 269
269 299
270 270
270 271
270 300
271 271
271 272
271 301
272 272
272 273
272 302
273 273
273 274
273 303
274 274
274 275
274 304
275 275
275 276
275 305
276 276
276 277
276 306
277 277
277 278
277 307
278 278
278 279
278 308
279 279
279 280
279 309
280 280
280 281
280 310
281 281
281 282
281 311
282 282
282 283
282 312
283 283
283 284
283 313
284 284
284 285
284 314
285 285
285 286
285 315
286 286
286 287
286 316
287 287
287 288
287 317
288 288
288 289
288 318
289 289
289 290
289 319
290 290
290 291
290 320
291 291
291 292
291 321
292 292
292 293
292 322
293 293
293 294
293 323
294 294
294 295
294 324
295 295
295 296
295 325
296 296
296 297
296 326
297 297
297 298
297 327
298 298
298 299
298 328
299 299
299 329
300 300
300 301
300 330
301 301
301 302
301 331
302 302
302 303
302 332
303 303
303 304
303 333
304 304
304 305
304 334
305 305
305 306
305 335
306 306
306 307
306 336
307 307
307 308
307 337
308 308
308 309
308 338
309 309
309 310
309 339
310 310
310 311
310 340
311 311
311 312
311 341
312 312
312 313
312 342
313 313
313 314
313 343
314 314
314 315
314 344
315 315
315 316
315 345
316 316
316 317
316 346
317 317
317 318
317 347
318 318
318 319
318 348
319 319
319 320
319 349
320 320
320 321
320 350
321 321
321 322
321 351
322 322
322 323
322 352
323 323
323 324
323 353
324 324
324 325
324 354
325 325
325 326
325 355
326 326
326 327
326 356
327 327
327 328
327 357
328 328
328 329
328 358
329 329
329 359
330 330
330 331
330 360
331 331
331 332
331 361
332 332
332 333
332 362
333 333
333 334
333 363
334 334
334 335
334 364
335 335
335 336
335 365
336 336
336 337
336 366
337 337
337 338
337 367
338 338
338 339
338 368
339 339
339 340
339 369
340 340
340 341
340 370
341 341
341 342
341 371
342 342
342 343
342 372
343 343
343 344
343 373
344 344
344 345
344 374
345 345
345 346
345 375
346 346
346 347
346 376
347 347
347 348
347 377
348 348
348 349
348 378
349 349
349 350
349 379
350 350
350 351
350 380
351 351
351 352
351 381
352 352
352 353
352 382
353 353
353 354
353 383
354 354
354 355
354 384
355 355
355 356
355 385
356 356
356 357
356 386
357 357
357 358
357 387
358 358
358 359
358 388
359 359
359 389
360 360
360 361
360 390
361 361
361 362
361 391
362 362
362 363
362 392
363 363
363 364
363 393
364 364
364 365
364 394
365 365
365 366
365 395
366 366
366 367
366 396
367 367
367 368
367 397
368 368
368 369
368 398
369 369
369 370
369 399
370 370
370 371
370 400
371 371
371 372
371 401
372 372
372 373
372 402
373 373
373 374
373 403
374 374
374 375
374 404
375 375
375 376
375 405
376 376
376 377
376 406
377 377
377 378
377 407
378 378
378 379
378 408
379 379
379 380
379 409
380 380
380 381
380 410
381 381
381 382
381 411
382 382
382 383
382 412
383 383
383 384
383 413
384 384
384 385
384 414
385 385
385 386
385 415
386 386
386 387
386 416
387 387
387 388
387 417
388 388
388 389
388 418
389 389
389 419
390 390
390 391
390 420
391 391
391 392
391 421
392 392
392 393
392 422
393 393
393 394
393 423
394 394
394 395
394 424
395 395
395 396
395 425
396 396
396 397
396 426
397 397
397 398
397 427
398 398
398 399
398 428
399 399
399 400
399 429
400 400
400 401
400 430
401 401
401 402
401 431
402 402
402 403
402 432
403 403
403 404
403 433
404 404
404 405
404 434
405 405
405 406
405 435
406 406
406 407
406 436
407 407
407 408
407 437
408 408
408 409
408 438
409 409
409 410
409 439
410 410
410 411
410 440
411 411
411 412
411 441
412 412
412 413
412 442
413 413
413 414
413 443
414 414
414 415
414 444
415 415
415 416
415 445
416 416
416 417
416 446
417 417
417 418
417 447
418 418
418 419
418 448
419 419
419 449
420 420
420 421
420 450
421 421
421 422
421 451
422 422
422 423
422 452
423 423
423 424
423 453
424 424
424 425
424 454
425 425
425 426
425 455
426 426
426 427
426 456
427 427
427 428
427 457
428 428
428 429
428 458
429 429
429 430
429 459
430 430
430 431
430 460
431 431
431 432
431 461
432 432
432 433
432 462
433 433
433 434
433 463
434 434
434 435
434 464
435 435
435 436
435 465
436 436
436 437
436 466
437 437
437 438
437 467
438 438
438 439
438 468
439 439
439 440
439 469
440 440
440 441
440 470
441 441
441 442
441 471
442 442
442 443
442 472
443 443
443 444
443 473
444 444
444 445
444 474
445 445
445 446
445 475
446 446
446 447
446 476
447 447
447 448
447 477
448 448
448 449
448 478
449 449
449 479
450 450
450 451
450 480
451 451
451 452
451 481
452 452
452 453
452 482
453 453
453 454
453 483
454 454
454 455
454 484
455 455
455 456
455 485
456 456
456 457
456 486
457 457
457 458
457 487
458 458
458 459
458 488
459 459
459 460
459 489
460 460
460 461
460 490
461 461
461 462
461 491
462 462
462 463
462 492
463 463
463 464
463 493
464 464
464 465
464 494
465 465
465 466
465 495
466 466
466 467
466 496
467 467
467 468
467 497
468 468
468 469
468 498
469 469
469 470
469 499
470 470
470 471
470 500
471 471
471 472
471 501
472 472
472 473
472 502
473 473
473 474
473 503
474 474
474 475
474 504
475 475
475 476
475 505
476 476
476 477
476 506
477 477
477 478
477 507
478 478
478 479
478 508
479 479
479 509
480 480
480 481
480 510
481 481
481 482
481 511
482 482
482 483
482 512
483 483
483 484
483 513
484 484
484 485
484 514
485 485
485 486
485 515
486 486
486 487
486 516
487 487
487 488
487 517
488 488
488 489
488 518
489 489
489 490
489 519
490 490
490 491
490 520
491 491
491 492
491 521
492 492
492 493
492 522
493 493
493 494
493 523
494 494
494 495
494 524
495 495
495 496
495 525
496 496
496 497
496 526
497 497
497 498
497 527
498 498
498 499
498 528
499 499
499 500
499 529
500 500
500 501
500 530
501 501
501 502
501 531
502 502
502 503
502 532
503 503
503 504
503 533
504 504
504 505
504 534
505 505
505 506
505 535
506 506
506 507
506 536
507 507
507 508
507 537
508 508
508 509
508 538
509 509
509 539
510 510
510 511
510 540
511 511
511 512
511 541
512 512
512 513
512 542
513 513
513 514
513 543
514 514
514 515
514 544
515 515
515 516
515 545
516 516
516 517
516 546
517 517
517 518
517 547
518 518
518 519
518 548
519 519
519 520
519 549
520 520
520 521
520 550
521 521
521 522
521 551
522 522
522 523
522 552
523 523
523 524
523 553
524 524
524 525
524 554
525 525
525 526
525 555
526 526
526 527
526 556
527 527
527 528
527 557
528 528
528 529
528 558
529 529
529 530
529 559
530 530
530 531
530 560
531 531
531 532
531 561
532 532
532 533
532 562
533 533
533 534
533 563
534 534
534 535
534 564
535 535
535 536
535 565
536 536
536 537
536 566
537 537
537 538
537 567
538 538
538 539
538 568
539 539
539 569
540 540
540 541
540 570
541 541
541 542
541 571
542 542
542 543
542 572
543 543
543 544
543 573
544 544
544 545
544 574
545 545
545 546
545 575
546 546
546 547
546 576
547 547
547 548
547 577
548 548
548 549
548 578
549 549
549 550
549 579
550 550
550 551
550 580
551 551
551 552
551 581
552 552
552 553
552 582
553 553
553 554
553 583
554 554
554 555
554 584
555 555
555 556
555 585
556 556
556 557
556 586
557 557
557 558
557 587
558 558
558 559
558 588
559 559
559 560
559 589
560 560
560 561
560 590
561 561
561 562
561 591
562 562
562 563
562 592
563 563
563 564
563 593
564 564
564 565
564 594
565 565
565 566
565 595
566 566
566 567
566 596
567 567
567 568
567 597
568 568
568 569
568 598
569 569
569 599
570 570
570 571
570 600
571 571
571 572
571 601
572 572
572 573
572 602
573 573
573 574
573 603
574 574
574 575
574 604
575 575
575 576
575 605
576 576
576 577
576 606
577 577
577 578
577 607
578 578
578 579
578 608
579 579
579 580
579 609
580 580
580 581
580 610
581 581
581 582
581 611
582 582
582 583
582 612
583 583
583 584
583 613
584 584
584 585
584 614
585 585
585 586
585 615
586 586
586 587
586 616
587 587
587 588
587 617
588 588
588 589
588 618
589 589
589 590
589 619
590 590
590 591
590 620
591 591
591 592
591 621
592 592
592 593
592 622
593 593
593 594
593 623
594 594
594 595
594 624
595 595
595 596
595 625
596 596
596 597
596 626
597 597
597 598
597 627
598 598
598 599
598 628
599 599
599 629
600 600
600 601
600 630
601 601
601 602
601 631
602 602
602 603
602 632
603 603
603 604
603 633
604 604
604 605
604 634
605 605
605 606
605 635
606 606
606 607
606 636
607 607
607 608
607 637
608 608
608 609
608 638
609 609
609 610
609 639
610 610
610 611
610 640
611 611
611 612
611 641
612 612
612 613
612 642
613 613
613 614
613 643
614 614
614 615
614 644
615 615
615 616
615 645
616 616
616 617
616 646
617 617
617 618
617 647
618 618
618 619
618 648
619 619
619 620
619 649
620 620
620 621
620 650
621 621
621 622
621 651
622 622
622 623
622 652
623 623
623 624
623 653
624 624
624 625
624 654
625 625
625 626
625 655
626 626
626 627
626 656
627 627
627 628
627 657
628 628
628 629
628 658
629 629
629 659
630 630
630 631
630 660
631 631
631 632
631 661
632 632
632 633
632 662
633 633
633 634
633 663
634 634
634 635
634 664
635 635
635 636
635 665
636 636
636 637
636 666
637 637
637 638
637 667
638 638
638 639
638 668
639 639
639 640
639 669
640 640
640 641
640 670
641 641
641 642
641 671
642 642
642 643
642 672
643 643
643 644
643 673
644 644
644 645
644 674
645 645
645 646
645 675
646 646
646 647
646 676
647 647
647 648
647 677
648 648
648 649
648 678
649 649
649 650
649 679
650 650
650 651
650 680
651 651
651 652
651 681
652 652
652 653
652 682
653 653
653 654
653 683
654 654
654 655
654 684
655 655
655 656
655 685
656 656
656 657
656 686
657 657
657 658
657 687
658 658
658 659
658 688
659 659
659 689
660 660
660 661
660 690
661 661
661 662
661 691
662 662
662 663
662 692
663 663
663 664
663 693
664 664
664 665
664 694
665 665
665 666
665 695
666 666
666 667
666 696
667 667
667 668
667 697
668 668
668 669
668 698
669 669
669 670
669 699
670 670
670 671
670 700
671 671
671 672
671 701
672 672
672 673
672 702
673 673
673 674
673 703
674 674
674 675
674 704
675 675
675 676
675 705
676 676
676 677
676 706
677 677
677 678
677 707
678 678
678 679
678 708
679 679
679 680
679 709
680 680
680 681
680 710
681 681
681 682
681 711
682 682
682 683
682 712
683 683
683 684
683 713
684 684
684 685
684 714
685 685
685 686
685 715
686 686
686 687
686 716
687 687
687 688
687 717
688 688
688 689
688 718
689 689
689 719
690 690
690 691
690 720
691 691
691 692
691 721
692 692
692 693
692 722
693 693
693 694
693 723
694 694
694 695
694 724
695 695
695 696
695 725
696 696
696 697
696 726
697 697
697 698
697 727
698 698
698 699
698 728
699 699
699 700
699 729
700 700
700 701
700 730
701 701
701 702
701 731
702 702
702 703
702 732
703 703
703 704
703 733
704 704
704 705
704 734
705 705
705 706
705 735
706 706
706 707
706 736
707 707
707 708
707 737
708 708
708 709
708 738
709 709
709 710
709 739
710 710
710 711
710 740
711 711
711 712
711 741
712 712
712 713
712 742
713 713
713 714
713 743
714 714
714 715
714 744
715 715
715 716
715 745
716 716
716 717
716 746
717 717
717 718
717 747
718 718
718 719
718 748
719 719
719 749
720 720
720 721
720 750
721 721
721 722
721 751
722 722
722 723
722 752
723 723
723 724
723 753
724 724
724 725
724 754
725 725
725 726
725 755
726 726
726 727
726 756
727 727
727 728
727 757
728 728
728 729
728 758
729 729
729 730
729 759
730 730
730 731
730 760
731 731
731 732
731 761
732 732
732 733
732 762
733 733
733 734
733 763
734 734
734 735
734 764
735 735
735 736
735 765
736 736
736 737
736 766
737 737
737 738
737 767
738 738
738 739
738 768
739 739
739 740
739 769
740 740
740 741
740 770
741 741
741 742
741 771
742 742
742 743
742 772
743 743
743 744
743 773
744 744
744 745
744 774
745 745
745 746
745 775
746 746
746 747
746 776
747 747
747 748
747 777
748 748
748 749
748 778
749 749
749 779
750 750
750 751
750 780
751 751
751 752
751 781
752 752
752 753
752 782
753 753
753 754
753 783
754 754
754 755
754 784
755 755
755 756
755 785
756 756
756 757
756 786
757 757
757 758
757 787
758 758
758 759
758 788
759 759
759 760
759 789
760 760
760 761
760 790
761 761
761 762
761 791
762 762
762 763
762 792
763 763
763 764
763 793
764 764
764 765
764 794
765 765
765 766
765 795
766 766
766 767
766 796
767 767
767 768
767 797
768 768
768 769
768 798
769 769
769 770
769 799
770 770
770 771
770 800
771 771
771 772
771 801
772 772
772 773
772 802
773 773
773 774
773 803
774 774
774 775
774 804
775 775
775 776
775 805
776 776
776 777
776 806
777 777
777 778
777 807
778 778
778 779
778 808
779 779
779 809
780 780
780 781
780 810
781 781
781 782
781 811
782 782
782 783
782 812
783 783
783 784
783 813
784 784
784 785
784 814
785 785
785 786
785 815
786 786
786 787
786 816
787 787
787 788
787 817
788 788
788 789
788 818
789 789
789 790
789 819
790 790
790 791
790 820
791 791
791 792
791 821
792 792
792 793
792 822
793 793
793 794
793 823
794 794
794 795
794 824
795 795
795 796
795 825
796 796
796 797
796 826
797 797
797 798
797 827
798 798
798 799
798 828
799 799
799 800
799 829
800 800
800 801
800 830
801 801
801 802
801 831
802 802
802 803
802 832
803 803
803 804
803 833
804 804
804 805
804 834
805 805
805 806
805 835
806 806
806 807
806 836
807 807
807 808
807 837
808 808
808 809
808 838
809 809
809 839
810 810
810 811
810 840
811 811
811 812
811 841
812 812
812 813
812 842
813 813
813 814
813 843
814 814
814 815
814 844
815 815
815 816
815 845
816 816
816 817
816 846
817 817
817 818
817 847
818 818
818 819
818 848
819 819
819 820
819 849
820 820
820 821
820 850
821 821
821 822
821 851
822 822
822 823
822 852
823 823
823 824
823 853
824 824
824 825
824 854
825 825
825 826
825 855
826 826
826 827
826 856
827 827
827 828
827 857
828 828
828 829
828 858
829 829
829 830
829 859
830 830
830 831
830 860
831 831
831 832
831 861
832 832
832 833
832 862
833 833
833 834
833 863
834 834
834 835
834 864
835 835
835 836
835 865
836 836
836 837
836 866
837 837
837 838
837 867
838 838
838 839
838 868
839 839
839 869
840 840
840 841
840 870
841 841
841 842
841 871
842 842
842 843
842 872
843 843
843 844
843 873
844 844
844 845
844 874
845 845
845 846
845 875
846 846
846 847
846 876
847 847
847 848
847 877
848 848
848 849
848 878
849 849
849 850
849 879
850 850
850 851
850 880
851 851
851 852
851 881
852 852
852 853
852 882
853 853
853 854
853 883
854 854
854 855
854 884
855 855
855 856
855 885
856 856
856 857
856 886
857 857
857 858
857 887
858 858
858 859
858 888
859 859
859 860
859 889
860 860
860 861
860 890
861 861
861 862
861 891
862 862
862 863
862 892
863 863
863 864
863 893
864 864
864 865
864 894
865 865
865 866
865 895
866 866
866 867
866 896
867 867
867 868
867 897
868 868
868 869
868 898
869 869
869 899
870 870
870 871
871 871
871 872
872 872
872 873
873 873
873 874
874 874
874 875
875 875
875 876
876 876
876 877
877 877
877 878
878 878
878 879
879 879
879 880
880 880
880 881
881 881
881 882
882 882
882 883
883 883
883 884
884 884
884 885
885 885
885 886
886 886
886 887
887 887
887 888
888 888
888 889
889 889
889 890
890 890
890 891
891 891
891 892
892 892
892 893
893 893
893 894
894 894
894 895
895 895
895 896
896 896
896 897
897 897
897 898
898 898
898 899
899 899
