0 0
0 1
0 2
0 3
0 4
0 5
0 6
0 7
0 8
0 9
0 10
0 11
0 12
0 13
0 14
0 15
0 16
0 17
0 18
0 19
0 20
0 21
0 22
0 23
0 24
0 25
0 26
0 27
0 28
0 29
0 30
0 31
0 32
0 33
0 34
0 35
0 36
0 37
0 38
0 39
0 40
0 41
0 42
0 43
0 44
0 45
0 46
0 47
0 48
0 49
0 50
0 51
0 52
0 53
0 54
0 55
0 56
0 57
0 58
0 59
0 60
0 61
0 62
0 63
0 64
0 65
0 66
0 67
0 68
0 69
0 70
0 71
0 72
0 73
0 74
0 75
0 76
0 77
0 78
0 79
0 80
0 81
1 1
1 2
1 3
1 4
1 5
1 6
1 7
1 8
1 9
1 10
1 11
1 12
1 13
1 14
1 15
1 16
1 17
1 18
1 19
1 20
1 21
1 22
1 23
1 24
1 25
1 26
1 27
1 28
1 29
1 30
1 31
1 32
1 33
1 34
1 35
1 36
1 37
1 38
1 39
1 40
1 41
1 42
1 43
1 44
1 45
1 46
1 47
1 48
1 49
1 50
1 51
1 52
1 53
1 54
1 55
1 56
1 57
1 58
1 59
1 60
1 61
1 62
1 63
1 64
1 65
1 66
1 67
1 68
1 69
1 70
1 71
1 72
1 73
1 74
1 75
1 76
1 77
1 78
1 79
1 80
1 82
2 2
2 3
2 4
2 5
2 6
2 7
2 8
2 9
2 10
2 11
2 12
2 13
2 14
2 15
2 16
2 17
2 18
2 19
2 20
2 21
2 22
2 23
2 24
2 25
2 26
2 27
2 28
2 29
2 30
2 31
2 32
2 33
2 34
2 35
2 36
2 37
2 38
2 39
2 40
2 41
2 42
2 43
2 44
2 45
2 46
2 47
2 48
2 49
2 50
2 51
2 52
2 53
2 54
2 55
2 56
2 57
2 58
2 59
2 60
2 61
2 62
2 63
2 64
2 65
2 66
2 67
2 68
2 69
2 70
2 71
2 72
2 73
2 74
2 75
2 76
2 77
2 78
2 79
2 80
2 83
3 3
3 4
3 5
3 6
3 7
3 8
3 9
3 10
3 11
3 12
3 13
3 14
3 15
3 16
3 17
3 18
3 19
3 20
3 21
3 22
3 23
3 24
3 25
3 26
3 27
3 28
3 29
3 30
3 31
3 32
3 33
3 34
3 35
3 36
3 37
3 38
3 39
3 40
3 41
3 42
3 43
3 44
3 45
3 46
3 47
3 48
3 49
3 50
3 51
3 52
3 53
3 54
3 55
3 56
3 57
3 58
3 59
3 60
3 61
3 62
3 63
3 64
3 65
3 66
3 67
3 68
3 69
3 70
3 71
3 72
3 73
3 74
3 75
3 76
3 77
3 78
3 79
3 80
3 84
4 4
4 5
4 6
4 7
4 8
4 9
4 10
4 11
4 12
4 13
4 14
4 15
4 16
4 17
4 18
4 19
4 20
4 21
4 22
4 23
4 24
4 25
4 26
4 27
4 28
4 29
4 30
4 31
4 32
4 33
4 34
4 35
4 36
4 37
4 38
4 39
4 40
4 41
4 42
4 43
4 44
4 45
4 46
4 47
4 48
4 49
4 50
4 51
4 52
4 53
4 54
4 55
4 56
4 57
4 58
4 59
4 60
4 61
4 62
4 63
4 64
4 65
4 66
4 67
4 68
4 69
4 70
4 71
4 72
4 73
4 74
4 75
4 76
4 77
4 78
4 79
4 80
4 85
5 5
5 6
5 7
5 8
5 9
5 10
5 11
5 12
5 13
5 14
5 15
5 16
5 17
5 18
5 19
5 20
5 21
5 22
5 23
5 24
5 25
5 26
5 27
5 28
5 29
5 30
5 31
5 32
5 33
5 34
5 35
5 36
5 37
5 38
5 39
5 40
5 41
5 42
5 43
5 44
5 45
5 46
5 47
5 48
5 49
5 50
5 51
5 52
5 53
5 54
5 55
5 56
5 57
5 58
5 59
5 60
5 61
5 62
5 63
5 64
5 65
5 66
5 67
5 68
5 69
5 70
5 71
5 72
5 73
5 74
5 75
5 76
5 77
5 78
5 79
5 80
5 86
6 6
6 7
6 8
6 9
6 10
6 11
6 12
6 13
6 14
6 15
6 16
6 17
6 18
6 19
6 20
6 21
6 22
6 23
6 24
6 25
6 26
6 27
6 28
6 29
6 30
6 31
6 32
6 33
6 34
6 35
6 36
6 37
6 38
6 39
6 40
6 41
6 42
6 43
6 44
6 45
6 46
6 47
6 48
6 49
6 50
6 51
6 52
6 53
6 54
6 55
6 56
6 57
6 58
6 59
6 60
6 61
6 62
6 63
6 64
6 65
6 66
6 67
6 68
6 69
6 70
6 71
6 72
6 73
6 74
6 75
6 76
6 77
6 78
6 79
6 80
6 87
7 7
7 8
7 9
7 10
7 11
7 12
7 13
7 14
7 15
7 16
7 17
7 18
7 19
7 20
7 21
7 22
7 23
7 24
7 25
7 26
7 27
7 28
7 29
7 30
7 31
7 32
7 33
7 34
7 35
7 36
7 37
7 38
7 39
7 40
7 41
7 42
7 43
7 44
7 45
7 46
7 47
7 48
7 49
7 50
7 51
7 52
7 53
7 54
7 55
7 56
7 57
7 58
7 59
7 60
7 61
7 62
7 63
7 64
7 65
7 66
7 67
7 68
7 69
7 70
7 71
7 72
7 73
7 74
7 75
7 76
7 77
7 78
7 79
7 80
7 88
8 8
8 9
8 10
8 11
8 12
8 13
8 14
8 15
8 16
8 17
8 18
8 19
8 20
8 21
8 22
8 23
8 24
8 25
8 26
8 27
8 28
8 29
8 30
8 31
8 32
8 33
8 34
8 35
8 36
8 37
8 38
8 39
8 40
8 41
8 42
8 43
8 44
8 45
8 46
8 47
8 48
8 49
8 50
8 51
8 52
8 53
8 54
8 55
8 56
8 57
8 58
8 59
8 60
8 61
8 62
8 63
8 64
8 65
8 66
8 67
8 68
8 69
8 70
8 71
8 72
8 73
8 74
8 75
8 76
8 77
8 78
8 79
8 80
8 89
9 9
9 10
9 11
9 12
9 13
9 14
9 15
9 16
9 17
9 18
9 19
9 20
9 21
9 22
9 23
9 24
9 25
9 26
9 27
9 28
9 29
9 30
9 31
9 32
9 33
9 34
9 35
9 36
9 37
9 38
9 39
9 40
9 41
9 42
9 43
9 44
9 45
9 46
9 47
9 48
9 49
9 50
9 51
9 52
9 53
9 54
9 55
9 56
9 57
9 58
9 59
9 60
9 61
9 62
9 63
9 64
9 65
9 66
9 67
9 68
9 69
9 70
9 71
9 72
9 73
9 74
9 75
9 76
9 77
9 78
9 79
9 80
9 90
10 10
10 11
10 12
10 13
10 14
10 15
10 16
10 17
10 18
10 19
10 20
10 21
10 22
10 23
10 24
10 25
10 26
10 27
10 28
10 29
10 30
10 31
10 32
10 33
10 34
10 35
10 36
10 37
10 38
10 39
10 40
10 41
10 42
10 43
10 44
10 45
10 46
10 47
10 48
10 49
10 50
10 51
10 52
10 53
10 54
10 55
10 56
10 57
10 58
10 59
10 60
10 61
10 62
10 63
10 64
10 65
10 66
10 67
10 68
10 69
10 70
10 71
10 72
10 73
10 74
10 75
10 76
10 77
10 78
10 79
10 80
10 91
11 11
11 12
11 13
11 14
11 15
11 16
11 17
11 18
11 19
11 20
11 21
11 22
11 23
11 24
11 25
11 26
11 27
11 28
11 29
11 30
11 31
11 32
11 33
11 34
11 35
11 36
11 37
11 38
11 39
11 40
11 41
11 42
11 43
11 44
11 45
11 46
11 47
11 48
11 49
11 50
11 51
11 52
11 53
11 54
11 55
11 56
11 57
11 58
11 59
11 60
11 61
11 62
11 63
11 64
11 65
11 66
11 67
11 68
11 69
11 70
11 71
11 72
11 73
11 74
11 75
11 76
11 77
11 78
11 79
11 80
11 92
12 12
12 13
12 14
12 15
12 16
12 17
12 18
12 19
12 20
12 21
12 22
12 23
12 24
12 25
12 26
12 27
12 28
12 29
12 30
12 31
12 32
12 33
12 34
12 35
12 36
12 37
12 38
12 39
12 40
12 41
12 42
12 43
12 44
12 45
12 46
12 47
12 48
12 49
12 50
12 51
12 52
12 53
12 54
12 55
12 56
12 57
12 58
12 59
12 60
12 61
12 62
12 63
12 64
12 65
12 66
12 67
12 68
12 69
12 70
12 71
12 72
12 73
12 74
12 75
12 76
12 77
12 78
12 79
12 80
12 93
13 13
13 14
13 15
13 16
13 17
13 18
13 19
13 20
13 21
13 22
13 23
13 24
13 25
13 26
13 27
13 28
13 29
13 30
13 31
13 32
13 33
13 34
13 35
13 36
13 37
13 38
13 39
13 40
13 41
13 42
13 43
13 44
13 45
13 46
13 47
13 48
13 49
13 50
13 51
13 52
13 53
13 54
13 55
13 56
13 57
13 58
13 59
13 60
13 61
13 62
13 63
13 64
13 65
13 66
13 67
13 68
13 69
13 70
13 71
13 72
13 73
13 74
13 75
13 76
13 77
13 78
13 79
13 80
13 94
14 14
14 15
14 16
14 17
14 18
14 19
14 20
14 21
14 22
14 23
14 24
14 25
14 26
14 27
14 28
14 29
14 30
14 31
14 32
14 33
14 34
14 35
14 36
14 37
14 38
14 39
14 40
14 41
14 42
14 43
14 44
14 45
14 46
14 47
14 48
14 49
14 50
14 51
14 52
14 53
14 54
14 55
14 56
14 57
14 58
14 59
14 60
14 61
14 62
14 63
14 64
14 65
14 66
14 67
14 68
14 69
14 70
14 71
14 72
14 73
14 74
14 75
14 76
14 77
14 78
14 79
14 80
14 95
15 15
15 16
15 17
15 18
15 19
15 20
15 21
15 22
15 23
15 24
15 25
15 26
15 27
15 28
15 29
15 30
15 31
15 32
15 33
15 34
15 35
15 36
15 37
15 38
15 39
15 40
15 41
15 42
15 43
15 44
15 45
15 46
15 47
15 48
15 49
15 50
15 51
15 52
15 53
15 54
15 55
15 56
15 57
15 58
15 59
15 60
15 61
15 62
15 63
15 64
15 65
15 66
15 67
15 68
15 69
15 70
15 71
15 72
15 73
15 74
15 75
15 76
15 77
15 78
15 79
15 80
15 96
16 16
16 17
16 18
16 19
16 20
16 21
16 22
16 23
16 24
16 25
16 26
16 27
16 28
16 29
16 30
16 31
16 32
16 33
16 34
16 35
16 36
16 37
16 38
16 39
16 40
16 41
16 42
16 43
16 44
16 45
16 46
16 47
16 48
16 49
16 50
16 51
16 52
16 53
16 54
16 55
16 56
16 57
16 58
16 59
16 60
16 61
16 62
16 63
16 64
16 65
16 66
16 67
16 68
16 69
16 70
16 71
16 72
16 73
16 74
16 75
16 76
16 77
16 78
16 79
16 80
16 97
17 17
17 18
17 19
17 20
17 21
17 22
17 23
17 24
17 25
17 26
17 27
17 28
17 29
17 30
17 31
17 32
17 33
17 34
17 35
17 36
17 37
17 38
17 39
17 40
17 41
17 42
17 43
17 44
17 45
17 46
17 47
17 48
17 49
17 50
17 51
17 52
17 53
17 54
17 55
17 56
17 57
17 58
17 59
17 60
17 61
17 62
17 63
17 64
17 65
17 66
17 67
17 68
17 69
17 70
17 71
17 72
17 73
17 74
17 75
17 76
17 77
17 78
17 79
17 80
17 98
18 18
18 19
18 20
18 21
18 22
18 23
18 24
18 25
18 26
18 27
18 28
18 29
18 30
18 31
18 32
18 33
18 34
18 35
18 36
18 37
18 38
18 39
18 40
18 41
18 42
18 43
18 44
18 45
18 46
18 47
18 48
18 49
18 50
18 51
18 52
18 53
18 54
18 55
18 56
18 57
18 58
18 59
18 60
18 61
18 62
18 63
18 64
18 65
18 66
18 67
18 68
18 69
18 70
18 71
18 72
18 73
18 74
18 75
18 76
18 77
18 78
18 79
18 80
18 99
19 19
19 20
19 21
19 22
19 23
19 24
19 25
19 26
19 27
19 28
19 29
19 30
19 31
19 32
19 33
19 34
19 35
19 36
19 37
19 38
19 39
19 40
19 41
19 42
19 43
19 44
19 45
19 46
19 47
19 48
19 49
19 50
19 51
19 52
19 53
19 54
19 55
19 56
19 57
19 58
19 59
19 60
19 61
19 62
19 63
19 64
19 65
19 66
19 67
19 68
19 69
19 70
19 71
19 72
19 73
19 74
19 75
19 76
19 77
19 78
19 79
19 80
19 100
20 20
20 21
20 22
20 23
20 24
20 25
20 26
20 27
20 28
20 29
20 30
20 31
20 32
20 33
20 34
20 35
20 36
20 37
20 38
20 39
20 40
20 41
20 42
20 43
20 44
20 45
20 46
20 47
20 48
20 49
20 50
20 51
20 52
20 53
20 54
20 55
20 56
20 57
20 58
20 59
20 60
20 61
20 62
20 63
20 64
20 65
20 66
20 67
20 68
20 69
20 70
20 71
20 72
20 73
20 74
20 75
20 76
20 77
20 78
20 79
20 80
20 101
21 21
21 22
21 23
21 24
21 25
21 26
21 27
21 28
21 29
21 30
21 31
21 32
21 33
21 34
21 35
21 36
21 37
21 38
21 39
21 40
21 41
21 42
21 43
21 44
21 45
21 46
21 47
21 48
21 49
21 50
21 51
21 52
21 53
21 54
21 55
21 56
21 57
21 58
21 59
21 60
21 61
21 62
21 63
21 64
21 65
21 66
21 67
21 68
21 69
21 70
21 71
21 72
21 73
21 74
21 75
21 76
21 77
21 78
21 79
21 80
21 102
22 22
22 23
22 24
22 25
22 26
22 27
22 28
22 29
22 30
22 31
22 32
22 33
22 34
22 35
22 36
22 37
22 38
22 39
22 40
22 41
22 42
22 43
22 44
22 45
22 46
22 47
22 48
22 49
22 50
22 51
22 52
22 53
22 54
22 55
22 56
22 57
22 58
22 59
22 60
22 61
22 62
22 63
22 64
22 65
22 66
22 67
22 68
22 69
22 70
22 71
22 72
22 73
22 74
22 75
22 76
22 77
22 78
22 79
22 80
22 103
23 23
23 24
23 25
23 26
23 27
23 28
23 29
23 30
23 31
23 32
23 33
23 34
23 35
23 36
23 37
23 38
23 39
23 40
23 41
23 42
23 43
23 44
23 45
23 46
23 47
23 48
23 49
23 50
23 51
23 52
23 53
23 54
23 55
23 56
23 57
23 58
23 59
23 60
23 61
23 62
23 63
23 64
23 65
23 66
23 67
23 68
23 69
23 70
23 71
23 72
23 73
23 74
23 75
23 76
23 77
23 78
23 79
23 80
23 104
24 24
24 25
24 26
24 27
24 28
24 29
24 30
24 31
24 32
24 33
24 34
24 35
24 36
24 37
24 38
24 39
24 40
24 41
24 42
24 43
24 44
24 45
24 46
24 47
24 48
24 49
24 50
24 51
24 52
24 53
24 54
24 55
24 56
24 57
24 58
24 59
24 60
24 61
24 62
24 63
24 64
24 65
24 66
24 67
24 68
24 69
24 70
24 71
24 72
24 73
24 74
24 75
24 76
24 77
24 78
24 79
24 80
24 105
25 25
25 26
25 27
25 28
25 29
25 30
25 31
25 32
25 33
25 34
25 35
25 36
25 37
25 38
25 39
25 40
25 41
25 42
25 43
25 44
25 45
25 46
25 47
25 48
25 49
25 50
25 51
25 52
25 53
25 54
25 55
25 56
25 57
25 58
25 59
25 60
25 61
25 62
25 63
25 64
25 65
25 66
25 67
25 68
25 69
25 70
25 71
25 72
25 73
25 74
25 75
25 76
25 77
25 78
25 79
25 80
25 106
26 26
26 27
26 28
26 29
26 30
26 31
26 32
26 33
26 34
26 35
26 36
26 37
26 38
26 39
26 40
26 41
26 42
26 43
26 44
26 45
26 46
26 47
26 48
26 49
26 50
26 51
26 52
26 53
26 54
26 55
26 56
26 57
26 58
26 59
26 60
26 61
26 62
26 63
26 64
26 65
26 66
26 67
26 68
26 69
26 70
26 71
26 72
26 73
26 74
26 75
26 76
26 77
26 78
26 79
26 80
26 107
27 27
27 28
27 29
27 30
27 31
27 32
27 33
27 34
27 35
27 36
27 37
27 38
27 39
27 40
27 41
27 42
27 43
27 44
27 45
27 46
27 47
27 48
27 49
27 50
27 51
27 52
27 53
27 54
27 55
27 56
27 57
27 58
27 59
27 60
27 61
27 62
27 63
27 64
27 65
27 66
27 67
27 68
27 69
27 70
27 71
27 72
27 73
27 74
27 75
27 76
27 77
27 78
27 79
27 80
27 108
28 28
28 29
28 30
28 31
28 32
28 33
28 34
28 35
28 36
28 37
28 38
28 39
28 40
28 41
28 42
28 43
28 44
28 45
28 46
28 47
28 48
28 49
28 50
28 51
28 52
28 53
28 54
28 55
28 56
28 57
28 58
28 59
28 60
28 61
28 62
28 63
28 64
28 65
28 66
28 67
28 68
28 69
28 70
28 71
28 72
28 73
28 74
28 75
28 76
28 77
28 78
28 79
28 80
28 109
29 29
29 30
29 31
29 32
29 33
29 34
29 35
29 36
29 37
29 38
29 39
29 40
29 41
29 42
29 43
29 44
29 45
29 46
29 47
29 48
29 49
29 50
29 51
29 52
29 53
29 54
29 55
29 56
29 57
29 58
29 59
29 60
29 61
29 62
29 63
29 64
29 65
29 66
29 67
29 68
29 69
29 70
29 71
29 72
29 73
29 74
29 75
29 76
29 77
29 78
29 79
29 80
29 110
30 30
30 31
30 32
30 33
30 34
30 35
30 36
30 37
30 38
30 39
30 40
30 41
30 42
30 43
30 44
30 45
30 46
30 47
30 48
30 49
30 50
30 51
30 52
30 53
30 54
30 55
30 56
30 57
30 58
30 59
30 60
30 61
30 62
30 63
30 64
30 65
30 66
30 67
30 68
30 69
30 70
30 71
30 72
30 73
30 74
30 75
30 76
30 77
30 78
30 79
30 80
30 111
31 31
31 32
31 33
31 34
31 35
31 36
31 37
31 38
31 39
31 40
31 41
31 42
31 43
31 44
31 45
31 46
31 47
31 48
31 49
31 50
31 51
31 52
31 53
31 54
31 55
31 56
31 57
31 58
31 59
31 60
31 61
31 62
31 63
31 64
31 65
31 66
31 67
31 68
31 69
31 70
31 71
31 72
31 73
31 74
31 75
31 76
31 77
31 78
31 79
31 80
31 112
32 32
32 33
32 34
32 35
32 36
32 37
32 38
32 39
32 40
32 41
32 42
32 43
32 44
32 45
32 46
32 47
32 48
32 49
32 50
32 51
32 52
32 53
32 54
32 55
32 56
32 57
32 58
32 59
32 60
32 61
32 62
32 63
32 64
32 65
32 66
32 67
32 68
32 69
32 70
32 71
32 72
32 73
32 74
32 75
32 76
32 77
32 78
32 79
32 80
32 113
33 33
33 34
33 35
33 36
33 37
33 38
33 39
33 40
33 41
33 42
33 43
33 44
33 45
33 46
33 47
33 48
33 49
33 50
33 51
33 52
33 53
33 54
33 55
33 56
33 57
33 58
33 59
33 60
33 61
33 62
33 63
33 64
33 65
33 66
33 67
33 68
33 69
33 70
33 71
33 72
33 73
33 74
33 75
33 76
33 77
33 78
33 79
33 80
33 114
34 34
34 35
34 36
34 37
34 38
34 39
34 40
34 41
34 42
34 43
34 44
34 45
34 46
34 47
34 48
34 49
34 50
34 51
34 52
34 53
34 54
34 55
34 56
34 57
34 58
34 59
34 60
34 61
34 62
34 63
34 64
34 65
34 66
34 67
34 68
34 69
34 70
34 71
34 72
34 73
34 74
34 75
34 76
34 77
34 78
34 79
34 80
34 115
35 35
35 36
35 37
35 38
35 39
35 40
35 41
35 42
35 43
35 44
35 45
35 46
35 47
35 48
35 49
35 50
35 51
35 52
35 53
35 54
35 55
35 56
35 57
35 58
35 59
35 60
35 61
35 62
35 63
35 64
35 65
35 66
35 67
35 68
35 69
35 70
35 71
35 72
35 73
35 74
35 75
35 76
35 77
35 78
35 79
35 80
35 116
36 36
36 37
36 38
36 39
36 40
36 41
36 42
36 43
36 44
36 45
36 46
36 47
36 48
36 49
36 50
36 51
36 52
36 53
36 54
36 55
36 56
36 57
36 58
36 59
36 60
36 61
36 62
36 63
36 64
36 65
36 66
36 67
36 68
36 69
36 70
36 71
36 72
36 73
36 74
36 75
36 76
36 77
36 78
36 79
36 80
36 117
37 37
37 38
37 39
37 40
37 41
37 42
37 43
37 44
37 45
37 46
37 47
37 48
37 49
37 50
37 51
37 52
37 53
37 54
37 55
37 56
37 57
37 58
37 59
37 60
37 61
37 62
37 63
37 64
37 65
37 66
37 67
37 68
37 69
37 70
37 71
37 72
37 73
37 74
37 75
37 76
37 77
37 78
37 79
37 80
37 118
38 38
38 39
38 40
38 41
38 42
38 43
38 44
38 45
38 46
38 47
38 48
38 49
38 50
38 51
38 52
38 53
38 54
38 55
38 56
38 57
38 58
38 59
38 60
38 61
38 62
38 63
38 64
38 65
38 66
38 67
38 68
38 69
38 70
38 71
38 72
38 73
38 74
38 75
38 76
38 77
38 78
38 79
38 80
38 119
39 39
39 40
39 41
39 42
39 43
39 44
39 45
39 46
39 47
39 48
39 49
39 50
39 51
39 52
39 53
39 54
39 55
39 56
39 57
39 58
39 59
39 60
39 61
39 62
39 63
39 64
39 65
39 66
39 67
39 68
39 69
39 70
39 71
39 72
39 73
39 74
39 75
39 76
39 77
39 78
39 79
39 80
39 120
40 40
40 41
40 42
40 43
40 44
40 45
40 46
40 47
40 48
40 49
40 50
40 51
40 52
40 53
40 54
40 55
40 56
40 57
40 58
40 59
40 60
40 61
40 62
40 63
40 64
40 65
40 66
40 67
40 68
40 69
40 70
40 71
40 72
40 73
40 74
40 75
40 76
40 77
40 78
40 79
40 80
40 121
41 41
41 42
41 43
41 44
41 45
41 46
41 47
41 48
41 49
41 50
41 51
41 52
41 53
41 54
41 55
41 56
41 57
41 58
41 59
41 60
41 61
41 62
41 63
41 64
41 65
41 66
41 67
41 68
41 69
41 70
41 71
41 72
41 73
41 74
41 75
41 76
41 77
41 78
41 79
41 80
41 122
42 42
42 43
42 44
42 45
42 46
42 47
42 48
42 49
42 50
42 51
42 52
42 53
42 54
42 55
42 56
42 57
42 58
42 59
42 60
42 61
42 62
42 63
42 64
42 65
42 66
42 67
42 68
42 69
42 70
42 71
42 72
42 73
42 74
42 75
42 76
42 77
42 78
42 79
42 80
42 123
43 43
43 44
43 45
43 46
43 47
43 48
43 49
43 50
43 51
43 52
43 53
43 54
43 55
43 56
43 57
43 58
43 59
43 60
43 61
43 62
43 63
43 64
43 65
43 66
43 67
43 68
43 69
43 70
43 71
43 72
43 73
43 74
43 75
43 76
43 77
43 78
43 79
43 80
43 124
44 44
44 45
44 46
44 47
44 48
44 49
44 50
44 51
44 52
44 53
44 54
44 55
44 56
44 57
44 58
44 59
44 60
44 61
44 62
44 63
44 64
44 65
44 66
44 67
44 68
44 69
44 70
44 71
44 72
44 73
44 74
44 75
44 76
44 77
44 78
44 79
44 80
44 125
45 45
45 46
45 47
45 48
45 49
45 50
45 51
45 52
45 53
45 54
45 55
45 56
45 57
45 58
45 59
45 60
45 61
45 62
45 63
45 64
45 65
45 66
45 67
45 68
45 69
45 70
45 71
45 72
45 73
45 74
45 75
45 76
45 77
45 78
45 79
45 80
45 126
46 46
46 47
46 48
46 49
46 50
46 51
46 52
46 53
46 54
46 55
46 56
46 57
46 58
46 59
46 60
46 61
46 62
46 63
46 64
46 65
46 66
46 67
46 68
46 69
46 70
46 71
46 72
46 73
46 74
46 75
46 76
46 77
46 78
46 79
46 80
46 127
47 47
47 48
47 49
47 50
47 51
47 52
47 53
47 54
47 55
47 56
47 57
47 58
47 59
47 60
47 61
47 62
47 63
47 64
47 65
47 66
47 67
47 68
47 69
47 70
47 71
47 72
47 73
47 74
47 75
47 76
47 77
47 78
47 79
47 80
47 128
48 48
48 49
48 50
48 51
48 52
48 53
48 54
48 55
48 56
48 57
48 58
48 59
48 60
48 61
48 62
48 63
48 64
48 65
48 66
48 67
48 68
48 69
48 70
48 71
48 72
48 73
48 74
48 75
48 76
48 77
48 78
48 79
48 80
48 129
49 49
49 50
49 51
49 52
49 53
49 54
49 55
49 56
49 57
49 58
49 59
49 60
49 61
49 62
49 63
49 64
49 65
49 66
49 67
49 68
49 69
49 70
49 71
49 72
49 73
49 74
49 75
49 76
49 77
49 78
49 79
49 80
49 130
50 50
50 51
50 52
50 53
50 54
50 55
50 56
50 57
50 58
50 59
50 60
50 61
50 62
50 63
50 64
50 65
50 66
50 67
50 68
50 69
50 70
50 71
50 72
50 73
50 74
50 75
50 76
50 77
50 78
50 79
50 80
50 131
51 51
51 52
51 53
51 54
51 55
51 56
51 57
51 58
51 59
51 60
51 61
51 62
51 63
51 64
51 65
51 66
51 67
51 68
51 69
51 70
51 71
51 72
51 73
51 74
51 75
51 76
51 77
51 78
51 79
51 80
51 132
52 52
52 53
52 54
52 55
52 56
52 57
52 58
52 59
52 60
52 61
52 62
52 63
52 64
52 65
52 66
52 67
52 68
52 69
52 70
52 71
52 72
52 73
52 74
52 75
52 76
52 77
52 78
52 79
52 80
52 133
53 53
53 54
53 55
53 56
53 57
53 58
53 59
53 60
53 61
53 62
53 63
53 64
53 65
53 66
53 67
53 68
53 69
53 70
53 71
53 72
53 73
53 74
53 75
53 76
53 77
53 78
53 79
53 80
53 134
54 54
54 55
54 56
54 57
54 58
54 59
54 60
54 61
54 62
54 63
54 64
54 65
54 66
54 67
54 68
54 69
54 70
54 71
54 72
54 73
54 74
54 75
54 76
54 77
54 78
54 79
54 80
54 135
55 55
55 56
55 57
55 58
55 59
55 60
55 61
55 62
55 63
55 64
55 65
55 66
55 67
55 68
55 69
55 70
55 71
55 72
55 73
55 74
55 75
55 76
55 77
55 78
55 79
55 80
55 136
56 56
56 57
56 58
56 59
56 60
56 61
56 62
56 63
56 64
56 65
56 66
56 67
56 68
56 69
56 70
56 71
56 72
56 73
56 74
56 75
56 76
56 77
56 78
56 79
56 80
56 137
57 57
57 58
57 59
57 60
57 61
57 62
57 63
57 64
57 65
57 66
57 67
57 68
57 69
57 70
57 71
57 72
57 73
57 74
57 75
57 76
57 77
57 78
57 79
57 80
57 138
58 58
58 59
58 60
58 61
58 62
58 63
58 64
58 65
58 66
58 67
58 68
58 69
58 70
58 71
58 72
58 73
58 74
58 75
58 76
58 77
58 78
58 79
58 80
58 139
59 59
59 60
59 61
59 62
59 63
59 64
59 65
59 66
59 67
59 68
59 69
59 70
59 71
59 72
59 73
59 74
59 75
59 76
59 77
59 78
59 79
59 80
59 140
60 60
60 61
60 62
60 63
60 64
60 65
60 66
60 67
60 68
60 69
60 70
60 71
60 72
60 73
60 74
60 75
60 76
60 77
60 78
60 79
60 80
60 141
61 61
61 62
61 63
61 64
61 65
61 66
61 67
61 68
61 69
61 70
61 71
61 72
61 73
61 74
61 75
61 76
61 77
61 78
61 79
61 80
61 142
62 62
62 63
62 64
62 65
62 66
62 67
62 68
62 69
62 70
62 71
62 72
62 73
62 74
62 75
62 76
62 77
62 78
62 79
62 80
62 143
63 63
63 64
63 65
63 66
63 67
63 68
63 69
63 70
63 71
63 72
63 73
63 74
63 75
63 76
63 77
63 78
63 79
63 80
63 144
64 64
64 65
64 66
64 67
64 68
64 69
64 70
64 71
64 72
64 73
64 74
64 75
64 76
64 77
64 78
64 79
64 80
64 145
65 65
65 66
65 67
65 68
65 69
65 70
65 71
65 72
65 73
65 74
65 75
65 76
65 77
65 78
65 79
65 80
65 146
66 66
66 67
66 68
66 69
66 70
66 71
66 72
66 73
66 74
66 75
66 76
66 77
66 78
66 79
66 80
66 147
67 67
67 68
67 69
67 70
67 71
67 72
67 73
67 74
67 75
67 76
67 77
67 78
67 79
67 80
67 148
68 68
68 69
68 70
68 71
68 72
68 73
68 74
68 75
68 76
68 77
68 78
68 79
68 80
68 149
69 69
69 70
69 71
69 72
69 73
69 74
69 75
69 76
69 77
69 78
69 79
69 80
69 150
70 70
70 71
70 72
70 73
70 74
70 75
70 76
70 77
70 78
70 79
70 80
70 151
71 71
71 72
71 73
71 74
71 75
71 76
71 77
71 78
71 79
71 80
71 152
72 72
72 73
72 74
72 75
72 76
72 77
72 78
72 79
72 80
72 153
73 73
73 74
73 75
73 76
73 77
73 78
73 79
73 80
73 154
74 74
74 75
74 76
74 77
74 78
74 79
74 80
74 155
75 75
75 76
75 77
75 78
75 79
75 80
75 156
76 76
76 77
76 78
76 79
76 80
76 157
77 77
77 78
77 79
77 80
77 158
78 78
78 79
78 80
78 159
79 79
79 80
79 160
80 80
80 161
81 81
81 82
81 83
81 84
81 85
81 86
81 87
81 88
81 89
81 90
81 91
81 92
81 93
81 94
81 95
81 96
81 97
81 98
81 99
81 100
81 101
81 102
81 103
81 104
81 105
81 106
81 107
81 108
81 109
81 110
81 111
81 112
81 113
81 114
81 115
81 116
81 117
81 118
81 119
81 120
81 121
81 122
81 123
81 124
81 125
81 126
81 127
81 128
81 129
81 130
81 131
81 132
81 133
81 134
81 135
81 136
81 137
81 138
81 139
81 140
81 141
81 142
81 143
81 144
81 145
81 146
81 147
81 148
81 149
81 150
81 151
81 152
81 153
81 154
81 155
81 156
81 157
81 158
81 159
81 160
81 161
81 162
82 82
82 83
82 84
82 85
82 86
82 87
82 88
82 89
82 90
82 91
82 92
82 93
82 94
82 95
82 96
82 97
82 98
82 99
82 100
82 101
82 102
82 103
82 104
82 105
82 106
82 107
82 108
82 109
82 110
82 111
82 112
82 113
82 114
82 115
82 116
82 117
82 118
82 119
82 120
82 121
82 122
82 123
82 124
82 125
82 126
82 127
82 128
82 129
82 130
82 131
82 132
82 133
82 134
82 135
82 136
82 137
82 138
82 139
82 140
82 141
82 142
82 143
82 144
82 145
82 146
82 147
82 148
82 149
82 150
82 151
82 152
82 153
82 154
82 155
82 156
82 157
82 158
82 159
82 160
82 161
82 163
83 83
83 84
83 85
83 86
83 87
83 88
83 89
83 90
83 91
83 92
83 93
83 94
83 95
83 96
83 97
83 98
83 99
83 100
83 101
83 102
83 103
83 104
83 105
83 106
83 107
83 108
83 109
83 110
83 111
83 112
83 113
83 114
83 115
83 116
83 117
83 118
83 119
83 120
83 121
83 122
83 123
83 124
83 125
83 126
83 127
83 128
83 129
83 130
83 131
83 132
83 133
83 134
83 135
83 136
83 137
83 138
83 139
83 140
83 141
83 142
83 143
83 144
83 145
83 146
83 147
83 148
83 149
83 150
83 151
83 152
83 153
83 154
83 155
83 156
83 157
83 158
83 159
83 160
83 161
83 164
84 84
84 85
84 86
84 87
84 88
84 89
84 90
84 91
84 92
84 93
84 94
84 95
84 96
84 97
84 98
84 99
84 100
84 101
84 102
84 103
84 104
84 105
84 106
84 107
84 108
84 109
84 110
84 111
84 112
84 113
84 114
84 115
84 116
84 117
84 118
84 119
84 120
84 121
84 122
84 123
84 124
84 125
84 126
84 127
84 128
84 129
84 130
84 131
84 132
84 133
84 134
84 135
84 136
84 137
84 138
84 139
84 140
84 141
84 142
84 143
84 144
84 145
84 146
84 147
84 148
84 149
84 150
84 151
84 152
84 153
84 154
84 155
84 156
84 157
84 158
84 159
84 160
84 161
84 165
85 85
85 86
85 87
85 88
85 89
85 90
85 91
85 92
85 93
85 94
85 95
85 96
85 97
85 98
85 99
85 100
85 101
85 102
85 103
85 104
85 105
85 106
85 107
85 108
85 109
85 110
85 111
85 112
85 113
85 114
85 115
85 116
85 117
85 118
85 119
85 120
85 121
85 122
85 123
85 124
85 125
85 126
85 127
85 128
85 129
85 130
85 131
85 132
85 133
85 134
85 135
85 136
85 137
85 138
85 139
85 140
85 141
85 142
85 143
85 144
85 145
85 146
85 147
85 148
85 149
85 150
85 151
85 152
85 153
85 154
85 155
85 156
85 157
85 158
85 159
85 160
85 161
85 166
86 86
86 87
86 88
86 89
86 90
86 91
86 92
86 93
86 94
86 95
86 96
86 97
86 98
86 99
86 100
86 101
86 102
86 103
86 104
86 105
86 106
86 107
86 108
86 109
86 110
86 111
86 112
86 113
86 114
86 115
86 116
86 117
86 118
86 119
86 120
86 121
86 122
86 123
86 124
86 125
86 126
86 127
86 128
86 129
86 130
86 131
86 132
86 133
86 134
86 135
86 136
86 137
86 138
86 139
86 140
86 141
86 142
86 143
86 144
86 145
86 146
86 147
86 148
86 149
86 150
86 151
86 152
86 153
86 154
86 155
86 156
86 157
86 158
86 159
86 160
86 161
86 167
87 87
87 88
87 89
87 90
87 91
87 92
87 93
87 94
87 95
87 96
87 97
87 98
87 99
87 100
87 101
87 102
87 103
87 104
87 105
87 106
87 107
87 108
87 109
87 110
87 111
87 112
87 113
87 114
87 115
87 116
87 117
87 118
87 119
87 120
87 121
87 122
87 123
87 124
87 125
87 126
87 127
87 128
87 129
87 130
87 131
87 132
87 133
87 134
87 135
87 136
87 137
87 138
87 139
87 140
87 141
87 142
87 143
87 144
87 145
87 146
87 147
87 148
87 149
87 150
87 151
87 152
87 153
87 154
87 155
87 156
87 157
87 158
87 159
87 160
87 161
87 168
88 88
88 89
88 90
88 91
88 92
88 93
88 94
88 95
88 96
88 97
88 98
88 99
88 100
88 101
88 102
88 103
88 104
88 105
88 106
88 107
88 108
88 109
88 110
88 111
88 112
88 113
88 114
88 115
88 116
88 117
88 118
88 119
88 120
88 121
88 122
88 123
88 124
88 125
88 126
88 127
88 128
88 129
88 130
88 131
88 132
88 133
88 134
88 135
88 136
88 137
88 138
88 139
88 140
88 141
88 142
88 143
88 144
88 145
88 146
88 147
88 148
88 149
88 150
88 151
88 152
88 153
88 154
88 155
88 156
88 157
88 158
88 159
88 160
88 161
88 169
89 89
89 90
89 91
89 92
89 93
89 94
89 95
89 96
89 97
89 98
89 99
89 100
89 101
89 102
89 103
89 104
89 105
89 106
89 107
89 108
89 109
89 110
89 111
89 112
89 113
89 114
89 115
89 116
89 117
89 118
89 119
89 120
89 121
89 122
89 123
89 124
89 125
89 126
89 127
89 128
89 129
89 130
89 131
89 132
89 133
89 134
89 135
89 136
89 137
89 138
89 139
89 140
89 141
89 142
89 143
89 144
89 145
89 146
89 147
89 148
89 149
89 150
89 151
89 152
89 153
89 154
89 155
89 156
89 157
89 158
89 159
89 160
89 161
89 170
90 90
90 91
90 92
90 93
90 94
90 95
90 96
90 97
90 98
90 99
90 100
90 101
90 102
90 103
90 104
90 105
90 106
90 107
90 108
90 109
90 110
90 111
90 112
90 113
90 114
90 115
90 116
90 117
90 118
90 119
90 120
90 121
90 122
90 123
90 124
90 125
90 126
90 127
90 128
90 129
90 130
90 131
90 132
90 133
90 134
90 135
90 136
90 137
90 138
90 139
90 140
90 141
90 142
90 143
90 144
90 145
90 146
90 147
90 148
90 149
90 150
90 151
90 152
90 153
90 154
90 155
90 156
90 157
90 158
90 159
90 160
90 161
90 171
91 91
91 92
91 93
91 94
91 95
91 96
91 97
91 98
91 99
91 100
91 101
91 102
91 103
91 104
91 105
91 106
91 107
91 108
91 109
91 110
91 111
91 112
91 113
91 114
91 115
91 116
91 117
91 118
91 119
91 120
91 121
91 122
91 123
91 124
91 125
91 126
91 127
91 128
91 129
91 130
91 131
91 132
91 133
91 134
91 135
91 136
91 137
91 138
91 139
91 140
91 141
91 142
91 143
91 144
91 145
91 146
91 147
91 148
91 149
91 150
91 151
91 152
91 153
91 154
91 155
91 156
91 157
91 158
91 159
91 160
91 161
91 172
92 92
92 93
92 94
92 95
92 96
92 97
92 98
92 99
92 100
92 101
92 102
92 103
92 104
92 105
92 106
92 107
92 108
92 109
92 110
92 111
92 112
92 113
92 114
92 115
92 116
92 117
92 118
92 119
92 120
92 121
92 122
92 123
92 124
92 125
92 126
92 127
92 128
92 129
92 130
92 131
92 132
92 133
92 134
92 135
92 136
92 137
92 138
92 139
92 140
92 141
92 142
92 143
92 144
92 145
92 146
92 147
92 148
92 149
92 150
92 151
92 152
92 153
92 154
92 155
92 156
92 157
92 158
92 159
92 160
92 161
92 173
93 93
93 94
93 95
93 96
93 97
93 98
93 99
93 100
93 101
93 102
93 103
93 104
93 105
93 106
93 107
93 108
93 109
93 110
93 111
93 112
93 113
93 114
93 115
93 116
93 117
93 118
93 119
93 120
93 121
93 122
93 123
93 124
93 125
93 126
93 127
93 128
93 129
93 130
93 131
93 132
93 133
93 134
93 135
93 136
93 137
93 138
93 139
93 140
93 141
93 142
93 143
93 144
93 145
93 146
93 147
93 148
93 149
93 150
93 151
93 152
93 153
93 154
93 155
93 156
93 157
93 158
93 159
93 160
93 161
93 174
94 94
94 95
94 96
94 97
94 98
94 99
94 100
94 101
94 102
94 103
94 104
94 105
94 106
94 107
94 108
94 109
94 110
94 111
94 112
94 113
94 114
94 115
94 116
94 117
94 118
94 119
94 120
94 121
94 122
94 123
94 124
94 125
94 126
94 127
94 128
94 129
94 130
94 131
94 132
94 133
94 134
94 135
94 136
94 137
94 138
94 139
94 140
94 141
94 142
94 143
94 144
94 145
94 146
94 147
94 148
94 149
94 150
94 151
94 152
94 153
94 154
94 155
94 156
94 157
94 158
94 159
94 160
94 161
94 175
95 95
95 96
95 97
95 98
95 99
95 100
95 101
95 102
95 103
95 104
95 105
95 106
95 107
95 108
95 109
95 110
95 111
95 112
95 113
95 114
95 115
95 116
95 117
95 118
95 119
95 120
95 121
95 122
95 123
95 124
95 125
95 126
95 127
95 128
95 129
95 130
95 131
95 132
95 133
95 134
95 135
95 136
95 137
95 138
95 139
95 140
95 141
95 142
95 143
95 144
95 145
95 146
95 147
95 148
95 149
95 150
95 151
95 152
95 153
95 154
95 155
95 156
95 157
95 158
95 159
95 160
95 161
95 176
96 96
96 97
96 98
96 99
96 100
96 101
96 102
96 103
96 104
96 105
96 106
96 107
96 108
96 109
96 110
96 111
96 112
96 113
96 114
96 115
96 116
96 117
96 118
96 119
96 120
96 121
96 122
96 123
96 124
96 125
96 126
96 127
96 128
96 129
96 130
96 131
96 132
96 133
96 134
96 135
96 136
96 137
96 138
96 139
96 140
96 141
96 142
96 143
96 144
96 145
96 146
96 147
96 148
96 149
96 150
96 151
96 152
96 153
96 154
96 155
96 156
96 157
96 158
96 159
96 160
96 161
96 177
97 97
97 98
97 99
97 100
97 101
97 102
97 103
97 104
97 105
97 106
97 107
97 108
97 109
97 110
97 111
97 112
97 113
97 114
97 115
97 116
97 117
97 118
97 119
97 120
97 121
97 122
97 123
97 124
97 125
97 126
97 127
97 128
97 129
97 130
97 131
97 132
97 133
97 134
97 135
97 136
97 137
97 138
97 139
97 140
97 141
97 142
97 143
97 144
97 145
97 146
97 147
97 148
97 149
97 150
97 151
97 152
97 153
97 154
97 155
97 156
97 157
97 158
97 159
97 160
97 161
97 178
98 98
98 99
98 100
98 101
98 102
98 103
98 104
98 105
98 106
98 107
98 108
98 109
98 110
98 111
98 112
98 113
98 114
98 115
98 116
98 117
98 118
98 119
98 120
98 121
98 122
98 123
98 124
98 125
98 126
98 127
98 128
98 129
98 130
98 131
98 132
98 133
98 134
98 135
98 136
98 137
98 138
98 139
98 140
98 141
98 142
98 143
98 144
98 145
98 146
98 147
98 148
98 149
98 150
98 151
98 152
98 153
98 154
98 155
98 156
98 157
98 158
98 159
98 160
98 161
98 179
99 99
99 100
99 101
99 102
99 103
99 104
99 105
99 106
99 107
99 108
99 109
99 110
99 111
99 112
99 113
99 114
99 115
99 116
99 117
99 118
99 119
99 120
99 121
99 122
99 123
99 124
99 125
99 126
99 127
99 128
99 129
99 130
99 131
99 132
99 133
99 134
99 135
99 136
99 137
99 138
99 139
99 140
99 141
99 142
99 143
99 144
99 145
99 146
99 147
99 148
99 149
99 150
99 151
99 152
99 153
99 154
99 155
99 156
99 157
99 158
99 159
99 160
99 161
99 180
100 100
100 101
100 102
100 103
100 104
100 105
100 106
100 107
100 108
100 109
100 110
100 111
100 112
100 113
100 114
100 115
100 116
100 117
100 118
100 119
100 120
100 121
100 122
100 123
100 124
100 125
100 126
100 127
100 128
100 129
100 130
100 131
100 132
100 133
100 134
100 135
100 136
100 137
100 138
100 139
100 140
100 141
100 142
100 143
100 144
100 145
100 146
100 147
100 148
100 149
100 150
100 151
100 152
100 153
100 154
100 155
100 156
100 157
100 158
100 159
100 160
100 161
100 181
101 101
101 102
101 103
101 104
101 105
101 106
101 107
101 108
101 109
101 110
101 111
101 112
101 113
101 114
101 115
101 116
101 117
101 118
101 119
101 120
101 121
101 122
101 123
101 124
101 125
101 126
101 127
101 128
101 129
101 130
101 131
101 132
101 133
101 134
101 135
101 136
101 137
101 138
101 139
101 140
101 141
101 142
101 143
101 144
101 145
101 146
101 147
101 148
101 149
101 150
101 151
101 152
101 153
101 154
101 155
101 156
101 157
101 158
101 159
101 160
101 161
101 182
102 102
102 103
102 104
102 105
102 106
102 107
102 108
102 109
102 110
102 111
102 112
102 113
102 114
102 115
102 116
102 117
102 118
102 119
102 120
102 121
102 122
102 123
102 124
102 125
102 126
102 127
102 128
102 129
102 130
102 131
102 132
102 133
102 134
102 135
102 136
102 137
102 138
102 139
102 140
102 141
102 142
102 143
102 144
102 145
102 146
102 147
102 148
102 149
102 150
102 151
102 152
102 153
102 154
102 155
102 156
102 157
102 158
102 159
102 160
102 161
102 183
103 103
103 104
103 105
103 106
103 107
103 108
103 109
103 110
103 111
103 112
103 113
103 114
103 115
103 116
103 117
103 118
103 119
103 120
103 121
103 122
103 123
103 124
103 125
103 126
103 127
103 128
103 129
103 130
103 131
103 132
103 133
103 134
103 135
103 136
103 137
103 138
103 139
103 140
103 141
103 142
103 143
103 144
103 145
103 146
103 147
103 148
103 149
103 150
103 151
103 152
103 153
103 154
103 155
103 156
103 157
103 158
103 159
103 160
103 161
103 184
104 104
104 105
104 106
104 107
104 108
104 109
104 110
104 111
104 112
104 113
104 114
104 115
104 116
104 117
104 118
104 119
104 120
104 121
104 122
104 123
104 124
104 125
104 126
104 127
104 128
104 129
104 130
104 131
104 132
104 133
104 134
104 135
104 136
104 137
104 138
104 139
104 140
104 141
104 142
104 143
104 144
104 145
104 146
104 147
104 148
104 149
104 150
104 151
104 152
104 153
104 154
104 155
104 156
104 157
104 158
104 159
104 160
104 161
104 185
105 105
105 106
105 107
105 108
105 109
105 110
105 111
105 112
105 113
105 114
105 115
105 116
105 117
105 118
105 119
105 120
105 121
105 122
105 123
105 124
105 125
105 126
105 127
105 128
105 129
105 130
105 131
105 132
105 133
105 134
105 135
105 136
105 137
105 138
105 139
105 140
105 141
105 142
105 143
105 144
105 145
105 146
105 147
105 148
105 149
105 150
105 151
105 152
105 153
105 154
105 155
105 156
105 157
105 158
105 159
105 160
105 161
105 186
106 106
106 107
106 108
106 109
106 110
106 111
106 112
106 113
106 114
106 115
106 116
106 117
106 118
106 119
106 120
106 121
106 122
106 123
106 124
106 125
106 126
106 127
106 128
106 129
106 130
106 131
106 132
106 133
106 134
106 135
106 136
106 137
106 138
106 139
106 140
106 141
106 142
106 143
106 144
106 145
106 146
106 147
106 148
106 149
106 150
106 151
106 152
106 153
106 154
106 155
106 156
106 157
106 158
106 159
106 160
106 161
106 187
107 107
107 108
107 109
107 110
107 111
107 112
107 113
107 114
107 115
107 116
107 117
107 118
107 119
107 120
107 121
107 122
107 123
107 124
107 125
107 126
107 127
107 128
107 129
107 130
107 131
107 132
107 133
107 134
107 135
107 136
107 137
107 138
107 139
107 140
107 141
107 142
107 143
107 144
107 145
107 146
107 147
107 148
107 149
107 150
107 151
107 152
107 153
107 154
107 155
107 156
107 157
107 158
107 159
107 160
107 161
107 188
108 108
108 109
108 110
108 111
108 112
108 113
108 114
108 115
108 116
108 117
108 118
108 119
108 120
108 121
108 122
108 123
108 124
108 125
108 126
108 127
108 128
108 129
108 130
108 131
108 132
108 133
108 134
108 135
108 136
108 137
108 138
108 139
108 140
108 141
108 142
108 143
108 144
108 145
108 146
108 147
108 148
108 149
108 150
108 151
108 152
108 153
108 154
108 155
108 156
108 157
108 158
108 159
108 160
108 161
108 189
109 109
109 110
109 111
109 112
109 113
109 114
109 115
109 116
109 117
109 118
109 119
109 120
109 121
109 122
109 123
109 124
109 125
109 126
109 127
109 128
109 129
109 130
109 131
109 132
109 133
109 134
109 135
109 136
109 137
109 138
109 139
109 140
109 141
109 142
109 143
109 144
109 145
109 146
109 147
109 148
109 149
109 150
109 151
109 152
109 153
109 154
109 155
109 156
109 157
109 158
109 159
109 160
109 161
109 190
110 110
110 111
110 112
110 113
110 114
110 115
110 116
110 117
110 118
110 119
110 120
110 121
110 122
110 123
110 124
110 125
110 126
110 127
110 128
110 129
110 130
110 131
110 132
110 133
110 134
110 135
110 136
110 137
110 138
110 139
110 140
110 141
110 142
110 143
110 144
110 145
110 146
110 147
110 148
110 149
110 150
110 151
110 152
110 153
110 154
110 155
110 156
110 157
110 158
110 159
110 160
110 161
110 191
111 111
111 112
111 113
111 114
111 115
111 116
111 117
111 118
111 119
111 120
111 121
111 122
111 123
111 124
111 125
111 126
111 127
111 128
111 129
111 130
111 131
111 132
111 133
111 134
111 135
111 136
111 137
111 138
111 139
111 140
111 141
111 142
111 143
111 144
111 145
111 146
111 147
111 148
111 149
111 150
111 151
111 152
111 153
111 154
111 155
111 156
111 157
111 158
111 159
111 160
111 161
111 192
112 112
112 113
112 114
112 115
112 116
112 117
112 118
112 119
112 120
112 121
112 122
112 123
112 124
112 125
112 126
112 127
112 128
112 129
112 130
112 131
112 132
112 133
112 134
112 135
112 136
112 137
112 138
112 139
112 140
112 141
112 142
112 143
112 144
112 145
112 146
112 147
112 148
112 149
112 150
112 151
112 152
112 153
112 154
112 155
112 156
112 157
112 158
112 159
112 160
112 161
112 193
113 113
113 114
113 115
113 116
113 117
113 118
113 119
113 120
113 121
113 122
113 123
113 124
113 125
113 126
113 127
113 128
113 129
113 130
113 131
113 132
113 133
113 134
113 135
113 136
113 137
113 138
113 139
113 140
113 141
113 142
113 143
113 144
113 145
113 146
113 147
113 148
113 149
113 150
113 151
113 152
113 153
113 154
113 155
113 156
113 157
113 158
113 159
113 160
113 161
113 194
114 114
114 115
114 116
114 117
114 118
114 119
114 120
114 121
114 122
114 123
114 124
114 125
114 126
114 127
114 128
114 129
114 130
114 131
114 132
114 133
114 134
114 135
114 136
114 137
114 138
114 139
114 140
114 141
114 142
114 143
114 144
114 145
114 146
114 147
114 148
114 149
114 150
114 151
114 152
114 153
114 154
114 155
114 156
114 157
114 158
114 159
114 160
114 161
114 195
115 115
115 116
115 117
115 118
115 119
115 120
115 121
115 122
115 123
115 124
115 125
115 126
115 127
115 128
115 129
115 130
115 131
115 132
115 133
115 134
115 135
115 136
115 137
115 138
115 139
115 140
115 141
115 142
115 143
115 144
115 145
115 146
115 147
115 148
115 149
115 150
115 151
115 152
115 153
115 154
115 155
115 156
115 157
115 158
115 159
115 160
115 161
115 196
116 116
116 117
116 118
116 119
116 120
116 121
116 122
116 123
116 124
116 125
116 126
116 127
116 128
116 129
116 130
116 131
116 132
116 133
116 134
116 135
116 136
116 137
116 138
116 139
116 140
116 141
116 142
116 143
116 144
116 145
116 146
116 147
116 148
116 149
116 150
116 151
116 152
116 153
116 154
116 155
116 156
116 157
116 158
116 159
116 160
116 161
116 197
117 117
117 118
117 119
117 120
117 121
117 122
117 123
117 124
117 125
117 126
117 127
117 128
117 129
117 130
117 131
117 132
117 133
117 134
117 135
117 136
117 137
117 138
117 139
117 140
117 141
117 142
117 143
117 144
117 145
117 146
117 147
117 148
117 149
117 150
117 151
117 152
117 153
117 154
117 155
117 156
117 157
117 158
117 159
117 160
117 161
117 198
118 118
118 119
118 120
118 121
118 122
118 123
118 124
118 125
118 126
118 127
118 128
118 129
118 130
118 131
118 132
118 133
118 134
118 135
118 136
118 137
118 138
118 139
118 140
118 141
118 142
118 143
118 144
118 145
118 146
118 147
118 148
118 149
118 150
118 151
118 152
118 153
118 154
118 155
118 156
118 157
118 158
118 159
118 160
118 161
118 199
119 119
119 120
119 121
119 122
119 123
119 124
119 125
119 126
119 127
119 128
119 129
119 130
119 131
119 132
119 133
119 134
119 135
119 136
119 137
119 138
119 139
119 140
119 141
119 142
119 143
119 144
119 145
119 146
119 147
119 148
119 149
119 150
119 151
119 152
119 153
119 154
119 155
119 156
119 157
119 158
119 159
119 160
119 161
119 200
120 120
120 121
120 122
120 123
120 124
120 125
120 126
120 127
120 128
120 129
120 130
120 131
120 132
120 133
120 134
120 135
120 136
120 137
120 138
120 139
120 140
120 141
120 142
120 143
120 144
120 145
120 146
120 147
120 148
120 149
120 150
120 151
120 152
120 153
120 154
120 155
120 156
120 157
120 158
120 159
120 160
120 161
120 201
121 121
121 122
121 123
121 124
121 125
121 126
121 127
121 128
121 129
121 130
121 131
121 132
121 133
121 134
121 135
121 136
121 137
121 138
121 139
121 140
121 141
121 142
121 143
121 144
121 145
121 146
121 147
121 148
121 149
121 150
121 151
121 152
121 153
121 154
121 155
121 156
121 157
121 158
121 159
121 160
121 161
121 202
122 122
122 123
122 124
122 125
122 126
122 127
122 128
122 129
122 130
122 131
122 132
122 133
122 134
122 135
122 136
122 137
122 138
122 139
122 140
122 141
122 142
122 143
122 144
122 145
122 146
122 147
122 148
122 149
122 150
122 151
122 152
122 153
122 154
122 155
122 156
122 157
122 158
122 159
122 160
122 161
122 203
123 123
123 124
123 125
123 126
123 127
123 128
123 129
123 130
123 131
123 132
123 133
123 134
123 135
123 136
123 137
123 138
123 139
123 140
123 141
123 142
123 143
123 144
123 145
123 146
123 147
123 148
123 149
123 150
123 151
123 152
123 153
123 154
123 155
123 156
123 157
123 158
123 159
123 160
123 161
123 204
124 124
124 125
124 126
124 127
124 128
124 129
124 130
124 131
124 132
124 133
124 134
124 135
124 136
124 137
124 138
124 139
124 140
124 141
124 142
124 143
124 144
124 145
124 146
124 147
124 148
124 149
124 150
124 151
124 152
124 153
124 154
124 155
124 156
124 157
124 158
124 159
124 160
124 161
124 205
125 125
125 126
125 127
125 128
125 129
125 130
125 131
125 132
125 133
125 134
125 135
125 136
125 137
125 138
125 139
125 140
125 141
125 142
125 143
125 144
125 145
125 146
125 147
125 148
125 149
125 150
125 151
125 152
125 153
125 154
125 155
125 156
125 157
125 158
125 159
125 160
125 161
125 206
126 126
126 127
126 128
126 129
126 130
126 131
126 132
126 133
126 134
126 135
126 136
126 137
126 138
126 139
126 140
126 141
126 142
126 143
126 144
126 145
126 146
126 147
126 148
126 149
126 150
126 151
126 152
126 153
126 154
126 155
126 156
126 157
126 158
126 159
126 160
126 161
126 207
127 127
127 128
127 129
127 130
127 131
127 132
127 133
127 134
127 135
127 136
127 137
127 138
127 139
127 140
127 141
127 142
127 143
127 144
127 145
127 146
127 147
127 148
127 149
127 150
127 151
127 152
127 153
127 154
127 155
127 156
127 157
127 158
127 159
127 160
127 161
127 208
128 128
128 129
128 130
128 131
128 132
128 133
128 134
128 135
128 136
128 137
128 138
128 139
128 140
128 141
128 142
128 143
128 144
128 145
128 146
128 147
128 148
128 149
128 150
128 151
128 152
128 153
128 154
128 155
128 156
128 157
128 158
128 159
128 160
128 161
128 209
129 129
129 130
129 131
129 132
129 133
129 134
129 135
129 136
129 137
129 138
129 139
129 140
129 141
129 142
129 143
129 144
129 145
129 146
129 147
129 148
129 149
129 150
129 151
129 152
129 153
129 154
129 155
129 156
129 157
129 158
129 159
129 160
129 161
129 210
130 130
130 131
130 132
130 133
130 134
130 135
130 136
130 137
130 138
130 139
130 140
130 141
130 142
130 143
130 144
130 145
130 146
130 147
130 148
130 149
130 150
130 151
130 152
130 153
130 154
130 155
130 156
130 157
130 158
130 159
130 160
130 161
130 211
131 131
131 132
131 133
131 134
131 135
131 136
131 137
131 138
131 139
131 140
131 141
131 142
131 143
131 144
131 145
131 146
131 147
131 148
131 149
131 150
131 151
131 152
131 153
131 154
131 155
131 156
131 157
131 158
131 159
131 160
131 161
131 212
132 132
132 133
132 134
132 135
132 136
132 137
132 138
132 139
132 140
132 141
132 142
132 143
132 144
132 145
132 146
132 147
132 148
132 149
132 150
132 151
132 152
132 153
132 154
132 155
132 156
132 157
132 158
132 159
132 160
132 161
132 213
133 133
133 134
133 135
133 136
133 137
133 138
133 139
133 140
133 141
133 142
133 143
133 144
133 145
133 146
133 147
133 148
133 149
133 150
133 151
133 152
133 153
133 154
133 155
133 156
133 157
133 158
133 159
133 160
133 161
133 214
134 134
134 135
134 136
134 137
134 138
134 139
134 140
134 141
134 142
134 143
134 144
134 145
134 146
134 147
134 148
134 149
134 150
134 151
134 152
134 153
134 154
134 155
134 156
134 157
134 158
134 159
134 160
134 161
134 215
135 135
135 136
135 137
135 138
135 139
135 140
135 141
135 142
135 143
135 144
135 145
135 146
135 147
135 148
135 149
135 150
135 151
135 152
135 153
135 154
135 155
135 156
135 157
135 158
135 159
135 160
135 161
135 216
136 136
136 137
136 138
136 139
136 140
136 141
136 142
136 143
136 144
136 145
136 146
136 147
136 148
136 149
136 150
136 151
136 152
136 153
136 154
136 155
136 156
136 157
136 158
136 159
136 160
136 161
136 217
137 137
137 138
137 139
137 140
137 141
137 142
137 143
137 144
137 145
137 146
137 147
137 148
137 149
137 150
137 151
137 152
137 153
137 154
137 155
137 156
137 157
137 158
137 159
137 160
137 161
137 218
138 138
138 139
138 140
138 141
138 142
138 143
138 144
138 145
138 146
138 147
138 148
138 149
138 150
138 151
138 152
138 153
138 154
138 155
138 156
138 157
138 158
138 159
138 160
138 161
138 219
139 139
139 140
139 141
139 142
139 143
139 144
139 145
139 146
139 147
139 148
139 149
139 150
139 151
139 152
139 153
139 154
139 155
139 156
139 157
139 158
139 159
139 160
139 161
139 220
140 140
140 141
140 142
140 143
140 144
140 145
140 146
140 147
140 148
140 149
140 150
140 151
140 152
140 153
140 154
140 155
140 156
140 157
140 158
140 159
140 160
140 161
140 221
141 141
141 142
141 143
141 144
141 145
141 146
141 147
141 148
141 149
141 150
141 151
141 152
141 153
141 154
141 155
141 156
141 157
141 158
141 159
141 160
141 161
141 222
142 142
142 143
142 144
142 145
142 146
142 147
142 148
142 149
142 150
142 151
142 152
142 153
142 154
142 155
142 156
142 157
142 158
142 159
142 160
142 161
142 223
143 143
143 144
143 145
143 146
143 147
143 148
143 149
143 150
143 151
143 152
143 153
143 154
143 155
143 156
143 157
143 158
143 159
143 160
143 161
143 224
144 144
144 145
144 146
144 147
144 148
144 149
144 150
144 151
144 152
144 153
144 154
144 155
144 156
144 157
144 158
144 159
144 160
144 161
144 225
145 145
145 146
145 147
145 148
145 149
145 150
145 151
145 152
145 153
145 154
145 155
145 156
145 157
145 158
145 159
145 160
145 161
145 226
146 146
146 147
146 148
146 149
146 150
146 151
146 152
146 153
146 154
146 155
146 156
146 157
146 158
146 159
146 160
146 161
146 227
147 147
147 148
147 149
147 150
147 151
147 152
147 153
147 154
147 155
147 156
147 157
147 158
147 159
147 160
147 161
147 228
148 148
148 149
148 150
148 151
148 152
148 153
148 154
148 155
148 156
148 157
148 158
148 159
148 160
148 161
148 229
149 149
149 150
149 151
149 152
149 153
149 154
149 155
149 156
149 157
149 158
149 159
149 160
149 161
149 230
150 150
150 151
150 152
150 153
150 154
150 155
150 156
150 157
150 158
150 159
150 160
150 161
150 231
151 151
151 152
151 153
151 154
151 155
151 156
151 157
151 158
151 159
151 160
151 161
151 232
152 152
152 153
152 154
152 155
152 156
152 157
152 158
152 159
152 160
152 161
152 233
153 153
153 154
153 155
153 156
153 157
153 158
153 159
153 160
153 161
153 234
154 154
154 155
154 156
154 157
154 158
154 159
154 160
154 161
154 235
155 155
155 156
155 157
155 158
155 159
155 160
155 161
155 236
156 156
156 157
156 158
156 159
156 160
156 161
156 237
157 157
157 158
157 159
157 160
157 161
157 238
158 158
158 159
158 160
158 161
158 239
159 159
159 160
159 161
159 240
160 160
160 161
160 241
161 161
161 242
162 162
162 163
162 164
162 165
162 166
162 167
162 168
162 169
162 170
162 171
162 172
162 173
162 174
162 175
162 176
162 177
162 178
162 179
162 180
162 181
162 182
162 183
162 184
162 185
162 186
162 187
162 188
162 189
162 190
162 191
162 192
162 193
162 194
162 195
162 196
162 197
162 198
162 199
162 200
162 201
162 202
162 203
162 204
162 205
162 206
162 207
162 208
162 209
162 210
162 211
162 212
162 213
162 214
162 215
162 216
162 217
162 218
162 219
162 220
162 221
162 222
162 223
162 224
162 225
162 226
162 227
162 228
162 229
162 230
162 231
162 232
162 233
162 234
162 235
162 236
162 237
162 238
162 239
162 240
162 241
162 242
162 243
163 163
163 164
163 165
163 166
163 167
163 168
163 169
163 170
163 171
163 172
163 173
163 174
163 175
163 176
163 177
163 178
163 179
163 180
163 181
163 182
163 183
163 184
163 185
163 186
163 187
163 188
163 189
163 190
163 191
163 192
163 193
163 194
163 195
163 196
163 197
163 198
163 199
163 200
163 201
163 202
163 203
163 204
163 205
163 206
163 207
163 208
163 209
163 210
163 211
163 212
163 213
163 214
163 215
163 216
163 217
163 218
163 219
163 220
163 221
163 222
163 223
163 224
163 225
163 226
163 227
163 228
163 229
163 230
163 231
163 232
163 233
163 234
163 235
163 236
163 237
163 238
163 239
163 240
163 241
163 242
163 244
164 164
164 165
164 166
164 167
164 168
164 169
164 170
164 171
164 172
164 173
164 174
164 175
164 176
164 177
164 178
164 179
164 180
164 181
164 182
164 183
164 184
164 185
164 186
164 187
164 188
164 189
164 190
164 191
164 192
164 193
164 194
164 195
164 196
164 197
164 198
164 199
164 200
164 201
164 202
164 203
164 204
164 205
164 206
164 207
164 208
164 209
164 210
164 211
164 212
164 213
164 214
164 215
164 216
164 217
164 218
164 219
164 220
164 221
164 222
164 223
164 224
164 225
164 226
164 227
164 228
164 229
164 230
164 231
164 232
164 233
164 234
164 235
164 236
164 237
164 238
164 239
164 240
164 241
164 242
164 245
165 165
165 166
165 167
165 168
165 169
165 170
165 171
165 172
165 173
165 174
165 175
165 176
165 177
165 178
165 179
165 180
165 181
165 182
165 183
165 184
165 185
165 186
165 187
165 188
165 189
165 190
165 191
165 192
165 193
165 194
165 195
165 196
165 197
165 198
165 199
165 200
165 201
165 202
165 203
165 204
165 205
165 206
165 207
165 208
165 209
165 210
165 211
165 212
165 213
165 214
165 215
165 216
165 217
165 218
165 219
165 220
165 221
165 222
165 223
165 224
165 225
165 226
165 227
165 228
165 229
165 230
165 231
165 232
165 233
165 234
165 235
165 236
165 237
165 238
165 239
165 240
165 241
165 242
165 246
166 166
166 167
166 168
166 169
166 170
166 171
166 172
166 173
166 174
166 175
166 176
166 177
166 178
166 179
166 180
166 181
166 182
166 183
166 184
166 185
166 186
166 187
166 188
166 189
166 190
166 191
166 192
166 193
166 194
166 195
166 196
166 197
166 198
166 199
166 200
166 201
166 202
166 203
166 204
166 205
166 206
166 207
166 208
166 209
166 210
166 211
166 212
166 213
166 214
166 215
166 216
166 217
166 218
166 219
166 220
166 221
166 222
166 223
166 224
166 225
166 226
166 227
166 228
166 229
166 230
166 231
166 232
166 233
166 234
166 235
166 236
166 237
166 238
166 239
166 240
166 241
166 242
166 247
167 167
167 168
167 169
167 170
167 171
167 172
167 173
167 174
167 175
167 176
167 177
167 178
167 179
167 180
167 181
167 182
167 183
167 184
167 185
167 186
167 187
167 188
167 189
167 190
167 191
167 192
167 193
167 194
167 195
167 196
167 197
167 198
167 199
167 200
167 201
167 202
167 203
167 204
167 205
167 206
167 207
167 208
167 209
167 210
167 211
167 212
167 213
167 214
167 215
167 216
167 217
167 218
167 219
167 220
167 221
167 222
167 223
167 224
167 225
167 226
167 227
167 228
167 229
167 230
167 231
167 232
167 233
167 234
167 235
167 236
167 237
167 238
167 239
167 240
167 241
167 242
167 248
168 168
168 169
168 170
168 171
168 172
168 173
168 174
168 175
168 176
168 177
168 178
168 179
168 180
168 181
168 182
168 183
168 184
168 185
168 186
168 187
168 188
168 189
168 190
168 191
168 192
168 193
168 194
168 195
168 196
168 197
168 198
168 199
168 200
168 201
168 202
168 203
168 204
168 205
168 206
168 207
168 208
168 209
168 210
168 211
168 212
168 213
168 214
168 215
168 216
168 217
168 218
168 219
168 220
168 221
168 222
168 223
168 224
168 225
168 226
168 227
168 228
168 229
168 230
168 231
168 232
168 233
168 234
168 235
168 236
168 237
168 238
168 239
168 240
168 241
168 242
168 249
169 169
169 170
169 171
169 172
169 173
169 174
169 175
169 176
169 177
169 178
169 179
169 180
169 181
169 182
169 183
169 184
169 185
169 186
169 187
169 188
169 189
169 190
169 191
169 192
169 193
169 194
169 195
169 196
169 197
169 198
169 199
169 200
169 201
169 202
169 203
169 204
169 205
169 206
169 207
169 208
169 209
169 210
169 211
169 212
169 213
169 214
169 215
169 216
169 217
169 218
169 219
169 220
169 221
169 222
169 223
169 224
169 225
169 226
169 227
169 228
169 229
169 230
169 231
169 232
169 233
169 234
169 235
169 236
169 237
169 238
169 239
169 240
169 241
169 242
169 250
170 170
170 171
170 172
170 173
170 174
170 175
170 176
170 177
170 178
170 179
170 180
170 181
170 182
170 183
170 184
170 185
170 186
170 187
170 188
170 189
170 190
170 191
170 192
170 193
170 194
170 195
170 196
170 197
170 198
170 199
170 200
170 201
170 202
170 203
170 204
170 205
170 206
170 207
170 208
170 209
170 210
170 211
170 212
170 213
170 214
170 215
170 216
170 217
170 218
170 219
170 220
170 221
170 222
170 223
170 224
170 225
170 226
170 227
170 228
170 229
170 230
170 231
170 232
170 233
170 234
170 235
170 236
170 237
170 238
170 239
170 240
170 241
170 242
170 251
171 171
171 172
171 173
171 174
171 175
171 176
171 177
171 178
171 179
171 180
171 181
171 182
171 183
171 184
171 185
171 186
171 187
171 188
171 189
171 190
171 191
171 192
171 193
171 194
171 195
171 196
171 197
171 198
171 199
171 200
171 201
171 202
171 203
171 204
171 205
171 206
171 207
171 208
171 209
171 210
171 211
171 212
171 213
171 214
171 215
171 216
171 217
171 218
171 219
171 220
171 221
171 222
171 223
171 224
171 225
171 226
171 227
171 228
171 229
171 230
171 231
171 232
171 233
171 234
171 235
171 236
171 237
171 238
171 239
171 240
171 241
171 242
171 252
172 172
172 173
172 174
172 175
172 176
172 177
172 178
172 179
172 180
172 181
172 182
172 183
172 184
172 185
172 186
172 187
172 188
172 189
172 190
172 191
172 192
172 193
172 194
172 195
172 196
172 197
172 198
172 199
172 200
172 201
172 202
172 203
172 204
172 205
172 206
172 207
172 208
172 209
172 210
172 211
172 212
172 213
172 214
172 215
172 216
172 217
172 218
172 219
172 220
172 221
172 222
172 223
172 224
172 225
172 226
172 227
172 228
172 229
172 230
172 231
172 232
172 233
172 234
172 235
172 236
172 237
172 238
172 239
172 240
172 241
172 242
172 253
173 173
173 174
173 175
173 176
173 177
173 178
173 179
173 180
173 181
173 182
173 183
173 184
173 185
173 186
173 187
173 188
173 189
173 190
173 191
173 192
173 193
173 194
173 195
173 196
173 197
173 198
173 199
173 200
173 201
173 202
173 203
173 204
173 205
173 206
173 207
173 208
173 209
173 210
173 211
173 212
173 213
173 214
173 215
173 216
173 217
173 218
173 219
173 220
173 221
173 222
173 223
173 224
173 225
173 226
173 227
173 228
173 229
173 230
173 231
173 232
173 233
173 234
173 235
173 236
173 237
173 238
173 239
173 240
173 241
173 242
173 254
174 174
174 175
174 176
174 177
174 178
174 179
174 180
174 181
174 182
174 183
174 184
174 185
174 186
174 187
174 188
174 189
174 190
174 191
174 192
174 193
174 194
174 195
174 196
174 197
174 198
174 199
174 200
174 201
174 202
174 203
174 204
174 205
174 206
174 207
174 208
174 209
174 210
174 211
174 212
174 213
174 214
174 215
174 216
174 217
174 218
174 219
174 220
174 221
174 222
174 223
174 224
174 225
174 226
174 227
174 228
174 229
174 230
174 231
174 232
174 233
174 234
174 235
174 236
174 237
174 238
174 239
174 240
174 241
174 242
174 255
175 175
175 176
175 177
175 178
175 179
175 180
175 181
175 182
175 183
175 184
175 185
175 186
175 187
175 188
175 189
175 190
175 191
175 192
175 193
175 194
175 195
175 196
175 197
175 198
175 199
175 200
175 201
175 202
175 203
175 204
175 205
175 206
175 207
175 208
175 209
175 210
175 211
175 212
175 213
175 214
175 215
175 216
175 217
175 218
175 219
175 220
175 221
175 222
175 223
175 224
175 225
175 226
175 227
175 228
175 229
175 230
175 231
175 232
175 233
175 234
175 235
175 236
175 237
175 238
175 239
175 240
175 241
175 242
175 256
176 176
176 177
176 178
176 179
176 180
176 181
176 182
176 183
176 184
176 185
176 186
176 187
176 188
176 189
176 190
176 191
176 192
176 193
176 194
176 195
176 196
176 197
176 198
176 199
176 200
176 201
176 202
176 203
176 204
176 205
176 206
176 207
176 208
176 209
176 210
176 211
176 212
176 213
176 214
176 215
176 216
176 217
176 218
176 219
176 220
176 221
176 222
176 223
176 224
176 225
176 226
176 227
176 228
176 229
176 230
176 231
176 232
176 233
176 234
176 235
176 236
176 237
176 238
176 239
176 240
176 241
176 242
176 257
177 177
177 178
177 179
177 180
177 181
177 182
177 183
177 184
177 185
177 186
177 187
177 188
177 189
177 190
177 191
177 192
177 193
177 194
177 195
177 196
177 197
177 198
177 199
177 200
177 201
177 202
177 203
177 204
177 205
177 206
177 207
177 208
177 209
177 210
177 211
177 212
177 213
177 214
177 215
177 216
177 217
177 218
177 219
177 220
177 221
177 222
177 223
177 224
177 225
177 226
177 227
177 228
177 229
177 230
177 231
177 232
177 233
177 234
177 235
177 236
177 237
177 238
177 239
177 240
177 241
177 242
177 258
178 178
178 179
178 180
178 181
178 182
178 183
178 184
178 185
178 186
178 187
178 188
178 189
178 190
178 191
178 192
178 193
178 194
178 195
178 196
178 197
178 198
178 199
178 200
178 201
178 202
178 203
178 204
178 205
178 206
178 207
178 208
178 209
178 210
178 211
178 212
178 213
178 214
178 215
178 216
178 217
178 218
178 219
178 220
178 221
178 222
178 223
178 224
178 225
178 226
178 227
178 228
178 229
178 230
178 231
178 232
178 233
178 234
178 235
178 236
178 237
178 238
178 239
178 240
178 241
178 242
178 259
179 179
179 180
179 181
179 182
179 183
179 184
179 185
179 186
179 187
179 188
179 189
179 190
179 191
179 192
179 193
179 194
179 195
179 196
179 197
179 198
179 199
179 200
179 201
179 202
179 203
179 204
179 205
179 206
179 207
179 208
179 209
179 210
179 211
179 212
179 213
179 214
179 215
179 216
179 217
179 218
179 219
179 220
179 221
179 222
179 223
179 224
179 225
179 226
179 227
179 228
179 229
179 230
179 231
179 232
179 233
179 234
179 235
179 236
179 237
179 238
179 239
179 240
179 241
179 242
179 260
180 180
180 181
180 182
180 183
180 184
180 185
180 186
180 187
180 188
180 189
180 190
180 191
180 192
180 193
180 194
180 195
180 196
180 197
180 198
180 199
180 200
180 201
180 202
180 203
180 204
180 205
180 206
180 207
180 208
180 209
180 210
180 211
180 212
180 213
180 214
180 215
180 216
180 217
180 218
180 219
180 220
180 221
180 222
180 223
180 224
180 225
180 226
180 227
180 228
180 229
180 230
180 231
180 232
180 233
180 234
180 235
180 236
180 237
180 238
180 239
180 240
180 241
180 242
180 261
181 181
181 182
181 183
181 184
181 185
181 186
181 187
181 188
181 189
181 190
181 191
181 192
181 193
181 194
181 195
181 196
181 197
181 198
181 199
181 200
181 201
181 202
181 203
181 204
181 205
181 206
181 207
181 208
181 209
181 210
181 211
181 212
181 213
181 214
181 215
181 216
181 217
181 218
181 219
181 220
181 221
181 222
181 223
181 224
181 225
181 226
181 227
181 228
181 229
181 230
181 231
181 232
181 233
181 234
181 235
181 236
181 237
181 238
181 239
181 240
181 241
181 242
181 262
182 182
182 183
182 184
182 185
182 186
182 187
182 188
182 189
182 190
182 191
182 192
182 193
182 194
182 195
182 196
182 197
182 198
182 199
182 200
182 201
182 202
182 203
182 204
182 205
182 206
182 207
182 208
182 209
182 210
182 211
182 212
182 213
182 214
182 215
182 216
182 217
182 218
182 219
182 220
182 221
182 222
182 223
182 224
182 225
182 226
182 227
182 228
182 229
182 230
182 231
182 232
182 233
182 234
182 235
182 236
182 237
182 238
182 239
182 240
182 241
182 242
182 263
183 183
183 184
183 185
183 186
183 187
183 188
183 189
183 190
183 191
183 192
183 193
183 194
183 195
183 196
183 197
183 198
183 199
183 200
183 201
183 202
183 203
183 204
183 205
183 206
183 207
183 208
183 209
183 210
183 211
183 212
183 213
183 214
183 215
183 216
183 217
183 218
183 219
183 220
183 221
183 222
183 223
183 224
183 225
183 226
183 227
183 228
183 229
183 230
183 231
183 232
183 233
183 234
183 235
183 236
183 237
183 238
183 239
183 240
183 241
183 242
183 264
184 184
184 185
184 186
184 187
184 188
184 189
184 190
184 191
184 192
184 193
184 194
184 195
184 196
184 197
184 198
184 199
184 200
184 201
184 202
184 203
184 204
184 205
184 206
184 207
184 208
184 209
184 210
184 211
184 212
184 213
184 214
184 215
184 216
184 217
184 218
184 219
184 220
184 221
184 222
184 223
184 224
184 225
184 226
184 227
184 228
184 229
184 230
184 231
184 232
184 233
184 234
184 235
184 236
184 237
184 238
184 239
184 240
184 241
184 242
184 265
185 185
185 186
185 187
185 188
185 189
185 190
185 191
185 192
185 193
185 194
185 195
185 196
185 197
185 198
185 199
185 200
185 201
185 202
185 203
185 204
185 205
185 206
185 207
185 208
185 209
185 210
185 211
185 212
185 213
185 214
185 215
185 216
185 217
185 218
185 219
185 220
185 221
185 222
185 223
185 224
185 225
185 226
185 227
185 228
185 229
185 230
185 231
185 232
185 233
185 234
185 235
185 236
185 237
185 238
185 239
185 240
185 241
185 242
185 266
186 186
186 187
186 188
186 189
186 190
186 191
186 192
186 193
186 194
186 195
186 196
186 197
186 198
186 199
186 200
186 201
186 202
186 203
186 204
186 205
186 206
186 207
186 208
186 209
186 210
186 211
186 212
186 213
186 214
186 215
186 216
186 217
186 218
186 219
186 220
186 221
186 222
186 223
186 224
186 225
186 226
186 227
186 228
186 229
186 230
186 231
186 232
186 233
186 234
186 235
186 236
186 237
186 238
186 239
186 240
186 241
186 242
186 267
187 187
187 188
187 189
187 190
187 191
187 192
187 193
187 194
187 195
187 196
187 197
187 198
187 199
187 200
187 201
187 202
187 203
187 204
187 205
187 206
187 207
187 208
187 209
187 210
187 211
187 212
187 213
187 214
187 215
187 216
187 217
187 218
187 219
187 220
187 221
187 222
187 223
187 224
187 225
187 226
187 227
187 228
187 229
187 230
187 231
187 232
187 233
187 234
187 235
187 236
187 237
187 238
187 239
187 240
187 241
187 242
187 268
188 188
188 189
188 190
188 191
188 192
188 193
188 194
188 195
188 196
188 197
188 198
188 199
188 200
188 201
188 202
188 203
188 204
188 205
188 206
188 207
188 208
188 209
188 210
188 211
188 212
188 213
188 214
188 215
188 216
188 217
188 218
188 219
188 220
188 221
188 222
188 223
188 224
188 225
188 226
188 227
188 228
188 229
188 230
188 231
188 232
188 233
188 234
188 235
188 236
188 237
188 238
188 239
188 240
188 241
188 242
188 269
189 189
189 190
189 191
189 192
189 193
189 194
189 195
189 196
189 197
189 198
189 199
189 200
189 201
189 202
189 203
189 204
189 205
189 206
189 207
189 208
189 209
189 210
189 211
189 212
189 213
189 214
189 215
189 216
189 217
189 218
189 219
189 220
189 221
189 222
189 223
189 224
189 225
189 226
189 227
189 228
189 229
189 230
189 231
189 232
189 233
189 234
189 235
189 236
189 237
189 238
189 239
189 240
189 241
189 242
189 270
190 190
190 191
190 192
190 193
190 194
190 195
190 196
190 197
190 198
190 199
190 200
190 201
190 202
190 203
190 204
190 205
190 206
190 207
190 208
190 209
190 210
190 211
190 212
190 213
190 214
190 215
190 216
190 217
190 218
190 219
190 220
190 221
190 222
190 223
190 224
190 225
190 226
190 227
190 228
190 229
190 230
190 231
190 232
190 233
190 234
190 235
190 236
190 237
190 238
190 239
190 240
190 241
190 242
190 271
191 191
191 192
191 193
191 194
191 195
191 196
191 197
191 198
191 199
191 200
191 201
191 202
191 203
191 204
191 205
191 206
191 207
191 208
191 209
191 210
191 211
191 212
191 213
191 214
191 215
191 216
191 217
191 218
191 219
191 220
191 221
191 222
191 223
191 224
191 225
191 226
191 227
191 228
191 229
191 230
191 231
191 232
191 233
191 234
191 235
191 236
191 237
191 238
191 239
191 240
191 241
191 242
191 272
192 192
192 193
192 194
192 195
192 196
192 197
192 198
192 199
192 200
192 201
192 202
192 203
192 204
192 205
192 206
192 207
192 208
192 209
192 210
192 211
192 212
192 213
192 214
192 215
192 216
192 217
192 218
192 219
192 220
192 221
192 222
192 223
192 224
192 225
192 226
192 227
192 228
192 229
192 230
192 231
192 232
192 233
192 234
192 235
192 236
192 237
192 238
192 239
192 240
192 241
192 242
192 273
193 193
193 194
193 195
193 196
193 197
193 198
193 199
193 200
193 201
193 202
193 203
193 204
193 205
193 206
193 207
193 208
193 209
193 210
193 211
193 212
193 213
193 214
193 215
193 216
193 217
193 218
193 219
193 220
193 221
193 222
193 223
193 224
193 225
193 226
193 227
193 228
193 229
193 230
193 231
193 232
193 233
193 234
193 235
193 236
193 237
193 238
193 239
193 240
193 241
193 242
193 274
194 194
194 195
194 196
194 197
194 198
194 199
194 200
194 201
194 202
194 203
194 204
194 205
194 206
194 207
194 208
194 209
194 210
194 211
194 212
194 213
194 214
194 215
194 216
194 217
194 218
194 219
194 220
194 221
194 222
194 223
194 224
194 225
194 226
194 227
194 228
194 229
194 230
194 231
194 232
194 233
194 234
194 235
194 236
194 237
194 238
194 239
194 240
194 241
194 242
194 275
195 195
195 196
195 197
195 198
195 199
195 200
195 201
195 202
195 203
195 204
195 205
195 206
195 207
195 208
195 209
195 210
195 211
195 212
195 213
195 214
195 215
195 216
195 217
195 218
195 219
195 220
195 221
195 222
195 223
195 224
195 225
195 226
195 227
195 228
195 229
195 230
195 231
195 232
195 233
195 234
195 235
195 236
195 237
195 238
195 239
195 240
195 241
195 242
195 276
196 196
196 197
196 198
196 199
196 200
196 201
196 202
196 203
196 204
196 205
196 206
196 207
196 208
196 209
196 210
196 211
196 212
196 213
196 214
196 215
196 216
196 217
196 218
196 219
196 220
196 221
196 222
196 223
196 224
196 225
196 226
196 227
196 228
196 229
196 230
196 231
196 232
196 233
196 234
196 235
196 236
196 237
196 238
196 239
196 240
196 241
196 242
196 277
197 197
197 198
197 199
197 200
197 201
197 202
197 203
197 204
197 205
197 206
197 207
197 208
197 209
197 210
197 211
197 212
197 213
197 214
197 215
197 216
197 217
197 218
197 219
197 220
197 221
197 222
197 223
197 224
197 225
197 226
197 227
197 228
197 229
197 230
197 231
197 232
197 233
197 234
197 235
197 236
197 237
197 238
197 239
197 240
197 241
197 242
197 278
198 198
198 199
198 200
198 201
198 202
198 203
198 204
198 205
198 206
198 207
198 208
198 209
198 210
198 211
198 212
198 213
198 214
198 215
198 216
198 217
198 218
198 219
198 220
198 221
198 222
198 223
198 224
198 225
198 226
198 227
198 228
198 229
198 230
198 231
198 232
198 233
198 234
198 235
198 236
198 237
198 238
198 239
198 240
198 241
198 242
198 279
199 199
199 200
199 201
199 202
199 203
199 204
199 205
199 206
199 207
199 208
199 209
199 210
199 211
199 212
199 213
199 214
199 215
199 216
199 217
199 218
199 219
199 220
199 221
199 222
199 223
199 224
199 225
199 226
199 227
199 228
199 229
199 230
199 231
199 232
199 233
199 234
199 235
199 236
199 237
199 238
199 239
199 240
199 241
199 242
199 280
200 200
200 201
200 202
200 203
200 204
200 205
200 206
200 207
200 208
200 209
200 210
200 211
200 212
200 213
200 214
200 215
200 216
200 217
200 218
200 219
200 220
200 221
200 222
200 223
200 224
200 225
200 226
200 227
200 228
200 229
200 230
200 231
200 232
200 233
200 234
200 235
200 236
200 237
200 238
200 239
200 240
200 241
200 242
200 281
201 201
201 202
201 203
201 204
201 205
201 206
201 207
201 208
201 209
201 210
201 211
201 212
201 213
201 214
201 215
201 216
201 217
201 218
201 219
201 220
201 221
201 222
201 223
201 224
201 225
201 226
201 227
201 228
201 229
201 230
201 231
201 232
201 233
201 234
201 235
201 236
201 237
201 238
201 239
201 240
201 241
201 242
201 282
202 202
202 203
202 204
202 205
202 206
202 207
202 208
202 209
202 210
202 211
202 212
202 213
202 214
202 215
202 216
202 217
202 218
202 219
202 220
202 221
202 222
202 223
202 224
202 225
202 226
202 227
202 228
202 229
202 230
202 231
202 232
202 233
202 234
202 235
202 236
202 237
202 238
202 239
202 240
202 241
202 242
202 283
203 203
203 204
203 205
203 206
203 207
203 208
203 209
203 210
203 211
203 212
203 213
203 214
203 215
203 216
203 217
203 218
203 219
203 220
203 221
203 222
203 223
203 224
203 225
203 226
203 227
203 228
203 229
203 230
203 231
203 232
203 233
203 234
203 235
203 236
203 237
203 238
203 239
203 240
203 241
203 242
203 284
204 204
204 205
204 206
204 207
204 208
204 209
204 210
204 211
204 212
204 213
204 214
204 215
204 216
204 217
204 218
204 219
204 220
204 221
204 222
204 223
204 224
204 225
204 226
204 227
204 228
204 229
204 230
204 231
204 232
204 233
204 234
204 235
204 236
204 237
204 238
204 239
204 240
204 241
204 242
204 285
205 205
205 206
205 207
205 208
205 209
205 210
205 211
205 212
205 213
205 214
205 215
205 216
205 217
205 218
205 219
205 220
205 221
205 222
205 223
205 224
205 225
205 226
205 227
205 228
205 229
205 230
205 231
205 232
205 233
205 234
205 235
205 236
205 237
205 238
205 239
205 240
205 241
205 242
205 286
206 206
206 207
206 208
206 209
206 210
206 211
206 212
206 213
206 214
206 215
206 216
206 217
206 218
206 219
206 220
206 221
206 222
206 223
206 224
206 225
206 226
206 227
206 228
206 229
206 230
206 231
206 232
206 233
206 234
206 235
206 236
206 237
206 238
206 239
206 240
206 241
206 242
206 287
207 207
207 208
207 209
207 210
207 211
207 212
207 213
207 214
207 215
207 216
207 217
207 218
207 219
207 220
207 221
207 222
207 223
207 224
207 225
207 226
207 227
207 228
207 229
207 230
207 231
207 232
207 233
207 234
207 235
207 236
207 237
207 238
207 239
207 240
207 241
207 242
207 288
208 208
208 209
208 210
208 211
208 212
208 213
208 214
208 215
208 216
208 217
208 218
208 219
208 220
208 221
208 222
208 223
208 224
208 225
208 226
208 227
208 228
208 229
208 230
208 231
208 232
208 233
208 234
208 235
208 236
208 237
208 238
208 239
208 240
208 241
208 242
208 289
209 209
209 210
209 211
209 212
209 213
209 214
209 215
209 216
209 217
209 218
209 219
209 220
209 221
209 222
209 223
209 224
209 225
209 226
209 227
209 228
209 229
209 230
209 231
209 232
209 233
209 234
209 235
209 236
209 237
209 238
209 239
209 240
209 241
209 242
209 290
210 210
210 211
210 212
210 213
210 214
210 215
210 216
210 217
210 218
210 219
210 220
210 221
210 222
210 223
210 224
210 225
210 226
210 227
210 228
210 229
210 230
210 231
210 232
210 233
210 234
210 235
210 236
210 237
210 238
210 239
210 240
210 241
210 242
210 291
211 211
211 212
211 213
211 214
211 215
211 216
211 217
211 218
211 219
211 220
211 221
211 222
211 223
211 224
211 225
211 226
211 227
211 228
211 229
211 230
211 231
211 232
211 233
211 234
211 235
211 236
211 237
211 238
211 239
211 240
211 241
211 242
211 292
212 212
212 213
212 214
212 215
212 216
212 217
212 218
212 219
212 220
212 221
212 222
212 223
212 224
212 225
212 226
212 227
212 228
212 229
212 230
212 231
212 232
212 233
212 234
212 235
212 236
212 237
212 238
212 239
212 240
212 241
212 242
212 293
213 213
213 214
213 215
213 216
213 217
213 218
213 219
213 220
213 221
213 222
213 223
213 224
213 225
213 226
213 227
213 228
213 229
213 230
213 231
213 232
213 233
213 234
213 235
213 236
213 237
213 238
213 239
213 240
213 241
213 242
213 294
214 214
214 215
214 216
214 217
214 218
214 219
214 220
214 221
214 222
214 223
214 224
214 225
214 226
214 227
214 228
214 229
214 230
214 231
214 232
214 233
214 234
214 235
214 236
214 237
214 238
214 239
214 240
214 241
214 242
214 295
215 215
215 216
215 217
215 218
215 219
215 220
215 221
215 222
215 223
215 224
215 225
215 226
215 227
215 228
215 229
215 230
215 231
215 232
215 233
215 234
215 235
215 236
215 237
215 238
215 239
215 240
215 241
215 242
215 296
216 216
216 217
216 218
216 219
216 220
216 221
216 222
216 223
216 224
216 225
216 226
216 227
216 228
216 229
216 230
216 231
216 232
216 233
216 234
216 235
216 236
216 237
216 238
216 239
216 240
216 241
216 242
216 297
217 217
217 218
217 219
217 220
217 221
217 222
217 223
217 224
217 225
217 226
217 227
217 228
217 229
217 230
217 231
217 232
217 233
217 234
217 235
217 236
217 237
217 238
217 239
217 240
217 241
217 242
217 298
218 218
218 219
218 220
218 221
218 222
218 223
218 224
218 225
218 226
218 227
218 228
218 229
218 230
218 231
218 232
218 233
218 234
218 235
218 236
218 237
218 238
218 239
218 240
218 241
218 242
218 299
219 219
219 220
219 221
219 222
219 223
219 224
219 225
219 226
219 227
219 228
219 229
219 230
219 231
219 232
219 233
219 234
219 235
219 236
219 237
219 238
219 239
219 240
219 241
219 242
219 300
220 220
220 221
220 222
220 223
220 224
220 225
220 226
220 227
220 228
220 229
220 230
220 231
220 232
220 233
220 234
220 235
220 236
220 237
220 238
220 239
220 240
220 241
220 242
220 301
221 221
221 222
221 223
221 224
221 225
221 226
221 227
221 228
221 229
221 230
221 231
221 232
221 233
221 234
221 235
221 236
221 237
221 238
221 239
221 240
221 241
221 242
221 302
222 222
222 223
222 224
222 225
222 226
222 227
222 228
222 229
222 230
222 231
222 232
222 233
222 234
222 235
222 236
222 237
222 238
222 239
222 240
222 241
222 242
222 303
223 223
223 224
223 225
223 226
223 227
223 228
223 229
223 230
223 231
223 232
223 233
223 234
223 235
223 236
223 237
223 238
223 239
223 240
223 241
223 242
223 304
224 224
224 225
224 226
224 227
224 228
224 229
224 230
224 231
224 232
224 233
224 234
224 235
224 236
224 237
224 238
224 239
224 240
224 241
224 242
224 305
225 225
225 226
225 227
225 228
225 229
225 230
225 231
225 232
225 233
225 234
225 235
225 236
225 237
225 238
225 239
225 240
225 241
225 242
225 306
226 226
226 227
226 228
226 229
226 230
226 231
226 232
226 233
226 234
226 235
226 236
226 237
226 238
226 239
226 240
226 241
226 242
226 307
227 227
227 228
227 229
227 230
227 231
227 232
227 233
227 234
227 235
227 236
227 237
227 238
227 239
227 240
227 241
227 242
227 308
228 228
228 229
228 230
228 231
228 232
228 233
228 234
228 235
228 236
228 237
228 238
228 239
228 240
228 241
228 242
228 309
229 229
229 230
229 231
229 232
229 233
229 234
229 235
229 236
229 237
229 238
229 239
229 240
229 241
229 242
229 310
230 230
230 231
230 232
230 233
230 234
230 235
230 236
230 237
230 238
230 239
230 240
230 241
230 242
230 311
231 231
231 232
231 233
231 234
231 235
231 236
231 237
231 238
231 239
231 240
231 241
231 242
231 312
232 232
232 233
232 234
232 235
232 236
232 237
232 238
232 239
232 240
232 241
232 242
232 313
233 233
233 234
233 235
233 236
233 237
233 238
233 239
233 240
233 241
233 242
233 314
234 234
234 235
234 236
234 237
234 238
234 239
234 240
234 241
234 242
234 315
235 235
235 236
235 237
235 238
235 239
235 240
235 241
235 242
235 316
236 236
236 237
236 238
236 239
236 240
236 241
236 242
236 317
237 237
237 238
237 239
237 240
237 241
237 242
237 318
238 238
238 239
238 240
238 241
238 242
238 319
239 239
239 240
239 241
239 242
239 320
240 240
240 241
240 242
240 321
241 241
241 242
241 322
242 242
242 323
243 243
243 244
243 245
243 246
243 247
243 248
243 249
243 250
243 251
243 252
243 253
243 254
243 255
243 256
243 257
243 258
243 259
243 260
243 261
243 262
243 263
243 264
243 265
243 266
243 267
243 268
243 269
243 270
243 271
243 272
243 273
243 274
243 275
243 276
243 277
243 278
243 279
243 280
243 281
243 282
243 283
243 284
243 285
243 286
243 287
243 288
243 289
243 290
243 291
243 292
243 293
243 294
243 295
243 296
243 297
243 298
243 299
243 300
243 301
243 302
243 303
243 304
243 305
243 306
243 307
243 308
243 309
243 310
243 311
243 312
243 313
243 314
243 315
243 316
243 317
243 318
243 319
243 320
243 321
243 322
243 323
244 244
244 245
244 246
244 247
244 248
244 249
244 250
244 251
244 252
244 253
244 254
244 255
244 256
244 257
244 258
244 259
244 260
244 261
244 262
244 263
244 264
244 265
244 266
244 267
244 268
244 269
244 270
244 271
244 272
244 273
244 274
244 275
244 276
244 277
244 278
244 279
244 280
244 281
244 282
244 283
244 284
244 285
244 286
244 287
244 288
244 289
244 290
244 291
244 292
244 293
244 294
244 295
244 296
244 297
244 298
244 299
244 300
244 301
244 302
244 303
244 304
244 305
244 306
244 307
244 308
244 309
244 310
244 311
244 312
244 313
244 314
244 315
244 316
244 317
244 318
244 319
244 320
244 321
244 322
244 323
245 245
245 246
245 247
245 248
245 249
245 250
245 251
245 252
245 253
245 254
245 255
245 256
245 257
245 258
245 259
245 260
245 261
245 262
245 263
245 264
245 265
245 266
245 267
245 268
245 269
245 270
245 271
245 272
245 273
245 274
245 275
245 276
245 277
245 278
245 279
245 280
245 281
245 282
245 283
245 284
245 285
245 286
245 287
245 288
245 289
245 290
245 291
245 292
245 293
245 294
245 295
245 296
245 297
245 298
245 299
245 300
245 301
245 302
245 303
245 304
245 305
245 306
245 307
245 308
245 309
245 310
245 311
245 312
245 313
245 314
245 315
245 316
245 317
245 318
245 319
245 320
245 321
245 322
245 323
246 246
246 247
246 248
246 249
246 250
246 251
246 252
246 253
246 254
246 255
246 256
246 257
246 258
246 259
246 260
246 261
246 262
246 263
246 264
246 265
246 266
246 267
246 268
246 269
246 270
246 271
246 272
246 273
246 274
246 275
246 276
246 277
246 278
246 279
246 280
246 281
246 282
246 283
246 284
246 285
246 286
246 287
246 288
246 289
246 290
246 291
246 292
246 293
246 294
246 295
246 296
246 297
246 298
246 299
246 300
246 301
246 302
246 303
246 304
246 305
246 306
246 307
246 308
246 309
246 310
246 311
246 312
246 313
246 314
246 315
246 316
246 317
246 318
246 319
246 320
246 321
246 322
246 323
247 247
247 248
247 249
247 250
247 251
247 252
247 253
247 254
247 255
247 256
247 257
247 258
247 259
247 260
247 261
247 262
247 263
247 264
247 265
247 266
247 267
247 268
247 269
247 270
247 271
247 272
247 273
247 274
247 275
247 276
247 277
247 278
247 279
247 280
247 281
247 282
247 283
247 284
247 285
247 286
247 287
247 288
247 289
247 290
247 291
247 292
247 293
247 294
247 295
247 296
247 297
247 298
247 299
247 300
247 301
247 302
247 303
247 304
247 305
247 306
247 307
247 308
247 309
247 310
247 311
247 312
247 313
247 314
247 315
247 316
247 317
247 318
247 319
247 320
247 321
247 322
247 323
248 248
248 249
248 250
248 251
248 252
248 253
248 254
248 255
248 256
248 257
248 258
248 259
248 260
248 261
248 262
248 263
248 264
248 265
248 266
248 267
248 268
248 269
248 270
248 271
248 272
248 273
248 274
248 275
248 276
248 277
248 278
248 279
248 280
248 281
248 282
248 283
248 284
248 285
248 286
248 287
248 288
248 289
248 290
248 291
248 292
248 293
248 294
248 295
248 296
248 297
248 298
248 299
248 300
248 301
248 302
248 303
248 304
248 305
248 306
248 307
248 308
248 309
248 310
248 311
248 312
248 313
248 314
248 315
248 316
248 317
248 318
248 319
248 320
248 321
248 322
248 323
249 249
249 250
249 251
249 252
249 253
249 254
249 255
249 256
249 257
249 258
249 259
249 260
249 261
249 262
249 263
249 264
249 265
249 266
249 267
249 268
249 269
249 270
249 271
249 272
249 273
249 274
249 275
249 276
249 277
249 278
249 279
249 280
249 281
249 282
249 283
249 284
249 285
249 286
249 287
249 288
249 289
249 290
249 291
249 292
249 293
249 294
249 295
249 296
249 297
249 298
249 299
249 300
249 301
249 302
249 303
249 304
249 305
249 306
249 307
249 308
249 309
249 310
249 311
249 312
249 313
249 314
249 315
249 316
249 317
249 318
249 319
249 320
249 321
249 322
249 323
250 250
250 251
250 252
250 253
250 254
250 255
250 256
250 257
250 258
250 259
250 260
250 261
250 262
250 263
250 264
250 265
250 266
250 267
250 268
250 269
250 270
250 271
250 272
250 273
250 274
250 275
250 276
250 277
250 278
250 279
250 280
250 281
250 282
250 283
250 284
250 285
250 286
250 287
250 288
250 289
250 290
250 291
250 292
250 293
250 294
250 295
250 296
250 297
250 298
250 299
250 300
250 301
250 302
250 303
250 304
250 305
250 306
250 307
250 308
250 309
250 310
250 311
250 312
250 313
250 314
250 315
250 316
250 317
250 318
250 319
250 320
250 321
250 322
250 323
251 251
251 252
251 253
251 254
251 255
251 256
251 257
251 258
251 259
251 260
251 261
251 262
251 263
251 264
251 265
251 266
251 267
251 268
251 269
251 270
251 271
251 272
251 273
251 274
251 275
251 276
251 277
251 278
251 279
251 280
251 281
251 282
251 283
251 284
251 285
251 286
251 287
251 288
251 289
251 290
251 291
251 292
251 293
251 294
251 295
251 296
251 297
251 298
251 299
251 300
251 301
251 302
251 303
251 304
251 305
251 306
251 307
251 308
251 309
251 310
251 311
251 312
251 313
251 314
251 315
251 316
251 317
251 318
251 319
251 320
251 321
251 322
251 323
252 252
252 253
252 254
252 255
252 256
252 257
252 258
252 259
252 260
252 261
252 262
252 263
252 264
252 265
252 266
252 267
252 268
252 269
252 270
252 271
252 272
252 273
252 274
252 275
252 276
252 277
252 278
252 279
252 280
252 281
252 282
252 283
252 284
252 285
252 286
252 287
252 288
252 289
252 290
252 291
252 292
252 293
252 294
252 295
252 296
252 297
252 298
252 299
252 300
252 301
252 302
252 303
252 304
252 305
252 306
252 307
252 308
252 309
252 310
252 311
252 312
252 313
252 314
252 315
252 316
252 317
252 318
252 319
252 320
252 321
252 322
252 323
253 253
253 254
253 255
253 256
253 257
253 258
253 259
253 260
253 261
253 262
253 263
253 264
253 265
253 266
253 267
253 268
253 269
253 270
253 271
253 272
253 273
253 274
253 275
253 276
253 277
253 278
253 279
253 280
253 281
253 282
253 283
253 284
253 285
253 286
253 287
253 288
253 289
253 290
253 291
253 292
253 293
253 294
253 295
253 296
253 297
253 298
253 299
253 300
253 301
253 302
253 303
253 304
253 305
253 306
253 307
253 308
253 309
253 310
253 311
253 312
253 313
253 314
253 315
253 316
253 317
253 318
253 319
253 320
253 321
253 322
253 323
254 254
254 255
254 256
254 257
254 258
254 259
254 260
254 261
254 262
254 263
254 264
254 265
254 266
254 267
254 268
254 269
254 270
254 271
254 272
254 273
254 274
254 275
254 276
254 277
254 278
254 279
254 280
254 281
254 282
254 283
254 284
254 285
254 286
254 287
254 288
254 289
254 290
254 291
254 292
254 293
254 294
254 295
254 296
254 297
254 298
254 299
254 300
254 301
254 302
254 303
254 304
254 305
254 306
254 307
254 308
254 309
254 310
254 311
254 312
254 313
254 314
254 315
254 316
254 317
254 318
254 319
254 320
254 321
254 322
254 323
255 255
255 256
255 257
255 258
255 259
255 260
255 261
255 262
255 263
255 264
255 265
255 266
255 267
255 268
255 269
255 270
255 271
255 272
255 273
255 274
255 275
255 276
255 277
255 278
255 279
255 280
255 281
255 282
255 283
255 284
255 285
255 286
255 287
255 288
255 289
255 290
255 291
255 292
255 293
255 294
255 295
255 296
255 297
255 298
255 299
255 300
255 301
255 302
255 303
255 304
255 305
255 306
255 307
255 308
255 309
255 310
255 311
255 312
255 313
255 314
255 315
255 316
255 317
255 318
255 319
255 320
255 321
255 322
255 323
256 256
256 257
256 258
256 259
256 260
256 261
256 262
256 263
256 264
256 265
256 266
256 267
256 268
256 269
256 270
256 271
256 272
256 273
256 274
256 275
256 276
256 277
256 278
256 279
256 280
256 281
256 282
256 283
256 284
256 285
256 286
256 287
256 288
256 289
256 290
256 291
256 292
256 293
256 294
256 295
256 296
256 297
256 298
256 299
256 300
256 301
256 302
256 303
256 304
256 305
256 306
256 307
256 308
256 309
256 310
256 311
256 312
256 313
256 314
256 315
256 316
256 317
256 318
256 319
256 320
256 321
256 322
256 323
257 257
257 258
257 259
257 260
257 261
257 262
257 263
257 264
257 265
257 266
257 267
257 268
257 269
257 270
257 271
257 272
257 273
257 274
257 275
257 276
257 277
257 278
257 279
257 280
257 281
257 282
257 283
257 284
257 285
257 286
257 287
257 288
257 289
257 290
257 291
257 292
257 293
257 294
257 295
257 296
257 297
257 298
257 299
257 300
257 301
257 302
257 303
257 304
257 305
257 306
257 307
257 308
257 309
257 310
257 311
257 312
257 313
257 314
257 315
257 316
257 317
257 318
257 319
257 320
257 321
257 322
257 323
258 258
258 259
258 260
258 261
258 262
258 263
258 264
258 265
258 266
258 267
258 268
258 269
258 270
258 271
258 272
258 273
258 274
258 275
258 276
258 277
258 278
258 279
258 280
258 281
258 282
258 283
258 284
258 285
258 286
258 287
258 288
258 289
258 290
258 291
258 292
258 293
258 294
258 295
258 296
258 297
258 298
258 299
258 300
258 301
258 302
258 303
258 304
258 305
258 306
258 307
258 308
258 309
258 310
258 311
258 312
258 313
258 314
258 315
258 316
258 317
258 318
258 319
258 320
258 321
258 322
258 323
259 259
259 260
259 261
259 262
259 263
259 264
259 265
259 266
259 267
259 268
259 269
259 270
259 271
259 272
259 273
259 274
259 275
259 276
259 277
259 278
259 279
259 280
259 281
259 282
259 283
259 284
259 285
259 286
259 287
259 288
259 289
259 290
259 291
259 292
259 293
259 294
259 295
259 296
259 297
259 298
259 299
259 300
259 301
259 302
259 303
259 304
259 305
259 306
259 307
259 308
259 309
259 310
259 311
259 312
259 313
259 314
259 315
259 316
259 317
259 318
259 319
259 320
259 321
259 322
259 323
260 260
260 261
260 262
260 263
260 264
260 265
260 266
260 267
260 268
260 269
260 270
260 271
260 272
260 273
260 274
260 275
260 276
260 277
260 278
260 279
260 280
260 281
260 282
260 283
260 284
260 285
260 286
260 287
260 288
260 289
260 290
260 291
260 292
260 293
260 294
260 295
260 296
260 297
260 298
260 299
260 300
260 301
260 302
260 303
260 304
260 305
260 306
260 307
260 308
260 309
260 310
260 311
260 312
260 313
260 314
260 315
260 316
260 317
260 318
260 319
260 320
260 321
260 322
260 323
261 261
261 262
261 263
261 264
261 265
261 266
261 267
261 268
261 269
261 270
261 271
261 272
261 273
261 274
261 275
261 276
261 277
261 278
261 279
261 280
261 281
261 282
261 283
261 284
261 285
261 286
261 287
261 288
261 289
261 290
261 291
261 292
261 293
261 294
261 295
261 296
261 297
261 298
261 299
261 300
261 301
261 302
261 303
261 304
261 305
261 306
261 307
261 308
261 309
261 310
261 311
261 312
261 313
261 314
261 315
261 316
261 317
261 318
261 319
261 320
261 321
261 322
261 323
262 262
262 263
262 264
262 265
262 266
262 267
262 268
262 269
262 270
262 271
262 272
262 273
262 274
262 275
262 276
262 277
262 278
262 279
262 280
262 281
262 282
262 283
262 284
262 285
262 286
262 287
262 288
262 289
262 290
262 291
262 292
262 293
262 294
262 295
262 296
262 297
262 298
262 299
262 300
262 301
262 302
262 303
262 304
262 305
262 306
262 307
262 308
262 309
262 310
262 311
262 312
262 313
262 314
262 315
262 316
262 317
262 318
262 319
262 320
262 321
262 322
262 323
263 263
263 264
263 265
263 266
263 267
263 268
263 269
263 270
263 271
263 272
263 273
263 274
263 275
263 276
263 277
263 278
263 279
263 280
263 281
263 282
263 283
263 284
263 285
263 286
263 287
263 288
263 289
263 290
263 291
263 292
263 293
263 294
263 295
263 296
263 297
263 298
263 299
263 300
263 301
263 302
263 303
263 304
263 305
263 306
263 307
263 308
263 309
263 310
263 311
263 312
263 313
263 314
263 315
263 316
263 317
263 318
263 319
263 320
263 321
263 322
263 323
264 264
264 265
264 266
264 267
264 268
264 269
264 270
264 271
264 272
264 273
264 274
264 275
264 276
264 277
264 278
264 279
264 280
264 281
264 282
264 283
264 284
264 285
264 286
264 287
264 288
264 289
264 290
264 291
264 292
264 293
264 294
264 295
264 296
264 297
264 298
264 299
264 300
264 301
264 302
264 303
264 304
264 305
264 306
264 307
264 308
264 309
264 310
264 311
264 312
264 313
264 314
264 315
264 316
264 317
264 318
264 319
264 320
264 321
264 322
264 323
265 265
265 266
265 267
265 268
265 269
265 270
265 271
265 272
265 273
265 274
265 275
265 276
265 277
265 278
265 279
265 280
265 281
265 282
265 283
265 284
265 285
265 286
265 287
265 288
265 289
265 290
265 291
265 292
265 293
265 294
265 295
265 296
265 297
265 298
265 299
265 300
265 301
265 302
265 303
265 304
265 305
265 306
265 307
265 308
265 309
265 310
265 311
265 312
265 313
265 314
265 315
265 316
265 317
265 318
265 319
265 320
265 321
265 322
265 323
266 266
266 267
266 268
266 269
266 270
266 271
266 272
266 273
266 274
266 275
266 276
266 277
266 278
266 279
266 280
266 281
266 282
266 283
266 284
266 285
266 286
266 287
266 288
266 289
266 290
266 291
266 292
266 293
266 294
266 295
266 296
266 297
266 298
266 299
266 300
266 301
266 302
266 303
266 304
266 305
266 306
266 307
266 308
266 309
266 310
266 311
266 312
266 313
266 314
266 315
266 316
266 317
266 318
266 319
266 320
266 321
266 322
266 323
267 267
267 268
267 269
267 270
267 271
267 272
267 273
267 274
267 275
267 276
267 277
267 278
267 279
267 280
267 281
267 282
267 283
267 284
267 285
267 286
267 287
267 288
267 289
267 290
267 291
267 292
267 293
267 294
267 295
267 296
267 297
267 298
267 299
267 300
267 301
267 302
267 303
267 304
267 305
267 306
267 307
267 308
267 309
267 310
267 311
267 312
267 313
267 314
267 315
267 316
267 317
267 318
267 319
267 320
267 321
267 322
267 323
268 268
268 269
268 270
268 271
268 272
268 273
268 274
268 275
268 276
268 277
268 278
268 279
268 280
268 281
268 282
268 283
268 284
268 285
268 286
268 287
268 288
268 289
268 290
268 291
268 292
268 293
268 294
268 295
268 296
268 297
268 298
268 299
268 300
268 301
268 302
268 303
268 304
268 305
268 306
268 307
268 308
268 309
268 310
268 311
268 312
268 313
268 314
268 315
268 316
268 317
268 318
268 319
268 320
268 321
268 322
268 323
269 269
269 270
269 271
269 272
269 273
269 274
269 275
269 276
269 277
269 278
269 279
269 280
269 281
269 282
269 283
269 284
269 285
269 286
269 287
269 288
269 289
269 290
269 291
269 292
269 293
269 294
269 295
269 296
269 297
269 298
269 299
269 300
269 301
269 302
269 303
269 304
269 305
269 306
269 307
269 308
269 309
269 310
269 311
269 312
269 313
269 314
269 315
269 316
269 317
269 318
269 319
269 320
269 321
269 322
269 323
270 270
270 271
270 272
270 273
270 274
270 275
270 276
270 277
270 278
270 279
270 280
270 281
270 282
270 283
270 284
270 285
270 286
270 287
270 288
270 289
270 290
270 291
270 292
270 293
270 294
270 295
270 296
270 297
270 298
270 299
270 300
270 301
270 302
270 303
270 304
270 305
270 306
270 307
270 308
270 309
270 310
270 311
270 312
270 313
270 314
270 315
270 316
270 317
270 318
270 319
270 320
270 321
270 322
270 323
271 271
271 272
271 273
271 274
271 275
271 276
271 277
271 278
271 279
271 280
271 281
271 282
271 283
271 284
271 285
271 286
271 287
271 288
271 289
271 290
271 291
271 292
271 293
271 294
271 295
271 296
271 297
271 298
271 299
271 300
271 301
271 302
271 303
271 304
271 305
271 306
271 307
271 308
271 309
271 310
271 311
271 312
271 313
271 314
271 315
271 316
271 317
271 318
271 319
271 320
271 321
271 322
271 323
272 272
272 273
272 274
272 275
272 276
272 277
272 278
272 279
272 280
272 281
272 282
272 283
272 284
272 285
272 286
272 287
272 288
272 289
272 290
272 291
272 292
272 293
272 294
272 295
272 296
272 297
272 298
272 299
272 300
272 301
272 302
272 303
272 304
272 305
272 306
272 307
272 308
272 309
272 310
272 311
272 312
272 313
272 314
272 315
272 316
272 317
272 318
272 319
272 320
272 321
272 322
272 323
273 273
273 274
273 275
273 276
273 277
273 278
273 279
273 280
273 281
273 282
273 283
273 284
273 285
273 286
273 287
273 288
273 289
273 290
273 291
273 292
273 293
273 294
273 295
273 296
273 297
273 298
273 299
273 300
273 301
273 302
273 303
273 304
273 305
273 306
273 307
273 308
273 309
273 310
273 311
273 312
273 313
273 314
273 315
273 316
273 317
273 318
273 319
273 320
273 321
273 322
273 323
274 274
274 275
274 276
274 277
274 278
274 279
274 280
274 281
274 282
274 283
274 284
274 285
274 286
274 287
274 288
274 289
274 290
274 291
274 292
274 293
274 294
274 295
274 296
274 297
274 298
274 299
274 300
274 301
274 302
274 303
274 304
274 305
274 306
274 307
274 308
274 309
274 310
274 311
274 312
274 313
274 314
274 315
274 316
274 317
274 318
274 319
274 320
274 321
274 322
274 323
275 275
275 276
275 277
275 278
275 279
275 280
275 281
275 282
275 283
275 284
275 285
275 286
275 287
275 288
275 289
275 290
275 291
275 292
275 293
275 294
275 295
275 296
275 297
275 298
275 299
275 300
275 301
275 302
275 303
275 304
275 305
275 306
275 307
275 308
275 309
275 310
275 311
275 312
275 313
275 314
275 315
275 316
275 317
275 318
275 319
275 320
275 321
275 322
275 323
276 276
276 277
276 278
276 279
276 280
276 281
276 282
276 283
276 284
276 285
276 286
276 287
276 288
276 289
276 290
276 291
276 292
276 293
276 294
276 295
276 296
276 297
276 298
276 299
276 300
276 301
276 302
276 303
276 304
276 305
276 306
276 307
276 308
276 309
276 310
276 311
276 312
276 313
276 314
276 315
276 316
276 317
276 318
276 319
276 320
276 321
276 322
276 323
277 277
277 278
277 279
277 280
277 281
277 282
277 283
277 284
277 285
277 286
277 287
277 288
277 289
277 290
277 291
277 292
277 293
277 294
277 295
277 296
277 297
277 298
277 299
277 300
277 301
277 302
277 303
277 304
277 305
277 306
277 307
277 308
277 309
277 310
277 311
277 312
277 313
277 314
277 315
277 316
277 317
277 318
277 319
277 320
277 321
277 322
277 323
278 278
278 279
278 280
278 281
278 282
278 283
278 284
278 285
278 286
278 287
278 288
278 289
278 290
278 291
278 292
278 293
278 294
278 295
278 296
278 297
278 298
278 299
278 300
278 301
278 302
278 303
278 304
278 305
278 306
278 307
278 308
278 309
278 310
278 311
278 312
278 313
278 314
278 315
278 316
278 317
278 318
278 319
278 320
278 321
278 322
278 323
279 279
279 280
279 281
279 282
279 283
279 284
279 285
279 286
279 287
279 288
279 289
279 290
279 291
279 292
279 293
279 294
279 295
279 296
279 297
279 298
279 299
279 300
279 301
279 302
279 303
279 304
279 305
279 306
279 307
279 308
279 309
279 310
279 311
279 312
279 313
279 314
279 315
279 316
279 317
279 318
279 319
279 320
279 321
279 322
279 323
280 280
280 281
280 282
280 283
280 284
280 285
280 286
280 287
280 288
280 289
280 290
280 291
280 292
280 293
280 294
280 295
280 296
280 297
280 298
280 299
280 300
280 301
280 302
280 303
280 304
280 305
280 306
280 307
280 308
280 309
280 310
280 311
280 312
280 313
280 314
280 315
280 316
280 317
280 318
280 319
280 320
280 321
280 322
280 323
281 281
281 282
281 283
281 284
281 285
281 286
281 287
281 288
281 289
281 290
281 291
281 292
281 293
281 294
281 295
281 296
281 297
281 298
281 299
281 300
281 301
281 302
281 303
281 304
281 305
281 306
281 307
281 308
281 309
281 310
281 311
281 312
281 313
281 314
281 315
281 316
281 317
281 318
281 319
281 320
281 321
281 322
281 323
282 282
282 283
282 284
282 285
282 286
282 287
282 288
282 289
282 290
282 291
282 292
282 293
282 294
282 295
282 296
282 297
282 298
282 299
282 300
282 301
282 302
282 303
282 304
282 305
282 306
282 307
282 308
282 309
282 310
282 311
282 312
282 313
282 314
282 315
282 316
282 317
282 318
282 319
282 320
282 321
282 322
282 323
283 283
283 284
283 285
283 286
283 287
283 288
283 289
283 290
283 291
283 292
283 293
283 294
283 295
283 296
283 297
283 298
283 299
283 300
283 301
283 302
283 303
283 304
283 305
283 306
283 307
283 308
283 309
283 310
283 311
283 312
283 313
283 314
283 315
283 316
283 317
283 318
283 319
283 320
283 321
283 322
283 323
284 284
284 285
284 286
284 287
284 288
284 289
284 290
284 291
284 292
284 293
284 294
284 295
284 296
284 297
284 298
284 299
284 300
284 301
284 302
284 303
284 304
284 305
284 306
284 307
284 308
284 309
284 310
284 311
284 312
284 313
284 314
284 315
284 316
284 317
284 318
284 319
284 320
284 321
284 322
284 323
285 285
285 286
285 287
285 288
285 289
285 290
285 291
285 292
285 293
285 294
285 295
285 296
285 297
285 298
285 299
285 300
285 301
285 302
285 303
285 304
285 305
285 306
285 307
285 308
285 309
285 310
285 311
285 312
285 313
285 314
285 315
285 316
285 317
285 318
285 319
285 320
285 321
285 322
285 323
286 286
286 287
286 288
286 289
286 290
286 291
286 292
286 293
286 294
286 295
286 296
286 297
286 298
286 299
286 300
286 301
286 302
286 303
286 304
286 305
286 306
286 307
286 308
286 309
286 310
286 311
286 312
286 313
286 314
286 315
286 316
286 317
286 318
286 319
286 320
286 321
286 322
286 323
287 287
287 288
287 289
287 290
287 291
287 292
287 293
287 294
287 295
287 296
287 297
287 298
287 299
287 300
287 301
287 302
287 303
287 304
287 305
287 306
287 307
287 308
287 309
287 310
287 311
287 312
287 313
287 314
287 315
287 316
287 317
287 318
287 319
287 320
287 321
287 322
287 323
288 288
288 289
288 290
288 291
288 292
288 293
288 294
288 295
288 296
288 297
288 298
288 299
288 300
288 301
288 302
288 303
288 304
288 305
288 306
288 307
288 308
288 309
288 310
288 311
288 312
288 313
288 314
288 315
288 316
288 317
288 318
288 319
288 320
288 321
288 322
288 323
289 289
289 290
289 291
289 292
289 293
289 294
289 295
289 296
289 297
289 298
289 299
289 300
289 301
289 302
289 303
289 304
289 305
289 306
289 307
289 308
289 309
289 310
289 311
289 312
289 313
289 314
289 315
289 316
289 317
289 318
289 319
289 320
289 321
289 322
289 323
290 290
290 291
290 292
290 293
290 294
290 295
290 296
290 297
290 298
290 299
290 300
290 301
290 302
290 303
290 304
290 305
290 306
290 307
290 308
290 309
290 310
290 311
290 312
290 313
290 314
290 315
290 316
290 317
290 318
290 319
290 320
290 321
290 322
290 323
291 291
291 292
291 293
291 294
291 295
291 296
291 297
291 298
291 299
291 300
291 301
291 302
291 303
291 304
291 305
291 306
291 307
291 308
291 309
291 310
291 311
291 312
291 313
291 314
291 315
291 316
291 317
291 318
291 319
291 320
291 321
291 322
291 323
292 292
292 293
292 294
292 295
292 296
292 297
292 298
292 299
292 300
292 301
292 302
292 303
292 304
292 305
292 306
292 307
292 308
292 309
292 310
292 311
292 312
292 313
292 314
292 315
292 316
292 317
292 318
292 319
292 320
292 321
292 322
292 323
293 293
293 294
293 295
293 296
293 297
293 298
293 299
293 300
293 301
293 302
293 303
293 304
293 305
293 306
293 307
293 308
293 309
293 310
293 311
293 312
293 313
293 314
293 315
293 316
293 317
293 318
293 319
293 320
293 321
293 322
293 323
294 294
294 295
294 296
294 297
294 298
294 299
294 300
294 301
294 302
294 303
294 304
294 305
294 306
294 307
294 308
294 309
294 310
294 311
294 312
294 313
294 314
294 315
294 316
294 317
294 318
294 319
294 320
294 321
294 322
294 323
295 295
295 296
295 297
295 298
295 299
295 300
295 301
295 302
295 303
295 304
295 305
295 306
295 307
295 308
295 309
295 310
295 311
295 312
295 313
295 314
295 315
295 316
295 317
295 318
295 319
295 320
295 321
295 322
295 323
296 296
296 297
296 298
296 299
296 300
296 301
296 302
296 303
296 304
296 305
296 306
296 307
296 308
296 309
296 310
296 311
296 312
296 313
296 314
296 315
296 316
296 317
296 318
296 319
296 320
296 321
296 322
296 323
297 297
297 298
297 299
297 300
297 301
297 302
297 303
297 304
297 305
297 306
297 307
297 308
297 309
297 310
297 311
297 312
297 313
297 314
297 315
297 316
297 317
297 318
297 319
297 320
297 321
297 322
297 323
298 298
298 299
298 300
298 301
298 302
298 303
298 304
298 305
298 306
298 307
298 308
298 309
298 310
298 311
298 312
298 313
298 314
298 315
298 316
298 317
298 318
298 319
298 320
298 321
298 322
298 323
299 299
299 300
299 301
299 302
299 303
299 304
299 305
299 306
299 307
299 308
299 309
299 310
299 311
299 312
299 313
299 314
299 315
299 316
299 317
299 318
299 319
299 320
299 321
299 322
299 323
300 300
300 301
300 302
300 303
300 304
300 305
300 306
300 307
300 308
300 309
300 310
300 311
300 312
300 313
300 314
300 315
300 316
300 317
300 318
300 319
300 320
300 321
300 322
300 323
301 301
301 302
301 303
301 304
301 305
301 306
301 307
301 308
301 309
301 310
301 311
301 312
301 313
301 314
301 315
301 316
301 317
301 318
301 319
301 320
301 321
301 322
301 323
302 302
302 303
302 304
302 305
302 306
302 307
302 308
302 309
302 310
302 311
302 312
302 313
302 314
302 315
302 316
302 317
302 318
302 319
302 320
302 321
302 322
302 323
303 303
303 304
303 305
303 306
303 307
303 308
303 309
303 310
303 311
303 312
303 313
303 314
303 315
303 316
303 317
303 318
303 319
303 320
303 321
303 322
303 323
304 304
304 305
304 306
304 307
304 308
304 309
304 310
304 311
304 312
304 313
304 314
304 315
304 316
304 317
304 318
304 319
304 320
304 321
304 322
304 323
305 305
305 306
305 307
305 308
305 309
305 310
305 311
305 312
305 313
305 314
305 315
305 316
305 317
305 318
305 319
305 320
305 321
305 322
305 323
306 306
306 307
306 308
306 309
306 310
306 311
306 312
306 313
306 314
306 315
306 316
306 317
306 318
306 319
306 320
306 321
306 322
306 323
307 307
307 308
307 309
307 310
307 311
307 312
307 313
307 314
307 315
307 316
307 317
307 318
307 319
307 320
307 321
307 322
307 323
308 308
308 309
308 310
308 311
308 312
308 313
308 314
308 315
308 316
308 317
308 318
308 319
308 320
308 321
308 322
308 323
309 309
309 310
309 311
309 312
309 313
309 314
309 315
309 316
309 317
309 318
309 319
309 320
309 321
309 322
309 323
310 310
310 311
310 312
310 313
310 314
310 315
310 316
310 317
310 318
310 319
310 320
310 321
310 322
310 323
311 311
311 312
311 313
311 314
311 315
311 316
311 317
311 318
311 319
311 320
311 321
311 322
311 323
312 312
312 313
312 314
312 315
312 316
312 317
312 318
312 319
312 320
312 321
312 322
312 323
313 313
313 314
313 315
313 316
313 317
313 318
313 319
313 320
313 321
313 322
313 323
314 314
314 315
314 316
314 317
314 318
314 319
314 320
314 321
314 322
314 323
315 315
315 316
315 317
315 318
315 319
315 320
315 321
315 322
315 323
316 316
316 317
316 318
316 319
316 320
316 321
316 322
316 323
317 317
317 318
317 319
317 320
317 321
317 322
317 323
318 318
318 319
318 320
318 321
318 322
318 323
319 319
319 320
319 321
319 322
319 323
320 320
320 321
320 322
320 323
321 321
321 322
321 323
322 322
322 323
323 323
