0 0
0 1
0 486
0 488
1 1
1 487
1 489
2 2
2 3
2 486
2 488
3 3
3 487
3 489
4 4
4 5
4 486
4 490
5 5
5 487
5 491
6 6
6 7
6 486
6 492
7 7
7 487
7 493
8 8
8 9
8 486
8 492
9 9
9 487
9 493
10 10
10 11
10 490
10 494
11 11
11 491
11 495
12 12
12 13
12 494
12 496
13 13
13 495
13 497
14 14
14 15
14 492
14 494
15 15
15 493
15 495
16 16
16 17
16 498
16 500
17 17
17 499
17 501
18 18
18 19
18 498
18 502
19 19
19 499
19 503
20 20
20 21
20 498
20 504
21 21
21 499
21 505
22 22
22 23
22 498
22 504
23 23
23 499
23 505
24 24
24 25
24 506
24 508
25 25
25 507
25 509
26 26
26 27
26 506
26 510
27 27
27 507
27 511
28 28
28 29
28 506
28 512
29 29
29 507
29 513
30 30
30 31
30 506
30 514
31 31
31 507
31 515
32 32
32 33
32 510
32 516
33 33
33 511
33 517
34 34
34 35
34 516
34 518
35 35
35 517
35 519
36 36
36 37
36 514
36 518
37 37
37 515
37 519
38 38
38 39
38 518
38 520
39 39
39 519
39 521
40 40
40 41
40 488
40 518
41 41
41 489
41 519
42 42
42 43
42 490
42 522
43 43
43 491
43 523
44 44
44 45
44 522
44 524
45 45
45 523
45 525
46 46
46 47
46 526
46 528
47 47
47 527
47 529
48 48
48 49
48 530
48 532
49 49
49 531
49 533
50 50
50 51
50 514
50 530
51 51
51 515
51 531
52 52
52 53
52 524
52 530
53 53
53 525
53 531
54 54
54 55
54 532
54 534
55 55
55 533
55 535
56 56
56 57
56 500
56 534
57 57
57 501
57 535
58 58
58 59
58 500
58 534
59 59
59 501
59 535
60 60
60 61
60 508
60 534
61 61
61 509
61 535
62 62
62 63
62 508
62 534
63 63
63 509
63 535
64 64
64 65
64 496
64 526
65 65
65 497
65 527
66 66
66 67
66 496
66 536
67 67
67 497
67 537
68 68
68 69
68 488
68 520
69 69
69 489
69 521
70 70
70 71
70 502
70 524
71 71
71 503
71 525
72 72
72 73
72 500
72 502
73 73
73 501
73 503
74 74
74 75
74 502
74 532
75 75
75 503
75 533
76 76
76 77
76 504
76 538
77 77
77 505
77 539
78 78
78 79
78 504
78 538
79 79
79 505
79 539
80 80
80 81
80 508
80 540
81 81
81 509
81 541
82 82
82 83
82 492
82 542
83 83
83 493
83 543
84 84
84 85
84 492
84 542
85 85
85 493
85 543
86 86
86 87
86 544
86 546
87 87
87 545
87 547
88 88
88 89
88 548
88 550
89 89
89 549
89 551
90 90
90 91
90 552
90 554
91 91
91 553
91 555
92 92
92 93
92 556
92 558
93 93
93 557
93 559
94 94
94 95
94 556
94 560
95 95
95 557
95 561
96 96
96 97
96 562
96 564
97 97
97 563
97 565
98 98
98 99
98 562
98 566
99 99
99 563
99 567
100 100
100 101
100 562
100 568
101 101
101 563
101 569
102 102
102 103
102 562
102 570
103 103
103 563
103 571
104 104
104 105
104 572
104 574
105 105
105 573
105 575
106 106
106 107
106 574
106 576
107 107
107 575
107 577
108 108
108 109
108 574
108 578
109 109
109 575
109 579
110 110
110 111
110 574
110 580
111 111
111 575
111 581
112 112
112 113
112 558
112 582
113 113
113 559
113 583
114 114
114 115
114 582
114 584
115 115
115 583
115 585
116 116
116 117
116 544
116 582
117 117
117 545
117 583
118 118
118 119
118 586
118 588
119 119
119 587
119 589
120 120
120 121
120 586
120 590
121 121
121 587
121 591
122 122
122 123
122 548
122 560
123 123
123 549
123 561
124 124
124 125
124 550
124 560
125 125
125 551
125 561
126 126
126 127
126 560
126 592
127 127
127 561
127 593
128 128
128 129
128 550
128 594
129 129
129 551
129 595
130 130
130 131
130 596
130 598
131 131
131 597
131 599
132 132
132 133
132 486
133 133
133 487
134 134
134 135
134 494
135 135
135 495
136 136
136 137
136 498
137 137
137 499
138 138
138 139
138 506
139 139
139 507
140 140
140 141
140 516
141 141
141 517
142 142
142 143
142 518
143 143
143 519
144 144
144 145
144 526
145 145
145 527
146 146
146 147
146 490
147 147
147 491
148 148
148 149
148 522
149 149
149 523
150 150
150 151
150 538
151 151
151 539
152 152
152 153
152 514
153 153
153 515
154 154
154 155
154 530
155 155
155 531
156 156
156 157
156 534
157 157
157 535
158 158
158 159
158 528
159 159
159 529
160 160
160 161
160 496
161 161
161 497
162 162
162 163
162 532
163 163
163 533
164 164
164 165
164 488
165 165
165 489
166 166
166 167
166 500
167 167
167 501
168 168
168 169
168 594
169 169
169 595
170 170
170 171
170 502
171 171
171 503
172 172
172 173
172 228
172 262
172 366
172 446
173 173
173 229
173 263
173 367
173 447
174 174
174 175
174 504
175 175
175 505
176 176
176 177
176 492
177 177
177 493
178 178
178 179
178 524
179 179
179 525
180 180
180 181
180 536
181 181
181 537
182 182
182 183
182 184
182 320
182 464
182 544
183 183
183 185
183 321
183 465
183 545
184 184
184 185
184 320
184 464
184 600
185 185
185 321
185 465
185 601
186 186
186 187
186 602
186 604
187 187
187 603
187 605
188 188
188 189
188 244
188 340
188 602
189 189
189 245
189 341
189 603
190 190
190 191
190 250
190 350
190 552
191 191
191 251
191 351
191 553
192 192
192 193
192 552
192 606
193 193
193 553
193 607
194 195
194 606
194 608
195 607
195 609
196 196
196 197
196 584
196 610
197 197
197 585
197 611
198 199
198 584
198 612
199 585
199 613
200 201
200 590
200 614
201 591
201 615
202 202
202 203
202 354
202 616
203 203
203 355
203 617
204 204
204 205
204 616
204 618
205 205
205 617
205 619
206 206
206 207
206 270
206 382
206 616
207 207
207 271
207 383
207 617
208 208
208 209
208 220
208 246
208 346
208 620
209 209
209 221
209 247
209 347
209 621
210 211
210 592
210 622
211 593
211 623
212 212
212 213
212 564
212 572
213 213
213 565
213 573
214 214
214 215
214 566
214 576
215 215
215 567
215 577
216 216
216 217
216 568
216 578
217 217
217 569
217 579
218 218
218 219
218 570
218 580
219 219
219 571
219 581
220 220
220 221
220 246
220 346
220 594
221 221
221 247
221 347
221 595
222 223
222 594
222 624
223 595
223 625
224 225
224 558
224 626
225 559
225 627
226 227
226 546
226 628
227 547
227 629
228 228
228 229
228 262
228 366
228 446
228 630
229 229
229 263
229 367
229 447
229 631
230 231
230 554
230 632
231 555
231 633
232 233
232 610
232 634
233 611
233 635
234 234
234 235
234 318
234 466
235 235
235 319
235 467
236 237
236 544
237 545
238 238
238 239
238 330
238 472
239 239
239 331
239 473
240 240
240 241
240 332
240 452
241 241
241 333
241 453
242 243
242 598
243 599
244 244
244 245
244 340
245 245
245 341
246 246
246 247
246 346
247 247
247 347
248 249
248 592
249 593
250 250
250 251
250 350
251 251
251 351
252 253
252 582
253 583
254 254
254 255
254 356
254 478
255 255
255 357
255 479
256 257
256 560
257 561
258 259
258 546
259 547
260 261
260 558
261 559
262 262
262 263
262 366
262 446
263 263
263 367
263 447
264 265
264 596
265 597
266 266
266 267
266 378
266 454
267 267
267 379
267 455
268 269
268 610
269 611
270 270
270 271
270 382
271 271
271 383
272 273
272 602
273 603
274 275
274 598
275 599
276 276
276 277
276 426
277 277
277 427
278 279
278 614
279 615
280 281
280 622
281 623
282 283
282 644
283 645
284 285
284 646
285 647
286 287
286 608
287 609
288 289
288 634
289 635
290 291
290 648
291 649
292 293
292 650
293 651
294 295
294 652
295 653
296 297
296 654
297 655
298 299
298 656
299 657
300 301
300 620
301 621
302 303
302 624
303 625
304 305
304 630
305 631
306 307
306 628
307 629
308 309
308 632
309 633
310 311
310 612
311 613
312 313
312 626
313 627
314 315
314 618
315 619
316 317
316 636
317 637
318 318
318 319
318 466
319 319
319 467
320 320
320 321
320 464
321 321
321 465
322 323
322 544
323 545
324 325
324 548
325 549
326 327
326 550
327 551
328 329
328 638
329 639
330 330
330 331
330 472
331 331
331 473
332 332
332 333
332 452
333 333
333 453
334 335
334 606
335 607
336 336
336 337
336 432
336 436
337 337
337 433
337 437
338 339
338 598
339 599
340 340
340 341
341 341
342 343
342 584
343 585
344 345
344 590
345 591
346 346
346 347
347 347
348 349
348 592
349 593
350 350
350 351
351 351
352 353
352 582
353 583
354 354
354 355
355 355
356 356
356 357
356 478
357 357
357 479
358 359
358 604
359 605
360 361
360 560
361 561
362 363
362 558
363 559
364 365
364 546
365 547
366 366
366 367
366 446
367 367
367 447
368 369
368 640
369 641
370 371
370 600
371 601
372 373
372 596
373 597
374 375
374 554
375 555
376 377
376 574
377 575
378 378
378 379
378 454
379 379
379 455
380 381
380 610
381 611
382 382
382 383
383 383
384 384
384 385
384 528
384 542
385 385
385 529
385 543
386 387
386 390
386 494
387 391
387 495
388 389
388 390
389 391
390 391
392 393
392 396
392 490
393 397
393 491
394 395
394 396
395 397
396 397
398 399
398 402
398 522
399 403
399 523
400 401
400 402
401 403
402 403
404 405
404 408
404 532
405 409
405 533
406 407
406 408
407 409
408 409
410 411
410 414
410 488
411 415
411 489
412 413
412 414
413 415
414 415
416 417
416 420
416 492
417 421
417 493
418 419
418 420
419 421
420 421
422 422
422 423
422 528
422 652
423 423
423 529
423 653
424 424
424 425
424 542
424 642
425 425
425 543
425 643
426 426
426 427
426 642
427 427
427 643
428 428
428 429
428 526
428 654
429 429
429 527
429 655
430 430
430 431
430 536
430 656
431 431
431 537
431 657
432 432
432 433
432 436
432 538
433 433
433 437
433 539
434 434
434 435
434 538
434 658
435 435
435 539
435 659
436 436
436 437
436 648
437 437
437 649
438 438
438 439
438 650
438 658
439 439
439 651
439 659
440 440
440 441
440 548
440 644
441 441
441 549
441 645
442 442
442 443
442 550
442 646
443 443
443 551
443 647
444 444
444 445
444 500
444 594
445 445
445 501
445 595
446 446
446 447
446 502
447 447
447 503
448 448
448 449
448 486
448 588
449 449
449 487
449 589
450 450
450 451
450 520
450 638
451 451
451 521
451 639
452 452
452 453
452 490
453 453
453 491
454 454
454 455
454 524
455 455
455 525
456 456
456 457
456 504
456 640
457 457
457 505
457 641
458 458
458 459
458 498
458 636
459 459
459 499
459 637
460 460
460 461
460 516
460 602
461 461
461 517
461 603
462 462
462 463
462 510
462 616
463 463
463 511
463 617
464 464
464 465
464 506
465 465
465 507
466 466
466 467
466 506
467 467
467 507
468 468
468 469
468 514
468 584
469 469
469 515
469 585
470 470
470 471
470 518
470 552
471 471
471 519
471 553
472 472
472 473
472 512
473 473
473 513
474 474
474 475
474 508
474 596
475 475
475 509
475 597
476 476
476 477
476 534
476 562
477 477
477 535
477 563
478 478
478 479
478 534
479 479
479 535
480 480
480 481
480 532
480 560
481 481
481 533
481 561
482 482
482 483
482 540
482 598
483 483
483 541
483 599
484 484
484 485
484 530
484 556
485 485
485 531
485 557
486 487
488 489
488 734
488 738
488 740
488 748
488 749
489 735
489 739
489 740
489 748
489 749
490 491
490 680
490 684
490 686
490 694
490 695
491 681
491 685
491 686
491 694
491 695
492 493
492 752
492 756
492 758
492 766
492 767
493 753
493 757
493 758
493 766
493 767
494 495
494 662
494 666
494 668
494 676
494 677
495 663
495 667
495 668
495 676
495 677
496 497
498 499
500 501
502 503
504 505
506 507
508 509
510 511
512 513
514 515
516 517
518 519
520 521
522 523
522 698
522 702
522 704
522 712
522 713
523 699
523 703
523 704
523 712
523 713
524 525
526 527
528 529
530 531
532 533
532 716
532 720
532 722
532 730
532 731
533 717
533 721
533 722
533 730
533 731
534 535
536 537
538 539
540 541
542 543
544 544
544 545
545 545
546 546
546 547
547 547
548 548
548 549
549 549
550 550
550 551
551 551
552 553
554 554
554 555
555 555
556 557
558 558
558 559
559 559
560 560
560 561
561 561
562 563
564 564
564 565
564 572
565 565
565 573
566 566
566 567
566 576
567 567
567 577
568 568
568 569
568 578
569 569
569 579
570 570
570 571
570 580
571 571
571 581
572 572
572 573
573 573
574 574
574 575
575 575
576 576
576 577
577 577
578 578
578 579
579 579
580 580
580 581
581 581
582 582
582 583
583 583
584 584
584 585
585 585
586 587
588 589
590 590
590 591
591 591
592 592
592 593
593 593
594 595
596 596
596 597
597 597
598 598
598 599
599 599
600 600
600 601
601 601
602 602
602 603
603 603
604 604
604 605
605 605
606 606
606 607
607 607
608 609
610 610
610 611
611 611
612 613
614 615
616 617
618 618
618 619
619 619
620 621
622 623
624 625
626 627
628 629
630 631
632 633
634 635
636 636
636 637
637 637
638 638
638 639
639 639
640 640
640 641
641 641
642 643
644 645
646 647
648 649
650 651
652 653
654 655
656 657
658 659
660 661
660 662
661 663
662 662
662 663
662 666
662 668
663 663
663 667
663 668
664 665
664 666
665 667
666 666
666 667
666 668
667 667
667 668
668 668
668 669
669 670
669 672
669 674
669 676
670 670
670 671
670 672
670 674
670 676
672 672
672 673
672 674
672 676
674 674
674 675
674 676
676 676
676 677
677 677
678 679
678 680
679 681
680 680
680 681
680 684
680 686
681 681
681 685
681 686
682 683
682 684
683 685
684 684
684 685
684 686
685 685
685 686
686 686
686 687
687 688
687 690
687 692
687 694
688 688
688 689
688 690
688 692
688 694
690 690
690 691
690 692
690 694
692 692
692 693
692 694
694 694
694 695
695 695
696 697
696 698
697 699
698 698
698 699
698 702
698 704
699 699
699 703
699 704
700 701
700 702
701 703
702 702
702 703
702 704
703 703
703 704
704 704
704 705
705 706
705 708
705 710
705 712
706 706
706 707
706 708
706 710
706 712
708 708
708 709
708 710
708 712
710 710
710 711
710 712
712 712
712 713
713 713
714 715
714 716
715 717
716 716
716 717
716 720
716 722
717 717
717 721
717 722
718 719
718 720
719 721
720 720
720 721
720 722
721 721
721 722
722 722
722 723
723 724
723 726
723 728
723 730
724 724
724 725
724 726
724 728
724 730
726 726
726 727
726 728
726 730
728 728
728 729
728 730
730 730
730 731
731 731
732 733
732 734
733 735
734 734
734 735
734 738
734 740
735 735
735 739
735 740
736 737
736 738
737 739
738 738
738 739
738 740
739 739
739 740
740 740
740 741
741 742
741 744
741 746
741 748
742 742
742 743
742 744
742 746
742 748
744 744
744 745
744 746
744 748
746 746
746 747
746 748
748 748
748 749
749 749
750 751
750 752
751 753
752 752
752 753
752 756
752 758
753 753
753 757
753 758
754 755
754 756
755 757
756 756
756 757
756 758
757 757
757 758
758 758
758 759
759 760
759 762
759 764
759 766
760 760
760 761
760 762
760 764
760 766
762 762
762 763
762 764
762 766
764 764
764 765
764 766
766 766
766 767
767 767
