0 0
0 1
0 2
0 50
1 1
1 3
1 51
2 2
2 3
2 4
2 52
3 3
3 5
3 53
4 4
4 5
4 6
4 54
5 5
5 7
5 55
6 6
6 7
6 8
6 56
7 7
7 9
7 57
8 8
8 9
8 10
8 58
9 9
9 11
9 59
10 10
10 11
10 12
10 60
11 11
11 13
11 61
12 12
12 13
12 14
12 62
13 13
13 15
13 63
14 14
14 15
14 16
14 64
15 15
15 17
15 65
16 16
16 17
16 18
16 66
17 17
17 19
17 67
18 18
18 19
18 20
18 68
19 19
19 21
19 69
20 20
20 21
20 22
20 70
21 21
21 23
21 71
22 22
22 23
22 24
22 72
23 23
23 25
23 73
24 24
24 25
24 26
24 74
25 25
25 27
25 75
26 26
26 27
26 28
26 76
27 27
27 29
27 77
28 28
28 29
28 30
28 78
29 29
29 31
29 79
30 30
30 31
30 32
30 80
31 31
31 33
31 81
32 32
32 33
32 34
32 82
33 33
33 35
33 83
34 34
34 35
34 36
34 84
35 35
35 37
35 85
36 36
36 37
36 38
36 86
37 37
37 39
37 87
38 38
38 39
38 40
38 88
39 39
39 41
39 89
40 40
40 41
40 42
40 90
41 41
41 43
41 91
42 42
42 43
42 44
42 92
43 43
43 45
43 93
44 44
44 45
44 46
44 94
45 45
45 47
45 95
46 46
46 47
46 48
46 96
47 47
47 49
47 97
48 48
48 49
48 98
49 49
49 99
50 50
50 51
50 52
50 100
51 51
51 53
51 101
52 52
52 53
52 54
52 102
53 53
53 55
53 103
54 54
54 55
54 56
54 104
55 55
55 57
55 105
56 56
56 57
56 58
56 106
57 57
57 59
57 107
58 58
58 59
58 60
58 108
59 59
59 61
59 109
60 60
60 61
60 62
60 110
61 61
61 63
61 111
62 62
62 63
62 64
62 112
63 63
63 65
63 113
64 64
64 65
64 66
64 114
65 65
65 67
65 115
66 66
66 67
66 68
66 116
67 67
67 69
67 117
68 68
68 69
68 70
68 118
69 69
69 71
69 119
70 70
70 71
70 72
70 120
71 71
71 73
71 121
72 72
72 73
72 74
72 122
73 73
73 75
73 123
74 74
74 75
74 76
74 124
75 75
75 77
75 125
76 76
76 77
76 78
76 126
77 77
77 79
77 127
78 78
78 79
78 80
78 128
79 79
79 81
79 129
80 80
80 81
80 82
80 130
81 81
81 83
81 131
82 82
82 83
82 84
82 132
83 83
83 85
83 133
84 84
84 85
84 86
84 134
85 85
85 87
85 135
86 86
86 87
86 88
86 136
87 87
87 89
87 137
88 88
88 89
88 90
88 138
89 89
89 91
89 139
90 90
90 91
90 92
90 140
91 91
91 93
91 141
92 92
92 93
92 94
92 142
93 93
93 95
93 143
94 94
94 95
94 96
94 144
95 95
95 97
95 145
96 96
96 97
96 98
96 146
97 97
97 99
97 147
98 98
98 99
98 148
99 99
99 149
100 100
100 101
100 102
100 150
101 101
101 103
101 151
102 102
102 103
102 104
102 152
103 103
103 105
103 153
104 104
104 105
104 106
104 154
105 105
105 107
105 155
106 106
106 107
106 108
106 156
107 107
107 109
107 157
108 108
108 109
108 110
108 158
109 109
109 111
109 159
110 110
110 111
110 112
110 160
111 111
111 113
111 161
112 112
112 113
112 114
112 162
113 113
113 115
113 163
114 114
114 115
114 116
114 164
115 115
115 117
115 165
116 116
116 117
116 118
116 166
117 117
117 119
117 167
118 118
118 119
118 120
118 168
119 119
119 121
119 169
120 120
120 121
120 122
120 170
121 121
121 123
121 171
122 122
122 123
122 124
122 172
123 123
123 125
123 173
124 124
124 125
124 126
124 174
125 125
125 127
125 175
126 126
126 127
126 128
126 176
127 127
127 129
127 177
128 128
128 129
128 130
128 178
129 129
129 131
129 179
130 130
130 131
130 132
130 180
131 131
131 133
131 181
132 132
132 133
132 134
132 182
133 133
133 135
133 183
134 134
134 135
134 136
134 184
135 135
135 137
135 185
136 136
136 137
136 138
136 186
137 137
137 139
137 187
138 138
138 139
138 140
138 188
139 139
139 141
139 189
140 140
140 141
140 142
140 190
141 141
141 143
141 191
142 142
142 143
142 144
142 192
143 143
143 145
143 193
144 144
144 145
144 146
144 194
145 145
145 147
145 195
146 146
146 147
146 148
146 196
147 147
147 149
147 197
148 148
148 149
148 198
149 149
149 199
150 150
150 151
150 152
150 200
151 151
151 153
151 201
152 152
152 153
152 154
152 202
153 153
153 155
153 203
154 154
154 155
154 156
154 204
155 155
155 157
155 205
156 156
156 157
156 158
156 206
157 157
157 159
157 207
158 158
158 159
158 160
158 208
159 159
159 161
159 209
160 160
160 161
160 162
160 210
161 161
161 163
161 211
162 162
162 163
162 164
162 212
163 163
163 165
163 213
164 164
164 165
164 166
164 214
165 165
165 167
165 215
166 166
166 167
166 168
166 216
167 167
167 169
167 217
168 168
168 169
168 170
168 218
169 169
169 171
169 219
170 170
170 171
170 172
170 220
171 171
171 173
171 221
172 172
172 173
172 174
172 222
173 173
173 175
173 223
174 174
174 175
174 176
174 224
175 175
175 177
175 225
176 176
176 177
176 178
176 226
177 177
177 179
177 227
178 178
178 179
178 180
178 228
179 179
179 181
179 229
180 180
180 181
180 182
180 230
181 181
181 183
181 231
182 182
182 183
182 184
182 232
183 183
183 185
183 233
184 184
184 185
184 186
184 234
185 185
185 187
185 235
186 186
186 187
186 188
186 236
187 187
187 189
187 237
188 188
188 189
188 190
188 238
189 189
189 191
189 239
190 190
190 191
190 192
190 240
191 191
191 193
191 241
192 192
192 193
192 194
192 242
193 193
193 195
193 243
194 194
194 195
194 196
194 244
195 195
195 197
195 245
196 196
196 197
196 198
196 246
197 197
197 199
197 247
198 198
198 199
198 248
199 199
199 249
200 200
200 201
200 202
200 250
201 201
201 203
201 251
202 202
202 203
202 204
202 252
203 203
203 205
203 253
204 204
204 205
204 206
204 254
205 205
205 207
205 255
206 206
206 207
206 208
206 256
207 207
207 209
207 257
208 208
208 209
208 210
208 258
209 209
209 211
209 259
210 210
210 211
210 212
210 260
211 211
211 213
211 261
212 212
212 213
212 214
212 262
213 213
213 215
213 263
214 214
214 215
214 216
214 264
215 215
215 217
215 265
216 216
216 217
216 218
216 266
217 217
217 219
217 267
218 218
218 219
218 220
218 268
219 219
219 221
219 269
220 220
220 221
220 222
220 270
221 221
221 223
221 271
222 222
222 223
222 224
222 272
223 223
223 225
223 273
224 224
224 225
224 226
224 274
225 225
225 227
225 275
226 226
226 227
226 228
226 276
227 227
227 229
227 277
228 228
228 229
228 230
228 278
229 229
229 231
229 279
230 230
230 231
230 232
230 280
231 231
231 233
231 281
232 232
232 233
232 234
232 282
233 233
233 235
233 283
234 234
234 235
234 236
234 284
235 235
235 237
235 285
236 236
236 237
236 238
236 286
237 237
237 239
237 287
238 238
238 239
238 240
238 288
239 239
239 241
239 289
240 240
240 241
240 242
240 290
241 241
241 243
241 291
242 242
242 243
242 244
242 292
243 243
243 245
243 293
244 244
244 245
244 246
244 294
245 245
245 247
245 295
246 246
246 247
246 248
246 296
247 247
247 249
247 297
248 248
248 249
248 298
249 249
249 299
250 250
250 251
250 252
250 300
251 251
251 253
251 301
252 252
252 253
252 254
252 302
253 253
253 255
253 303
254 254
254 255
254 256
254 304
255 255
255 257
255 305
256 256
256 257
256 258
256 306
257 257
257 259
257 307
258 258
258 259
258 260
258 308
259 259
259 261
259 309
260 260
260 261
260 262
260 310
261 261
261 263
261 311
262 262
262 263
262 264
262 312
263 263
263 265
263 313
264 264
264 265
264 266
264 314
265 265
265 267
265 315
266 266
266 267
266 268
266 316
267 267
267 269
267 317
268 268
268 269
268 270
268 318
269 269
269 271
269 319
270 270
270 271
270 272
270 320
271 271
271 273
271 321
272 272
272 273
272 274
272 322
273 273
273 275
273 323
274 274
274 275
274 276
274 324
275 275
275 277
275 325
276 276
276 277
276 278
276 326
277 277
277 279
277 327
278 278
278 279
278 280
278 328
279 279
279 281
279 329
280 280
280 281
280 282
280 330
281 281
281 283
281 331
282 282
282 283
282 284
282 332
283 283
283 285
283 333
284 284
284 285
284 286
284 334
285 285
285 287
285 335
286 286
286 287
286 288
286 336
287 287
287 289
287 337
288 288
288 289
288 290
288 338
289 289
289 291
289 339
290 290
290 291
290 292
290 340
291 291
291 293
291 341
292 292
292 293
292 294
292 342
293 293
293 295
293 343
294 294
294 295
294 296
294 344
295 295
295 297
295 345
296 296
296 297
296 298
296 346
297 297
297 299
297 347
298 298
298 299
298 348
299 299
299 349
300 300
300 301
300 302
300 350
301 301
301 303
301 351
302 302
302 303
302 304
302 352
303 303
303 305
303 353
304 304
304 305
304 306
304 354
305 305
305 307
305 355
306 306
306 307
306 308
306 356
307 307
307 309
307 357
308 308
308 309
308 310
308 358
309 309
309 311
309 359
310 310
310 311
310 312
310 360
311 311
311 313
311 361
312 312
312 313
312 314
312 362
313 313
313 315
313 363
314 314
314 315
314 316
314 364
315 315
315 317
315 365
316 316
316 317
316 318
316 366
317 317
317 319
317 367
318 318
318 319
318 320
318 368
319 319
319 321
319 369
320 320
320 321
320 322
320 370
321 321
321 323
321 371
322 322
322 323
322 324
322 372
323 323
323 325
323 373
324 324
324 325
324 326
324 374
325 325
325 327
325 375
326 326
326 327
326 328
326 376
327 327
327 329
327 377
328 328
328 329
328 330
328 378
329 329
329 331
329 379
330 330
330 331
330 332
330 380
331 331
331 333
331 381
332 332
332 333
332 334
332 382
333 333
333 335
333 383
334 334
334 335
334 336
334 384
335 335
335 337
335 385
336 336
336 337
336 338
336 386
337 337
337 339
337 387
338 338
338 339
338 340
338 388
339 339
339 341
339 389
340 340
340 341
340 342
340 390
341 341
341 343
341 391
342 342
342 343
342 344
342 392
343 343
343 345
343 393
344 344
344 345
344 346
344 394
345 345
345 347
345 395
346 346
346 347
346 348
346 396
347 347
347 349
347 397
348 348
348 349
348 398
349 349
349 399
350 350
350 351
350 352
350 400
351 351
351 353
351 401
352 352
352 353
352 354
352 402
353 353
353 355
353 403
354 354
354 355
354 356
354 404
355 355
355 357
355 405
356 356
356 357
356 358
356 406
357 357
357 359
357 407
358 358
358 359
358 360
358 408
359 359
359 361
359 409
360 360
360 361
360 362
360 410
361 361
361 363
361 411
362 362
362 363
362 364
362 412
363 363
363 365
363 413
364 364
364 365
364 366
364 414
365 365
365 367
365 415
366 366
366 367
366 368
366 416
367 367
367 369
367 417
368 368
368 369
368 370
368 418
369 369
369 371
369 419
370 370
370 371
370 372
370 420
371 371
371 373
371 421
372 372
372 373
372 374
372 422
373 373
373 375
373 423
374 374
374 375
374 376
374 424
375 375
375 377
375 425
376 376
376 377
376 378
376 426
377 377
377 379
377 427
378 378
378 379
378 380
378 428
379 379
379 381
379 429
380 380
380 381
380 382
380 430
381 381
381 383
381 431
382 382
382 383
382 384
382 432
383 383
383 385
383 433
384 384
384 385
384 386
384 434
385 385
385 387
385 435
386 386
386 387
386 388
386 436
387 387
387 389
387 437
388 388
388 389
388 390
388 438
389 389
389 391
389 439
390 390
390 391
390 392
390 440
391 391
391 393
391 441
392 392
392 393
392 394
392 442
393 393
393 395
393 443
394 394
394 395
394 396
394 444
395 395
395 397
395 445
396 396
396 397
396 398
396 446
397 397
397 399
397 447
398 398
398 399
398 448
399 399
399 449
400 400
400 401
400 402
400 450
401 401
401 403
401 451
402 402
402 403
402 404
402 452
403 403
403 405
403 453
404 404
404 405
404 406
404 454
405 405
405 407
405 455
406 406
406 407
406 408
406 456
407 407
407 409
407 457
408 408
408 409
408 410
408 458
409 409
409 411
409 459
410 410
410 411
410 412
410 460
411 411
411 413
411 461
412 412
412 413
412 414
412 462
413 413
413 415
413 463
414 414
414 415
414 416
414 464
415 415
415 417
415 465
416 416
416 417
416 418
416 466
417 417
417 419
417 467
418 418
418 419
418 420
418 468
419 419
419 421
419 469
420 420
420 421
420 422
420 470
421 421
421 423
421 471
422 422
422 423
422 424
422 472
423 423
423 425
423 473
424 424
424 425
424 426
424 474
425 425
425 427
425 475
426 426
426 427
426 428
426 476
427 427
427 429
427 477
428 428
428 429
428 430
428 478
429 429
429 431
429 479
430 430
430 431
430 432
430 480
431 431
431 433
431 481
432 432
432 433
432 434
432 482
433 433
433 435
433 483
434 434
434 435
434 436
434 484
435 435
435 437
435 485
436 436
436 437
436 438
436 486
437 437
437 439
437 487
438 438
438 439
438 440
438 488
439 439
439 441
439 489
440 440
440 441
440 442
440 490
441 441
441 443
441 491
442 442
442 443
442 444
442 492
443 443
443 445
443 493
444 444
444 445
444 446
444 494
445 445
445 447
445 495
446 446
446 447
446 448
446 496
447 447
447 449
447 497
448 448
448 449
448 498
449 449
449 499
450 450
450 451
450 452
450 500
451 451
451 453
451 501
452 452
452 453
452 454
452 502
453 453
453 455
453 503
454 454
454 455
454 456
454 504
455 455
455 457
455 505
456 456
456 457
456 458
456 506
457 457
457 459
457 507
458 458
458 459
458 460
458 508
459 459
459 461
459 509
460 460
460 461
460 462
460 510
461 461
461 463
461 511
462 462
462 463
462 464
462 512
463 463
463 465
463 513
464 464
464 465
464 466
464 514
465 465
465 467
465 515
466 466
466 467
466 468
466 516
467 467
467 469
467 517
468 468
468 469
468 470
468 518
469 469
469 471
469 519
470 470
470 471
470 472
470 520
471 471
471 473
471 521
472 472
472 473
472 474
472 522
473 473
473 475
473 523
474 474
474 475
474 476
474 524
475 475
475 477
475 525
476 476
476 477
476 478
476 526
477 477
477 479
477 527
478 478
478 479
478 480
478 528
479 479
479 481
479 529
480 480
480 481
480 482
480 530
481 481
481 483
481 531
482 482
482 483
482 484
482 532
483 483
483 485
483 533
484 484
484 485
484 486
484 534
485 485
485 487
485 535
486 486
486 487
486 488
486 536
487 487
487 489
487 537
488 488
488 489
488 490
488 538
489 489
489 491
489 539
490 490
490 491
490 492
490 540
491 491
491 493
491 541
492 492
492 493
492 494
492 542
493 493
493 495
493 543
494 494
494 495
494 496
494 544
495 495
495 497
495 545
496 496
496 497
496 498
496 546
497 497
497 499
497 547
498 498
498 499
498 548
499 499
499 549
500 500
500 501
500 502
500 550
501 501
501 503
501 551
502 502
502 503
502 504
502 552
503 503
503 505
503 553
504 504
504 505
504 506
504 554
505 505
505 507
505 555
506 506
506 507
506 508
506 556
507 507
507 509
507 557
508 508
508 509
508 510
508 558
509 509
509 511
509 559
510 510
510 511
510 512
510 560
511 511
511 513
511 561
512 512
512 513
512 514
512 562
513 513
513 515
513 563
514 514
514 515
514 516
514 564
515 515
515 517
515 565
516 516
516 517
516 518
516 566
517 517
517 519
517 567
518 518
518 519
518 520
518 568
519 519
519 521
519 569
520 520
520 521
520 522
520 570
521 521
521 523
521 571
522 522
522 523
522 524
522 572
523 523
523 525
523 573
524 524
524 525
524 526
524 574
525 525
525 527
525 575
526 526
526 527
526 528
526 576
527 527
527 529
527 577
528 528
528 529
528 530
528 578
529 529
529 531
529 579
530 530
530 531
530 532
530 580
531 531
531 533
531 581
532 532
532 533
532 534
532 582
533 533
533 535
533 583
534 534
534 535
534 536
534 584
535 535
535 537
535 585
536 536
536 537
536 538
536 586
537 537
537 539
537 587
538 538
538 539
538 540
538 588
539 539
539 541
539 589
540 540
540 541
540 542
540 590
541 541
541 543
541 591
542 542
542 543
542 544
542 592
543 543
543 545
543 593
544 544
544 545
544 546
544 594
545 545
545 547
545 595
546 546
546 547
546 548
546 596
547 547
547 549
547 597
548 548
548 549
548 598
549 549
549 599
550 550
550 551
550 552
550 600
551 551
551 553
551 601
552 552
552 553
552 554
552 602
553 553
553 555
553 603
554 554
554 555
554 556
554 604
555 555
555 557
555 605
556 556
556 557
556 558
556 606
557 557
557 559
557 607
558 558
558 559
558 560
558 608
559 559
559 561
559 609
560 560
560 561
560 562
560 610
561 561
561 563
561 611
562 562
562 563
562 564
562 612
563 563
563 565
563 613
564 564
564 565
564 566
564 614
565 565
565 567
565 615
566 566
566 567
566 568
566 616
567 567
567 569
567 617
568 568
568 569
568 570
568 618
569 569
569 571
569 619
570 570
570 571
570 572
570 620
571 571
571 573
571 621
572 572
572 573
572 574
572 622
573 573
573 575
573 623
574 574
574 575
574 576
574 624
575 575
575 577
575 625
576 576
576 577
576 578
576 626
577 577
577 579
577 627
578 578
578 579
578 580
578 628
579 579
579 581
579 629
580 580
580 581
580 582
580 630
581 581
581 583
581 631
582 582
582 583
582 584
582 632
583 583
583 585
583 633
584 584
584 585
584 586
584 634
585 585
585 587
585 635
586 586
586 587
586 588
586 636
587 587
587 589
587 637
588 588
588 589
588 590
588 638
589 589
589 591
589 639
590 590
590 591
590 592
590 640
591 591
591 593
591 641
592 592
592 593
592 594
592 642
593 593
593 595
593 643
594 594
594 595
594 596
594 644
595 595
595 597
595 645
596 596
596 597
596 598
596 646
597 597
597 599
597 647
598 598
598 599
598 648
599 599
599 649
600 600
600 601
600 602
600 650
601 601
601 603
601 651
602 602
602 603
602 604
602 652
603 603
603 605
603 653
604 604
604 605
604 606
604 654
605 605
605 607
605 655
606 606
606 607
606 608
606 656
607 607
607 609
607 657
608 608
608 609
608 610
608 658
609 609
609 611
609 659
610 610
610 611
610 612
610 660
611 611
611 613
611 661
612 612
612 613
612 614
612 662
613 613
613 615
613 663
614 614
614 615
614 616
614 664
615 615
615 617
615 665
616 616
616 617
616 618
616 666
617 617
617 619
617 667
618 618
618 619
618 620
618 668
619 619
619 621
619 669
620 620
620 621
620 622
620 670
621 621
621 623
621 671
622 622
622 623
622 624
622 672
623 623
623 625
623 673
624 624
624 625
624 626
624 674
625 625
625 627
625 675
626 626
626 627
626 628
626 676
627 627
627 629
627 677
628 628
628 629
628 630
628 678
629 629
629 631
629 679
630 630
630 631
630 632
630 680
631 631
631 633
631 681
632 632
632 633
632 634
632 682
633 633
633 635
633 683
634 634
634 635
634 636
634 684
635 635
635 637
635 685
636 636
636 637
636 638
636 686
637 637
637 639
637 687
638 638
638 639
638 640
638 688
639 639
639 641
639 689
640 640
640 641
640 642
640 690
641 641
641 643
641 691
642 642
642 643
642 644
642 692
643 643
643 645
643 693
644 644
644 645
644 646
644 694
645 645
645 647
645 695
646 646
646 647
646 648
646 696
647 647
647 649
647 697
648 648
648 649
648 698
649 649
649 699
650 650
650 651
650 652
650 700
651 651
651 653
651 701
652 652
652 653
652 654
652 702
653 653
653 655
653 703
654 654
654 655
654 656
654 704
655 655
655 657
655 705
656 656
656 657
656 658
656 706
657 657
657 659
657 707
658 658
658 659
658 660
658 708
659 659
659 661
659 709
660 660
660 661
660 662
660 710
661 661
661 663
661 711
662 662
662 663
662 664
662 712
663 663
663 665
663 713
664 664
664 665
664 666
664 714
665 665
665 667
665 715
666 666
666 667
666 668
666 716
667 667
667 669
667 717
668 668
668 669
668 670
668 718
669 669
669 671
669 719
670 670
670 671
670 672
670 720
671 671
671 673
671 721
672 672
672 673
672 674
672 722
673 673
673 675
673 723
674 674
674 675
674 676
674 724
675 675
675 677
675 725
676 676
676 677
676 678
676 726
677 677
677 679
677 727
678 678
678 679
678 680
678 728
679 679
679 681
679 729
680 680
680 681
680 682
680 730
681 681
681 683
681 731
682 682
682 683
682 684
682 732
683 683
683 685
683 733
684 684
684 685
684 686
684 734
685 685
685 687
685 735
686 686
686 687
686 688
686 736
687 687
687 689
687 737
688 688
688 689
688 690
688 738
689 689
689 691
689 739
690 690
690 691
690 692
690 740
691 691
691 693
691 741
692 692
692 693
692 694
692 742
693 693
693 695
693 743
694 694
694 695
694 696
694 744
695 695
695 697
695 745
696 696
696 697
696 698
696 746
697 697
697 699
697 747
698 698
698 699
698 748
699 699
699 749
700 700
700 701
700 702
700 750
701 701
701 703
701 751
702 702
702 703
702 704
702 752
703 703
703 705
703 753
704 704
704 705
704 706
704 754
705 705
705 707
705 755
706 706
706 707
706 708
706 756
707 707
707 709
707 757
708 708
708 709
708 710
708 758
709 709
709 711
709 759
710 710
710 711
710 712
710 760
711 711
711 713
711 761
712 712
712 713
712 714
712 762
713 713
713 715
713 763
714 714
714 715
714 716
714 764
715 715
715 717
715 765
716 716
716 717
716 718
716 766
717 717
717 719
717 767
718 718
718 719
718 720
718 768
719 719
719 721
719 769
720 720
720 721
720 722
720 770
721 721
721 723
721 771
722 722
722 723
722 724
722 772
723 723
723 725
723 773
724 724
724 725
724 726
724 774
725 725
725 727
725 775
726 726
726 727
726 728
726 776
727 727
727 729
727 777
728 728
728 729
728 730
728 778
729 729
729 731
729 779
730 730
730 731
730 732
730 780
731 731
731 733
731 781
732 732
732 733
732 734
732 782
733 733
733 735
733 783
734 734
734 735
734 736
734 784
735 735
735 737
735 785
736 736
736 737
736 738
736 786
737 737
737 739
737 787
738 738
738 739
738 740
738 788
739 739
739 741
739 789
740 740
740 741
740 742
740 790
741 741
741 743
741 791
742 742
742 743
742 744
742 792
743 743
743 745
743 793
744 744
744 745
744 746
744 794
745 745
745 747
745 795
746 746
746 747
746 748
746 796
747 747
747 749
747 797
748 748
748 749
748 798
749 749
749 799
750 750
750 751
750 752
750 800
751 751
751 753
751 801
752 752
752 753
752 754
752 802
753 753
753 755
753 803
754 754
754 755
754 756
754 804
755 755
755 757
755 805
756 756
756 757
756 758
756 806
757 757
757 759
757 807
758 758
758 759
758 760
758 808
759 759
759 761
759 809
760 760
760 761
760 762
760 810
761 761
761 763
761 811
762 762
762 763
762 764
762 812
763 763
763 765
763 813
764 764
764 765
764 766
764 814
765 765
765 767
765 815
766 766
766 767
766 768
766 816
767 767
767 769
767 817
768 768
768 769
768 770
768 818
769 769
769 771
769 819
770 770
770 771
770 772
770 820
771 771
771 773
771 821
772 772
772 773
772 774
772 822
773 773
773 775
773 823
774 774
774 775
774 776
774 824
775 775
775 777
775 825
776 776
776 777
776 778
776 826
777 777
777 779
777 827
778 778
778 779
778 780
778 828
779 779
779 781
779 829
780 780
780 781
780 782
780 830
781 781
781 783
781 831
782 782
782 783
782 784
782 832
783 783
783 785
783 833
784 784
784 785
784 786
784 834
785 785
785 787
785 835
786 786
786 787
786 788
786 836
787 787
787 789
787 837
788 788
788 789
788 790
788 838
789 789
789 791
789 839
790 790
790 791
790 792
790 840
791 791
791 793
791 841
792 792
792 793
792 794
792 842
793 793
793 795
793 843
794 794
794 795
794 796
794 844
795 795
795 797
795 845
796 796
796 797
796 798
796 846
797 797
797 799
797 847
798 798
798 799
798 848
799 799
799 849
800 800
800 801
800 802
800 850
801 801
801 803
801 851
802 802
802 803
802 804
802 852
803 803
803 805
803 853
804 804
804 805
804 806
804 854
805 805
805 807
805 855
806 806
806 807
806 808
806 856
807 807
807 809
807 857
808 808
808 809
808 810
808 858
809 809
809 811
809 859
810 810
810 811
810 812
810 860
811 811
811 813
811 861
812 812
812 813
812 814
812 862
813 813
813 815
813 863
814 814
814 815
814 816
814 864
815 815
815 817
815 865
816 816
816 817
816 818
816 866
817 817
817 819
817 867
818 818
818 819
818 820
818 868
819 819
819 821
819 869
820 820
820 821
820 822
820 870
821 821
821 823
821 871
822 822
822 823
822 824
822 872
823 823
823 825
823 873
824 824
824 825
824 826
824 874
825 825
825 827
825 875
826 826
826 827
826 828
826 876
827 827
827 829
827 877
828 828
828 829
828 830
828 878
829 829
829 831
829 879
830 830
830 831
830 832
830 880
831 831
831 833
831 881
832 832
832 833
832 834
832 882
833 833
833 835
833 883
834 834
834 835
834 836
834 884
835 835
835 837
835 885
836 836
836 837
836 838
836 886
837 837
837 839
837 887
838 838
838 839
838 840
838 888
839 839
839 841
839 889
840 840
840 841
840 842
840 890
841 841
841 843
841 891
842 842
842 843
842 844
842 892
843 843
843 845
843 893
844 844
844 845
844 846
844 894
845 845
845 847
845 895
846 846
846 847
846 848
846 896
847 847
847 849
847 897
848 848
848 849
848 898
849 849
849 899
850 850
850 851
850 852
850 900
851 851
851 853
851 901
852 852
852 853
852 854
852 902
853 853
853 855
853 903
854 854
854 855
854 856
854 904
855 855
855 857
855 905
856 856
856 857
856 858
856 906
857 857
857 859
857 907
858 858
858 859
858 860
858 908
859 859
859 861
859 909
860 860
860 861
860 862
860 910
861 861
861 863
861 911
862 862
862 863
862 864
862 912
863 863
863 865
863 913
864 864
864 865
864 866
864 914
865 865
865 867
865 915
866 866
866 867
866 868
866 916
867 867
867 869
867 917
868 868
868 869
868 870
868 918
869 869
869 871
869 919
870 870
870 871
870 872
870 920
871 871
871 873
871 921
872 872
872 873
872 874
872 922
873 873
873 875
873 923
874 874
874 875
874 876
874 924
875 875
875 877
875 925
876 876
876 877
876 878
876 926
877 877
877 879
877 927
878 878
878 879
878 880
878 928
879 879
879 881
879 929
880 880
880 881
880 882
880 930
881 881
881 883
881 931
882 882
882 883
882 884
882 932
883 883
883 885
883 933
884 884
884 885
884 886
884 934
885 885
885 887
885 935
886 886
886 887
886 888
886 936
887 887
887 889
887 937
888 888
888 889
888 890
888 938
889 889
889 891
889 939
890 890
890 891
890 892
890 940
891 891
891 893
891 941
892 892
892 893
892 894
892 942
893 893
893 895
893 943
894 894
894 895
894 896
894 944
895 895
895 897
895 945
896 896
896 897
896 898
896 946
897 897
897 899
897 947
898 898
898 899
898 948
899 899
899 949
900 900
900 901
900 902
900 950
901 901
901 903
901 951
902 902
902 903
902 904
902 952
903 903
903 905
903 953
904 904
904 905
904 906
904 954
905 905
905 907
905 955
906 906
906 907
906 908
906 956
907 907
907 909
907 957
908 908
908 909
908 910
908 958
909 909
909 911
909 959
910 910
910 911
910 912
910 960
911 911
911 913
911 961
912 912
912 913
912 914
912 962
913 913
913 915
913 963
914 914
914 915
914 916
914 964
915 915
915 917
915 965
916 916
916 917
916 918
916 966
917 917
917 919
917 967
918 918
918 919
918 920
918 968
919 919
919 921
919 969
920 920
920 921
920 922
920 970
921 921
921 923
921 971
922 922
922 923
922 924
922 972
923 923
923 925
923 973
924 924
924 925
924 926
924 974
925 925
925 927
925 975
926 926
926 927
926 928
926 976
927 927
927 929
927 977
928 928
928 929
928 930
928 978
929 929
929 931
929 979
930 930
930 931
930 932
930 980
931 931
931 933
931 981
932 932
932 933
932 934
932 982
933 933
933 935
933 983
934 934
934 935
934 936
934 984
935 935
935 937
935 985
936 936
936 937
936 938
936 986
937 937
937 939
937 987
938 938
938 939
938 940
938 988
939 939
939 941
939 989
940 940
940 941
940 942
940 990
941 941
941 943
941 991
942 942
942 943
942 944
942 992
943 943
943 945
943 993
944 944
944 945
944 946
944 994
945 945
945 947
945 995
946 946
946 947
946 948
946 996
947 947
947 949
947 997
948 948
948 949
948 998
949 949
949 999
950 950
950 951
950 952
950 1000
951 951
951 953
951 1001
952 952
952 953
952 954
952 1002
953 953
953 955
953 1003
954 954
954 955
954 956
954 1004
955 955
955 957
955 1005
956 956
956 957
956 958
956 1006
957 957
957 959
957 1007
958 958
958 959
958 960
958 1008
959 959
959 961
959 1009
960 960
960 961
960 962
960 1010
961 961
961 963
961 1011
962 962
962 963
962 964
962 1012
963 963
963 965
963 1013
964 964
964 965
964 966
964 1014
965 965
965 967
965 1015
966 966
966 967
966 968
966 1016
967 967
967 969
967 1017
968 968
968 969
968 970
968 1018
969 969
969 971
969 1019
970 970
970 971
970 972
970 1020
971 971
971 973
971 1021
972 972
972 973
972 974
972 1022
973 973
973 975
973 1023
974 974
974 975
974 976
974 1024
975 975
975 977
975 1025
976 976
976 977
976 978
976 1026
977 977
977 979
977 1027
978 978
978 979
978 980
978 1028
979 979
979 981
979 1029
980 980
980 981
980 982
980 1030
981 981
981 983
981 1031
982 982
982 983
982 984
982 1032
983 983
983 985
983 1033
984 984
984 985
984 986
984 1034
985 985
985 987
985 1035
986 986
986 987
986 988
986 1036
987 987
987 989
987 1037
988 988
988 989
988 990
988 1038
989 989
989 991
989 1039
990 990
990 991
990 992
990 1040
991 991
991 993
991 1041
992 992
992 993
992 994
992 1042
993 993
993 995
993 1043
994 994
994 995
994 996
994 1044
995 995
995 997
995 1045
996 996
996 997
996 998
996 1046
997 997
997 999
997 1047
998 998
998 999
998 1048
999 999
999 1049
1000 1000
1000 1001
1000 1002
1000 1050
1001 1001
1001 1003
1001 1051
1002 1002
1002 1003
1002 1004
1002 1052
1003 1003
1003 1005
1003 1053
1004 1004
1004 1005
1004 1006
1004 1054
1005 1005
1005 1007
1005 1055
1006 1006
1006 1007
1006 1008
1006 1056
1007 1007
1007 1009
1007 1057
1008 1008
1008 1009
1008 1010
1008 1058
1009 1009
1009 1011
1009 1059
1010 1010
1010 1011
1010 1012
1010 1060
1011 1011
1011 1013
1011 1061
1012 1012
1012 1013
1012 1014
1012 1062
1013 1013
1013 1015
1013 1063
1014 1014
1014 1015
1014 1016
1014 1064
1015 1015
1015 1017
1015 1065
1016 1016
1016 1017
1016 1018
1016 1066
1017 1017
1017 1019
1017 1067
1018 1018
1018 1019
1018 1020
1018 1068
1019 1019
1019 1021
1019 1069
1020 1020
1020 1021
1020 1022
1020 1070
1021 1021
1021 1023
1021 1071
1022 1022
1022 1023
1022 1024
1022 1072
1023 1023
1023 1025
1023 1073
1024 1024
1024 1025
1024 1026
1024 1074
1025 1025
1025 1027
1025 1075
1026 1026
1026 1027
1026 1028
1026 1076
1027 1027
1027 1029
1027 1077
1028 1028
1028 1029
1028 1030
1028 1078
1029 1029
1029 1031
1029 1079
1030 1030
1030 1031
1030 1032
1030 1080
1031 1031
1031 1033
1031 1081
1032 1032
1032 1033
1032 1034
1032 1082
1033 1033
1033 1035
1033 1083
1034 1034
1034 1035
1034 1036
1034 1084
1035 1035
1035 1037
1035 1085
1036 1036
1036 1037
1036 1038
1036 1086
1037 1037
1037 1039
1037 1087
1038 1038
1038 1039
1038 1040
1038 1088
1039 1039
1039 1041
1039 1089
1040 1040
1040 1041
1040 1042
1040 1090
1041 1041
1041 1043
1041 1091
1042 1042
1042 1043
1042 1044
1042 1092
1043 1043
1043 1045
1043 1093
1044 1044
1044 1045
1044 1046
1044 1094
1045 1045
1045 1047
1045 1095
1046 1046
1046 1047
1046 1048
1046 1096
1047 1047
1047 1049
1047 1097
1048 1048
1048 1049
1048 1098
1049 1049
1049 1099
1050 1050
1050 1051
1050 1052
1050 1100
1051 1051
1051 1053
1051 1101
1052 1052
1052 1053
1052 1054
1052 1102
1053 1053
1053 1055
1053 1103
1054 1054
1054 1055
1054 1056
1054 1104
1055 1055
1055 1057
1055 1105
1056 1056
1056 1057
1056 1058
1056 1106
1057 1057
1057 1059
1057 1107
1058 1058
1058 1059
1058 1060
1058 1108
1059 1059
1059 1061
1059 1109
1060 1060
1060 1061
1060 1062
1060 1110
1061 1061
1061 1063
1061 1111
1062 1062
1062 1063
1062 1064
1062 1112
1063 1063
1063 1065
1063 1113
1064 1064
1064 1065
1064 1066
1064 1114
1065 1065
1065 1067
1065 1115
1066 1066
1066 1067
1066 1068
1066 1116
1067 1067
1067 1069
1067 1117
1068 1068
1068 1069
1068 1070
1068 1118
1069 1069
1069 1071
1069 1119
1070 1070
1070 1071
1070 1072
1070 1120
1071 1071
1071 1073
1071 1121
1072 1072
1072 1073
1072 1074
1072 1122
1073 1073
1073 1075
1073 1123
1074 1074
1074 1075
1074 1076
1074 1124
1075 1075
1075 1077
1075 1125
1076 1076
1076 1077
1076 1078
1076 1126
1077 1077
1077 1079
1077 1127
1078 1078
1078 1079
1078 1080
1078 1128
1079 1079
1079 1081
1079 1129
1080 1080
1080 1081
1080 1082
1080 1130
1081 1081
1081 1083
1081 1131
1082 1082
1082 1083
1082 1084
1082 1132
1083 1083
1083 1085
1083 1133
1084 1084
1084 1085
1084 1086
1084 1134
1085 1085
1085 1087
1085 1135
1086 1086
1086 1087
1086 1088
1086 1136
1087 1087
1087 1089
1087 1137
1088 1088
1088 1089
1088 1090
1088 1138
1089 1089
1089 1091
1089 1139
1090 1090
1090 1091
1090 1092
1090 1140
1091 1091
1091 1093
1091 1141
1092 1092
1092 1093
1092 1094
1092 1142
1093 1093
1093 1095
1093 1143
1094 1094
1094 1095
1094 1096
1094 1144
1095 1095
1095 1097
1095 1145
1096 1096
1096 1097
1096 1098
1096 1146
1097 1097
1097 1099
1097 1147
1098 1098
1098 1099
1098 1148
1099 1099
1099 1149
1100 1100
1100 1101
1100 1102
1100 1150
1101 1101
1101 1103
1101 1151
1102 1102
1102 1103
1102 1104
1102 1152
1103 1103
1103 1105
1103 1153
1104 1104
1104 1105
1104 1106
1104 1154
1105 1105
1105 1107
1105 1155
1106 1106
1106 1107
1106 1108
1106 1156
1107 1107
1107 1109
1107 1157
1108 1108
1108 1109
1108 1110
1108 1158
1109 1109
1109 1111
1109 1159
1110 1110
1110 1111
1110 1112
1110 1160
1111 1111
1111 1113
1111 1161
1112 1112
1112 1113
1112 1114
1112 1162
1113 1113
1113 1115
1113 1163
1114 1114
1114 1115
1114 1116
1114 1164
1115 1115
1115 1117
1115 1165
1116 1116
1116 1117
1116 1118
1116 1166
1117 1117
1117 1119
1117 1167
1118 1118
1118 1119
1118 1120
1118 1168
1119 1119
1119 1121
1119 1169
1120 1120
1120 1121
1120 1122
1120 1170
1121 1121
1121 1123
1121 1171
1122 1122
1122 1123
1122 1124
1122 1172
1123 1123
1123 1125
1123 1173
1124 1124
1124 1125
1124 1126
1124 1174
1125 1125
1125 1127
1125 1175
1126 1126
1126 1127
1126 1128
1126 1176
1127 1127
1127 1129
1127 1177
1128 1128
1128 1129
1128 1130
1128 1178
1129 1129
1129 1131
1129 1179
1130 1130
1130 1131
1130 1132
1130 1180
1131 1131
1131 1133
1131 1181
1132 1132
1132 1133
1132 1134
1132 1182
1133 1133
1133 1135
1133 1183
1134 1134
1134 1135
1134 1136
1134 1184
1135 1135
1135 1137
1135 1185
1136 1136
1136 1137
1136 1138
1136 1186
1137 1137
1137 1139
1137 1187
1138 1138
1138 1139
1138 1140
1138 1188
1139 1139
1139 1141
1139 1189
1140 1140
1140 1141
1140 1142
1140 1190
1141 1141
1141 1143
1141 1191
1142 1142
1142 1143
1142 1144
1142 1192
1143 1143
1143 1145
1143 1193
1144 1144
1144 1145
1144 1146
1144 1194
1145 1145
1145 1147
1145 1195
1146 1146
1146 1147
1146 1148
1146 1196
1147 1147
1147 1149
1147 1197
1148 1148
1148 1149
1148 1198
1149 1149
1149 1199
1150 1150
1150 1151
1150 1152
1150 1200
1151 1151
1151 1153
1151 1201
1152 1152
1152 1153
1152 1154
1152 1202
1153 1153
1153 1155
1153 1203
1154 1154
1154 1155
1154 1156
1154 1204
1155 1155
1155 1157
1155 1205
1156 1156
1156 1157
1156 1158
1156 1206
1157 1157
1157 1159
1157 1207
1158 1158
1158 1159
1158 1160
1158 1208
1159 1159
1159 1161
1159 1209
1160 1160
1160 1161
1160 1162
1160 1210
1161 1161
1161 1163
1161 1211
1162 1162
1162 1163
1162 1164
1162 1212
1163 1163
1163 1165
1163 1213
1164 1164
1164 1165
1164 1166
1164 1214
1165 1165
1165 1167
1165 1215
1166 1166
1166 1167
1166 1168
1166 1216
1167 1167
1167 1169
1167 1217
1168 1168
1168 1169
1168 1170
1168 1218
1169 1169
1169 1171
1169 1219
1170 1170
1170 1171
1170 1172
1170 1220
1171 1171
1171 1173
1171 1221
1172 1172
1172 1173
1172 1174
1172 1222
1173 1173
1173 1175
1173 1223
1174 1174
1174 1175
1174 1176
1174 1224
1175 1175
1175 1177
1175 1225
1176 1176
1176 1177
1176 1178
1176 1226
1177 1177
1177 1179
1177 1227
1178 1178
1178 1179
1178 1180
1178 1228
1179 1179
1179 1181
1179 1229
1180 1180
1180 1181
1180 1182
1180 1230
1181 1181
1181 1183
1181 1231
1182 1182
1182 1183
1182 1184
1182 1232
1183 1183
1183 1185
1183 1233
1184 1184
1184 1185
1184 1186
1184 1234
1185 1185
1185 1187
1185 1235
1186 1186
1186 1187
1186 1188
1186 1236
1187 1187
1187 1189
1187 1237
1188 1188
1188 1189
1188 1190
1188 1238
1189 1189
1189 1191
1189 1239
1190 1190
1190 1191
1190 1192
1190 1240
1191 1191
1191 1193
1191 1241
1192 1192
1192 1193
1192 1194
1192 1242
1193 1193
1193 1195
1193 1243
1194 1194
1194 1195
1194 1196
1194 1244
1195 1195
1195 1197
1195 1245
1196 1196
1196 1197
1196 1198
1196 1246
1197 1197
1197 1199
1197 1247
1198 1198
1198 1199
1198 1248
1199 1199
1199 1249
1200 1200
1200 1201
1200 1202
1201 1201
1201 1203
1202 1202
1202 1203
1202 1204
1203 1203
1203 1205
1204 1204
1204 1205
1204 1206
1205 1205
1205 1207
1206 1206
1206 1207
1206 1208
1207 1207
1207 1209
1208 1208
1208 1209
1208 1210
1209 1209
1209 1211
1210 1210
1210 1211
1210 1212
1211 1211
1211 1213
1212 1212
1212 1213
1212 1214
1213 1213
1213 1215
1214 1214
1214 1215
1214 1216
1215 1215
1215 1217
1216 1216
1216 1217
1216 1218
1217 1217
1217 1219
1218 1218
1218 1219
1218 1220
1219 1219
1219 1221
1220 1220
1220 1221
1220 1222
1221 1221
1221 1223
1222 1222
1222 1223
1222 1224
1223 1223
1223 1225
1224 1224
1224 1225
1224 1226
1225 1225
1225 1227
1226 1226
1226 1227
1226 1228
1227 1227
1227 1229
1228 1228
1228 1229
1228 1230
1229 1229
1229 1231
1230 1230
1230 1231
1230 1232
1231 1231
1231 1233
1232 1232
1232 1233
1232 1234
1233 1233
1233 1235
1234 1234
1234 1235
1234 1236
1235 1235
1235 1237
1236 1236
1236 1237
1236 1238
1237 1237
1237 1239
1238 1238
1238 1239
1238 1240
1239 1239
1239 1241
1240 1240
1240 1241
1240 1242
1241 1241
1241 1243
1242 1242
1242 1243
1242 1244
1243 1243
1243 1245
1244 1244
1244 1245
1244 1246
1245 1245
1245 1247
1246 1246
1246 1247
1246 1248
1247 1247
1247 1249
1248 1248
1248 1249
1249 1249
