0 0
0 1
0 2
0 40
1 1
1 3
1 41
2 2
2 3
2 4
2 42
3 3
3 5
3 43
4 4
4 5
4 6
4 44
5 5
5 7
5 45
6 6
6 7
6 8
6 46
7 7
7 9
7 47
8 8
8 9
8 10
8 48
9 9
9 11
9 49
10 10
10 11
10 12
10 50
11 11
11 13
11 51
12 12
12 13
12 14
12 52
13 13
13 15
13 53
14 14
14 15
14 16
14 54
15 15
15 17
15 55
16 16
16 17
16 18
16 56
17 17
17 19
17 57
18 18
18 19
18 20
18 58
19 19
19 21
19 59
20 20
20 21
20 22
20 60
21 21
21 23
21 61
22 22
22 23
22 24
22 62
23 23
23 25
23 63
24 24
24 25
24 26
24 64
25 25
25 27
25 65
26 26
26 27
26 28
26 66
27 27
27 29
27 67
28 28
28 29
28 30
28 68
29 29
29 31
29 69
30 30
30 31
30 32
30 70
31 31
31 33
31 71
32 32
32 33
32 34
32 72
33 33
33 35
33 73
34 34
34 35
34 36
34 74
35 35
35 37
35 75
36 36
36 37
36 38
36 76
37 37
37 39
37 77
38 38
38 39
38 78
39 39
39 79
40 40
40 41
40 42
40 80
41 41
41 43
41 81
42 42
42 43
42 44
42 82
43 43
43 45
43 83
44 44
44 45
44 46
44 84
45 45
45 47
45 85
46 46
46 47
46 48
46 86
47 47
47 49
47 87
48 48
48 49
48 50
48 88
49 49
49 51
49 89
50 50
50 51
50 52
50 90
51 51
51 53
51 91
52 52
52 53
52 54
52 92
53 53
53 55
53 93
54 54
54 55
54 56
54 94
55 55
55 57
55 95
56 56
56 57
56 58
56 96
57 57
57 59
57 97
58 58
58 59
58 60
58 98
59 59
59 61
59 99
60 60
60 61
60 62
60 100
61 61
61 63
61 101
62 62
62 63
62 64
62 102
63 63
63 65
63 103
64 64
64 65
64 66
64 104
65 65
65 67
65 105
66 66
66 67
66 68
66 106
67 67
67 69
67 107
68 68
68 69
68 70
68 108
69 69
69 71
69 109
70 70
70 71
70 72
70 110
71 71
71 73
71 111
72 72
72 73
72 74
72 112
73 73
73 75
73 113
74 74
74 75
74 76
74 114
75 75
75 77
75 115
76 76
76 77
76 78
76 116
77 77
77 79
77 117
78 78
78 79
78 118
79 79
79 119
80 80
80 81
80 82
80 120
81 81
81 83
81 121
82 82
82 83
82 84
82 122
83 83
83 85
83 123
84 84
84 85
84 86
84 124
85 85
85 87
85 125
86 86
86 87
86 88
86 126
87 87
87 89
87 127
88 88
88 89
88 90
88 128
89 89
89 91
89 129
90 90
90 91
90 92
90 130
91 91
91 93
91 131
92 92
92 93
92 94
92 132
93 93
93 95
93 133
94 94
94 95
94 96
94 134
95 95
95 97
95 135
96 96
96 97
96 98
96 136
97 97
97 99
97 137
98 98
98 99
98 100
98 138
99 99
99 101
99 139
100 100
100 101
100 102
100 140
101 101
101 103
101 141
102 102
102 103
102 104
102 142
103 103
103 105
103 143
104 104
104 105
104 106
104 144
105 105
105 107
105 145
106 106
106 107
106 108
106 146
107 107
107 109
107 147
108 108
108 109
108 110
108 148
109 109
109 111
109 149
110 110
110 111
110 112
110 150
111 111
111 113
111 151
112 112
112 113
112 114
112 152
113 113
113 115
113 153
114 114
114 115
114 116
114 154
115 115
115 117
115 155
116 116
116 117
116 118
116 156
117 117
117 119
117 157
118 118
118 119
118 158
119 119
119 159
120 120
120 121
120 122
120 160
121 121
121 123
121 161
122 122
122 123
122 124
122 162
123 123
123 125
123 163
124 124
124 125
124 126
124 164
125 125
125 127
125 165
126 126
126 127
126 128
126 166
127 127
127 129
127 167
128 128
128 129
128 130
128 168
129 129
129 131
129 169
130 130
130 131
130 132
130 170
131 131
131 133
131 171
132 132
132 133
132 134
132 172
133 133
133 135
133 173
134 134
134 135
134 136
134 174
135 135
135 137
135 175
136 136
136 137
136 138
136 176
137 137
137 139
137 177
138 138
138 139
138 140
138 178
139 139
139 141
139 179
140 140
140 141
140 142
140 180
141 141
141 143
141 181
142 142
142 143
142 144
142 182
143 143
143 145
143 183
144 144
144 145
144 146
144 184
145 145
145 147
145 185
146 146
146 147
146 148
146 186
147 147
147 149
147 187
148 148
148 149
148 150
148 188
149 149
149 151
149 189
150 150
150 151
150 152
150 190
151 151
151 153
151 191
152 152
152 153
152 154
152 192
153 153
153 155
153 193
154 154
154 155
154 156
154 194
155 155
155 157
155 195
156 156
156 157
156 158
156 196
157 157
157 159
157 197
158 158
158 159
158 198
159 159
159 199
160 160
160 161
160 162
160 200
161 161
161 163
161 201
162 162
162 163
162 164
162 202
163 163
163 165
163 203
164 164
164 165
164 166
164 204
165 165
165 167
165 205
166 166
166 167
166 168
166 206
167 167
167 169
167 207
168 168
168 169
168 170
168 208
169 169
169 171
169 209
170 170
170 171
170 172
170 210
171 171
171 173
171 211
172 172
172 173
172 174
172 212
173 173
173 175
173 213
174 174
174 175
174 176
174 214
175 175
175 177
175 215
176 176
176 177
176 178
176 216
177 177
177 179
177 217
178 178
178 179
178 180
178 218
179 179
179 181
179 219
180 180
180 181
180 182
180 220
181 181
181 183
181 221
182 182
182 183
182 184
182 222
183 183
183 185
183 223
184 184
184 185
184 186
184 224
185 185
185 187
185 225
186 186
186 187
186 188
186 226
187 187
187 189
187 227
188 188
188 189
188 190
188 228
189 189
189 191
189 229
190 190
190 191
190 192
190 230
191 191
191 193
191 231
192 192
192 193
192 194
192 232
193 193
193 195
193 233
194 194
194 195
194 196
194 234
195 195
195 197
195 235
196 196
196 197
196 198
196 236
197 197
197 199
197 237
198 198
198 199
198 238
199 199
199 239
200 200
200 201
200 202
200 240
201 201
201 203
201 241
202 202
202 203
202 204
202 242
203 203
203 205
203 243
204 204
204 205
204 206
204 244
205 205
205 207
205 245
206 206
206 207
206 208
206 246
207 207
207 209
207 247
208 208
208 209
208 210
208 248
209 209
209 211
209 249
210 210
210 211
210 212
210 250
211 211
211 213
211 251
212 212
212 213
212 214
212 252
213 213
213 215
213 253
214 214
214 215
214 216
214 254
215 215
215 217
215 255
216 216
216 217
216 218
216 256
217 217
217 219
217 257
218 218
218 219
218 220
218 258
219 219
219 221
219 259
220 220
220 221
220 222
220 260
221 221
221 223
221 261
222 222
222 223
222 224
222 262
223 223
223 225
223 263
224 224
224 225
224 226
224 264
225 225
225 227
225 265
226 226
226 227
226 228
226 266
227 227
227 229
227 267
228 228
228 229
228 230
228 268
229 229
229 231
229 269
230 230
230 231
230 232
230 270
231 231
231 233
231 271
232 232
232 233
232 234
232 272
233 233
233 235
233 273
234 234
234 235
234 236
234 274
235 235
235 237
235 275
236 236
236 237
236 238
236 276
237 237
237 239
237 277
238 238
238 239
238 278
239 239
239 279
240 240
240 241
240 242
240 280
241 241
241 243
241 281
242 242
242 243
242 244
242 282
243 243
243 245
243 283
244 244
244 245
244 246
244 284
245 245
245 247
245 285
246 246
246 247
246 248
246 286
247 247
247 249
247 287
248 248
248 249
248 250
248 288
249 249
249 251
249 289
250 250
250 251
250 252
250 290
251 251
251 253
251 291
252 252
252 253
252 254
252 292
253 253
253 255
253 293
254 254
254 255
254 256
254 294
255 255
255 257
255 295
256 256
256 257
256 258
256 296
257 257
257 259
257 297
258 258
258 259
258 260
258 298
259 259
259 261
259 299
260 260
260 261
260 262
260 300
261 261
261 263
261 301
262 262
262 263
262 264
262 302
263 263
263 265
263 303
264 264
264 265
264 266
264 304
265 265
265 267
265 305
266 266
266 267
266 268
266 306
267 267
267 269
267 307
268 268
268 269
268 270
268 308
269 269
269 271
269 309
270 270
270 271
270 272
270 310
271 271
271 273
271 311
272 272
272 273
272 274
272 312
273 273
273 275
273 313
274 274
274 275
274 276
274 314
275 275
275 277
275 315
276 276
276 277
276 278
276 316
277 277
277 279
277 317
278 278
278 279
278 318
279 279
279 319
280 280
280 281
280 282
280 320
281 281
281 283
281 321
282 282
282 283
282 284
282 322
283 283
283 285
283 323
284 284
284 285
284 286
284 324
285 285
285 287
285 325
286 286
286 287
286 288
286 326
287 287
287 289
287 327
288 288
288 289
288 290
288 328
289 289
289 291
289 329
290 290
290 291
290 292
290 330
291 291
291 293
291 331
292 292
292 293
292 294
292 332
293 293
293 295
293 333
294 294
294 295
294 296
294 334
295 295
295 297
295 335
296 296
296 297
296 298
296 336
297 297
297 299
297 337
298 298
298 299
298 300
298 338
299 299
299 301
299 339
300 300
300 301
300 302
300 340
301 301
301 303
301 341
302 302
302 303
302 304
302 342
303 303
303 305
303 343
304 304
304 305
304 306
304 344
305 305
305 307
305 345
306 306
306 307
306 308
306 346
307 307
307 309
307 347
308 308
308 309
308 310
308 348
309 309
309 311
309 349
310 310
310 311
310 312
310 350
311 311
311 313
311 351
312 312
312 313
312 314
312 352
313 313
313 315
313 353
314 314
314 315
314 316
314 354
315 315
315 317
315 355
316 316
316 317
316 318
316 356
317 317
317 319
317 357
318 318
318 319
318 358
319 319
319 359
320 320
320 321
320 322
320 360
321 321
321 323
321 361
322 322
322 323
322 324
322 362
323 323
323 325
323 363
324 324
324 325
324 326
324 364
325 325
325 327
325 365
326 326
326 327
326 328
326 366
327 327
327 329
327 367
328 328
328 329
328 330
328 368
329 329
329 331
329 369
330 330
330 331
330 332
330 370
331 331
331 333
331 371
332 332
332 333
332 334
332 372
333 333
333 335
333 373
334 334
334 335
334 336
334 374
335 335
335 337
335 375
336 336
336 337
336 338
336 376
337 337
337 339
337 377
338 338
338 339
338 340
338 378
339 339
339 341
339 379
340 340
340 341
340 342
340 380
341 341
341 343
341 381
342 342
342 343
342 344
342 382
343 343
343 345
343 383
344 344
344 345
344 346
344 384
345 345
345 347
345 385
346 346
346 347
346 348
346 386
347 347
347 349
347 387
348 348
348 349
348 350
348 388
349 349
349 351
349 389
350 350
350 351
350 352
350 390
351 351
351 353
351 391
352 352
352 353
352 354
352 392
353 353
353 355
353 393
354 354
354 355
354 356
354 394
355 355
355 357
355 395
356 356
356 357
356 358
356 396
357 357
357 359
357 397
358 358
358 359
358 398
359 359
359 399
360 360
360 361
360 362
360 400
361 361
361 363
361 401
362 362
362 363
362 364
362 402
363 363
363 365
363 403
364 364
364 365
364 366
364 404
365 365
365 367
365 405
366 366
366 367
366 368
366 406
367 367
367 369
367 407
368 368
368 369
368 370
368 408
369 369
369 371
369 409
370 370
370 371
370 372
370 410
371 371
371 373
371 411
372 372
372 373
372 374
372 412
373 373
373 375
373 413
374 374
374 375
374 376
374 414
375 375
375 377
375 415
376 376
376 377
376 378
376 416
377 377
377 379
377 417
378 378
378 379
378 380
378 418
379 379
379 381
379 419
380 380
380 381
380 382
380 420
381 381
381 383
381 421
382 382
382 383
382 384
382 422
383 383
383 385
383 423
384 384
384 385
384 386
384 424
385 385
385 387
385 425
386 386
386 387
386 388
386 426
387 387
387 389
387 427
388 388
388 389
388 390
388 428
389 389
389 391
389 429
390 390
390 391
390 392
390 430
391 391
391 393
391 431
392 392
392 393
392 394
392 432
393 393
393 395
393 433
394 394
394 395
394 396
394 434
395 395
395 397
395 435
396 396
396 397
396 398
396 436
397 397
397 399
397 437
398 398
398 399
398 438
399 399
399 439
400 400
400 401
400 402
400 440
401 401
401 403
401 441
402 402
402 403
402 404
402 442
403 403
403 405
403 443
404 404
404 405
404 406
404 444
405 405
405 407
405 445
406 406
406 407
406 408
406 446
407 407
407 409
407 447
408 408
408 409
408 410
408 448
409 409
409 411
409 449
410 410
410 411
410 412
410 450
411 411
411 413
411 451
412 412
412 413
412 414
412 452
413 413
413 415
413 453
414 414
414 415
414 416
414 454
415 415
415 417
415 455
416 416
416 417
416 418
416 456
417 417
417 419
417 457
418 418
418 419
418 420
418 458
419 419
419 421
419 459
420 420
420 421
420 422
420 460
421 421
421 423
421 461
422 422
422 423
422 424
422 462
423 423
423 425
423 463
424 424
424 425
424 426
424 464
425 425
425 427
425 465
426 426
426 427
426 428
426 466
427 427
427 429
427 467
428 428
428 429
428 430
428 468
429 429
429 431
429 469
430 430
430 431
430 432
430 470
431 431
431 433
431 471
432 432
432 433
432 434
432 472
433 433
433 435
433 473
434 434
434 435
434 436
434 474
435 435
435 437
435 475
436 436
436 437
436 438
436 476
437 437
437 439
437 477
438 438
438 439
438 478
439 439
439 479
440 440
440 441
440 442
440 480
441 441
441 443
441 481
442 442
442 443
442 444
442 482
443 443
443 445
443 483
444 444
444 445
444 446
444 484
445 445
445 447
445 485
446 446
446 447
446 448
446 486
447 447
447 449
447 487
448 448
448 449
448 450
448 488
449 449
449 451
449 489
450 450
450 451
450 452
450 490
451 451
451 453
451 491
452 452
452 453
452 454
452 492
453 453
453 455
453 493
454 454
454 455
454 456
454 494
455 455
455 457
455 495
456 456
456 457
456 458
456 496
457 457
457 459
457 497
458 458
458 459
458 460
458 498
459 459
459 461
459 499
460 460
460 461
460 462
460 500
461 461
461 463
461 501
462 462
462 463
462 464
462 502
463 463
463 465
463 503
464 464
464 465
464 466
464 504
465 465
465 467
465 505
466 466
466 467
466 468
466 506
467 467
467 469
467 507
468 468
468 469
468 470
468 508
469 469
469 471
469 509
470 470
470 471
470 472
470 510
471 471
471 473
471 511
472 472
472 473
472 474
472 512
473 473
473 475
473 513
474 474
474 475
474 476
474 514
475 475
475 477
475 515
476 476
476 477
476 478
476 516
477 477
477 479
477 517
478 478
478 479
478 518
479 479
479 519
480 480
480 481
480 482
480 520
481 481
481 483
481 521
482 482
482 483
482 484
482 522
483 483
483 485
483 523
484 484
484 485
484 486
484 524
485 485
485 487
485 525
486 486
486 487
486 488
486 526
487 487
487 489
487 527
488 488
488 489
488 490
488 528
489 489
489 491
489 529
490 490
490 491
490 492
490 530
491 491
491 493
491 531
492 492
492 493
492 494
492 532
493 493
493 495
493 533
494 494
494 495
494 496
494 534
495 495
495 497
495 535
496 496
496 497
496 498
496 536
497 497
497 499
497 537
498 498
498 499
498 500
498 538
499 499
499 501
499 539
500 500
500 501
500 502
500 540
501 501
501 503
501 541
502 502
502 503
502 504
502 542
503 503
503 505
503 543
504 504
504 505
504 506
504 544
505 505
505 507
505 545
506 506
506 507
506 508
506 546
507 507
507 509
507 547
508 508
508 509
508 510
508 548
509 509
509 511
509 549
510 510
510 511
510 512
510 550
511 511
511 513
511 551
512 512
512 513
512 514
512 552
513 513
513 515
513 553
514 514
514 515
514 516
514 554
515 515
515 517
515 555
516 516
516 517
516 518
516 556
517 517
517 519
517 557
518 518
518 519
518 558
519 519
519 559
520 520
520 521
520 522
520 560
521 521
521 523
521 561
522 522
522 523
522 524
522 562
523 523
523 525
523 563
524 524
524 525
524 526
524 564
525 525
525 527
525 565
526 526
526 527
526 528
526 566
527 527
527 529
527 567
528 528
528 529
528 530
528 568
529 529
529 531
529 569
530 530
530 531
530 532
530 570
531 531
531 533
531 571
532 532
532 533
532 534
532 572
533 533
533 535
533 573
534 534
534 535
534 536
534 574
535 535
535 537
535 575
536 536
536 537
536 538
536 576
537 537
537 539
537 577
538 538
538 539
538 540
538 578
539 539
539 541
539 579
540 540
540 541
540 542
540 580
541 541
541 543
541 581
542 542
542 543
542 544
542 582
543 543
543 545
543 583
544 544
544 545
544 546
544 584
545 545
545 547
545 585
546 546
546 547
546 548
546 586
547 547
547 549
547 587
548 548
548 549
548 550
548 588
549 549
549 551
549 589
550 550
550 551
550 552
550 590
551 551
551 553
551 591
552 552
552 553
552 554
552 592
553 553
553 555
553 593
554 554
554 555
554 556
554 594
555 555
555 557
555 595
556 556
556 557
556 558
556 596
557 557
557 559
557 597
558 558
558 559
558 598
559 559
559 599
560 560
560 561
560 562
560 600
561 561
561 563
561 601
562 562
562 563
562 564
562 602
563 563
563 565
563 603
564 564
564 565
564 566
564 604
565 565
565 567
565 605
566 566
566 567
566 568
566 606
567 567
567 569
567 607
568 568
568 569
568 570
568 608
569 569
569 571
569 609
570 570
570 571
570 572
570 610
571 571
571 573
571 611
572 572
572 573
572 574
572 612
573 573
573 575
573 613
574 574
574 575
574 576
574 614
575 575
575 577
575 615
576 576
576 577
576 578
576 616
577 577
577 579
577 617
578 578
578 579
578 580
578 618
579 579
579 581
579 619
580 580
580 581
580 582
580 620
581 581
581 583
581 621
582 582
582 583
582 584
582 622
583 583
583 585
583 623
584 584
584 585
584 586
584 624
585 585
585 587
585 625
586 586
586 587
586 588
586 626
587 587
587 589
587 627
588 588
588 589
588 590
588 628
589 589
589 591
589 629
590 590
590 591
590 592
590 630
591 591
591 593
591 631
592 592
592 593
592 594
592 632
593 593
593 595
593 633
594 594
594 595
594 596
594 634
595 595
595 597
595 635
596 596
596 597
596 598
596 636
597 597
597 599
597 637
598 598
598 599
598 638
599 599
599 639
600 600
600 601
600 602
600 640
601 601
601 603
601 641
602 602
602 603
602 604
602 642
603 603
603 605
603 643
604 604
604 605
604 606
604 644
605 605
605 607
605 645
606 606
606 607
606 608
606 646
607 607
607 609
607 647
608 608
608 609
608 610
608 648
609 609
609 611
609 649
610 610
610 611
610 612
610 650
611 611
611 613
611 651
612 612
612 613
612 614
612 652
613 613
613 615
613 653
614 614
614 615
614 616
614 654
615 615
615 617
615 655
616 616
616 617
616 618
616 656
617 617
617 619
617 657
618 618
618 619
618 620
618 658
619 619
619 621
619 659
620 620
620 621
620 622
620 660
621 621
621 623
621 661
622 622
622 623
622 624
622 662
623 623
623 625
623 663
624 624
624 625
624 626
624 664
625 625
625 627
625 665
626 626
626 627
626 628
626 666
627 627
627 629
627 667
628 628
628 629
628 630
628 668
629 629
629 631
629 669
630 630
630 631
630 632
630 670
631 631
631 633
631 671
632 632
632 633
632 634
632 672
633 633
633 635
633 673
634 634
634 635
634 636
634 674
635 635
635 637
635 675
636 636
636 637
636 638
636 676
637 637
637 639
637 677
638 638
638 639
638 678
639 639
639 679
640 640
640 641
640 642
640 680
641 641
641 643
641 681
642 642
642 643
642 644
642 682
643 643
643 645
643 683
644 644
644 645
644 646
644 684
645 645
645 647
645 685
646 646
646 647
646 648
646 686
647 647
647 649
647 687
648 648
648 649
648 650
648 688
649 649
649 651
649 689
650 650
650 651
650 652
650 690
651 651
651 653
651 691
652 652
652 653
652 654
652 692
653 653
653 655
653 693
654 654
654 655
654 656
654 694
655 655
655 657
655 695
656 656
656 657
656 658
656 696
657 657
657 659
657 697
658 658
658 659
658 660
658 698
659 659
659 661
659 699
660 660
660 661
660 662
660 700
661 661
661 663
661 701
662 662
662 663
662 664
662 702
663 663
663 665
663 703
664 664
664 665
664 666
664 704
665 665
665 667
665 705
666 666
666 667
666 668
666 706
667 667
667 669
667 707
668 668
668 669
668 670
668 708
669 669
669 671
669 709
670 670
670 671
670 672
670 710
671 671
671 673
671 711
672 672
672 673
672 674
672 712
673 673
673 675
673 713
674 674
674 675
674 676
674 714
675 675
675 677
675 715
676 676
676 677
676 678
676 716
677 677
677 679
677 717
678 678
678 679
678 718
679 679
679 719
680 680
680 681
680 682
680 720
681 681
681 683
681 721
682 682
682 683
682 684
682 722
683 683
683 685
683 723
684 684
684 685
684 686
684 724
685 685
685 687
685 725
686 686
686 687
686 688
686 726
687 687
687 689
687 727
688 688
688 689
688 690
688 728
689 689
689 691
689 729
690 690
690 691
690 692
690 730
691 691
691 693
691 731
692 692
692 693
692 694
692 732
693 693
693 695
693 733
694 694
694 695
694 696
694 734
695 695
695 697
695 735
696 696
696 697
696 698
696 736
697 697
697 699
697 737
698 698
698 699
698 700
698 738
699 699
699 701
699 739
700 700
700 701
700 702
700 740
701 701
701 703
701 741
702 702
702 703
702 704
702 742
703 703
703 705
703 743
704 704
704 705
704 706
704 744
705 705
705 707
705 745
706 706
706 707
706 708
706 746
707 707
707 709
707 747
708 708
708 709
708 710
708 748
709 709
709 711
709 749
710 710
710 711
710 712
710 750
711 711
711 713
711 751
712 712
712 713
712 714
712 752
713 713
713 715
713 753
714 714
714 715
714 716
714 754
715 715
715 717
715 755
716 716
716 717
716 718
716 756
717 717
717 719
717 757
718 718
718 719
718 758
719 719
719 759
720 720
720 721
720 722
720 760
721 721
721 723
721 761
722 722
722 723
722 724
722 762
723 723
723 725
723 763
724 724
724 725
724 726
724 764
725 725
725 727
725 765
726 726
726 727
726 728
726 766
727 727
727 729
727 767
728 728
728 729
728 730
728 768
729 729
729 731
729 769
730 730
730 731
730 732
730 770
731 731
731 733
731 771
732 732
732 733
732 734
732 772
733 733
733 735
733 773
734 734
734 735
734 736
734 774
735 735
735 737
735 775
736 736
736 737
736 738
736 776
737 737
737 739
737 777
738 738
738 739
738 740
738 778
739 739
739 741
739 779
740 740
740 741
740 742
740 780
741 741
741 743
741 781
742 742
742 743
742 744
742 782
743 743
743 745
743 783
744 744
744 745
744 746
744 784
745 745
745 747
745 785
746 746
746 747
746 748
746 786
747 747
747 749
747 787
748 748
748 749
748 750
748 788
749 749
749 751
749 789
750 750
750 751
750 752
750 790
751 751
751 753
751 791
752 752
752 753
752 754
752 792
753 753
753 755
753 793
754 754
754 755
754 756
754 794
755 755
755 757
755 795
756 756
756 757
756 758
756 796
757 757
757 759
757 797
758 758
758 759
758 798
759 759
759 799
760 760
760 761
760 762
761 761
761 763
762 762
762 763
762 764
763 763
763 765
764 764
764 765
764 766
765 765
765 767
766 766
766 767
766 768
767 767
767 769
768 768
768 769
768 770
769 769
769 771
770 770
770 771
770 772
771 771
771 773
772 772
772 773
772 774
773 773
773 775
774 774
774 775
774 776
775 775
775 777
776 776
776 777
776 778
777 777
777 779
778 778
778 779
778 780
779 779
779 781
780 780
780 781
780 782
781 781
781 783
782 782
782 783
782 784
783 783
783 785
784 784
784 785
784 786
785 785
785 787
786 786
786 787
786 788
787 787
787 789
788 788
788 789
788 790
789 789
789 791
790 790
790 791
790 792
791 791
791 793
792 792
792 793
792 794
793 793
793 795
794 794
794 795
794 796
795 795
795 797
796 796
796 797
796 798
797 797
797 799
798 798
798 799
799 799
