0 68
0 69
0 70
0 71
0 72
0 73
0 74
0 75
0 76
0 77
0 78
0 79
0 80
0 81
0 82
0 83
0 84
0 85
1 68
1 69
1 70
1 71
1 72
1 73
1 74
1 75
1 76
1 77
1 78
1 79
1 80
1 81
1 82
1 83
1 84
1 85
2 68
2 69
2 70
2 71
2 72
2 73
2 74
2 75
2 76
2 77
2 78
2 79
2 80
2 81
2 82
2 83
2 84
2 85
3 68
3 69
3 70
3 71
3 72
3 73
3 74
3 75
3 76
3 77
3 78
3 79
3 80
3 81
3 82
3 83
3 84
3 85
4 68
4 69
4 70
4 71
4 72
4 73
4 74
4 75
4 76
4 77
4 78
4 79
4 80
4 81
4 82
4 83
4 84
4 85
5 68
5 69
5 70
5 71
5 72
5 73
5 74
5 75
5 76
5 77
5 78
5 79
5 80
5 81
5 82
5 83
5 84
5 85
6 68
6 69
6 70
6 71
6 72
6 73
6 74
6 75
6 76
6 77
6 78
6 79
6 80
6 81
6 82
6 83
6 84
6 85
7 68
7 69
7 70
7 71
7 72
7 73
7 74
7 75
7 76
7 77
7 78
7 79
7 80
7 81
7 82
7 83
7 84
7 85
8 68
8 69
8 70
8 71
8 72
8 73
8 74
8 75
8 76
8 77
8 78
8 79
8 80
8 81
8 82
8 83
8 84
8 85
9 68
9 69
9 70
9 71
9 72
9 73
9 74
9 75
9 76
9 77
9 78
9 79
9 80
9 81
9 82
9 83
9 84
9 85
10 68
10 69
10 70
10 71
10 72
10 73
10 74
10 75
10 76
10 77
10 78
10 79
10 80
10 81
10 82
10 83
10 84
10 85
11 68
11 69
11 70
11 71
11 72
11 73
11 74
11 75
11 76
11 77
11 78
11 79
11 80
11 81
11 82
11 83
11 84
11 85
12 68
12 69
12 70
12 71
12 72
12 73
12 74
12 75
12 76
12 77
12 78
12 79
12 80
12 81
12 82
12 83
12 84
12 85
13 68
13 69
13 70
13 71
13 72
13 73
13 74
13 75
13 76
13 77
13 78
13 79
13 80
13 81
13 82
13 83
13 84
13 85
14 68
14 69
14 70
14 71
14 72
14 73
14 74
14 75
14 76
14 77
14 78
14 79
14 80
14 81
14 82
14 83
14 84
14 85
15 68
15 69
15 70
15 71
15 72
15 73
15 74
15 75
15 76
15 77
15 78
15 79
15 80
15 81
15 82
15 83
15 84
15 85
16 68
16 69
16 70
16 71
16 72
16 73
16 74
16 75
16 76
16 77
16 78
16 79
16 80
16 81
16 82
16 83
16 84
16 85
17 68
17 69
17 70
17 71
17 72
17 73
17 74
17 75
17 76
17 77
17 78
17 79
17 80
17 81
17 82
17 83
17 84
17 85
18 86
19 87
20 88
21 89
22 90
23 91
24 92
25 93
26 94
27 95
28 96
29 97
30 98
31 99
32 100
33 101
34 102
35 103
36 104
37 105
38 106
39 107
40 108
41 109
42 110
43 111
44 112
45 113
46 114
47 115
48 116
49 117
50 118
51 119
52 120
53 121
54 122
55 123
56 124
57 125
58 126
59 127
60 128
61 129
62 130
63 131
64 132
65 133
66 134
67 135
68 68
68 69
68 70
68 71
68 72
68 73
68 74
68 75
68 76
68 77
68 78
68 79
68 80
68 81
68 82
68 83
68 84
68 85
68 136
68 204
68 272
68 137
68 138
68 139
68 140
68 141
68 142
68 143
68 144
68 145
68 146
68 147
68 148
68 149
68 150
68 151
68 152
68 153
68 205
68 206
68 207
68 208
68 209
68 210
68 211
68 212
68 213
68 214
68 215
68 216
68 217
68 218
68 219
68 220
68 221
68 273
68 274
68 275
68 276
68 277
68 278
68 279
68 280
68 281
68 282
68 283
68 284
68 285
68 286
68 287
68 288
68 289
69 69
69 70
69 71
69 72
69 73
69 74
69 75
69 76
69 77
69 78
69 79
69 80
69 81
69 82
69 83
69 84
69 85
69 137
69 205
69 273
69 136
69 138
69 139
69 140
69 141
69 142
69 143
69 144
69 145
69 146
69 147
69 148
69 149
69 150
69 151
69 152
69 153
69 204
69 206
69 207
69 208
69 209
69 210
69 211
69 212
69 213
69 214
69 215
69 216
69 217
69 218
69 219
69 220
69 221
69 272
69 274
69 275
69 276
69 277
69 278
69 279
69 280
69 281
69 282
69 283
69 284
69 285
69 286
69 287
69 288
69 289
70 70
70 71
70 72
70 73
70 74
70 75
70 76
70 77
70 78
70 79
70 80
70 81
70 82
70 83
70 84
70 85
70 138
70 206
70 274
70 136
70 137
70 139
70 140
70 141
70 142
70 143
70 144
70 145
70 146
70 147
70 148
70 149
70 150
70 151
70 152
70 153
70 204
70 205
70 207
70 208
70 209
70 210
70 211
70 212
70 213
70 214
70 215
70 216
70 217
70 218
70 219
70 220
70 221
70 272
70 273
70 275
70 276
70 277
70 278
70 279
70 280
70 281
70 282
70 283
70 284
70 285
70 286
70 287
70 288
70 289
71 71
71 72
71 73
71 74
71 75
71 76
71 77
71 78
71 79
71 80
71 81
71 82
71 83
71 84
71 85
71 139
71 207
71 275
71 136
71 137
71 138
71 140
71 141
71 142
71 143
71 144
71 145
71 146
71 147
71 148
71 149
71 150
71 151
71 152
71 153
71 204
71 205
71 206
71 208
71 209
71 210
71 211
71 212
71 213
71 214
71 215
71 216
71 217
71 218
71 219
71 220
71 221
71 272
71 273
71 274
71 276
71 277
71 278
71 279
71 280
71 281
71 282
71 283
71 284
71 285
71 286
71 287
71 288
71 289
72 72
72 73
72 74
72 75
72 76
72 77
72 78
72 79
72 80
72 81
72 82
72 83
72 84
72 85
72 140
72 208
72 276
72 136
72 137
72 138
72 139
72 141
72 142
72 143
72 144
72 145
72 146
72 147
72 148
72 149
72 150
72 151
72 152
72 153
72 204
72 205
72 206
72 207
72 209
72 210
72 211
72 212
72 213
72 214
72 215
72 216
72 217
72 218
72 219
72 220
72 221
72 272
72 273
72 274
72 275
72 277
72 278
72 279
72 280
72 281
72 282
72 283
72 284
72 285
72 286
72 287
72 288
72 289
73 73
73 74
73 75
73 76
73 77
73 78
73 79
73 80
73 81
73 82
73 83
73 84
73 85
73 141
73 209
73 277
73 136
73 137
73 138
73 139
73 140
73 142
73 143
73 144
73 145
73 146
73 147
73 148
73 149
73 150
73 151
73 152
73 153
73 204
73 205
73 206
73 207
73 208
73 210
73 211
73 212
73 213
73 214
73 215
73 216
73 217
73 218
73 219
73 220
73 221
73 272
73 273
73 274
73 275
73 276
73 278
73 279
73 280
73 281
73 282
73 283
73 284
73 285
73 286
73 287
73 288
73 289
74 74
74 75
74 76
74 77
74 78
74 79
74 80
74 81
74 82
74 83
74 84
74 85
74 142
74 210
74 278
74 136
74 137
74 138
74 139
74 140
74 141
74 143
74 144
74 145
74 146
74 147
74 148
74 149
74 150
74 151
74 152
74 153
74 204
74 205
74 206
74 207
74 208
74 209
74 211
74 212
74 213
74 214
74 215
74 216
74 217
74 218
74 219
74 220
74 221
74 272
74 273
74 274
74 275
74 276
74 277
74 279
74 280
74 281
74 282
74 283
74 284
74 285
74 286
74 287
74 288
74 289
75 75
75 76
75 77
75 78
75 79
75 80
75 81
75 82
75 83
75 84
75 85
75 143
75 211
75 279
75 136
75 137
75 138
75 139
75 140
75 141
75 142
75 144
75 145
75 146
75 147
75 148
75 149
75 150
75 151
75 152
75 153
75 204
75 205
75 206
75 207
75 208
75 209
75 210
75 212
75 213
75 214
75 215
75 216
75 217
75 218
75 219
75 220
75 221
75 272
75 273
75 274
75 275
75 276
75 277
75 278
75 280
75 281
75 282
75 283
75 284
75 285
75 286
75 287
75 288
75 289
76 76
76 77
76 78
76 79
76 80
76 81
76 82
76 83
76 84
76 85
76 144
76 212
76 280
76 136
76 137
76 138
76 139
76 140
76 141
76 142
76 143
76 145
76 146
76 147
76 148
76 149
76 150
76 151
76 152
76 153
76 204
76 205
76 206
76 207
76 208
76 209
76 210
76 211
76 213
76 214
76 215
76 216
76 217
76 218
76 219
76 220
76 221
76 272
76 273
76 274
76 275
76 276
76 277
76 278
76 279
76 281
76 282
76 283
76 284
76 285
76 286
76 287
76 288
76 289
77 77
77 78
77 79
77 80
77 81
77 82
77 83
77 84
77 85
77 145
77 213
77 281
77 136
77 137
77 138
77 139
77 140
77 141
77 142
77 143
77 144
77 146
77 147
77 148
77 149
77 150
77 151
77 152
77 153
77 204
77 205
77 206
77 207
77 208
77 209
77 210
77 211
77 212
77 214
77 215
77 216
77 217
77 218
77 219
77 220
77 221
77 272
77 273
77 274
77 275
77 276
77 277
77 278
77 279
77 280
77 282
77 283
77 284
77 285
77 286
77 287
77 288
77 289
78 78
78 79
78 80
78 81
78 82
78 83
78 84
78 85
78 146
78 214
78 282
78 136
78 137
78 138
78 139
78 140
78 141
78 142
78 143
78 144
78 145
78 147
78 148
78 149
78 150
78 151
78 152
78 153
78 204
78 205
78 206
78 207
78 208
78 209
78 210
78 211
78 212
78 213
78 215
78 216
78 217
78 218
78 219
78 220
78 221
78 272
78 273
78 274
78 275
78 276
78 277
78 278
78 279
78 280
78 281
78 283
78 284
78 285
78 286
78 287
78 288
78 289
79 79
79 80
79 81
79 82
79 83
79 84
79 85
79 147
79 215
79 283
79 136
79 137
79 138
79 139
79 140
79 141
79 142
79 143
79 144
79 145
79 146
79 148
79 149
79 150
79 151
79 152
79 153
79 204
79 205
79 206
79 207
79 208
79 209
79 210
79 211
79 212
79 213
79 214
79 216
79 217
79 218
79 219
79 220
79 221
79 272
79 273
79 274
79 275
79 276
79 277
79 278
79 279
79 280
79 281
79 282
79 284
79 285
79 286
79 287
79 288
79 289
80 80
80 81
80 82
80 83
80 84
80 85
80 148
80 216
80 284
80 136
80 137
80 138
80 139
80 140
80 141
80 142
80 143
80 144
80 145
80 146
80 147
80 149
80 150
80 151
80 152
80 153
80 204
80 205
80 206
80 207
80 208
80 209
80 210
80 211
80 212
80 213
80 214
80 215
80 217
80 218
80 219
80 220
80 221
80 272
80 273
80 274
80 275
80 276
80 277
80 278
80 279
80 280
80 281
80 282
80 283
80 285
80 286
80 287
80 288
80 289
81 81
81 82
81 83
81 84
81 85
81 149
81 217
81 285
81 136
81 137
81 138
81 139
81 140
81 141
81 142
81 143
81 144
81 145
81 146
81 147
81 148
81 150
81 151
81 152
81 153
81 204
81 205
81 206
81 207
81 208
81 209
81 210
81 211
81 212
81 213
81 214
81 215
81 216
81 218
81 219
81 220
81 221
81 272
81 273
81 274
81 275
81 276
81 277
81 278
81 279
81 280
81 281
81 282
81 283
81 284
81 286
81 287
81 288
81 289
82 82
82 83
82 84
82 85
82 150
82 218
82 286
82 136
82 137
82 138
82 139
82 140
82 141
82 142
82 143
82 144
82 145
82 146
82 147
82 148
82 149
82 151
82 152
82 153
82 204
82 205
82 206
82 207
82 208
82 209
82 210
82 211
82 212
82 213
82 214
82 215
82 216
82 217
82 219
82 220
82 221
82 272
82 273
82 274
82 275
82 276
82 277
82 278
82 279
82 280
82 281
82 282
82 283
82 284
82 285
82 287
82 288
82 289
83 83
83 84
83 85
83 151
83 219
83 287
83 136
83 137
83 138
83 139
83 140
83 141
83 142
83 143
83 144
83 145
83 146
83 147
83 148
83 149
83 150
83 152
83 153
83 204
83 205
83 206
83 207
83 208
83 209
83 210
83 211
83 212
83 213
83 214
83 215
83 216
83 217
83 218
83 220
83 221
83 272
83 273
83 274
83 275
83 276
83 277
83 278
83 279
83 280
83 281
83 282
83 283
83 284
83 285
83 286
83 288
83 289
84 84
84 85
84 152
84 220
84 288
84 136
84 137
84 138
84 139
84 140
84 141
84 142
84 143
84 144
84 145
84 146
84 147
84 148
84 149
84 150
84 151
84 153
84 204
84 205
84 206
84 207
84 208
84 209
84 210
84 211
84 212
84 213
84 214
84 215
84 216
84 217
84 218
84 219
84 221
84 272
84 273
84 274
84 275
84 276
84 277
84 278
84 279
84 280
84 281
84 282
84 283
84 284
84 285
84 286
84 287
84 289
85 85
85 153
85 221
85 289
85 136
85 137
85 138
85 139
85 140
85 141
85 142
85 143
85 144
85 145
85 146
85 147
85 148
85 149
85 150
85 151
85 152
85 204
85 205
85 206
85 207
85 208
85 209
85 210
85 211
85 212
85 213
85 214
85 215
85 216
85 217
85 218
85 219
85 220
85 272
85 273
85 274
85 275
85 276
85 277
85 278
85 279
85 280
85 281
85 282
85 283
85 284
85 285
85 286
85 287
85 288
86 86
86 154
86 222
86 290
87 87
87 155
87 223
87 291
88 88
88 156
88 224
88 292
89 89
89 157
89 225
89 293
90 90
90 158
90 226
90 294
91 91
91 159
91 227
91 295
92 92
92 160
92 228
92 296
93 93
93 161
93 229
93 297
94 94
94 162
94 230
94 298
95 95
95 163
95 231
95 299
96 96
96 164
96 232
96 300
97 97
97 165
97 233
97 301
98 98
98 166
98 234
98 302
99 99
99 167
99 235
99 303
100 100
100 168
100 236
100 304
101 101
101 169
101 237
101 305
102 102
102 170
102 238
102 306
103 103
103 171
103 239
103 307
104 104
104 172
104 240
104 308
105 105
105 173
105 241
105 309
106 106
106 174
106 242
106 310
107 107
107 175
107 243
107 311
108 108
108 176
108 244
108 312
109 109
109 177
109 245
109 313
110 110
110 178
110 246
110 314
111 111
111 179
111 247
111 315
112 112
112 180
112 248
112 316
113 113
113 181
113 249
113 317
114 114
114 182
114 250
114 318
115 115
115 183
115 251
115 319
116 116
116 184
116 252
116 320
117 117
117 185
117 253
117 321
118 118
118 186
118 254
118 322
119 119
119 187
119 255
119 323
120 120
120 188
120 256
120 324
121 121
121 189
121 257
121 325
122 122
122 190
122 258
122 326
123 123
123 191
123 259
123 327
124 124
124 192
124 260
124 328
125 125
125 193
125 261
125 329
126 126
126 194
126 262
126 330
127 127
127 195
127 263
127 331
128 128
128 196
128 264
128 332
129 129
129 197
129 265
129 333
130 130
130 198
130 266
130 334
131 131
131 199
131 267
131 335
132 132
132 200
132 268
132 336
133 133
133 201
133 269
133 337
134 134
134 202
134 270
134 338
135 135
135 203
135 271
135 339
136 136
137 137
138 138
139 139
140 140
141 141
142 142
143 143
144 144
145 145
146 146
147 147
148 148
149 149
150 150
151 151
152 152
153 153
154 154
155 155
156 156
157 157
158 158
159 159
160 160
161 161
162 162
163 163
164 164
165 165
166 166
167 167
168 168
169 169
170 170
171 171
172 172
173 173
174 174
175 175
176 176
177 177
178 178
179 179
180 180
181 181
182 182
183 183
184 184
185 185
186 186
187 187
188 188
189 189
190 190
191 191
192 192
193 193
194 194
195 195
196 196
197 197
198 198
199 199
200 200
201 201
202 202
203 203
204 204
205 205
206 206
207 207
208 208
209 209
210 210
211 211
212 212
213 213
214 214
215 215
216 216
217 217
218 218
219 219
220 220
221 221
222 222
223 223
224 224
225 225
226 226
227 227
228 228
229 229
230 230
231 231
232 232
233 233
234 234
235 235
236 236
237 237
238 238
239 239
240 240
241 241
242 242
243 243
244 244
245 245
246 246
247 247
248 248
249 249
250 250
251 251
252 252
253 253
254 254
255 255
256 256
257 257
258 258
259 259
260 260
261 261
262 262
263 263
264 264
265 265
266 266
267 267
268 268
269 269
270 270
271 271
272 272
273 273
274 274
275 275
276 276
277 277
278 278
279 279
280 280
281 281
282 282
283 283
284 284
285 285
286 286
287 287
288 288
289 289
290 290
291 291
292 292
293 293
294 294
295 295
296 296
297 297
298 298
299 299
300 300
301 301
302 302
303 303
304 304
305 305
306 306
307 307
308 308
309 309
310 310
311 311
312 312
313 313
314 314
315 315
316 316
317 317
318 318
319 319
320 320
321 321
322 322
323 323
324 324
325 325
326 326
327 327
328 328
329 329
330 330
331 331
332 332
333 333
334 334
335 335
336 336
337 337
338 338
339 339
