0 218
0 219
0 220
0 221
0 222
0 223
0 224
0 225
0 226
0 227
0 228
0 229
0 230
0 231
0 232
0 233
0 234
0 235
1 218
1 219
1 220
1 221
1 222
1 223
1 224
1 225
1 226
1 227
1 228
1 229
1 230
1 231
1 232
1 233
1 234
1 235
2 218
2 219
2 220
2 221
2 222
2 223
2 224
2 225
2 226
2 227
2 228
2 229
2 230
2 231
2 232
2 233
2 234
2 235
3 218
3 219
3 220
3 221
3 222
3 223
3 224
3 225
3 226
3 227
3 228
3 229
3 230
3 231
3 232
3 233
3 234
3 235
4 218
4 219
4 220
4 221
4 222
4 223
4 224
4 225
4 226
4 227
4 228
4 229
4 230
4 231
4 232
4 233
4 234
4 235
5 218
5 219
5 220
5 221
5 222
5 223
5 224
5 225
5 226
5 227
5 228
5 229
5 230
5 231
5 232
5 233
5 234
5 235
6 218
6 219
6 220
6 221
6 222
6 223
6 224
6 225
6 226
6 227
6 228
6 229
6 230
6 231
6 232
6 233
6 234
6 235
7 218
7 219
7 220
7 221
7 222
7 223
7 224
7 225
7 226
7 227
7 228
7 229
7 230
7 231
7 232
7 233
7 234
7 235
8 218
8 219
8 220
8 221
8 222
8 223
8 224
8 225
8 226
8 227
8 228
8 229
8 230
8 231
8 232
8 233
8 234
8 235
9 218
9 219
9 220
9 221
9 222
9 223
9 224
9 225
9 226
9 227
9 228
9 229
9 230
9 231
9 232
9 233
9 234
9 235
10 218
10 219
10 220
10 221
10 222
10 223
10 224
10 225
10 226
10 227
10 228
10 229
10 230
10 231
10 232
10 233
10 234
10 235
11 218
11 219
11 220
11 221
11 222
11 223
11 224
11 225
11 226
11 227
11 228
11 229
11 230
11 231
11 232
11 233
11 234
11 235
12 218
12 219
12 220
12 221
12 222
12 223
12 224
12 225
12 226
12 227
12 228
12 229
12 230
12 231
12 232
12 233
12 234
12 235
13 218
13 219
13 220
13 221
13 222
13 223
13 224
13 225
13 226
13 227
13 228
13 229
13 230
13 231
13 232
13 233
13 234
13 235
14 218
14 219
14 220
14 221
14 222
14 223
14 224
14 225
14 226
14 227
14 228
14 229
14 230
14 231
14 232
14 233
14 234
14 235
15 218
15 219
15 220
15 221
15 222
15 223
15 224
15 225
15 226
15 227
15 228
15 229
15 230
15 231
15 232
15 233
15 234
15 235
16 218
16 219
16 220
16 221
16 222
16 223
16 224
16 225
16 226
16 227
16 228
16 229
16 230
16 231
16 232
16 233
16 234
16 235
17 218
17 219
17 220
17 221
17 222
17 223
17 224
17 225
17 226
17 227
17 228
17 229
17 230
17 231
17 232
17 233
17 234
17 235
18 236
19 237
20 238
21 239
22 240
23 241
24 242
25 243
26 244
27 245
28 246
29 247
30 248
31 249
32 250
33 251
34 252
35 253
36 254
37 255
38 256
39 257
40 258
41 259
42 260
43 261
44 262
45 263
46 264
47 265
48 266
49 267
50 268
51 269
52 270
53 271
54 272
55 273
56 274
57 275
58 276
59 277
60 278
61 279
62 280
63 281
64 282
65 283
66 284
67 285
68 286
69 287
70 288
71 289
72 290
73 291
74 292
75 293
76 294
77 295
78 296
79 297
80 298
81 299
82 300
83 301
84 302
85 303
86 304
87 305
88 306
89 307
90 308
91 309
92 310
93 311
94 312
95 313
96 314
97 315
98 316
99 317
100 318
101 319
102 320
103 321
104 322
105 323
106 324
107 325
108 326
109 327
110 328
111 329
112 330
113 331
114 332
115 333
116 334
117 335
118 336
119 337
120 338
121 339
122 340
123 341
124 342
125 343
126 344
127 345
128 346
129 347
130 348
131 349
132 350
133 351
134 352
135 353
136 354
137 355
138 356
139 357
140 358
141 359
142 360
143 361
144 362
145 363
146 364
147 365
148 366
149 367
150 368
151 369
152 370
153 371
154 372
155 373
156 374
157 375
158 376
159 377
160 378
161 379
162 380
163 381
164 382
165 383
166 384
167 385
168 386
169 387
170 388
171 389
172 390
173 391
174 392
175 393
176 394
177 395
178 396
179 397
180 398
181 399
182 400
183 401
184 402
185 403
186 404
187 405
188 406
189 407
190 408
191 409
192 410
193 411
194 412
195 413
196 414
197 415
198 416
199 417
200 418
201 419
202 420
203 421
204 422
205 423
206 424
207 425
208 426
209 427
210 428
211 429
212 430
213 431
214 432
215 433
216 434
217 435
218 218
218 219
218 220
218 221
218 222
218 223
218 224
218 225
218 226
218 227
218 228
218 229
218 230
218 231
218 232
218 233
218 234
218 235
218 436
218 654
218 872
218 437
218 438
218 439
218 440
218 441
218 442
218 443
218 444
218 445
218 446
218 447
218 448
218 449
218 450
218 451
218 452
218 453
218 655
218 656
218 657
218 658
218 659
218 660
218 661
218 662
218 663
218 664
218 665
218 666
218 667
218 668
218 669
218 670
218 671
218 873
218 874
218 875
218 876
218 877
218 878
218 879
218 880
218 881
218 882
218 883
218 884
218 885
218 886
218 887
218 888
218 889
219 219
219 220
219 221
219 222
219 223
219 224
219 225
219 226
219 227
219 228
219 229
219 230
219 231
219 232
219 233
219 234
219 235
219 437
219 655
219 873
219 436
219 438
219 439
219 440
219 441
219 442
219 443
219 444
219 445
219 446
219 447
219 448
219 449
219 450
219 451
219 452
219 453
219 654
219 656
219 657
219 658
219 659
219 660
219 661
219 662
219 663
219 664
219 665
219 666
219 667
219 668
219 669
219 670
219 671
219 872
219 874
219 875
219 876
219 877
219 878
219 879
219 880
219 881
219 882
219 883
219 884
219 885
219 886
219 887
219 888
219 889
220 220
220 221
220 222
220 223
220 224
220 225
220 226
220 227
220 228
220 229
220 230
220 231
220 232
220 233
220 234
220 235
220 438
220 656
220 874
220 436
220 437
220 439
220 440
220 441
220 442
220 443
220 444
220 445
220 446
220 447
220 448
220 449
220 450
220 451
220 452
220 453
220 654
220 655
220 657
220 658
220 659
220 660
220 661
220 662
220 663
220 664
220 665
220 666
220 667
220 668
220 669
220 670
220 671
220 872
220 873
220 875
220 876
220 877
220 878
220 879
220 880
220 881
220 882
220 883
220 884
220 885
220 886
220 887
220 888
220 889
221 221
221 222
221 223
221 224
221 225
221 226
221 227
221 228
221 229
221 230
221 231
221 232
221 233
221 234
221 235
221 439
221 657
221 875
221 436
221 437
221 438
221 440
221 441
221 442
221 443
221 444
221 445
221 446
221 447
221 448
221 449
221 450
221 451
221 452
221 453
221 654
221 655
221 656
221 658
221 659
221 660
221 661
221 662
221 663
221 664
221 665
221 666
221 667
221 668
221 669
221 670
221 671
221 872
221 873
221 874
221 876
221 877
221 878
221 879
221 880
221 881
221 882
221 883
221 884
221 885
221 886
221 887
221 888
221 889
222 222
222 223
222 224
222 225
222 226
222 227
222 228
222 229
222 230
222 231
222 232
222 233
222 234
222 235
222 440
222 658
222 876
222 436
222 437
222 438
222 439
222 441
222 442
222 443
222 444
222 445
222 446
222 447
222 448
222 449
222 450
222 451
222 452
222 453
222 654
222 655
222 656
222 657
222 659
222 660
222 661
222 662
222 663
222 664
222 665
222 666
222 667
222 668
222 669
222 670
222 671
222 872
222 873
222 874
222 875
222 877
222 878
222 879
222 880
222 881
222 882
222 883
222 884
222 885
222 886
222 887
222 888
222 889
223 223
223 224
223 225
223 226
223 227
223 228
223 229
223 230
223 231
223 232
223 233
223 234
223 235
223 441
223 659
223 877
223 436
223 437
223 438
223 439
223 440
223 442
223 443
223 444
223 445
223 446
223 447
223 448
223 449
223 450
223 451
223 452
223 453
223 654
223 655
223 656
223 657
223 658
223 660
223 661
223 662
223 663
223 664
223 665
223 666
223 667
223 668
223 669
223 670
223 671
223 872
223 873
223 874
223 875
223 876
223 878
223 879
223 880
223 881
223 882
223 883
223 884
223 885
223 886
223 887
223 888
223 889
224 224
224 225
224 226
224 227
224 228
224 229
224 230
224 231
224 232
224 233
224 234
224 235
224 442
224 660
224 878
224 436
224 437
224 438
224 439
224 440
224 441
224 443
224 444
224 445
224 446
224 447
224 448
224 449
224 450
224 451
224 452
224 453
224 654
224 655
224 656
224 657
224 658
224 659
224 661
224 662
224 663
224 664
224 665
224 666
224 667
224 668
224 669
224 670
224 671
224 872
224 873
224 874
224 875
224 876
224 877
224 879
224 880
224 881
224 882
224 883
224 884
224 885
224 886
224 887
224 888
224 889
225 225
225 226
225 227
225 228
225 229
225 230
225 231
225 232
225 233
225 234
225 235
225 443
225 661
225 879
225 436
225 437
225 438
225 439
225 440
225 441
225 442
225 444
225 445
225 446
225 447
225 448
225 449
225 450
225 451
225 452
225 453
225 654
225 655
225 656
225 657
225 658
225 659
225 660
225 662
225 663
225 664
225 665
225 666
225 667
225 668
225 669
225 670
225 671
225 872
225 873
225 874
225 875
225 876
225 877
225 878
225 880
225 881
225 882
225 883
225 884
225 885
225 886
225 887
225 888
225 889
226 226
226 227
226 228
226 229
226 230
226 231
226 232
226 233
226 234
226 235
226 444
226 662
226 880
226 436
226 437
226 438
226 439
226 440
226 441
226 442
226 443
226 445
226 446
226 447
226 448
226 449
226 450
226 451
226 452
226 453
226 654
226 655
226 656
226 657
226 658
226 659
226 660
226 661
226 663
226 664
226 665
226 666
226 667
226 668
226 669
226 670
226 671
226 872
226 873
226 874
226 875
226 876
226 877
226 878
226 879
226 881
226 882
226 883
226 884
226 885
226 886
226 887
226 888
226 889
227 227
227 228
227 229
227 230
227 231
227 232
227 233
227 234
227 235
227 445
227 663
227 881
227 436
227 437
227 438
227 439
227 440
227 441
227 442
227 443
227 444
227 446
227 447
227 448
227 449
227 450
227 451
227 452
227 453
227 654
227 655
227 656
227 657
227 658
227 659
227 660
227 661
227 662
227 664
227 665
227 666
227 667
227 668
227 669
227 670
227 671
227 872
227 873
227 874
227 875
227 876
227 877
227 878
227 879
227 880
227 882
227 883
227 884
227 885
227 886
227 887
227 888
227 889
228 228
228 229
228 230
228 231
228 232
228 233
228 234
228 235
228 446
228 664
228 882
228 436
228 437
228 438
228 439
228 440
228 441
228 442
228 443
228 444
228 445
228 447
228 448
228 449
228 450
228 451
228 452
228 453
228 654
228 655
228 656
228 657
228 658
228 659
228 660
228 661
228 662
228 663
228 665
228 666
228 667
228 668
228 669
228 670
228 671
228 872
228 873
228 874
228 875
228 876
228 877
228 878
228 879
228 880
228 881
228 883
228 884
228 885
228 886
228 887
228 888
228 889
229 229
229 230
229 231
229 232
229 233
229 234
229 235
229 447
229 665
229 883
229 436
229 437
229 438
229 439
229 440
229 441
229 442
229 443
229 444
229 445
229 446
229 448
229 449
229 450
229 451
229 452
229 453
229 654
229 655
229 656
229 657
229 658
229 659
229 660
229 661
229 662
229 663
229 664
229 666
229 667
229 668
229 669
229 670
229 671
229 872
229 873
229 874
229 875
229 876
229 877
229 878
229 879
229 880
229 881
229 882
229 884
229 885
229 886
229 887
229 888
229 889
230 230
230 231
230 232
230 233
230 234
230 235
230 448
230 666
230 884
230 436
230 437
230 438
230 439
230 440
230 441
230 442
230 443
230 444
230 445
230 446
230 447
230 449
230 450
230 451
230 452
230 453
230 654
230 655
230 656
230 657
230 658
230 659
230 660
230 661
230 662
230 663
230 664
230 665
230 667
230 668
230 669
230 670
230 671
230 872
230 873
230 874
230 875
230 876
230 877
230 878
230 879
230 880
230 881
230 882
230 883
230 885
230 886
230 887
230 888
230 889
231 231
231 232
231 233
231 234
231 235
231 449
231 667
231 885
231 436
231 437
231 438
231 439
231 440
231 441
231 442
231 443
231 444
231 445
231 446
231 447
231 448
231 450
231 451
231 452
231 453
231 654
231 655
231 656
231 657
231 658
231 659
231 660
231 661
231 662
231 663
231 664
231 665
231 666
231 668
231 669
231 670
231 671
231 872
231 873
231 874
231 875
231 876
231 877
231 878
231 879
231 880
231 881
231 882
231 883
231 884
231 886
231 887
231 888
231 889
232 232
232 233
232 234
232 235
232 450
232 668
232 886
232 436
232 437
232 438
232 439
232 440
232 441
232 442
232 443
232 444
232 445
232 446
232 447
232 448
232 449
232 451
232 452
232 453
232 654
232 655
232 656
232 657
232 658
232 659
232 660
232 661
232 662
232 663
232 664
232 665
232 666
232 667
232 669
232 670
232 671
232 872
232 873
232 874
232 875
232 876
232 877
232 878
232 879
232 880
232 881
232 882
232 883
232 884
232 885
232 887
232 888
232 889
233 233
233 234
233 235
233 451
233 669
233 887
233 436
233 437
233 438
233 439
233 440
233 441
233 442
233 443
233 444
233 445
233 446
233 447
233 448
233 449
233 450
233 452
233 453
233 654
233 655
233 656
233 657
233 658
233 659
233 660
233 661
233 662
233 663
233 664
233 665
233 666
233 667
233 668
233 670
233 671
233 872
233 873
233 874
233 875
233 876
233 877
233 878
233 879
233 880
233 881
233 882
233 883
233 884
233 885
233 886
233 888
233 889
234 234
234 235
234 452
234 670
234 888
234 436
234 437
234 438
234 439
234 440
234 441
234 442
234 443
234 444
234 445
234 446
234 447
234 448
234 449
234 450
234 451
234 453
234 654
234 655
234 656
234 657
234 658
234 659
234 660
234 661
234 662
234 663
234 664
234 665
234 666
234 667
234 668
234 669
234 671
234 872
234 873
234 874
234 875
234 876
234 877
234 878
234 879
234 880
234 881
234 882
234 883
234 884
234 885
234 886
234 887
234 889
235 235
235 453
235 671
235 889
235 436
235 437
235 438
235 439
235 440
235 441
235 442
235 443
235 444
235 445
235 446
235 447
235 448
235 449
235 450
235 451
235 452
235 654
235 655
235 656
235 657
235 658
235 659
235 660
235 661
235 662
235 663
235 664
235 665
235 666
235 667
235 668
235 669
235 670
235 872
235 873
235 874
235 875
235 876
235 877
235 878
235 879
235 880
235 881
235 882
235 883
235 884
235 885
235 886
235 887
235 888
236 236
236 454
236 672
236 890
237 237
237 455
237 673
237 891
238 238
238 456
238 674
238 892
239 239
239 457
239 675
239 893
240 240
240 458
240 676
240 894
241 241
241 459
241 677
241 895
242 242
242 460
242 678
242 896
243 243
243 461
243 679
243 897
244 244
244 462
244 680
244 898
245 245
245 463
245 681
245 899
246 246
246 464
246 682
246 900
247 247
247 465
247 683
247 901
248 248
248 466
248 684
248 902
249 249
249 467
249 685
249 903
250 250
250 468
250 686
250 904
251 251
251 469
251 687
251 905
252 252
252 470
252 688
252 906
253 253
253 471
253 689
253 907
254 254
254 472
254 690
254 908
255 255
255 473
255 691
255 909
256 256
256 474
256 692
256 910
257 257
257 475
257 693
257 911
258 258
258 476
258 694
258 912
259 259
259 477
259 695
259 913
260 260
260 478
260 696
260 914
261 261
261 479
261 697
261 915
262 262
262 480
262 698
262 916
263 263
263 481
263 699
263 917
264 264
264 482
264 700
264 918
265 265
265 483
265 701
265 919
266 266
266 484
266 702
266 920
267 267
267 485
267 703
267 921
268 268
268 486
268 704
268 922
269 269
269 487
269 705
269 923
270 270
270 488
270 706
270 924
271 271
271 489
271 707
271 925
272 272
272 490
272 708
272 926
273 273
273 491
273 709
273 927
274 274
274 492
274 710
274 928
275 275
275 493
275 711
275 929
276 276
276 494
276 712
276 930
277 277
277 495
277 713
277 931
278 278
278 496
278 714
278 932
279 279
279 497
279 715
279 933
280 280
280 498
280 716
280 934
281 281
281 499
281 717
281 935
282 282
282 500
282 718
282 936
283 283
283 501
283 719
283 937
284 284
284 502
284 720
284 938
285 285
285 503
285 721
285 939
286 286
286 504
286 722
286 940
287 287
287 505
287 723
287 941
288 288
288 506
288 724
288 942
289 289
289 507
289 725
289 943
290 290
290 508
290 726
290 944
291 291
291 509
291 727
291 945
292 292
292 510
292 728
292 946
293 293
293 511
293 729
293 947
294 294
294 512
294 730
294 948
295 295
295 513
295 731
295 949
296 296
296 514
296 732
296 950
297 297
297 515
297 733
297 951
298 298
298 516
298 734
298 952
299 299
299 517
299 735
299 953
300 300
300 518
300 736
300 954
301 301
301 519
301 737
301 955
302 302
302 520
302 738
302 956
303 303
303 521
303 739
303 957
304 304
304 522
304 740
304 958
305 305
305 523
305 741
305 959
306 306
306 524
306 742
306 960
307 307
307 525
307 743
307 961
308 308
308 526
308 744
308 962
309 309
309 527
309 745
309 963
310 310
310 528
310 746
310 964
311 311
311 529
311 747
311 965
312 312
312 530
312 748
312 966
313 313
313 531
313 749
313 967
314 314
314 532
314 750
314 968
315 315
315 533
315 751
315 969
316 316
316 534
316 752
316 970
317 317
317 535
317 753
317 971
318 318
318 536
318 754
318 972
319 319
319 537
319 755
319 973
320 320
320 538
320 756
320 974
321 321
321 539
321 757
321 975
322 322
322 540
322 758
322 976
323 323
323 541
323 759
323 977
324 324
324 542
324 760
324 978
325 325
325 543
325 761
325 979
326 326
326 544
326 762
326 980
327 327
327 545
327 763
327 981
328 328
328 546
328 764
328 982
329 329
329 547
329 765
329 983
330 330
330 548
330 766
330 984
331 331
331 549
331 767
331 985
332 332
332 550
332 768
332 986
333 333
333 551
333 769
333 987
334 334
334 552
334 770
334 988
335 335
335 553
335 771
335 989
336 336
336 554
336 772
336 990
337 337
337 555
337 773
337 991
338 338
338 556
338 774
338 992
339 339
339 557
339 775
339 993
340 340
340 558
340 776
340 994
341 341
341 559
341 777
341 995
342 342
342 560
342 778
342 996
343 343
343 561
343 779
343 997
344 344
344 562
344 780
344 998
345 345
345 563
345 781
345 999
346 346
346 564
346 782
346 1000
347 347
347 565
347 783
347 1001
348 348
348 566
348 784
348 1002
349 349
349 567
349 785
349 1003
350 350
350 568
350 786
350 1004
351 351
351 569
351 787
351 1005
352 352
352 570
352 788
352 1006
353 353
353 571
353 789
353 1007
354 354
354 572
354 790
354 1008
355 355
355 573
355 791
355 1009
356 356
356 574
356 792
356 1010
357 357
357 575
357 793
357 1011
358 358
358 576
358 794
358 1012
359 359
359 577
359 795
359 1013
360 360
360 578
360 796
360 1014
361 361
361 579
361 797
361 1015
362 362
362 580
362 798
362 1016
363 363
363 581
363 799
363 1017
364 364
364 582
364 800
364 1018
365 365
365 583
365 801
365 1019
366 366
366 584
366 802
366 1020
367 367
367 585
367 803
367 1021
368 368
368 586
368 804
368 1022
369 369
369 587
369 805
369 1023
370 370
370 588
370 806
370 1024
371 371
371 589
371 807
371 1025
372 372
372 590
372 808
372 1026
373 373
373 591
373 809
373 1027
374 374
374 592
374 810
374 1028
375 375
375 593
375 811
375 1029
376 376
376 594
376 812
376 1030
377 377
377 595
377 813
377 1031
378 378
378 596
378 814
378 1032
379 379
379 597
379 815
379 1033
380 380
380 598
380 816
380 1034
381 381
381 599
381 817
381 1035
382 382
382 600
382 818
382 1036
383 383
383 601
383 819
383 1037
384 384
384 602
384 820
384 1038
385 385
385 603
385 821
385 1039
386 386
386 604
386 822
386 1040
387 387
387 605
387 823
387 1041
388 388
388 606
388 824
388 1042
389 389
389 607
389 825
389 1043
390 390
390 608
390 826
390 1044
391 391
391 609
391 827
391 1045
392 392
392 610
392 828
392 1046
393 393
393 611
393 829
393 1047
394 394
394 612
394 830
394 1048
395 395
395 613
395 831
395 1049
396 396
396 614
396 832
396 1050
397 397
397 615
397 833
397 1051
398 398
398 616
398 834
398 1052
399 399
399 617
399 835
399 1053
400 400
400 618
400 836
400 1054
401 401
401 619
401 837
401 1055
402 402
402 620
402 838
402 1056
403 403
403 621
403 839
403 1057
404 404
404 622
404 840
404 1058
405 405
405 623
405 841
405 1059
406 406
406 624
406 842
406 1060
407 407
407 625
407 843
407 1061
408 408
408 626
408 844
408 1062
409 409
409 627
409 845
409 1063
410 410
410 628
410 846
410 1064
411 411
411 629
411 847
411 1065
412 412
412 630
412 848
412 1066
413 413
413 631
413 849
413 1067
414 414
414 632
414 850
414 1068
415 415
415 633
415 851
415 1069
416 416
416 634
416 852
416 1070
417 417
417 635
417 853
417 1071
418 418
418 636
418 854
418 1072
419 419
419 637
419 855
419 1073
420 420
420 638
420 856
420 1074
421 421
421 639
421 857
421 1075
422 422
422 640
422 858
422 1076
423 423
423 641
423 859
423 1077
424 424
424 642
424 860
424 1078
425 425
425 643
425 861
425 1079
426 426
426 644
426 862
426 1080
427 427
427 645
427 863
427 1081
428 428
428 646
428 864
428 1082
429 429
429 647
429 865
429 1083
430 430
430 648
430 866
430 1084
431 431
431 649
431 867
431 1085
432 432
432 650
432 868
432 1086
433 433
433 651
433 869
433 1087
434 434
434 652
434 870
434 1088
435 435
435 653
435 871
435 1089
436 436
437 437
438 438
439 439
440 440
441 441
442 442
443 443
444 444
445 445
446 446
447 447
448 448
449 449
450 450
451 451
452 452
453 453
454 454
455 455
456 456
457 457
458 458
459 459
460 460
461 461
462 462
463 463
464 464
465 465
466 466
467 467
468 468
469 469
470 470
471 471
472 472
473 473
474 474
475 475
476 476
477 477
478 478
479 479
480 480
481 481
482 482
483 483
484 484
485 485
486 486
487 487
488 488
489 489
490 490
491 491
492 492
493 493
494 494
495 495
496 496
497 497
498 498
499 499
500 500
501 501
502 502
503 503
504 504
505 505
506 506
507 507
508 508
509 509
510 510
511 511
512 512
513 513
514 514
515 515
516 516
517 517
518 518
519 519
520 520
521 521
522 522
523 523
524 524
525 525
526 526
527 527
528 528
529 529
530 530
531 531
532 532
533 533
534 534
535 535
536 536
537 537
538 538
539 539
540 540
541 541
542 542
543 543
544 544
545 545
546 546
547 547
548 548
549 549
550 550
551 551
552 552
553 553
554 554
555 555
556 556
557 557
558 558
559 559
560 560
561 561
562 562
563 563
564 564
565 565
566 566
567 567
568 568
569 569
570 570
571 571
572 572
573 573
574 574
575 575
576 576
577 577
578 578
579 579
580 580
581 581
582 582
583 583
584 584
585 585
586 586
587 587
588 588
589 589
590 590
591 591
592 592
593 593
594 594
595 595
596 596
597 597
598 598
599 599
600 600
601 601
602 602
603 603
604 604
605 605
606 606
607 607
608 608
609 609
610 610
611 611
612 612
613 613
614 614
615 615
616 616
617 617
618 618
619 619
620 620
621 621
622 622
623 623
624 624
625 625
626 626
627 627
628 628
629 629
630 630
631 631
632 632
633 633
634 634
635 635
636 636
637 637
638 638
639 639
640 640
641 641
642 642
643 643
644 644
645 645
646 646
647 647
648 648
649 649
650 650
651 651
652 652
653 653
654 654
655 655
656 656
657 657
658 658
659 659
660 660
661 661
662 662
663 663
664 664
665 665
666 666
667 667
668 668
669 669
670 670
671 671
672 672
673 673
674 674
675 675
676 676
677 677
678 678
679 679
680 680
681 681
682 682
683 683
684 684
685 685
686 686
687 687
688 688
689 689
690 690
691 691
692 692
693 693
694 694
695 695
696 696
697 697
698 698
699 699
700 700
701 701
702 702
703 703
704 704
705 705
706 706
707 707
708 708
709 709
710 710
711 711
712 712
713 713
714 714
715 715
716 716
717 717
718 718
719 719
720 720
721 721
722 722
723 723
724 724
725 725
726 726
727 727
728 728
729 729
730 730
731 731
732 732
733 733
734 734
735 735
736 736
737 737
738 738
739 739
740 740
741 741
742 742
743 743
744 744
745 745
746 746
747 747
748 748
749 749
750 750
751 751
752 752
753 753
754 754
755 755
756 756
757 757
758 758
759 759
760 760
761 761
762 762
763 763
764 764
765 765
766 766
767 767
768 768
769 769
770 770
771 771
772 772
773 773
774 774
775 775
776 776
777 777
778 778
779 779
780 780
781 781
782 782
783 783
784 784
785 785
786 786
787 787
788 788
789 789
790 790
791 791
792 792
793 793
794 794
795 795
796 796
797 797
798 798
799 799
800 800
801 801
802 802
803 803
804 804
805 805
806 806
807 807
808 808
809 809
810 810
811 811
812 812
813 813
814 814
815 815
816 816
817 817
818 818
819 819
820 820
821 821
822 822
823 823
824 824
825 825
826 826
827 827
828 828
829 829
830 830
831 831
832 832
833 833
834 834
835 835
836 836
837 837
838 838
839 839
840 840
841 841
842 842
843 843
844 844
845 845
846 846
847 847
848 848
849 849
850 850
851 851
852 852
853 853
854 854
855 855
856 856
857 857
858 858
859 859
860 860
861 861
862 862
863 863
864 864
865 865
866 866
867 867
868 868
869 869
870 870
871 871
872 872
873 873
874 874
875 875
876 876
877 877
878 878
879 879
880 880
881 881
882 882
883 883
884 884
885 885
886 886
887 887
888 888
889 889
890 890
891 891
892 892
893 893
894 894
895 895
896 896
897 897
898 898
899 899
900 900
901 901
902 902
903 903
904 904
905 905
906 906
907 907
908 908
909 909
910 910
911 911
912 912
913 913
914 914
915 915
916 916
917 917
918 918
919 919
920 920
921 921
922 922
923 923
924 924
925 925
926 926
927 927
928 928
929 929
930 930
931 931
932 932
933 933
934 934
935 935
936 936
937 937
938 938
939 939
940 940
941 941
942 942
943 943
944 944
945 945
946 946
947 947
948 948
949 949
950 950
951 951
952 952
953 953
954 954
955 955
956 956
957 957
958 958
959 959
960 960
961 961
962 962
963 963
964 964
965 965
966 966
967 967
968 968
969 969
970 970
971 971
972 972
973 973
974 974
975 975
976 976
977 977
978 978
979 979
980 980
981 981
982 982
983 983
984 984
985 985
986 986
987 987
988 988
989 989
990 990
991 991
992 992
993 993
994 994
995 995
996 996
997 997
998 998
999 999
1000 1000
1001 1001
1002 1002
1003 1003
1004 1004
1005 1005
1006 1006
1007 1007
1008 1008
1009 1009
1010 1010
1011 1011
1012 1012
1013 1013
1014 1014
1015 1015
1016 1016
1017 1017
1018 1018
1019 1019
1020 1020
1021 1021
1022 1022
1023 1023
1024 1024
1025 1025
1026 1026
1027 1027
1028 1028
1029 1029
1030 1030
1031 1031
1032 1032
1033 1033
1034 1034
1035 1035
1036 1036
1037 1037
1038 1038
1039 1039
1040 1040
1041 1041
1042 1042
1043 1043
1044 1044
1045 1045
1046 1046
1047 1047
1048 1048
1049 1049
1050 1050
1051 1051
1052 1052
1053 1053
1054 1054
1055 1055
1056 1056
1057 1057
1058 1058
1059 1059
1060 1060
1061 1061
1062 1062
1063 1063
1064 1064
1065 1065
1066 1066
1067 1067
1068 1068
1069 1069
1070 1070
1071 1071
1072 1072
1073 1073
1074 1074
1075 1075
1076 1076
1077 1077
1078 1078
1079 1079
1080 1080
1081 1081
1082 1082
1083 1083
1084 1084
1085 1085
1086 1086
1087 1087
1088 1088
1089 1089
