0 96
1 51
1 33
1 79
1 148
2 41
2 52
2 169
3 145
4 72
4 130
4 128
4 95
4 42
4 164
5 135
5 48
5 113
5 126
6 121
7 97
8 163
8 38
8 91
9 107
9 58
9 155
9 145
10 108
11 40
12 161
12 157
13 134
13 81
13 59
14 62
15 156
15 18
15 126
16 170
16 78
17 147
17 115
18 140
19 51
20 35
21 89
21 34
21 167
22 108
22 112
22 117
22 35
23 53
23 67
23 127
23 27
24 56
25 72
26 165
28 71
29 65
30 41
31 62
31 154
31 120
32 170
34 120
34 168
36 118
36 64
36 44
37 115
39 110
40 66
41 97
42 101
42 109
43 130
43 80
45 114
46 123
47 53
49 100
49 129
50 145
51 65
51 96
54 121
54 58
55 140
56 133
57 136
57 72
58 158
58 87
60 97
60 160
60 61
61 166
61 68
63 162
64 161
65 114
65 161
66 114
66 97
67 137
67 94
69 127
69 98
70 79
71 100
72 139
73 112
73 116
74 80
75 97
75 133
76 109
77 110
78 167
81 137
81 143
82 133
82 120
83 150
83 105
84 138
85 125
86 141
88 159
88 166
90 115
91 99
92 136
93 165
95 155
95 149
97 130
102 155
102 138
103 171
104 168
104 141
105 146
106 115
107 150
108 115
108 163
109 125
110 165
111 155
113 152
114 119
114 142
115 138
117 131
122 140
123 171
123 137
124 140
125 156
125 129
132 163
133 173
143 160
144 152
150 174
151 172
153 162
153 168
158 172
161 165
