0 98
1 82
2 7
3 39
3 30
3 88
4 46
4 94
4 79
4 18
4 35
5 91
6 85
6 70
6 36
7 33
8 20
9 71
10 16
10 19
11 25
12 85
13 97
13 53
13 74
14 83
14 23
14 46
15 66
15 50
15 87
15 95
16 34
17 22
18 99
18 75
19 70
20 21
21 26
21 74
22 76
22 91
24 28
25 76
25 43
25 48
27 93
28 53
29 58
29 32
29 54
30 82
30 33
30 72
31 81
34 39
34 61
35 92
37 82
37 69
38 97
38 94
38 41
40 90
41 98
42 60
42 72
43 73
44 79
45 59
45 61
45 81
46 63
47 88
47 58
47 67
48 61
49 93
51 86
51 90
51 65
52 72
53 90
55 84
56 94
56 84
57 66
57 62
59 99
60 64
62 77
62 80
63 96
68 84
69 71
76 80
78 92
86 93
86 89
