0 69
0 51
1 95
1 101
1 202
1 171
1 89
2 9
3 169
3 224
3 40
4 119
4 59
5 38
5 29
5 208
5 94
6 164
7 113
7 168
7 151
8 89
9 70
9 183
10 76
10 99
11 215
12 191
13 157
14 30
14 122
15 59
16 48
16 150
16 222
17 211
18 116
19 86
20 122
20 163
20 149
21 172
21 145
21 124
22 148
22 96
22 80
22 79
22 198
23 224
23 201
24 122
24 74
24 64
25 168
26 170
27 57
27 149
28 121
28 61
28 133
29 130
30 185
30 194
30 62
31 186
32 67
33 206
33 224
33 109
33 76
33 47
34 64
35 61
35 192
36 73
36 71
37 176
39 90
41 131
42 180
43 224
43 216
44 81
44 102
45 131
45 165
46 129
47 158
48 176
48 196
49 132
49 191
49 135
50 121
50 69
50 175
51 153
52 112
53 77
54 163
54 174
55 59
56 183
56 177
56 204
56 168
58 131
59 120
59 90
59 146
60 115
60 188
61 164
61 100
63 107
64 161
65 79
65 85
66 175
67 142
67 200
68 184
69 145
69 120
70 106
71 203
71 126
71 105
71 199
72 182
73 119
73 160
75 112
75 205
75 110
75 221
77 170
78 161
80 210
81 97
81 122
82 154
83 120
84 218
84 130
85 214
85 195
86 180
86 125
87 150
88 126
91 203
92 171
93 103
93 131
93 137
94 182
95 141
95 207
98 198
98 127
99 173
99 104
100 150
100 128
101 170
101 218
106 111
106 187
107 120
107 184
108 220
109 157
109 220
109 118
110 146
110 179
110 134
114 211
114 117
116 214
117 139
118 193
119 224
121 180
121 213
123 222
126 189
129 154
130 197
136 208
137 149
138 142
139 159
140 142
141 190
141 167
141 217
142 154
143 222
144 164
145 171
147 218
148 175
148 212
152 159
153 168
154 194
155 218
156 170
159 223
160 200
162 166
166 208
170 191
178 210
180 188
180 215
181 191
186 204
191 211
209 210
219 222
