0 98
0 87
1 85
1 147
1 81
2 113
3 125
3 65
4 99
4 137
5 21
6 117
6 67
7 65
7 91
8 49
9 139
10 55
10 73
11 17
11 119
12 105
13 59
14 51
14 140
15 86
15 89
15 38
15 50
16 38
16 135
16 21
17 50
18 39
18 30
18 106
19 50
20 114
21 116
22 136
23 75
23 69
24 98
24 80
24 111
25 79
25 93
26 32
27 53
27 142
27 70
28 51
28 54
29 120
30 88
30 126
30 47
30 42
30 78
30 62
31 51
32 79
32 68
33 61
33 62
34 133
34 116
35 106
36 78
36 60
37 124
37 100
37 149
39 72
39 43
39 120
40 98
40 113
41 122
41 51
43 71
44 146
45 98
46 85
47 104
47 66
47 112
48 72
49 141
49 129
49 75
51 125
51 131
52 75
53 97
53 84
53 115
54 101
55 98
55 72
56 79
57 96
58 123
58 82
59 90
59 78
60 89
60 122
60 118
62 105
62 81
63 106
64 115
67 109
67 146
69 130
70 127
71 141
74 109
74 81
74 145
75 110
76 97
77 138
77 103
79 99
83 147
84 96
88 124
89 142
90 132
92 118
94 100
95 98
97 114
98 102
98 144
99 121
102 136
105 128
107 148
108 147
121 130
121 138
123 130
128 148
130 143
132 139
134 138
