0 71
1 139
1 175
1 96
1 46
2 151
3 177
4 53
5 66
5 199
6 109
6 94
7 167
8 12
9 74
9 197
9 27
9 39
10 115
11 15
11 65
12 113
12 91
13 87
14 99
14 36
15 180
16 151
16 191
16 132
16 89
16 61
17 105
18 68
18 19
18 50
19 89
20 85
21 109
21 138
21 161
22 58
23 81
23 182
23 53
24 166
25 95
25 76
25 100
26 34
26 181
26 118
27 149
27 103
28 129
28 193
29 71
29 189
30 174
30 37
31 162
32 186
33 63
34 182
34 73
35 142
36 169
37 173
38 167
39 72
40 199
40 71
40 164
41 43
41 156
41 186
41 134
42 178
44 83
45 47
47 133
47 73
48 89
49 77
50 141
51 180
52 66
54 110
54 166
54 159
55 148
55 124
55 156
56 197
56 162
57 119
58 167
58 166
59 99
59 168
60 170
62 93
63 102
63 87
64 105
64 103
67 99
68 146
69 161
70 122
70 189
70 115
71 179
71 85
72 82
73 190
73 143
73 79
75 121
75 98
76 156
77 190
78 112
79 195
80 156
81 129
81 177
82 111
83 89
83 174
84 166
86 153
86 157
86 152
88 176
90 113
90 115
92 125
93 174
96 98
96 192
97 122
97 171
99 185
101 121
101 158
102 116
104 164
104 128
106 164
107 150
108 114
108 176
109 172
110 196
110 119
112 128
114 163
114 171
115 197
115 120
116 163
117 158
120 194
123 184
125 189
126 197
127 168
130 166
131 133
135 173
136 184
137 147
137 170
137 175
139 197
140 184
142 150
142 149
143 160
144 183
145 197
152 172
153 178
153 156
154 179
155 188
157 165
159 190
169 187
169 172
170 191
179 180
179 186
183 198
184 193
188 190
193 199
196 198
