0 0
0 4
0 562
4 4
4 8
562 1
562 548
562 561
562 562
562 566
1 1
1 9
9 8
9 9
9 103
2 2
2 10
2 33
2 34
2 103
2 474
10 10
10 11
10 37
10 565
33 12
33 33
33 103
33 552
34 7
34 25
34 34
34 103
34 709
103 8
103 12
103 103
474 474
474 709
474 723
3 3
3 6
3 26
3 100
3 101
3 102
6 5
6 6
6 36
6 100
6 101
6 102
26 26
26 27
26 28
26 29
26 100
100 100
100 101
100 102
101 19
101 36
101 101
101 102
102 5
102 102
102 477
8 8
5 5
5 36
5 97
36 19
36 36
97 37
97 97
7 7
7 25
7 723
25 25
723 411
723 710
723 717
723 718
723 719
723 720
723 721
723 722
723 723
723 724
723 733
11 11
37 37
37 38
37 411
565 549
565 550
565 554
565 560
565 565
565 566
12 12
13 13
13 412
412 98
412 411
412 412
14 14
14 15
14 16
14 17
14 18
14 410
15 15
16 16
17 17
18 18
410 409
410 410
410 475
410 476
410 485
19 19
19 20
20 20
20 21
20 22
20 23
20 24
21 21
22 22
23 23
24 24
27 27
28 28
29 29
30 30
30 31
30 99
31 31
31 99
99 32
99 99
99 724
99 731
32 32
552 502
552 552
552 560
552 709
709 709
35 35
35 710
710 710
710 733
38 38
38 98
411 409
411 411
411 477
411 708
98 98
39 39
39 40
39 42
39 44
40 40
40 41
40 43
42 42
42 145
44 44
44 48
41 41
43 43
43 485
145 145
145 146
485 485
485 730
48 48
48 49
48 52
45 45
45 47
47 46
47 47
47 53
47 505
46 46
53 52
53 53
53 424
53 444
53 446
505 442
505 505
49 49
49 50
49 51
52 52
52 54
50 50
51 51
51 124
124 122
124 123
124 124
124 125
124 128
124 545
54 54
424 422
424 424
424 425
424 426
424 465
444 444
444 445
444 446
446 79
446 446
446 448
446 536
55 55
55 62
62 62
62 63
62 64
56 56
56 65
65 65
65 66
65 67
65 73
65 182
65 225
57 57
57 69
69 68
69 69
69 181
69 195
69 1062
69 1064
69 1073
58 58
58 66
66 66
66 67
66 68
59 59
59 67
67 67
67 73
67 89
67 200
60 60
60 129
129 129
129 132
129 172
129 212
61 61
61 128
128 125
128 128
63 63
63 70
63 130
63 225
64 64
64 1094
70 70
70 71
130 130
130 131
130 132
130 135
225 157
225 182
225 225
1094 1076
1094 1094
1094 1095
1094 1099
1094 1104
1094 1112
73 73
73 74
73 75
73 77
73 79
73 118
182 152
182 180
182 181
182 182
182 183
182 200
68 68
89 89
89 90
200 162
200 165
200 199
200 200
200 217
181 158
181 181
181 204
181 220
195 195
1062 1062
1062 1073
1064 1064
1064 1076
1064 1079
1073 526
1073 1072
1073 1073
1073 1074
1073 1080
1073 1085
71 71
71 72
71 120
72 72
120 119
120 120
120 121
120 503
74 74
74 203
74 809
74 917
75 75
75 76
75 77
75 126
77 77
77 78
77 451
79 79
79 80
79 451
118 117
118 118
118 122
203 203
809 809
809 810
809 917
917 531
917 813
917 884
917 916
917 917
917 918
917 1129
76 76
76 1049
126 123
126 126
126 127
1049 659
1049 671
1049 674
1049 1042
1049 1043
1049 1049
1049 1050
1049 1051
78 78
78 415
78 416
78 453
451 451
451 452
415 415
415 432
415 461
416 416
416 432
416 461
453 453
453 454
80 80
80 447
80 449
80 463
447 447
447 463
449 448
449 449
449 450
463 463
463 464
463 544
81 81
81 93
93 82
93 92
93 93
93 95
93 263
93 317
93 324
82 82
83 83
83 94
94 94
94 96
94 261
94 267
94 299
84 84
84 86
84 125
86 85
86 86
86 87
125 115
125 125
85 85
85 240
85 250
85 252
85 266
85 268
85 282
85 290
85 292
85 293
85 301
85 314
240 240
240 241
240 245
240 252
240 256
240 265
240 274
240 278
240 288
240 290
240 291
240 292
240 293
240 298
240 309
240 320
240 326
250 250
250 266
252 252
266 266
266 281
266 283
266 301
268 268
268 283
282 282
282 291
290 287
290 290
292 92
292 292
293 92
293 293
301 301
314 272
314 303
314 304
314 311
314 314
314 315
314 318
314 322
87 87
88 88
88 104
88 114
104 104
104 105
104 108
114 90
114 112
114 114
90 90
90 91
90 107
90 115
91 91
91 92
107 106
107 107
107 109
115 115
115 116
92 92
92 251
92 263
92 270
92 287
92 291
92 321
92 322
92 323
92 324
92 325
251 251
251 309
251 312
263 263
263 310
270 270
287 287
291 291
321 305
321 315
321 321
322 307
322 322
323 323
323 324
324 324
325 310
325 325
95 95
95 144
95 703
95 704
317 144
317 269
317 317
317 703
96 96
96 267
261 261
261 267
261 275
261 313
267 267
267 269
267 300
299 264
299 299
299 695
144 144
144 702
703 703
704 704
724 724
731 731
477 470
477 476
477 477
477 707
477 708
105 105
108 108
108 1028
106 106
109 109
109 110
109 327
109 366
109 369
1028 1012
1028 1014
1028 1016
1028 1028
110 110
110 366
110 367
110 700
327 327
366 345
366 366
366 367
366 371
369 111
369 341
369 369
367 367
700 700
111 111
111 112
111 685
112 112
112 113
112 689
685 685
685 686
685 687
113 113
113 1008
689 689
689 690
689 693
689 696
1008 1008
1008 1009
1008 1017
1008 1018
1008 1020
1008 1021
1008 1039
116 116
117 117
122 121
122 122
119 119
121 121
121 123
503 212
503 503
503 504
123 123
545 541
545 545
127 127
132 132
132 133
172 149
172 171
172 172
172 183
212 155
212 183
212 212
131 131
131 143
131 741
135 134
135 135
135 140
143 142
143 143
143 826
741 735
741 737
741 739
741 741
741 742
133 133
134 134
134 138
134 739
138 136
138 138
138 139
739 739
739 740
739 743
140 136
140 137
140 140
136 136
136 760
760 759
760 760
760 765
760 766
137 137
137 876
137 881
876 865
876 867
876 869
876 876
876 877
876 882
881 871
881 872
881 874
881 878
881 880
881 881
139 139
139 828
139 829
828 828
828 832
828 838
829 829
829 832
829 839
141 141
141 257
141 365
257 254
257 257
257 260
257 326
365 236
365 350
365 365
365 698
142 142
142 742
142 744
142 825
742 160
742 221
742 734
742 736
742 742
742 745
744 744
744 745
825 825
826 826
702 702
146 146
146 147
147 147
148 148
148 165
165 163
165 164
165 165
165 191
165 217
149 149
150 150
150 174
174 164
174 166
174 174
174 178
151 151
151 179
179 167
179 179
179 208
152 152
153 153
153 206
206 175
206 176
206 206
206 207
206 223
154 154
154 197
197 190
197 192
197 197
155 155
156 156
156 218
218 218
218 219
218 229
157 157
158 158
158 204
204 204
204 220
159 159
159 171
159 232
171 171
171 221
171 754
232 221
232 232
160 160
160 221
221 220
221 221
221 224
161 161
161 162
161 168
161 208
161 222
161 231
162 162
162 185
162 226
168 168
168 186
208 167
208 186
208 208
222 222
222 231
231 227
231 230
231 231
185 185
185 186
185 217
226 226
226 227
163 163
164 164
164 166
164 193
166 166
193 169
193 193
193 215
191 191
191 198
191 217
191 219
217 209
217 215
217 217
167 167
186 184
186 186
186 187
186 205
169 169
169 187
187 187
170 170
170 177
170 216
177 175
177 177
177 213
177 216
216 209
216 213
216 216
754 754
754 763
183 183
183 192
173 173
173 210
173 215
210 188
210 190
210 194
210 210
210 211
215 188
215 205
215 215
178 178
178 202
175 175
175 176
176 176
213 213
202 201
202 202
180 180
220 220
220 224
192 192
192 198
192 207
184 184
205 205
188 188
189 189
189 198
198 198
190 190
190 194
190 196
194 194
196 196
196 211
219 219
207 207
211 211
199 199
199 201
201 201
223 223
223 1025
209 209
209 214
214 214
229 229
224 224
1025 1025
1025 1026
227 227
227 228
227 230
228 228
230 230
233 233
233 235
233 306
235 234
235 235
235 285
306 265
306 306
234 234
234 242
234 269
234 271
234 297
234 298
242 242
269 237
269 238
269 269
269 274
269 278
269 279
269 319
271 243
271 271
297 244
297 294
297 297
298 296
298 298
285 285
236 236
236 260
236 286
236 308
236 701
260 260
286 286
308 277
308 308
701 687
701 701
237 237
237 238
238 238
238 280
280 280
239 239
239 258
258 258
258 277
241 241
241 243
241 244
245 245
245 309
256 249
256 256
265 265
274 274
278 278
288 249
288 259
288 276
288 288
309 309
320 255
320 320
326 326
243 243
244 244
246 246
246 247
246 254
247 247
247 254
254 253
254 254
254 259
254 262
248 248
248 281
281 281
249 249
249 262
249 316
262 262
316 255
316 316
312 312
253 253
253 284
284 276
284 284
259 259
255 255
255 289
289 289
277 277
275 264
275 275
313 300
313 313
310 310
264 264
283 283
300 300
279 279
319 319
272 272
272 273
272 302
273 273
273 311
302 302
302 311
311 311
276 276
294 294
295 295
295 296
296 296
695 695
303 303
303 304
303 328
304 304
328 318
328 328
305 305
307 307
315 315
318 318
329 329
329 334
334 334
334 336
330 330
330 335
335 335
335 336
331 331
331 336
336 336
336 337
336 338
336 339
332 332
332 349
349 333
349 348
349 349
333 333
337 337
337 339
338 338
338 339
339 339
339 340
339 341
340 340
340 341
341 341
341 342
341 343
341 344
342 342
342 345
343 343
343 345
344 344
344 345
345 345
345 346
345 348
346 346
346 347
348 347
348 348
347 347
350 350
351 351
351 352
351 407
351 408
352 352
352 362
352 381
407 407
408 403
408 408
362 362
362 363
362 364
362 372
362 373
362 387
362 394
362 406
362 473
381 353
381 381
353 353
353 382
382 355
382 382
382 383
382 384
382 385
382 386
382 391
354 354
354 374
374 374
374 375
374 376
374 377
374 378
374 379
374 380
374 388
374 403
355 355
355 397
397 394
397 397
356 356
356 393
356 394
393 393
393 394
394 387
394 391
394 394
394 398
394 404
394 405
394 406
394 473
357 357
357 478
478 360
478 392
478 405
478 478
478 479
478 713
478 725
358 358
358 473
473 392
473 472
473 473
359 359
359 714
714 713
714 714
360 360
360 479
479 479
361 361
361 402
361 713
402 402
713 400
713 711
713 712
713 713
713 733
363 363
364 364
372 372
373 373
387 387
387 388
387 389
387 390
387 400
387 404
406 406
698 687
698 698
698 699
371 370
371 371
368 368
368 370
370 370
375 375
376 376
377 377
378 378
379 379
380 380
388 388
403 403
383 383
384 384
385 385
386 386
391 391
389 389
390 390
400 400
400 401
404 404
392 392
398 398
405 395
405 405
405 482
405 715
405 716
395 395
395 715
395 716
715 396
715 715
715 716
716 396
716 716
396 396
399 399
399 472
472 472
401 401
482 481
482 482
409 409
409 730
730 726
730 727
730 728
730 729
730 730
475 475
475 481
476 476
708 483
708 707
708 708
413 413
413 430
413 432
430 427
430 430
432 414
432 432
432 433
432 509
432 563
414 414
414 431
431 427
431 431
461 461
461 462
417 417
417 418
417 544
418 418
544 541
544 544
419 419
419 420
419 421
419 469
420 420
421 421
469 442
469 469
422 422
422 515
515 423
515 442
515 514
515 515
423 423
423 465
465 465
465 466
425 425
425 436
425 518
426 426
436 436
436 437
436 438
436 440
436 457
518 518
518 956
518 966
427 427
427 428
427 429
428 428
429 429
433 433
509 434
509 509
509 519
563 455
563 554
563 563
434 434
435 435
435 533
533 508
533 530
533 533
533 534
533 535
533 541
437 437
438 438
438 439
438 459
440 440
440 441
457 443
457 457
457 458
457 459
439 439
459 459
459 460
441 441
442 442
442 443
443 443
445 445
448 448
536 535
536 536
450 450
452 452
454 454
455 455
455 456
456 456
458 458
460 460
462 462
464 464
464 967
967 960
967 964
967 967
466 466
467 467
467 543
543 542
543 543
468 468
468 542
542 540
542 541
542 542
470 470
470 471
470 480
470 491
470 706
470 707
471 471
480 480
480 483
480 484
480 490
480 491
480 732
491 488
491 489
491 490
491 491
491 706
706 492
706 705
706 706
706 725
707 707
481 481
725 725
483 483
483 732
484 484
484 490
490 486
490 487
490 490
490 733
732 732
486 486
487 487
488 488
489 489
733 733
492 492
493 493
493 504
504 500
504 504
504 520
504 525
504 577
494 494
494 512
512 502
512 512
512 513
512 539
495 495
495 520
520 500
520 506
520 520
520 521
496 496
496 521
521 506
521 521
521 522
497 497
497 522
522 522
522 581
522 769
522 778
522 801
498 498
498 499
498 818
498 913
499 499
818 527
818 818
818 819
913 510
913 537
913 884
913 897
913 913
913 934
913 937
913 962
500 500
500 501
500 506
500 530
500 535
501 501
501 606
501 608
501 612
501 936
506 502
506 506
506 507
506 508
506 514
506 546
530 525
530 530
530 531
535 514
535 535
535 537
535 538
535 541
606 584
606 595
606 604
606 606
608 608
608 1067
612 584
612 612
936 883
936 885
936 920
936 926
936 927
936 935
936 936
502 502
525 525
525 526
577 529
577 577
577 779
507 507
507 618
507 638
507 780
508 508
508 510
508 514
508 519
514 514
514 516
514 517
514 546
546 546
618 618
618 619
638 617
638 622
638 626
638 638
780 774
780 775
780 780
510 510
510 925
519 511
519 519
925 897
925 914
925 925
511 511
513 513
513 789
513 794
539 539
539 799
789 789
789 790
789 794
794 567
794 772
794 776
794 793
794 794
516 516
516 992
516 994
517 517
992 987
992 992
992 993
994 987
994 994
994 996
994 997
956 947
956 956
956 957
956 966
956 972
966 966
581 575
581 581
769 769
769 822
778 777
778 778
778 779
778 786
801 576
801 772
801 783
801 784
801 801
801 1136
523 523
523 532
523 984
523 1000
532 532
984 984
984 986
984 988
1000 975
1000 1000
524 524
524 567
567 567
567 772
526 526
526 920
526 932
526 1067
526 1072
526 1123
920 820
920 893
920 920
920 922
920 923
920 926
920 932
932 932
932 933
932 941
1067 583
1067 1065
1067 1067
1067 1068
1067 1091
1072 1072
1123 1123
1123 1134
527 527
527 528
527 808
528 528
808 537
808 808
808 919
529 529
529 582
529 779
529 796
529 802
582 582
582 779
582 802
779 779
779 796
779 948
796 580
796 775
796 784
796 796
796 797
796 802
796 804
796 1118
802 802
802 803
531 531
531 553
531 646
531 651
531 662
531 667
531 671
531 672
531 676
531 907
531 911
531 1046
553 553
553 573
553 908
646 646
646 1040
651 643
651 651
651 652
651 662
651 665
651 667
651 675
651 1053
662 662
667 667
671 648
671 657
671 661
671 671
671 672
671 681
671 1048
671 1051
671 1057
671 1120
672 672
676 653
676 658
676 660
676 676
676 677
676 1040
676 1058
907 889
907 898
907 907
907 911
907 916
907 926
911 910
911 911
1046 679
1046 1044
1046 1046
534 534
534 884
541 541
884 812
884 821
884 884
537 537
537 947
537 952
537 963
538 538
947 947
947 951
947 954
947 957
947 963
952 952
952 954
963 963
799 776
799 793
799 799
540 540
547 547
547 550
550 550
550 551
550 554
548 548
549 549
551 551
551 557
551 559
554 554
554 555
554 556
557 556
557 557
557 978
557 979
557 985
557 988
557 990
557 997
557 999
559 559
559 979
560 560
560 561
573 573
908 811
908 813
908 908
908 909
555 555
555 558
555 578
555 620
555 902
556 556
558 558
558 578
578 569
578 578
578 579
578 781
578 782
578 894
578 926
620 620
620 623
620 1060
902 902
902 986
978 978
978 982
979 979
985 982
985 985
988 975
988 977
988 988
988 989
990 915
990 990
990 991
997 980
997 996
997 997
999 999
561 561
566 564
566 566
564 564
772 772
772 773
772 800
568 568
568 784
784 784
784 785
784 787
784 795
569 569
570 570
570 775
775 580
775 774
775 775
775 795
775 1126
571 571
571 782
782 781
782 782
572 572
572 795
795 580
795 629
795 787
795 795
795 798
574 574
574 580
580 580
580 798
575 575
575 783
783 783
576 576
576 785
576 1089
785 785
785 1127
1089 1089
1089 1090
579 579
579 586
781 599
781 781
894 885
894 894
894 1124
926 815
926 885
926 891
926 926
926 927
586 586
586 597
586 613
798 791
798 798
583 583
583 584
584 584
584 658
658 658
585 585
585 596
596 587
596 595
596 596
597 597
613 613
587 587
587 594
594 589
594 594
588 588
588 590
590 590
590 600
589 589
589 615
615 615
600 599
600 600
600 601
600 632
591 591
591 610
610 610
610 614
592 592
592 603
603 602
603 603
603 611
603 614
593 593
593 599
599 599
595 595
595 602
602 602
602 604
602 1091
598 598
598 1104
1104 1104
601 601
601 639
632 632
639 639
604 604
1091 1091
611 611
614 614
605 605
605 609
609 607
609 609
607 607
607 1100
1100 1099
1100 1100
1100 1119
616 616
616 1122
1122 883
1122 1122
617 617
617 628
628 628
628 636
628 642
619 619
619 631
631 631
631 633
631 640
623 623
623 637
1060 1058
1060 1060
621 621
621 624
621 640
624 624
624 634
640 640
622 622
622 641
641 627
641 641
637 637
634 625
634 629
634 634
634 635
625 625
625 633
633 633
626 626
627 627
627 630
630 629
630 630
636 636
642 642
629 629
635 635
635 1093
1093 788
1093 1093
643 643
643 661
661 661
644 644
644 649
644 1059
649 649
649 652
1059 1059
645 645
645 663
645 1050
663 663
663 1055
1050 666
1050 1050
1050 1055
1040 1040
647 647
647 677
647 1041
677 655
677 677
1041 1041
648 648
648 1054
1054 656
1054 1054
1054 1055
1054 1057
652 652
652 1047
650 650
650 669
650 1044
669 669
669 1120
1044 1044
665 665
665 680
675 675
675 1042
1053 1048
1053 1053
1047 1047
653 653
653 1056
1056 679
1056 1056
654 654
654 656
654 664
656 656
664 664
664 681
655 655
657 657
657 670
670 670
670 678
659 659
659 1057
1057 668
1057 1045
1057 1057
660 660
1055 1055
681 681
680 680
680 1052
666 666
668 668
668 678
678 678
1120 1120
1048 1048
1051 1051
673 673
673 674
673 1045
674 674
1045 1045
1042 1042
1058 1058
679 679
1052 1043
1052 1052
682 682
682 688
688 683
688 687
688 688
688 692
683 683
684 684
684 690
690 690
690 691
690 694
686 686
687 687
687 693
687 699
693 693
693 694
699 699
692 692
692 694
696 696
696 697
691 691
694 694
697 697
705 705
711 711
712 712
717 717
718 718
719 719
720 720
721 721
722 722
726 726
726 727
727 727
728 728
728 729
729 729
734 734
735 735
736 736
737 737
738 738
738 743
743 743
743 755
740 740
740 748
740 758
748 748
748 752
758 749
758 758
745 745
755 755
755 756
746 746
746 747
746 757
747 747
747 756
757 757
756 751
756 753
756 756
752 752
749 749
749 750
750 750
751 751
751 761
761 761
761 762
753 753
753 764
764 764
763 763
759 759
765 765
765 767
766 766
762 762
767 767
767 768
767 771
768 768
771 770
771 771
822 822
770 770
773 773
800 800
774 774
1126 1126
776 776
776 792
792 792
792 793
792 824
777 777
786 786
786 948
948 931
948 948
787 787
787 788
787 1131
1127 1127
788 788
1131 1131
790 790
791 791
791 1109
1109 1109
1109 1113
793 793
824 823
824 824
797 797
797 1113
804 804
804 1137
1118 1103
1118 1110
1118 1118
1113 1113
1113 1114
1113 1115
1136 1136
803 803
1137 1137
805 805
805 820
820 820
820 887
820 896
806 806
806 886
886 886
886 895
886 896
807 807
807 896
896 895
896 896
896 912
896 916
896 943
919 919
810 810
811 811
812 812
812 939
812 1121
939 918
939 939
939 953
1121 1121
1121 1135
813 813
813 814
814 814
815 815
815 816
816 816
816 817
816 906
817 817
906 906
906 922
819 819
887 887
887 923
821 821
821 879
821 934
879 879
934 934
934 946
823 823
827 827
827 836
827 837
827 873
836 836
837 837
837 858
837 859
873 833
873 873
873 877
832 832
832 842
838 838
839 839
830 830
830 840
830 868
840 840
868 831
868 835
868 851
868 862
868 863
868 865
868 867
868 868
868 869
831 831
831 841
841 841
842 842
833 833
833 843
843 843
834 834
834 844
834 861
844 844
861 861
861 862
835 835
835 845
845 845
858 858
859 859
859 860
846 846
846 847
847 847
847 872
872 849
872 857
872 872
848 848
848 853
848 862
848 863
853 853
862 862
863 863
863 864
849 849
849 854
854 854
850 850
850 855
850 857
855 855
857 857
851 851
851 856
856 856
852 852
852 875
875 874
875 875
860 860
864 864
865 865
866 866
866 877
877 877
867 867
867 870
870 869
870 870
869 869
871 871
874 874
882 882
878 878
880 880
883 883
885 885
895 895
923 923
923 924
888 888
888 916
916 889
916 916
916 929
889 889
889 890
890 890
891 891
891 892
891 898
892 892
898 898
898 899
893 893
893 935
893 1125
935 935
935 1133
1125 1125
1124 1124
912 900
912 912
943 903
943 942
943 943
897 897
899 899
900 900
900 1128
1128 1128
1128 1134
901 901
901 905
905 905
905 921
905 938
986 986
986 998
903 903
903 904
903 938
904 904
938 938
921 921
921 929
921 1132
922 922
909 909
910 910
937 937
962 960
962 962
962 971
914 914
915 915
929 929
929 930
918 918
1129 1129
1132 1132
924 924
927 927
927 928
928 928
930 930
931 931
933 933
941 941
946 946
1133 1133
953 940
953 953
953 958
940 940
942 942
944 944
944 960
960 960
960 961
945 945
945 964
964 950
964 964
964 968
951 951
951 959
954 949
954 954
957 957
949 949
949 950
949 955
950 950
950 968
950 974
955 955
968 968
968 969
974 974
959 959
959 972
958 958
972 972
961 961
961 965
965 965
965 970
971 970
971 971
970 970
969 969
973 973
973 982
982 982
975 975
975 976
976 976
977 977
980 980
980 981
980 983
981 981
983 983
998 998
987 987
989 989
991 991
993 993
996 995
996 996
995 995
1001 1001
1001 1026
1026 1022
1026 1026
1026 1027
1026 1034
1002 1002
1002 1034
1034 1005
1034 1034
1034 1035
1003 1003
1003 1031
1031 1031
1031 1033
1031 1035
1004 1004
1004 1038
1038 1012
1038 1013
1038 1038
1005 1005
1005 1006
1005 1012
1005 1018
1005 1020
1005 1029
1006 1006
1012 1012
1012 1022
1012 1029
1012 1036
1012 1037
1018 1018
1018 1032
1020 1019
1020 1020
1029 1029
1029 1030
1007 1007
1007 1022
1022 1022
1022 1023
1022 1024
1009 1009
1017 1017
1021 1021
1039 1010
1039 1011
1039 1039
1010 1010
1011 1011
1036 1036
1037 1037
1013 1013
1014 1014
1015 1015
1015 1023
1015 1033
1023 1023
1023 1033
1033 1033
1016 1016
1032 1032
1019 1019
1024 1024
1024 1027
1027 1027
1030 1030
1035 1035
1043 1043
1061 1061
1061 1071
1061 1084
1071 1071
1071 1074
1084 1077
1084 1084
1063 1063
1063 1074
1063 1086
1074 1074
1074 1081
1086 1082
1086 1086
1076 1069
1076 1075
1076 1076
1076 1077
1076 1079
1076 1087
1079 1079
1065 1065
1066 1066
1066 1070
1070 1070
1070 1087
1068 1068
1068 1085
1085 1085
1069 1069
1069 1112
1112 1112
1087 1087
1080 1080
1081 1081
1075 1075
1077 1077
1077 1083
1083 1083
1078 1078
1078 1116
1116 1116
1116 1119
1082 1082
1088 1088
1088 1105
1088 1111
1105 1105
1105 1108
1111 1095
1111 1101
1111 1111
1090 1090
1090 1092
1090 1107
1092 1092
1092 1097
1107 1107
1097 1097
1097 1098
1095 1095
1095 1102
1095 1106
1099 1096
1099 1099
1102 1102
1106 1106
1096 1096
1098 1098
1119 1119
1101 1101
1103 1103
1103 1117
1117 1117
1108 1108
1110 1110
1114 1114
1115 1115
1135 1130
1135 1135
1134 1134
1130 1130
