0 0
0 15
0 45
0 266
15 11
15 14
15 15
15 16
15 18
15 56
45 45
45 252
266 266
266 406
1 1
1 3
3 3
3 7
3 119
3 157
3 428
3 431
2 2
2 51
2 185
51 51
51 396
185 30
185 185
7 7
119 119
119 428
157 99
157 157
428 102
428 216
428 300
428 428
428 430
431 276
431 431
4 4
4 114
114 113
114 114
114 353
5 5
5 149
5 432
149 97
149 148
149 149
149 396
432 432
6 6
6 17
6 164
6 366
6 425
17 17
164 164
366 220
366 365
366 366
366 375
366 425
425 425
8 8
8 421
421 96
421 239
421 268
421 420
421 421
9 9
9 204
9 276
204 47
204 203
204 204
204 207
204 282
204 356
204 368
276 216
276 276
10 10
10 411
10 435
411 410
411 411
411 436
435 64
435 221
435 229
435 434
435 435
11 11
11 12
11 13
12 12
13 13
14 14
16 16
16 19
16 20
16 280
16 333
18 18
56 56
56 83
19 19
20 20
280 38
280 279
280 280
333 106
333 333
21 21
21 22
21 139
22 22
22 139
22 154
22 196
139 134
139 139
154 150
154 151
154 154
154 240
196 196
196 464
23 23
23 24
24 24
24 156
24 169
156 155
156 156
169 169
169 324
25 25
25 98
25 424
98 98
98 223
424 424
26 26
26 27
27 27
27 84
27 172
84 84
84 87
84 115
84 274
84 453
172 83
172 172
172 201
28 28
28 306
28 315
306 306
306 433
315 315
315 427
29 29
29 30
30 30
30 181
181 181
31 31
31 375
31 443
375 375
443 212
443 443
32 32
32 33
32 238
33 33
238 238
238 321
34 34
34 221
221 221
221 239
35 35
35 324
35 418
324 323
324 324
418 293
418 418
36 36
36 146
36 261
146 79
146 138
146 146
261 261
261 442
37 37
37 38
37 397
38 38
38 39
397 222
397 397
39 39
39 416
416 163
416 380
416 413
416 416
40 40
40 46
40 327
40 412
46 46
46 152
46 284
327 41
327 326
327 327
412 412
41 41
41 171
171 170
171 171
42 42
42 174
174 173
174 174
43 43
43 101
43 285
101 100
101 101
101 177
101 232
101 285
285 216
285 285
285 288
285 289
44 44
44 173
44 202
44 263
44 284
173 173
173 284
202 152
202 202
202 296
263 76
263 121
263 263
263 264
284 113
284 283
284 284
284 288
284 289
252 252
252 255
152 150
152 151
152 152
47 47
47 270
47 282
47 305
270 52
270 219
270 270
270 271
270 309
270 376
282 282
305 102
305 300
305 305
305 309
48 48
48 49
48 113
48 454
49 49
49 237
49 330
49 441
113 113
454 445
454 446
454 453
454 454
237 237
237 293
330 329
330 330
441 399
441 440
441 441
50 50
50 81
50 408
81 81
81 286
408 308
408 408
396 396
52 52
52 309
309 300
309 309
309 316
309 317
309 318
309 390
53 53
53 161
53 405
161 161
161 354
405 404
405 405
54 54
54 268
54 362
268 267
268 268
362 251
362 362
55 55
55 123
55 223
123 117
123 123
223 223
223 376
223 453
83 83
57 57
57 58
57 59
58 58
58 346
58 376
59 59
346 345
346 346
376 224
376 376
376 394
60 60
60 331
60 417
331 331
331 334
417 409
417 417
61 61
61 437
437 127
437 364
437 437
62 62
62 63
62 88
62 189
62 393
63 63
88 88
88 325
189 188
189 189
189 400
393 275
393 337
393 393
64 64
64 65
64 427
65 65
427 427
66 66
66 68
66 69
66 70
68 68
69 67
69 69
69 70
69 71
69 141
69 310
69 319
70 70
70 73
70 74
70 75
70 90
70 352
67 67
67 71
67 72
67 213
71 71
71 211
71 212
71 439
71 463
72 72
213 78
213 213
141 132
141 135
141 136
141 141
141 142
141 472
141 477
141 486
310 310
310 316
310 317
310 318
310 319
319 319
319 320
73 73
74 74
75 75
90 89
90 90
90 92
90 93
90 94
90 370
352 344
352 345
352 352
352 402
211 187
211 211
212 212
439 214
439 439
463 175
463 220
463 463
76 76
76 77
76 186
77 77
77 122
77 264
186 121
186 186
122 111
122 120
122 121
122 122
122 178
122 264
264 264
78 78
78 79
78 420
79 79
79 251
79 354
79 392
79 436
420 420
420 434
251 251
354 354
392 392
392 438
436 433
436 436
80 80
80 395
80 456
395 328
395 395
395 456
395 464
456 210
456 455
456 456
456 458
456 459
456 460
456 461
456 462
286 283
286 286
82 82
82 386
82 422
386 91
386 386
422 165
422 340
422 422
87 85
87 86
87 87
115 115
115 116
274 274
274 344
274 374
274 406
453 453
85 85
86 86
86 235
235 235
235 300
235 398
325 96
325 325
89 89
89 385
385 230
385 385
92 92
93 93
94 91
94 94
94 95
370 367
370 370
91 91
95 95
96 96
97 97
97 155
155 155
99 99
99 219
99 390
219 219
219 448
390 390
100 100
177 177
177 339
232 180
232 231
232 232
102 102
103 103
103 104
103 190
103 256
103 262
104 104
190 107
190 190
190 191
190 194
190 195
190 373
190 379
190 415
256 256
256 265
256 335
256 401
256 426
262 112
262 262
262 335
262 377
105 105
105 254
254 254
254 255
254 384
106 106
106 245
245 162
245 245
107 107
107 379
379 378
379 379
379 383
108 108
108 111
111 109
111 110
111 111
111 178
111 297
109 109
110 110
178 178
297 295
297 297
112 112
112 336
112 377
112 415
336 336
336 342
377 377
415 342
415 413
415 415
353 353
353 419
116 116
116 118
118 118
118 345
117 117
117 345
345 345
345 348
345 350
345 374
120 120
121 121
121 296
296 295
296 296
296 455
124 124
124 125
125 125
125 384
384 355
384 384
126 126
126 128
126 225
128 128
225 176
225 224
225 225
127 127
127 224
224 224
224 281
129 129
129 140
140 130
140 131
140 135
140 136
140 140
130 130
131 131
132 132
133 133
133 142
142 142
142 241
134 134
135 135
135 143
143 143
136 136
136 144
144 144
137 137
137 198
137 339
198 198
198 363
339 322
339 339
138 138
472 230
472 468
472 472
472 473
472 474
472 475
472 476
477 467
477 468
477 477
486 486
241 241
241 257
241 430
241 479
145 145
145 182
145 244
145 338
182 158
182 182
182 183
182 184
182 247
244 244
244 299
338 338
338 341
147 147
147 433
147 442
433 334
433 433
442 442
148 148
148 216
216 215
216 216
150 150
150 153
153 151
153 153
151 151
240 240
240 328
158 158
158 159
158 247
158 387
158 391
159 159
159 368
159 398
247 247
247 248
387 387
387 388
391 332
391 372
391 391
391 403
368 367
368 368
368 371
368 372
398 356
398 398
160 160
160 409
409 409
162 162
162 166
166 163
166 166
163 163
163 230
163 469
230 230
469 469
469 470
165 165
165 340
340 340
167 167
167 168
168 168
168 343
168 399
343 343
399 399
170 170
201 201
201 246
175 175
176 176
179 179
179 180
180 180
183 183
184 184
187 187
187 197
197 197
197 200
188 188
400 320
400 400
191 191
191 192
191 193
194 194
195 195
373 373
373 407
192 192
193 193
464 210
464 464
200 200
363 363
199 199
199 279
279 279
246 246
246 332
203 203
203 205
203 206
205 205
206 206
206 277
207 207
207 208
356 356
356 357
356 358
356 360
277 277
277 278
277 430
277 478
208 208
209 209
209 210
210 210
214 214
214 389
389 389
389 438
215 215
215 217
215 218
217 217
218 218
218 234
234 231
234 234
448 444
448 448
448 450
448 451
448 452
220 220
239 239
222 222
222 344
222 406
344 344
344 347
344 349
344 351
406 406
281 281
226 226
226 227
227 227
227 419
419 419
419 423
228 228
228 229
229 229
229 314
314 275
314 314
231 231
231 233
233 233
300 300
300 301
300 303
300 322
236 236
236 299
236 307
299 299
299 371
307 307
307 372
293 292
293 293
321 321
321 322
328 328
257 257
257 258
257 259
257 260
257 430
257 465
430 429
430 430
479 465
479 479
479 480
479 482
242 242
242 243
242 308
243 243
308 308
332 332
248 248
248 249
248 250
249 249
250 250
255 253
255 255
253 253
265 265
335 335
401 401
401 402
426 407
426 426
258 258
259 259
260 260
465 465
465 466
267 267
269 269
269 371
269 403
371 371
403 403
271 271
271 272
271 273
272 272
273 273
374 374
275 275
278 278
478 478
283 283
283 287
287 287
288 288
288 290
289 289
289 291
290 290
291 291
292 292
294 294
294 446
446 444
446 446
295 295
295 298
298 298
455 455
455 457
301 301
301 302
301 492
303 303
303 304
303 493
322 322
322 434
302 302
492 487
492 492
304 304
493 487
493 493
372 372
316 311
316 316
317 312
317 317
318 313
318 318
311 311
312 312
313 313
320 320
434 434
323 323
326 326
329 329
334 334
342 342
337 337
341 341
347 347
349 349
351 351
351 394
348 348
350 350
394 394
402 402
355 355
357 357
357 359
357 361
358 358
360 360
359 359
361 361
364 364
365 365
367 367
367 369
369 369
407 407
378 378
378 380
378 382
380 380
380 429
382 382
383 381
383 383
429 429
381 381
388 388
438 438
404 404
410 410
413 413
413 414
414 414
423 423
440 440
444 444
444 445
445 445
445 449
449 447
449 449
447 447
450 450
451 451
452 452
457 457
458 458
459 459
460 460
461 461
462 462
466 466
466 480
480 480
480 481
480 482
480 485
467 467
467 471
471 470
471 471
468 468
470 470
473 473
474 474
475 475
476 476
482 482
482 483
482 484
481 481
481 485
485 485
483 483
484 484
487 487
487 489
489 488
489 489
489 491
488 488
488 490
490 490
491 491
