0 0
0 3
0 4
0 9
3 3
3 11
3 184
4 4
9 6
9 9
9 10
1 1
1 2
1 6
1 160
2 2
2 5
2 8
6 6
6 216
160 160
160 204
5 5
8 7
8 8
11 11
11 12
11 16
11 52
11 175
184 53
184 159
184 184
184 187
184 205
216 7
216 216
216 217
216 267
7 7
7 228
228 224
228 228
228 255
228 264
228 265
228 267
10 10
10 185
185 185
185 204
185 212
12 12
12 14
12 175
16 13
16 16
16 17
16 18
52 18
52 52
52 53
175 175
14 14
14 21
13 13
13 18
13 159
18 17
18 18
18 54
159 159
21 19
21 20
21 21
15 15
15 161
15 177
161 161
161 187
177 19
177 20
177 167
177 177
17 17
54 53
54 54
19 19
19 123
123 107
123 114
123 123
20 20
20 22
20 136
22 22
22 124
136 118
136 136
124 118
124 120
124 124
23 23
23 47
23 49
23 50
47 47
47 48
47 49
49 48
49 49
50 43
50 50
24 24
24 26
24 27
24 162
26 26
26 42
26 181
27 27
27 42
27 181
27 188
162 162
162 163
162 164
162 187
162 202
25 25
25 42
25 188
25 207
42 42
42 45
42 188
188 29
188 55
188 169
188 188
207 178
207 207
181 44
181 48
181 181
181 203
28 28
28 29
28 45
29 29
29 30
29 31
45 33
45 44
45 45
45 156
30 30
30 34
31 31
31 51
34 32
34 34
51 44
51 51
32 32
32 46
32 182
46 33
46 43
46 44
46 46
182 167
182 182
182 214
33 33
35 35
35 37
35 174
37 36
37 37
37 39
37 57
174 172
174 174
174 189
174 666
36 36
36 210
210 59
210 169
210 210
39 38
39 39
39 40
39 540
57 57
57 58
38 38
40 40
540 540
540 541
41 41
41 172
172 171
172 172
172 173
172 189
43 43
43 44
43 48
44 44
48 48
156 156
53 53
55 55
55 59
55 60
59 59
60 56
60 58
60 60
56 56
56 189
189 189
189 517
58 58
61 61
61 63
61 66
63 62
63 63
63 64
63 66
63 183
66 66
62 62
62 64
62 65
64 64
65 65
65 615
183 170
183 171
183 179
183 183
615 572
615 614
615 615
615 617
615 619
615 636
615 658
67 67
67 87
67 89
67 93
87 78
87 85
87 87
87 94
87 101
89 89
89 130
89 157
89 158
93 93
93 130
93 153
68 68
68 69
68 70
68 73
68 90
68 102
69 69
69 92
69 97
69 125
69 128
69 142
69 170
69 206
70 70
70 90
70 95
70 96
70 105
73 73
73 77
73 79
90 90
90 143
102 74
102 82
102 102
102 143
102 151
92 92
92 97
92 176
92 192
97 96
97 97
97 127
97 128
125 118
125 125
125 126
128 127
128 128
128 144
128 146
142 118
142 142
142 143
170 168
170 170
170 192
170 209
206 206
206 213
206 214
206 215
95 77
95 81
95 88
95 95
95 145
96 77
96 79
96 84
96 96
96 105
105 77
105 84
105 105
71 71
71 74
71 106
71 151
74 74
74 106
74 122
74 126
106 106
106 107
106 114
106 122
151 126
151 151
72 72
72 80
72 82
72 88
80 78
80 80
80 82
80 147
80 150
82 82
82 126
82 148
88 88
88 91
77 77
77 84
79 79
79 81
79 84
79 100
122 107
122 108
122 114
122 115
122 118
122 122
126 126
75 75
75 100
75 130
75 152
100 81
100 100
130 129
130 130
130 153
152 127
152 129
152 152
76 76
76 94
76 116
76 131
76 157
94 94
94 103
94 104
94 116
94 150
94 158
116 78
116 91
116 116
116 117
116 131
131 104
131 131
157 155
157 157
84 84
84 145
78 78
78 83
78 150
83 83
83 85
83 98
83 103
83 147
150 103
150 149
150 150
81 81
147 86
147 146
147 147
147 148
148 86
148 148
85 85
85 86
98 86
98 98
98 99
98 101
98 104
103 103
145 91
145 144
145 145
86 86
86 101
86 104
86 109
86 110
101 101
101 109
101 110
101 135
104 104
109 109
109 110
109 112
109 135
109 139
110 108
110 110
110 111
110 112
110 115
110 119
110 137
110 139
110 140
91 91
158 155
158 158
143 143
176 176
176 192
192 171
192 191
192 192
192 209
192 213
153 153
127 127
99 99
99 117
99 133
99 141
99 146
117 117
117 144
117 149
117 154
133 111
133 112
133 132
133 133
133 139
141 141
141 149
146 146
135 111
135 135
107 107
107 113
107 114
107 120
114 108
114 113
114 114
114 115
114 118
114 120
113 113
113 121
113 134
113 138
120 120
108 108
108 115
115 112
115 115
115 137
115 139
112 111
112 112
112 121
112 132
112 134
112 137
112 139
139 121
139 137
139 138
139 139
111 111
119 118
119 119
119 149
137 132
137 134
137 137
140 118
140 140
121 121
121 134
121 138
132 132
134 134
134 138
138 138
118 118
144 144
149 149
154 129
154 154
154 155
129 129
155 155
204 190
204 204
204 211
187 180
187 187
187 190
163 163
164 164
164 200
202 194
202 201
202 202
200 199
200 200
165 165
165 166
165 218
166 166
166 193
166 194
218 217
218 218
218 671
193 186
193 193
193 195
194 194
167 167
168 168
168 169
168 171
168 215
169 169
171 171
171 173
171 627
171 630
215 215
209 209
173 173
627 627
627 636
627 653
630 630
630 644
666 468
666 479
666 666
178 178
178 179
179 179
179 191
179 211
179 625
191 191
211 211
211 212
211 214
625 625
625 626
625 632
180 180
180 214
214 214
203 199
203 203
205 190
205 205
212 201
212 212
186 186
190 190
517 459
517 464
517 517
517 530
213 213
195 195
195 196
195 197
195 684
196 196
196 289
197 197
197 198
197 199
684 684
289 278
289 280
289 282
289 288
289 289
289 291
289 294
289 308
198 198
198 420
199 199
420 405
420 420
420 421
201 201
201 208
208 208
217 217
217 219
217 236
217 670
217 671
267 252
267 259
267 267
219 219
219 266
219 669
219 670
236 236
236 237
236 251
236 268
670 670
670 671
671 671
266 266
669 668
669 669
220 220
220 232
220 234
220 235
232 226
232 232
232 233
234 229
234 234
235 227
235 229
235 235
235 252
221 221
221 255
255 229
255 251
255 255
222 222
222 223
222 225
222 264
222 672
223 223
223 224
225 225
225 226
225 227
225 229
225 672
264 224
264 229
264 264
264 265
672 224
672 672
224 224
224 265
265 227
265 265
226 226
226 230
226 231
227 227
229 229
229 230
229 231
229 233
230 230
231 231
233 233
252 237
252 238
252 240
252 252
252 676
237 237
237 238
237 239
237 260
251 251
251 259
268 253
268 268
238 238
238 239
238 240
238 241
238 260
238 674
239 239
239 240
239 260
239 261
239 674
260 244
260 260
260 261
240 240
240 242
240 258
240 261
240 674
240 676
241 241
241 263
241 673
674 261
674 673
674 674
261 261
261 263
261 676
242 242
242 245
242 254
242 678
242 679
258 246
258 248
258 257
258 258
258 683
676 244
676 676
263 262
263 263
673 673
245 245
245 246
245 253
245 254
245 675
245 678
245 679
254 246
254 249
254 250
254 254
254 678
254 679
254 682
678 677
678 678
678 679
679 246
679 679
243 243
243 244
243 675
243 677
244 244
244 675
244 677
675 675
675 677
677 677
246 246
246 247
246 680
253 247
253 253
253 257
247 247
680 680
680 681
248 248
248 683
683 683
249 249
249 250
250 250
259 259
259 262
259 668
257 256
257 257
682 681
682 682
256 256
262 262
668 668
269 269
269 270
269 272
269 275
269 276
269 277
269 279
269 282
269 286
269 296
270 270
270 274
270 276
270 279
272 272
272 273
272 276
272 277
272 279
275 275
275 279
275 280
275 282
275 283
276 273
276 274
276 276
276 277
276 279
277 273
277 274
277 277
277 278
277 286
277 296
279 279
282 280
282 282
282 288
282 294
282 296
286 286
286 292
286 294
286 296
296 284
296 285
296 288
296 294
296 296
296 297
274 274
271 271
271 273
273 273
280 280
280 281
280 283
280 288
280 294
283 283
278 278
281 281
281 295
281 300
281 309
281 310
281 311
288 284
288 288
288 292
288 294
288 297
294 284
294 285
294 294
294 295
294 297
294 310
295 284
295 295
295 300
295 309
295 310
295 311
300 300
300 309
300 310
300 311
309 306
309 309
309 310
309 311
309 314
310 310
310 311
311 304
311 305
311 311
311 312
284 284
284 285
284 287
284 290
284 292
284 297
285 285
285 297
285 314
287 287
287 290
287 292
287 297
287 306
290 290
290 291
290 293
290 297
290 314
292 292
292 293
297 297
314 314
306 306
291 291
291 308
308 307
308 308
293 293
298 298
298 299
298 302
298 304
298 313
299 299
299 304
299 305
299 307
302 302
302 304
304 304
304 305
313 313
305 305
305 307
305 312
307 303
307 307
301 301
301 312
312 303
312 312
303 303
315 315
315 407
407 400
407 404
407 407
407 415
316 316
316 317
316 323
316 338
316 342
316 343
316 356
316 362
316 372
316 430
316 434
316 440
316 445
317 317
317 434
317 445
323 320
323 323
323 426
323 441
323 445
338 324
338 325
338 338
338 339
338 340
342 342
342 343
342 344
342 356
342 430
342 440
343 335
343 343
343 344
343 372
356 340
356 356
356 357
356 359
356 428
356 440
362 318
362 358
362 360
362 362
362 363
372 354
372 372
372 374
372 430
430 354
430 370
430 392
430 430
434 434
434 443
434 445
440 340
440 359
440 440
445 322
445 324
445 431
445 443
445 445
318 318
318 319
318 359
318 363
319 319
319 320
319 321
359 340
359 357
359 358
359 359
363 363
363 364
320 320
320 321
320 322
320 426
320 437
320 441
321 321
322 322
322 436
322 437
322 439
322 441
426 324
426 339
426 425
426 426
426 441
437 436
437 437
437 503
441 441
436 436
439 438
439 439
439 455
324 324
324 444
444 325
444 443
444 444
325 325
325 327
327 326
327 327
327 329
327 408
327 429
327 435
326 326
326 408
408 408
329 329
329 330
329 335
429 328
429 423
429 429
435 330
435 435
328 328
328 335
328 423
335 330
335 332
335 333
335 334
335 335
335 336
335 337
423 330
423 332
423 334
423 423
330 330
331 331
331 332
331 346
332 332
332 333
332 334
346 341
346 346
346 351
346 442
333 333
334 334
336 336
336 337
336 344
336 348
337 337
337 344
344 344
344 345
344 353
344 374
348 347
348 348
348 352
348 353
348 432
348 433
348 442
339 339
339 340
340 340
340 341
340 361
340 427
341 341
361 361
427 405
427 427
427 428
345 345
345 347
353 353
353 374
374 374
374 376
374 397
374 410
347 347
351 351
351 352
351 375
442 442
352 350
352 352
352 380
432 349
432 432
433 349
433 433
349 349
349 350
349 367
349 380
349 381
350 350
367 367
380 376
380 379
380 380
380 382
381 381
381 382
375 375
375 377
375 391
375 447
354 354
354 355
354 365
354 366
354 369
354 428
355 355
355 357
365 358
365 365
365 366
365 401
365 428
366 366
366 368
366 401
366 403
366 428
369 369
369 371
428 357
428 358
428 401
428 403
428 428
357 357
358 358
358 360
360 360
364 364
364 398
398 398
398 400
398 401
401 401
368 368
368 371
403 371
403 392
403 394
403 397
403 402
403 403
403 410
371 370
371 371
371 397
370 370
397 392
397 394
397 397
397 402
397 410
373 373
373 377
377 377
377 378
377 387
377 389
377 446
376 376
376 379
376 383
376 384
376 389
376 446
410 392
410 394
410 402
410 409
410 410
391 391
391 392
391 405
447 446
447 447
379 379
383 382
383 383
384 384
384 389
384 446
389 388
389 389
389 390
446 386
446 446
378 378
378 386
387 385
387 386
387 387
387 388
387 392
386 386
386 392
382 382
385 385
392 388
392 392
392 393
392 394
392 402
388 388
390 390
390 393
393 393
393 394
393 395
405 405
405 406
394 394
402 399
402 402
402 406
395 395
395 396
396 396
396 409
409 406
409 409
409 413
409 416
400 399
400 400
399 399
406 404
406 406
406 411
406 412
404 404
411 411
411 412
412 412
412 413
412 416
415 414
415 415
415 416
413 413
413 414
413 416
416 414
416 416
416 417
416 418
414 414
414 424
424 424
417 417
417 421
418 418
418 419
418 421
421 421
419 419
419 422
422 422
425 425
425 523
523 523
523 536
523 542
431 431
431 443
443 443
503 455
503 503
503 504
438 438
438 455
455 455
455 465
455 483
448 448
448 462
448 464
448 501
462 461
462 462
462 556
464 460
464 461
464 464
464 476
501 486
501 490
501 500
501 501
501 525
449 449
449 465
449 466
449 481
465 457
465 465
466 457
466 466
466 471
466 476
466 483
466 542
481 471
481 481
481 488
481 518
481 522
450 450
450 456
450 459
450 667
456 456
456 460
459 458
459 459
459 460
459 461
667 458
667 667
451 451
451 452
451 453
451 454
451 533
452 452
452 453
452 485
452 511
452 532
453 453
453 470
453 474
454 454
454 461
454 534
533 532
533 533
533 534
485 485
485 486
485 494
485 496
485 498
485 499
485 500
485 511
511 510
511 511
532 531
532 532
470 470
470 474
470 546
474 474
474 596
461 461
534 534
534 556
483 483
483 518
460 460
460 476
460 541
457 457
457 541
541 541
458 458
458 478
478 463
478 473
478 478
478 479
476 471
476 476
476 530
556 556
556 557
556 638
463 463
463 472
463 664
472 472
472 477
472 482
472 665
664 468
664 664
471 471
471 488
471 522
542 530
542 542
467 467
467 475
467 480
467 500
475 475
475 480
475 487
480 480
480 488
480 522
480 525
500 500
468 468
468 473
473 473
473 524
473 665
469 469
469 477
469 484
469 545
469 596
469 597
477 477
477 576
477 596
484 482
484 484
484 544
484 545
545 544
545 545
596 547
596 548
596 595
596 596
596 601
597 538
597 597
546 544
546 546
488 487
488 488
488 490
488 491
488 502
488 507
488 518
488 522
488 535
522 521
522 522
482 482
665 631
665 665
524 479
524 524
524 557
487 487
487 498
530 521
530 530
576 538
576 558
576 559
576 561
576 574
576 576
479 479
525 521
525 525
518 518
544 544
544 547
544 548
486 486
486 520
486 537
494 494
494 516
494 543
496 495
496 496
496 497
496 499
496 520
498 498
498 499
499 499
520 489
520 520
537 513
537 537
537 543
490 490
490 521
491 491
491 497
491 502
491 507
491 519
491 535
491 539
502 502
502 539
507 504
507 505
507 506
507 507
507 535
535 529
535 535
535 536
489 489
489 513
489 526
489 528
513 513
513 515
513 531
526 519
526 526
526 528
526 529
528 508
528 528
521 521
497 497
497 519
497 539
519 495
519 519
539 539
492 492
492 505
492 508
492 514
505 505
508 495
508 508
514 509
514 512
514 514
514 515
493 493
493 510
510 510
510 516
510 527
516 509
516 516
516 543
543 512
543 543
495 495
504 504
506 506
509 509
527 527
512 512
515 515
531 531
536 536
557 555
557 557
529 529
538 538
547 547
548 548
549 549
549 550
549 554
549 562
549 611
549 635
549 642
549 653
550 550
550 652
554 554
554 613
554 626
562 561
562 562
562 563
562 647
611 553
611 555
611 611
611 644
611 663
635 614
635 626
635 635
642 564
642 642
653 653
652 590
652 652
652 662
652 663
551 551
551 552
551 553
551 578
551 629
551 640
552 552
552 582
552 583
552 590
552 604
552 648
552 649
553 553
553 577
553 590
553 606
553 616
553 622
553 633
553 657
578 560
578 578
578 604
578 624
629 624
629 628
629 629
640 640
640 641
640 644
582 579
582 581
582 582
582 602
582 605
583 583
583 605
583 621
590 590
590 602
590 628
604 603
604 604
604 643
604 650
648 581
648 610
648 648
649 603
649 618
649 649
577 559
577 577
577 589
577 594
606 595
606 606
606 607
606 620
606 654
616 558
616 589
616 616
622 589
622 608
622 622
633 632
633 633
657 589
657 608
657 657
613 563
613 568
613 612
613 613
626 555
626 626
555 555
555 631
555 634
631 631
631 637
631 638
634 634
638 638
558 558
558 560
558 600
560 560
560 565
560 566
600 573
600 574
600 600
559 559
559 561
559 599
561 561
561 564
561 602
599 574
599 599
599 646
565 565
565 567
565 568
565 624
565 641
566 566
566 568
566 575
566 644
564 563
564 564
564 569
564 623
602 602
602 623
563 563
563 569
563 612
647 572
647 614
647 647
569 567
569 568
569 569
569 570
569 639
569 662
612 568
612 612
612 644
623 623
623 624
623 628
567 567
568 568
624 624
641 641
575 575
575 617
575 658
644 639
644 644
644 658
644 663
570 570
570 592
570 651
639 639
662 662
592 571
592 592
592 651
651 617
651 619
651 651
571 571
571 572
571 659
572 572
572 646
659 659
646 636
646 646
573 573
573 617
573 636
617 617
636 636
574 574
658 658
589 588
589 589
594 591
594 593
594 594
579 579
579 580
580 580
580 581
580 585
580 610
580 618
581 581
585 585
585 586
585 660
610 598
610 610
610 660
618 584
618 598
618 618
605 586
605 605
621 584
621 609
621 621
621 660
584 584
584 645
645 587
645 598
645 645
586 586
586 588
660 660
588 587
588 588
588 591
588 608
587 587
587 643
643 643
643 661
591 591
591 593
591 607
608 607
608 608
608 609
628 628
593 593
593 595
593 601
607 607
595 595
595 601
601 601
598 598
598 603
598 650
603 603
650 650
620 620
620 654
654 654
609 609
609 661
661 661
663 637
663 663
614 614
619 619
632 632
632 655
637 637
637 656
655 655
655 656
656 656
681 681
