0 0
0 1
1 1
1 2
1 3
1 5
1 6
2 2
2 4
2 5
2 7
2 8
2 11
2 23
2 25
2 29
2 38
3 3
3 6
5 4
5 5
5 7
5 8
5 11
5 23
5 25
5 29
5 38
6 6
6 12
4 4
4 7
4 8
4 11
4 23
4 25
4 29
4 38
7 7
7 8
7 11
7 14
7 15
7 16
7 21
7 23
7 24
7 25
7 26
7 29
7 30
7 38
7 45
7 46
8 8
8 9
8 10
8 11
8 12
8 13
8 14
8 15
8 16
8 17
8 18
8 21
8 22
8 23
8 24
8 25
8 26
8 28
8 29
8 30
8 37
8 38
8 45
8 46
11 11
11 12
11 18
11 26
11 30
23 23
23 25
23 24
23 26
23 64
25 16
25 24
25 25
25 27
25 29
25 36
25 38
25 26
25 30
25 64
29 16
29 24
29 26
29 29
29 38
29 30
38 16
38 24
38 26
38 30
38 38
38 45
12 12
12 18
12 26
12 30
14 9
14 10
14 13
14 14
14 15
14 17
14 19
14 21
14 22
14 28
14 35
14 37
14 41
14 42
14 44
14 45
14 46
14 52
14 56
15 9
15 10
15 13
15 15
15 17
15 19
15 21
15 22
15 28
15 35
15 37
15 41
15 42
15 44
15 45
15 46
15 52
15 56
15 26
15 30
16 16
16 24
16 26
16 30
21 9
21 10
21 13
21 17
21 19
21 21
21 22
21 28
21 35
21 37
21 41
21 42
21 44
21 45
21 46
21 52
21 56
24 24
24 26
24 27
24 28
24 30
24 36
24 37
24 53
24 64
24 65
26 9
26 10
26 17
26 18
26 26
26 27
26 28
26 30
26 36
26 37
26 49
26 53
26 55
26 61
26 64
26 65
30 9
30 10
30 17
30 18
30 28
30 30
30 37
45 9
45 10
45 17
45 19
45 28
45 35
45 37
45 41
45 42
45 44
45 45
45 56
45 46
46 9
46 10
46 13
46 17
46 19
46 22
46 28
46 35
46 37
46 41
46 42
46 44
46 46
46 52
46 56
9 9
9 10
9 13
9 17
9 19
9 22
9 28
9 35
9 37
9 41
9 42
9 44
9 52
9 56
10 10
10 13
10 17
10 19
10 22
10 28
10 35
10 37
10 41
10 42
10 44
10 52
10 56
13 13
13 17
13 19
13 28
13 35
13 37
13 41
13 42
17 17
17 19
17 22
17 28
17 35
17 37
17 41
17 42
17 44
17 52
17 56
18 18
22 19
22 22
22 28
22 35
22 37
22 41
22 42
22 44
28 19
28 20
28 27
28 28
28 31
28 33
28 35
28 36
28 37
28 39
28 40
28 41
28 42
28 43
28 44
28 49
28 50
28 51
28 52
28 53
28 54
28 55
28 56
28 59
28 60
28 61
28 63
28 65
28 66
28 67
28 68
28 69
37 19
37 20
37 27
37 31
37 33
37 35
37 36
37 37
37 39
37 40
37 41
37 42
37 43
37 44
37 49
37 50
37 51
37 52
37 53
37 54
37 55
37 56
37 59
37 60
37 61
37 63
37 65
37 66
37 67
37 68
37 69
19 19
19 35
19 41
19 42
19 44
19 52
19 56
35 20
35 27
35 31
35 33
35 35
35 36
35 39
35 40
35 41
35 42
35 43
35 44
35 49
35 50
35 51
35 52
35 53
35 54
35 55
35 56
35 59
35 60
35 61
35 63
35 65
35 66
35 67
35 68
35 69
41 20
41 27
41 31
41 32
41 33
41 34
41 36
41 39
41 40
41 41
41 42
41 43
41 44
41 47
41 49
41 50
41 51
41 52
41 53
41 54
41 55
41 56
41 58
41 59
41 60
41 61
41 62
41 63
41 65
41 66
41 67
41 68
41 69
41 70
41 71
42 20
42 27
42 31
42 32
42 33
42 34
42 36
42 39
42 40
42 42
42 43
42 44
42 47
42 49
42 50
42 51
42 52
42 53
42 54
42 55
42 56
42 57
42 58
42 59
42 60
42 61
42 62
42 63
42 65
42 66
42 67
42 68
42 69
42 70
42 71
44 33
44 39
44 40
44 43
44 44
44 51
44 52
44 54
44 56
44 60
44 53
44 65
44 66
44 68
52 52
52 53
52 65
52 66
52 68
56 56
20 20
20 27
20 40
20 36
20 53
20 65
20 66
20 68
27 27
27 31
27 36
27 40
27 53
27 65
27 66
27 68
40 34
40 36
40 39
40 40
40 51
40 62
40 53
40 65
40 66
40 68
36 31
36 36
36 53
36 65
36 66
36 68
53 31
53 39
53 51
53 53
53 65
53 66
53 67
53 68
65 31
65 39
65 51
65 65
65 66
65 67
65 68
66 31
66 39
66 51
66 66
66 67
66 68
68 31
68 32
68 33
68 34
68 39
68 51
68 62
68 63
68 67
68 68
68 71
64 64
49 32
49 33
49 34
49 43
49 47
49 48
49 49
49 50
49 54
49 55
49 57
49 58
49 59
49 60
49 61
49 62
49 63
49 69
49 70
49 71
55 32
55 33
55 34
55 43
55 47
55 48
55 50
55 54
55 55
55 57
55 58
55 59
55 60
55 61
55 62
55 63
55 69
55 70
55 71
61 32
61 33
61 34
61 43
61 47
61 48
61 50
61 54
61 57
61 58
61 59
61 60
61 61
61 62
61 63
61 69
61 70
61 71
31 31
33 32
33 33
33 34
33 43
33 47
33 48
33 50
33 54
33 57
33 58
33 59
33 60
33 62
33 63
33 69
33 70
33 71
39 39
39 51
39 67
43 32
43 34
43 43
43 47
43 48
43 50
43 54
43 57
43 58
43 59
43 60
43 62
43 63
43 69
43 70
43 71
50 32
50 34
50 47
50 48
50 50
50 54
50 57
50 58
50 59
50 60
50 62
50 63
50 69
50 70
50 71
51 51
54 32
54 34
54 47
54 48
54 54
54 57
54 58
54 60
54 62
54 59
54 63
54 69
54 71
59 32
59 34
59 47
59 48
59 57
59 58
59 59
59 60
59 62
59 63
59 69
59 70
59 71
60 32
60 34
60 47
60 48
60 57
60 58
60 60
60 62
60 63
60 69
60 71
63 32
63 34
63 47
63 48
63 57
63 58
63 62
63 63
63 69
63 70
63 71
67 67
69 32
69 34
69 47
69 48
69 57
69 58
69 62
69 69
69 70
69 71
32 32
32 34
32 47
32 48
32 57
32 58
32 62
32 70
32 71
34 34
34 47
34 57
34 62
34 48
34 71
47 47
47 57
47 62
47 70
47 48
47 71
48 48
48 57
48 58
48 62
48 70
48 71
57 57
57 62
57 71
58 58
58 71
62 62
62 71
70 70
70 71
71 71
