0 0
0 50
0 69
0 72
0 81
0 82
0 84
0 85
0 86
0 87
0 89
0 99
0 102
0 108
0 111
0 112
0 113
0 114
0 120
0 122
0 133
0 150
0 157
0 158
0 160
0 163
0 170
0 180
0 187
0 189
0 190
0 204
0 283
0 5
0 12
0 17
0 26
0 27
0 35
0 38
0 40
0 44
0 51
0 62
0 65
0 66
0 70
0 71
0 78
0 79
0 98
0 101
0 103
0 104
0 107
0 116
0 117
0 149
0 153
0 156
0 162
0 165
0 168
0 175
0 188
0 191
0 192
0 196
0 203
0 222
0 225
0 229
0 235
0 239
0 251
0 253
0 257
0 258
0 259
0 262
0 269
0 274
0 275
0 276
0 278
0 279
0 300
0 338
0 342
0 346
50 5
50 12
50 17
50 21
50 26
50 27
50 35
50 38
50 40
50 50
50 51
50 61
50 69
50 72
50 75
50 81
50 82
50 84
50 85
50 86
50 87
50 89
50 98
50 99
50 102
50 106
50 107
50 108
50 111
50 112
50 113
50 114
50 116
50 117
50 120
50 122
50 133
50 149
50 150
50 156
50 157
50 158
50 159
50 160
50 162
50 163
50 165
50 168
50 169
50 170
50 176
50 180
50 187
50 188
50 189
50 190
50 192
50 203
50 204
50 239
50 240
50 243
50 251
50 252
50 253
50 254
50 255
50 257
50 258
50 259
50 262
50 269
50 270
50 274
50 275
50 276
50 279
50 281
50 283
50 342
50 346
50 65
50 70
50 71
50 78
50 79
50 92
50 103
50 104
50 191
50 196
50 222
50 300
50 338
69 5
69 12
69 17
69 26
69 27
69 35
69 38
69 40
69 51
69 61
69 65
69 69
69 72
69 75
69 81
69 82
69 84
69 85
69 86
69 87
69 89
69 99
69 102
69 108
69 111
69 112
69 113
69 114
69 120
69 122
69 133
69 150
69 157
69 158
69 160
69 163
69 170
69 180
69 187
69 189
69 190
69 203
69 204
69 239
69 240
69 243
69 252
69 254
69 255
69 283
69 70
69 71
69 78
69 79
69 92
69 98
69 103
69 104
69 107
69 116
69 117
69 149
69 156
69 162
69 165
69 168
69 188
69 191
69 192
69 196
69 222
69 235
69 251
69 253
69 257
69 258
69 259
69 262
69 269
69 274
69 275
69 276
69 279
69 300
69 338
69 342
69 346
72 13
72 17
72 26
72 51
72 52
72 65
72 70
72 71
72 72
72 82
72 84
72 85
72 86
72 87
72 99
72 102
72 111
72 113
72 114
72 120
72 122
72 133
72 150
72 158
72 160
72 180
72 190
72 204
72 79
72 81
72 89
72 98
72 107
72 116
72 117
72 149
72 153
72 155
72 156
72 162
72 163
72 165
72 168
72 170
72 175
72 187
72 188
72 191
72 192
72 203
72 222
72 225
72 235
72 239
72 251
72 253
72 257
72 259
72 262
72 269
72 274
72 275
72 276
72 279
72 342
72 346
81 17
81 21
81 26
81 51
81 61
81 65
81 70
81 71
81 75
81 79
81 81
81 82
81 84
81 85
81 86
81 87
81 89
81 98
81 99
81 102
81 106
81 107
81 108
81 111
81 112
81 113
81 114
81 116
81 117
81 120
81 122
81 133
81 149
81 150
81 156
81 157
81 158
81 159
81 160
81 162
81 163
81 165
81 168
81 169
81 170
81 176
81 180
81 187
81 188
81 189
81 190
81 192
81 203
81 204
81 239
81 240
81 243
81 251
81 252
81 253
81 254
81 255
81 257
81 258
81 259
81 262
81 269
81 270
81 274
81 275
81 276
81 279
81 281
81 283
81 342
81 346
81 153
81 154
81 175
81 191
81 222
81 225
81 235
82 13
82 17
82 26
82 51
82 52
82 61
82 65
82 70
82 71
82 79
82 82
82 84
82 85
82 86
82 87
82 99
82 102
82 111
82 113
82 114
82 120
82 122
82 133
82 150
82 158
82 160
82 180
82 190
82 204
82 89
82 98
82 107
82 112
82 116
82 117
82 149
82 153
82 155
82 156
82 162
82 163
82 165
82 168
82 170
82 175
82 187
82 188
82 191
82 192
82 203
82 222
82 225
82 235
82 239
82 251
82 252
82 253
82 254
82 257
82 259
82 262
82 269
82 274
82 275
82 276
82 279
82 342
82 346
84 13
84 17
84 23
84 26
84 51
84 52
84 61
84 65
84 70
84 71
84 75
84 79
84 84
84 85
84 86
84 87
84 99
84 102
84 111
84 113
84 114
84 120
84 122
84 133
84 150
84 158
84 160
84 180
84 190
84 204
84 240
84 243
84 255
84 89
84 98
84 107
84 116
84 117
84 149
84 153
84 155
84 156
84 162
84 163
84 165
84 168
84 170
84 175
84 187
84 188
84 191
84 192
84 203
84 222
84 225
84 235
84 239
84 251
84 252
84 253
84 257
84 259
84 262
84 269
84 274
84 275
84 276
84 279
84 342
84 346
85 17
85 26
85 51
85 61
85 65
85 70
85 71
85 75
85 79
85 85
85 86
85 87
85 99
85 102
85 106
85 111
85 113
85 114
85 120
85 122
85 133
85 149
85 150
85 158
85 159
85 160
85 180
85 190
85 204
85 240
85 243
85 255
85 270
85 274
85 89
85 98
85 107
85 116
85 117
85 156
85 162
85 163
85 165
85 168
85 170
85 187
85 188
85 191
85 192
85 203
85 222
85 239
85 251
85 252
85 253
85 257
85 259
85 262
85 269
85 275
85 276
85 279
85 342
85 346
86 17
86 26
86 51
86 52
86 61
86 71
86 86
86 204
86 87
86 89
86 98
86 99
86 102
86 104
86 107
86 111
86 112
86 114
86 116
86 117
86 120
86 122
86 133
86 149
86 150
86 156
86 158
86 162
86 163
86 165
86 168
86 170
86 180
86 187
86 188
86 190
86 192
86 203
86 222
86 235
86 239
86 251
86 252
86 253
86 254
86 257
86 259
86 262
86 269
86 274
86 275
86 276
86 279
86 342
86 346
87 5
87 12
87 17
87 26
87 27
87 35
87 38
87 40
87 51
87 65
87 70
87 71
87 78
87 79
87 87
87 89
87 99
87 102
87 108
87 111
87 112
87 113
87 114
87 120
87 122
87 133
87 150
87 157
87 158
87 160
87 163
87 170
87 180
87 187
87 189
87 190
87 204
87 283
87 98
87 103
87 104
87 107
87 116
87 117
87 149
87 156
87 162
87 165
87 168
87 188
87 191
87 192
87 196
87 203
87 222
87 239
87 251
87 253
87 257
87 259
87 262
87 269
87 274
87 275
87 276
87 279
87 300
87 338
87 342
87 346
89 5
89 12
89 17
89 21
89 26
89 27
89 35
89 38
89 40
89 51
89 61
89 65
89 70
89 71
89 75
89 78
89 79
89 89
89 98
89 99
89 102
89 106
89 107
89 108
89 111
89 112
89 113
89 114
89 116
89 117
89 120
89 122
89 133
89 149
89 150
89 156
89 157
89 158
89 159
89 160
89 162
89 163
89 165
89 168
89 169
89 170
89 176
89 180
89 187
89 188
89 189
89 190
89 192
89 203
89 204
89 239
89 240
89 243
89 251
89 252
89 253
89 254
89 255
89 257
89 258
89 259
89 262
89 269
89 270
89 274
89 275
89 276
89 279
89 281
89 283
89 342
89 346
89 92
89 103
89 104
89 153
89 154
89 175
89 191
89 196
89 222
89 225
89 235
89 300
89 338
99 5
99 12
99 17
99 26
99 27
99 35
99 38
99 40
99 44
99 51
99 52
99 53
99 62
99 65
99 70
99 71
99 78
99 79
99 98
99 99
99 102
99 108
99 111
99 112
99 113
99 114
99 120
99 122
99 133
99 150
99 157
99 158
99 160
99 163
99 170
99 180
99 187
99 189
99 190
99 204
99 283
99 101
99 103
99 104
99 107
99 116
99 117
99 149
99 153
99 156
99 162
99 165
99 168
99 175
99 188
99 191
99 192
99 196
99 203
99 222
99 225
99 229
99 235
99 239
99 251
99 253
99 257
99 259
99 262
99 269
99 274
99 275
99 276
99 278
99 279
99 300
99 338
99 342
99 346
102 5
102 12
102 17
102 26
102 27
102 35
102 38
102 40
102 51
102 61
102 65
102 70
102 71
102 75
102 78
102 79
102 92
102 98
102 102
102 108
102 111
102 112
102 113
102 114
102 120
102 122
102 133
102 150
102 157
102 158
102 160
102 163
102 170
102 180
102 187
102 189
102 190
102 203
102 204
102 239
102 240
102 243
102 252
102 254
102 255
102 283
102 103
102 104
102 107
102 116
102 117
102 149
102 156
102 162
102 165
102 168
102 188
102 191
102 192
102 196
102 222
102 251
102 253
102 257
102 259
102 262
102 269
102 274
102 275
102 276
102 279
102 300
102 338
102 342
102 346
108 17
108 26
108 51
108 62
108 65
108 66
108 70
108 71
108 98
108 101
108 107
108 108
108 112
108 157
108 163
108 170
108 187
108 189
108 283
108 116
108 117
108 149
108 150
108 153
108 156
108 162
108 165
108 168
108 175
108 180
108 188
108 191
108 192
108 203
108 222
108 225
108 235
108 239
108 251
108 253
108 257
108 258
108 259
108 262
108 269
108 274
108 275
108 276
108 279
108 342
108 346
111 17
111 26
111 51
111 52
111 53
111 62
111 65
111 70
111 71
111 98
111 101
111 107
111 111
111 113
111 114
111 120
111 122
111 133
111 150
111 158
111 160
111 180
111 190
111 204
111 116
111 117
111 149
111 153
111 156
111 162
111 163
111 165
111 168
111 170
111 175
111 187
111 188
111 191
111 192
111 203
111 222
111 225
111 235
111 239
111 251
111 253
111 257
111 259
111 262
111 269
111 274
111 275
111 276
111 279
111 342
111 346
112 17
112 26
112 51
112 61
112 71
112 98
112 107
112 112
112 113
112 157
112 163
112 170
112 187
112 189
112 203
112 204
112 239
112 252
112 254
112 283
112 116
112 117
112 149
112 150
112 156
112 162
112 165
112 168
112 180
112 188
112 192
112 222
112 235
112 251
112 253
112 257
112 258
112 259
112 262
112 269
112 274
112 275
112 276
112 279
112 342
112 346
113 17
113 26
113 51
113 52
113 61
113 71
113 98
113 107
113 113
113 114
113 116
113 117
113 120
113 122
113 133
113 149
113 150
113 156
113 158
113 162
113 163
113 165
113 168
113 170
113 180
113 187
113 188
113 190
113 192
113 203
113 204
113 222
113 235
113 239
113 251
113 252
113 253
113 254
113 257
113 259
113 262
113 269
113 274
113 275
113 276
113 279
113 342
113 346
114 17
114 26
114 51
114 61
114 71
114 75
114 98
114 107
114 114
114 120
114 122
114 133
114 150
114 158
114 160
114 180
114 190
114 204
114 240
114 243
114 255
114 116
114 117
114 149
114 156
114 162
114 163
114 165
114 168
114 170
114 187
114 188
114 192
114 203
114 222
114 239
114 251
114 252
114 253
114 257
114 259
114 262
114 269
114 274
114 275
114 276
114 279
114 342
114 346
120 13
120 17
120 26
120 51
120 52
120 53
120 62
120 65
120 70
120 71
120 79
120 98
120 101
120 107
120 116
120 117
120 120
120 122
120 133
120 150
120 158
120 160
120 180
120 190
120 204
120 149
120 153
120 155
120 156
120 162
120 163
120 165
120 168
120 170
120 175
120 187
120 188
120 191
120 192
120 203
120 222
120 225
120 235
120 239
120 251
120 253
120 257
120 259
120 262
120 269
120 274
120 275
120 276
120 279
120 342
120 346
122 13
122 17
122 23
122 26
122 51
122 52
122 61
122 65
122 70
122 71
122 75
122 79
122 98
122 107
122 116
122 117
122 122
122 133
122 150
122 158
122 160
122 180
122 190
122 204
122 240
122 243
122 255
122 149
122 153
122 155
122 156
122 162
122 163
122 165
122 168
122 170
122 175
122 187
122 188
122 191
122 192
122 203
122 222
122 225
122 235
122 239
122 251
122 252
122 253
122 257
122 259
122 262
122 269
122 274
122 275
122 276
122 279
122 342
122 346
133 17
133 26
133 51
133 71
133 98
133 107
133 116
133 117
133 133
133 150
133 158
133 160
133 180
133 190
133 204
133 149
133 156
133 162
133 163
133 165
133 168
133 170
133 187
133 188
133 192
133 203
133 239
133 251
133 253
133 257
133 259
133 262
133 269
133 274
133 275
133 276
133 279
133 342
133 346
150 5
150 12
150 17
150 21
150 26
150 27
150 35
150 38
150 40
150 51
150 65
150 70
150 71
150 78
150 79
150 98
150 103
150 104
150 106
150 107
150 116
150 117
150 149
150 150
150 157
150 158
150 160
150 163
150 169
150 170
150 176
150 180
150 187
150 189
150 190
150 204
150 258
150 281
150 283
150 342
150 346
150 156
150 159
150 162
150 165
150 168
150 188
150 191
150 192
150 196
150 203
150 222
150 239
150 243
150 251
150 253
150 257
150 259
150 262
150 269
150 270
150 274
150 275
150 276
150 279
150 300
150 338
157 17
157 21
157 26
157 51
157 65
157 70
157 71
157 79
157 98
157 107
157 116
157 117
157 149
157 153
157 154
157 156
157 157
157 163
157 169
157 170
157 176
157 187
157 189
157 258
157 281
157 283
157 342
157 346
157 162
157 165
157 168
157 175
157 180
157 188
157 191
157 192
157 203
157 222
157 225
157 235
157 239
157 251
157 253
157 257
157 259
157 262
157 269
157 274
157 275
157 276
157 279
158 13
158 17
158 26
158 51
158 52
158 65
158 70
158 71
158 79
158 98
158 107
158 116
158 117
158 149
158 153
158 155
158 156
158 158
158 160
158 180
158 190
158 204
158 162
158 163
158 165
158 168
158 170
158 175
158 187
158 188
158 191
158 192
158 203
158 222
158 225
158 235
158 239
158 251
158 253
158 257
158 259
158 262
158 269
158 274
158 275
158 276
158 279
158 342
158 346
160 17
160 26
160 51
160 65
160 70
160 71
160 79
160 98
160 106
160 107
160 116
160 117
160 149
160 156
160 159
160 160
160 162
160 163
160 165
160 168
160 170
160 180
160 187
160 188
160 190
160 191
160 192
160 203
160 204
160 222
160 239
160 243
160 251
160 253
160 257
160 259
160 262
160 269
160 270
160 274
160 275
160 276
160 279
160 342
160 346
163 5
163 12
163 17
163 21
163 26
163 27
163 35
163 38
163 40
163 51
163 65
163 70
163 71
163 78
163 79
163 98
163 103
163 104
163 107
163 116
163 117
163 149
163 153
163 154
163 156
163 162
163 163
163 169
163 170
163 176
163 180
163 187
163 189
163 190
163 204
163 258
163 281
163 283
163 342
163 346
163 165
163 168
163 175
163 188
163 191
163 192
163 196
163 203
163 222
163 225
163 235
163 239
163 251
163 253
163 257
163 259
163 262
163 269
163 274
163 275
163 276
163 279
163 300
163 338
170 5
170 12
170 17
170 26
170 27
170 35
170 38
170 40
170 51
170 65
170 70
170 71
170 78
170 79
170 98
170 103
170 104
170 107
170 116
170 117
170 149
170 156
170 162
170 165
170 168
170 170
170 180
170 187
170 189
170 190
170 204
170 283
170 188
170 191
170 192
170 196
170 203
170 222
170 239
170 251
170 253
170 257
170 258
170 259
170 262
170 269
170 274
170 275
170 276
170 279
170 300
170 338
170 342
170 346
180 5
180 12
180 17
180 26
180 27
180 35
180 38
180 40
180 44
180 51
180 52
180 53
180 62
180 65
180 70
180 71
180 78
180 79
180 98
180 101
180 103
180 104
180 107
180 116
180 117
180 149
180 153
180 156
180 162
180 165
180 168
180 175
180 180
180 187
180 189
180 190
180 204
180 283
180 188
180 191
180 192
180 196
180 203
180 222
180 225
180 229
180 235
180 239
180 251
180 253
180 257
180 259
180 262
180 269
180 274
180 275
180 276
180 278
180 279
180 300
180 338
180 342
180 346
187 5
187 12
187 17
187 26
187 27
187 35
187 38
187 40
187 44
187 51
187 62
187 65
187 66
187 70
187 71
187 78
187 79
187 98
187 101
187 103
187 104
187 107
187 116
187 117
187 149
187 153
187 156
187 162
187 165
187 168
187 175
187 187
187 189
187 190
187 204
187 283
187 188
187 191
187 192
187 196
187 203
187 222
187 225
187 229
187 235
187 239
187 251
187 253
187 257
187 258
187 259
187 262
187 269
187 274
187 275
187 276
187 278
187 279
187 300
187 338
187 342
187 346
189 17
189 26
189 51
189 62
189 65
189 66
189 70
189 71
189 98
189 101
189 107
189 116
189 117
189 149
189 153
189 156
189 162
189 165
189 168
189 175
189 188
189 189
189 283
189 191
189 192
189 203
189 222
189 225
189 235
189 239
189 251
189 253
189 257
189 258
189 259
189 262
189 269
189 274
189 275
189 276
189 279
189 342
189 346
190 17
190 26
190 51
190 52
190 53
190 62
190 65
190 70
190 71
190 98
190 101
190 107
190 116
190 117
190 149
190 153
190 156
190 162
190 165
190 168
190 175
190 188
190 190
190 204
190 191
190 192
190 203
190 222
190 225
190 235
190 239
190 251
190 253
190 257
190 259
190 262
190 269
190 274
190 275
190 276
190 279
190 342
190 346
204 17
204 26
204 51
204 52
204 53
204 61
204 62
204 65
204 70
204 71
204 98
204 101
204 104
204 107
204 116
204 117
204 149
204 153
204 156
204 162
204 165
204 168
204 175
204 188
204 191
204 192
204 203
204 204
204 222
204 225
204 235
204 239
204 251
204 252
204 253
204 254
204 257
204 259
204 262
204 269
204 274
204 275
204 276
204 279
204 342
204 346
283 17
283 26
283 51
283 71
283 98
283 107
283 116
283 117
283 149
283 156
283 162
283 165
283 168
283 188
283 192
283 203
283 222
283 239
283 251
283 253
283 257
283 258
283 259
283 262
283 269
283 274
283 275
283 276
283 279
283 283
283 342
283 346
5 1
5 4
5 5
5 6
5 7
5 8
5 12
5 13
5 15
5 17
5 21
5 23
5 26
5 27
5 28
5 29
5 32
5 33
5 34
5 35
5 36
5 37
5 38
5 39
5 40
5 41
5 42
5 51
5 52
5 53
5 58
5 61
5 62
5 64
5 65
5 66
5 70
5 71
5 76
5 77
5 78
5 79
5 92
5 93
5 94
5 96
5 97
5 98
5 100
5 101
5 103
5 104
5 105
5 110
5 123
5 124
5 139
5 141
5 143
5 146
5 148
5 149
5 152
5 153
5 154
5 155
5 156
5 159
5 161
5 162
5 164
5 165
5 166
5 168
5 169
5 173
5 175
5 177
5 182
5 185
5 188
5 191
5 192
5 194
5 196
5 199
5 203
5 209
5 215
5 218
5 219
5 222
5 223
5 224
5 225
5 232
5 235
5 236
5 241
5 244
5 247
5 248
5 249
5 250
5 252
5 253
5 256
5 265
5 266
5 269
5 270
5 274
5 275
5 276
5 279
5 284
5 298
5 299
5 300
5 301
5 302
5 307
5 308
5 310
5 311
5 314
5 316
5 317
5 319
5 320
5 323
5 324
5 325
5 326
5 330
5 331
5 332
5 336
5 338
5 341
5 343
5 344
5 345
5 346
5 347
5 348
5 356
5 363
5 57
5 90
5 140
5 197
5 220
5 229
5 278
5 339
12 1
12 2
12 4
12 6
12 7
12 8
12 12
12 13
12 15
12 17
12 21
12 23
12 26
12 27
12 28
12 29
12 32
12 33
12 34
12 35
12 36
12 37
12 38
12 39
12 40
12 41
12 42
12 51
12 52
12 53
12 58
12 61
12 62
12 64
12 65
12 66
12 70
12 71
12 76
12 77
12 78
12 79
12 92
12 93
12 94
12 96
12 97
12 98
12 100
12 101
12 103
12 104
12 105
12 110
12 123
12 124
12 139
12 141
12 143
12 146
12 148
12 149
12 152
12 153
12 154
12 155
12 156
12 159
12 161
12 162
12 164
12 165
12 166
12 168
12 169
12 173
12 175
12 177
12 182
12 185
12 188
12 191
12 192
12 194
12 196
12 199
12 203
12 209
12 215
12 218
12 219
12 222
12 223
12 224
12 225
12 232
12 235
12 236
12 241
12 244
12 247
12 248
12 249
12 250
12 252
12 253
12 256
12 265
12 266
12 269
12 270
12 274
12 275
12 276
12 279
12 284
12 298
12 299
12 300
12 301
12 302
12 307
12 308
12 310
12 311
12 314
12 316
12 317
12 319
12 320
12 323
12 324
12 325
12 326
12 330
12 331
12 332
12 336
12 338
12 341
12 343
12 344
12 345
12 346
12 347
12 348
12 356
12 363
12 20
12 30
12 57
12 59
12 90
12 140
12 197
12 220
12 229
12 278
12 321
12 339
17 17
17 21
17 26
17 51
17 61
17 75
17 98
17 106
17 107
17 116
17 117
17 149
17 156
17 159
17 162
17 165
17 168
17 169
17 176
17 188
17 192
17 203
17 239
17 240
17 243
17 251
17 252
17 253
17 254
17 255
17 257
17 258
17 259
17 262
17 269
17 270
17 274
17 275
17 276
17 279
17 281
17 342
17 346
17 27
17 35
17 38
17 40
17 65
17 70
17 71
17 153
17 175
17 191
17 196
17 222
17 225
17 229
17 235
17 278
17 300
26 8
26 21
26 26
26 51
26 61
26 75
26 98
26 106
26 107
26 116
26 117
26 149
26 156
26 159
26 162
26 165
26 168
26 169
26 176
26 188
26 192
26 203
26 239
26 240
26 243
26 251
26 252
26 253
26 254
26 255
26 257
26 258
26 259
26 262
26 269
26 270
26 274
26 275
26 276
26 279
26 281
26 342
26 346
26 27
26 30
26 35
26 38
26 40
26 65
26 70
26 71
26 191
26 196
26 222
26 278
26 300
27 1
27 2
27 4
27 6
27 7
27 8
27 13
27 15
27 20
27 21
27 23
27 27
27 28
27 29
27 32
27 33
27 34
27 35
27 36
27 37
27 38
27 39
27 40
27 41
27 42
27 51
27 52
27 53
27 58
27 61
27 62
27 64
27 65
27 66
27 70
27 71
27 76
27 77
27 78
27 79
27 92
27 93
27 94
27 96
27 97
27 98
27 100
27 101
27 103
27 104
27 105
27 110
27 123
27 124
27 139
27 141
27 143
27 146
27 148
27 149
27 152
27 153
27 154
27 155
27 156
27 159
27 161
27 162
27 164
27 165
27 166
27 168
27 169
27 173
27 175
27 177
27 182
27 185
27 188
27 191
27 192
27 194
27 196
27 199
27 203
27 209
27 215
27 218
27 219
27 222
27 223
27 224
27 225
27 232
27 235
27 236
27 241
27 244
27 247
27 248
27 249
27 250
27 252
27 253
27 256
27 265
27 266
27 269
27 270
27 274
27 275
27 276
27 279
27 284
27 298
27 299
27 300
27 301
27 302
27 307
27 308
27 310
27 311
27 314
27 316
27 317
27 319
27 320
27 323
27 324
27 325
27 326
27 330
27 331
27 332
27 336
27 338
27 341
27 343
27 344
27 345
27 346
27 347
27 348
27 356
27 363
27 30
27 57
27 59
27 90
27 140
27 229
27 278
27 321
35 1
35 4
35 6
35 7
35 8
35 13
35 15
35 21
35 23
35 28
35 29
35 32
35 33
35 34
35 35
35 36
35 37
35 38
35 39
35 40
35 41
35 42
35 51
35 52
35 53
35 58
35 61
35 62
35 64
35 65
35 66
35 70
35 71
35 76
35 77
35 78
35 79
35 92
35 93
35 94
35 96
35 97
35 98
35 100
35 101
35 103
35 104
35 105
35 110
35 123
35 124
35 139
35 141
35 143
35 146
35 148
35 149
35 152
35 153
35 154
35 155
35 156
35 159
35 161
35 162
35 164
35 165
35 166
35 168
35 169
35 173
35 175
35 177
35 182
35 185
35 188
35 191
35 192
35 194
35 196
35 199
35 203
35 209
35 215
35 218
35 219
35 222
35 223
35 224
35 225
35 232
35 235
35 236
35 241
35 244
35 247
35 248
35 249
35 250
35 252
35 253
35 256
35 265
35 266
35 269
35 270
35 274
35 275
35 276
35 279
35 284
35 298
35 299
35 300
35 301
35 302
35 307
35 308
35 310
35 311
35 314
35 316
35 317
35 319
35 320
35 323
35 324
35 325
35 326
35 330
35 331
35 332
35 336
35 338
35 341
35 343
35 344
35 345
35 346
35 347
35 348
35 356
35 363
38 1
38 4
38 6
38 7
38 8
38 13
38 15
38 21
38 23
38 28
38 29
38 32
38 33
38 34
38 36
38 37
38 38
38 39
38 40
38 41
38 42
38 51
38 52
38 53
38 58
38 61
38 62
38 64
38 65
38 66
38 70
38 71
38 76
38 77
38 78
38 79
38 92
38 93
38 94
38 96
38 97
38 98
38 100
38 101
38 103
38 104
38 105
38 110
38 123
38 124
38 139
38 141
38 143
38 146
38 148
38 149
38 152
38 153
38 154
38 155
38 156
38 159
38 161
38 162
38 164
38 165
38 166
38 168
38 169
38 173
38 175
38 177
38 182
38 185
38 188
38 191
38 192
38 194
38 196
38 199
38 203
38 209
38 215
38 218
38 219
38 222
38 223
38 224
38 225
38 232
38 235
38 236
38 241
38 244
38 247
38 248
38 249
38 250
38 252
38 253
38 256
38 265
38 266
38 269
38 270
38 274
38 275
38 276
38 279
38 284
38 298
38 299
38 300
38 301
38 302
38 307
38 308
38 310
38 311
38 314
38 316
38 317
38 319
38 320
38 323
38 324
38 325
38 326
38 330
38 331
38 332
38 336
38 338
38 341
38 343
38 344
38 345
38 346
38 347
38 348
38 356
38 363
38 57
38 90
38 140
38 197
38 220
38 229
38 278
38 339
40 1
40 4
40 6
40 7
40 8
40 13
40 15
40 21
40 23
40 28
40 29
40 32
40 33
40 34
40 36
40 37
40 39
40 40
40 41
40 42
40 51
40 52
40 53
40 58
40 61
40 62
40 64
40 65
40 66
40 70
40 71
40 76
40 77
40 78
40 79
40 92
40 93
40 94
40 96
40 97
40 98
40 100
40 101
40 103
40 104
40 105
40 110
40 123
40 124
40 139
40 141
40 143
40 146
40 148
40 149
40 152
40 153
40 154
40 155
40 156
40 159
40 161
40 162
40 164
40 165
40 166
40 168
40 169
40 173
40 175
40 177
40 182
40 185
40 188
40 191
40 192
40 194
40 196
40 199
40 203
40 209
40 215
40 218
40 219
40 222
40 223
40 224
40 225
40 232
40 235
40 236
40 241
40 244
40 247
40 248
40 249
40 250
40 252
40 253
40 256
40 265
40 266
40 269
40 270
40 274
40 275
40 276
40 279
40 284
40 298
40 299
40 300
40 301
40 302
40 307
40 308
40 310
40 311
40 314
40 316
40 317
40 319
40 320
40 323
40 324
40 325
40 326
40 330
40 331
40 332
40 336
40 338
40 341
40 343
40 344
40 345
40 346
40 347
40 348
40 356
40 363
40 57
40 90
40 140
40 197
40 220
40 229
40 278
40 339
44 2
44 3
44 4
44 10
44 14
44 16
44 19
44 20
44 29
44 30
44 37
44 43
44 44
44 45
44 46
44 47
44 48
44 49
44 62
44 63
44 67
44 77
44 78
44 95
44 96
44 97
44 101
44 103
44 110
44 115
44 123
44 125
44 128
44 131
44 137
44 138
44 144
44 151
44 161
44 173
44 184
44 185
44 206
44 211
44 228
44 236
44 245
44 256
44 288
44 318
44 332
44 351
44 358
44 57
44 59
44 90
44 126
44 140
44 167
44 183
44 193
44 197
44 200
44 201
44 207
44 210
44 213
44 214
44 220
44 229
44 246
44 272
44 273
44 278
44 282
44 286
44 287
44 289
44 292
44 297
44 306
44 321
44 335
44 337
44 339
44 349
44 352
51 21
51 51
51 61
51 75
51 98
51 106
51 107
51 116
51 117
51 149
51 156
51 159
51 162
51 165
51 168
51 169
51 176
51 188
51 192
51 203
51 239
51 240
51 243
51 251
51 252
51 253
51 254
51 255
51 257
51 258
51 259
51 262
51 269
51 270
51 274
51 275
51 276
51 279
51 281
51 342
51 346
51 65
51 70
51 71
51 92
51 104
51 191
51 196
51 222
51 300
62 1
62 4
62 6
62 7
62 13
62 14
62 15
62 19
62 20
62 29
62 30
62 33
62 34
62 37
62 39
62 41
62 42
62 45
62 49
62 52
62 53
62 55
62 56
62 62
62 63
62 66
62 93
62 101
62 110
62 125
62 134
62 136
62 144
62 155
62 65
62 70
62 71
62 79
62 90
62 105
62 132
62 142
62 145
62 151
62 153
62 154
62 167
62 175
62 182
62 191
62 193
62 196
62 209
62 215
62 222
62 223
62 224
62 225
62 229
62 232
62 235
62 260
62 264
62 268
62 278
62 289
62 300
65 1
65 4
65 6
65 7
65 8
65 13
65 14
65 15
65 21
65 22
65 23
65 28
65 29
65 32
65 33
65 34
65 36
65 37
65 39
65 41
65 42
65 52
65 53
65 55
65 56
65 58
65 61
65 63
65 64
65 65
65 66
65 70
65 71
65 75
65 76
65 77
65 78
65 79
65 92
65 93
65 94
65 96
65 97
65 98
65 100
65 101
65 103
65 104
65 105
65 106
65 107
65 110
65 116
65 117
65 123
65 124
65 125
65 132
65 134
65 136
65 139
65 141
65 142
65 143
65 144
65 145
65 146
65 148
65 149
65 152
65 153
65 154
65 155
65 156
65 159
65 161
65 162
65 164
65 165
65 166
65 168
65 169
65 173
65 174
65 175
65 176
65 177
65 182
65 185
65 188
65 191
65 192
65 194
65 196
65 199
65 203
65 209
65 215
65 218
65 219
65 222
65 223
65 224
65 225
65 226
65 227
65 232
65 235
65 236
65 239
65 240
65 241
65 243
65 244
65 247
65 248
65 249
65 250
65 251
65 252
65 253
65 256
65 258
65 259
65 260
65 262
65 264
65 265
65 266
65 268
65 269
65 270
65 274
65 275
65 276
65 279
65 281
65 284
65 298
65 299
65 300
65 301
65 302
65 307
65 308
65 310
65 311
65 314
65 316
65 317
65 319
65 320
65 323
65 324
65 325
65 326
65 330
65 331
65 332
65 336
65 338
65 341
65 342
65 343
65 344
65 345
65 346
65 347
65 348
65 356
65 363
66 4
66 6
66 14
66 15
66 29
66 33
66 37
66 39
66 41
66 55
66 63
66 66
66 134
66 144
66 70
66 71
66 79
66 101
66 105
66 110
66 125
66 132
66 142
66 145
66 153
66 154
66 175
66 182
66 191
66 196
66 209
66 215
66 222
66 223
66 224
66 225
66 232
66 235
66 260
66 264
66 268
66 300
70 1
70 2
70 4
70 6
70 7
70 8
70 13
70 14
70 15
70 20
70 21
70 22
70 23
70 28
70 29
70 30
70 32
70 33
70 34
70 36
70 37
70 39
70 41
70 42
70 52
70 53
70 55
70 56
70 57
70 58
70 59
70 61
70 63
70 64
70 70
70 71
70 75
70 76
70 77
70 78
70 79
70 92
70 93
70 94
70 96
70 97
70 98
70 100
70 101
70 103
70 104
70 105
70 106
70 107
70 110
70 116
70 117
70 123
70 124
70 125
70 132
70 134
70 136
70 139
70 141
70 142
70 143
70 144
70 145
70 146
70 148
70 149
70 152
70 153
70 154
70 155
70 156
70 159
70 161
70 162
70 164
70 165
70 166
70 168
70 169
70 173
70 174
70 175
70 176
70 177
70 182
70 185
70 188
70 191
70 192
70 194
70 196
70 199
70 203
70 209
70 215
70 218
70 219
70 222
70 223
70 224
70 225
70 226
70 227
70 232
70 235
70 236
70 239
70 240
70 241
70 243
70 244
70 247
70 248
70 249
70 250
70 251
70 252
70 253
70 256
70 258
70 259
70 260
70 262
70 264
70 265
70 266
70 268
70 269
70 270
70 274
70 275
70 276
70 279
70 281
70 284
70 298
70 299
70 300
70 301
70 302
70 307
70 308
70 310
70 311
70 314
70 316
70 317
70 319
70 320
70 323
70 324
70 325
70 326
70 330
70 331
70 332
70 336
70 338
70 341
70 342
70 343
70 344
70 345
70 346
70 347
70 348
70 356
70 363
70 90
70 140
70 167
70 193
70 229
70 278
70 289
70 321
70 334
71 1
71 4
71 6
71 7
71 8
71 13
71 14
71 15
71 21
71 22
71 23
71 28
71 29
71 32
71 33
71 34
71 36
71 37
71 39
71 41
71 42
71 52
71 53
71 55
71 56
71 58
71 61
71 63
71 64
71 71
71 75
71 76
71 77
71 78
71 79
71 92
71 93
71 94
71 96
71 97
71 98
71 100
71 101
71 103
71 104
71 105
71 106
71 107
71 110
71 116
71 117
71 123
71 124
71 125
71 132
71 134
71 136
71 139
71 141
71 142
71 143
71 144
71 145
71 146
71 148
71 149
71 152
71 153
71 154
71 155
71 156
71 159
71 161
71 162
71 164
71 165
71 166
71 168
71 169
71 173
71 174
71 175
71 176
71 177
71 182
71 185
71 188
71 191
71 192
71 194
71 196
71 199
71 203
71 209
71 215
71 218
71 219
71 222
71 223
71 224
71 225
71 226
71 227
71 232
71 235
71 236
71 239
71 240
71 241
71 243
71 244
71 247
71 248
71 249
71 250
71 251
71 252
71 253
71 254
71 255
71 256
71 258
71 259
71 260
71 262
71 264
71 265
71 266
71 268
71 269
71 270
71 274
71 275
71 276
71 279
71 281
71 284
71 298
71 299
71 300
71 301
71 302
71 307
71 308
71 310
71 311
71 314
71 316
71 317
71 319
71 320
71 323
71 324
71 325
71 326
71 330
71 331
71 332
71 336
71 338
71 341
71 342
71 343
71 344
71 345
71 346
71 347
71 348
71 356
71 363
78 13
78 15
78 47
78 52
78 57
78 58
78 67
78 76
78 77
78 78
78 79
78 92
78 93
78 94
78 96
78 97
78 103
78 104
78 123
78 141
78 148
78 154
78 155
78 161
78 164
78 166
78 173
78 185
78 194
78 222
78 236
78 241
78 244
78 256
78 310
78 320
78 332
78 338
78 90
78 100
78 105
78 140
78 153
78 175
78 182
78 191
78 196
78 197
78 199
78 209
78 211
78 215
78 220
78 223
78 224
78 225
78 229
78 232
78 235
78 250
78 266
78 278
78 282
78 284
78 287
78 292
78 300
78 301
78 302
78 307
78 311
78 314
78 316
78 324
78 326
78 331
78 339
78 344
78 345
78 347
78 348
78 356
78 363
79 13
79 14
79 15
79 21
79 32
79 39
79 52
79 53
79 55
79 56
79 58
79 63
79 76
79 77
79 79
79 92
79 93
79 94
79 96
79 97
79 98
79 101
79 103
79 104
79 105
79 116
79 117
79 123
79 124
79 125
79 134
79 136
79 141
79 143
79 144
79 146
79 148
79 154
79 155
79 161
79 164
79 166
79 169
79 173
79 176
79 185
79 191
79 194
79 199
79 218
79 222
79 236
79 241
79 244
79 256
79 258
79 310
79 311
79 320
79 323
79 330
79 332
79 336
79 338
79 342
79 346
79 100
79 132
79 142
79 145
79 153
79 175
79 182
79 196
79 209
79 215
79 223
79 224
79 225
79 232
79 235
79 250
79 260
79 264
79 266
79 268
79 284
79 300
79 301
79 302
79 307
79 314
79 316
79 324
79 326
79 331
79 344
79 345
79 347
79 348
79 356
79 363
98 21
98 32
98 61
98 75
98 98
98 106
98 107
98 116
98 117
98 149
98 156
98 159
98 162
98 165
98 168
98 169
98 176
98 188
98 192
98 203
98 239
98 240
98 243
98 251
98 252
98 253
98 254
98 255
98 257
98 258
98 259
98 262
98 269
98 270
98 274
98 275
98 276
98 279
98 281
98 342
98 346
98 153
98 175
98 191
98 196
98 222
98 225
98 229
98 235
98 278
98 300
101 1
101 4
101 6
101 7
101 13
101 14
101 15
101 19
101 20
101 29
101 30
101 33
101 34
101 37
101 39
101 42
101 45
101 49
101 52
101 53
101 55
101 56
101 63
101 90
101 93
101 101
101 110
101 125
101 134
101 136
101 144
101 155
101 105
101 132
101 142
101 145
101 151
101 153
101 167
101 175
101 182
101 191
101 193
101 196
101 209
101 215
101 222
101 223
101 224
101 225
101 229
101 232
101 235
101 260
101 264
101 268
101 278
101 289
101 300
103 13
103 15
103 47
103 52
103 57
103 58
103 67
103 76
103 77
103 90
103 92
103 93
103 94
103 96
103 97
103 100
103 103
103 104
103 123
103 141
103 148
103 154
103 155
103 161
103 164
103 166
103 173
103 185
103 194
103 222
103 236
103 241
103 244
103 256
103 310
103 320
103 332
103 338
103 105
103 140
103 153
103 175
103 182
103 191
103 196
103 197
103 199
103 209
103 211
103 215
103 220
103 223
103 224
103 225
103 229
103 232
103 235
103 250
103 266
103 278
103 282
103 284
103 287
103 292
103 300
103 301
103 302
103 307
103 311
103 314
103 316
103 324
103 326
103 331
103 339
103 344
103 345
103 347
103 348
103 356
103 363
104 13
104 15
104 23
104 52
104 58
104 61
104 76
104 77
104 92
104 93
104 94
104 96
104 97
104 100
104 104
104 123
104 141
104 148
104 154
104 155
104 161
104 164
104 166
104 173
104 177
104 185
104 194
104 203
104 222
104 235
104 236
104 241
104 244
104 247
104 248
104 249
104 252
104 256
104 310
104 320
104 332
104 338
104 356
104 105
104 153
104 175
104 182
104 191
104 196
104 199
104 209
104 215
104 223
104 224
104 225
104 232
104 250
104 266
104 284
104 300
104 301
104 302
104 307
104 311
104 314
104 316
104 324
104 326
104 331
104 344
104 345
104 347
104 348
104 363
107 21
107 61
107 75
107 106
107 107
107 116
107 117
107 149
107 156
107 159
107 162
107 165
107 168
107 169
107 176
107 188
107 192
107 203
107 239
107 240
107 243
107 251
107 252
107 253
107 254
107 255
107 257
107 258
107 259
107 262
107 269
107 270
107 274
107 275
107 276
107 279
107 281
107 342
107 346
107 153
107 175
107 191
107 222
107 225
107 235
116 21
116 61
116 75
116 106
116 116
116 117
116 149
116 156
116 159
116 162
116 165
116 168
116 169
116 176
116 188
116 192
116 203
116 239
116 240
116 243
116 251
116 252
116 253
116 254
116 255
116 257
116 258
116 259
116 262
116 269
116 270
116 274
116 275
116 276
116 279
116 281
116 342
116 346
116 153
116 154
116 175
116 191
116 222
116 225
116 235
117 21
117 61
117 75
117 106
117 117
117 149
117 156
117 159
117 162
117 165
117 168
117 169
117 176
117 188
117 192
117 203
117 239
117 240
117 243
117 251
117 252
117 253
117 254
117 255
117 257
117 258
117 259
117 262
117 269
117 270
117 274
117 275
117 276
117 279
117 281
117 342
117 346
117 153
117 154
117 175
117 191
117 222
117 225
117 235
149 8
149 21
149 30
149 61
149 75
149 106
149 149
149 156
149 159
149 162
149 165
149 168
149 169
149 176
149 188
149 192
149 203
149 239
149 240
149 243
149 251
149 252
149 253
149 254
149 255
149 257
149 258
149 259
149 262
149 269
149 270
149 274
149 275
149 276
149 279
149 281
149 342
149 346
149 191
149 196
149 222
149 278
149 300
153 1
153 4
153 6
153 7
153 8
153 13
153 14
153 15
153 20
153 22
153 23
153 28
153 29
153 30
153 32
153 33
153 34
153 36
153 37
153 39
153 41
153 42
153 52
153 53
153 55
153 56
153 63
153 75
153 90
153 92
153 93
153 94
153 96
153 97
153 105
153 110
153 124
153 125
153 132
153 134
153 136
153 139
153 141
153 142
153 143
153 144
153 145
153 146
153 148
153 152
153 153
153 154
153 155
153 156
153 162
153 164
153 173
153 174
153 175
153 177
153 182
153 185
153 188
153 191
153 192
153 194
153 196
153 203
153 209
153 215
153 218
153 219
153 222
153 223
153 224
153 225
153 226
153 227
153 232
153 235
153 239
153 240
153 244
153 247
153 249
153 251
153 253
153 258
153 259
153 260
153 262
153 264
153 265
153 268
153 269
153 300
153 336
153 338
153 342
153 343
153 346
153 167
153 193
153 229
153 278
153 289
156 21
156 61
156 75
156 106
156 156
156 159
156 162
156 165
156 168
156 169
156 176
156 188
156 192
156 203
156 239
156 240
156 243
156 251
156 252
156 253
156 254
156 255
156 257
156 258
156 259
156 262
156 269
156 270
156 274
156 275
156 276
156 279
156 281
156 342
156 346
156 175
156 191
156 196
156 222
156 225
156 229
156 235
156 278
156 300
162 21
162 30
162 61
162 75
162 106
162 159
162 162
162 165
162 168
162 169
162 176
162 188
162 192
162 203
162 239
162 240
162 243
162 251
162 252
162 253
162 254
162 255
162 257
162 258
162 259
162 262
162 269
162 270
162 274
162 275
162 276
162 279
162 281
162 342
162 346
162 175
162 191
162 196
162 222
162 225
162 229
162 235
162 278
162 300
165 21
165 30
165 61
165 75
165 106
165 159
165 165
165 168
165 169
165 176
165 188
165 192
165 203
165 239
165 240
165 243
165 251
165 252
165 253
165 254
165 255
165 257
165 258
165 259
165 262
165 269
165 270
165 274
165 275
165 276
165 279
165 281
165 342
165 346
165 191
165 196
165 222
165 278
165 300
168 21
168 30
168 61
168 75
168 106
168 159
168 168
168 169
168 176
168 188
168 192
168 203
168 239
168 240
168 243
168 251
168 252
168 253
168 254
168 255
168 257
168 258
168 259
168 262
168 269
168 270
168 274
168 275
168 276
168 279
168 281
168 342
168 346
168 191
168 196
168 222
168 278
168 300
175 1
175 4
175 6
175 7
175 8
175 13
175 14
175 15
175 20
175 22
175 23
175 28
175 29
175 30
175 32
175 33
175 34
175 36
175 37
175 39
175 41
175 42
175 52
175 53
175 55
175 56
175 63
175 75
175 90
175 92
175 93
175 94
175 96
175 97
175 105
175 110
175 124
175 125
175 132
175 134
175 136
175 139
175 141
175 142
175 143
175 144
175 145
175 146
175 148
175 152
175 154
175 155
175 164
175 167
175 173
175 174
175 175
175 177
175 182
175 185
175 188
175 191
175 192
175 194
175 196
175 203
175 209
175 215
175 218
175 219
175 222
175 223
175 224
175 225
175 226
175 227
175 232
175 235
175 239
175 240
175 244
175 247
175 249
175 251
175 253
175 258
175 259
175 260
175 262
175 264
175 265
175 268
175 269
175 300
175 336
175 338
175 342
175 343
175 346
175 193
175 229
175 278
175 289
188 21
188 61
188 75
188 106
188 159
188 169
188 176
188 188
188 192
188 203
188 239
188 240
188 243
188 251
188 252
188 253
188 254
188 255
188 257
188 258
188 259
188 262
188 269
188 270
188 274
188 275
188 276
188 279
188 281
188 342
188 346
188 191
188 196
188 222
188 225
188 235
188 300
191 1
191 2
191 4
191 6
191 7
191 8
191 13
191 14
191 15
191 20
191 21
191 22
191 23
191 28
191 29
191 30
191 32
191 33
191 34
191 36
191 37
191 39
191 41
191 42
191 52
191 53
191 55
191 56
191 57
191 58
191 59
191 61
191 63
191 64
191 75
191 76
191 77
191 90
191 92
191 93
191 94
191 96
191 97
191 100
191 105
191 106
191 110
191 123
191 124
191 125
191 132
191 134
191 136
191 139
191 140
191 141
191 142
191 143
191 144
191 145
191 146
191 148
191 152
191 154
191 155
191 159
191 161
191 164
191 166
191 167
191 169
191 173
191 174
191 176
191 177
191 182
191 185
191 191
191 192
191 194
191 196
191 199
191 203
191 209
191 215
191 218
191 219
191 222
191 223
191 224
191 225
191 226
191 227
191 232
191 235
191 236
191 239
191 240
191 241
191 243
191 244
191 247
191 248
191 249
191 250
191 251
191 252
191 253
191 256
191 258
191 259
191 260
191 262
191 264
191 265
191 266
191 268
191 269
191 270
191 274
191 275
191 276
191 279
191 281
191 284
191 298
191 299
191 300
191 301
191 302
191 307
191 308
191 310
191 311
191 314
191 316
191 317
191 319
191 320
191 323
191 324
191 325
191 326
191 330
191 331
191 332
191 336
191 338
191 341
191 342
191 343
191 344
191 345
191 346
191 347
191 348
191 356
191 363
191 193
191 229
191 278
191 289
191 321
191 334
192 21
192 30
192 61
192 75
192 106
192 159
192 169
192 176
192 192
192 203
192 239
192 240
192 243
192 251
192 252
192 253
192 254
192 255
192 257
192 258
192 259
192 262
192 269
192 270
192 274
192 275
192 276
192 279
192 281
192 342
192 346
192 196
192 222
192 225
192 229
192 235
192 278
192 300
196 1
196 2
196 4
196 6
196 7
196 8
196 13
196 15
196 20
196 21
196 23
196 28
196 29
196 30
196 32
196 33
196 34
196 36
196 37
196 39
196 41
196 42
196 52
196 53
196 57
196 58
196 59
196 61
196 64
196 76
196 77
196 90
196 92
196 93
196 94
196 96
196 97
196 100
196 105
196 110
196 123
196 124
196 139
196 140
196 141
196 143
196 146
196 148
196 152
196 154
196 155
196 159
196 161
196 164
196 166
196 169
196 173
196 177
196 182
196 185
196 194
196 196
196 199
196 203
196 209
196 215
196 218
196 219
196 222
196 223
196 224
196 225
196 232
196 235
196 236
196 241
196 244
196 247
196 248
196 249
196 250
196 252
196 253
196 256
196 265
196 266
196 269
196 270
196 274
196 275
196 276
196 279
196 284
196 298
196 299
196 300
196 301
196 302
196 307
196 308
196 310
196 311
196 314
196 316
196 317
196 319
196 320
196 323
196 324
196 325
196 326
196 330
196 331
196 332
196 336
196 338
196 341
196 343
196 344
196 345
196 346
196 347
196 348
196 356
196 363
196 229
196 278
196 321
203 21
203 61
203 75
203 92
203 106
203 159
203 169
203 176
203 203
203 239
203 240
203 243
203 251
203 252
203 253
203 254
203 255
203 257
203 258
203 259
203 262
203 269
203 270
203 274
203 275
203 276
203 279
203 281
203 342
203 346
203 222
203 225
203 235
203 300
222 1
222 4
222 6
222 7
222 8
222 13
222 14
222 15
222 21
222 22
222 23
222 28
222 29
222 32
222 33
222 34
222 36
222 37
222 39
222 41
222 42
222 52
222 53
222 55
222 56
222 58
222 61
222 63
222 64
222 75
222 76
222 77
222 92
222 93
222 94
222 96
222 97
222 100
222 105
222 106
222 110
222 123
222 124
222 125
222 132
222 134
222 136
222 139
222 141
222 142
222 143
222 144
222 145
222 146
222 148
222 152
222 154
222 155
222 159
222 161
222 164
222 166
222 169
222 173
222 174
222 176
222 177
222 182
222 185
222 194
222 199
222 209
222 215
222 218
222 219
222 222
222 223
222 224
222 225
222 226
222 227
222 232
222 235
222 236
222 239
222 240
222 241
222 243
222 244
222 247
222 248
222 249
222 250
222 251
222 252
222 253
222 254
222 255
222 256
222 258
222 259
222 260
222 262
222 264
222 265
222 266
222 268
222 269
222 270
222 274
222 275
222 276
222 279
222 281
222 284
222 298
222 299
222 300
222 301
222 302
222 307
222 308
222 310
222 311
222 314
222 316
222 317
222 319
222 320
222 323
222 324
222 325
222 326
222 330
222 331
222 332
222 336
222 338
222 341
222 342
222 343
222 344
222 345
222 346
222 347
222 348
222 356
222 363
225 1
225 4
225 6
225 7
225 8
225 13
225 14
225 15
225 22
225 23
225 28
225 29
225 32
225 33
225 34
225 36
225 37
225 39
225 41
225 42
225 52
225 53
225 55
225 56
225 63
225 75
225 92
225 93
225 94
225 96
225 97
225 105
225 110
225 124
225 125
225 132
225 134
225 136
225 139
225 141
225 142
225 143
225 144
225 145
225 146
225 148
225 152
225 154
225 155
225 164
225 173
225 174
225 177
225 182
225 185
225 194
225 209
225 215
225 218
225 219
225 223
225 224
225 225
225 226
225 227
225 232
225 235
225 239
225 240
225 244
225 247
225 249
225 251
225 253
225 258
225 259
225 260
225 262
225 264
225 265
225 268
225 269
225 300
225 336
225 338
225 342
225 343
225 346
229 2
229 3
229 4
229 6
229 7
229 10
229 14
229 15
229 16
229 19
229 20
229 22
229 24
229 28
229 29
229 30
229 31
229 37
229 39
229 41
229 42
229 43
229 45
229 46
229 47
229 48
229 49
229 54
229 57
229 59
229 63
229 67
229 77
229 83
229 90
229 91
229 95
229 96
229 97
229 105
229 110
229 115
229 123
229 124
229 125
229 126
229 127
229 128
229 130
229 131
229 132
229 137
229 138
229 139
229 140
229 142
229 143
229 144
229 145
229 151
229 152
229 161
229 167
229 171
229 172
229 173
229 174
229 178
229 181
229 182
229 184
229 185
229 193
229 195
229 197
229 199
229 206
229 207
229 209
229 210
229 211
229 212
229 213
229 214
229 215
229 220
229 221
229 224
229 228
229 229
229 230
229 231
229 232
229 236
229 237
229 245
229 250
229 253
229 256
229 264
229 266
229 268
229 269
229 273
229 278
229 280
229 282
229 287
229 288
229 289
229 290
229 291
229 292
229 296
229 298
229 300
229 301
229 302
229 303
229 304
229 306
229 311
229 313
229 315
229 318
229 321
229 324
229 325
229 332
229 334
229 335
229 337
229 339
229 340
229 343
229 345
229 346
229 349
229 350
229 351
229 354
229 358
229 361
235 1
235 4
235 6
235 7
235 8
235 13
235 14
235 15
235 22
235 23
235 28
235 29
235 32
235 33
235 34
235 36
235 37
235 39
235 41
235 42
235 52
235 53
235 55
235 56
235 63
235 75
235 92
235 93
235 94
235 96
235 97
235 105
235 110
235 124
235 125
235 132
235 134
235 136
235 139
235 141
235 142
235 143
235 144
235 145
235 146
235 148
235 152
235 154
235 155
235 164
235 173
235 174
235 177
235 182
235 185
235 194
235 209
235 215
235 218
235 219
235 223
235 224
235 226
235 227
235 232
235 235
235 239
235 240
235 244
235 247
235 249
235 251
235 252
235 253
235 254
235 258
235 259
235 260
235 262
235 264
235 265
235 268
235 269
235 300
235 336
235 338
235 342
235 343
235 346
239 21
239 61
239 75
239 106
239 159
239 169
239 176
239 239
239 240
239 243
239 251
239 252
239 253
239 254
239 255
239 257
239 258
239 259
239 262
239 269
239 270
239 274
239 275
239 276
239 279
239 281
239 342
239 346
251 21
251 61
251 75
251 106
251 159
251 169
251 176
251 240
251 243
251 251
251 252
251 253
251 254
251 255
251 257
251 258
251 259
251 262
251 269
251 270
251 274
251 275
251 276
251 279
251 281
251 342
251 346
253 21
253 61
253 75
253 106
253 159
253 169
253 176
253 240
253 243
253 252
253 253
253 254
253 255
253 257
253 258
253 259
253 262
253 269
253 270
253 274
253 275
253 276
253 279
253 281
253 342
253 346
253 278
253 300
257 21
257 61
257 75
257 106
257 159
257 169
257 176
257 240
257 243
257 252
257 254
257 255
257 257
257 258
257 259
257 262
257 269
257 270
257 274
257 275
257 276
257 279
257 281
257 342
257 346
258 21
258 154
258 169
258 176
258 258
258 281
258 342
258 346
258 259
258 262
258 269
258 274
258 275
258 276
258 279
259 21
259 61
259 75
259 106
259 159
259 169
259 176
259 240
259 243
259 252
259 254
259 255
259 259
259 262
259 269
259 270
259 274
259 275
259 276
259 279
259 281
259 342
259 346
262 21
262 61
262 75
262 106
262 159
262 169
262 176
262 240
262 243
262 252
262 254
262 255
262 262
262 269
262 270
262 274
262 275
262 276
262 279
262 281
262 342
262 346
269 21
269 61
269 75
269 106
269 159
269 169
269 176
269 240
269 243
269 252
269 254
269 255
269 269
269 270
269 274
269 275
269 276
269 279
269 281
269 342
269 346
269 278
269 300
274 21
274 61
274 75
274 106
274 159
274 169
274 176
274 240
274 243
274 252
274 254
274 255
274 270
274 274
274 275
274 276
274 279
274 281
274 342
274 346
274 300
275 21
275 61
275 75
275 106
275 159
275 169
275 176
275 240
275 243
275 252
275 254
275 255
275 270
275 275
275 276
275 279
275 281
275 342
275 346
275 300
276 21
276 30
276 61
276 75
276 106
276 159
276 169
276 176
276 240
276 243
276 252
276 254
276 255
276 270
276 276
276 279
276 281
276 342
276 346
276 278
276 300
278 1
278 2
278 3
278 4
278 6
278 7
278 8
278 10
278 14
278 15
278 16
278 19
278 20
278 21
278 22
278 24
278 28
278 29
278 30
278 31
278 32
278 37
278 39
278 41
278 42
278 43
278 45
278 46
278 47
278 48
278 49
278 54
278 57
278 59
278 63
278 64
278 67
278 77
278 83
278 90
278 91
278 95
278 96
278 97
278 100
278 105
278 110
278 115
278 123
278 124
278 125
278 126
278 127
278 128
278 130
278 131
278 132
278 137
278 138
278 139
278 140
278 142
278 143
278 144
278 145
278 151
278 152
278 159
278 161
278 167
278 169
278 171
278 172
278 173
278 174
278 178
278 181
278 182
278 184
278 185
278 193
278 195
278 197
278 199
278 206
278 207
278 209
278 210
278 211
278 212
278 213
278 214
278 215
278 218
278 219
278 220
278 221
278 224
278 228
278 230
278 231
278 232
278 236
278 237
278 238
278 242
278 245
278 250
278 256
278 261
278 264
278 266
278 268
278 270
278 273
278 278
278 280
278 282
278 287
278 288
278 289
278 290
278 291
278 292
278 294
278 295
278 296
278 298
278 299
278 300
278 301
278 302
278 303
278 304
278 306
278 307
278 308
278 309
278 311
278 313
278 314
278 315
278 318
278 321
278 322
278 323
278 324
278 325
278 326
278 330
278 331
278 332
278 334
278 335
278 336
278 337
278 339
278 340
278 341
278 343
278 344
278 345
278 346
278 348
278 349
278 350
278 351
278 353
278 354
278 355
278 358
278 361
278 363
279 21
279 61
279 75
279 106
279 159
279 169
279 176
279 240
279 243
279 252
279 254
279 255
279 270
279 279
279 281
279 342
279 346
279 300
300 1
300 2
300 4
300 6
300 7
300 8
300 13
300 15
300 20
300 21
300 23
300 28
300 29
300 30
300 32
300 33
300 34
300 36
300 37
300 39
300 41
300 42
300 52
300 53
300 57
300 58
300 59
300 61
300 64
300 76
300 77
300 90
300 92
300 93
300 94
300 96
300 97
300 100
300 105
300 110
300 123
300 124
300 139
300 140
300 141
300 143
300 146
300 148
300 152
300 154
300 155
300 159
300 161
300 164
300 166
300 169
300 173
300 177
300 182
300 185
300 194
300 199
300 209
300 215
300 218
300 219
300 223
300 224
300 232
300 236
300 241
300 244
300 247
300 248
300 249
300 250
300 252
300 256
300 265
300 266
300 270
300 284
300 298
300 299
300 300
300 301
300 302
300 307
300 308
300 310
300 311
300 314
300 316
300 317
300 319
300 320
300 323
300 324
300 325
300 326
300 330
300 331
300 332
300 336
300 338
300 341
300 343
300 344
300 345
300 346
300 347
300 348
300 356
300 363
300 321
338 13
338 15
338 52
338 58
338 76
338 77
338 92
338 93
338 94
338 96
338 97
338 100
338 105
338 123
338 141
338 148
338 154
338 155
338 161
338 164
338 166
338 173
338 182
338 185
338 194
338 199
338 209
338 215
338 223
338 224
338 232
338 236
338 241
338 244
338 250
338 256
338 266
338 284
338 301
338 302
338 307
338 310
338 311
338 314
338 316
338 320
338 324
338 326
338 331
338 332
338 338
338 344
338 345
338 347
338 348
338 356
338 363
342 21
342 154
342 169
342 176
342 281
342 342
342 346
346 21
346 32
346 61
346 75
346 106
346 159
346 169
346 176
346 240
346 243
346 252
346 254
346 255
346 270
346 281
346 346
1 1
1 110
1 4
1 7
1 8
1 15
1 29
1 34
1 37
1 39
1 42
1 52
1 53
1 90
1 105
1 151
1 182
1 209
1 215
1 219
1 223
1 224
1 232
110 4
110 6
110 7
110 8
110 15
110 19
110 20
110 28
110 29
110 30
110 33
110 34
110 36
110 37
110 39
110 41
110 42
110 52
110 53
110 90
110 93
110 105
110 110
110 336
110 343
110 151
110 182
110 209
110 215
110 219
110 223
110 224
110 232
4 4
4 6
4 7
4 28
4 29
4 33
4 34
4 36
4 37
4 39
4 41
4 42
4 52
4 53
4 93
4 336
4 343
4 15
4 19
4 20
4 30
4 90
4 105
4 151
4 182
4 206
4 209
4 215
4 220
4 223
4 224
4 232
7 7
7 29
7 34
7 42
7 52
7 53
7 93
7 15
7 37
7 39
7 90
7 105
7 151
7 182
7 184
7 209
7 215
7 220
7 223
7 224
7 232
8 8
8 15
8 100
8 159
8 219
8 270
8 299
8 341
8 344
8 57
8 76
8 90
8 105
8 140
8 182
8 199
8 209
8 215
8 223
8 224
8 232
8 250
8 266
8 284
8 301
8 302
8 307
8 311
8 314
8 316
8 324
8 326
8 331
8 345
8 347
8 348
8 356
8 363
15 6
15 13
15 15
15 23
15 28
15 29
15 32
15 33
15 34
15 36
15 37
15 39
15 41
15 42
15 52
15 53
15 92
15 93
15 94
15 96
15 97
15 105
15 139
15 141
15 152
15 154
15 155
15 164
15 173
15 177
15 182
15 185
15 194
15 209
15 215
15 218
15 219
15 223
15 224
15 232
15 244
15 247
15 249
15 265
15 336
15 343
15 20
15 30
15 90
29 6
29 19
29 20
29 29
29 33
29 34
29 37
29 42
29 52
29 53
29 93
29 30
29 39
29 90
29 105
29 151
29 182
29 209
29 215
29 223
29 224
29 232
34 34
34 42
34 52
34 53
34 93
34 37
34 39
34 105
34 182
34 209
34 215
34 223
34 224
34 232
37 6
37 19
37 20
37 30
37 33
37 37
37 42
37 52
37 53
37 93
37 39
37 41
37 90
37 105
37 151
37 182
37 209
37 215
37 223
37 224
37 232
39 6
39 28
39 32
39 33
39 36
39 39
39 41
39 42
39 52
39 53
39 93
39 336
39 343
39 90
39 105
39 151
39 154
39 182
39 206
39 209
39 215
39 218
39 220
39 223
39 224
39 232
42 42
42 52
42 53
42 93
42 90
42 105
42 151
42 182
42 184
42 209
42 215
42 220
42 223
42 224
42 232
52 13
52 14
52 52
52 53
52 56
52 93
52 94
52 97
52 125
52 136
52 141
52 155
52 164
52 173
52 194
52 63
52 92
52 105
52 132
52 142
52 144
52 145
52 182
52 209
52 215
52 223
52 224
52 232
52 247
52 260
52 264
52 268
53 13
53 14
53 53
53 56
53 93
53 125
53 136
53 155
53 63
53 105
53 132
53 142
53 144
53 145
53 182
53 209
53 215
53 223
53 224
53 232
53 260
53 264
53 268
90 2
90 3
90 6
90 10
90 16
90 19
90 20
90 24
90 28
90 30
90 31
90 32
90 41
90 43
90 45
90 46
90 47
90 49
90 54
90 57
90 59
90 67
90 83
90 90
90 91
90 95
90 96
90 97
90 105
90 115
90 126
90 127
90 128
90 130
90 138
90 139
90 140
90 151
90 152
90 167
90 171
90 172
90 173
90 181
90 182
90 184
90 185
90 193
90 195
90 197
90 206
90 207
90 209
90 210
90 211
90 213
90 214
90 215
90 218
90 219
90 220
90 221
90 224
90 228
90 230
90 231
90 232
90 237
90 245
90 288
90 289
90 290
90 303
90 304
90 306
90 313
90 315
90 318
90 321
90 334
90 336
90 339
90 340
90 343
90 349
90 351
90 358
90 361
105 6
105 13
105 23
105 28
105 32
105 33
105 36
105 41
105 92
105 93
105 94
105 96
105 97
105 105
105 139
105 141
105 152
105 154
105 155
105 164
105 173
105 177
105 182
105 185
105 194
105 209
105 215
105 218
105 219
105 223
105 224
105 232
105 244
105 247
105 249
105 265
105 336
105 343
105 220
151 2
151 3
151 6
151 10
151 16
151 19
151 20
151 24
151 28
151 30
151 31
151 41
151 43
151 46
151 47
151 54
151 57
151 59
151 67
151 83
151 91
151 95
151 126
151 127
151 130
151 138
151 140
151 151
151 171
151 172
151 184
151 195
151 206
151 211
151 245
151 313
151 318
151 336
151 343
151 351
151 358
151 361
151 167
151 183
151 193
151 197
151 200
151 201
151 207
151 210
151 213
151 214
151 220
151 246
151 272
151 282
151 286
151 287
151 289
151 292
151 297
151 306
151 321
151 334
151 339
151 349
151 352
182 6
182 13
182 20
182 23
182 28
182 30
182 32
182 33
182 36
182 41
182 92
182 93
182 94
182 96
182 97
182 139
182 141
182 152
182 154
182 155
182 164
182 173
182 177
182 182
182 185
182 194
182 209
182 215
182 218
182 219
182 223
182 224
182 232
182 244
182 247
182 249
182 265
182 336
182 343
182 220
209 6
209 13
209 20
209 23
209 28
209 30
209 32
209 33
209 36
209 41
209 92
209 93
209 94
209 96
209 97
209 139
209 141
209 152
209 154
209 155
209 164
209 173
209 177
209 185
209 194
209 209
209 215
209 218
209 219
209 223
209 224
209 232
209 244
209 247
209 249
209 265
209 336
209 343
215 6
215 13
215 23
215 28
215 32
215 33
215 36
215 41
215 92
215 93
215 94
215 96
215 97
215 139
215 141
215 152
215 154
215 155
215 164
215 173
215 177
215 185
215 194
215 215
215 218
215 219
215 223
215 224
215 232
215 244
215 247
215 249
215 265
215 336
215 343
215 220
219 219
219 223
219 224
219 232
223 6
223 13
223 23
223 28
223 32
223 33
223 36
223 41
223 92
223 93
223 94
223 96
223 97
223 139
223 141
223 152
223 154
223 155
223 164
223 173
223 177
223 185
223 194
223 218
223 223
223 224
223 232
223 244
223 247
223 249
223 265
223 336
223 343
224 6
224 13
224 20
224 23
224 28
224 30
224 32
224 33
224 36
224 41
224 92
224 93
224 94
224 96
224 97
224 139
224 141
224 152
224 154
224 155
224 164
224 173
224 177
224 185
224 194
224 218
224 224
224 232
224 244
224 247
224 249
224 265
224 336
224 343
232 6
232 13
232 23
232 28
232 32
232 33
232 36
232 41
232 92
232 93
232 94
232 96
232 97
232 139
232 141
232 152
232 154
232 155
232 164
232 173
232 177
232 185
232 194
232 218
232 220
232 232
232 244
232 247
232 249
232 265
232 336
232 343
2 2
2 3
2 19
2 20
2 30
2 31
2 43
2 46
2 47
2 54
2 57
2 59
2 64
2 67
2 95
2 100
2 124
2 127
2 140
2 143
2 181
2 197
2 210
2 212
2 237
2 238
2 242
2 245
2 261
2 266
2 290
2 294
2 295
2 296
2 301
2 303
2 304
2 306
2 307
2 308
2 309
2 313
2 314
2 315
2 318
2 321
2 322
2 326
2 331
2 334
2 339
2 340
2 344
2 348
2 349
2 351
2 353
2 355
2 358
2 363
2 9
2 88
2 285
2 329
3 3
3 31
3 46
3 54
3 245
3 313
3 9
3 18
3 19
3 20
3 30
3 57
3 59
3 88
3 140
3 197
3 210
3 306
3 321
3 339
3 349
19 10
19 16
19 19
19 43
19 46
19 47
19 67
19 95
19 138
19 184
19 206
19 211
19 245
19 318
19 351
19 358
19 20
19 30
19 57
19 59
19 140
19 183
19 197
19 200
19 201
19 210
19 214
19 220
19 246
19 272
19 282
19 286
19 287
19 292
19 297
19 306
19 321
19 339
19 349
19 352
20 10
20 16
20 20
20 24
20 28
20 30
20 31
20 43
20 46
20 47
20 54
20 57
20 59
20 67
20 95
20 127
20 138
20 139
20 140
20 152
20 181
20 184
20 197
20 206
20 210
20 211
20 214
20 220
20 221
20 237
20 245
20 290
20 303
20 304
20 306
20 313
20 315
20 318
20 321
20 334
20 339
20 340
20 343
20 349
20 351
20 358
30 10
30 16
30 24
30 28
30 30
30 31
30 43
30 46
30 47
30 54
30 57
30 59
30 64
30 67
30 95
30 100
30 124
30 127
30 138
30 139
30 140
30 143
30 152
30 181
30 184
30 197
30 206
30 210
30 211
30 212
30 214
30 220
30 221
30 237
30 238
30 242
30 245
30 261
30 266
30 290
30 294
30 295
30 296
30 301
30 303
30 304
30 306
30 307
30 308
30 309
30 313
30 314
30 315
30 318
30 321
30 322
30 326
30 331
30 334
30 339
30 340
30 343
30 344
30 348
30 349
30 351
30 353
30 355
30 358
30 363
31 24
31 28
31 31
31 54
31 313
31 343
31 57
31 59
31 140
31 197
31 206
31 210
31 214
31 220
31 306
31 321
31 339
31 349
43 9
43 43
43 47
43 67
43 95
43 318
43 351
43 358
43 57
43 59
43 88
43 129
43 140
43 183
43 197
43 198
43 200
43 201
43 210
43 233
43 246
43 272
43 282
43 286
43 287
43 292
43 297
43 306
43 321
43 339
43 349
43 352
46 45
46 46
46 48
46 137
46 236
46 245
46 256
46 49
46 54
46 57
46 59
46 140
46 167
46 193
46 197
46 210
46 273
46 282
46 287
46 289
46 292
46 296
46 306
46 321
46 335
46 337
46 339
46 349
47 45
47 47
47 49
47 67
47 77
47 95
47 123
47 131
47 161
47 318
47 332
47 351
47 358
47 57
47 59
47 140
47 167
47 183
47 193
47 197
47 200
47 201
47 210
47 246
47 272
47 273
47 282
47 286
47 287
47 289
47 292
47 297
47 306
47 321
47 335
47 337
47 339
47 349
47 352
54 9
54 18
54 54
54 245
54 313
54 57
54 59
54 88
54 140
54 197
54 210
54 306
54 321
54 339
54 349
57 32
57 45
57 48
57 49
57 57
57 59
57 64
57 67
57 77
57 95
57 100
57 123
57 124
57 127
57 128
57 131
57 137
57 140
57 143
57 161
57 167
57 178
57 181
57 193
57 197
57 199
57 210
57 211
57 212
57 228
57 236
57 237
57 238
57 242
57 245
57 250
57 256
57 261
57 266
57 273
57 280
57 282
57 287
57 289
57 290
57 291
57 292
57 294
57 295
57 296
57 298
57 299
57 301
57 302
57 303
57 304
57 306
57 307
57 308
57 309
57 311
57 313
57 314
57 315
57 318
57 321
57 322
57 323
57 324
57 325
57 326
57 330
57 331
57 332
57 334
57 335
57 337
57 339
57 340
57 341
57 344
57 345
57 348
57 349
57 350
57 351
57 353
57 354
57 355
57 358
57 363
59 9
59 59
59 64
59 67
59 95
59 100
59 124
59 127
59 140
59 143
59 181
59 197
59 210
59 212
59 237
59 238
59 242
59 245
59 261
59 266
59 290
59 294
59 295
59 296
59 301
59 303
59 304
59 306
59 307
59 308
59 309
59 313
59 314
59 315
59 318
59 321
59 322
59 326
59 331
59 334
59 339
59 340
59 344
59 348
59 349
59 351
59 353
59 355
59 358
59 363
59 88
59 285
59 329
64 58
64 64
64 77
64 100
64 298
64 299
64 301
64 302
64 308
64 317
64 319
64 325
64 76
64 140
64 197
64 199
64 237
64 250
64 266
64 284
64 307
64 311
64 314
64 316
64 321
64 324
64 326
64 331
64 344
64 345
64 347
64 348
64 356
64 363
67 45
67 49
67 58
67 67
67 77
67 95
67 123
67 131
67 161
67 318
67 332
67 351
67 358
67 140
67 167
67 183
67 193
67 197
67 200
67 201
67 210
67 237
67 246
67 272
67 273
67 282
67 286
67 287
67 289
67 292
67 297
67 303
67 306
67 321
67 335
67 337
67 339
67 349
67 352
95 95
95 140
95 183
95 197
95 200
95 201
95 210
95 237
95 246
95 272
95 282
95 286
95 287
95 292
95 297
95 303
95 306
95 321
95 339
95 349
95 351
95 352
95 358
100 32
100 58
100 76
100 77
100 92
100 96
100 100
100 123
100 124
100 143
100 146
100 148
100 154
100 161
100 166
100 185
100 199
100 236
100 241
100 244
100 248
100 250
100 256
100 266
100 284
100 298
100 299
100 301
100 302
100 307
100 308
100 310
100 311
100 314
100 316
100 317
100 319
100 320
100 323
100 324
100 325
100 326
100 330
100 331
100 332
100 341
100 344
100 345
100 347
100 348
100 356
100 363
100 140
100 237
100 321
124 76
124 124
124 143
124 146
124 148
124 154
124 132
124 140
124 142
124 145
124 167
124 193
124 199
124 250
124 260
124 264
124 266
124 268
124 284
124 289
124 301
124 302
124 307
124 311
124 314
124 316
124 321
124 324
124 326
124 331
124 334
124 344
124 345
124 347
124 348
124 356
124 363
127 126
127 127
127 318
127 334
127 140
127 167
127 193
127 197
127 207
127 210
127 213
127 220
127 289
127 306
127 321
127 339
127 349
140 16
140 32
140 45
140 48
140 49
140 58
140 76
140 77
140 96
140 123
140 128
140 130
140 131
140 137
140 140
140 143
140 161
140 167
140 172
140 178
140 181
140 183
140 185
140 193
140 197
140 199
140 200
140 201
140 202
140 206
140 210
140 211
140 212
140 228
140 236
140 237
140 238
140 241
140 242
140 245
140 246
140 248
140 250
140 256
140 261
140 266
140 272
140 273
140 280
140 282
140 286
140 287
140 289
140 290
140 291
140 292
140 294
140 295
140 296
140 297
140 298
140 299
140 301
140 302
140 303
140 304
140 306
140 307
140 308
140 309
140 310
140 311
140 313
140 314
140 315
140 316
140 317
140 318
140 319
140 320
140 321
140 322
140 323
140 324
140 325
140 326
140 330
140 331
140 332
140 334
140 335
140 337
140 339
140 340
140 341
140 344
140 345
140 347
140 348
140 349
140 350
140 351
140 352
140 353
140 354
140 355
140 356
140 357
140 358
140 361
140 363
143 76
143 132
143 142
143 143
143 146
143 148
143 154
143 145
143 167
143 193
143 199
143 250
143 260
143 264
143 266
143 268
143 284
143 289
143 301
143 302
143 307
143 311
143 314
143 316
143 321
143 324
143 326
143 331
143 334
143 344
143 345
143 347
143 348
143 356
143 363
181 167
181 178
181 181
181 298
181 304
181 315
181 325
181 354
181 193
181 197
181 210
181 237
181 273
181 282
181 287
181 289
181 291
181 292
181 306
181 321
181 335
181 337
181 339
181 349
197 16
197 45
197 48
197 49
197 58
197 76
197 77
197 96
197 123
197 128
197 130
197 131
197 137
197 161
197 167
197 172
197 178
197 183
197 185
197 193
197 197
197 199
197 200
197 201
197 202
197 206
197 210
197 211
197 212
197 228
197 236
197 237
197 238
197 241
197 245
197 246
197 248
197 250
197 256
197 266
197 272
197 273
197 280
197 282
197 286
197 287
197 289
197 290
197 291
197 292
197 295
197 296
197 297
197 298
197 301
197 302
197 303
197 304
197 306
197 307
197 310
197 311
197 313
197 314
197 315
197 316
197 317
197 318
197 321
197 324
197 325
197 330
197 331
197 332
197 334
197 335
197 337
197 339
197 340
197 345
197 347
197 348
197 349
197 350
197 351
197 352
197 353
197 354
197 356
197 357
197 358
197 361
210 210
210 237
210 245
210 290
210 303
210 304
210 306
210 313
210 315
210 318
210 321
210 334
210 339
210 340
210 349
210 351
210 358
212 167
212 193
212 212
212 296
212 334
212 261
212 273
212 282
212 287
212 289
212 292
212 294
212 309
212 321
212 322
212 335
212 337
212 339
212 355
237 183
237 200
237 201
237 237
237 238
237 242
237 294
237 295
237 296
237 301
237 303
237 304
237 308
237 315
237 353
237 246
237 261
237 272
237 282
237 286
237 287
237 292
237 297
237 306
237 309
237 321
237 322
237 339
237 349
237 352
237 355
238 9
238 129
238 183
238 200
238 201
238 233
238 238
238 295
238 296
238 353
238 246
238 261
238 271
238 272
238 282
238 285
238 286
238 287
238 292
238 294
238 297
238 309
238 321
238 322
238 329
238 352
238 355
242 242
242 294
242 261
242 285
242 309
242 321
242 322
242 355
245 245
245 306
245 321
245 339
245 349
261 9
261 261
261 294
261 295
261 296
261 309
261 321
261 322
261 334
261 353
261 355
261 285
261 329
266 32
266 58
266 76
266 77
266 92
266 96
266 123
266 146
266 148
266 154
266 161
266 166
266 185
266 199
266 236
266 241
266 244
266 248
266 250
266 256
266 266
266 284
266 298
266 299
266 301
266 302
266 307
266 308
266 310
266 311
266 314
266 316
266 317
266 319
266 320
266 323
266 324
266 325
266 326
266 330
266 331
266 332
266 341
266 344
266 345
266 347
266 348
266 356
266 363
266 321
266 339
290 139
290 152
290 214
290 220
290 221
290 290
290 315
290 340
290 306
290 321
290 339
290 349
294 9
294 285
294 294
294 295
294 296
294 309
294 321
294 322
294 334
294 353
294 355
294 329
295 9
295 129
295 183
295 200
295 201
295 233
295 246
295 271
295 272
295 282
295 285
295 286
295 287
295 292
295 295
295 296
295 353
295 297
295 309
295 321
295 322
295 329
295 352
295 355
296 48
296 76
296 137
296 167
296 183
296 193
296 199
296 200
296 201
296 246
296 272
296 273
296 282
296 286
296 287
296 289
296 292
296 296
296 310
296 330
296 334
296 353
296 357
296 297
296 309
296 321
296 322
296 335
296 337
296 339
296 352
296 355
301 32
301 58
301 76
301 77
301 92
301 96
301 123
301 146
301 148
301 154
301 161
301 166
301 185
301 199
301 236
301 241
301 244
301 248
301 250
301 256
301 284
301 298
301 299
301 301
301 302
301 307
301 308
301 310
301 311
301 314
301 316
301 317
301 319
301 320
301 323
301 324
301 325
301 326
301 330
301 331
301 332
301 341
301 344
301 345
301 347
301 348
301 356
301 363
301 321
301 339
303 183
303 200
303 201
303 246
303 272
303 282
303 286
303 287
303 292
303 297
303 303
303 306
303 321
303 339
303 349
303 352
304 304
304 315
304 306
304 321
304 339
304 349
306 9
306 88
306 306
306 313
306 315
306 318
306 321
306 334
306 339
306 340
306 349
306 351
306 358
307 9
307 32
307 58
307 76
307 77
307 92
307 96
307 123
307 146
307 148
307 154
307 161
307 166
307 185
307 199
307 236
307 241
307 244
307 248
307 250
307 256
307 282
307 284
307 287
307 292
307 298
307 299
307 302
307 307
307 308
307 310
307 311
307 314
307 316
307 317
307 319
307 320
307 323
307 324
307 325
307 326
307 330
307 331
307 332
307 341
307 344
307 345
307 347
307 348
307 356
307 363
307 321
308 58
308 76
308 77
308 199
308 250
308 284
308 298
308 299
308 302
308 308
308 317
308 319
308 325
308 311
308 314
308 316
308 321
308 324
308 326
308 331
308 344
308 345
308 347
308 348
308 356
308 363
309 9
309 285
309 309
309 321
309 322
309 334
309 353
309 355
309 329
313 313
313 321
313 339
313 349
314 9
314 32
314 58
314 76
314 77
314 92
314 96
314 123
314 146
314 148
314 154
314 161
314 166
314 185
314 199
314 236
314 241
314 244
314 248
314 250
314 256
314 282
314 284
314 287
314 292
314 298
314 299
314 302
314 310
314 311
314 314
314 316
314 317
314 319
314 320
314 323
314 324
314 325
314 326
314 330
314 331
314 332
314 341
314 344
314 345
314 347
314 348
314 356
314 363
314 321
315 315
315 340
315 321
315 339
315 349
318 126
318 130
318 167
318 172
318 183
318 193
318 200
318 201
318 206
318 207
318 213
318 220
318 246
318 272
318 282
318 286
318 287
318 289
318 292
318 297
318 318
318 321
318 334
318 339
318 349
318 351
318 352
318 358
318 361
321 321
321 322
321 326
321 331
321 334
321 339
321 340
321 344
321 348
321 349
321 351
321 353
321 355
321 358
321 363
322 9
322 285
322 322
322 334
322 353
322 355
322 329
326 32
326 58
326 76
326 77
326 92
326 96
326 123
326 146
326 148
326 154
326 161
326 166
326 185
326 199
326 236
326 241
326 244
326 248
326 250
326 256
326 284
326 298
326 299
326 302
326 310
326 311
326 316
326 317
326 319
326 320
326 323
326 324
326 325
326 326
326 330
326 331
326 332
326 341
326 344
326 345
326 347
326 348
326 356
326 363
331 9
331 32
331 58
331 76
331 77
331 92
331 96
331 123
331 146
331 148
331 154
331 161
331 166
331 185
331 199
331 236
331 241
331 244
331 248
331 250
331 256
331 282
331 284
331 287
331 292
331 298
331 299
331 302
331 310
331 311
331 316
331 317
331 319
331 320
331 323
331 324
331 325
331 330
331 331
331 332
331 341
331 344
331 345
331 347
331 348
331 356
331 363
334 126
334 167
334 193
334 207
334 213
334 220
334 273
334 282
334 287
334 289
334 292
334 334
334 335
334 337
334 339
334 349
334 355
339 45
339 48
339 49
339 77
339 123
339 128
339 131
339 137
339 161
339 167
339 178
339 193
339 199
339 211
339 228
339 236
339 250
339 256
339 273
339 280
339 282
339 287
339 289
339 291
339 292
339 298
339 302
339 311
339 324
339 325
339 332
339 335
339 337
339 339
339 340
339 345
339 349
339 350
339 351
339 354
339 358
340 340
340 349
344 32
344 58
344 76
344 77
344 92
344 96
344 123
344 146
344 148
344 154
344 161
344 166
344 185
344 199
344 236
344 241
344 244
344 248
344 250
344 256
344 284
344 298
344 299
344 302
344 310
344 311
344 316
344 317
344 319
344 320
344 323
344 324
344 325
344 330
344 332
344 341
344 344
344 345
344 347
344 348
344 356
344 363
348 9
348 32
348 58
348 76
348 77
348 92
348 96
348 123
348 146
348 148
348 154
348 161
348 166
348 185
348 199
348 236
348 241
348 244
348 248
348 250
348 256
348 282
348 284
348 287
348 292
348 298
348 299
348 302
348 310
348 311
348 316
348 317
348 319
348 320
348 323
348 324
348 325
348 330
348 332
348 341
348 345
348 347
348 348
348 356
348 363
349 9
349 88
349 349
349 351
349 358
351 9
351 88
351 129
351 183
351 198
351 200
351 201
351 233
351 246
351 272
351 282
351 286
351 287
351 292
351 297
351 351
351 358
351 352
353 183
353 200
353 201
353 246
353 272
353 282
353 286
353 287
353 292
353 297
353 352
353 353
353 355
355 355
358 183
358 200
358 201
358 246
358 272
358 282
358 286
358 287
358 292
358 297
358 352
358 358
363 32
363 58
363 76
363 77
363 92
363 96
363 123
363 146
363 148
363 154
363 161
363 166
363 185
363 199
363 236
363 241
363 244
363 248
363 250
363 256
363 284
363 298
363 299
363 302
363 310
363 311
363 316
363 317
363 319
363 320
363 323
363 324
363 325
363 330
363 332
363 341
363 345
363 347
363 356
363 363
9 9
9 11
9 18
9 25
9 60
9 73
9 74
9 88
9 129
9 135
9 147
9 172
9 178
9 183
9 186
9 193
9 198
9 200
9 205
9 217
9 233
9 263
9 267
9 271
9 272
9 273
9 277
9 285
9 287
9 289
9 291
9 292
9 293
9 305
9 312
9 327
9 328
9 329
9 333
9 335
9 352
9 359
9 360
9 361
9 362
88 11
88 18
88 25
88 60
88 73
88 74
88 88
88 129
88 147
88 186
88 198
88 217
88 233
88 263
88 267
88 271
88 277
88 327
88 359
88 360
88 362
285 18
285 25
285 60
285 73
285 74
285 129
285 135
285 205
285 263
285 271
285 285
285 293
285 305
285 312
285 328
285 329
285 333
285 359
285 362
329 18
329 25
329 60
329 73
329 74
329 129
329 135
329 205
329 263
329 271
329 293
329 305
329 312
329 328
329 329
329 333
329 359
329 362
18 18
18 25
18 74
18 271
18 362
18 60
18 73
18 129
18 147
18 205
18 233
18 267
18 293
18 312
18 327
18 359
6 6
6 28
6 33
6 36
6 41
6 336
6 343
6 206
6 220
28 28
28 36
28 41
28 336
28 343
33 33
33 41
36 36
36 41
36 336
36 343
41 41
41 336
41 343
41 206
41 220
93 13
93 92
93 93
93 94
93 97
93 155
93 164
93 173
93 194
93 247
336 32
336 154
336 218
336 336
336 343
343 343
206 16
206 24
206 91
206 126
206 130
206 167
206 171
206 172
206 183
206 193
206 200
206 201
206 206
206 211
206 361
206 207
206 213
206 214
206 220
206 246
206 272
206 282
206 286
206 287
206 289
206 292
206 297
206 352
220 10
220 16
220 24
220 45
220 49
220 83
220 91
220 96
220 97
220 115
220 126
220 128
220 130
220 138
220 167
220 171
220 172
220 173
220 184
220 185
220 193
220 195
220 207
220 211
220 213
220 214
220 220
220 221
220 228
220 230
220 231
220 288
220 289
220 361
13 13
13 14
13 22
13 23
13 56
13 75
13 94
13 97
13 125
13 136
13 141
13 155
13 164
13 173
13 177
13 194
13 227
13 240
13 249
13 63
13 92
13 132
13 142
13 144
13 145
13 174
13 260
13 264
13 268
21 21
21 169
21 176
21 281
21 32
23 14
23 22
23 23
23 56
23 75
23 94
23 177
23 194
23 227
23 240
23 249
23 63
23 92
23 132
23 142
23 145
23 174
23 260
23 264
23 268
32 32
32 169
32 199
32 218
32 311
32 323
32 330
32 76
32 154
32 250
32 284
32 302
32 310
32 316
32 324
32 345
32 347
32 356
58 58
58 77
58 76
58 92
58 123
58 161
58 166
58 199
58 241
58 248
58 250
58 284
58 302
58 311
58 316
58 317
58 324
58 332
58 345
58 347
58 356
61 61
61 75
61 240
61 243
61 252
61 254
61 255
61 92
76 76
76 77
76 92
76 96
76 123
76 146
76 148
76 154
76 161
76 166
76 185
76 199
76 236
76 241
76 244
76 248
76 250
76 256
76 284
76 298
76 299
76 302
76 310
76 311
76 316
76 317
76 319
76 320
76 323
76 324
76 325
76 330
76 332
76 341
76 345
76 347
76 356
76 282
76 287
76 292
77 77
77 123
77 148
77 161
77 166
77 332
77 92
77 199
77 241
77 248
77 250
77 282
77 284
77 287
77 292
77 302
77 311
77 316
77 317
77 324
77 345
77 347
77 356
92 92
92 94
92 96
92 154
92 177
92 185
92 194
92 241
92 244
92 247
92 248
92 249
92 252
92 356
92 199
92 250
92 284
92 302
92 311
92 316
92 324
92 345
92 347
94 94
94 97
94 141
94 155
94 164
94 173
94 177
94 194
94 249
96 96
96 154
96 185
96 244
96 199
96 211
96 250
96 282
96 284
96 287
96 292
96 302
96 311
96 316
96 324
96 345
96 347
96 356
97 97
97 141
97 155
97 164
97 173
97 194
97 138
123 123
123 148
123 161
123 166
123 332
123 199
123 250
123 282
123 284
123 287
123 292
123 302
123 311
123 316
123 324
123 345
123 347
123 356
139 139
139 141
139 152
139 177
139 194
139 265
141 141
141 194
141 152
141 155
141 164
141 173
141 177
141 265
146 132
146 142
146 145
146 146
146 148
146 154
146 199
146 250
146 260
146 264
146 268
146 284
146 302
146 311
146 316
146 324
146 345
146 347
146 356
148 132
148 142
148 145
148 148
148 154
148 161
148 166
148 199
148 250
148 260
148 264
148 268
148 284
148 302
148 311
148 316
148 324
148 332
148 345
148 347
148 356
152 152
152 177
152 194
152 265
154 55
154 63
154 132
154 134
154 142
154 144
154 145
154 154
154 185
154 218
154 244
154 199
154 250
154 260
154 264
154 268
154 284
154 302
154 311
154 316
154 324
154 345
154 347
154 356
155 14
155 56
155 63
155 125
155 132
155 136
155 142
155 144
155 145
155 155
155 164
155 173
155 194
155 260
155 264
155 268
159 106
159 159
159 243
159 270
161 161
161 166
161 332
161 199
161 250
161 282
161 284
161 287
161 292
161 302
161 311
161 316
161 324
161 345
161 347
161 356
164 164
164 173
164 194
166 166
166 332
166 199
166 250
166 284
166 302
166 311
166 316
166 324
166 345
166 347
166 356
169 169
169 176
169 281
173 138
173 173
173 194
177 177
177 194
177 249
177 265
185 185
185 244
185 199
185 211
185 250
185 282
185 284
185 287
185 292
185 302
185 311
185 316
185 324
185 345
185 347
185 356
194 194
194 249
194 265
199 199
199 236
199 241
199 244
199 248
199 250
199 256
199 284
199 298
199 299
199 302
199 310
199 311
199 316
199 317
199 319
199 320
199 323
199 324
199 325
199 330
199 332
199 341
199 345
199 347
199 356
199 282
199 287
199 292
218 218
236 236
236 241
236 256
236 310
236 320
236 250
236 284
236 302
236 311
236 316
236 324
236 330
236 345
236 347
236 356
241 241
241 248
241 256
241 310
241 320
241 356
241 250
241 284
241 302
241 311
241 316
241 324
241 330
241 345
241 347
244 244
244 250
244 284
244 302
244 311
244 316
244 324
244 345
244 347
244 356
247 247
248 248
248 356
248 250
248 284
248 302
248 311
248 316
248 324
248 345
248 347
249 249
250 250
250 256
250 284
250 298
250 299
250 302
250 310
250 311
250 316
250 317
250 319
250 320
250 323
250 324
250 325
250 330
250 332
250 341
250 345
250 347
250 356
252 75
252 240
252 243
252 252
252 254
252 255
256 256
256 310
256 320
256 284
256 302
256 311
256 316
256 324
256 330
256 345
256 347
256 356
265 265
270 106
270 243
270 270
284 284
284 298
284 299
284 302
284 310
284 311
284 316
284 317
284 319
284 320
284 323
284 324
284 325
284 330
284 332
284 341
284 345
284 347
284 356
298 298
298 299
298 319
298 325
298 302
298 311
298 316
298 324
298 345
298 347
298 356
299 299
299 319
299 325
299 341
299 302
299 311
299 316
299 324
299 345
299 347
299 356
302 302
302 310
302 311
302 316
302 317
302 319
302 320
302 323
302 324
302 325
302 330
302 332
302 341
302 345
302 347
302 356
310 282
310 287
310 292
310 310
310 311
310 320
310 323
310 330
310 316
310 324
310 345
310 347
310 356
311 311
311 316
311 317
311 319
311 320
311 323
311 324
311 325
311 330
311 332
311 341
311 345
311 347
311 356
316 282
316 287
316 292
316 316
316 317
316 319
316 320
316 323
316 324
316 325
316 330
316 332
316 341
316 345
316 347
316 356
317 317
317 324
317 345
317 347
317 356
319 319
319 325
319 324
319 345
319 347
319 356
320 320
320 324
320 330
320 345
320 347
320 356
323 323
323 330
323 324
323 345
323 347
323 356
324 282
324 287
324 292
324 324
324 325
324 330
324 332
324 341
324 345
324 347
324 356
325 325
325 345
325 347
325 356
330 282
330 287
330 292
330 330
330 345
330 347
330 356
332 282
332 287
332 292
332 332
332 345
332 347
332 356
341 341
341 345
341 347
341 356
345 345
345 347
345 356
347 282
347 287
347 292
347 347
347 356
356 282
356 287
356 292
356 356
184 10
184 83
184 126
184 138
184 167
184 171
184 184
184 195
184 193
184 207
184 213
184 214
184 289
11 11
11 198
11 73
11 129
11 233
11 267
25 25
25 172
25 186
25 361
25 362
25 60
25 73
25 129
25 147
25 205
25 208
25 233
25 267
25 293
25 312
25 327
25 359
60 60
60 147
60 178
60 193
60 198
60 217
60 263
60 271
60 273
60 277
60 287
60 289
60 291
60 292
60 327
60 328
60 333
60 335
60 359
60 360
60 362
73 73
73 74
73 129
73 135
73 172
73 183
73 186
73 198
73 200
73 205
73 233
73 267
73 271
73 272
73 287
73 292
73 293
73 305
73 312
73 352
73 361
73 362
74 74
74 271
74 129
74 205
74 233
74 267
74 293
74 312
129 68
129 118
129 121
129 129
129 135
129 172
129 183
129 186
129 198
129 200
129 201
129 202
129 205
129 217
129 233
129 234
129 246
129 263
129 267
129 271
129 272
129 277
129 287
129 292
129 293
129 297
129 305
129 312
129 328
129 352
129 357
129 360
129 361
129 362
135 68
135 118
135 121
135 135
135 205
135 233
135 293
135 312
147 126
147 147
147 171
147 172
147 186
147 193
147 195
147 198
147 207
147 208
147 217
147 234
147 263
147 277
147 289
147 327
147 359
147 360
147 361
147 362
172 126
172 130
172 167
172 172
172 361
172 183
172 193
172 200
172 201
172 207
172 213
172 246
172 272
172 282
172 286
172 287
172 289
172 292
172 297
172 352
172 359
178 167
178 178
178 280
178 291
178 354
178 193
178 263
178 273
178 282
178 287
178 289
178 292
178 335
178 337
178 359
183 16
183 130
183 183
183 200
183 201
183 202
183 211
183 246
183 272
183 282
183 286
183 287
183 292
183 297
183 352
183 357
183 361
186 186
186 208
186 233
186 267
186 359
193 14
193 22
193 45
193 48
193 49
193 63
193 83
193 91
193 115
193 125
193 126
193 128
193 130
193 131
193 132
193 137
193 138
193 142
193 144
193 145
193 167
193 171
193 174
193 193
193 195
193 207
193 211
193 213
193 228
193 230
193 231
193 264
193 268
193 273
193 280
193 282
193 287
193 288
193 289
193 291
193 292
193 335
193 337
193 350
193 354
193 361
193 359
198 68
198 118
198 121
198 198
198 277
198 360
198 233
198 267
198 327
198 359
200 16
200 130
200 200
200 201
200 202
200 211
200 246
200 272
200 282
200 286
200 287
200 292
200 297
200 352
200 357
200 361
200 233
205 119
205 205
205 271
205 293
205 305
205 312
205 362
217 68
217 118
217 121
217 217
217 263
217 233
217 327
217 359
233 68
233 118
233 121
233 201
233 233
233 234
233 246
233 263
233 267
233 271
233 277
233 297
233 328
233 360
263 68
263 118
263 121
263 263
263 271
263 291
263 328
263 327
263 333
263 359
267 267
267 271
271 68
271 118
271 121
271 271
271 328
271 293
271 312
271 333
271 359
272 16
272 130
272 201
272 202
272 211
272 246
272 272
272 282
272 286
272 287
272 292
272 297
272 352
272 357
272 361
273 45
273 48
273 49
273 128
273 131
273 137
273 167
273 211
273 228
273 273
273 280
273 282
273 287
273 289
273 291
273 292
273 335
273 337
273 350
273 354
273 359
277 68
277 118
277 121
277 171
277 195
277 208
277 234
277 277
277 360
277 327
277 359
287 16
287 45
287 48
287 49
287 128
287 130
287 131
287 137
287 167
287 201
287 202
287 211
287 228
287 246
287 280
287 282
287 286
287 287
287 289
287 291
287 292
287 297
287 335
287 337
287 350
287 352
287 354
287 357
287 361
287 359
289 14
289 22
289 45
289 48
289 49
289 63
289 83
289 91
289 115
289 125
289 126
289 128
289 130
289 131
289 132
289 137
289 138
289 142
289 144
289 145
289 167
289 171
289 174
289 195
289 207
289 211
289 213
289 228
289 230
289 231
289 264
289 268
289 280
289 282
289 288
289 289
289 291
289 292
289 335
289 337
289 350
289 354
289 361
289 359
291 167
291 280
291 282
291 291
291 354
291 292
291 335
291 337
291 359
292 16
292 45
292 48
292 49
292 128
292 130
292 131
292 137
292 167
292 201
292 202
292 211
292 228
292 246
292 280
292 282
292 286
292 292
292 297
292 335
292 337
292 350
292 352
292 354
292 357
292 361
292 359
293 119
293 293
293 305
293 312
293 362
305 305
305 312
312 312
312 362
327 327
327 359
327 360
327 362
328 68
328 118
328 121
328 328
328 333
328 359
333 333
333 359
335 45
335 48
335 49
335 128
335 131
335 137
335 167
335 211
335 228
335 280
335 282
335 335
335 337
335 350
335 354
335 359
352 16
352 130
352 201
352 202
352 211
352 246
352 282
352 286
352 297
352 352
352 357
352 361
359 126
359 132
359 142
359 171
359 195
359 207
359 208
359 234
359 268
359 359
359 360
359 361
359 362
360 68
360 118
360 121
360 360
361 126
361 130
361 167
361 201
361 207
361 213
361 246
361 282
361 286
361 297
361 361
362 362
10 10
10 138
10 214
138 45
138 49
138 115
138 126
138 138
138 288
138 167
138 207
138 213
138 214
214 16
214 24
214 211
214 214
214 221
14 14
14 22
14 55
14 56
14 63
14 125
14 134
14 136
14 144
14 174
14 226
14 227
14 45
14 49
14 132
14 142
14 145
14 167
14 228
14 260
14 264
14 268
22 22
22 55
22 56
22 63
22 174
22 226
22 227
22 45
22 132
22 142
22 145
22 167
22 228
22 260
22 264
22 268
56 56
56 125
56 136
56 227
56 63
56 132
56 142
56 144
56 145
56 174
56 260
56 264
56 268
75 75
75 240
75 243
75 255
125 45
125 49
125 55
125 63
125 125
125 134
125 136
125 144
125 132
125 142
125 145
125 167
125 260
125 264
125 268
136 63
136 132
136 136
136 142
136 144
136 145
136 260
136 264
136 268
227 63
227 132
227 142
227 145
227 174
227 227
227 260
227 264
227 268
240 240
240 243
240 255
63 45
63 49
63 55
63 63
63 134
63 144
63 174
63 226
63 132
63 142
63 145
63 167
63 228
63 260
63 264
63 268
132 55
132 132
132 134
132 142
132 144
132 145
132 174
132 226
132 260
132 264
132 268
132 167
142 55
142 134
142 142
142 144
142 145
142 174
142 226
142 260
142 264
142 268
142 167
144 45
144 49
144 55
144 134
144 144
144 145
144 167
144 260
144 264
144 268
145 55
145 134
145 145
145 174
145 226
145 260
145 264
145 268
145 167
174 45
174 55
174 167
174 174
174 226
174 228
174 260
174 264
174 268
260 55
260 134
260 226
260 260
260 264
260 268
264 55
264 134
264 167
264 226
264 264
264 268
268 55
268 134
268 167
268 226
268 268
55 55
55 134
55 226
134 134
226 226
45 45
45 48
45 49
45 115
45 128
45 131
45 137
45 211
45 228
45 230
45 231
45 288
45 350
45 126
45 167
45 207
45 213
45 282
45 337
49 48
49 49
49 115
49 128
49 131
49 137
49 211
49 228
49 288
49 126
49 167
49 207
49 213
49 282
49 337
167 48
167 83
167 91
167 115
167 126
167 128
167 130
167 131
167 137
167 167
167 171
167 195
167 207
167 211
167 213
167 228
167 230
167 231
167 280
167 282
167 288
167 337
167 350
167 354
228 48
228 126
228 128
228 207
228 211
228 213
228 228
228 230
228 231
228 288
228 350
228 282
228 337
16 16
16 211
16 201
16 246
16 282
16 286
16 297
211 126
211 128
211 201
211 207
211 211
211 213
211 246
211 282
211 286
211 297
211 337
201 130
201 201
201 202
201 246
201 282
201 286
201 297
201 357
246 130
246 202
246 246
246 282
246 286
246 297
246 357
282 48
282 128
282 130
282 131
282 137
282 202
282 280
282 282
282 286
282 297
282 337
282 350
282 354
282 357
286 130
286 202
286 286
286 297
286 357
297 130
297 202
297 297
297 357
106 106
106 243
176 176
176 281
243 243
243 255
254 254
255 255
281 281
24 24
221 221
208 208
208 234
48 48
48 137
48 350
48 337
115 115
115 288
115 126
115 207
115 213
128 126
128 128
128 207
128 213
128 337
131 131
131 337
137 137
137 337
288 126
288 207
288 213
288 231
288 288
126 83
126 91
126 126
126 130
126 171
126 195
126 207
126 213
126 230
126 231
207 83
207 91
207 130
207 171
207 195
207 207
207 213
207 230
207 231
213 83
213 91
213 130
213 171
213 195
213 213
213 230
213 231
337 280
337 337
337 350
337 354
230 230
231 231
350 350
280 280
354 354
68 68
68 118
68 121
68 234
68 80
118 80
118 118
118 121
118 234
121 121
121 234
234 234
80 80
80 109
80 119
80 179
109 109
109 119
119 119
119 216
179 179
83 83
83 195
83 171
195 91
195 171
195 195
171 91
171 171
91 91
130 130
216 216
202 202
357 357
