0 0
0 1
0 4
0 2
0 3
0 5
0 6
0 7
0 8
0 9
0 10
0 11
0 12
0 13
0 14
0 15
0 16
0 17
0 18
0 19
0 20
0 21
0 22
0 23
0 24
0 25
0 26
0 27
0 28
0 29
0 30
0 31
0 32
0 33
0 34
0 35
0 36
0 37
0 38
0 39
0 40
0 41
0 42
0 43
0 44
0 45
0 46
0 47
0 48
0 49
0 50
0 51
0 52
0 53
0 54
0 55
0 56
0 57
0 58
0 59
0 60
0 61
0 62
0 63
0 64
0 65
0 66
0 67
0 68
0 69
0 70
0 71
0 72
0 73
0 74
0 75
0 76
0 77
0 78
0 79
0 80
0 81
0 82
0 83
0 84
0 85
0 86
0 87
0 88
0 89
0 90
0 91
0 92
0 93
0 94
0 95
0 96
0 97
0 98
0 99
0 100
0 101
0 102
0 103
0 104
0 105
0 106
0 107
0 108
0 109
0 110
0 111
0 112
0 113
0 114
0 115
0 116
0 117
0 118
0 119
0 120
0 121
0 122
0 123
0 124
0 125
0 126
0 127
0 128
0 129
0 130
0 131
0 132
0 133
0 134
0 135
0 136
0 137
0 138
0 139
0 140
0 141
0 142
0 143
0 144
0 145
0 146
0 147
0 148
0 149
0 150
0 151
0 152
0 153
0 154
0 155
0 156
0 157
0 158
0 159
0 160
0 161
0 162
0 163
0 164
0 165
0 166
0 167
0 168
0 169
0 170
0 171
0 172
0 173
0 174
0 175
0 176
0 177
0 178
0 179
0 180
0 181
0 182
0 183
0 184
0 185
0 186
0 187
0 188
0 189
0 190
0 191
0 192
0 193
0 194
0 195
0 196
0 197
0 198
0 199
0 200
0 201
0 202
0 203
0 204
0 205
0 206
0 207
0 208
0 209
0 210
0 211
0 212
0 213
0 214
0 215
0 216
0 217
0 218
0 219
0 220
0 221
0 222
0 223
0 224
0 225
0 226
0 227
0 228
0 229
0 230
0 231
0 232
0 233
0 234
0 235
0 236
0 237
0 238
0 239
0 240
0 241
0 242
0 243
0 244
0 245
0 246
0 247
0 248
0 249
0 250
0 251
0 252
0 253
0 254
0 255
0 256
0 257
0 258
0 259
0 260
1 1
1 2
1 3
1 5
1 4
1 6
1 7
1 8
1 9
1 10
1 11
1 12
1 13
1 14
1 15
1 16
1 17
1 18
1 19
1 20
1 21
1 22
1 23
1 24
1 25
1 26
1 27
1 28
1 29
1 30
1 31
1 32
1 33
1 34
1 35
1 36
1 37
1 38
1 39
1 40
1 41
1 42
1 43
1 44
1 45
1 46
1 47
1 48
1 49
1 50
1 51
1 52
1 53
1 54
1 55
1 56
1 57
1 58
1 59
1 60
1 61
1 62
1 63
1 64
1 65
1 66
1 67
1 68
1 69
1 70
1 71
1 72
1 73
1 74
1 75
1 76
1 77
1 78
1 79
1 80
1 81
1 82
1 83
1 84
1 85
1 86
1 87
1 88
1 89
1 90
1 91
1 92
1 93
1 94
1 95
1 96
1 97
1 98
1 99
1 100
1 101
1 102
1 103
1 104
1 105
1 106
1 107
1 108
1 109
1 110
1 111
1 112
1 113
1 114
1 115
1 116
1 117
1 118
1 119
1 120
1 121
1 122
1 123
1 124
1 125
1 126
1 127
1 128
1 129
1 130
1 131
1 132
1 133
1 134
1 135
1 136
1 137
1 138
1 139
1 140
1 141
1 142
1 143
1 144
1 145
1 146
1 147
1 148
1 149
1 150
1 151
1 152
1 153
1 154
1 155
1 156
1 157
1 158
1 159
1 160
1 161
1 162
1 163
1 164
1 165
1 166
1 167
1 168
1 169
1 170
1 171
1 172
1 173
1 174
1 175
1 176
1 177
1 178
1 179
1 180
1 181
1 182
1 183
1 184
1 185
1 186
1 187
1 188
1 189
1 190
1 191
1 192
1 193
1 194
1 195
1 196
1 197
1 198
1 199
1 200
1 201
1 202
1 203
1 204
1 205
1 206
1 207
1 208
1 209
1 210
1 211
1 212
1 213
1 214
1 215
1 216
1 217
1 218
1 219
1 220
1 221
1 222
1 223
1 224
1 225
1 226
1 227
1 228
1 229
1 230
1 231
1 232
1 233
1 234
1 235
1 236
1 237
1 238
1 239
1 240
1 241
1 242
1 243
1 244
1 245
1 246
1 247
1 248
1 249
1 250
1 251
1 252
1 253
1 254
1 255
1 256
1 257
1 258
1 259
1 260
4 2
4 3
4 4
4 6
4 8
2 2
2 3
2 6
2 5
2 7
2 8
2 9
2 10
2 11
2 12
2 13
2 14
2 15
2 16
2 17
2 18
2 19
2 20
2 21
2 22
2 23
2 24
2 25
2 26
2 27
2 28
2 29
2 30
2 31
2 32
2 33
2 34
2 35
2 36
2 37
2 38
2 39
2 40
2 41
2 42
2 43
2 44
2 45
2 46
2 47
2 48
2 49
2 50
2 51
2 52
2 53
2 54
2 55
2 56
2 57
2 58
2 59
2 60
2 61
2 62
2 63
2 64
2 65
2 66
2 67
2 68
2 69
2 70
2 71
2 72
2 73
2 74
2 75
2 76
2 77
2 78
2 79
2 80
2 81
2 82
2 83
2 84
2 85
2 86
2 87
2 88
2 89
2 90
2 91
2 92
2 93
2 94
2 95
2 96
2 97
2 98
2 99
2 100
2 101
2 102
2 103
2 104
2 105
2 106
2 107
2 108
2 109
2 110
2 111
2 112
2 113
2 114
2 115
2 116
2 117
2 118
2 119
2 120
2 121
2 122
2 123
2 124
2 125
2 126
2 127
2 128
2 129
2 130
2 131
2 132
2 133
2 134
2 135
2 136
2 137
2 138
2 139
2 140
2 141
2 142
2 143
2 144
2 145
2 146
2 147
2 148
2 149
2 150
2 151
2 152
2 153
2 154
2 155
2 156
2 157
2 158
2 159
2 160
2 161
2 162
2 163
2 164
2 165
2 166
2 167
2 168
2 169
2 170
2 171
2 172
2 173
2 174
2 175
2 176
2 177
2 178
2 179
2 180
2 181
2 182
2 183
2 184
2 185
2 186
2 187
2 188
2 189
2 190
2 191
2 192
2 193
2 194
2 195
2 196
2 197
2 198
2 199
2 200
2 201
2 202
2 203
2 204
2 205
2 206
2 207
2 208
2 209
2 210
2 211
2 212
2 213
2 214
2 215
2 216
2 217
2 218
2 219
2 220
2 221
2 222
2 223
2 224
2 225
2 226
2 227
2 228
2 229
2 230
2 231
2 232
2 233
2 234
2 235
2 236
2 237
2 238
2 239
2 240
2 241
2 242
2 243
2 244
2 245
2 246
2 247
2 248
2 249
2 250
2 251
2 252
2 253
2 254
2 255
2 256
2 257
2 258
2 259
2 260
3 3
3 5
3 7
3 6
3 8
3 9
3 10
3 11
3 12
3 13
3 14
3 15
3 16
3 17
3 18
3 19
3 20
3 21
3 22
3 23
3 24
3 25
3 26
3 27
3 28
3 29
3 30
3 31
3 32
3 33
3 34
3 35
3 36
3 37
3 38
3 39
3 40
3 41
3 42
3 43
3 44
3 45
3 46
3 47
3 48
3 49
3 50
3 51
3 52
3 53
3 54
3 55
3 56
3 57
3 58
3 59
3 60
3 61
3 62
3 63
3 64
3 65
3 66
3 67
3 68
3 69
3 70
3 71
3 72
3 73
3 74
3 75
3 76
3 77
3 78
3 79
3 80
3 81
3 82
3 83
3 84
3 85
3 86
3 87
3 88
3 89
3 90
3 91
3 92
3 93
3 94
3 95
3 96
3 97
3 98
3 99
3 100
3 101
3 102
3 103
3 104
3 105
3 106
3 107
3 108
3 109
3 110
3 111
3 112
3 113
3 114
3 115
3 116
3 117
3 118
3 119
3 120
3 121
3 122
3 123
3 124
3 125
3 126
3 127
3 128
3 129
3 130
3 131
3 132
3 133
3 134
3 135
3 136
3 137
3 138
3 139
3 140
3 141
3 142
3 143
3 144
3 145
3 146
3 147
3 148
3 149
3 150
3 151
3 152
3 153
3 154
3 155
3 156
3 157
3 158
3 159
3 160
3 161
3 162
3 163
3 164
3 165
3 166
3 167
3 168
3 169
3 170
3 171
3 172
3 173
3 174
3 175
3 176
3 177
3 178
3 179
3 180
3 181
3 182
3 183
3 184
3 185
3 186
3 187
3 188
3 189
3 190
3 191
3 192
3 193
3 194
3 195
3 196
3 197
3 198
3 199
3 200
3 201
3 202
3 203
3 204
3 205
3 206
3 207
3 208
3 209
3 210
3 211
3 212
3 213
3 214
3 215
3 216
3 217
3 218
3 219
3 220
3 221
3 222
3 223
3 224
3 225
3 226
3 227
3 228
3 229
3 230
3 231
3 232
3 233
3 234
3 235
3 236
3 237
3 238
3 239
3 240
3 241
3 242
3 243
3 244
3 245
3 246
3 247
3 248
3 249
3 250
3 251
3 252
3 253
3 254
3 255
3 256
3 257
3 258
3 259
3 260
5 5
5 7
5 9
6 6
6 8
6 10
7 7
7 9
7 11
8 8
8 10
8 12
9 9
9 11
9 13
10 10
10 12
10 14
11 11
11 13
11 15
12 12
12 14
12 16
13 13
13 15
13 17
14 14
14 16
14 18
15 15
15 17
15 19
16 16
16 18
16 20
17 17
17 19
17 21
18 18
18 20
18 22
19 19
19 21
19 23
20 20
20 22
20 24
21 21
21 23
21 25
22 22
22 24
22 26
23 23
23 25
23 27
24 24
24 26
24 28
25 25
25 27
25 29
26 26
26 28
26 30
27 27
27 29
27 31
28 28
28 30
28 32
29 29
29 31
29 33
30 30
30 32
30 34
31 31
31 33
31 35
32 32
32 34
32 36
33 33
33 35
33 37
34 34
34 36
34 38
35 35
35 37
35 39
36 36
36 38
36 40
37 37
37 39
37 41
38 38
38 40
38 42
39 39
39 41
39 43
40 40
40 42
40 44
41 41
41 43
41 45
42 42
42 44
42 46
43 43
43 45
43 47
44 44
44 46
44 48
45 45
45 47
45 49
46 46
46 48
46 50
47 47
47 49
47 51
48 48
48 50
48 52
49 49
49 51
49 53
50 50
50 52
50 54
51 51
51 53
51 55
52 52
52 54
52 56
53 53
53 55
53 57
54 54
54 56
54 58
55 55
55 57
55 59
56 56
56 58
56 60
57 57
57 59
57 61
58 58
58 60
58 62
59 59
59 61
59 63
60 60
60 62
60 64
61 61
61 63
61 65
62 62
62 64
62 66
63 63
63 65
63 67
64 64
64 66
64 68
65 65
65 67
65 69
66 66
66 68
66 70
67 67
67 69
67 71
68 68
68 70
68 72
69 69
69 71
69 73
70 70
70 72
70 74
71 71
71 73
71 75
72 72
72 74
72 76
73 73
73 75
73 77
74 74
74 76
74 78
75 75
75 77
75 79
76 76
76 78
76 80
77 77
77 79
77 81
78 78
78 80
78 82
79 79
79 81
79 83
80 80
80 82
80 84
81 81
81 83
81 85
82 82
82 84
82 86
83 83
83 85
83 87
84 84
84 86
84 88
85 85
85 87
85 89
86 86
86 88
86 90
87 87
87 89
87 91
88 88
88 90
88 92
89 89
89 91
89 93
90 90
90 92
90 94
91 91
91 93
91 95
92 92
92 94
92 96
93 93
93 95
93 97
94 94
94 96
94 98
95 95
95 97
95 99
96 96
96 98
96 100
97 97
97 99
97 101
98 98
98 100
98 102
99 99
99 101
99 103
100 100
100 102
100 104
101 101
101 103
101 105
102 102
102 104
102 106
103 103
103 105
103 107
104 104
104 106
104 108
105 105
105 107
105 109
106 106
106 108
106 110
107 107
107 109
107 111
108 108
108 110
108 112
109 109
109 111
109 113
110 110
110 112
110 114
111 111
111 113
111 115
112 112
112 114
112 116
113 113
113 115
113 117
114 114
114 116
114 118
115 115
115 117
115 119
116 116
116 118
116 120
117 117
117 119
117 121
118 118
118 120
118 122
119 119
119 121
119 123
120 120
120 122
120 124
121 121
121 123
121 125
122 122
122 124
122 126
123 123
123 125
123 127
124 124
124 126
124 128
125 125
125 127
125 129
126 126
126 128
126 130
127 127
127 129
127 131
128 128
128 130
128 132
129 129
129 131
129 133
130 130
130 132
130 134
131 131
131 133
131 135
132 132
132 134
132 136
133 133
133 135
133 137
134 134
134 136
134 138
135 135
135 137
135 139
136 136
136 138
136 140
137 137
137 139
137 141
138 138
138 140
138 142
139 139
139 141
139 143
140 140
140 142
140 144
141 141
141 143
141 145
142 142
142 144
142 146
143 143
143 145
143 147
144 144
144 146
144 148
145 145
145 147
145 149
146 146
146 148
146 150
147 147
147 149
147 151
148 148
148 150
148 152
149 149
149 151
149 153
150 150
150 152
150 154
151 151
151 153
151 155
152 152
152 154
152 156
153 153
153 155
153 157
154 154
154 156
154 158
155 155
155 157
155 159
156 156
156 158
156 160
157 157
157 159
157 161
158 158
158 160
158 162
159 159
159 161
159 163
160 160
160 162
160 164
161 161
161 163
161 165
162 162
162 164
162 166
163 163
163 165
163 167
164 164
164 166
164 168
165 165
165 167
165 169
166 166
166 168
166 170
167 167
167 169
167 171
168 168
168 170
168 172
169 169
169 171
169 173
170 170
170 172
170 174
171 171
171 173
171 175
172 172
172 174
172 176
173 173
173 175
173 177
174 174
174 176
174 178
175 175
175 177
175 179
176 176
176 178
176 180
177 177
177 179
177 181
178 178
178 180
178 182
179 179
179 181
179 183
180 180
180 182
180 184
181 181
181 183
181 185
182 182
182 184
182 186
183 183
183 185
183 187
184 184
184 186
184 188
185 185
185 187
185 189
186 186
186 188
186 190
187 187
187 189
187 191
188 188
188 190
188 192
189 189
189 191
189 193
190 190
190 192
190 194
191 191
191 193
191 195
192 192
192 194
192 196
193 193
193 195
193 197
194 194
194 196
194 198
195 195
195 197
195 199
196 196
196 198
196 200
197 197
197 199
197 201
198 198
198 200
198 202
199 199
199 201
199 203
200 200
200 202
200 204
201 201
201 203
201 205
202 202
202 204
202 206
203 203
203 205
203 207
204 204
204 206
204 208
205 205
205 207
205 209
206 206
206 208
206 210
207 207
207 209
207 211
208 208
208 210
208 212
209 209
209 211
209 213
210 210
210 212
210 214
211 211
211 213
211 215
212 212
212 214
212 216
213 213
213 215
213 217
214 214
214 216
214 218
215 215
215 217
215 219
216 216
216 218
216 220
217 217
217 219
217 221
218 218
218 220
218 222
219 219
219 221
219 223
220 220
220 222
220 224
221 221
221 223
221 225
222 222
222 224
222 226
223 223
223 225
223 227
224 224
224 226
224 228
225 225
225 227
225 229
226 226
226 228
226 230
227 227
227 229
227 231
228 228
228 230
228 232
229 229
229 231
229 233
230 230
230 232
230 234
231 231
231 233
231 235
232 232
232 234
232 236
233 233
233 235
233 237
234 234
234 236
234 238
235 235
235 237
235 239
236 236
236 238
236 240
237 237
237 239
237 241
238 238
238 240
238 242
239 239
239 241
239 243
240 240
240 242
240 244
241 241
241 243
241 245
242 242
242 244
242 246
243 243
243 245
243 247
244 244
244 246
244 248
245 245
245 247
245 249
246 246
246 248
246 250
247 247
247 249
247 251
248 248
248 250
248 252
249 249
249 251
249 253
250 250
250 252
250 254
251 251
251 253
251 255
252 252
252 254
252 256
253 253
253 255
253 257
254 254
254 256
254 258
255 255
255 257
255 259
256 256
256 258
256 260
257 257
257 259
258 258
258 260
259 259
260 260
