0 0
0 1
0 4
0 5
0 6
0 7
0 8
0 11
0 12
0 13
0 14
1 1
1 4
1 7
1 8
1 11
1 12
1 13
1 15
1 14
1 18
4 4
4 7
4 8
4 11
4 12
4 13
4 18
4 5
4 6
4 14
4 15
5 5
5 7
5 8
5 11
5 12
5 13
5 19
6 6
6 8
6 11
6 12
6 13
6 20
7 7
7 8
7 11
7 12
7 13
7 14
7 15
7 18
7 19
7 20
7 21
8 8
8 11
8 12
8 13
8 14
8 15
8 18
8 19
8 20
8 22
11 11
11 12
11 13
11 14
11 15
11 18
11 19
11 20
11 25
12 12
12 13
12 14
12 15
12 18
12 19
12 20
12 26
13 13
13 15
13 18
13 19
13 20
13 27
13 14
14 14
14 15
14 18
14 19
14 20
14 21
14 22
14 25
14 26
14 27
14 28
15 15
15 18
15 19
15 20
15 21
15 22
15 25
15 26
15 27
15 29
18 18
18 19
18 20
18 21
18 22
18 25
18 26
18 27
18 32
2 2
2 9
2 16
9 9
9 16
9 23
16 16
16 23
16 30
3 3
3 10
3 17
10 10
10 17
10 24
17 17
17 24
17 31
19 19
19 20
19 21
19 22
19 25
19 26
19 27
19 33
20 20
20 22
20 25
20 26
20 27
20 34
20 21
21 21
21 22
21 25
21 26
21 27
21 28
21 29
21 32
21 33
21 34
21 35
22 22
22 25
22 26
22 27
22 28
22 29
22 32
22 33
22 34
22 36
23 23
23 30
23 37
24 24
24 31
24 38
25 25
25 26
25 27
25 28
25 29
25 32
25 33
25 34
25 39
26 26
26 27
26 28
26 29
26 32
26 33
26 34
26 40
27 27
27 29
27 32
27 33
27 34
27 41
27 28
28 28
28 29
28 32
28 33
28 34
28 35
28 36
28 39
28 40
28 41
28 42
29 29
29 32
29 33
29 34
29 35
29 36
29 39
29 40
29 41
29 43
30 30
30 37
30 44
31 31
31 38
31 45
32 32
32 33
32 34
32 35
32 36
32 39
32 40
32 41
32 46
33 33
33 34
33 35
33 36
33 39
33 40
33 41
33 47
34 34
34 36
34 39
34 40
34 41
34 48
34 35
35 35
35 36
35 39
35 40
35 41
35 42
35 43
35 46
35 47
35 48
35 49
36 36
36 39
36 40
36 41
36 42
36 43
36 46
36 47
36 48
36 50
37 37
37 44
37 51
38 38
38 45
38 52
39 39
39 40
39 41
39 42
39 43
39 46
39 47
39 48
39 53
40 40
40 41
40 42
40 43
40 46
40 47
40 48
40 54
41 41
41 43
41 46
41 47
41 48
41 55
41 42
42 42
42 43
42 46
42 47
42 48
42 49
42 50
42 53
42 54
42 55
42 56
43 43
43 46
43 47
43 48
43 49
43 50
43 53
43 54
43 55
43 57
44 44
44 51
44 58
45 45
45 52
45 59
46 46
46 47
46 48
46 49
46 50
46 53
46 54
46 55
46 60
47 47
47 48
47 49
47 50
47 53
47 54
47 55
47 61
48 48
48 50
48 53
48 54
48 55
48 62
48 49
49 49
49 50
49 53
49 54
49 55
49 56
49 57
49 60
49 61
49 62
49 63
50 50
50 53
50 54
50 55
50 56
50 57
50 60
50 61
50 62
50 64
51 51
51 58
51 65
52 52
52 59
52 66
53 53
53 54
53 55
53 56
53 57
53 60
53 61
53 62
53 67
54 54
54 55
54 56
54 57
54 60
54 61
54 62
54 68
55 55
55 57
55 60
55 61
55 62
55 69
55 56
56 56
56 57
56 60
56 61
56 62
56 63
56 64
56 67
56 68
56 69
56 70
57 57
57 60
57 61
57 62
57 63
57 64
57 67
57 68
57 69
57 71
58 58
58 65
58 72
59 59
59 66
59 73
60 60
60 61
60 62
60 63
60 64
60 67
60 68
60 69
60 74
61 61
61 62
61 63
61 64
61 67
61 68
61 69
61 75
62 62
62 64
62 67
62 68
62 69
62 76
62 63
63 63
63 64
63 67
63 68
63 69
63 70
63 71
63 74
63 75
63 76
63 77
64 64
64 67
64 68
64 69
64 70
64 71
64 74
64 75
64 76
64 78
65 65
65 72
65 79
66 66
66 73
66 80
67 67
67 68
67 69
67 70
67 71
67 74
67 75
67 76
67 81
68 68
68 69
68 70
68 71
68 74
68 75
68 76
68 82
69 69
69 71
69 74
69 75
69 76
69 83
69 70
70 70
70 71
70 74
70 75
70 76
70 77
70 78
70 81
70 82
70 83
70 84
71 71
71 74
71 75
71 76
71 77
71 78
71 81
71 82
71 83
71 85
72 72
72 79
72 86
73 73
73 80
73 87
74 74
74 75
74 76
74 77
74 78
74 81
74 82
74 83
74 88
75 75
75 76
75 77
75 78
75 81
75 82
75 83
75 89
76 76
76 78
76 81
76 82
76 83
76 90
76 77
77 77
77 78
77 81
77 82
77 83
77 84
77 85
77 88
77 89
77 90
77 91
78 78
78 81
78 82
78 83
78 84
78 85
78 88
78 89
78 90
78 92
79 79
79 86
79 93
80 80
80 87
80 94
81 81
81 82
81 83
81 84
81 85
81 88
81 89
81 90
81 95
82 82
82 83
82 84
82 85
82 88
82 89
82 90
82 96
83 83
83 85
83 88
83 89
83 90
83 97
83 84
84 84
84 85
84 88
84 89
84 90
84 91
84 92
84 95
84 96
84 97
84 98
85 85
85 88
85 89
85 90
85 91
85 92
85 95
85 96
85 97
85 99
86 86
86 93
86 100
87 87
87 94
87 101
88 88
88 89
88 90
88 91
88 92
88 95
88 96
88 97
88 102
89 89
89 90
89 91
89 92
89 95
89 96
89 97
89 103
90 90
90 92
90 95
90 96
90 97
90 104
90 91
91 91
91 92
91 95
91 96
91 97
91 98
91 99
91 102
91 103
91 104
91 105
92 92
92 95
92 96
92 97
92 98
92 99
92 102
92 103
92 104
92 106
93 93
93 100
93 107
94 94
94 101
94 108
95 95
95 96
95 97
95 98
95 99
95 102
95 103
95 104
95 109
96 96
96 97
96 98
96 99
96 102
96 103
96 104
96 110
97 97
97 99
97 102
97 103
97 104
97 111
97 98
98 98
98 99
98 102
98 103
98 104
98 105
98 106
98 109
98 110
98 111
98 112
99 99
99 102
99 103
99 104
99 105
99 106
99 109
99 110
99 111
99 113
100 100
100 107
100 114
101 101
101 108
101 115
102 102
102 103
102 104
102 105
102 106
102 109
102 110
102 111
102 116
103 103
103 104
103 105
103 106
103 109
103 110
103 111
103 117
104 104
104 106
104 109
104 110
104 111
104 118
104 105
105 105
105 106
105 109
105 110
105 111
105 112
105 113
105 116
105 117
105 118
105 119
106 106
106 109
106 110
106 111
106 112
106 113
106 116
106 117
106 118
106 120
107 107
107 114
107 121
108 108
108 115
108 122
109 109
109 110
109 111
109 112
109 113
109 116
109 117
109 118
109 123
110 110
110 111
110 112
110 113
110 116
110 117
110 118
110 124
111 111
111 113
111 116
111 117
111 118
111 125
111 112
112 112
112 113
112 116
112 117
112 118
112 119
112 120
112 123
112 124
112 125
112 126
113 113
113 116
113 117
113 118
113 119
113 120
113 123
113 124
113 125
113 127
114 114
114 121
114 128
115 115
115 122
115 129
116 116
116 117
116 118
116 119
116 120
116 123
116 124
116 125
116 130
117 117
117 118
117 119
117 120
117 123
117 124
117 125
117 131
118 118
118 120
118 123
118 124
118 125
118 132
118 119
119 119
119 120
119 123
119 124
119 125
119 126
119 127
119 130
119 131
119 132
119 133
120 120
120 123
120 124
120 125
120 126
120 127
120 130
120 131
120 132
120 134
121 121
121 128
121 135
122 122
122 129
122 136
123 123
123 124
123 125
123 126
123 127
123 130
123 131
123 132
123 137
124 124
124 125
124 126
124 127
124 130
124 131
124 132
124 138
125 125
125 127
125 130
125 131
125 132
125 139
125 126
126 126
126 127
126 130
126 131
126 132
126 133
126 134
126 137
126 138
126 139
126 140
127 127
127 130
127 131
127 132
127 133
127 134
127 137
127 138
127 139
127 141
128 128
128 135
128 142
129 129
129 136
129 143
130 130
130 131
130 132
130 133
130 134
130 137
130 138
130 139
130 144
131 131
131 132
131 133
131 134
131 137
131 138
131 139
131 145
132 132
132 134
132 137
132 138
132 139
132 146
132 133
133 133
133 134
133 137
133 138
133 139
133 140
133 141
133 144
133 145
133 146
133 147
134 134
134 137
134 138
134 139
134 140
134 141
134 144
134 145
134 146
134 148
135 135
135 142
135 149
136 136
136 143
136 150
137 137
137 138
137 139
137 140
137 141
137 144
137 145
137 146
137 151
138 138
138 139
138 140
138 141
138 144
138 145
138 146
138 152
139 139
139 141
139 144
139 145
139 146
139 153
139 140
140 140
140 141
140 144
140 145
140 146
140 147
140 148
140 151
140 152
140 153
140 154
141 141
141 144
141 145
141 146
141 147
141 148
141 151
141 152
141 153
141 155
142 142
142 149
142 156
143 143
143 150
143 157
144 144
144 145
144 146
144 147
144 148
144 151
144 152
144 153
144 158
145 145
145 146
145 147
145 148
145 151
145 152
145 153
145 159
146 146
146 148
146 151
146 152
146 153
146 160
146 147
147 147
147 148
147 151
147 152
147 153
147 154
147 155
147 158
147 159
147 160
147 161
148 148
148 151
148 152
148 153
148 154
148 155
148 158
148 159
148 160
148 162
149 149
149 156
149 163
150 150
150 157
150 164
151 151
151 152
151 153
151 154
151 155
151 158
151 159
151 160
151 165
152 152
152 153
152 154
152 155
152 158
152 159
152 160
152 166
153 153
153 155
153 158
153 159
153 160
153 167
153 154
154 154
154 155
154 158
154 159
154 160
154 161
154 162
154 165
154 166
154 167
154 168
155 155
155 158
155 159
155 160
155 161
155 162
155 165
155 166
155 167
155 169
156 156
156 163
156 170
157 157
157 164
157 171
158 158
158 159
158 160
158 161
158 162
158 165
158 166
158 167
158 172
159 159
159 160
159 161
159 162
159 165
159 166
159 167
159 173
160 160
160 162
160 165
160 166
160 167
160 174
160 161
161 161
161 162
161 165
161 166
161 167
161 168
161 169
161 172
161 173
161 174
161 175
162 162
162 165
162 166
162 167
162 168
162 169
162 172
162 173
162 174
162 176
163 163
163 170
163 177
164 164
164 171
164 178
165 165
165 166
165 167
165 168
165 169
165 172
165 173
165 174
165 179
166 166
166 167
166 168
166 169
166 172
166 173
166 174
166 180
167 167
167 169
167 172
167 173
167 174
167 181
167 168
168 168
168 169
168 172
168 173
168 174
168 175
168 176
168 179
168 180
168 181
168 182
169 169
169 172
169 173
169 174
169 175
169 176
169 179
169 180
169 181
169 183
170 170
170 177
170 184
171 171
171 178
171 185
172 172
172 173
172 174
172 175
172 176
172 179
172 180
172 181
172 186
173 173
173 174
173 175
173 176
173 179
173 180
173 181
173 187
174 174
174 176
174 179
174 180
174 181
174 188
174 175
175 175
175 176
175 179
175 180
175 181
175 182
175 183
175 186
175 187
175 188
175 189
176 176
176 179
176 180
176 181
176 182
176 183
176 186
176 187
176 188
176 190
177 177
177 184
177 191
178 178
178 185
178 192
179 179
179 180
179 181
179 182
179 183
179 186
179 187
179 188
179 193
180 180
180 181
180 182
180 183
180 186
180 187
180 188
180 194
181 181
181 183
181 186
181 187
181 188
181 195
181 182
182 182
182 183
182 186
182 187
182 188
182 189
182 190
182 193
182 194
182 195
182 196
183 183
183 186
183 187
183 188
183 189
183 190
183 193
183 194
183 195
183 197
184 184
184 191
184 198
185 185
185 192
185 199
186 186
186 187
186 188
186 189
186 190
186 193
186 194
186 195
186 200
187 187
187 188
187 189
187 190
187 193
187 194
187 195
187 201
188 188
188 190
188 193
188 194
188 195
188 202
188 189
189 189
189 190
189 193
189 194
189 195
189 196
189 197
189 200
189 201
189 202
189 203
190 190
190 193
190 194
190 195
190 196
190 197
190 200
190 201
190 202
190 204
191 191
191 198
191 205
192 192
192 199
192 206
193 193
193 194
193 195
193 196
193 197
193 200
193 201
193 202
193 207
194 194
194 195
194 196
194 197
194 200
194 201
194 202
194 208
195 195
195 197
195 200
195 201
195 202
195 209
195 196
196 196
196 197
196 200
196 201
196 202
196 203
196 204
196 207
196 208
196 209
196 210
197 197
197 200
197 201
197 202
197 203
197 204
197 207
197 208
197 209
197 211
198 198
198 205
198 212
199 199
199 206
199 213
200 200
200 201
200 202
200 203
200 204
200 207
200 208
200 209
200 214
201 201
201 202
201 203
201 204
201 207
201 208
201 209
201 215
202 202
202 204
202 207
202 208
202 209
202 216
202 203
203 203
203 204
203 207
203 208
203 209
203 210
203 211
203 214
203 215
203 216
203 217
204 204
204 207
204 208
204 209
204 210
204 211
204 214
204 215
204 216
204 218
205 205
205 212
205 219
206 206
206 213
206 220
207 207
207 208
207 209
207 210
207 211
207 214
207 215
207 216
207 221
208 208
208 209
208 210
208 211
208 214
208 215
208 216
208 222
209 209
209 211
209 214
209 215
209 216
209 223
209 210
210 210
210 211
210 214
210 215
210 216
210 217
210 218
210 221
210 222
210 223
210 224
211 211
211 214
211 215
211 216
211 217
211 218
211 221
211 222
211 223
211 225
212 212
212 219
212 226
213 213
213 220
213 227
214 214
214 215
214 216
214 217
214 218
214 221
214 222
214 223
214 228
215 215
215 216
215 217
215 218
215 221
215 222
215 223
215 229
216 216
216 218
216 221
216 222
216 223
216 230
216 217
217 217
217 218
217 221
217 222
217 223
217 224
217 225
217 228
217 229
217 230
217 231
218 218
218 221
218 222
218 223
218 224
218 225
218 228
218 229
218 230
218 232
219 219
219 226
219 233
220 220
220 227
220 234
221 221
221 222
221 223
221 224
221 225
221 228
221 229
221 230
221 235
222 222
222 223
222 224
222 225
222 228
222 229
222 230
222 236
223 223
223 225
223 228
223 229
223 230
223 237
223 224
224 224
224 225
224 228
224 229
224 230
224 231
224 232
224 235
224 236
224 237
224 238
225 225
225 228
225 229
225 230
225 231
225 232
225 235
225 236
225 237
225 239
226 226
226 233
226 240
227 227
227 234
227 241
228 228
228 229
228 230
228 231
228 232
228 235
228 236
228 237
228 242
229 229
229 230
229 231
229 232
229 235
229 236
229 237
229 243
230 230
230 232
230 235
230 236
230 237
230 244
230 231
231 231
231 232
231 235
231 236
231 237
231 238
231 239
231 242
231 243
231 244
231 245
232 232
232 235
232 236
232 237
232 238
232 239
232 242
232 243
232 244
232 246
233 233
233 240
233 247
234 234
234 241
234 248
235 235
235 236
235 237
235 238
235 239
235 242
235 243
235 244
235 249
236 236
236 237
236 238
236 239
236 242
236 243
236 244
236 250
237 237
237 239
237 242
237 243
237 244
237 251
237 238
238 238
238 239
238 242
238 243
238 244
238 245
238 246
238 249
238 250
238 251
238 252
239 239
239 242
239 243
239 244
239 245
239 246
239 249
239 250
239 251
239 253
240 240
240 247
240 254
241 241
241 248
241 255
242 242
242 243
242 244
242 245
242 246
242 249
242 250
242 251
242 256
243 243
243 244
243 245
243 246
243 249
243 250
243 251
243 257
244 244
244 246
244 249
244 250
244 251
244 258
244 245
245 245
245 246
245 249
245 250
245 251
245 252
245 253
245 256
245 257
245 258
245 259
246 246
246 249
246 250
246 251
246 252
246 253
246 256
246 257
246 258
246 260
247 247
247 254
247 261
248 248
248 255
248 262
249 249
249 250
249 251
249 252
249 253
249 256
249 257
249 258
249 263
250 250
250 251
250 252
250 253
250 256
250 257
250 258
250 264
251 251
251 253
251 256
251 257
251 258
251 265
251 252
252 252
252 253
252 256
252 257
252 258
252 259
252 260
252 263
252 264
252 265
252 266
253 253
253 256
253 257
253 258
253 259
253 260
253 263
253 264
253 265
253 267
254 254
254 261
254 268
255 255
255 262
255 269
256 256
256 257
256 258
256 259
256 260
256 263
256 264
256 265
256 270
257 257
257 258
257 259
257 260
257 263
257 264
257 265
257 271
258 258
258 260
258 263
258 264
258 265
258 272
258 259
259 259
259 260
259 263
259 264
259 265
259 266
259 267
259 270
259 271
259 272
259 273
260 260
260 263
260 264
260 265
260 266
260 267
260 270
260 271
260 272
260 274
261 261
261 268
261 275
262 262
262 269
262 276
263 263
263 264
263 265
263 266
263 267
263 270
263 271
263 272
263 277
264 264
264 265
264 266
264 267
264 270
264 271
264 272
264 278
265 265
265 267
265 270
265 271
265 272
265 279
265 266
266 266
266 267
266 270
266 271
266 272
266 273
266 274
266 277
266 278
266 279
266 280
267 267
267 270
267 271
267 272
267 273
267 274
267 277
267 278
267 279
267 281
268 268
268 275
268 282
269 269
269 276
269 283
270 270
270 271
270 272
270 273
270 274
270 277
270 278
270 279
270 284
271 271
271 272
271 273
271 274
271 277
271 278
271 279
271 285
272 272
272 274
272 277
272 278
272 279
272 286
272 273
273 273
273 274
273 277
273 278
273 279
273 280
273 281
273 284
273 285
273 286
273 287
274 274
274 277
274 278
274 279
274 280
274 281
274 284
274 285
274 286
274 288
275 275
275 282
275 289
276 276
276 283
276 290
277 277
277 278
277 279
277 280
277 281
277 284
277 285
277 286
277 291
278 278
278 279
278 280
278 281
278 284
278 285
278 286
278 292
279 279
279 281
279 284
279 285
279 286
279 293
279 280
280 280
280 281
280 284
280 285
280 286
280 287
280 288
280 291
280 292
280 293
280 294
281 281
281 284
281 285
281 286
281 287
281 288
281 291
281 292
281 293
281 295
282 282
282 289
282 296
283 283
283 290
283 297
284 284
284 285
284 286
284 287
284 288
284 291
284 292
284 293
284 298
285 285
285 286
285 287
285 288
285 291
285 292
285 293
285 299
286 286
286 288
286 291
286 292
286 293
286 300
286 287
287 287
287 288
287 291
287 292
287 293
287 294
287 295
287 298
287 299
287 300
287 301
288 288
288 291
288 292
288 293
288 294
288 295
288 298
288 299
288 300
288 302
289 289
289 296
289 303
290 290
290 297
290 304
291 291
291 292
291 293
291 294
291 295
291 298
291 299
291 300
291 305
292 292
292 293
292 294
292 295
292 298
292 299
292 300
292 306
293 293
293 295
293 298
293 299
293 300
293 307
293 294
294 294
294 295
294 298
294 299
294 300
294 301
294 302
294 305
294 306
294 307
294 308
295 295
295 298
295 299
295 300
295 301
295 302
295 305
295 306
295 307
295 309
296 296
296 303
296 310
297 297
297 304
297 311
298 298
298 299
298 300
298 301
298 302
298 305
298 306
298 307
298 312
299 299
299 300
299 301
299 302
299 305
299 306
299 307
299 313
300 300
300 302
300 305
300 306
300 307
300 314
300 301
301 301
301 302
301 305
301 306
301 307
301 308
301 309
301 312
301 313
301 314
301 315
302 302
302 305
302 306
302 307
302 308
302 309
302 312
302 313
302 314
302 316
303 303
303 310
303 317
304 304
304 311
304 318
305 305
305 306
305 307
305 308
305 309
305 312
305 313
305 314
305 319
306 306
306 307
306 308
306 309
306 312
306 313
306 314
306 320
307 307
307 309
307 312
307 313
307 314
307 321
307 308
308 308
308 309
308 312
308 313
308 314
308 315
308 316
308 319
308 320
308 321
308 322
309 309
309 312
309 313
309 314
309 315
309 316
309 319
309 320
309 321
309 323
310 310
310 317
310 324
311 311
311 318
311 325
312 312
312 313
312 314
312 315
312 316
312 319
312 320
312 321
312 326
313 313
313 314
313 315
313 316
313 319
313 320
313 321
313 327
314 314
314 316
314 319
314 320
314 321
314 328
314 315
315 315
315 316
315 319
315 320
315 321
315 322
315 323
315 326
315 327
315 328
315 329
316 316
316 319
316 320
316 321
316 322
316 323
316 326
316 327
316 328
316 330
317 317
317 324
317 331
318 318
318 325
318 332
319 319
319 320
319 321
319 322
319 323
319 326
319 327
319 328
319 333
320 320
320 321
320 322
320 323
320 326
320 327
320 328
320 334
321 321
321 323
321 326
321 327
321 328
321 335
321 322
322 322
322 323
322 326
322 327
322 328
322 329
322 330
322 333
322 334
322 335
322 336
323 323
323 326
323 327
323 328
323 329
323 330
323 333
323 334
323 335
323 337
324 324
324 331
324 338
325 325
325 332
325 339
326 326
326 327
326 328
326 329
326 330
326 333
326 334
326 335
326 340
327 327
327 328
327 329
327 330
327 333
327 334
327 335
327 341
328 328
328 330
328 333
328 334
328 335
328 342
328 329
329 329
329 330
329 333
329 334
329 335
329 336
329 337
329 340
329 341
329 342
329 343
330 330
330 333
330 334
330 335
330 336
330 337
330 340
330 341
330 342
330 344
331 331
331 338
331 345
332 332
332 339
332 346
333 333
333 334
333 335
333 336
333 337
333 340
333 341
333 342
333 347
334 334
334 335
334 336
334 337
334 340
334 341
334 342
334 348
335 335
335 337
335 340
335 341
335 342
335 349
335 336
336 336
336 337
336 340
336 341
336 342
336 343
336 344
336 347
336 348
336 349
336 350
337 337
337 340
337 341
337 342
337 343
337 344
337 347
337 348
337 349
337 351
338 338
338 345
338 352
339 339
339 346
339 353
340 340
340 341
340 342
340 343
340 344
340 347
340 348
340 349
340 354
341 341
341 342
341 343
341 344
341 347
341 348
341 349
341 355
342 342
342 344
342 347
342 348
342 349
342 356
342 343
343 343
343 344
343 347
343 348
343 349
343 350
343 351
343 354
343 355
343 356
343 357
344 344
344 347
344 348
344 349
344 350
344 351
344 354
344 355
344 356
344 358
345 345
345 352
345 359
346 346
346 353
346 360
347 347
347 348
347 349
347 350
347 351
347 354
347 355
347 356
347 361
348 348
348 349
348 350
348 351
348 354
348 355
348 356
348 362
349 349
349 351
349 354
349 355
349 356
349 363
349 350
350 350
350 351
350 354
350 355
350 356
350 357
350 358
350 361
350 362
350 363
350 364
351 351
351 354
351 355
351 356
351 357
351 358
351 361
351 362
351 363
351 365
352 352
352 359
352 366
353 353
353 360
353 367
354 354
354 355
354 356
354 357
354 358
354 361
354 362
354 363
354 368
355 355
355 356
355 357
355 358
355 361
355 362
355 363
355 369
356 356
356 358
356 361
356 362
356 363
356 370
356 357
357 357
357 358
357 361
357 362
357 363
357 364
357 365
357 368
357 369
357 370
357 371
358 358
358 361
358 362
358 363
358 364
358 365
358 368
358 369
358 370
358 372
359 359
359 366
359 373
360 360
360 367
360 374
361 361
361 362
361 363
361 364
361 365
361 368
361 369
361 370
361 375
362 362
362 363
362 364
362 365
362 368
362 369
362 370
362 376
363 363
363 365
363 368
363 369
363 370
363 377
363 364
364 364
364 365
364 368
364 369
364 370
364 371
364 372
364 375
364 376
364 377
364 378
365 365
365 368
365 369
365 370
365 371
365 372
365 375
365 376
365 377
365 379
366 366
366 373
366 380
367 367
367 374
367 381
368 368
368 369
368 370
368 371
368 372
368 375
368 376
368 377
368 382
369 369
369 370
369 371
369 372
369 375
369 376
369 377
369 383
370 370
370 372
370 375
370 376
370 377
370 384
370 371
371 371
371 372
371 375
371 376
371 377
371 378
371 379
371 382
371 383
371 384
371 385
372 372
372 375
372 376
372 377
372 378
372 379
372 382
372 383
372 384
372 386
373 373
373 380
373 387
374 374
374 381
374 388
375 375
375 376
375 377
375 378
375 379
375 382
375 383
375 384
375 389
376 376
376 377
376 378
376 379
376 382
376 383
376 384
376 390
377 377
377 379
377 382
377 383
377 384
377 391
377 378
378 378
378 379
378 382
378 383
378 384
378 385
378 386
378 389
378 390
378 391
378 392
379 379
379 382
379 383
379 384
379 385
379 386
379 389
379 390
379 391
379 393
380 380
380 387
380 394
381 381
381 388
381 395
382 382
382 383
382 384
382 385
382 386
382 389
382 390
382 391
382 396
383 383
383 384
383 385
383 386
383 389
383 390
383 391
383 397
384 384
384 386
384 389
384 390
384 391
384 398
384 385
385 385
385 386
385 389
385 390
385 391
385 392
385 393
385 396
385 397
385 398
385 399
386 386
386 389
386 390
386 391
386 392
386 393
386 396
386 397
386 398
386 400
387 387
387 394
387 401
388 388
388 395
388 402
389 389
389 390
389 391
389 392
389 393
389 396
389 397
389 398
389 403
390 390
390 391
390 392
390 393
390 396
390 397
390 398
390 404
391 391
391 393
391 396
391 397
391 398
391 405
391 392
392 392
392 393
392 396
392 397
392 398
392 399
392 400
392 403
392 404
392 405
392 406
393 393
393 396
393 397
393 398
393 399
393 400
393 403
393 404
393 405
393 407
394 394
394 401
394 408
395 395
395 402
395 409
396 396
396 397
396 398
396 399
396 400
396 403
396 404
396 405
396 410
397 397
397 398
397 399
397 400
397 403
397 404
397 405
397 411
398 398
398 400
398 403
398 404
398 405
398 412
398 399
399 399
399 400
399 403
399 404
399 405
399 406
399 407
399 410
399 411
399 412
399 413
400 400
400 403
400 404
400 405
400 406
400 407
400 410
400 411
400 412
400 414
401 401
401 408
401 415
402 402
402 409
402 416
403 403
403 404
403 405
403 406
403 407
403 410
403 411
403 412
403 417
404 404
404 405
404 406
404 407
404 410
404 411
404 412
404 418
405 405
405 407
405 410
405 411
405 412
405 419
405 406
406 406
406 407
406 410
406 411
406 412
406 413
406 414
406 417
406 418
406 419
406 420
407 407
407 410
407 411
407 412
407 413
407 414
407 417
407 418
407 419
407 421
408 408
408 415
408 422
409 409
409 416
409 423
410 410
410 411
410 412
410 413
410 414
410 417
410 418
410 419
410 424
411 411
411 412
411 413
411 414
411 417
411 418
411 419
411 425
412 412
412 414
412 417
412 418
412 419
412 426
412 413
413 413
413 414
413 417
413 418
413 419
413 420
413 421
413 424
413 425
413 426
413 427
414 414
414 417
414 418
414 419
414 420
414 421
414 424
414 425
414 426
414 428
415 415
415 422
415 429
416 416
416 423
416 430
417 417
417 418
417 419
417 420
417 421
417 424
417 425
417 426
417 431
418 418
418 419
418 420
418 421
418 424
418 425
418 426
418 432
419 419
419 421
419 424
419 425
419 426
419 433
419 420
420 420
420 421
420 424
420 425
420 426
420 427
420 428
420 431
420 432
420 433
420 434
421 421
421 424
421 425
421 426
421 427
421 428
421 431
421 432
421 433
421 435
422 422
422 429
422 436
423 423
423 430
423 437
424 424
424 425
424 426
424 427
424 428
424 431
424 432
424 433
424 438
425 425
425 426
425 427
425 428
425 431
425 432
425 433
425 439
426 426
426 428
426 431
426 432
426 433
426 440
426 427
427 427
427 428
427 431
427 432
427 433
427 434
427 435
427 438
427 439
427 440
427 441
428 428
428 431
428 432
428 433
428 434
428 435
428 438
428 439
428 440
428 442
429 429
429 436
429 443
430 430
430 437
430 444
431 431
431 432
431 433
431 434
431 435
431 438
431 439
431 440
431 445
432 432
432 433
432 434
432 435
432 438
432 439
432 440
432 446
433 433
433 435
433 438
433 439
433 440
433 447
433 434
434 434
434 435
434 438
434 439
434 440
434 441
434 442
434 445
434 446
434 447
434 448
435 435
435 438
435 439
435 440
435 441
435 442
435 445
435 446
435 447
435 449
436 436
436 443
436 450
437 437
437 444
437 451
438 438
438 439
438 440
438 441
438 442
438 445
438 446
438 447
438 452
439 439
439 440
439 441
439 442
439 445
439 446
439 447
439 453
440 440
440 442
440 445
440 446
440 447
440 454
440 441
441 441
441 442
441 445
441 446
441 447
441 448
441 449
441 452
441 453
441 454
441 455
442 442
442 445
442 446
442 447
442 448
442 449
442 452
442 453
442 454
442 456
443 443
443 450
443 457
444 444
444 451
444 458
445 445
445 446
445 447
445 448
445 449
445 452
445 453
445 454
445 459
446 446
446 447
446 448
446 449
446 452
446 453
446 454
446 460
447 447
447 449
447 452
447 453
447 454
447 461
447 448
448 448
448 449
448 452
448 453
448 454
448 455
448 456
448 459
448 460
448 461
448 462
449 449
449 452
449 453
449 454
449 455
449 456
449 459
449 460
449 461
449 463
450 450
450 457
450 464
451 451
451 458
451 465
452 452
452 453
452 454
452 455
452 456
452 459
452 460
452 461
452 466
453 453
453 454
453 455
453 456
453 459
453 460
453 461
453 467
454 454
454 456
454 459
454 460
454 461
454 468
454 455
455 455
455 456
455 459
455 460
455 461
455 462
455 463
455 466
455 467
455 468
455 469
456 456
456 459
456 460
456 461
456 462
456 463
456 466
456 467
456 468
456 470
457 457
457 464
457 471
458 458
458 465
458 472
459 459
459 460
459 461
459 462
459 463
459 466
459 467
459 468
459 473
460 460
460 461
460 462
460 463
460 466
460 467
460 468
460 474
461 461
461 463
461 466
461 467
461 468
461 475
461 462
462 462
462 463
462 466
462 467
462 468
462 469
462 470
462 473
462 474
462 475
462 476
463 463
463 466
463 467
463 468
463 469
463 470
463 473
463 474
463 475
463 477
464 464
464 471
464 478
465 465
465 472
465 479
466 466
466 467
466 468
466 469
466 470
466 473
466 474
466 475
466 480
467 467
467 468
467 469
467 470
467 473
467 474
467 475
467 481
468 468
468 470
468 473
468 474
468 475
468 482
468 469
469 469
469 470
469 473
469 474
469 475
469 476
469 477
469 480
469 481
469 482
469 483
470 470
470 473
470 474
470 475
470 476
470 477
470 480
470 481
470 482
470 484
471 471
471 478
471 485
472 472
472 479
472 486
473 473
473 474
473 475
473 476
473 477
473 480
473 481
473 482
473 487
474 474
474 475
474 476
474 477
474 480
474 481
474 482
474 488
475 475
475 477
475 480
475 481
475 482
475 489
475 476
476 476
476 477
476 480
476 481
476 482
476 483
476 484
476 487
476 488
476 489
476 490
477 477
477 480
477 481
477 482
477 483
477 484
477 487
477 488
477 489
477 491
478 478
478 485
478 492
479 479
479 486
479 493
480 480
480 481
480 482
480 483
480 484
480 487
480 488
480 489
480 494
481 481
481 482
481 483
481 484
481 487
481 488
481 489
481 495
482 482
482 484
482 487
482 488
482 489
482 496
482 483
483 483
483 484
483 487
483 488
483 489
483 490
483 491
483 494
483 495
483 496
483 497
484 484
484 487
484 488
484 489
484 490
484 491
484 494
484 495
484 496
484 498
485 485
485 492
485 499
486 486
486 493
486 500
487 487
487 488
487 489
487 490
487 491
487 494
487 495
487 496
487 501
488 488
488 489
488 490
488 491
488 494
488 495
488 496
488 502
489 489
489 491
489 494
489 495
489 496
489 503
489 490
490 490
490 491
490 494
490 495
490 496
490 497
490 498
490 501
490 502
490 503
490 504
491 491
491 494
491 495
491 496
491 497
491 498
491 501
491 502
491 503
491 505
492 492
492 499
492 506
493 493
493 500
493 507
494 494
494 495
494 496
494 497
494 498
494 501
494 502
494 503
494 508
495 495
495 496
495 497
495 498
495 501
495 502
495 503
495 509
496 496
496 498
496 501
496 502
496 503
496 510
496 497
497 497
497 498
497 501
497 502
497 503
497 504
497 505
497 508
497 509
497 510
497 511
498 498
498 501
498 502
498 503
498 504
498 505
498 508
498 509
498 510
498 512
499 499
499 506
499 513
500 500
500 507
500 514
501 501
501 502
501 503
501 504
501 505
501 508
501 509
501 510
501 515
502 502
502 503
502 504
502 505
502 508
502 509
502 510
502 516
503 503
503 505
503 508
503 509
503 510
503 517
503 504
504 504
504 505
504 508
504 509
504 510
504 511
504 512
504 515
504 516
504 517
504 518
505 505
505 508
505 509
505 510
505 511
505 512
505 515
505 516
505 517
505 519
506 506
506 513
506 520
507 507
507 514
507 521
508 508
508 509
508 510
508 511
508 512
508 515
508 516
508 517
508 522
509 509
509 510
509 511
509 512
509 515
509 516
509 517
509 523
510 510
510 512
510 515
510 516
510 517
510 524
510 511
511 511
511 512
511 515
511 516
511 517
511 518
511 519
511 522
511 523
511 524
511 525
512 512
512 515
512 516
512 517
512 518
512 519
512 522
512 523
512 524
512 526
513 513
513 520
513 527
514 514
514 521
514 528
515 515
515 516
515 517
515 518
515 519
515 522
515 523
515 524
515 529
516 516
516 517
516 518
516 519
516 522
516 523
516 524
516 530
517 517
517 519
517 522
517 523
517 524
517 531
517 518
518 518
518 519
518 522
518 523
518 524
518 525
518 526
518 529
518 530
518 531
518 532
519 519
519 522
519 523
519 524
519 525
519 526
519 529
519 530
519 531
519 533
520 520
520 527
520 534
521 521
521 528
521 535
522 522
522 523
522 524
522 525
522 526
522 529
522 530
522 531
522 536
523 523
523 524
523 525
523 526
523 529
523 530
523 531
523 537
524 524
524 526
524 529
524 530
524 531
524 538
524 525
525 525
525 526
525 529
525 530
525 531
525 532
525 533
525 536
525 537
525 538
525 539
526 526
526 529
526 530
526 531
526 532
526 533
526 536
526 537
526 538
526 540
527 527
527 534
527 541
528 528
528 535
528 542
529 529
529 530
529 531
529 532
529 533
529 536
529 537
529 538
529 543
530 530
530 531
530 532
530 533
530 536
530 537
530 538
530 544
531 531
531 533
531 536
531 537
531 538
531 545
531 532
532 532
532 533
532 536
532 537
532 538
532 539
532 540
532 543
532 544
532 545
532 546
533 533
533 536
533 537
533 538
533 539
533 540
533 543
533 544
533 545
533 547
534 534
534 541
534 548
535 535
535 542
535 549
536 536
536 537
536 538
536 539
536 540
536 543
536 544
536 545
536 550
537 537
537 538
537 539
537 540
537 543
537 544
537 545
537 551
538 538
538 540
538 543
538 544
538 545
538 552
538 539
539 539
539 540
539 543
539 544
539 545
539 546
539 547
539 550
539 551
539 552
539 553
540 540
540 543
540 544
540 545
540 546
540 547
540 550
540 551
540 552
540 554
541 541
541 548
541 555
542 542
542 549
542 556
543 543
543 544
543 545
543 546
543 547
543 550
543 551
543 552
543 557
544 544
544 545
544 546
544 547
544 550
544 551
544 552
544 558
545 545
545 547
545 550
545 551
545 552
545 559
545 546
546 546
546 547
546 550
546 551
546 552
546 553
546 554
546 557
546 558
546 559
546 560
547 547
547 550
547 551
547 552
547 553
547 554
547 557
547 558
547 559
547 561
548 548
548 555
548 562
549 549
549 556
549 563
550 550
550 551
550 552
550 553
550 554
550 557
550 558
550 559
550 564
551 551
551 552
551 553
551 554
551 557
551 558
551 559
551 565
552 552
552 554
552 557
552 558
552 559
552 566
552 553
553 553
553 554
553 557
553 558
553 559
553 560
553 561
553 564
553 565
553 566
553 567
554 554
554 557
554 558
554 559
554 560
554 561
554 564
554 565
554 566
554 568
555 555
555 562
555 569
556 556
556 563
556 570
557 557
557 558
557 559
557 560
557 561
557 564
557 565
557 566
557 571
558 558
558 559
558 560
558 561
558 564
558 565
558 566
558 572
559 559
559 561
559 564
559 565
559 566
559 573
559 560
560 560
560 561
560 564
560 565
560 566
560 567
560 568
560 571
560 572
560 573
560 574
561 561
561 564
561 565
561 566
561 567
561 568
561 571
561 572
561 573
561 575
562 562
562 569
562 576
563 563
563 570
563 577
564 564
564 565
564 566
564 567
564 568
564 571
564 572
564 573
564 578
565 565
565 566
565 567
565 568
565 571
565 572
565 573
565 579
566 566
566 568
566 571
566 572
566 573
566 580
566 567
567 567
567 568
567 571
567 572
567 573
567 574
567 575
567 578
567 579
567 580
567 581
568 568
568 571
568 572
568 573
568 574
568 575
568 578
568 579
568 580
568 582
569 569
569 576
569 583
570 570
570 577
570 584
571 571
571 572
571 573
571 574
571 575
571 578
571 579
571 580
571 585
572 572
572 573
572 574
572 575
572 578
572 579
572 580
572 586
573 573
573 575
573 578
573 579
573 580
573 587
573 574
574 574
574 575
574 578
574 579
574 580
574 581
574 582
574 585
574 586
574 587
574 588
575 575
575 578
575 579
575 580
575 581
575 582
575 585
575 586
575 587
575 589
576 576
576 583
576 590
577 577
577 584
577 591
578 578
578 579
578 580
578 581
578 582
578 585
578 586
578 587
578 592
579 579
579 580
579 581
579 582
579 585
579 586
579 587
579 593
580 580
580 582
580 585
580 586
580 587
580 594
580 581
581 581
581 582
581 585
581 586
581 587
581 588
581 589
581 592
581 593
581 594
581 595
582 582
582 585
582 586
582 587
582 588
582 589
582 592
582 593
582 594
582 596
583 583
583 590
583 597
584 584
584 591
584 598
585 585
585 586
585 587
585 588
585 589
585 592
585 593
585 594
585 599
586 586
586 587
586 588
586 589
586 592
586 593
586 594
586 600
587 587
587 589
587 592
587 593
587 594
587 601
587 588
588 588
588 589
588 592
588 593
588 594
588 595
588 596
588 599
588 600
588 601
588 602
589 589
589 592
589 593
589 594
589 595
589 596
589 599
589 600
589 601
589 603
590 590
590 597
590 604
591 591
591 598
591 605
592 592
592 593
592 594
592 595
592 596
592 599
592 600
592 601
592 606
593 593
593 594
593 595
593 596
593 599
593 600
593 601
593 607
594 594
594 596
594 599
594 600
594 601
594 608
594 595
595 595
595 596
595 599
595 600
595 601
595 602
595 603
595 606
595 607
595 608
595 609
596 596
596 599
596 600
596 601
596 602
596 603
596 606
596 607
596 608
596 610
597 597
597 604
597 611
598 598
598 605
598 612
599 599
599 600
599 601
599 602
599 603
599 606
599 607
599 608
599 613
600 600
600 601
600 602
600 603
600 606
600 607
600 608
600 614
601 601
601 603
601 606
601 607
601 608
601 615
601 602
602 602
602 603
602 606
602 607
602 608
602 609
602 610
602 613
602 614
602 615
602 616
603 603
603 606
603 607
603 608
603 609
603 610
603 613
603 614
603 615
603 617
604 604
604 611
604 618
605 605
605 612
605 619
606 606
606 607
606 608
606 609
606 610
606 613
606 614
606 615
606 620
607 607
607 608
607 609
607 610
607 613
607 614
607 615
607 621
608 608
608 610
608 613
608 614
608 615
608 622
608 609
609 609
609 610
609 613
609 614
609 615
609 616
609 617
609 620
609 621
609 622
609 623
610 610
610 613
610 614
610 615
610 616
610 617
610 620
610 621
610 622
610 624
611 611
611 618
611 625
612 612
612 619
612 626
613 613
613 614
613 615
613 616
613 617
613 620
613 621
613 622
613 627
614 614
614 615
614 616
614 617
614 620
614 621
614 622
614 628
615 615
615 617
615 620
615 621
615 622
615 629
615 616
616 616
616 617
616 620
616 621
616 622
616 623
616 624
616 627
616 628
616 629
616 630
617 617
617 620
617 621
617 622
617 623
617 624
617 627
617 628
617 629
617 631
618 618
618 625
618 632
619 619
619 626
619 633
620 620
620 621
620 622
620 623
620 624
620 627
620 628
620 629
620 634
621 621
621 622
621 623
621 624
621 627
621 628
621 629
621 635
622 622
622 624
622 627
622 628
622 629
622 636
622 623
623 623
623 624
623 627
623 628
623 629
623 630
623 631
623 634
623 635
623 636
623 637
624 624
624 627
624 628
624 629
624 630
624 631
624 634
624 635
624 636
624 638
625 625
625 632
625 639
626 626
626 633
626 640
627 627
627 628
627 629
627 630
627 631
627 634
627 635
627 636
627 641
628 628
628 629
628 630
628 631
628 634
628 635
628 636
628 642
629 629
629 631
629 634
629 635
629 636
629 643
629 630
630 630
630 631
630 634
630 635
630 636
630 637
630 638
630 641
630 642
630 643
630 644
631 631
631 634
631 635
631 636
631 637
631 638
631 641
631 642
631 643
631 645
632 632
632 639
632 646
633 633
633 640
633 647
634 634
634 635
634 636
634 637
634 638
634 641
634 642
634 643
634 648
635 635
635 636
635 637
635 638
635 641
635 642
635 643
635 649
636 636
636 638
636 641
636 642
636 643
636 650
636 637
637 637
637 638
637 641
637 642
637 643
637 644
637 645
637 648
637 649
637 650
637 651
638 638
638 641
638 642
638 643
638 644
638 645
638 648
638 649
638 650
638 652
639 639
639 646
639 653
640 640
640 647
640 654
641 641
641 642
641 643
641 644
641 645
641 648
641 649
641 650
641 655
642 642
642 643
642 644
642 645
642 648
642 649
642 650
642 656
643 643
643 645
643 648
643 649
643 650
643 657
643 644
644 644
644 645
644 648
644 649
644 650
644 651
644 652
644 655
644 656
644 657
644 658
645 645
645 648
645 649
645 650
645 651
645 652
645 655
645 656
645 657
645 659
646 646
646 653
646 660
647 647
647 654
647 661
648 648
648 649
648 650
648 651
648 652
648 655
648 656
648 657
648 662
649 649
649 650
649 651
649 652
649 655
649 656
649 657
649 663
650 650
650 652
650 655
650 656
650 657
650 664
650 651
651 651
651 652
651 655
651 656
651 657
651 658
651 659
651 662
651 663
651 664
651 665
652 652
652 655
652 656
652 657
652 658
652 659
652 662
652 663
652 664
652 666
653 653
653 660
653 667
654 654
654 661
654 668
655 655
655 656
655 657
655 658
655 659
655 662
655 663
655 664
655 669
656 656
656 657
656 658
656 659
656 662
656 663
656 664
656 670
657 657
657 659
657 662
657 663
657 664
657 671
657 658
658 658
658 659
658 662
658 663
658 664
658 665
658 666
658 669
658 670
658 671
658 672
659 659
659 662
659 663
659 664
659 665
659 666
659 669
659 670
659 671
659 673
660 660
660 667
660 674
661 661
661 668
661 675
662 662
662 663
662 664
662 665
662 666
662 669
662 670
662 671
662 676
663 663
663 664
663 665
663 666
663 669
663 670
663 671
663 677
664 664
664 666
664 669
664 670
664 671
664 678
664 665
665 665
665 666
665 669
665 670
665 671
665 672
665 673
665 676
665 677
665 678
665 679
666 666
666 669
666 670
666 671
666 672
666 673
666 676
666 677
666 678
666 680
667 667
667 674
667 681
668 668
668 675
668 682
669 669
669 670
669 671
669 672
669 673
669 676
669 677
669 678
669 683
670 670
670 671
670 672
670 673
670 676
670 677
670 678
670 684
671 671
671 673
671 676
671 677
671 678
671 685
671 672
672 672
672 673
672 676
672 677
672 678
672 679
672 680
672 683
672 684
672 685
672 686
673 673
673 676
673 677
673 678
673 679
673 680
673 683
673 684
673 685
673 687
674 674
674 681
674 688
675 675
675 682
675 689
676 676
676 677
676 678
676 679
676 680
676 683
676 684
676 685
676 690
677 677
677 678
677 679
677 680
677 683
677 684
677 685
677 691
678 678
678 680
678 683
678 684
678 685
678 692
678 679
679 679
679 680
679 683
679 684
679 685
679 686
679 687
679 690
679 691
679 692
679 693
680 680
680 683
680 684
680 685
680 686
680 687
680 690
680 691
680 692
680 694
681 681
681 688
681 695
682 682
682 689
682 696
683 683
683 684
683 685
683 686
683 687
683 690
683 691
683 692
683 697
684 684
684 685
684 686
684 687
684 690
684 691
684 692
684 698
685 685
685 687
685 690
685 691
685 692
685 699
685 686
686 686
686 687
686 690
686 691
686 692
686 693
686 694
686 697
686 698
686 699
686 700
687 687
687 690
687 691
687 692
687 693
687 694
687 697
687 698
687 699
687 701
688 688
688 695
688 702
689 689
689 696
689 703
690 690
690 691
690 692
690 693
690 694
690 697
690 698
690 699
690 704
691 691
691 692
691 693
691 694
691 697
691 698
691 699
691 705
692 692
692 694
692 697
692 698
692 699
692 706
692 693
693 693
693 694
693 697
693 698
693 699
693 700
693 701
693 704
693 705
693 706
693 707
694 694
694 697
694 698
694 699
694 700
694 701
694 704
694 705
694 706
694 708
695 695
695 702
695 709
696 696
696 703
696 710
697 697
697 698
697 699
697 700
697 701
697 704
697 705
697 706
697 711
698 698
698 699
698 700
698 701
698 704
698 705
698 706
698 712
699 699
699 701
699 704
699 705
699 706
699 713
699 700
700 700
700 701
700 704
700 705
700 706
700 707
700 708
700 711
700 712
700 713
700 714
701 701
701 704
701 705
701 706
701 707
701 708
701 711
701 712
701 713
701 715
702 702
702 709
702 716
703 703
703 710
703 717
704 704
704 705
704 706
704 707
704 708
704 711
704 712
704 713
704 718
705 705
705 706
705 707
705 708
705 711
705 712
705 713
705 719
706 706
706 708
706 711
706 712
706 713
706 720
706 707
707 707
707 708
707 711
707 712
707 713
707 714
707 715
707 718
707 719
707 720
707 721
708 708
708 711
708 712
708 713
708 714
708 715
708 718
708 719
708 720
708 722
709 709
709 716
709 723
710 710
710 717
710 724
711 711
711 712
711 713
711 714
711 715
711 718
711 719
711 720
711 725
712 712
712 713
712 714
712 715
712 718
712 719
712 720
712 726
713 713
713 715
713 718
713 719
713 720
713 727
713 714
714 714
714 715
714 718
714 719
714 720
714 721
714 722
714 725
714 726
714 727
714 728
715 715
715 718
715 719
715 720
715 721
715 722
715 725
715 726
715 727
715 729
716 716
716 723
716 730
717 717
717 724
717 731
718 718
718 719
718 720
718 721
718 722
718 725
718 726
718 727
718 732
719 719
719 720
719 721
719 722
719 725
719 726
719 727
719 733
720 720
720 722
720 725
720 726
720 727
720 734
720 721
721 721
721 722
721 725
721 726
721 727
721 728
721 729
721 732
721 733
721 734
721 735
722 722
722 725
722 726
722 727
722 728
722 729
722 732
722 733
722 734
722 736
723 723
723 730
723 737
724 724
724 731
724 738
725 725
725 726
725 727
725 728
725 729
725 732
725 733
725 734
725 739
726 726
726 727
726 728
726 729
726 732
726 733
726 734
726 740
727 727
727 729
727 732
727 733
727 734
727 741
727 728
728 728
728 729
728 732
728 733
728 734
728 735
728 736
728 739
728 740
728 741
728 742
729 729
729 732
729 733
729 734
729 735
729 736
729 739
729 740
729 741
729 743
730 730
730 737
730 744
731 731
731 738
731 745
732 732
732 733
732 734
732 735
732 736
732 739
732 740
732 741
732 746
733 733
733 734
733 735
733 736
733 739
733 740
733 741
733 747
734 734
734 736
734 739
734 740
734 741
734 748
734 735
735 735
735 736
735 739
735 740
735 741
735 742
735 743
735 746
735 747
735 748
735 749
736 736
736 739
736 740
736 741
736 742
736 743
736 746
736 747
736 748
736 750
737 737
737 744
737 751
738 738
738 745
738 752
739 739
739 740
739 741
739 742
739 743
739 746
739 747
739 748
739 753
740 740
740 741
740 742
740 743
740 746
740 747
740 748
740 754
741 741
741 743
741 746
741 747
741 748
741 755
741 742
742 742
742 743
742 746
742 747
742 748
742 749
742 750
742 753
742 754
742 755
742 756
743 743
743 746
743 747
743 748
743 749
743 750
743 753
743 754
743 755
743 757
744 744
744 751
744 758
745 745
745 752
745 759
746 746
746 747
746 748
746 749
746 750
746 753
746 754
746 755
746 760
747 747
747 748
747 749
747 750
747 753
747 754
747 755
747 761
748 748
748 750
748 753
748 754
748 755
748 762
748 749
749 749
749 750
749 753
749 754
749 755
749 756
749 757
749 760
749 761
749 762
749 763
750 750
750 753
750 754
750 755
750 756
750 757
750 760
750 761
750 762
750 764
751 751
751 758
751 765
752 752
752 759
752 766
753 753
753 754
753 755
753 756
753 757
753 760
753 761
753 762
753 767
754 754
754 755
754 756
754 757
754 760
754 761
754 762
754 768
755 755
755 757
755 760
755 761
755 762
755 769
755 756
756 756
756 757
756 760
756 761
756 762
756 763
756 764
756 767
756 768
756 769
756 770
757 757
757 760
757 761
757 762
757 763
757 764
757 767
757 768
757 769
757 771
758 758
758 765
758 772
759 759
759 766
759 773
760 760
760 761
760 762
760 763
760 764
760 767
760 768
760 769
760 774
761 761
761 762
761 763
761 764
761 767
761 768
761 769
761 775
762 762
762 764
762 767
762 768
762 769
762 776
762 763
763 763
763 764
763 767
763 768
763 769
763 770
763 771
763 774
763 775
763 776
763 777
764 764
764 767
764 768
764 769
764 770
764 771
764 774
764 775
764 776
764 778
765 765
765 772
765 779
766 766
766 773
766 780
767 767
767 768
767 769
767 770
767 771
767 774
767 775
767 776
767 781
768 768
768 769
768 770
768 771
768 774
768 775
768 776
768 782
769 769
769 771
769 774
769 775
769 776
769 783
769 770
770 770
770 771
770 774
770 775
770 776
770 777
770 778
770 781
770 782
770 783
770 784
771 771
771 774
771 775
771 776
771 777
771 778
771 781
771 782
771 783
771 785
772 772
772 779
772 786
773 773
773 780
773 787
774 774
774 775
774 776
774 777
774 778
774 781
774 782
774 783
774 788
775 775
775 776
775 777
775 778
775 781
775 782
775 783
775 789
776 776
776 778
776 781
776 782
776 783
776 790
776 777
777 777
777 778
777 781
777 782
777 783
777 784
777 785
777 788
777 789
777 790
777 791
778 778
778 781
778 782
778 783
778 784
778 785
778 788
778 789
778 790
778 792
779 779
779 786
779 793
780 780
780 787
780 794
781 781
781 782
781 783
781 784
781 785
781 788
781 789
781 790
781 795
782 782
782 783
782 784
782 785
782 788
782 789
782 790
782 796
783 783
783 785
783 788
783 789
783 790
783 797
783 784
784 784
784 785
784 788
784 789
784 790
784 791
784 792
784 795
784 796
784 797
784 798
785 785
785 788
785 789
785 790
785 791
785 792
785 795
785 796
785 797
785 799
786 786
786 793
786 800
787 787
787 794
787 801
788 788
788 789
788 790
788 791
788 792
788 795
788 796
788 797
788 802
789 789
789 790
789 791
789 792
789 795
789 796
789 797
789 803
790 790
790 792
790 795
790 796
790 797
790 804
790 791
791 791
791 792
791 795
791 796
791 797
791 798
791 799
791 802
791 803
791 804
791 805
792 792
792 795
792 796
792 797
792 798
792 799
792 802
792 803
792 804
792 806
793 793
793 800
793 807
794 794
794 801
794 808
795 795
795 796
795 797
795 798
795 799
795 802
795 803
795 804
795 809
796 796
796 797
796 798
796 799
796 802
796 803
796 804
796 810
797 797
797 799
797 802
797 803
797 804
797 811
797 798
798 798
798 799
798 802
798 803
798 804
798 805
798 806
798 809
798 810
798 811
798 812
799 799
799 802
799 803
799 804
799 805
799 806
799 809
799 810
799 811
799 813
800 800
800 807
800 814
801 801
801 808
801 815
802 802
802 803
802 804
802 805
802 806
802 809
802 810
802 811
802 816
803 803
803 804
803 805
803 806
803 809
803 810
803 811
803 817
804 804
804 806
804 809
804 810
804 811
804 818
804 805
805 805
805 806
805 809
805 810
805 811
805 812
805 813
805 816
805 817
805 818
805 819
806 806
806 809
806 810
806 811
806 812
806 813
806 816
806 817
806 818
806 820
807 807
807 814
807 821
808 808
808 815
808 822
809 809
809 810
809 811
809 812
809 813
809 816
809 817
809 818
809 823
810 810
810 811
810 812
810 813
810 816
810 817
810 818
810 824
811 811
811 813
811 816
811 817
811 818
811 825
811 812
812 812
812 813
812 816
812 817
812 818
812 819
812 820
812 823
812 824
812 825
812 826
813 813
813 816
813 817
813 818
813 819
813 820
813 823
813 824
813 825
813 827
814 814
814 821
814 828
815 815
815 822
815 829
816 816
816 817
816 818
816 819
816 820
816 823
816 824
816 825
816 830
817 817
817 818
817 819
817 820
817 823
817 824
817 825
817 831
818 818
818 820
818 823
818 824
818 825
818 832
818 819
819 819
819 820
819 823
819 824
819 825
819 826
819 827
819 830
819 831
819 832
819 833
820 820
820 823
820 824
820 825
820 826
820 827
820 830
820 831
820 832
820 834
821 821
821 828
821 835
822 822
822 829
822 836
823 823
823 824
823 825
823 826
823 827
823 830
823 831
823 832
823 837
824 824
824 825
824 826
824 827
824 830
824 831
824 832
824 838
825 825
825 827
825 830
825 831
825 832
825 839
825 826
826 826
826 827
826 830
826 831
826 832
826 833
826 834
826 837
826 838
826 839
826 840
827 827
827 830
827 831
827 832
827 833
827 834
827 837
827 838
827 839
827 841
828 828
828 835
828 842
829 829
829 836
829 843
830 830
830 831
830 832
830 833
830 834
830 837
830 838
830 839
830 844
831 831
831 832
831 833
831 834
831 837
831 838
831 839
831 845
832 832
832 834
832 837
832 838
832 839
832 846
832 833
833 833
833 834
833 837
833 838
833 839
833 840
833 841
833 844
833 845
833 846
833 847
834 834
834 837
834 838
834 839
834 840
834 841
834 844
834 845
834 846
834 848
835 835
835 842
835 849
836 836
836 843
836 850
837 837
837 838
837 839
837 840
837 841
837 844
837 845
837 846
837 851
838 838
838 839
838 840
838 841
838 844
838 845
838 846
838 852
839 839
839 841
839 844
839 845
839 846
839 853
839 840
840 840
840 841
840 844
840 845
840 846
840 847
840 848
840 851
840 852
840 853
840 854
841 841
841 844
841 845
841 846
841 847
841 848
841 851
841 852
841 853
841 855
842 842
842 849
842 856
843 843
843 850
843 857
844 844
844 845
844 846
844 847
844 848
844 851
844 852
844 853
844 858
845 845
845 846
845 847
845 848
845 851
845 852
845 853
845 859
846 846
846 848
846 851
846 852
846 853
846 860
846 847
847 847
847 848
847 851
847 852
847 853
847 854
847 855
847 858
847 859
847 860
847 861
848 848
848 851
848 852
848 853
848 854
848 855
848 858
848 859
848 860
848 862
849 849
849 856
849 863
850 850
850 857
850 864
851 851
851 852
851 853
851 854
851 855
851 858
851 859
851 860
851 865
852 852
852 853
852 854
852 855
852 858
852 859
852 860
852 866
853 853
853 855
853 858
853 859
853 860
853 867
853 854
854 854
854 855
854 858
854 859
854 860
854 861
854 862
854 865
854 866
854 867
854 868
855 855
855 858
855 859
855 860
855 861
855 862
855 865
855 866
855 867
855 869
856 856
856 863
856 870
857 857
857 864
857 871
858 858
858 859
858 860
858 861
858 862
858 865
858 866
858 867
858 872
859 859
859 860
859 861
859 862
859 865
859 866
859 867
859 873
860 860
860 862
860 865
860 866
860 867
860 874
860 861
861 861
861 862
861 865
861 866
861 867
861 868
861 869
861 872
861 873
861 874
861 875
862 862
862 865
862 866
862 867
862 868
862 869
862 872
862 873
862 874
862 876
863 863
863 870
863 877
864 864
864 871
864 878
865 865
865 866
865 867
865 868
865 869
865 872
865 873
865 874
865 879
866 866
866 867
866 868
866 869
866 872
866 873
866 874
866 880
867 867
867 869
867 872
867 873
867 874
867 881
867 868
868 868
868 869
868 872
868 873
868 874
868 875
868 876
868 879
868 880
868 881
868 882
869 869
869 872
869 873
869 874
869 875
869 876
869 879
869 880
869 881
869 883
870 870
870 877
870 884
871 871
871 878
871 885
872 872
872 873
872 874
872 875
872 876
872 879
872 880
872 881
872 886
873 873
873 874
873 875
873 876
873 879
873 880
873 881
873 887
874 874
874 876
874 879
874 880
874 881
874 888
874 875
875 875
875 876
875 879
875 880
875 881
875 882
875 883
875 886
875 887
875 888
875 889
876 876
876 879
876 880
876 881
876 882
876 883
876 886
876 887
876 888
876 890
877 877
877 884
877 891
878 878
878 885
878 892
879 879
879 880
879 881
879 882
879 883
879 886
879 887
879 888
879 893
880 880
880 881
880 882
880 883
880 886
880 887
880 888
880 894
881 881
881 883
881 886
881 887
881 888
881 895
881 882
882 882
882 883
882 886
882 887
882 888
882 889
882 890
882 893
882 894
882 895
882 896
882 897
882 900
883 883
883 886
883 887
883 888
883 889
883 890
883 893
883 894
883 895
883 896
883 897
883 900
884 884
884 891
884 898
885 885
885 892
885 899
886 886
886 887
886 888
886 889
886 890
886 893
886 894
886 895
886 896
886 897
886 900
887 887
887 888
887 889
887 890
887 893
887 894
887 895
887 901
888 888
888 890
888 893
888 894
888 895
888 902
888 889
889 889
889 890
889 893
889 894
889 895
889 896
889 897
889 900
889 901
889 902
890 890
890 893
890 894
890 895
890 896
890 897
890 900
890 901
890 902
891 891
891 898
892 892
892 899
893 893
893 894
893 895
893 896
893 897
893 900
893 901
893 902
894 894
894 895
894 896
894 897
894 900
894 901
894 902
895 895
895 896
895 897
895 900
895 901
895 902
896 896
896 897
896 900
896 901
896 902
897 897
897 900
897 901
897 902
900 900
900 901
900 902
898 898
899 899
901 901
901 902
902 902
