0 1
0 2
0 4
0 8
0 9
0 14
0 16
0 18
0 19
0 20
0 106
0 107
0 110
0 112
1 4
1 5
1 7
1 9
1 28
1 30
1 31
1 32
1 105
1 118
1 119
1 122
1 124
2 3
2 4
2 10
2 11
2 27
2 39
2 41
2 42
2 43
2 106
2 130
2 133
2 135
4 5
4 10
4 12
4 29
4 50
4 60
4 61
4 62
4 108
4 131
4 141
4 152
4 154
8 6
8 9
8 12
8 13
8 33
8 54
8 71
8 78
8 84
8 112
8 135
8 145
8 169
9 7
9 11
9 13
9 34
9 55
9 72
9 79
9 85
9 113
9 136
9 146
9 170
9 181
14 17
14 18
14 20
14 22
14 27
14 29
14 33
14 34
14 105
14 196
14 197
14 200
14 202
16 15
16 18
16 24
16 26
16 28
16 39
16 50
16 54
16 55
16 107
16 208
16 221
16 223
18 17
18 25
18 26
18 30
18 41
18 60
18 71
18 72
18 109
18 210
18 220
18 238
18 240
19 20
19 21
19 23
19 25
19 31
19 42
19 61
19 78
19 79
19 110
19 211
19 221
19 247
20 22
20 23
20 24
20 32
20 43
20 62
20 84
20 85
20 111
20 212
20 222
20 246
20 253
106 15
106 107
106 108
106 114
106 115
106 118
106 131
106 135
106 136
106 196
106 208
106 210
106 211
106 212
107 3
107 109
107 115
107 117
107 119
107 130
107 141
107 145
107 146
107 197
107 220
107 221
107 222
110 6
110 111
110 112
110 114
110 116
110 122
110 133
110 152
110 169
110 170
110 200
110 221
110 238
110 246
112 21
112 113
112 116
112 117
112 124
112 135
112 154
112 181
112 202
112 223
112 240
112 247
112 253
5 3
5 12
5 13
5 30
5 51
5 69
5 70
5 109
5 132
5 142
5 160
5 162
7 6
7 10
7 11
7 32
7 53
7 70
7 77
7 111
7 134
7 144
7 168
7 175
28 3
28 27
28 30
28 36
28 38
28 50
28 51
28 53
28 55
28 119
28 197
28 274
28 287
28 289
30 29
30 37
30 38
30 60
30 70
30 72
30 121
30 199
30 276
30 286
30 304
30 306
31 6
31 32
31 33
31 35
31 37
31 61
31 69
31 77
31 79
31 122
31 200
31 277
31 287
31 313
32 34
32 35
32 36
32 62
32 70
32 85
32 123
32 201
32 278
32 288
32 312
32 319
105 108
105 109
105 111
105 113
105 118
105 120
105 124
105 125
105 197
105 199
105 200
105 201
118 27
118 119
118 120
118 126
118 127
118 131
118 132
118 134
118 136
118 274
118 276
118 277
118 278
119 121
119 127
119 129
119 141
119 142
119 144
119 146
119 286
119 287
119 288
122 123
122 124
122 126
122 128
122 152
122 160
122 168
122 170
122 287
122 304
122 312
124 33
124 125
124 128
124 129
124 154
124 162
124 175
124 181
124 289
124 306
124 313
124 319
3 11
3 13
3 51
3 52
3 53
3 130
3 143
3 145
10 6
10 11
10 12
10 35
10 56
10 73
10 80
10 86
10 114
10 137
10 147
10 171
10 182
11 13
11 36
11 57
11 74
11 81
11 87
11 115
11 138
11 148
11 172
11 183
27 15
27 29
27 35
27 36
27 40
27 41
27 43
27 45
27 196
27 274
27 277
27 279
39 41
39 47
39 49
39 50
39 56
39 57
39 130
39 208
39 342
39 344
41 40
41 48
41 49
41 51
41 60
41 73
41 74
41 132
41 210
41 341
41 359
41 361
42 43
42 44
42 46
42 48
42 52
42 61
42 80
42 81
42 133
42 211
42 342
42 368
43 45
43 46
43 47
43 53
43 62
43 86
43 87
43 134
43 212
43 343
43 367
43 374
130 132
130 138
130 140
130 141
130 147
130 148
130 274
130 341
130 342
130 343
133 6
133 134
133 135
133 137
133 139
133 143
133 152
133 171
133 172
133 277
133 342
133 359
133 367
135 44
135 136
135 139
135 140
135 145
135 154
135 182
135 183
135 279
135 344
135 361
135 368
135 374
13 12
13 38
13 59
13 76
13 83
13 89
13 117
13 140
13 150
13 174
13 185
51 50
51 58
51 59
51 74
51 76
51 142
51 220
51 341
51 404
51 406
52 6
52 53
52 54
52 56
52 58
52 69
52 81
52 83
52 143
52 221
52 342
52 413
53 55
53 56
53 57
53 70
53 87
53 89
53 144
53 222
53 343
53 412
53 419
143 6
143 144
143 145
143 147
143 149
143 160
143 172
143 174
143 287
143 404
143 412
145 54
145 146
145 149
145 150
145 162
145 183
145 185
145 289
145 406
145 413
145 419
12 6
12 37
12 58
12 75
12 82
12 88
12 116
12 139
12 149
12 173
12 184
29 17
29 35
29 37
29 60
29 62
29 64
29 120
29 198
29 275
29 285
29 296
29 298
50 40
50 56
50 58
50 60
50 66
50 68
50 141
50 219
50 340
50 396
50 398
60 67
60 68
60 73
60 75
60 151
60 229
60 350
60 395
60 440
60 442
61 62
61 63
61 65
61 67
61 69
61 80
61 82
61 152
61 230
61 351
61 396
61 449
62 64
62 65
62 66
62 70
62 86
62 88
62 153
62 231
62 352
62 397
62 448
62 455
108 17
108 109
108 114
108 116
108 120
108 131
108 154
108 155
108 198
108 219
108 229
108 230
108 231
131 40
131 132
131 137
131 139
131 141
131 156
131 157
131 275
131 340
131 350
131 351
131 352
141 142
141 147
141 149
141 151
141 157
141 159
141 285
141 395
141 396
141 397
152 153
152 154
152 156
152 158
152 160
152 171
152 173
152 296
152 396
152 440
152 448
154 63
154 155
154 158
154 159
154 162
154 182
154 184
154 298
154 398
154 442
154 449
154 455
69 6
69 70
69 71
69 73
69 75
69 82
69 83
69 160
69 238
69 359
69 404
69 477
70 72
70 73
70 74
70 88
70 89
70 161
70 239
70 360
70 405
70 476
70 483
109 116
109 117
109 121
109 132
109 151
109 162
109 163
109 199
109 220
109 238
109 239
132 139
132 140
132 142
132 151
132 164
132 165
132 276
132 341
132 359
132 360
142 149
142 150
142 165
142 167
142 286
142 404
142 405
160 161
160 162
160 164
160 166
160 173
160 174
160 304
160 404
160 476
162 71
162 163
162 166
162 167
162 184
162 185
162 306
162 406
162 477
162 483
6 77
6 169
77 79
77 80
77 81
77 84
77 86
77 88
77 168
77 246
77 367
77 412
77 504
169 78
169 170
169 173
169 174
169 175
169 182
169 184
169 313
169 413
169 477
169 504
111 113
111 114
111 115
111 123
111 134
111 153
111 175
111 176
111 201
111 222
111 239
111 246
134 136
134 137
134 138
134 144
134 153
134 177
134 178
134 278
134 343
134 360
134 367
144 146
144 147
144 148
144 161
144 178
144 180
144 288
144 405
144 412
168 170
168 171
168 172
168 175
168 177
168 179
168 312
168 412
168 476
175 84
175 176
175 179
175 180
175 181
175 182
175 183
175 319
175 419
175 483
175 504
33 21
33 34
33 37
33 38
33 63
33 71
33 84
33 90
33 202
33 279
33 289
33 313
54 44
54 55
54 58
54 59
54 71
54 92
54 94
54 223
54 344
54 413
71 63
71 72
71 75
71 76
71 93
71 94
71 240
71 361
71 406
71 477
78 79
78 82
78 83
78 84
78 91
78 93
78 247
78 368
78 413
84 85
84 88
84 89
84 90
84 91
84 92
84 253
84 374
84 419
84 504
34 22
34 36
34 38
34 64
34 72
34 85
34 125
34 203
34 280
34 290
34 314
34 325
55 45
55 57
55 59
55 72
55 96
55 98
55 146
55 224
55 345
55 414
55 425
72 64
72 74
72 76
72 97
72 98
72 163
72 241
72 362
72 407
72 478
72 489
79 81
79 83
79 85
79 90
79 95
79 97
79 170
79 248
79 369
79 414
79 510
85 87
85 89
85 95
85 96
85 176
85 254
85 375
85 420
85 505
85 525
113 22
113 115
113 117
113 125
113 136
113 155
113 181
113 203
113 224
113 241
113 248
113 254
136 45
136 138
136 140
136 146
136 155
136 186
136 187
136 280
136 345
136 362
136 369
136 375
146 148
146 150
146 163
146 187
146 189
146 290
146 407
146 414
146 420
170 172
170 174
170 176
170 181
170 186
170 188
170 314
170 414
170 478
170 505
181 90
181 183
181 185
181 188
181 189
181 325
181 425
181 489
181 510
181 525
35 23
35 36
35 37
35 65
35 73
35 86
35 95
35 126
35 204
35 281
35 291
35 315
35 326
56 46
56 57
56 58
56 73
56 99
56 101
56 147
56 225
56 346
56 415
56 426
73 65
73 74
73 75
73 100
73 101
73 164
73 242
73 363
73 408
73 479
73 490
80 81
80 82
80 86
80 91
80 100
80 171
80 249
80 370
80 415
80 511
86 87
86 88
86 95
86 99
86 177
86 255
86 376
86 421
86 506
86 526
114 23
114 115
114 116
114 126
114 137
114 156
114 182
114 186
114 204
114 225
114 242
114 249
114 255
137 46
137 138
137 139
137 147
137 156
137 190
137 281
137 346
137 363
137 370
137 376
147 148
147 149
147 164
147 190
147 192
147 291
147 408
147 415
147 421
171 172
171 173
171 177
171 182
171 191
171 315
171 415
171 479
171 506
182 91
182 183
182 184
182 186
182 191
182 192
182 326
182 426
182 490
182 511
182 526
36 24
36 38
36 66
36 74
36 87
36 96
36 127
36 205
36 282
36 292
36 316
36 327
57 47
57 59
57 74
57 103
57 148
57 226
57 347
57 416
57 427
74 66
74 76
74 102
74 103
74 165
74 243
74 364
74 409
74 480
74 491
81 83
81 87
81 92
81 99
81 102
81 172
81 250
81 371
81 416
81 512
87 89
87 96
87 99
87 178
87 256
87 377
87 422
87 507
87 527
115 24
115 117
115 127
115 138
115 157
115 183
115 187
115 205
115 226
115 243
115 250
115 256
138 47
138 140
138 148
138 157
138 190
138 282
138 347
138 364
138 371
138 377
148 150
148 165
148 194
148 292
148 409
148 416
148 422
172 174
172 178
172 183
172 190
172 193
172 316
172 416
172 480
172 507
183 92
183 185
183 187
183 193
183 194
183 327
183 427
183 491
183 512
183 527
37 25
37 38
37 67
37 75
37 88
37 97
37 128
37 206
37 283
37 293
37 317
37 328
58 48
58 59
58 75
58 102
58 104
58 149
58 227
58 348
58 417
58 428
75 67
75 76
75 104
75 166
75 244
75 365
75 410
75 481
75 492
82 83
82 88
82 93
82 100
82 173
82 251
82 372
82 417
82 513
88 89
88 97
88 100
88 102
88 179
88 257
88 378
88 423
88 508
88 528
116 25
116 117
116 128
116 139
116 158
116 184
116 188
116 206
116 227
116 244
116 251
116 257
139 48
139 140
139 149
139 158
139 191
139 193
139 283
139 348
139 365
139 372
139 378
149 150
149 166
149 193
149 195
149 293
149 410
149 417
149 423
173 174
173 179
173 184
173 191
173 317
173 417
173 481
173 508
184 93
184 185
184 188
184 195
184 328
184 428
184 492
184 513
184 528
38 26
38 68
38 76
38 89
38 98
38 129
38 207
38 284
38 294
38 318
38 329
59 49
59 76
59 103
59 150
59 228
59 349
59 418
59 429
76 68
76 104
76 167
76 245
76 366
76 411
76 482
76 493
83 89
83 94
83 101
83 104
83 174
83 252
83 373
83 418
83 514
89 98
89 101
89 103
89 180
89 258
89 379
89 424
89 509
89 529
117 26
117 129
117 140
117 159
117 185
117 189
117 207
117 228
117 245
117 252
117 258
140 49
140 150
140 159
140 192
140 194
140 284
140 349
140 366
140 373
140 379
150 167
150 194
150 294
150 411
150 418
150 424
174 180
174 185
174 192
174 195
174 318
174 418
174 482
174 509
185 94
185 189
185 195
185 329
185 429
185 493
185 514
185 529
17 15
17 23
17 25
17 40
17 63
17 64
17 209
17 219
17 230
17 232
22 21
22 24
22 26
22 45
22 64
22 90
22 214
22 224
22 248
22 259
196 197
196 198
196 204
196 205
196 209
196 210
196 212
196 214
196 275
196 279
196 280
197 199
197 205
197 207
197 219
197 220
197 222
197 224
197 274
197 285
197 289
197 290
200 201
200 202
200 204
200 206
200 230
200 238
200 246
200 248
200 277
200 296
200 313
200 314
202 203
202 206
202 207
202 232
202 240
202 253
202 259
202 279
202 298
202 325
15 23
15 24
15 40
15 44
15 45
15 208
15 211
15 213
23 24
23 25
23 46
23 65
23 91
23 95
23 215
23 225
23 249
23 260
24 26
24 47
24 66
24 92
24 96
24 216
24 226
24 250
24 261
40 46
40 48
40 65
40 66
40 209
40 340
40 351
40 353
44 21
44 45
44 48
44 49
44 63
44 91
44 92
44 213
44 344
44 368
45 47
45 49
45 64
45 95
45 96
45 214
45 345
45 369
45 380
208 210
208 216
208 218
208 219
208 225
208 226
208 274
208 340
208 344
208 345
211 212
211 213
211 215
211 217
211 221
211 230
211 249
211 250
211 277
211 351
211 368
211 369
213 21
213 214
213 217
213 218
213 223
213 232
213 260
213 261
213 279
213 353
213 380
26 21
26 25
26 49
26 68
26 94
26 98
26 218
26 228
26 252
26 263
221 222
221 223
221 225
221 227
221 238
221 250
221 252
221 287
221 342
221 396
221 413
221 414
223 21
223 224
223 227
223 228
223 240
223 261
223 263
223 289
223 344
223 398
223 425
25 21
25 48
25 67
25 93
25 97
25 217
25 227
25 251
25 262
63 21
63 64
63 67
63 68
63 91
63 93
63 232
63 353
63 398
63 449
64 66
64 68
64 95
64 97
64 155
64 233
64 354
64 399
64 450
64 461
209 210
209 215
209 217
209 219
209 234
209 235
209 275
209 353
209 354
219 220
219 225
219 227
219 229
219 235
219 237
219 285
219 340
219 398
219 399
230 231
230 232
230 234
230 236
230 238
230 249
230 251
230 296
230 351
230 449
230 450
232 233
232 236
232 237
232 240
232 260
232 262
232 298
232 353
232 461
210 217
210 218
210 220
210 229
210 242
210 243
210 276
210 350
210 361
210 362
220 227
220 228
220 243
220 245
220 286
220 341
220 395
220 406
220 407
238 239
238 240
238 242
238 244
238 251
238 252
238 304
238 359
238 440
238 477
238 478
240 241
240 244
240 245
240 262
240 263
240 306
240 361
240 442
240 489
21 90
21 247
247 248
247 251
247 252
247 253
247 260
247 262
247 313
247 368
247 449
247 510
212 214
212 215
212 216
212 222
212 231
212 255
212 256
212 278
212 352
212 374
212 375
222 224
222 225
222 226
222 239
222 256
222 258
222 288
222 343
222 397
222 419
222 420
246 248
246 249
246 250
246 253
246 255
246 257
246 312
246 367
246 448
246 504
246 505
253 254
253 257
253 258
253 259
253 260
253 261
253 319
253 374
253 455
253 525
90 92
90 94
90 97
90 98
90 259
90 380
90 425
90 510
214 216
214 218
214 224
214 233
214 264
214 265
214 280
214 354
214 380
224 226
224 228
224 241
224 265
224 267
224 290
224 345
224 399
224 425
248 250
248 252
248 254
248 259
248 264
248 266
248 314
248 369
248 450
248 510
259 261
259 263
259 266
259 267
259 325
259 380
259 461
46 47
46 48
46 65
46 99
46 215
46 346
46 370
46 381
65 66
65 67
65 100
65 156
65 234
65 355
65 400
65 451
65 462
91 92
91 93
91 95
91 100
91 101
91 260
91 381
91 426
91 511
95 96
95 97
95 99
95 101
95 186
95 264
95 385
95 430
95 515
95 540
215 216
215 217
215 225
215 234
215 268
215 281
215 355
215 381
215 385
225 226
225 227
225 242
225 268
225 270
225 291
225 346
225 400
225 426
225 430
249 250
249 251
249 255
249 260
249 269
249 315
249 370
249 451
249 511
249 515
260 261
260 262
260 264
260 269
260 270
260 326
260 381
260 462
260 540
47 49
47 66
47 99
47 216
47 347
47 371
47 382
66 68
66 99
66 102
66 157
66 235
66 356
66 401
66 452
66 463
92 94
92 96
92 102
92 103
92 261
92 382
92 427
92 512
96 98
96 103
96 187
96 265
96 386
96 431
96 516
96 541
216 218
216 226
216 235
216 268
216 282
216 356
216 382
216 386
226 228
226 243
226 272
226 292
226 347
226 401
226 427
226 431
250 252
250 256
250 261
250 268
250 271
250 316
250 371
250 452
250 512
250 516
261 263
261 265
261 271
261 272
261 327
261 382
261 463
261 541
48 49
48 67
48 100
48 102
48 217
48 348
48 372
48 383
67 68
67 100
67 158
67 236
67 357
67 402
67 453
67 464
93 94
93 97
93 104
93 262
93 383
93 428
93 513
97 98
97 102
97 104
97 188
97 266
97 387
97 432
97 517
97 542
217 218
217 227
217 236
217 269
217 271
217 283
217 357
217 383
217 387
227 228
227 244
227 271
227 273
227 293
227 348
227 402
227 428
227 432
251 252
251 257
251 262
251 269
251 317
251 372
251 453
251 513
251 517
262 263
262 266
262 273
262 328
262 383
262 464
262 542
49 68
49 101
49 103
49 218
49 349
49 373
49 384
68 101
68 104
68 159
68 237
68 358
68 403
68 454
68 465
94 98
94 104
94 263
94 384
94 429
94 514
98 103
98 189
98 267
98 388
98 433
98 518
98 543
218 228
218 237
218 270
218 272
218 284
218 358
218 384
218 388
228 245
228 272
228 294
228 349
228 403
228 429
228 433
252 258
252 263
252 270
252 273
252 318
252 373
252 454
252 514
252 518
263 267
263 273
263 329
263 384
263 465
263 543
274 276
274 282
274 284
274 285
274 291
274 292
274 340
274 341
274 343
274 345
277 278
277 279
277 281
277 283
277 287
277 296
277 315
277 316
277 351
277 359
277 367
277 369
279 280
279 283
279 284
279 289
279 298
279 326
279 327
279 353
279 361
279 374
279 380
287 288
287 289
287 291
287 293
287 304
287 316
287 318
287 396
287 404
287 412
287 414
289 290
289 293
289 294
289 306
289 327
289 329
289 398
289 406
289 419
289 425
120 121
120 126
120 128
120 151
120 153
120 155
120 285
120 295
120 296
120 297
198 199
198 204
198 206
198 229
198 231
198 233
198 275
198 298
198 299
275 276
275 281
275 283
275 285
275 300
275 301
275 350
275 352
275 354
285 286
285 291
285 293
285 295
285 301
285 303
285 395
285 397
285 399
296 297
296 298
296 300
296 302
296 304
296 315
296 317
296 440
296 448
296 450
298 299
298 302
298 303
298 306
298 326
298 328
298 442
298 455
298 461
121 128
121 129
121 151
121 161
121 163
121 286
121 304
121 305
199 206
199 207
199 229
199 239
199 241
199 276
199 295
199 306
199 307
276 283
276 284
276 286
276 295
276 308
276 309
276 350
276 360
276 362
286 293
286 294
286 309
286 311
286 395
286 405
286 407
304 305
304 306
304 308
304 310
304 317
304 318
304 440
304 476
304 478
306 307
306 310
306 311
306 328
306 329
306 442
306 483
306 489
313 314
313 317
313 318
313 319
313 326
313 328
313 449
313 477
313 504
313 510
123 125
123 126
123 127
123 153
123 161
123 176
123 288
123 305
123 312
201 203
201 204
201 205
201 231
201 239
201 254
201 278
201 297
201 319
201 320
278 280
278 281
278 282
278 288
278 297
278 321
278 322
278 352
278 360
278 375
288 290
288 291
288 292
288 305
288 322
288 324
288 397
288 405
288 420
312 314
312 315
312 316
312 319
312 321
312 323
312 448
312 476
312 505
319 320
319 323
319 324
319 325
319 326
319 327
319 455
319 483
319 525
125 127
125 129
125 155
125 163
125 176
125 290
125 307
125 314
125 320
203 205
203 207
203 233
203 241
203 254
203 280
203 299
203 325
280 282
280 284
280 290
280 299
280 330
280 331
280 354
280 362
280 375
290 292
290 294
290 307
290 331
290 333
290 399
290 407
290 420
314 316
314 318
314 320
314 325
314 330
314 332
314 450
314 478
314 505
325 327
325 329
325 332
325 333
325 461
325 489
325 525
126 127
126 128
126 156
126 164
126 177
126 186
126 291
126 308
126 315
126 321
204 205
204 206
204 234
204 242
204 255
204 264
204 281
204 300
204 326
204 330
281 282
281 283
281 291
281 300
281 334
281 355
281 363
281 376
281 385
291 292
291 293
291 308
291 334
291 336
291 400
291 408
291 421
291 430
315 316
315 317
315 321
315 326
315 335
315 451
315 479
315 506
315 515
326 327
326 328
326 330
326 335
326 336
326 462
326 490
326 526
326 540
127 129
127 157
127 165
127 178
127 187
127 292
127 309
127 316
127 322
205 207
205 235
205 243
205 256
205 265
205 282
205 301
205 327
205 331
282 284
282 292
282 301
282 334
282 356
282 364
282 377
282 386
292 294
292 309
292 338
292 401
292 409
292 422
292 431
316 318
316 322
316 327
316 334
316 337
316 452
316 480
316 507
316 516
327 329
327 331
327 337
327 338
327 463
327 491
327 527
327 541
128 129
128 158
128 166
128 179
128 188
128 293
128 310
128 317
128 323
206 207
206 236
206 244
206 257
206 266
206 283
206 302
206 328
206 332
283 284
283 293
283 302
283 335
283 337
283 357
283 365
283 378
283 387
293 294
293 310
293 337
293 339
293 402
293 410
293 423
293 432
317 318
317 323
317 328
317 335
317 453
317 481
317 508
317 517
328 329
328 332
328 339
328 464
328 492
328 528
328 542
129 159
129 167
129 180
129 189
129 294
129 311
129 318
129 324
207 237
207 245
207 258
207 267
207 284
207 303
207 329
207 333
284 294
284 303
284 336
284 338
284 358
284 366
284 379
284 388
294 311
294 338
294 403
294 411
294 424
294 433
318 324
318 329
318 336
318 339
318 454
318 482
318 509
318 518
329 333
329 339
329 465
329 493
329 529
329 543
342 343
342 344
342 346
342 348
342 359
342 371
342 373
342 396
342 415
342 416
344 345
344 348
344 349
344 361
344 382
344 384
344 398
344 426
344 427
340 341
340 346
340 348
340 350
340 356
340 358
340 400
340 401
351 352
351 353
351 355
351 357
351 359
351 370
351 372
351 396
351 451
351 452
353 354
353 357
353 358
353 361
353 381
353 383
353 398
353 462
353 463
341 348
341 349
341 364
341 366
341 395
341 408
341 409
359 360
359 361
359 363
359 365
359 372
359 373
359 404
359 440
359 479
359 480
361 362
361 365
361 366
361 383
361 384
361 406
361 442
361 490
361 491
368 369
368 372
368 373
368 374
368 381
368 383
368 413
368 449
368 511
368 512
343 345
343 346
343 347
343 360
343 377
343 379
343 397
343 421
343 422
367 369
367 370
367 371
367 374
367 376
367 378
367 412
367 448
367 506
367 507
374 375
374 378
374 379
374 380
374 381
374 382
374 419
374 455
374 526
374 527
345 347
345 349
345 362
345 386
345 388
345 399
345 430
345 431
369 371
369 373
369 375
369 380
369 385
369 387
369 414
369 450
369 515
369 516
380 382
380 384
380 387
380 388
380 425
380 461
380 540
380 541
99 101
99 102
99 190
99 268
99 389
99 434
99 519
99 544
346 347
346 348
346 363
346 389
346 391
346 400
346 434
370 371
370 372
370 376
370 381
370 390
370 415
370 451
370 519
381 382
381 383
381 385
381 390
381 391
381 426
381 462
381 544
347 349
347 364
347 393
347 401
347 434
371 373
371 377
371 382
371 389
371 392
371 416
371 452
371 519
382 384
382 386
382 392
382 393
382 427
382 463
382 544
100 101
100 102
100 191
100 269
100 390
100 435
100 520
100 545
102 103
102 104
102 193
102 271
102 392
102 437
102 522
102 547
348 349
348 365
348 392
348 394
348 402
348 435
348 437
372 373
372 378
372 383
372 390
372 417
372 453
372 520
372 522
383 384
383 387
383 394
383 428
383 464
383 545
383 547
101 103
101 104
101 192
101 270
101 391
101 436
101 521
101 546
103 194
103 272
103 393
103 438
103 523
103 548
349 366
349 393
349 403
349 436
349 438
373 379
373 384
373 391
373 394
373 418
373 454
373 521
373 523
384 388
384 394
384 429
384 465
384 546
384 548
396 397
396 398
396 400
396 402
396 404
396 415
396 417
396 440
396 452
396 454
398 399
398 402
398 403
398 406
398 426
398 428
398 442
398 463
398 465
404 405
404 406
404 408
404 410
404 417
404 418
404 480
404 482
406 407
406 410
406 411
406 428
406 429
406 491
406 493
413 414
413 417
413 418
413 419
413 426
413 428
413 477
413 512
413 514
412 414
412 415
412 416
412 419
412 421
412 423
412 476
412 507
412 509
419 420
419 423
419 424
419 425
419 426
419 427
419 483
419 527
419 529
414 416
414 418
414 420
414 425
414 430
414 432
414 478
414 516
414 518
425 427
425 429
425 432
425 433
425 489
425 541
425 543
415 416
415 417
415 421
415 426
415 435
415 479
415 519
415 521
426 427
426 428
426 430
426 435
426 436
426 490
426 544
426 546
416 418
416 422
416 427
416 434
416 437
416 480
416 523
427 429
427 431
427 437
427 438
427 491
427 548
104 195
104 273
104 394
104 439
104 524
104 549
417 418
417 423
417 428
417 435
417 481
417 522
417 524
428 429
428 432
428 439
428 492
428 547
428 549
418 424
418 429
418 436
418 439
418 482
418 523
429 433
429 439
429 493
429 548
151 158
151 159
151 164
151 166
151 295
151 395
151 440
151 441
229 236
229 237
229 242
229 244
229 295
229 350
229 442
229 443
350 357
350 358
350 363
350 365
350 395
350 444
350 445
395 402
395 403
395 408
395 410
395 445
395 447
440 441
440 442
440 444
440 446
440 453
440 454
440 479
440 481
442 443
442 446
442 447
442 464
442 465
442 490
442 492
449 450
449 453
449 454
449 455
449 462
449 464
449 477
449 511
449 513
153 155
153 156
153 157
153 161
153 177
153 179
153 297
153 397
153 441
153 448
231 233
231 234
231 235
231 239
231 255
231 257
231 297
231 352
231 455
231 456
352 354
352 355
352 356
352 360
352 376
352 378
352 397
352 457
352 458
397 399
397 400
397 401
397 405
397 421
397 423
397 441
397 458
397 460
448 450
448 451
448 452
448 455
448 457
448 459
448 476
448 506
448 508
455 456
455 459
455 460
455 461
455 462
455 463
455 483
455 526
455 528
155 157
155 159
155 163
155 186
155 188
155 299
155 399
155 443
155 450
155 456
233 235
233 237
233 241
233 264
233 266
233 299
233 354
233 461
354 356
354 358
354 362
354 385
354 387
354 399
354 466
354 467
399 401
399 403
399 407
399 430
399 432
399 443
399 467
399 469
450 452
450 454
450 456
450 461
450 466
450 468
450 478
450 515
450 517
461 463
461 465
461 468
461 469
461 489
461 540
461 542
156 157
156 158
156 164
156 191
156 300
156 400
156 444
156 451
156 457
234 235
234 236
234 242
234 269
234 300
234 355
234 462
234 466
355 356
355 357
355 363
355 390
355 400
355 470
400 401
400 402
400 408
400 435
400 444
400 470
400 472
451 452
451 453
451 457
451 462
451 471
451 479
451 520
462 463
462 464
462 466
462 471
462 472
462 490
462 545
157 159
157 165
157 190
157 193
157 301
157 401
157 445
157 452
157 458
235 237
235 243
235 268
235 271
235 301
235 356
235 463
235 467
356 358
356 364
356 389
356 392
356 401
356 470
401 403
401 409
401 434
401 437
401 445
401 474
452 454
452 458
452 463
452 470
452 473
452 480
452 519
452 522
463 465
463 467
463 473
463 474
463 491
463 544
463 547
158 159
158 166
158 191
158 302
158 402
158 446
158 453
158 459
236 237
236 244
236 269
236 302
236 357
236 464
236 468
357 358
357 365
357 390
357 402
357 471
357 473
402 403
402 410
402 435
402 446
402 473
402 475
453 454
453 459
453 464
453 471
453 481
453 520
464 465
464 468
464 475
464 492
464 545
159 167
159 192
159 195
159 303
159 403
159 447
159 454
159 460
237 245
237 270
237 273
237 303
237 358
237 465
237 469
358 366
358 391
358 394
358 403
358 472
358 474
403 411
403 436
403 439
403 447
403 474
454 460
454 465
454 472
454 475
454 482
454 521
454 524
465 469
465 475
465 493
465 546
465 549
477 478
477 481
477 482
477 483
477 490
477 492
477 513
477 514
161 163
161 164
161 165
161 179
161 180
161 305
161 405
161 476
239 241
239 242
239 243
239 257
239 258
239 305
239 360
239 441
239 483
239 484
360 362
360 363
360 364
360 378
360 379
360 405
360 441
360 485
360 486
405 407
405 408
405 409
405 423
405 424
405 486
405 488
476 478
476 479
476 480
476 483
476 485
476 487
476 508
476 509
483 484
483 487
483 488
483 489
483 490
483 491
483 528
483 529
163 165
163 167
163 188
163 189
163 307
163 407
163 478
163 484
241 243
241 245
241 266
241 267
241 307
241 362
241 443
241 489
362 364
362 366
362 387
362 388
362 407
362 443
362 494
362 495
407 409
407 411
407 432
407 433
407 495
407 497
478 480
478 482
478 484
478 489
478 494
478 496
478 517
478 518
489 491
489 493
489 496
489 497
489 542
489 543
164 165
164 166
164 191
164 192
164 308
164 408
164 479
164 485
242 243
242 244
242 269
242 270
242 308
242 363
242 444
242 490
242 494
363 364
363 365
363 390
363 391
363 408
363 444
363 498
408 409
408 410
408 435
408 436
408 498
408 500
479 480
479 481
479 485
479 490
479 499
479 520
479 521
490 491
490 492
490 494
490 499
490 500
490 545
490 546
165 167
165 193
165 194
165 309
165 409
165 480
165 486
243 245
243 271
243 272
243 309
243 364
243 445
243 491
243 495
364 366
364 392
364 393
364 409
364 445
364 498
409 411
409 437
409 438
409 502
480 482
480 486
480 491
480 498
480 501
480 522
480 523
491 493
491 495
491 501
491 502
491 547
491 548
166 167
166 195
166 310
166 410
166 481
166 487
244 245
244 273
244 310
244 365
244 446
244 492
244 496
365 366
365 394
365 410
365 446
365 499
365 501
410 411
410 439
410 501
410 503
481 482
481 487
481 492
481 499
481 524
492 493
492 496
492 503
492 549
167 195
167 311
167 411
167 482
167 488
245 273
245 311
245 366
245 447
245 493
245 497
366 394
366 411
366 447
366 500
366 502
411 439
411 502
482 488
482 493
482 500
482 503
482 524
493 497
493 503
493 549
504 505
504 508
504 509
504 510
504 511
504 512
504 526
504 528
510 512
510 514
510 517
510 518
510 525
510 540
510 542
511 512
511 513
511 515
511 520
511 521
511 526
511 545
512 514
512 516
512 522
512 523
512 527
512 544
512 547
513 514
513 517
513 524
513 528
513 545
514 518
514 524
514 529
514 546
514 549
176 178
176 180
176 186
176 187
176 320
176 420
176 484
176 505
254 256
254 258
254 264
254 265
254 320
254 375
254 456
254 525
375 377
375 379
375 385
375 386
375 420
375 456
375 530
375 531
420 422
420 424
420 430
420 431
420 484
420 531
420 533
505 507
505 509
505 515
505 516
505 525
505 530
505 532
525 527
525 529
525 532
525 533
525 540
525 541
177 178
177 179
177 186
177 190
177 321
177 421
177 485
177 506
255 256
255 257
255 264
255 268
255 321
255 376
255 457
255 526
255 530
376 377
376 378
376 385
376 389
376 421
376 457
376 534
421 422
421 423
421 430
421 434
421 485
421 534
421 536
506 507
506 508
506 515
506 519
506 526
506 535
526 527
526 528
526 530
526 535
526 536
526 540
526 544
178 180
178 187
178 190
178 322
178 422
178 486
178 507
256 258
256 265
256 268
256 322
256 377
256 458
256 527
256 531
377 379
377 386
377 389
377 422
377 458
377 534
422 424
422 431
422 434
422 486
422 538
507 509
507 516
507 519
507 527
507 534
507 537
527 529
527 531
527 537
527 538
527 541
527 544
179 180
179 188
179 191
179 193
179 323
179 423
179 487
179 508
257 258
257 266
257 269
257 271
257 323
257 378
257 459
257 528
257 532
378 379
378 387
378 390
378 392
378 423
378 459
378 535
378 537
423 424
423 432
423 435
423 437
423 487
423 537
423 539
508 509
508 517
508 520
508 522
508 528
508 535
528 529
528 532
528 539
528 542
528 545
528 547
180 189
180 192
180 194
180 324
180 424
180 488
180 509
258 267
258 270
258 272
258 324
258 379
258 460
258 529
258 533
379 388
379 391
379 393
379 424
379 460
379 536
379 538
424 433
424 436
424 438
424 488
424 538
509 518
509 521
509 523
509 529
509 536
509 539
529 533
529 539
529 543
529 546
529 548
186 187
186 188
186 190
186 192
186 330
186 430
186 494
186 515
186 530
264 265
264 266
264 268
264 270
264 330
264 385
264 466
264 540
385 386
385 387
385 389
385 391
385 430
385 466
385 550
430 431
430 432
430 434
430 436
430 494
430 550
430 552
515 516
515 517
515 519
515 521
515 530
515 540
515 551
540 541
540 542
540 544
540 546
540 551
540 552
187 189
187 194
187 331
187 431
187 495
187 516
187 531
265 267
265 272
265 331
265 386
265 467
265 541
386 388
386 393
386 431
386 467
386 550
431 433
431 438
431 495
431 554
516 518
516 523
516 531
516 541
516 550
516 553
541 543
541 548
541 553
541 554
188 189
188 193
188 195
188 332
188 432
188 496
188 517
188 532
266 267
266 271
266 273
266 332
266 387
266 468
266 542
387 388
387 392
387 394
387 432
387 468
387 551
387 553
432 433
432 437
432 439
432 496
432 553
432 555
517 518
517 522
517 524
517 532
517 542
517 551
542 543
542 547
542 549
542 555
189 194
189 333
189 433
189 497
189 518
189 533
267 272
267 333
267 388
267 469
267 543
388 393
388 433
388 469
388 552
388 554
433 438
433 497
433 554
518 523
518 533
518 543
518 552
518 555
543 548
543 555
190 192
190 193
190 334
190 434
190 498
190 519
190 534
268 270
268 271
268 334
268 389
268 470
268 544
268 550
389 391
389 392
389 434
389 470
434 436
434 437
434 498
434 557
519 521
519 522
519 534
519 544
519 556
544 546
544 547
544 550
544 556
544 557
191 192
191 193
191 335
191 435
191 499
191 520
191 535
269 270
269 271
269 335
269 390
269 471
269 545
269 551
390 391
390 392
390 435
390 471
390 556
435 436
435 437
435 499
435 556
435 558
520 521
520 522
520 535
520 545
545 546
545 547
545 551
545 558
192 194
192 195
192 336
192 436
192 500
192 521
192 536
270 272
270 273
270 336
270 391
270 472
270 546
270 552
391 393
391 394
391 436
391 472
391 557
436 438
436 439
436 500
436 557
521 523
521 524
521 536
521 546
521 558
546 548
546 549
546 552
546 558
193 194
193 195
193 337
193 437
193 501
193 522
193 537
271 272
271 273
271 337
271 392
271 473
271 547
271 553
392 393
392 394
392 437
392 473
392 556
437 438
437 439
437 501
437 559
522 523
522 524
522 537
522 547
522 556
547 548
547 549
547 553
547 559
194 338
194 438
194 502
194 523
194 538
272 338
272 393
272 474
272 548
272 554
393 438
393 474
393 557
438 502
523 538
523 548
523 557
523 559
548 554
548 559
195 339
195 439
195 503
195 524
195 539
273 339
273 394
273 475
273 549
273 555
394 439
394 475
394 558
394 559
439 503
439 559
524 539
524 549
524 558
549 555
295 302
295 303
295 308
295 310
295 441
295 443
297 299
297 300
297 301
297 305
297 321
297 323
297 441
297 456
305 307
305 308
305 309
305 323
305 324
305 441
305 484
307 299
307 309
307 311
307 332
307 333
307 443
307 484
320 322
320 324
320 330
320 331
320 456
320 484
308 300
308 309
308 310
308 335
308 336
308 444
308 485
308 494
321 322
321 323
321 330
321 334
321 457
321 485
321 530
309 301
309 311
309 337
309 338
309 445
309 486
309 495
322 324
322 331
322 334
322 458
322 486
322 531
310 302
310 311
310 339
310 446
310 487
310 496
323 324
323 332
323 335
323 337
323 459
323 487
323 532
311 303
311 339
311 447
311 488
311 497
324 333
324 336
324 338
324 460
324 488
324 533
441 443
441 444
441 445
441 459
441 460
441 485
441 487
299 301
299 303
299 330
299 332
299 443
299 456
443 445
443 447
443 468
443 469
443 494
443 496
456 458
456 460
456 466
456 467
456 484
456 530
456 532
300 301
300 302
300 335
300 444
300 457
300 466
444 445
444 446
444 471
444 472
444 499
457 458
457 459
457 466
457 470
457 485
457 535
301 303
301 334
301 337
301 445
301 458
301 467
445 447
445 473
445 474
445 498
445 501
458 460
458 467
458 470
458 486
458 534
458 537
302 303
302 335
302 446
302 459
302 468
446 447
446 475
446 499
459 460
459 468
459 471
459 473
459 487
459 535
303 336
303 339
303 447
303 460
303 469
447 475
447 500
447 503
460 469
460 472
460 474
460 488
460 536
460 539
484 486
484 488
484 494
484 495
484 532
484 533
485 486
485 487
485 494
485 498
485 535
485 536
486 488
486 495
486 498
486 537
486 538
487 488
487 496
487 499
487 501
487 539
488 497
488 500
488 502
488 539
330 331
330 332
330 334
330 336
330 466
330 494
330 530
494 466
494 495
494 496
494 498
494 500
494 551
494 552
530 531
530 532
530 534
530 536
530 550
331 333
331 338
331 467
331 495
331 531
495 467
495 497
495 502
495 553
495 554
531 533
531 538
531 550
332 333
332 337
332 339
332 468
332 496
332 532
496 468
496 497
496 501
496 503
496 555
532 533
532 537
532 539
532 551
532 553
333 338
333 469
333 497
333 533
497 469
497 502
497 555
533 538
533 552
533 554
334 336
334 337
334 470
334 498
334 534
334 550
498 470
498 500
498 501
498 556
498 557
534 536
534 537
534 550
335 336
335 337
335 471
335 499
335 535
335 551
499 471
499 500
499 501
499 558
535 536
535 537
535 551
535 556
336 338
336 339
336 472
336 500
336 536
336 552
500 472
500 502
500 503
500 558
536 538
536 539
536 552
536 557
337 338
337 339
337 473
337 501
337 537
337 553
501 473
501 502
501 503
501 559
537 538
537 539
537 553
537 556
338 474
338 502
338 538
338 554
502 474
502 559
538 554
538 557
339 475
339 503
339 539
339 555
503 475
539 555
539 558
539 559
466 467
466 468
466 470
466 472
466 551
467 469
467 474
467 550
467 553
468 469
468 473
468 475
468 551
469 474
469 552
469 555
470 472
470 473
470 556
550 552
550 553
550 557
471 472
471 473
551 552
551 553
551 556
551 558
472 474
472 475
472 558
552 554
552 555
552 557
473 474
473 475
473 556
553 554
553 555
553 559
474 557
474 559
475 558
555 559
556 557
556 558
557 559
558 559
