0 1
0 7
0 8
0 792
1 2
1 9
1 793
7 6
7 15
7 799
8 9
8 15
8 16
792 784
792 793
792 799
2 3
2 10
2 794
9 10
9 17
793 785
793 794
3 4
3 11
3 795
10 11
10 18
794 786
794 795
4 5
4 12
4 796
11 12
11 19
795 787
795 796
5 6
5 13
5 797
12 13
12 20
796 788
796 797
6 14
6 798
13 14
13 21
797 789
797 798
14 15
14 22
798 790
798 799
15 23
799 791
16 17
16 23
16 24
17 18
17 25
18 19
18 26
19 20
19 27
20 21
20 28
21 22
21 29
22 23
22 30
23 31
24 25
24 31
24 32
25 26
25 33
26 27
26 34
27 28
27 35
28 29
28 36
29 30
29 37
30 31
30 38
31 39
32 33
32 39
32 40
33 34
33 41
34 35
34 42
35 36
35 43
36 37
36 44
37 38
37 45
38 39
38 46
39 47
40 41
40 47
40 48
41 42
41 49
42 43
42 50
43 44
43 51
44 45
44 52
45 46
45 53
46 47
46 54
47 55
48 49
48 55
48 56
49 50
49 57
50 51
50 58
51 52
51 59
52 53
52 60
53 54
53 61
54 55
54 62
55 63
56 57
56 63
56 64
57 58
57 65
58 59
58 66
59 60
59 67
60 61
60 68
61 62
61 69
62 63
62 70
63 71
64 65
64 71
64 72
65 66
65 73
66 67
66 74
67 68
67 75
68 69
68 76
69 70
69 77
70 71
70 78
71 79
72 73
72 79
72 80
73 74
73 81
74 75
74 82
75 76
75 83
76 77
76 84
77 78
77 85
78 79
78 86
79 87
80 81
80 87
80 88
81 82
81 89
82 83
82 90
83 84
83 91
84 85
84 92
85 86
85 93
86 87
86 94
87 95
88 89
88 95
88 96
89 90
89 97
90 91
90 98
91 92
91 99
92 93
92 100
93 94
93 101
94 95
94 102
95 103
96 97
96 103
96 104
97 98
97 105
98 99
98 106
99 100
99 107
100 101
100 108
101 102
101 109
102 103
102 110
103 111
104 105
104 111
104 112
105 106
105 113
106 107
106 114
107 108
107 115
108 109
108 116
109 110
109 117
110 111
110 118
111 119
112 113
112 119
112 120
113 114
113 121
114 115
114 122
115 116
115 123
116 117
116 124
117 118
117 125
118 119
118 126
119 127
120 121
120 127
120 128
121 122
121 129
122 123
122 130
123 124
123 131
124 125
124 132
125 126
125 133
126 127
126 134
127 135
128 129
128 135
128 136
129 130
129 137
130 131
130 138
131 132
131 139
132 133
132 140
133 134
133 141
134 135
134 142
135 143
136 137
136 143
136 144
137 138
137 145
138 139
138 146
139 140
139 147
140 141
140 148
141 142
141 149
142 143
142 150
143 151
144 145
144 151
144 152
145 146
145 153
146 147
146 154
147 148
147 155
148 149
148 156
149 150
149 157
150 151
150 158
151 159
152 153
152 159
152 160
153 154
153 161
154 155
154 162
155 156
155 163
156 157
156 164
157 158
157 165
158 159
158 166
159 167
160 161
160 167
160 168
161 162
161 169
162 163
162 170
163 164
163 171
164 165
164 172
165 166
165 173
166 167
166 174
167 175
168 169
168 175
168 176
169 170
169 177
170 171
170 178
171 172
171 179
172 173
172 180
173 174
173 181
174 175
174 182
175 183
176 177
176 183
176 184
177 178
177 185
178 179
178 186
179 180
179 187
180 181
180 188
181 182
181 189
182 183
182 190
183 191
184 185
184 191
184 192
185 186
185 193
186 187
186 194
187 188
187 195
188 189
188 196
189 190
189 197
190 191
190 198
191 199
192 193
192 199
192 200
193 194
193 201
194 195
194 202
195 196
195 203
196 197
196 204
197 198
197 205
198 199
198 206
199 207
200 201
200 207
200 208
201 202
201 209
202 203
202 210
203 204
203 211
204 205
204 212
205 206
205 213
206 207
206 214
207 215
208 209
208 215
208 216
209 210
209 217
210 211
210 218
211 212
211 219
212 213
212 220
213 214
213 221
214 215
214 222
215 223
216 217
216 223
216 224
217 218
217 225
218 219
218 226
219 220
219 227
220 221
220 228
221 222
221 229
222 223
222 230
223 231
224 225
224 231
224 232
225 226
225 233
226 227
226 234
227 228
227 235
228 229
228 236
229 230
229 237
230 231
230 238
231 239
232 233
232 239
232 240
233 234
233 241
234 235
234 242
235 236
235 243
236 237
236 244
237 238
237 245
238 239
238 246
239 247
240 241
240 247
240 248
241 242
241 249
242 243
242 250
243 244
243 251
244 245
244 252
245 246
245 253
246 247
246 254
247 255
248 249
248 255
248 256
249 250
249 257
250 251
250 258
251 252
251 259
252 253
252 260
253 254
253 261
254 255
254 262
255 263
256 257
256 263
256 264
257 258
257 265
258 259
258 266
259 260
259 267
260 261
260 268
261 262
261 269
262 263
262 270
263 271
264 265
264 271
264 272
265 266
265 273
266 267
266 274
267 268
267 275
268 269
268 276
269 270
269 277
270 271
270 278
271 279
272 273
272 279
272 280
273 274
273 281
274 275
274 282
275 276
275 283
276 277
276 284
277 278
277 285
278 279
278 286
279 287
280 281
280 287
280 288
281 282
281 289
282 283
282 290
283 284
283 291
284 285
284 292
285 286
285 293
286 287
286 294
287 295
288 289
288 295
288 296
289 290
289 297
290 291
290 298
291 292
291 299
292 293
292 300
293 294
293 301
294 295
294 302
295 303
296 297
296 303
296 304
297 298
297 305
298 299
298 306
299 300
299 307
300 301
300 308
301 302
301 309
302 303
302 310
303 311
304 305
304 311
304 312
305 306
305 313
306 307
306 314
307 308
307 315
308 309
308 316
309 310
309 317
310 311
310 318
311 319
312 313
312 319
312 320
313 314
313 321
314 315
314 322
315 316
315 323
316 317
316 324
317 318
317 325
318 319
318 326
319 327
320 321
320 327
320 328
321 322
321 329
322 323
322 330
323 324
323 331
324 325
324 332
325 326
325 333
326 327
326 334
327 335
328 329
328 335
328 336
329 330
329 337
330 331
330 338
331 332
331 339
332 333
332 340
333 334
333 341
334 335
334 342
335 343
336 337
336 343
336 344
337 338
337 345
338 339
338 346
339 340
339 347
340 341
340 348
341 342
341 349
342 343
342 350
343 351
344 345
344 351
344 352
345 346
345 353
346 347
346 354
347 348
347 355
348 349
348 356
349 350
349 357
350 351
350 358
351 359
352 353
352 359
352 360
353 354
353 361
354 355
354 362
355 356
355 363
356 357
356 364
357 358
357 365
358 359
358 366
359 367
360 361
360 367
360 368
361 362
361 369
362 363
362 370
363 364
363 371
364 365
364 372
365 366
365 373
366 367
366 374
367 375
368 369
368 375
368 376
369 370
369 377
370 371
370 378
371 372
371 379
372 373
372 380
373 374
373 381
374 375
374 382
375 383
376 377
376 383
376 384
377 378
377 385
378 379
378 386
379 380
379 387
380 381
380 388
381 382
381 389
382 383
382 390
383 391
384 385
384 391
384 392
385 386
385 393
386 387
386 394
387 388
387 395
388 389
388 396
389 390
389 397
390 391
390 398
391 399
392 393
392 399
392 400
393 394
393 401
394 395
394 402
395 396
395 403
396 397
396 404
397 398
397 405
398 399
398 406
399 407
400 401
400 407
400 408
401 402
401 409
402 403
402 410
403 404
403 411
404 405
404 412
405 406
405 413
406 407
406 414
407 415
408 409
408 415
408 416
409 410
409 417
410 411
410 418
411 412
411 419
412 413
412 420
413 414
413 421
414 415
414 422
415 423
416 417
416 423
416 424
417 418
417 425
418 419
418 426
419 420
419 427
420 421
420 428
421 422
421 429
422 423
422 430
423 431
424 425
424 431
424 432
425 426
425 433
426 427
426 434
427 428
427 435
428 429
428 436
429 430
429 437
430 431
430 438
431 439
432 433
432 439
432 440
433 434
433 441
434 435
434 442
435 436
435 443
436 437
436 444
437 438
437 445
438 439
438 446
439 447
440 441
440 447
440 448
441 442
441 449
442 443
442 450
443 444
443 451
444 445
444 452
445 446
445 453
446 447
446 454
447 455
448 449
448 455
448 456
449 450
449 457
450 451
450 458
451 452
451 459
452 453
452 460
453 454
453 461
454 455
454 462
455 463
456 457
456 463
456 464
457 458
457 465
458 459
458 466
459 460
459 467
460 461
460 468
461 462
461 469
462 463
462 470
463 471
464 465
464 471
464 472
465 466
465 473
466 467
466 474
467 468
467 475
468 469
468 476
469 470
469 477
470 471
470 478
471 479
472 473
472 479
472 480
473 474
473 481
474 475
474 482
475 476
475 483
476 477
476 484
477 478
477 485
478 479
478 486
479 487
480 481
480 487
480 488
481 482
481 489
482 483
482 490
483 484
483 491
484 485
484 492
485 486
485 493
486 487
486 494
487 495
488 489
488 495
488 496
489 490
489 497
490 491
490 498
491 492
491 499
492 493
492 500
493 494
493 501
494 495
494 502
495 503
496 497
496 503
496 504
497 498
497 505
498 499
498 506
499 500
499 507
500 501
500 508
501 502
501 509
502 503
502 510
503 511
504 505
504 511
504 512
505 506
505 513
506 507
506 514
507 508
507 515
508 509
508 516
509 510
509 517
510 511
510 518
511 519
512 513
512 519
512 520
513 514
513 521
514 515
514 522
515 516
515 523
516 517
516 524
517 518
517 525
518 519
518 526
519 527
520 521
520 527
520 528
521 522
521 529
522 523
522 530
523 524
523 531
524 525
524 532
525 526
525 533
526 527
526 534
527 535
528 529
528 535
528 536
529 530
529 537
530 531
530 538
531 532
531 539
532 533
532 540
533 534
533 541
534 535
534 542
535 543
536 537
536 543
536 544
537 538
537 545
538 539
538 546
539 540
539 547
540 541
540 548
541 542
541 549
542 543
542 550
543 551
544 545
544 551
544 552
545 546
545 553
546 547
546 554
547 548
547 555
548 549
548 556
549 550
549 557
550 551
550 558
551 559
552 553
552 559
552 560
553 554
553 561
554 555
554 562
555 556
555 563
556 557
556 564
557 558
557 565
558 559
558 566
559 567
560 561
560 567
560 568
561 562
561 569
562 563
562 570
563 564
563 571
564 565
564 572
565 566
565 573
566 567
566 574
567 575
568 569
568 575
568 576
569 570
569 577
570 571
570 578
571 572
571 579
572 573
572 580
573 574
573 581
574 575
574 582
575 583
576 577
576 583
576 584
577 578
577 585
578 579
578 586
579 580
579 587
580 581
580 588
581 582
581 589
582 583
582 590
583 591
584 585
584 591
584 592
585 586
585 593
586 587
586 594
587 588
587 595
588 589
588 596
589 590
589 597
590 591
590 598
591 599
592 593
592 599
592 600
593 594
593 601
594 595
594 602
595 596
595 603
596 597
596 604
597 598
597 605
598 599
598 606
599 607
600 601
600 607
600 608
601 602
601 609
602 603
602 610
603 604
603 611
604 605
604 612
605 606
605 613
606 607
606 614
607 615
608 609
608 615
608 616
609 610
609 617
610 611
610 618
611 612
611 619
612 613
612 620
613 614
613 621
614 615
614 622
615 623
616 617
616 623
616 624
617 618
617 625
618 619
618 626
619 620
619 627
620 621
620 628
621 622
621 629
622 623
622 630
623 631
624 625
624 631
624 632
625 626
625 633
626 627
626 634
627 628
627 635
628 629
628 636
629 630
629 637
630 631
630 638
631 639
632 633
632 639
632 640
633 634
633 641
634 635
634 642
635 636
635 643
636 637
636 644
637 638
637 645
638 639
638 646
639 647
640 641
640 647
640 648
641 642
641 649
642 643
642 650
643 644
643 651
644 645
644 652
645 646
645 653
646 647
646 654
647 655
648 649
648 655
648 656
649 650
649 657
650 651
650 658
651 652
651 659
652 653
652 660
653 654
653 661
654 655
654 662
655 663
656 657
656 663
656 664
657 658
657 665
658 659
658 666
659 660
659 667
660 661
660 668
661 662
661 669
662 663
662 670
663 671
664 665
664 671
664 672
665 666
665 673
666 667
666 674
667 668
667 675
668 669
668 676
669 670
669 677
670 671
670 678
671 679
672 673
672 679
672 680
673 674
673 681
674 675
674 682
675 676
675 683
676 677
676 684
677 678
677 685
678 679
678 686
679 687
680 681
680 687
680 688
681 682
681 689
682 683
682 690
683 684
683 691
684 685
684 692
685 686
685 693
686 687
686 694
687 695
688 689
688 695
688 696
689 690
689 697
690 691
690 698
691 692
691 699
692 693
692 700
693 694
693 701
694 695
694 702
695 703
696 697
696 703
696 704
697 698
697 705
698 699
698 706
699 700
699 707
700 701
700 708
701 702
701 709
702 703
702 710
703 711
704 705
704 711
704 712
705 706
705 713
706 707
706 714
707 708
707 715
708 709
708 716
709 710
709 717
710 711
710 718
711 719
712 713
712 719
712 720
713 714
713 721
714 715
714 722
715 716
715 723
716 717
716 724
717 718
717 725
718 719
718 726
719 727
720 721
720 727
720 728
721 722
721 729
722 723
722 730
723 724
723 731
724 725
724 732
725 726
725 733
726 727
726 734
727 735
728 729
728 735
728 736
729 730
729 737
730 731
730 738
731 732
731 739
732 733
732 740
733 734
733 741
734 735
734 742
735 743
736 737
736 743
736 744
737 738
737 745
738 739
738 746
739 740
739 747
740 741
740 748
741 742
741 749
742 743
742 750
743 751
744 745
744 751
744 752
745 746
745 753
746 747
746 754
747 748
747 755
748 749
748 756
749 750
749 757
750 751
750 758
751 759
752 753
752 759
752 760
753 754
753 761
754 755
754 762
755 756
755 763
756 757
756 764
757 758
757 765
758 759
758 766
759 767
760 761
760 767
760 768
761 762
761 769
762 763
762 770
763 764
763 771
764 765
764 772
765 766
765 773
766 767
766 774
767 775
768 769
768 775
768 776
769 770
769 777
770 771
770 778
771 772
771 779
772 773
772 780
773 774
773 781
774 775
774 782
775 783
776 777
776 783
776 784
777 778
777 785
778 779
778 786
779 780
779 787
780 781
780 788
781 782
781 789
782 783
782 790
783 791
784 785
784 791
785 786
786 787
787 788
788 789
789 790
790 791
