0 140
140 6
140 10
140 19
140 20
140 207
1 11
11 4
11 15
11 12
11 204
2 14
14 3
14 96
14 100
14 107
14 108
14 111
14 114
14 115
14 116
14 117
14 121
14 126
14 132
14 137
14 282
3 5
3 16
3 103
3 133
3 277
3 282
5 98
5 106
5 120
5 127
5 131
5 134
5 282
16 233
16 234
277 12
282 96
282 97
282 98
282 99
282 100
282 101
282 102
282 106
282 107
282 108
282 109
282 110
282 111
282 112
282 113
282 114
282 115
282 116
282 117
282 118
282 119
282 120
282 121
282 122
282 123
282 124
282 125
282 126
282 127
282 128
282 129
282 130
282 131
282 132
282 134
282 135
282 136
282 137
282 138
282 139
98 209
106 118
106 139
127 109
127 119
131 102
131 110
131 129
134 99
134 125
134 128
134 136
7 8
7 278
278 17
278 21
9 12
9 205
12 13
12 18
205 18
205 74
205 305
204 73
204 304
204 347
114 112
114 113
233 288
234 287
22 26
26 279
23 279
279 24
279 25
279 42
279 48
27 28
27 193
27 298
28 31
193 298
298 29
298 30
298 194
298 197
31 32
31 34
29 32
29 34
29 197
197 30
30 33
30 35
36 38
38 37
38 280
280 43
280 44
280 50
39 42
42 40
42 41
42 45
46 48
48 47
48 49
48 51
52 52
52 151
52 242
151 284
242 242
53 53
53 198
53 243
198 148
198 301
198 346
243 243
54 54
54 153
54 244
153 285
244 244
55 55
55 199
55 245
199 296
199 327
245 245
56 56
56 155
56 246
155 286
246 246
57 57
57 156
57 247
156 287
247 247
58 58
58 157
58 248
157 288
248 248
59 59
59 200
59 249
200 145
200 302
249 249
60 60
60 201
60 250
201 303
250 250
61 61
61 214
61 241
61 251
61 345
214 345
241 345
251 213
251 251
62 62
62 160
62 252
160 289
160 317
252 252
63 63
63 202
63 253
202 294
253 253
64 64
64 161
64 254
161 283
254 65
254 254
65 65
65 162
162 283
66 255
255 67
255 255
67 67
67 164
164 289
68 256
256 69
256 256
69 69
69 166
166 290
70 70
70 169
70 257
169 283
257 257
71 71
71 203
71 258
203 146
203 283
258 258
72 72
72 171
72 259
171 291
259 259
73 73
73 260
260 260
74 74
74 261
261 261
75 75
75 172
75 262
172 292
172 320
262 262
76 263
263 77
263 263
77 77
77 176
176 293
78 78
78 206
78 264
206 306
206 348
264 264
79 79
79 178
79 265
178 294
265 80
265 265
81 81
81 179
81 266
179 295
266 83
266 180
266 266
82 82
82 207
82 267
207 267
207 295
267 267
83 83
83 180
180 295
84 84
84 208
84 268
208 307
208 349
268 268
85 85
85 209
85 269
209 308
209 328
209 350
209 351
269 269
86 86
86 186
86 270
186 296
270 87
270 270
87 87
87 185
185 296
88 88
88 210
88 271
210 309
210 329
271 271
89 89
89 187
89 272
187 297
272 90
272 272
90 90
90 188
188 297
91 91
91 211
91 273
211 310
273 273
92 92
92 212
92 274
212 311
274 274
93 93
93 196
93 275
196 215
196 300
275 275
94 276
276 95
276 276
95 95
95 192
192 295
97 136
136 122
136 123
136 124
136 135
101 125
125 130
125 138
104 145
145 235
105 281
141 235
141 236
235 283
236 317
142 219
219 290
219 333
143 216
143 217
216 283
216 330
217 284
217 331
144 227
227 284
227 341
146 223
146 237
223 320
223 337
237 283
147 222
222 291
222 336
148 346
149 283
149 312
283 150
283 158
283 159
283 170
283 221
150 313
284 152
284 167
284 168
284 183
284 184
284 220
152 314
285 154
285 231
154 315
286 232
159 316
289 163
289 218
165 290
290 173
290 174
290 189
290 190
290 224
290 230
168 318
170 319
174 321
175 293
293 238
177 294
294 225
295 181
295 182
295 191
295 226
295 239
295 240
181 322
182 323
183 324
184 325
296 228
297 229
190 326
195 299
218 332
220 334
221 335
224 338
225 339
226 340
228 342
229 343
230 344
