0 147
147 14
147 48
147 58
147 81
147 121
147 153
147 175
147 219
147 257
147 264
147 271
147 393
147 149
147 156
147 174
147 209
147 267
147 376
147 399
147 400
147 407
147 425
147 430
147 507
147 553
147 564
147 570
147 602
1 10
1 127
10 2
10 5
10 10
10 107
10 127
10 96
10 126
10 152
10 351
10 519
127 152
127 479
2 3
2 57
2 221
2 143
2 354
3 48
3 81
3 4
3 44
3 57
3 88
3 103
3 107
3 162
57 16
57 48
57 53
57 55
57 149
57 291
57 295
57 306
57 314
57 58
57 73
57 79
57 107
57 140
57 162
57 178
57 180
57 181
57 189
57 203
57 204
57 329
57 447
57 479
57 488
57 499
221 88
221 162
221 179
221 200
143 5
143 8
143 11
143 58
143 73
143 88
143 102
143 107
143 140
143 142
143 143
143 180
143 202
143 287
143 291
143 295
143 314
143 496
143 501
143 581
143 624
143 625
143 626
143 158
143 173
143 283
143 399
143 447
143 466
143 468
143 508
143 582
143 618
143 619
143 622
354 348
354 350
354 359
48 14
48 60
48 73
48 131
48 291
48 295
48 314
48 49
48 51
48 62
48 90
48 103
48 120
48 384
48 419
48 447
48 464
48 467
48 566
48 568
81 6
81 24
81 33
81 40
81 49
81 53
81 64
81 82
81 213
81 278
44 30
44 32
44 38
44 39
44 40
44 42
44 112
44 187
44 215
44 329
44 363
44 413
44 58
44 560
88 79
88 90
88 100
88 107
88 124
88 137
88 138
88 139
88 141
88 144
88 284
88 520
88 89
88 92
88 93
88 114
88 162
88 166
88 206
88 250
103 62
103 90
103 105
103 111
103 145
103 173
103 269
103 107
103 108
103 110
103 165
107 5
107 11
107 13
107 80
107 83
107 85
107 86
107 90
107 96
107 100
107 106
107 107
107 119
107 124
107 137
107 138
107 139
107 141
107 144
107 158
107 246
107 360
107 443
107 444
107 457
107 477
107 520
107 168
107 173
107 327
107 416
107 447
162 100
162 141
162 144
162 152
162 161
162 179
162 164
5 9
5 14
5 8
5 80
5 400
5 557
14 393
14 15
14 16
14 19
14 82
14 129
14 154
14 212
14 482
14 516
8 6
8 78
80 475
400 271
400 401
557 282
557 479
557 548
557 549
557 555
557 571
6 7
78 79
78 167
78 206
96 47
96 98
96 126
96 97
96 151
96 519
126 11
126 16
126 217
126 271
126 398
126 422
126 442
126 145
126 149
126 155
126 465
126 556
126 570
126 590
126 591
126 595
126 604
351 348
351 353
351 352
11 173
11 199
11 398
11 201
11 218
11 406
173 62
173 131
173 223
173 257
173 174
173 219
199 20
199 398
199 412
199 405
199 551
398 20
398 217
398 218
218 217
406 404
12 208
12 125
208 171
125 171
125 200
15 191
16 17
16 331
19 63
129 130
154 151
154 153
212 38
212 39
212 116
212 160
212 177
212 178
212 290
212 434
212 435
212 213
212 215
212 370
212 391
212 410
212 411
212 429
212 562
482 282
482 484
482 487
482 488
482 483
482 510
482 517
482 633
516 517
516 564
191 232
191 233
191 234
191 235
191 236
191 237
191 238
191 239
191 240
191 241
191 242
191 243
191 244
191 245
191 272
191 630
331 186
18 95
18 98
95 94
63 62
21 58
58 29
58 39
58 46
58 58
58 215
58 307
58 363
58 370
58 344
58 474
22 27
22 24
22 26
22 30
24 23
26 25
26 209
30 62
30 209
30 329
30 33
30 35
30 36
30 45
30 382
209 29
209 36
209 42
209 51
209 55
209 66
209 68
209 74
209 75
209 83
209 108
209 132
209 134
209 192
209 255
209 210
209 332
209 335
209 379
209 419
28 215
215 130
215 160
215 207
215 429
215 403
215 409
62 71
62 120
62 175
62 255
62 64
62 66
62 69
62 72
62 145
329 181
329 186
329 402
329 420
329 423
329 461
329 558
329 376
329 379
329 381
329 449
33 34
35 115
36 37
382 271
31 130
130 116
115 38
37 383
383 368
38 187
187 182
187 186
187 330
187 450
187 413
39 128
39 178
128 177
128 159
128 160
128 410
40 41
42 43
112 185
112 186
363 117
560 561
73 247
73 248
73 249
73 320
73 278
73 345
131 136
131 132
291 271
291 282
291 285
291 286
291 287
291 288
291 289
291 290
291 307
291 321
291 414
291 494
291 636
291 295
291 296
291 302
291 599
291 601
295 257
295 292
295 314
314 271
314 286
314 287
314 310
314 311
314 312
314 313
314 607
314 637
49 50
49 566
51 52
51 566
90 91
90 572
120 121
384 386
447 290
447 365
447 445
447 446
447 455
447 456
447 448
464 271
467 473
467 613
467 468
467 470
467 511
467 609
467 611
467 616
566 567
566 569
566 568
568 282
53 54
55 56
149 148
306 213
79 77
79 194
79 195
181 117
181 188
181 337
181 338
181 189
189 59
189 104
189 117
189 183
189 184
189 186
189 190
189 335
189 336
189 328
203 113
203 172
203 202
203 204
203 273
203 302
204 396
204 302
204 518
479 480
479 488
479 499
479 552
488 297
488 302
488 468
488 480
488 481
488 488
488 500
488 514
488 517
488 525
488 526
488 583
488 631
488 491
488 574
488 622
499 497
499 622
370 371
474 271
59 117
117 104
117 136
117 190
117 182
117 183
117 184
117 186
117 188
117 328
117 334
117 335
117 336
117 337
117 338
117 450
61 207
175 271
175 176
255 254
64 65
66 67
69 68
69 70
72 216
145 161
145 205
278 279
345 346
74 146
75 108
108 109
76 210
210 176
210 211
206 92
206 158
194 165
195 114
195 192
195 197
195 198
195 196
475 472
213 214
83 84
87 97
87 99
97 94
97 271
97 361
97 598
99 93
100 93
100 478
100 253
100 451
100 452
124 93
137 634
138 536
141 478
284 101
520 521
89 271
92 142
92 250
92 252
92 476
92 102
92 157
92 281
92 325
93 101
93 271
93 157
166 102
166 158
166 165
250 102
271 94
271 176
271 258
271 262
271 264
271 265
271 266
271 271
271 276
271 292
271 294
271 438
271 439
271 277
271 290
271 340
271 368
271 373
271 381
271 399
271 415
271 418
271 448
271 449
271 453
271 459
271 460
271 462
271 463
271 465
271 466
271 470
271 491
271 511
271 531
271 533
271 534
271 551
271 574
271 576
271 578
271 580
271 619
271 627
142 325
252 168
252 253
252 325
476 168
102 168
281 325
325 327
151 155
151 156
361 362
598 597
478 536
478 634
451 106
168 169
168 360
269 258
269 259
269 261
269 265
269 268
269 274
269 317
269 438
269 584
104 186
186 184
186 188
186 328
186 334
186 433
186 332
186 421
158 318
327 280
327 326
136 134
136 387
335 421
118 200
200 123
200 251
121 122
123 220
220 222
171 170
171 179
155 153
556 459
556 517
556 544
556 545
556 546
556 547
556 555
556 570
590 589
591 592
591 595
591 596
604 603
604 605
604 606
177 160
159 160
410 409
132 133
134 135
387 386
202 518
287 300
501 282
501 319
501 503
283 282
283 490
283 587
399 401
468 471
468 613
508 302
582 500
619 620
622 302
622 319
622 491
622 493
622 495
622 502
622 527
622 528
622 583
622 586
622 609
153 156
257 290
257 309
257 392
257 270
264 270
376 377
407 408
425 342
425 424
425 427
430 427
430 431
507 506
553 539
553 552
564 563
602 589
148 150
318 319
164 163
170 222
176 231
332 333
233 429
192 193
198 196
405 404
551 537
551 552
551 576
302 300
302 301
302 395
302 504
302 505
302 528
302 614
302 615
302 617
302 621
396 395
379 380
211 211
290 303
290 304
290 417
290 418
391 386
411 409
562 558
562 559
409 408
224 340
340 226
340 341
225 228
228 227
228 229
228 389
226 339
226 389
226 227
226 342
389 388
342 341
342 343
342 372
342 426
229 230
256 270
270 262
392 368
259 260
260 262
260 266
263 276
263 317
276 274
276 277
274 275
438 437
438 438
294 293
294 296
439 441
439 460
439 463
368 369
368 375
368 378
373 374
373 385
415 414
418 417
453 454
459 458
462 432
462 472
470 469
491 585
511 473
511 529
511 530
511 623
511 513
511 531
511 533
511 535
531 532
534 535
574 573
576 575
578 552
578 577
580 579
627 628
627 629
282 321
282 505
282 525
282 587
282 609
321 305
321 322
321 323
321 324
505 319
505 356
525 631
609 588
286 310
310 298
310 300
310 308
310 311
310 315
310 316
300 289
300 299
300 300
300 301
296 635
599 600
297 298
297 299
297 514
298 301
514 588
301 621
395 397
402 408
420 408
558 408
372 369
372 390
426 424
426 428
346 347
348 349
359 355
359 357
359 358
355 356
355 358
358 357
364 365
364 366
365 366
366 394
367 369
375 377
378 380
371 386
374 565
427 428
436 437
441 440
472 524
473 471
613 610
613 612
471 522
471 523
480 481
480 552
552 481
552 538
552 554
552 555
484 489
484 485
484 486
484 492
517 515
633 632
485 586
586 509
586 588
500 498
500 500
503 502
513 512
540 555
555 541
555 542
555 543
548 550
550 549
592 593
592 594
605 608
