0 1
1 2
2 3
2 4
2 6
2 7
2 10
2 11
2 13
3 4
3 5
3 6
3 7
3 10
3 11
3 12
3 13
3 15
3 17
3 18
3 21
4 5
4 7
4 10
4 11
4 12
4 13
4 15
4 16
4 17
4 21
4 29
6 5
6 10
6 11
6 12
6 13
7 5
7 10
7 11
7 12
7 13
7 16
7 17
7 18
7 21
10 5
10 8
10 9
10 11
10 12
10 13
10 15
10 16
10 17
10 20
10 21
11 5
11 12
11 13
11 15
11 16
11 17
11 18
11 21
13 5
13 12
13 14
13 16
13 17
13 19
13 21
13 23
13 24
13 26
13 29
13 30
5 14
5 15
5 17
5 21
5 29
12 16
12 17
12 18
12 19
12 23
12 26
12 30
15 16
15 17
15 20
17 16
21 16
21 22
21 23
21 24
16 20
16 24
29 19
29 23
29 24
29 25
29 26
29 28
29 31
14 19
20 26
19 22
19 23
19 24
19 26
19 30
23 22
23 24
23 26
23 30
26 25
26 27
26 28
26 30
30 24
30 25
30 28
30 31
24 27
24 28
22 25
25 27
25 28
25 31
27 28
27 31
28 31
31 32
