0 2
0 3
0 26
0 48
0 49
0 1
2 1
2 3
2 5
2 13
3 1
3 25
3 66
3 4
3 49
26 1
26 25
26 48
26 27
26 49
48 28
48 47
48 49
49 4
49 25
49 66
1 25
1 27
25 4
25 27
25 67
27 28
27 47
5 4
5 6
5 10
5 15
13 4
13 12
13 15
13 14
66 62
66 63
66 64
66 65
66 67
6 11
6 15
6 60
6 7
6 10
6 14
10 9
10 61
10 11
10 12
10 15
15 12
15 14
15 61
11 7
11 9
11 12
11 14
60 56
60 57
60 58
60 59
60 61
7 16
7 8
7 14
14 12
16 9
16 18
16 17
16 23
8 19
8 9
8 18
8 22
19 17
19 18
19 21
19 55
19 20
19 22
9 12
18 17
18 22
18 23
22 21
22 24
22 23
61 56
61 57
61 58
61 59
17 20
17 21
17 23
17 50
23 21
23 24
20 21
21 24
21 50
50 51
50 52
50 53
50 54
50 55
55 51
55 52
55 53
55 54
67 62
67 63
67 64
67 65
28 46
28 29
28 45
47 31
47 32
47 46
46 29
46 31
46 32
46 45
29 31
29 44
29 45
29 30
45 32
45 33
45 44
45 73
31 30
31 32
31 44
44 30
44 32
44 33
44 73
30 34
30 38
34 33
34 35
34 39
34 40
38 33
38 36
38 37
38 39
32 72
32 33
72 68
72 69
72 70
72 71
72 73
35 39
35 41
35 36
35 40
35 43
35 78
39 36
39 37
39 40
39 78
40 37
40 42
40 79
40 41
41 36
41 37
41 43
41 42
36 43
36 37
78 74
78 75
78 76
78 77
78 79
37 42
79 74
79 75
79 76
79 77
73 68
73 69
73 70
73 71
51 53
51 52
52 54
53 54
53 56
53 57
54 56
54 57
56 58
56 57
57 59
58 59
58 62
58 63
59 62
59 63
62 64
62 63
63 65
64 65
64 69
64 68
65 68
65 69
69 68
69 71
68 70
70 71
70 75
70 74
71 74
71 75
75 74
75 77
74 76
76 77
