0 1
0 2
0 3
0 4
0 5
0 6
0 7
0 8
0 9
0 10
0 20
0 30
0 40
0 50
0 60
0 70
0 80
0 90
0 100
1 11
2 22
3 33
4 44
5 55
6 66
7 77
8 88
9 99
10 11
20 22
30 33
40 44
50 55
60 66
70 77
80 88
90 99
100 11
100 22
100 33
100 44
100 55
100 66
100 77
100 88
100 99
11 12
11 13
11 14
11 15
11 16
11 17
11 18
11 19
11 21
11 31
11 41
11 51
11 61
11 71
11 81
11 91
22 12
22 21
22 23
22 24
22 25
22 26
22 27
22 28
22 29
22 32
22 42
22 52
22 62
22 72
22 82
22 92
33 13
33 23
33 31
33 32
33 34
33 35
33 36
33 37
33 38
33 39
33 43
33 53
33 63
33 73
33 83
33 93
44 14
44 24
44 34
44 41
44 42
44 43
44 45
44 46
44 47
44 48
44 49
44 54
44 64
44 74
44 84
44 94
55 15
55 25
55 35
55 45
55 51
55 52
55 53
55 54
55 56
55 57
55 58
55 59
55 65
55 75
55 85
55 95
66 16
66 26
66 36
66 46
66 56
66 61
66 62
66 63
66 64
66 65
66 67
66 68
66 69
66 76
66 86
66 96
77 17
77 27
77 37
77 47
77 57
77 67
77 71
77 72
77 73
77 74
77 75
77 76
77 78
77 79
77 87
77 97
88 18
88 28
88 38
88 48
88 58
88 68
88 78
88 81
88 82
88 83
88 84
88 85
88 86
88 87
88 89
88 98
99 19
99 29
99 39
99 49
99 59
99 69
99 79
99 89
99 91
99 92
99 93
99 94
99 95
99 96
99 97
99 98
