0 1
0 2
0 3
0 4
0 5
0 10
0 13
0 14
0 15
0 16
0 17
0 18
0 27
0 40
1 2
1 4
1 5
1 11
1 12
1 18
1 19
1 29
2 5
2 10
2 19
2 20
2 21
2 22
2 23
2 24
2 25
2 26
2 28
2 40
2 41
3 4
3 5
3 6
3 7
3 8
4 5
4 7
4 8
4 11
4 12
5 8
5 10
5 12
13 14
14 15
15 16
16 17
17 18
27 28
27 29
27 30
27 31
27 32
27 33
27 34
27 41
27 42
40 41
40 42
40 47
40 48
11 12
19 20
29 28
29 35
29 36
29 37
29 38
20 21
21 22
22 23
23 24
24 25
25 26
28 34
28 35
28 41
41 42
41 46
41 50
6 7
6 8
6 9
7 8
7 9
8 9
9 51
51 52
51 56
51 57
51 58
51 59
30 31
30 39
31 32
31 39
32 33
32 39
33 34
33 39
34 35
34 36
34 37
34 38
34 39
42 43
42 49
35 36
36 37
37 38
38 39
47 43
47 48
48 46
46 45
46 50
50 49
43 44
43 49
44 45
52 53
52 58
56 55
56 57
56 59
56 61
57 54
57 55
57 58
57 59
58 53
58 54
53 54
53 60
54 55
54 60
60 55
60 61
55 61
