0 9
0 24
0 26
0 27
0 31
0 33
0 34
0 37
0 38
0 41
0 42
0 43
0 44
0 45
0 51
0 52
0 53
0 57
0 58
0 59
0 60
0 63
0 64
0 67
0 68
0 70
0 71
0 75
0 76
0 81
0 82
0 83
0 85
0 88
0 90
0 91
0 92
0 93
0 95
0 99
0 102
0 103
0 104
0 105
0 107
0 109
0 110
9 3
24 8
26 8
27 16
31 8
33 5
34 5
34 35
34 36
37 3
38 8
41 8
42 8
43 8
44 5
45 8
51 3
52 5
53 8
57 3
58 8
59 8
60 8
63 8
64 8
67 8
68 5
70 8
71 8
75 3
76 3
81 8
82 5
83 5
83 8
85 3
88 8
90 8
91 8
92 8
93 8
95 3
95 8
99 8
102 5
103 8
104 3
105 8
107 8
109 8
110 8
1 56
1 72
56 16
56 22
72 16
2 17
2 29
2 73
2 98
17 16
29 30
73 22
98 16
3 28
3 49
3 61
3 78
28 5
49 8
61 8
78 4
4 18
4 39
4 54
4 55
4 80
18 6
39 6
54 12
54 15
55 6
55 15
80 12
80 13
80 15
80 35
80 36
5 46
46 8
6 79
79 7
7 10
7 19
7 20
7 50
7 66
7 69
7 86
7 100
7 101
10 11
19 11
20 11
50 11
66 11
69 11
86 11
100 11
101 11
12 21
12 23
12 48
12 62
12 77
12 97
21 15
23 13
48 15
62 13
77 15
97 15
13 25
13 40
13 47
13 65
13 74
13 87
13 94
13 96
13 108
25 15
40 15
47 15
65 15
74 15
87 15
94 15
96 15
108 15
14 89
14 106
89 32
106 30
22 84
84 32
