0 138
0 1
138 8
138 12
138 43
138 49
138 53
138 54
138 58
138 67
138 80
138 84
138 89
138 101
138 110
138 111
138 114
138 125
138 135
138 137
138 166
138 141
138 143
138 144
138 145
138 146
1 24
1 31
1 45
1 145
1 158
24 19
31 3
45 7
145 3
145 13
145 19
145 21
145 48
145 50
145 61
145 75
145 97
145 174
158 7
158 13
158 15
158 19
158 27
158 50
158 167
158 168
158 169
2 19
2 3
19 14
19 18
19 80
19 133
19 134
19 172
19 25
19 26
19 42
19 46
19 70
19 85
19 102
19 106
19 116
19 122
19 131
19 137
19 154
19 159
3 161
3 16
3 18
3 20
3 28
3 34
3 36
3 38
3 40
3 47
3 60
3 96
3 99
3 117
3 118
3 119
3 156
3 160
3 177
16 17
20 21
28 29
34 35
36 37
38 39
40 41
47 48
60 61
96 97
99 9
117 13
118 75
119 50
156 157
160 37
4 50
4 5
50 49
50 69
50 116
50 175
50 62
50 64
50 81
50 87
50 100
50 108
50 120
50 139
50 162
50 163
50 164
50 165
6 7
7 25
7 173
7 10
7 22
7 30
7 32
7 51
7 56
7 65
7 69
7 74
7 76
7 78
7 90
7 94
7 104
7 112
7 123
7 126
7 147
7 149
7 150
7 151
7 152
10 11
22 23
30 13
32 33
51 52
56 57
65 66
74 75
76 77
78 79
90 91
94 95
104 105
112 113
123 124
126 127
147 148
150 153
152 179
8 9
12 13
13 46
14 15
17 64
17 98
17 111
17 122
98 128
133 132
134 132
26 27
42 29
70 71
85 86
102 103
106 107
131 132
154 82
159 128
21 53
29 83
29 100
29 125
83 128
43 44
48 84
62 63
81 82
87 88
108 109
120 121
139 140
162 63
164 109
165 88
54 55
58 59
61 110
67 68
72 128
72 73
128 178
128 129
128 130
75 89
92 132
92 93
132 176
97 101
114 115
129 155
130 170
135 136
141 142
144 171
