0 35
0 38
0 48
0 63
35 25
35 31
35 42
35 63
38 48
38 49
38 55
48 37
48 62
63 27
63 43
1 9
1 24
1 29
1 55
9 45
9 55
9 62
24 10
24 29
24 54
29 3
29 56
55 49
2 15
2 23
2 58
2 60
15 4
15 7
15 20
23 6
58 7
58 57
60 6
60 20
60 30
60 40
60 57
3 11
3 21
3 32
3 56
11 21
11 27
11 61
21 10
21 41
32 13
32 43
32 52
56 43
56 49
4 26
26 7
26 52
5 6
5 14
5 17
5 40
6 64
14 34
17 16
17 34
17 36
17 64
40 16
40 53
64 30
7 8
7 12
8 33
8 52
12 20
12 33
12 44
12 57
33 19
45 18
45 54
45 62
62 37
10 41
10 54
41 13
41 59
54 18
27 31
27 43
27 61
61 25
61 59
20 46
44 19
44 28
44 46
57 28
57 53
13 18
13 51
13 59
18 51
51 37
51 42
59 25
34 47
16 22
16 30
16 50
22 36
22 39
30 28
30 46
50 28
50 39
50 53
36 47
25 42
42 37
31 47
43 49
