0 1
0 5
0 6
0 7
0 10
0 19
0 27
0 29
0 32
0 34
0 38
0 39
0 61
0 99
0 180
0 225
0 228
0 243
0 259
0 274
0 293
0 333
0 352
0 377
0 413
0 418
0 425
0 441
0 468
0 503
0 505
0 516
0 521
0 523
0 524
0 525
0 526
0 530
0 531
0 533
0 538
0 540
0 541
0 542
0 546
0 548
0 549
0 550
0 551
0 553
0 557
0 559
0 561
0 562
0 563
0 565
0 566
0 567
0 568
0 573
0 576
0 577
0 578
0 579
0 583
0 584
0 585
0 707
0 720
0 728
0 787
0 810
0 812
0 816
0 817
0 825
0 904
0 905
0 906
0 907
0 921
0 922
0 923
0 924
0 925
0 926
0 928
0 929
0 930
0 932
0 933
0 935
0 936
0 956
0 975
0 976
0 977
0 987
0 988
0 990
0 1006
0 1012
0 1013
0 1014
0 1016
0 1017
0 1018
0 1025
0 1026
0 1069
0 1087
1 39
1 46
1 59
1 133
1 153
1 190
1 250
1 295
1 349
1 395
1 465
1 469
1 518
1 519
1 524
1 552
1 582
1 584
1 766
1 812
1 843
1 844
1 895
1 927
1 1008
1 1012
5 26
5 58
5 198
5 264
5 339
5 365
5 405
5 408
5 547
5 588
5 628
5 649
5 675
5 697
5 838
5 885
5 900
5 907
5 944
6 28
6 35
6 73
6 103
6 155
6 237
6 371
6 474
6 520
6 521
6 528
6 529
6 543
6 551
6 561
6 571
6 891
6 892
6 893
6 921
6 1070
7 612
7 839
7 899
7 941
7 1019
7 1020
10 838
10 759
19 120
19 348
19 685
19 766
19 918
19 978
19 979
19 1022
27 271
29 186
29 258
29 803
29 859
29 860
29 861
29 862
29 863
29 1001
29 1086
32 60
32 91
32 139
32 146
32 211
32 249
32 297
32 376
32 460
32 470
32 490
32 526
32 842
32 897
32 922
32 978
32 1004
32 1013
34 895
34 917
38 493
39 71
39 300
39 394
39 1005
61 81
61 138
61 197
61 205
61 220
61 248
61 578
61 613
61 663
61 664
61 728
61 799
61 841
61 941
61 951
99 326
99 401
99 458
180 48
180 394
180 528
180 691
225 615
225 1037
228 49
228 343
228 376
228 605
228 795
243 47
243 142
243 201
243 211
243 215
243 310
243 332
243 366
243 390
243 421
243 464
243 488
243 508
243 546
243 640
243 658
243 713
243 778
243 888
243 889
243 951
243 966
243 1004
243 1005
243 1006
243 1020
243 1038
259 1034
259 333
259 895
274 31
274 494
293 108
293 246
293 775
293 863
293 981
333 43
333 554
333 743
352 266
377 715
413 286
418 723
425 187
425 229
425 569
441 33
441 76
441 88
441 175
441 245
441 252
441 491
441 542
441 556
441 557
441 558
441 559
441 560
441 561
441 562
441 564
441 567
441 727
441 787
441 792
441 824
441 825
441 826
441 874
441 925
441 929
441 930
441 932
441 933
441 935
441 990
441 991
441 1016
441 1017
441 1018
441 1022
441 1024
441 1025
441 1026
441 1029
441 1069
468 813
503 769
503 859
505 678
516 36
516 378
521 254
521 852
523 856
523 997
523 1027
523 1028
524 998
524 1045
525 1000
525 1004
526 804
530 155
530 406
530 482
530 914
531 215
531 252
531 407
533 650
533 668
538 201
538 202
538 254
538 394
538 539
540 167
540 457
540 541
540 612
541 463
542 37
542 205
542 207
542 316
542 317
542 399
542 457
542 474
542 497
542 667
542 706
542 850
546 140
548 647
548 980
549 878
550 909
551 295
551 448
551 750
551 1020
553 791
553 682
553 1003
557 229
557 944
559 300
559 783
559 615
559 848
559 1084
561 152
561 254
561 612
562 1081
562 612
562 1007
563 478
563 754
565 485
565 651
565 894
566 273
566 419
566 535
566 612
566 1045
567 234
567 612
567 734
568 70
568 962
573 64
573 939
576 423
576 979
577 23
577 915
578 236
579 376
579 473
583 975
584 269
585 268
585 353
707 49
707 144
707 250
707 394
707 880
720 892
720 897
728 15
787 555
810 604
810 979
812 939
816 91
816 808
817 920
825 422
904 989
904 992
904 1023
904 1049
905 528
905 937
906 40
906 170
906 773
906 965
907 1066
921 972
922 9
922 520
922 802
923 857
923 1045
924 366
924 858
925 81
925 366
925 534
925 869
925 899
925 994
926 761
926 783
928 414
928 612
928 1014
929 304
929 443
929 612
930 803
930 1064
932 457
932 612
932 847
933 455
933 613
933 1052
935 143
935 154
935 943
936 1055
936 967
956 545
956 843
975 170
975 966
976 295
976 349
976 965
976 1003
977 312
977 485
987 81
987 1061
988 656
988 1060
990 81
990 1077
1006 63
1012 931
1013 934
1014 893
1016 941
1016 1079
1017 612
1017 749
1017 769
1018 612
1018 1009
1018 1080
1018 1045
1025 9
1025 612
1025 1088
1026 612
1026 1089
1069 612
1069 753
1069 901
1087 9
1087 999
46 254
46 850
59 78
59 208
59 902
133 164
133 220
153 391
153 622
153 674
153 700
190 232
190 495
250 136
250 342
250 602
250 642
250 957
250 958
295 357
349 84
349 269
395 717
465 135
469 101
518 207
519 120
552 940
582 652
766 633
843 989
844 729
844 897
927 606
927 880
927 902
1008 107
1008 804
1008 920
2 170
2 4
2 17
2 245
2 1065
170 15
170 77
170 178
170 369
170 604
170 662
170 669
170 670
170 778
170 838
170 845
170 908
4 616
17 3
245 23
245 24
245 263
245 368
245 513
245 641
245 647
245 955
245 965
245 1036
1065 8
3 56
56 33
616 215
26 457
58 9
58 174
198 797
264 867
339 221
365 22
365 246
405 143
405 785
408 249
408 850
547 629
588 793
628 771
628 693
649 351
649 534
649 661
675 270
675 981
697 276
838 840
885 211
885 558
900 204
900 267
944 218
28 739
28 851
28 254
35 735
35 81
73 102
103 428
155 255
155 356
155 617
155 702
155 779
237 277
371 985
371 1001
474 447
474 917
520 53
520 149
520 218
520 255
520 446
520 485
520 522
520 779
520 853
520 888
528 118
528 227
528 890
529 20
529 478
543 22
543 224
543 569
571 144
571 449
571 1015
891 780
891 853
892 984
1070 916
1070 1062
612 33
612 269
612 560
612 574
612 802
612 831
612 842
612 857
612 931
612 934
612 980
612 989
612 991
612 999
612 1001
612 1029
612 1031
612 1049
839 509
839 861
899 126
899 1077
941 997
941 1028
941 1030
941 1086
1019 60
1019 860
1019 1027
1020 64
8 9
9 33
9 380
9 389
9 826
380 781
389 154
389 214
826 806
759 141
759 454
11 587
11 556
587 112
587 709
556 175
12 671
12 76
671 22
671 292
13 662
13 143
662 1033
143 107
143 183
143 626
143 791
143 792
14 30
14 786
30 75
786 368
15 1095
15 201
15 220
15 457
15 534
15 555
15 569
15 775
15 783
15 981
201 136
201 272
201 492
201 493
201 545
201 660
201 776
201 793
220 744
220 833
220 970
457 488
457 831
534 41
534 129
534 266
534 267
534 421
534 487
534 489
534 772
534 781
534 808
534 835
569 36
569 209
569 211
569 276
569 321
569 341
569 764
569 830
775 20
783 241
783 252
783 350
783 373
783 484
783 821
783 861
783 914
783 1054
981 199
981 214
981 337
981 390
981 554
981 797
16 66
16 294
66 87
294 253
18 178
18 739
178 595
178 785
178 790
178 911
120 205
348 412
685 681
918 871
978 510
978 1071
979 388
979 1072
1022 737
21 840
21 689
689 762
22 68
22 80
22 96
22 113
22 121
22 123
22 176
22 235
22 281
22 283
22 284
22 287
22 362
22 828
22 1040
68 89
80 1041
96 476
113 221
121 100
121 1038
123 404
176 288
235 403
235 471
281 217
283 226
284 55
287 109
287 200
287 238
362 168
828 328
828 329
828 507
1040 829
23 122
122 156
24 898
898 782
25 484
25 142
484 142
484 589
142 109
142 761
271 600
851 79
254 31
254 948
186 919
186 746
186 942
186 1056
258 81
258 962
803 421
803 1009
859 961
860 1090
862 77
862 508
863 81
863 960
1001 866
1086 959
75 778
75 443
31 162
31 448
162 703
60 79
60 203
60 656
60 657
60 658
60 1010
139 211
146 318
146 383
146 591
146 618
146 992
146 1007
211 70
211 102
211 361
211 774
249 92
249 370
249 442
249 639
249 664
249 890
297 130
297 837
297 997
297 1011
297 1027
460 291
460 496
470 137
490 767
842 908
917 570
735 367
81 107
81 467
81 852
81 1024
36 152
37 263
37 319
319 137
493 255
493 973
71 93
1005 1051
40 771
41 306
306 422
42 261
42 691
261 644
691 373
43 199
199 727
44 187
44 731
731 246
731 763
731 1002
45 364
45 128
364 502
128 508
850 378
47 104
104 472
48 599
599 849
49 972
972 615
972 1073
50 938
50 931
938 994
51 262
51 401
262 321
52 416
52 532
416 252
416 984
532 740
53 353
53 596
596 847
54 476
54 363
476 501
476 617
363 240
55 429
429 106
57 1032
57 223
1032 344
223 437
174 148
78 105
78 313
208 400
902 713
79 108
203 166
203 630
656 693
656 824
656 1023
657 694
657 996
658 695
1010 125
1010 488
138 324
197 106
197 238
197 337
248 241
248 242
613 218
663 467
663 535
664 692
799 814
841 633
841 1033
951 953
62 98
62 209
62 172
98 411
209 278
209 323
209 426
172 958
63 256
256 718
65 257
65 280
257 515
280 610
87 116
67 308
67 954
308 833
954 736
89 506
69 212
69 544
212 402
544 428
93 94
72 95
72 607
95 385
607 386
74 279
74 515
279 427
778 709
778 710
778 846
778 874
443 873
77 450
77 1093
450 1085
1093 299
1093 1043
105 141
313 831
108 592
1041 285
852 733
1024 966
1024 1076
82 169
82 331
169 404
331 131
83 112
83 638
638 572
84 131
84 482
131 163
131 386
85 115
85 947
115 147
947 991
86 439
86 150
439 265
150 200
150 345
116 595
88 682
506 1031
90 417
90 983
417 431
983 874
92 126
92 651
94 537
537 309
537 459
537 801
537 982
385 536
97 214
97 620
214 175
214 718
214 873
214 1011
620 748
411 500
326 217
458 788
100 440
440 430
101 317
472 329
141 171
106 311
311 776
592 222
110 298
110 286
298 430
111 646
111 586
646 129
586 335
586 693
221 355
114 165
114 630
165 950
147 698
117 647
117 161
117 1050
647 129
647 593
647 804
161 305
1050 964
118 949
949 445
119 181
119 637
181 369
181 626
181 645
181 784
637 574
1038 193
1038 797
156 184
124 188
124 946
188 350
188 866
946 752
125 593
127 781
127 882
127 1089
781 381
781 444
882 1088
130 160
130 680
160 191
680 652
680 853
163 575
132 423
132 601
423 621
423 779
601 998
164 195
134 390
134 686
390 491
686 631
135 140
140 498
136 629
136 640
640 303
324 774
498 764
171 224
171 522
761 644
183 305
183 397
183 714
791 489
792 738
144 699
699 175
699 908
145 621
145 575
621 772
575 307
318 497
383 444
591 572
618 1045
992 705
992 1045
1007 713
698 456
148 327
148 590
327 666
590 712
149 623
623 770
345 246
151 704
151 694
704 866
391 251
622 1043
674 361
700 511
356 459
702 477
779 880
184 230
157 480
157 358
480 684
358 312
158 213
158 715
213 239
715 233
715 266
715 424
715 486
159 381
159 725
725 510
191 834
703 267
195 736
950 492
950 1039
166 1030
167 688
688 434
168 659
659 239
369 475
369 627
369 636
369 849
369 875
669 290
670 872
845 367
173 226
173 488
488 903
488 1009
488 1011
175 234
175 634
175 798
175 1094
634 368
798 511
1094 1083
288 879
177 1048
177 366
1048 883
366 901
366 1052
790 909
790 1021
911 806
179 514
179 466
514 328
466 1031
645 1068
784 372
784 603
182 821
182 230
182 714
821 451
821 452
821 479
821 820
821 919
714 1064
397 359
185 231
185 648
185 722
231 479
231 454
231 677
648 705
722 370
919 755
919 780
919 887
746 693
942 218
942 804
1056 1036
866 609
866 737
189 301
189 724
301 420
724 641
232 661
495 684
834 304
834 964
192 375
192 805
375 635
375 857
805 268
193 314
193 706
314 399
706 275
706 678
194 424
194 354
424 970
424 517
424 683
424 854
354 757
196 492
196 222
196 247
196 512
222 974
247 513
512 971
727 800
272 795
660 242
776 273
776 396
793 406
202 491
202 654
654 461
204 316
206 497
206 639
400 276
278 581
323 696
426 322
210 322
210 580
580 374
402 716
718 379
215 282
282 501
216 710
216 711
710 695
711 1071
218 943
943 1055
219 614
219 536
614 998
744 336
970 767
970 960
355 673
974 1060
437 665
615 650
1037 1002
227 1059
1059 655
343 742
605 937
479 455
479 789
479 945
479 1075
677 453
233 796
796 632
403 502
471 666
236 276
277 341
240 1031
241 853
853 967
242 756
756 717
310 777
332 745
421 865
421 1079
464 726
713 415
713 477
713 901
888 1053
889 772
889 802
244 373
244 1034
641 1057
955 879
965 624
965 676
965 1021
370 1047
442 789
890 636
342 341
342 952
602 598
642 854
957 1062
251 410
410 409
252 486
253 594
594 712
948 996
260 336
260 729
867 407
265 334
334 968
267 1072
269 307
270 815
815 338
815 800
815 1042
600 433
494 419
275 496
581 726
427 499
610 886
285 741
741 344
289 872
289 1066
290 811
811 768
291 982
292 527
292 809
527 846
527 809
809 676
809 763
809 1042
357 672
296 993
296 1092
993 1039
1092 382
1092 1061
837 963
997 1074
1027 730
299 836
836 945
420 432
302 835
302 692
302 1000
303 667
309 554
777 393
831 1045
399 687
399 871
315 827
315 412
827 507
320 830
320 814
696 742
325 829
325 716
330 665
330 438
438 968
745 627
743 801
335 1029
1029 1043
338 673
340 392
340 681
392 459
952 473
346 475
346 733
475 414
347 755
347 876
876 1082
351 780
757 719
459 409
459 672
359 462
462 818
360 611
360 883
611 436
1052 564
1052 773
1052 896
1052 980
1052 1068
849 598
875 449
1047 1049
985 387
372 750
374 570
635 772
857 509
379 732
732 762
732 824
382 986
986 444
986 991
444 1080
384 608
384 1067
608 865
1067 1051
387 772
388 719
393 539
396 684
398 435
398 794
435 868
794 813
687 436
871 653
500 886
414 747
747 695
415 802
802 878
431 870
723 487
432 869
517 632
683 915
499 764
870 884
433 461
434 818
868 463
558 1045
560 748
564 752
991 1075
445 822
822 447
446 823
446 980
823 912
1085 1053
451 606
451 749
451 753
451 832
451 856
832 877
856 1015
452 1044
1044 625
453 1091
1091 1090
456 653
788 631
945 1081
481 887
481 969
969 959
483 504
483 819
504 679
819 910
589 758
485 765
765 690
903 693
903 934
973 1074
679 1054
971 961
1028 1073
1045 999
1045 1049
740 884
668 782
668 881
808 751
808 770
940 597
848 597
1084 1015
754 625
894 721
734 953
1015 690
574 705
693 913
758 721
598 995
995 643
603 855
855 643
609 896
896 858
934 751
989 820
999 807
619 1042
619 1063
1063 1058
624 1046
1046 708
1057 1058
655 912
1023 1078
881 708
913 701
913 820
701 738
730 760
760 877
760 1035
1035 864
768 916
807 910
963 864
1082 1076
1078 1083
