0 1
1 9
1 37
1 38
1 45
1 61
1 66
1 72
1 73
1 74
1 79
1 82
1 85
1 86
1 89
1 99
1 102
1 105
1 108
1 109
1 114
1 119
1 123
1 132
1 149
1 161
1 164
1 173
1 179
1 182
1 183
1 185
1 186
1 187
1 202
1 207
1 235
1 244
1 246
1 251
1 252
1 254
1 257
1 266
1 267
1 274
1 291
1 293
1 294
1 296
1 303
1 304
1 315
1 317
1 318
1 319
1 326
1 330
1 335
1 336
1 350
1 358
1 359
1 361
1 363
1 378
1 391
1 397
1 398
1 400
1 402
1 406
1 416
1 427
1 441
132 48
132 133
132 134
132 135
186 7
186 32
207 3
207 7
207 11
207 24
207 43
207 208
207 209
416 14
2 3
3 22
3 62
3 96
3 144
3 145
3 167
3 192
3 198
3 215
3 268
3 273
3 300
3 310
3 313
3 356
3 390
3 413
167 168
167 169
167 170
192 43
198 155
273 77
4 5
5 12
5 19
5 263
263 29
6 7
7 8
7 20
7 40
7 59
7 65
7 75
7 116
7 152
7 153
7 171
7 191
7 213
7 237
7 286
7 307
7 325
7 334
7 342
7 360
7 380
7 384
7 394
7 395
7 415
7 424
10 11
11 21
11 30
11 50
11 53
11 57
11 60
11 67
11 78
11 87
11 91
11 110
11 113
11 118
11 124
11 130
11 136
11 137
11 146
11 148
11 158
11 159
11 172
11 174
11 193
11 194
11 195
11 216
11 223
11 238
11 248
11 249
11 250
11 253
11 275
11 277
11 290
11 292
11 295
11 302
11 308
11 314
11 320
11 328
11 349
11 366
11 367
11 374
11 379
11 382
11 396
11 401
11 405
11 408
11 409
11 411
11 412
11 422
11 429
11 436
11 437
11 438
11 446
13 14
14 101
14 103
14 139
14 236
14 260
14 305
14 445
305 52
305 306
15 16
16 25
16 33
16 34
16 41
16 46
16 68
16 88
16 95
16 100
16 117
16 122
16 141
16 147
16 176
16 196
16 199
16 214
16 221
16 222
16 227
16 228
16 231
16 241
16 242
16 255
16 269
16 270
16 285
16 289
16 298
16 301
16 309
16 327
16 332
16 333
16 337
16 338
16 343
16 347
16 351
16 355
16 404
16 423
16 428
16 439
147 18
17 18
18 125
18 239
18 385
23 24
24 64
24 90
24 111
24 203
24 299
24 329
24 430
24 433
24 434
434 43
434 208
434 435
26 27
27 83
27 160
27 188
27 340
27 345
27 352
27 357
27 381
27 417
417 43
28 29
29 49
29 54
29 58
29 63
29 69
29 112
29 120
29 142
29 162
29 175
29 184
29 189
29 200
29 204
29 211
29 212
29 220
29 225
29 229
29 233
29 240
29 245
29 247
29 256
29 259
29 279
29 280
29 282
29 316
29 322
29 323
29 324
29 348
29 362
29 370
29 371
29 376
29 399
29 425
29 440
29 442
29 447
29 449
447 448
449 354
449 450
449 451
31 32
32 71
32 217
32 243
32 262
32 264
32 297
32 339
32 375
264 265
35 36
36 44
36 39
36 80
36 84
36 93
36 106
36 121
36 131
36 138
36 140
36 150
36 151
36 157
36 210
36 219
36 230
36 232
36 272
36 276
36 278
36 311
36 331
36 344
36 346
36 365
36 369
36 389
36 392
36 407
36 419
36 426
36 431
36 432
36 443
93 94
157 94
210 94
219 94
278 94
344 94
346 94
432 43
42 43
43 107
43 115
43 126
43 129
43 156
43 177
43 206
43 218
43 224
43 287
43 364
43 418
43 421
126 127
126 128
287 56
287 98
287 288
47 48
48 70
48 81
51 52
52 163
52 312
52 377
312 166
55 56
56 143
76 77
77 92
77 104
77 190
77 197
77 201
77 281
77 283
77 383
77 414
201 155
201 181
94 444
97 98
98 271
98 321
127 258
127 284
127 393
133 368
133 372
372 373
154 155
155 387
155 410
387 388
165 166
166 178
166 341
166 403
180 181
181 205
181 226
181 234
181 261
181 386
181 420
353 354
