0 21
0 37
0 77
21 36
21 48
21 56
37 20
37 68
37 77
77 30
77 38
1 12
1 13
1 59
1 73
12 2
12 28
12 65
13 2
13 15
13 47
59 22
59 29
59 66
73 11
73 22
73 69
2 64
2 75
64 16
64 40
64 47
75 16
75 58
75 71
3 9
3 41
3 52
3 60
9 8
9 50
9 76
41 8
41 10
41 69
52 26
52 65
52 70
60 33
60 70
60 72
4 45
4 55
4 62
4 72
45 34
45 80
45 82
55 18
55 43
55 44
62 5
62 18
62 35
72 27
72 34
5 23
5 28
5 63
23 17
23 58
23 71
28 58
28 79
63 35
63 78
63 79
6 7
6 10
6 32
6 56
7 19
7 26
7 33
10 53
10 54
32 8
32 42
32 49
56 49
56 54
19 50
19 61
26 11
26 69
33 27
33 76
8 61
61 42
61 50
50 25
76 25
76 43
53 22
53 57
53 69
54 57
54 67
11 39
11 65
39 29
39 40
39 58
65 79
15 14
15 29
15 51
47 14
47 40
14 16
14 30
16 24
30 20
30 51
29 48
51 38
51 48
24 46
24 71
24 81
17 27
17 74
17 80
27 43
74 44
74 46
80 35
80 36
18 46
18 71
46 44
20 42
20 49
42 25
49 68
36 82
36 83
48 66
22 78
78 66
78 83
81 25
81 43
81 44
79 70
31 38
31 66
31 67
31 83
38 68
67 68
67 82
83 35
34 57
34 70
57 82
