0 31
0 49
0 84
31 47
31 51
49 81
49 99
84 32
84 62
1 42
1 60
1 110
42 4
42 17
60 23
60 45
110 36
110 55
2 50
2 80
2 90
50 75
50 91
80 61
80 82
90 46
90 104
3 43
3 59
3 97
43 88
43 105
59 9
59 73
97 86
97 99
4 67
4 75
67 103
67 105
75 12
5 48
5 94
5 103
48 15
48 27
94 30
94 58
103 24
6 39
6 71
6 77
39 25
39 87
71 28
71 93
77 65
77 82
7 37
7 69
7 108
37 68
37 107
69 46
69 64
108 13
108 72
8 56
8 91
8 111
56 51
56 54
91 63
111 78
111 98
9 70
9 101
70 63
70 109
101 65
101 72
10 62
10 89
10 102
62 12
89 57
89 92
102 58
102 65
11 38
11 53
11 74
38 16
38 98
53 14
53 22
74 19
74 73
12 19
19 100
13 21
13 54
21 27
21 100
54 20
14 24
14 107
24 47
107 33
15 85
15 109
85 40
85 93
109 29
16 18
16 40
18 17
18 81
40 76
17 72
81 79
100 106
20 41
20 88
41 22
41 23
88 57
27 44
22 82
23 29
29 32
47 52
25 83
25 106
83 66
83 79
106 34
26 45
26 78
26 86
45 34
78 58
86 68
44 36
44 61
28 51
28 55
55 95
32 64
30 79
30 96
96 46
96 95
64 35
33 66
33 92
66 63
92 36
34 52
52 104
35 87
35 98
87 105
68 93
76 57
76 104
61 99
95 73
