0 20
0 40
0 91
0 106
0 18
0 39
20 1
20 54
20 55
40 3
40 93
40 115
18 2
18 58
18 59
39 14
39 92
39 117
1 19
1 52
1 53
19 2
19 56
19 57
2 60
2 61
3 15
3 42
3 43
3 79
3 104
3 105
3 17
3 41
3 44
15 4
15 77
15 101
42 14
42 81
42 119
43 14
43 80
43 118
17 5
17 75
17 100
41 14
41 82
41 120
44 12
44 51
4 16
4 78
4 102
16 5
16 76
16 103
5 74
5 99
6 26
6 32
6 97
6 107
6 24
6 33
26 7
26 66
26 67
32 9
32 98
24 8
24 70
24 71
33 14
33 63
7 25
7 64
7 65
25 8
25 68
25 69
8 72
8 73
9 21
9 35
9 36
9 96
9 113
9 114
9 23
9 34
9 37
21 10
21 87
21 111
35 14
35 84
36 14
36 85
23 11
23 89
23 112
34 14
34 83
37 12
37 62
10 22
10 86
10 108
22 11
22 88
22 109
11 90
11 110
12 38
12 29
12 30
12 31
38 14
38 94
29 48
30 13
30 49
31 45
13 27
27 50
14 95
14 116
28 45
28 46
45 47
