0 2
0 31
0 62
0 63
2 1
2 6
2 15
31 1
31 33
31 46
62 30
62 61
62 63
63 63
1 30
1 61
30 14
30 29
61 45
61 60
6 5
6 7
6 14
15 5
15 17
15 38
3 5
3 14
3 29
3 32
5 4
14 13
29 21
29 28
32 4
32 33
32 46
4 45
4 60
45 37
45 44
60 52
60 59
7 9
7 13
7 34
9 8
9 13
9 16
13 12
34 8
34 36
34 47
8 21
8 28
21 17
21 20
28 24
28 27
16 12
16 17
16 38
10 12
10 35
10 37
10 44
12 11
35 11
35 36
35 47
37 33
37 36
44 40
44 43
11 52
11 59
52 48
52 51
59 55
59 58
17 18
38 40
38 49
18 20
18 39
20 19
39 19
39 40
39 49
19 24
19 27
24 22
24 23
27 25
27 26
22 33
22 36
22 41
41 23
41 43
41 50
23 40
23 43
43 42
25 42
25 48
25 51
42 26
42 50
48 46
48 47
51 49
51 50
26 55
26 58
55 53
55 54
58 56
58 57
46 53
47 53
49 54
50 54
53 56
54 56
56 57
57 57
