0 5
0 4
5 23
5 6
4 1
4 3
1 6
6 7
2 3
2 7
23 14
23 26
8 25
25 12
25 14
25 15
25 56
9 104
104 102
104 103
10 93
93 49
93 94
11 39
39 37
39 73
12 22
12 24
13 15
15 16
15 18
15 19
14 21
21 30
21 31
17 56
56 20
56 30
30 44
30 50
31 29
31 84
27 84
27 45
84 28
28 55
29 85
85 74
85 76
44 92
44 49
44 58
50 103
32 53
32 87
32 90
32 81
53 86
53 89
53 92
87 67
87 96
90 33
90 51
90 66
81 77
81 78
81 82
33 91
91 66
91 71
34 94
94 57
35 49
49 46
49 92
36 97
97 37
97 72
37 38
40 101
101 60
101 100
41 100
100 99
42 102
102 58
43 99
43 103
99 46
58 59
46 86
86 48
47 52
47 98
47 51
47 72
52 88
52 63
98 54
98 88
51 89
72 63
48 88
89 54
63 64
63 66
60 61
60 62
64 65
68 96
96 69
69 95
95 70
95 75
77 78
77 80
80 79
79 83
83 82
