0 0
0 1
0 20
0 22
0 24
0 2
0 3
1 1
1 21
1 23
1 25
1 2
1 3
20 4
20 11
20 30
22 8
22 11
22 18
24 12
24 26
24 28
24 30
2 2
2 16
2 3
3 17
3 4
3 5
3 6
3 7
21 5
21 11
21 31
23 9
23 11
23 19
25 13
25 27
25 29
25 31
16 6
16 9
16 10
16 28
16 30
17 7
17 9
17 11
17 29
17 31
4 6
4 7
5 8
5 9
5 10
5 11
6 10
6 11
7 12
7 13
7 14
7 15
8 14
8 15
9 18
9 19
10 18
10 19
12 26
12 28
12 29
12 30
12 31
13 27
13 28
13 29
13 30
13 31
14 18
14 26
14 28
14 29
14 30
14 31
15 19
15 27
15 28
15 29
15 30
15 31
18 18
18 26
19 19
19 27
