0 14
0 17
14 9
14 18
17 12
17 18
1 4
1 5
4 29
4 30
5 602
5 603
2 626
2 627
626 351
626 629
627 352
627 629
3 947
3 948
947 659
947 949
948 660
948 949
29 9
29 32
30 33
30 34
602 606
602 607
603 351
603 605
6 638
6 639
6 926
638 352
638 640
639 642
639 643
639 940
926 659
926 928
7 329
7 330
7 664
329 341
329 342
329 668
330 12
330 331
664 660
664 665
8 229
8 230
8 375
8 378
229 218
229 232
230 219
230 232
230 803
375 370
375 379
378 373
378 379
378 803
9 15
15 19
15 20
15 47
10 39
10 40
10 94
39 34
39 42
40 35
40 42
40 96
94 88
94 96
11 326
11 327
11 347
11 670
326 290
326 328
326 697
327 291
327 328
327 349
347 341
347 349
347 673
670 666
670 673
670 697
12 16
16 21
16 22
16 333
13 25
13 26
13 55
13 67
25 20
25 28
25 56
26 21
26 28
26 337
55 48
55 56
55 68
67 63
67 68
67 337
18 19
18 22
19 23
20 24
20 54
47 32
47 49
21 27
21 336
22 23
333 331
333 334
23 24
23 27
24 28
54 49
54 56
27 28
336 334
336 337
56 52
337 335
32 33
32 36
33 37
34 38
31 44
31 45
31 51
31 69
44 35
44 46
44 93
45 36
45 46
45 53
51 48
51 53
51 71
69 61
69 71
69 93
36 43
36 50
37 38
37 41
37 43
38 42
35 41
35 91
41 42
41 46
91 90
91 93
91 96
43 46
50 49
50 53
96 95
93 92
53 52
49 52
48 52
48 65
65 64
65 68
65 71
71 70
68 66
57 102
57 103
57 156
102 97
102 105
103 98
103 105
103 158
156 150
156 158
58 287
58 288
58 320
58 705
287 251
287 289
287 742
288 252
288 289
288 322
320 311
320 322
320 707
705 698
705 707
705 742
59 85
59 86
59 295
59 338
85 62
85 87
85 296
86 63
86 87
86 340
295 291
295 296
295 346
338 332
338 340
338 346
60 77
60 78
60 117
60 129
77 72
77 80
77 118
78 73
78 80
78 304
117 110
117 118
117 130
129 125
129 130
129 304
61 70
61 72
61 92
70 64
70 75
72 76
72 116
92 90
92 111
62 82
62 83
62 301
82 73
82 84
82 302
83 74
83 84
301 293
301 302
63 66
63 335
66 64
66 87
335 334
335 340
64 74
74 81
74 87
75 76
75 79
75 81
76 80
116 111
116 118
73 79
73 299
79 80
79 84
299 298
299 302
299 304
81 84
118 114
304 303
302 300
296 293
296 294
340 339
88 95
88 97
95 90
95 100
97 101
89 107
89 108
89 113
89 131
107 98
107 109
107 155
108 99
108 109
108 115
113 110
113 115
113 133
131 123
131 133
131 155
90 99
99 106
99 112
111 112
111 114
100 101
100 104
100 106
101 105
98 104
98 153
104 105
104 109
153 152
153 155
153 158
106 109
112 115
158 157
155 154
115 114
110 114
110 127
127 126
127 130
127 133
133 132
130 128
119 164
119 165
119 209
164 159
164 167
165 160
165 167
165 211
209 203
209 211
120 248
120 249
120 281
120 750
248 236
248 250
248 787
249 237
249 250
249 283
281 272
281 283
281 752
750 743
750 752
750 787
121 147
121 148
121 256
121 305
147 124
147 149
147 257
148 125
148 149
148 307
256 252
256 257
256 319
305 297
305 307
305 319
122 139
122 140
122 179
122 191
139 134
139 142
139 180
140 135
140 142
140 265
179 172
179 180
179 192
191 187
191 192
191 265
123 132
123 134
123 154
132 126
132 137
134 138
134 178
154 152
154 173
124 144
124 145
124 262
144 135
144 146
144 263
145 136
145 146
262 254
262 263
125 128
125 303
128 126
128 149
303 298
303 307
126 136
136 143
136 149
137 138
137 141
137 143
138 142
178 173
178 180
135 141
135 260
141 142
141 146
260 259
260 263
260 265
143 146
180 176
265 264
263 261
257 254
257 255
307 306
150 157
150 159
157 152
157 162
159 163
151 169
151 170
151 175
151 193
169 160
169 171
169 208
170 161
170 171
170 177
175 172
175 177
175 195
193 185
193 195
193 208
152 161
161 168
161 174
173 174
173 176
162 163
162 166
162 168
163 167
160 166
160 206
166 167
166 171
206 205
206 208
206 211
168 171
174 177
211 210
208 207
177 176
172 176
172 189
189 188
189 192
189 195
195 194
192 190
181 212
181 213
181 226
212 203
212 215
213 204
213 215
213 228
226 218
226 228
182 233
182 234
182 245
182 788
233 219
233 235
233 801
234 220
234 235
234 247
245 236
245 247
245 790
788 782
788 790
788 801
183 200
183 201
183 241
183 266
200 186
200 202
200 242
201 187
201 202
201 268
241 237
241 242
241 280
266 258
266 268
266 280
184 196
184 197
184 216
184 224
196 185
196 199
196 217
197 186
197 199
197 244
216 204
216 217
216 225
224 220
224 225
224 244
185 194
185 207
194 188
194 199
207 205
207 217
186 198
186 239
198 188
198 199
198 202
239 238
239 242
239 244
187 190
187 264
190 188
190 202
264 259
264 268
217 214
244 243
242 240
268 267
203 210
210 205
210 215
204 214
204 222
214 205
214 215
222 221
222 225
222 228
228 227
225 223
218 227
227 221
227 232
219 231
219 799
231 221
231 232
231 235
799 798
799 801
799 803
220 223
220 243
223 221
223 235
243 238
243 247
803 802
801 800
247 246
236 246
236 785
246 238
246 250
785 784
785 787
785 790
237 240
237 279
240 238
240 250
279 274
279 280
279 283
280 275
790 789
787 786
283 282
251 284
251 285
251 748
284 272
284 286
284 749
285 273
285 286
748 740
748 749
252 255
252 318
255 253
255 289
318 313
318 319
318 322
253 269
253 270
253 277
269 258
269 271
269 278
270 254
270 271
277 273
277 278
254 261
261 259
261 271
289 273
319 314
258 267
258 275
267 259
267 271
275 274
275 278
278 276
272 282
272 746
282 274
282 286
746 745
746 749
746 752
273 276
276 274
276 286
752 751
749 747
742 740
742 741
322 321
290 323
290 324
290 703
323 311
323 325
323 704
324 312
324 325
703 695
703 704
291 294
291 344
294 292
294 328
344 343
344 346
344 349
292 308
292 309
292 316
308 297
308 310
308 317
309 293
309 310
316 312
316 317
293 300
300 298
300 310
328 312
346 345
297 306
297 314
306 298
306 310
314 313
314 317
317 315
311 321
311 701
321 313
321 325
701 700
701 704
701 707
312 315
315 313
315 325
707 706
704 702
697 695
697 696
349 348
341 348
341 672
342 331
342 343
668 665
668 669
331 332
332 339
332 345
339 334
345 343
348 343
672 669
672 673
673 671
350 537
350 538
350 610
537 522
537 540
538 523
538 540
538 613
610 606
610 613
351 604
604 617
604 618
604 630
352 628
628 631
628 632
628 652
353 599
353 600
353 647
353 902
599 575
599 601
599 648
600 576
600 601
600 904
647 643
647 648
647 946
902 881
902 904
902 946
354 568
354 569
354 624
354 636
568 553
568 571
568 625
569 554
569 571
569 658
624 618
624 625
624 637
636 632
636 637
636 658
355 457
355 458
355 530
457 442
457 460
458 443
458 460
458 533
530 526
530 533
356 541
356 542
356 565
356 615
541 523
541 544
541 616
542 524
542 544
542 567
565 553
565 567
565 622
615 608
615 616
615 622
357 572
357 573
357 596
357 649
572 554
572 574
572 656
573 555
573 574
573 598
596 575
596 598
596 651
649 641
649 651
649 656
358 519
358 520
358 584
358 857
519 495
519 521
519 585
520 496
520 521
520 859
584 580
584 585
584 901
857 836
857 859
857 901
359 488
359 489
359 551
359 563
488 473
488 491
488 552
489 474
489 491
489 595
551 545
551 552
551 564
563 559
563 564
563 595
360 399
360 400
360 450
399 391
399 402
400 392
400 402
400 453
450 446
450 453
361 461
361 462
361 485
361 535
461 443
461 464
461 536
462 444
462 464
462 487
485 473
485 487
485 549
535 528
535 536
535 549
362 492
362 493
362 516
362 586
492 474
492 494
492 593
493 475
493 494
493 518
516 495
516 518
516 588
586 578
586 588
586 593
363 439
363 440
363 504
363 818
439 427
439 441
439 505
440 428
440 441
440 820
504 500
504 505
504 856
818 809
818 820
818 856
364 420
364 421
364 471
364 483
420 409
420 423
420 472
421 410
421 423
421 515
471 465
471 472
471 484
483 479
483 484
483 515
365 380
365 381
365 395
380 370
380 383
381 371
381 383
381 398
395 391
395 398
366 403
366 404
366 417
366 455
403 392
403 406
403 456
404 393
404 406
404 419
417 409
417 419
417 469
455 448
455 456
455 469
367 424
367 425
367 436
367 506
424 410
424 426
424 513
425 411
425 426
425 438
436 427
436 438
436 508
506 498
506 508
506 513
368 388
368 389
368 432
368 804
388 372
388 390
388 433
389 373
389 390
389 806
432 428
432 433
432 817
804 797
804 806
804 817
369 384
369 385
369 407
369 415
384 371
384 387
384 408
385 372
385 387
385 435
407 393
407 408
407 416
415 411
415 416
415 435
370 376
376 374
376 379
376 383
371 382
371 397
382 374
382 383
382 387
397 394
397 398
397 408
372 386
372 430
386 374
386 387
386 390
430 429
430 433
430 435
373 377
373 802
377 374
377 379
377 390
802 798
802 806
398 396
408 405
435 434
433 431
806 805
391 396
396 394
396 402
392 401
392 452
401 394
401 402
401 406
452 449
452 453
452 456
393 405
393 413
405 394
405 406
413 412
413 416
413 419
453 451
456 454
419 418
416 414
409 418
409 468
418 412
418 423
468 466
468 469
468 472
410 422
410 511
422 412
422 423
422 426
511 510
511 513
511 515
411 414
411 434
414 412
414 426
434 429
434 438
469 467
472 470
515 514
513 512
438 437
427 437
427 502
437 429
437 441
502 501
502 505
502 508
428 431
428 816
431 429
431 441
816 811
816 817
816 820
817 812
508 507
505 503
820 819
442 446
442 447
446 451
447 445
447 449
447 460
443 459
443 532
459 445
459 460
459 464
532 529
532 533
532 536
444 463
444 465
444 477
463 445
463 464
463 466
465 470
465 481
477 476
477 480
477 487
445 448
448 454
448 467
451 449
449 454
467 466
533 531
536 534
487 486
466 470
481 480
481 484
484 482
473 486
473 548
486 476
486 491
548 546
548 549
548 552
474 490
474 591
490 476
490 491
490 494
591 590
591 593
591 595
475 478
475 479
475 509
478 476
478 480
478 494
479 482
479 514
509 497
509 510
509 518
480 482
514 510
549 547
552 550
595 594
593 592
518 517
495 517
495 582
517 497
517 521
582 581
582 585
582 588
496 499
496 500
496 850
499 497
499 501
499 521
500 503
500 855
850 838
850 851
850 859
497 498
498 507
498 512
507 501
512 510
501 503
855 851
855 856
856 852
588 587
585 583
859 858
522 526
522 527
526 531
527 525
527 529
527 540
523 539
523 612
539 525
539 540
539 544
612 609
612 613
612 616
524 543
524 545
524 557
543 525
543 544
543 546
545 550
545 561
557 556
557 560
557 567
525 528
528 534
528 547
531 529
529 534
547 546
613 611
616 614
567 566
546 550
561 560
561 564
564 562
553 566
553 621
566 556
566 571
621 619
621 622
621 625
554 570
554 654
570 556
570 571
570 574
654 653
654 656
654 658
555 558
555 559
555 589
558 556
558 560
558 574
559 562
559 594
589 577
589 590
589 598
560 562
594 590
622 620
625 623
658 657
656 655
598 597
575 597
575 645
597 577
597 601
645 644
645 648
645 651
576 579
576 580
576 895
579 577
579 581
579 601
580 583
580 900
895 883
895 896
895 904
577 578
578 587
578 592
587 581
592 590
581 583
900 896
900 901
901 897
651 650
648 646
904 903
606 611
607 605
607 609
605 608
605 617
617 619
618 623
618 634
630 629
630 633
608 614
608 620
611 609
609 614
620 619
619 623
634 633
634 637
637 635
629 631
631 633
632 635
632 657
652 640
652 653
633 635
657 653
640 641
640 642
642 644
643 646
643 945
940 928
940 941
641 650
641 655
650 644
655 653
644 646
945 941
945 946
946 942
659 927
927 930
927 931
927 950
660 663
663 679
663 680
663 951
661 686
661 687
661 924
661 935
686 678
686 689
686 925
687 679
687 689
687 955
924 908
924 925
924 936
935 931
935 936
935 955
662 674
662 675
662 682
662 733
674 666
674 677
674 734
675 667
675 677
675 685
682 678
682 685
682 912
733 693
733 734
733 912
679 688
679 954
680 665
680 681
951 949
951 952
665 667
667 676
667 684
666 671
666 696
671 669
671 677
696 694
696 734
676 669
676 677
684 681
684 685
734 717
685 683
678 683
678 911
683 681
683 689
911 909
911 912
911 925
688 681
688 689
954 952
954 955
912 910
925 922
955 953
690 905
690 906
690 921
690 937
905 881
905 907
905 944
906 882
906 907
906 923
921 908
921 923
921 939
937 929
937 939
937 944
691 726
691 727
691 879
691 890
726 715
726 729
726 880
727 716
727 729
727 920
879 863
879 880
879 891
890 886
890 891
890 920
692 708
692 709
692 723
692 778
708 698
708 711
708 779
709 699
709 711
709 725
723 715
723 725
723 867
778 738
778 779
778 867
693 730
693 731
693 917
730 716
730 732
730 918
731 717
731 732
917 910
917 918
694 712
694 713
694 721
712 699
712 714
712 722
713 695
713 714
721 717
721 722
695 702
702 700
702 714
698 706
698 741
706 700
706 711
741 739
741 779
699 710
699 719
710 700
710 711
710 714
719 718
719 722
719 725
779 762
725 724
722 720
715 724
715 866
724 718
724 729
866 864
866 867
866 880
716 728
716 915
728 718
728 729
728 732
915 914
915 918
915 920
717 720
720 718
720 732
867 865
880 877
920 919
918 916
735 860
735 861
735 876
735 892
860 836
860 862
860 899
861 837
861 862
861 878
876 863
876 878
876 894
892 884
892 894
892 899
736 771
736 772
736 834
736 845
771 760
771 774
771 835
772 761
772 774
772 875
834 824
834 835
834 846
845 841
845 846
845 875
737 753
737 754
737 768
737 795
753 743
753 756
753 796
754 744
754 756
754 770
768 760
768 770
768 828
795 783
795 796
795 828
738 775
738 776
738 872
775 761
775 777
775 873
776 762
776 777
872 865
872 873
739 757
739 758
739 766
757 744
757 759
757 767
758 740
758 759
766 762
766 767
740 747
747 745
747 759
743 751
743 786
751 745
751 756
786 784
786 796
744 755
744 764
755 745
755 756
755 759
764 763
764 767
764 770
796 793
770 769
767 765
760 769
760 827
769 763
769 774
827 825
827 828
827 835
761 773
761 870
773 763
773 774
773 777
870 869
870 873
870 875
762 765
765 763
765 777
828 826
835 832
875 874
873 871
780 821
780 822
780 831
780 847
821 809
821 823
821 854
822 810
822 823
822 833
831 824
831 833
831 849
847 839
847 849
847 854
781 791
781 792
781 807
781 814
791 782
791 794
791 808
792 783
792 794
792 830
807 797
807 808
807 815
814 810
814 815
814 830
782 789
782 800
789 784
789 794
800 798
800 808
783 793
783 826
793 784
793 794
826 825
826 830
808 805
830 829
797 805
797 812
805 798
812 811
812 815
815 813
809 819
809 852
819 811
819 823
852 851
852 854
810 813
810 829
813 811
813 823
829 825
829 833
854 853
833 832
824 832
824 843
832 825
843 842
843 846
843 849
849 848
846 844
836 858
836 897
858 838
858 862
897 896
897 899
837 840
837 841
837 868
840 838
840 842
840 862
841 844
841 874
868 864
868 869
868 878
838 839
839 848
839 853
848 842
853 851
842 844
874 869
899 898
878 877
863 877
863 888
877 864
888 887
888 891
888 894
864 865
865 871
871 869
894 893
891 889
881 903
881 942
903 883
903 907
942 941
942 944
882 885
882 886
882 913
885 883
885 887
885 907
886 889
886 919
913 909
913 914
913 923
883 884
884 893
884 898
893 887
898 896
887 889
919 914
944 943
923 922
908 922
908 933
922 909
933 932
933 936
933 939
909 910
910 916
916 914
939 938
936 934
928 929
928 930
930 932
931 934
931 953
950 949
950 952
929 938
929 943
938 932
943 941
932 934
953 952
