0 34
0 36
34 35
34 36
34 70
1 17
1 25
1 31
1 32
1 65
1 75
17 31
17 65
17 75
25 32
25 35
25 85
31 65
31 75
32 11
32 23
32 33
32 35
32 43
32 57
32 76
32 85
65 16
65 30
65 75
2 6
2 9
2 15
2 29
2 43
2 51
2 56
2 66
2 74
2 79
6 35
9 66
15 29
29 26
29 27
29 40
29 47
29 54
29 60
29 61
29 81
29 82
29 83
43 35
43 72
43 79
3 52
52 10
52 42
52 45
52 68
52 71
52 78
4 48
4 59
48 46
48 59
48 60
59 28
5 14
5 39
14 39
39 19
39 20
39 21
39 44
39 53
39 57
35 22
35 41
35 42
35 67
35 72
35 84
7 19
7 63
19 21
19 55
19 63
19 80
63 77
8 22
22 42
10 45
12 58
58 44
58 54
58 57
13 50
13 64
64 83
16 24
16 30
18 83
83 82
80 62
42 68
42 71
42 78
23 53
26 40
26 47
40 47
27 54
27 73
54 57
73 37
73 38
81 82
57 44
76 49
76 69
37 38
71 78
