0 2
0 4
0 11
0 14
0 32
0 34
0 36
0 41
0 43
0 44
0 45
0 49
0 56
0 62
0 68
0 69
0 70
0 81
0 94
0 98
0 102
0 108
0 112
0 117
0 122
0 125
0 130
0 135
0 139
0 145
0 149
0 150
0 157
0 164
0 172
0 178
0 184
0 194
0 195
1 8
1 12
1 13
1 20
1 25
1 26
1 45
1 52
1 55
1 57
1 61
1 63
1 66
1 73
1 83
1 85
1 87
1 89
1 91
1 94
1 96
1 105
1 109
1 110
1 112
1 114
1 115
1 120
1 128
1 130
1 132
1 136
1 138
1 141
1 142
1 145
1 151
1 156
1 159
1 166
1 167
1 172
1 175
1 188
1 191
1 192
1 193
1 197
2 10
2 18
2 24
2 26
2 28
2 36
2 44
2 48
2 49
2 52
2 56
2 63
2 64
2 75
2 82
2 83
2 88
2 91
2 103
2 104
2 121
2 129
2 139
2 144
2 153
2 154
2 158
2 159
2 160
2 169
2 170
2 177
2 178
2 181
2 189
2 192
2 195
2 196
3 18
3 22
3 28
3 33
3 38
3 42
3 43
3 47
3 50
3 51
3 54
3 75
3 83
3 84
3 93
3 96
3 100
3 105
3 106
3 107
3 124
3 125
3 126
3 140
3 142
3 143
3 145
3 147
3 153
3 154
3 160
3 161
3 163
3 164
3 167
3 177
3 178
3 184
3 190
3 191
3 193
3 195
4 9
4 11
4 12
4 13
4 19
4 20
4 21
4 25
4 27
4 31
4 34
4 38
4 47
4 48
4 53
4 64
4 70
4 74
4 86
4 94
4 100
4 106
4 107
4 109
4 115
4 125
4 130
4 156
4 164
4 167
4 173
4 183
4 185
4 189
5 6
5 10
5 11
5 21
5 24
5 25
5 26
5 35
5 37
5 55
5 60
5 72
5 75
5 83
5 86
5 87
5 91
5 99
5 100
5 102
5 104
5 111
5 115
5 121
5 126
5 129
5 132
5 139
5 143
5 154
5 157
5 164
5 167
5 171
5 176
5 178
5 181
5 189
5 193
5 198
5 199
6 7
6 12
6 22
6 25
6 38
6 47
6 49
6 59
6 60
6 64
6 73
6 78
6 88
6 103
6 111
6 115
6 120
6 124
6 133
6 136
6 146
6 148
6 153
6 157
6 165
6 168
6 172
6 175
6 183
6 186
6 196
6 198
7 18
7 22
7 29
7 36
7 38
7 45
7 47
7 49
7 51
7 59
7 63
7 65
7 87
7 91
7 92
7 93
7 102
7 110
7 112
7 113
7 115
7 120
7 121
7 122
7 129
7 132
7 133
7 134
7 139
7 147
7 149
7 155
7 161
7 167
7 171
7 173
7 175
8 17
8 22
8 23
8 24
8 26
8 29
8 39
8 40
8 43
8 47
8 52
8 54
8 68
8 73
8 80
8 83
8 87
8 91
8 95
8 100
8 107
8 112
8 115
8 116
8 122
8 124
8 125
8 130
8 141
8 142
8 145
8 150
8 163
8 166
8 170
8 174
8 176
8 179
8 184
8 187
8 190
8 191
9 15
9 17
9 18
9 32
9 40
9 49
9 55
9 65
9 72
9 79
9 80
9 81
9 91
9 95
9 96
9 101
9 105
9 106
9 112
9 123
9 128
9 132
9 138
9 146
9 151
9 154
9 155
9 166
9 171
9 174
9 178
9 181
9 191
10 11
10 19
10 21
10 23
10 31
10 33
10 34
10 49
10 52
10 55
10 57
10 58
10 63
10 64
10 67
10 79
10 80
10 83
10 89
10 99
10 117
10 121
10 136
10 137
10 138
10 140
10 146
10 147
10 156
10 157
10 158
10 163
10 172
10 175
10 198
11 16
11 17
11 22
11 25
11 27
11 28
11 34
11 37
11 40
11 52
11 59
11 73
11 80
11 83
11 95
11 98
11 101
11 103
11 104
11 111
11 116
11 117
11 119
11 128
11 129
11 131
11 133
11 139
11 148
11 155
11 158
11 159
11 173
11 176
11 188
11 196
12 24
12 27
12 38
12 40
12 44
12 45
12 48
12 52
12 56
12 60
12 63
12 64
12 76
12 80
12 87
12 88
12 95
12 96
12 106
12 107
12 109
12 126
12 127
12 130
12 134
12 138
12 145
12 149
12 151
12 161
12 173
12 177
12 186
12 187
12 188
12 194
12 195
12 199
13 19
13 21
13 22
13 27
13 31
13 32
13 43
13 59
13 89
13 95
13 101
13 109
13 122
13 124
13 129
13 132
13 144
13 145
13 149
13 151
13 166
13 170
13 176
13 179
13 184
13 185
13 187
13 188
13 199
14 15
14 34
14 37
14 39
14 43
14 45
14 54
14 59
14 62
14 69
14 71
14 74
14 85
14 86
14 93
14 95
14 96
14 99
14 108
14 109
14 115
14 118
14 120
14 124
14 125
14 127
14 134
14 137
14 139
14 141
14 149
14 152
14 156
14 165
14 168
14 177
14 186
14 188
15 19
15 24
15 36
15 42
15 43
15 44
15 46
15 48
15 58
15 59
15 62
15 65
15 70
15 83
15 93
15 97
15 98
15 101
15 106
15 109
15 115
15 116
15 121
15 129
15 133
15 139
15 144
15 154
15 162
15 164
15 170
15 171
15 178
15 188
15 194
15 197
16 23
16 28
16 29
16 30
16 32
16 45
16 46
16 49
16 58
16 60
16 62
16 70
16 72
16 79
16 82
16 89
16 96
16 97
16 98
16 101
16 102
16 106
16 112
16 114
16 120
16 122
16 123
16 131
16 133
16 138
16 144
16 152
16 165
16 167
16 172
16 175
16 179
16 181
16 190
16 191
16 192
16 198
17 18
17 26
17 36
17 47
17 51
17 53
17 57
17 64
17 73
17 80
17 82
17 90
17 91
17 92
17 96
17 109
17 117
17 122
17 126
17 129
17 131
17 139
17 146
17 147
17 148
17 154
17 157
17 159
17 162
17 165
17 170
17 178
17 179
17 181
17 182
17 184
17 191
17 192
17 194
18 29
18 34
18 37
18 44
18 46
18 49
18 59
18 61
18 67
18 72
18 80
18 83
18 85
18 90
18 100
18 113
18 114
18 121
18 127
18 132
18 135
18 136
18 139
18 148
18 152
18 153
18 155
18 164
18 167
18 176
18 186
18 191
18 195
18 196
19 27
19 28
19 37
19 41
19 46
19 53
19 60
19 63
19 66
19 78
19 82
19 85
19 88
19 92
19 96
19 110
19 111
19 112
19 113
19 114
19 125
19 127
19 132
19 134
19 143
19 145
19 146
19 148
19 157
19 166
19 168
19 170
19 177
19 181
19 184
19 185
19 193
19 198
20 41
20 43
20 54
20 60
20 61
20 67
20 85
20 88
20 93
20 97
20 99
20 102
20 109
20 110
20 127
20 131
20 137
20 139
20 140
20 149
20 150
20 154
20 158
20 162
20 167
20 175
20 186
20 188
20 195
21 24
21 25
21 28
21 35
21 39
21 52
21 53
21 55
21 60
21 62
21 72
21 83
21 86
21 93
21 97
21 101
21 107
21 108
21 116
21 129
21 134
21 137
21 142
21 148
21 156
21 163
21 164
21 175
21 176
21 177
22 26
22 27
22 42
22 54
22 55
22 65
22 68
22 71
22 76
22 82
22 84
22 87
22 90
22 93
22 101
22 117
22 123
22 124
22 128
22 132
22 134
22 135
22 140
22 145
22 146
22 148
22 151
22 153
22 167
22 171
22 182
22 183
22 185
22 187
23 27
23 39
23 46
23 48
23 49
23 51
23 56
23 58
23 59
23 70
23 74
23 76
23 85
23 90
23 92
23 94
23 96
23 97
23 103
23 107
23 108
23 118
23 121
23 123
23 125
23 127
23 129
23 140
23 141
23 143
23 153
23 154
23 155
23 164
23 166
23 171
23 173
23 174
23 177
23 179
23 180
23 181
24 26
24 30
24 33
24 34
24 36
24 38
24 39
24 41
24 42
24 44
24 47
24 68
24 75
24 77
24 88
24 91
24 98
24 111
24 115
24 116
24 120
24 122
24 126
24 129
24 130
24 135
24 140
24 142
24 145
24 147
24 150
24 163
24 165
24 167
24 184
24 186
24 189
24 195
24 197
25 27
25 32
25 38
25 50
25 52
25 57
25 60
25 63
25 65
25 67
25 68
25 70
25 73
25 84
25 85
25 87
25 114
25 118
25 126
25 142
25 144
25 147
25 169
25 171
25 173
25 175
25 177
25 179
25 189
26 40
26 51
26 55
26 58
26 59
26 63
26 68
26 75
26 76
26 77
26 84
26 86
26 91
26 97
26 105
26 107
26 109
26 110
26 111
26 115
26 121
26 122
26 135
26 136
26 144
26 146
26 147
26 149
26 156
26 160
26 171
26 172
26 175
26 177
26 179
26 180
26 186
26 190
27 35
27 39
27 41
27 51
27 58
27 60
27 61
27 74
27 84
27 86
27 89
27 90
27 91
27 92
27 94
27 106
27 112
27 115
27 117
27 120
27 122
27 128
27 131
27 132
27 135
27 141
27 146
27 160
27 162
27 163
27 184
27 188
28 33
28 49
28 62
28 64
28 66
28 68
28 74
28 75
28 76
28 78
28 81
28 83
28 88
28 90
28 95
28 96
28 99
28 100
28 109
28 115
28 116
28 137
28 140
28 143
28 151
28 158
28 160
28 162
28 163
28 166
28 170
28 171
28 180
28 185
28 189
28 191
28 193
28 199
29 40
29 41
29 50
29 56
29 62
29 68
29 74
29 81
29 87
29 89
29 96
29 97
29 107
29 117
29 118
29 119
29 134
29 140
29 151
29 154
29 155
29 158
29 159
29 164
29 168
29 174
29 178
29 181
29 185
29 187
29 190
29 194
29 197
30 34
30 39
30 42
30 45
30 48
30 50
30 54
30 58
30 59
30 61
30 67
30 96
30 101
30 112
30 122
30 125
30 128
30 137
30 144
30 152
30 155
30 156
30 157
30 171
30 174
30 180
30 187
30 189
30 197
30 198
31 32
31 33
31 36
31 39
31 40
31 44
31 47
31 62
31 64
31 67
31 69
31 73
31 77
31 79
31 87
31 89
31 95
31 98
31 100
31 101
31 102
31 118
31 119
31 125
31 127
31 131
31 136
31 143
31 144
31 146
31 159
31 163
31 164
31 169
31 170
31 180
31 183
31 185
31 187
31 188
31 189
32 33
32 38
32 41
32 45
32 53
32 69
32 73
32 77
32 89
32 92
32 97
32 98
32 101
32 103
32 106
32 108
32 109
32 116
32 132
32 135
32 138
32 140
32 148
32 155
32 166
32 174
32 177
32 181
32 187
32 189
32 191
32 193
32 194
32 198
33 41
33 43
33 47
33 52
33 63
33 64
33 71
33 73
33 75
33 95
33 115
33 122
33 123
33 130
33 131
33 134
33 140
33 142
33 144
33 145
33 150
33 155
33 156
33 172
33 177
33 179
33 184
33 188
33 190
33 194
33 196
34 37
34 46
34 54
34 55
34 60
34 61
34 69
34 70
34 80
34 88
34 93
34 116
34 117
34 118
34 129
34 138
34 147
34 148
34 158
34 167
34 172
34 176
34 178
34 182
34 194
35 36
35 39
35 53
35 68
35 71
35 78
35 100
35 105
35 108
35 111
35 118
35 120
35 126
35 128
35 130
35 132
35 134
35 139
35 141
35 144
35 145
35 156
35 170
35 187
35 190
35 197
35 198
36 42
36 56
36 59
36 65
36 68
36 92
36 95
36 106
36 112
36 116
36 117
36 118
36 122
36 123
36 134
36 136
36 139
36 140
36 143
36 155
36 157
36 170
36 174
36 176
36 187
36 188
36 191
36 198
37 45
37 51
37 52
37 65
37 66
37 67
37 68
37 69
37 74
37 78
37 81
37 86
37 90
37 92
37 97
37 101
37 106
37 107
37 113
37 116
37 117
37 119
37 123
37 127
37 140
37 147
37 155
37 159
37 161
37 163
37 164
37 171
37 187
38 40
38 43
38 44
38 46
38 57
38 61
38 65
38 66
38 76
38 80
38 90
38 93
38 95
38 99
38 108
38 113
38 115
38 119
38 125
38 133
38 136
38 137
38 139
38 141
38 151
38 160
38 164
38 165
38 167
38 174
38 188
38 192
38 198
39 41
39 44
39 60
39 63
39 66
39 70
39 71
39 73
39 76
39 86
39 100
39 102
39 121
39 136
39 142
39 144
39 147
39 154
39 164
39 168
39 173
39 177
39 182
39 186
40 42
40 45
40 51
40 56
40 58
40 62
40 67
40 81
40 86
40 87
40 90
40 92
40 95
40 97
40 100
40 101
40 102
40 106
40 109
40 113
40 116
40 118
40 121
40 123
40 125
40 128
40 129
40 130
40 131
40 134
40 140
40 143
40 144
40 146
40 155
40 168
40 171
40 172
40 176
40 179
40 182
40 187
40 196
40 199
41 44
41 45
41 54
41 59
41 60
41 63
41 65
41 68
41 75
41 76
41 82
41 94
41 108
41 113
41 122
41 124
41 133
41 134
41 135
41 142
41 148
41 166
41 168
41 170
41 173
41 177
41 181
41 182
41 189
41 196
41 197
41 198
41 199
42 50
42 51
42 52
42 57
42 63
42 68
42 71
42 74
42 77
42 80
42 81
42 93
42 96
42 97
42 100
42 108
42 116
42 122
42 123
42 128
42 137
42 144
42 153
42 159
42 171
42 178
42 179
42 186
42 188
42 190
42 191
42 194
43 51
43 57
43 60
43 62
43 66
43 82
43 84
43 94
43 96
43 98
43 101
43 109
43 110
43 118
43 125
43 128
43 131
43 145
43 146
43 154
43 156
43 157
43 164
43 166
43 167
43 170
43 171
43 173
43 174
43 177
43 192
44 55
44 66
44 69
44 70
44 71
44 72
44 79
44 83
44 87
44 98
44 104
44 121
44 124
44 125
44 126
44 128
44 129
44 130
44 134
44 135
44 140
44 151
44 153
44 154
44 159
44 160
44 167
44 174
44 175
44 181
44 182
44 183
44 188
44 198
45 46
45 74
45 76
45 79
45 87
45 90
45 96
45 99
45 102
45 103
45 107
45 115
45 118
45 122
45 130
45 131
45 133
45 139
45 140
45 141
45 142
45 147
45 149
45 157
45 164
45 168
45 169
45 177
45 187
45 198
46 51
46 53
46 72
46 75
46 78
46 80
46 83
46 84
46 90
46 110
46 112
46 113
46 114
46 118
46 125
46 128
46 129
46 131
46 140
46 147
46 150
46 154
46 157
46 159
46 178
46 180
46 182
46 183
46 185
46 187
46 188
46 190
46 198
47 49
47 53
47 56
47 58
47 63
47 69
47 73
47 77
47 85
47 88
47 106
47 109
47 116
47 128
47 134
47 145
47 146
47 150
47 151
47 156
47 159
47 165
47 181
47 196
47 199
48 52
48 54
48 66
48 71
48 76
48 77
48 78
48 88
48 92
48 94
48 95
48 99
48 104
48 108
48 112
48 116
48 118
48 119
48 128
48 140
48 158
48 170
48 174
48 178
48 183
48 186
48 188
48 189
48 194
48 196
48 197
48 198
49 51
49 56
49 59
49 60
49 62
49 68
49 76
49 89
49 94
49 98
49 99
49 101
49 116
49 122
49 126
49 127
49 131
49 132
49 138
49 143
49 147
49 161
49 175
49 196
50 54
50 63
50 65
50 67
50 69
50 75
50 87
50 101
50 118
50 121
50 124
50 126
50 134
50 138
50 139
50 140
50 145
50 146
50 164
50 166
50 167
50 171
50 172
50 174
50 175
50 187
50 191
50 194
50 195
50 198
51 65
51 67
51 72
51 79
51 80
51 85
51 100
51 101
51 107
51 116
51 139
51 142
51 149
51 155
51 170
51 174
51 187
52 61
52 62
52 65
52 66
52 68
52 70
52 75
52 82
52 84
52 90
52 94
52 98
52 106
52 113
52 122
52 124
52 125
52 127
52 132
52 133
52 151
52 155
52 156
52 160
52 161
52 163
52 165
52 176
52 180
52 183
52 195
53 55
53 62
53 68
53 71
53 77
53 80
53 85
53 86
53 90
53 91
53 93
53 100
53 102
53 111
53 126
53 134
53 148
53 149
53 167
53 176
53 178
53 181
53 185
53 186
53 187
53 190
53 197
54 55
54 57
54 61
54 63
54 66
54 68
54 69
54 78
54 81
54 85
54 86
54 90
54 98
54 101
54 107
54 110
54 119
54 120
54 127
54 134
54 145
54 156
54 159
54 162
54 166
54 167
54 169
54 174
54 177
54 178
54 187
55 65
55 69
55 70
55 73
55 76
55 81
55 82
55 84
55 85
55 91
55 108
55 112
55 116
55 128
55 129
55 138
55 146
55 148
55 152
55 155
55 160
55 173
55 176
55 185
55 186
55 195
55 196
55 197
55 198
56 58
56 69
56 79
56 104
56 105
56 113
56 114
56 133
56 136
56 143
56 163
56 167
56 171
56 177
56 178
56 182
56 193
56 197
57 72
57 74
57 99
57 105
57 114
57 126
57 131
57 144
57 147
57 152
57 166
57 170
57 173
57 174
57 176
57 185
57 194
57 196
57 199
58 60
58 61
58 65
58 70
58 73
58 80
58 84
58 88
58 89
58 92
58 95
58 111
58 113
58 116
58 120
58 136
58 137
58 150
58 159
58 170
58 171
58 175
58 178
58 183
58 189
58 190
59 67
59 73
59 75
59 84
59 86
59 91
59 92
59 93
59 97
59 107
59 112
59 114
59 132
59 135
59 136
59 138
59 141
59 143
59 153
59 157
59 158
59 161
59 172
59 173
59 181
59 189
59 190
59 191
59 196
59 197
60 78
60 94
60 104
60 106
60 108
60 109
60 112
60 121
60 127
60 132
60 137
60 141
60 142
60 148
60 149
60 154
60 156
60 158
60 159
60 160
60 166
60 167
60 170
60 176
60 183
60 184
60 188
60 191
60 192
61 63
61 64
61 66
61 74
61 75
61 82
61 87
61 98
61 100
61 107
61 113
61 118
61 120
61 122
61 138
61 141
61 142
61 146
61 155
61 163
61 164
61 168
61 179
61 186
61 192
62 66
62 79
62 84
62 85
62 96
62 98
62 100
62 105
62 110
62 113
62 125
62 128
62 140
62 145
62 151
62 158
62 170
62 171
62 176
62 197
62 198
63 64
63 67
63 77
63 83
63 85
63 93
63 101
63 102
63 107
63 109
63 111
63 112
63 118
63 122
63 123
63 128
63 130
63 131
63 137
63 139
63 144
63 148
63 150
63 157
63 163
63 168
63 170
63 177
63 178
63 182
63 190
63 194
64 66
64 72
64 73
64 91
64 94
64 99
64 104
64 108
64 111
64 118
64 120
64 136
64 143
64 155
64 158
64 161
64 162
64 163
64 166
64 168
64 170
64 172
64 197
64 199
65 68
65 69
65 72
65 81
65 82
65 88
65 92
65 108
65 110
65 119
65 128
65 130
65 136
65 138
65 142
65 143
65 151
65 158
65 176
65 179
65 186
65 192
65 194
66 79
66 86
66 90
66 95
66 96
66 110
66 128
66 145
66 146
66 147
66 149
66 155
66 157
66 160
66 171
66 174
66 188
66 195
66 198
67 70
67 74
67 79
67 81
67 87
67 88
67 103
67 108
67 109
67 120
67 127
67 136
67 140
67 141
67 142
67 147
67 152
67 154
67 162
67 163
67 183
67 184
67 193
67 195
68 75
68 78
68 85
68 95
68 100
68 103
68 107
68 108
68 113
68 114
68 118
68 132
68 144
68 155
68 156
68 163
68 166
68 167
68 168
68 171
68 172
68 174
68 179
68 187
68 191
68 192
68 193
68 199
69 72
69 80
69 82
69 89
69 96
69 98
69 100
69 110
69 130
69 133
69 139
69 154
69 160
69 174
69 175
69 180
69 181
69 188
69 196
69 197
69 198
69 199
70 88
70 92
70 111
70 117
70 119
70 123
70 125
70 130
70 134
70 136
70 143
70 146
70 156
70 159
70 164
70 169
70 178
70 181
70 186
70 192
70 194
70 196
71 78
71 87
71 88
71 92
71 102
71 105
71 113
71 114
71 118
71 119
71 121
71 124
71 130
71 134
71 138
71 145
71 148
71 149
71 153
71 161
71 164
71 174
71 179
71 181
71 185
71 194
71 197
72 74
72 78
72 79
72 84
72 89
72 103
72 109
72 110
72 111
72 112
72 114
72 124
72 129
72 130
72 134
72 137
72 145
72 147
72 153
72 158
72 160
72 163
72 169
72 170
72 171
72 176
72 177
72 183
72 189
72 191
72 197
73 87
73 88
73 98
73 99
73 106
73 110
73 111
73 123
73 127
73 129
73 136
73 139
73 145
73 146
73 149
73 164
73 165
73 167
73 181
73 186
73 188
73 190
73 193
73 199
74 85
74 89
74 92
74 97
74 102
74 111
74 120
74 133
74 139
74 141
74 146
74 151
74 153
74 156
74 165
74 169
74 170
74 171
74 176
74 181
74 187
74 190
74 195
74 198
75 80
75 89
75 99
75 100
75 101
75 110
75 111
75 112
75 115
75 116
75 118
75 131
75 134
75 143
75 147
75 149
75 154
75 156
75 159
75 168
75 172
75 173
75 178
75 180
75 186
75 187
75 188
75 193
75 196
76 79
76 85
76 86
76 89
76 90
76 98
76 105
76 106
76 108
76 113
76 114
76 115
76 123
76 126
76 137
76 143
76 150
76 155
76 157
76 158
76 161
76 163
76 176
76 178
76 183
76 188
76 189
76 190
77 78
77 82
77 90
77 91
77 92
77 100
77 107
77 110
77 111
77 123
77 125
77 126
77 127
77 128
77 134
77 137
77 139
77 140
77 143
77 151
77 159
77 160
77 164
77 173
77 180
77 183
77 188
77 189
78 85
78 95
78 98
78 106
78 109
78 129
78 137
78 145
78 148
78 153
78 184
78 185
78 192
78 199
79 86
79 89
79 90
79 95
79 102
79 105
79 110
79 111
79 114
79 116
79 122
79 136
79 140
79 157
79 158
79 163
79 168
79 170
79 173
79 182
79 194
80 84
80 85
80 91
80 94
80 95
80 96
80 98
80 100
80 102
80 115
80 132
80 133
80 140
80 141
80 153
80 169
80 170
80 171
80 181
80 190
80 192
80 193
81 96
81 97
81 104
81 105
81 109
81 115
81 118
81 120
81 130
81 131
81 137
81 138
81 141
81 144
81 145
81 148
81 159
81 172
81 177
81 186
81 188
81 191
82 83
82 84
82 91
82 92
82 109
82 110
82 117
82 118
82 120
82 124
82 125
82 131
82 135
82 137
82 139
82 142
82 155
82 159
82 160
82 161
82 163
82 166
82 178
82 183
82 192
82 193
82 195
82 196
82 198
82 199
83 88
83 95
83 97
83 103
83 107
83 111
83 115
83 120
83 121
83 124
83 136
83 140
83 142
83 151
83 152
83 155
83 161
83 167
83 169
83 171
83 179
83 180
83 196
83 197
84 93
84 94
84 95
84 100
84 103
84 104
84 108
84 109
84 123
84 127
84 137
84 141
84 142
84 149
84 151
84 158
84 163
84 167
84 174
84 180
84 181
84 182
84 191
85 86
85 88
85 91
85 92
85 102
85 105
85 108
85 114
85 117
85 123
85 134
85 136
85 139
85 144
85 145
85 149
85 165
85 175
85 179
85 180
85 193
85 194
85 198
86 94
86 96
86 104
86 106
86 112
86 113
86 116
86 117
86 128
86 129
86 133
86 134
86 140
86 141
86 144
86 147
86 156
86 159
86 167
86 168
86 169
86 174
86 177
86 195
86 197
87 90
87 91
87 93
87 101
87 102
87 105
87 113
87 117
87 121
87 124
87 127
87 128
87 130
87 136
87 137
87 138
87 141
87 143
87 152
87 153
87 163
87 176
87 177
87 184
87 193
87 198
88 91
88 94
88 95
88 104
88 110
88 115
88 117
88 120
88 121
88 122
88 123
88 125
88 134
88 138
88 142
88 148
88 155
88 156
88 160
88 161
88 168
88 175
88 181
88 182
88 184
88 186
89 91
89 110
89 113
89 114
89 116
89 117
89 122
89 136
89 145
89 147
89 148
89 155
89 156
89 167
89 169
89 171
89 172
89 179
89 189
89 192
89 195
89 199
90 94
90 96
90 109
90 111
90 115
90 116
90 117
90 122
90 124
90 129
90 131
90 137
90 146
90 148
90 155
90 156
90 158
90 159
90 164
90 165
90 178
90 182
90 183
90 184
90 189
90 190
90 197
90 199
91 92
91 108
91 118
91 132
91 134
91 135
91 137
91 141
91 145
91 152
91 157
91 165
91 171
91 173
91 182
91 185
91 188
91 190
92 96
92 97
92 105
92 121
92 135
92 146
92 149
92 157
92 161
92 162
92 166
92 182
92 184
92 185
92 187
92 194
93 96
93 101
93 106
93 114
93 120
93 134
93 137
93 139
93 150
93 154
93 155
93 160
93 161
93 167
93 175
93 179
93 180
93 184
93 194
93 196
94 100
94 101
94 103
94 118
94 121
94 139
94 147
94 163
94 164
94 168
94 170
94 173
94 176
94 180
94 184
94 187
94 188
94 194
94 196
94 197
95 100
95 102
95 106
95 118
95 122
95 126
95 132
95 136
95 138
95 149
95 152
95 153
95 154
95 156
95 161
95 162
95 164
95 166
95 169
95 171
95 175
95 183
95 189
96 105
96 107
96 110
96 113
96 121
96 128
96 141
96 148
96 154
96 156
96 157
96 158
96 162
96 168
96 178
97 98
97 100
97 101
97 102
97 104
97 108
97 113
97 116
97 126
97 139
97 144
97 146
97 149
97 152
97 160
97 161
97 163
97 170
97 175
97 179
97 186
97 193
98 101
98 106
98 113
98 116
98 119
98 121
98 123
98 138
98 139
98 154
98 155
98 163
98 166
98 169
98 172
98 175
98 178
98 183
98 184
98 192
99 105
99 106
99 108
99 113
99 118
99 119
99 122
99 125
99 126
99 128
99 139
99 142
99 147
99 150
99 154
99 155
99 158
99 164
99 167
99 169
99 177
99 182
99 191
99 192
99 195
100 103
100 112
100 118
100 119
100 120
100 122
100 126
100 132
100 135
100 136
100 146
100 148
100 159
100 162
100 163
100 165
100 167
100 169
100 174
100 177
100 182
100 184
100 186
100 194
101 108
101 115
101 116
101 119
101 123
101 129
101 136
101 137
101 140
101 144
101 146
101 147
101 152
101 155
101 160
101 163
101 167
101 168
101 171
101 174
101 181
101 187
101 193
101 199
102 104
102 110
102 113
102 114
102 122
102 130
102 135
102 138
102 139
102 143
102 145
102 147
102 149
102 153
102 161
102 165
102 167
102 171
102 174
102 175
102 183
102 185
102 188
102 190
103 106
103 110
103 118
103 129
103 132
103 140
103 143
103 145
103 147
103 151
103 152
103 153
103 158
103 159
103 160
103 165
103 174
103 180
103 188
103 194
103 197
104 109
104 113
104 114
104 115
104 117
104 119
104 120
104 121
104 122
104 124
104 125
104 127
104 130
104 139
104 142
104 168
104 174
104 176
104 180
104 189
104 190
105 106
105 117
105 119
105 138
105 143
105 146
105 151
105 158
105 171
105 176
105 185
105 186
105 193
105 194
105 195
106 108
106 122
106 123
106 124
106 142
106 143
106 158
106 162
106 165
106 174
106 175
106 179
106 184
106 187
106 191
106 198
107 109
107 111
107 114
107 121
107 127
107 136
107 154
107 158
107 159
107 160
107 161
107 171
107 173
107 176
107 180
107 181
107 184
107 185
107 187
107 188
107 197
107 199
108 126
108 131
108 137
108 147
108 149
108 150
108 152
108 153
108 158
108 164
108 166
108 169
108 189
108 196
108 198
109 111
109 118
109 120
109 126
109 127
109 128
109 133
109 135
109 149
109 150
109 156
109 158
109 165
109 166
109 167
109 168
110 114
110 117
110 119
110 120
110 124
110 126
110 138
110 140
110 141
110 148
110 149
110 152
110 155
110 166
110 167
110 175
110 178
110 186
110 197
111 112
111 124
111 133
111 139
111 140
111 144
111 146
111 150
111 170
111 171
111 183
111 194
111 197
112 116
112 124
112 139
112 142
112 152
112 173
112 182
112 186
112 195
113 114
113 118
113 119
113 128
113 133
113 136
113 137
113 139
113 145
113 162
113 165
113 166
113 168
113 176
113 188
113 190
113 192
113 196
113 199
114 116
114 119
114 123
114 137
114 149
114 152
114 162
114 166
114 176
114 190
115 116
115 117
115 120
115 126
115 128
115 129
115 136
115 143
115 146
115 147
115 148
115 151
115 157
115 162
115 164
115 169
115 177
115 184
115 187
115 194
115 197
116 121
116 124
116 135
116 136
116 139
116 157
116 158
116 160
116 175
116 180
116 186
116 187
116 188
116 191
117 119
117 124
117 128
117 133
117 141
117 142
117 144
117 146
117 149
117 154
117 157
117 160
117 162
117 169
117 171
117 173
117 174
117 175
117 184
117 189
117 192
117 194
117 197
118 129
118 141
118 142
118 150
118 151
118 162
118 170
118 177
118 178
118 179
118 186
118 194
118 195
119 120
119 121
119 122
119 130
119 132
119 138
119 141
119 143
119 148
119 150
119 156
119 157
119 163
119 168
119 171
119 173
119 175
119 183
119 185
119 188
119 189
119 191
120 121
120 122
120 127
120 134
120 137
120 139
120 142
120 144
120 147
120 149
120 158
120 159
120 160
120 165
120 183
120 187
120 190
120 199
121 129
121 143
121 145
121 149
121 155
121 157
121 158
121 164
121 165
121 166
121 168
121 170
121 174
121 178
121 180
121 181
121 183
121 186
121 189
121 190
121 191
121 196
122 125
122 128
122 133
122 144
122 145
122 147
122 148
122 161
122 164
122 165
122 167
122 171
122 175
122 179
122 181
122 182
122 192
122 198
123 128
123 133
123 134
123 142
123 151
123 155
123 157
123 160
123 161
123 168
123 169
123 170
123 172
123 173
123 198
124 130
124 132
124 135
124 139
124 146
124 148
124 155
124 161
124 162
124 165
124 166
124 179
124 180
124 184
124 187
124 188
124 194
125 153
125 154
125 161
125 163
125 182
125 187
125 190
125 192
125 198
126 129
126 130
126 136
126 145
126 146
126 158
126 162
126 167
126 172
126 176
126 181
126 183
126 185
126 190
126 191
126 192
126 196
127 128
127 129
127 131
127 142
127 145
127 148
127 159
127 176
127 180
127 197
128 132
128 133
128 137
128 141
128 147
128 151
128 152
128 167
128 168
128 171
128 173
128 174
128 182
128 187
128 195
129 131
129 132
129 133
129 143
129 157
129 169
129 176
129 179
129 184
129 187
129 194
129 198
130 134
130 135
130 136
130 138
130 141
130 155
130 161
130 165
130 167
130 171
130 175
130 178
130 179
130 181
130 183
130 184
130 197
131 146
131 161
131 163
131 172
131 176
131 177
131 187
131 190
131 193
131 196
132 134
132 135
132 142
132 150
132 157
132 164
132 166
132 169
132 176
132 181
132 182
132 187
132 192
132 193
132 195
133 136
133 143
133 149
133 154
133 156
133 157
133 161
133 168
133 176
133 179
133 182
133 183
133 187
134 146
134 155
134 158
134 161
134 170
134 172
134 181
134 189
134 190
134 194
135 142
135 144
135 146
135 150
135 158
135 159
135 167
135 169
135 173
135 175
135 182
135 184
135 187
135 196
135 199
136 139
136 146
136 152
136 161
136 162
136 166
136 167
136 171
136 175
136 178
136 182
136 185
136 189
136 193
136 197
137 144
137 146
137 147
137 154
137 156
137 158
137 163
137 164
137 167
137 171
137 189
137 194
138 139
138 140
138 148
138 149
138 164
138 168
138 170
138 179
138 182
138 183
138 188
138 192
139 140
139 155
139 164
139 174
139 182
139 185
139 195
140 141
140 142
140 152
140 157
140 161
140 167
140 170
140 175
140 178
140 188
140 190
140 193
140 195
140 199
141 147
141 152
141 163
141 172
141 180
141 186
141 187
141 196
141 197
142 143
142 152
142 156
142 160
142 163
142 168
142 187
142 188
142 189
142 192
142 198
143 156
143 164
143 172
143 179
143 189
143 192
143 196
143 198
143 199
144 145
144 150
144 151
144 153
144 162
144 172
144 182
144 198
145 147
145 159
145 161
145 175
145 177
145 189
145 190
145 192
145 197
145 198
146 147
146 152
146 156
146 158
146 165
146 174
146 191
147 148
147 149
147 153
147 157
147 163
147 168
147 169
147 174
147 175
147 176
147 177
147 181
147 182
147 188
147 192
147 194
148 153
148 163
148 166
148 173
148 174
148 175
148 177
148 182
148 184
148 185
148 188
148 190
148 191
148 192
149 157
149 163
149 166
149 169
149 170
149 176
149 178
149 180
149 188
149 195
149 196
149 199
150 151
150 157
150 160
150 161
150 163
150 165
150 167
150 174
150 185
150 194
151 159
151 160
151 167
151 169
151 170
151 175
151 178
151 184
151 190
151 193
151 196
151 197
152 155
152 163
152 170
152 173
152 176
152 177
152 181
152 196
152 197
153 156
153 163
153 166
153 171
153 173
153 176
153 178
153 183
153 185
153 187
153 189
153 191
153 193
153 195
154 160
154 164
154 166
154 171
154 183
154 187
154 190
154 192
155 157
155 176
155 182
155 188
155 197
156 157
156 161
156 172
156 173
156 179
156 186
157 159
157 164
157 176
157 181
157 187
157 188
157 190
157 192
157 194
158 170
158 177
158 178
158 179
158 182
158 184
158 197
159 170
159 188
159 192
159 194
160 162
160 165
160 166
160 169
160 173
160 178
160 179
160 181
160 185
160 188
160 195
160 197
161 167
161 169
161 174
161 176
161 178
161 193
161 195
162 163
162 164
162 169
162 178
163 170
163 172
163 175
163 176
163 196
163 198
164 165
164 167
164 171
164 173
164 183
164 184
164 194
164 195
164 197
164 199
165 166
165 169
165 171
165 179
165 196
165 198
165 199
166 171
166 172
166 180
166 182
166 183
166 199
167 172
167 191
167 192
168 169
168 177
168 185
168 187
168 192
168 193
169 172
169 182
169 192
169 194
169 195
170 174
170 175
170 180
170 181
170 182
171 174
171 182
171 189
171 190
171 191
171 194
171 196
171 199
172 178
172 179
172 187
172 194
174 175
174 178
174 179
174 183
174 195
174 198
175 183
175 184
175 187
175 192
175 195
176 177
176 179
176 193
176 197
177 183
177 185
177 186
177 189
177 190
177 197
178 194
178 197
178 198
179 180
179 192
179 199
180 187
180 191
180 198
181 189
181 190
181 194
181 195
182 186
182 187
182 191
183 194
183 196
183 198
184 193
184 196
184 197
185 187
185 196
185 197
185 198
186 191
186 193
186 197
187 188
187 197
188 190
188 191
189 196
189 197
190 191
190 195
191 194
193 194
194 195
194 199
195 197
196 199
197 199
