0 2
0 6
0 8
0 9
0 35
0 36
0 41
0 43
0 47
0 48
0 63
0 74
0 76
0 80
0 90
0 97
0 98
0 105
0 111
0 113
0 114
0 127
0 129
0 131
0 136
0 148
0 153
0 160
0 169
0 173
0 174
0 176
0 187
0 188
0 190
0 192
0 194
0 201
0 206
0 207
0 208
0 209
1 4
1 5
1 8
1 15
1 24
1 26
1 28
1 32
1 34
1 47
1 57
1 68
1 75
1 81
1 84
1 85
1 86
1 90
1 96
1 104
1 108
1 109
1 111
1 123
1 136
1 144
1 145
1 151
1 171
1 176
1 193
1 195
1 196
1 198
1 209
1 210
1 213
1 218
1 219
1 223
1 224
2 6
2 13
2 16
2 21
2 27
2 31
2 32
2 41
2 45
2 54
2 55
2 67
2 80
2 85
2 87
2 89
2 90
2 104
2 109
2 111
2 132
2 133
2 136
2 138
2 140
2 141
2 145
2 146
2 150
2 155
2 170
2 172
2 174
2 176
2 177
2 179
2 188
2 203
2 204
2 209
2 212
2 224
3 16
3 18
3 19
3 33
3 34
3 35
3 61
3 62
3 67
3 78
3 80
3 81
3 83
3 85
3 93
3 109
3 110
3 112
3 115
3 119
3 122
3 124
3 126
3 127
3 128
3 130
3 143
3 145
3 146
3 148
3 151
3 153
3 155
3 166
3 168
3 169
3 176
3 178
3 181
3 184
3 188
3 189
3 193
3 196
3 206
3 210
4 20
4 30
4 39
4 51
4 68
4 69
4 81
4 83
4 103
4 110
4 121
4 122
4 132
4 137
4 156
4 164
4 165
4 168
4 170
4 186
4 187
4 192
4 200
4 201
4 210
4 213
4 215
4 219
4 224
5 6
5 12
5 13
5 17
5 22
5 25
5 27
5 31
5 35
5 41
5 43
5 48
5 55
5 62
5 64
5 66
5 67
5 68
5 73
5 75
5 83
5 85
5 93
5 95
5 96
5 99
5 108
5 111
5 112
5 113
5 121
5 128
5 146
5 148
5 166
5 171
5 180
5 182
5 184
5 187
5 191
5 195
5 198
5 207
5 214
5 221
5 224
6 8
6 10
6 12
6 32
6 34
6 36
6 44
6 45
6 49
6 52
6 53
6 55
6 56
6 59
6 64
6 65
6 70
6 71
6 85
6 94
6 97
6 101
6 103
6 109
6 113
6 120
6 122
6 128
6 130
6 134
6 135
6 140
6 147
6 148
6 149
6 151
6 152
6 168
6 169
6 193
6 195
6 205
6 208
6 217
6 218
6 221
7 11
7 16
7 19
7 20
7 24
7 26
7 27
7 31
7 37
7 38
7 43
7 44
7 48
7 54
7 76
7 79
7 80
7 81
7 95
7 101
7 106
7 119
7 122
7 123
7 129
7 132
7 133
7 135
7 142
7 146
7 150
7 153
7 156
7 158
7 164
7 169
7 172
7 173
7 175
7 183
7 185
7 188
7 189
7 191
7 196
7 197
7 218
8 12
8 13
8 14
8 18
8 26
8 32
8 34
8 47
8 57
8 72
8 77
8 95
8 100
8 110
8 113
8 133
8 135
8 138
8 139
8 141
8 151
8 153
8 159
8 162
8 165
8 172
8 186
8 193
8 198
8 202
8 209
8 213
8 216
8 220
9 10
9 41
9 42
9 45
9 49
9 61
9 64
9 66
9 73
9 76
9 77
9 79
9 81
9 85
9 87
9 98
9 101
9 103
9 107
9 112
9 120
9 133
9 144
9 145
9 149
9 159
9 164
9 168
9 173
9 185
9 187
9 195
9 198
9 199
9 213
9 214
9 215
9 223
10 15
10 21
10 23
10 24
10 34
10 36
10 40
10 41
10 45
10 70
10 84
10 86
10 92
10 99
10 101
10 113
10 118
10 131
10 141
10 160
10 168
10 170
10 172
10 175
10 176
10 188
10 204
10 206
10 208
10 212
10 213
10 216
10 218
10 220
10 224
11 12
11 31
11 36
11 41
11 48
11 50
11 51
11 54
11 71
11 73
11 75
11 76
11 78
11 80
11 82
11 93
11 103
11 110
11 112
11 119
11 125
11 133
11 156
11 158
11 162
11 163
11 175
11 176
11 187
11 188
11 190
11 195
11 201
11 212
11 213
11 214
11 218
11 220
11 223
12 13
12 17
12 22
12 29
12 31
12 32
12 38
12 42
12 44
12 55
12 58
12 59
12 60
12 68
12 70
12 74
12 83
12 86
12 96
12 99
12 106
12 108
12 112
12 117
12 120
12 121
12 123
12 126
12 133
12 141
12 158
12 168
12 174
12 175
12 179
12 180
12 182
12 185
12 189
12 195
12 202
12 203
12 204
12 205
12 206
12 211
12 221
12 224
13 18
13 20
13 28
13 31
13 32
13 34
13 37
13 47
13 54
13 56
13 61
13 62
13 68
13 70
13 72
13 78
13 82
13 83
13 87
13 106
13 112
13 113
13 120
13 121
13 122
13 124
13 129
13 132
13 133
13 135
13 136
13 140
13 147
13 151
13 159
13 160
13 166
13 168
13 175
13 179
13 183
13 188
13 189
13 204
13 208
13 218
13 220
14 15
14 22
14 27
14 29
14 31
14 32
14 35
14 41
14 43
14 52
14 55
14 57
14 60
14 62
14 70
14 74
14 81
14 82
14 83
14 100
14 101
14 107
14 109
14 112
14 127
14 132
14 138
14 140
14 144
14 150
14 151
14 157
14 163
14 166
14 168
14 184
14 190
14 197
14 202
14 204
14 207
14 210
14 211
14 218
14 222
15 26
15 27
15 30
15 31
15 32
15 34
15 35
15 36
15 39
15 40
15 42
15 44
15 49
15 50
15 58
15 62
15 78
15 79
15 80
15 81
15 87
15 90
15 92
15 94
15 96
15 101
15 127
15 130
15 132
15 139
15 147
15 156
15 169
15 176
15 183
15 184
15 196
15 207
15 208
15 212
15 221
15 224
16 28
16 31
16 39
16 40
16 43
16 45
16 48
16 50
16 51
16 55
16 57
16 59
16 60
16 67
16 68
16 71
16 76
16 81
16 90
16 91
16 93
16 95
16 104
16 105
16 108
16 109
16 113
16 116
16 118
16 119
16 121
16 122
16 130
16 136
16 143
16 150
16 151
16 158
16 162
16 163
16 178
16 194
16 203
16 210
16 217
16 220
16 222
17 20
17 23
17 36
17 39
17 40
17 43
17 46
17 57
17 71
17 76
17 85
17 87
17 97
17 102
17 105
17 108
17 109
17 114
17 121
17 127
17 133
17 134
17 144
17 149
17 155
17 161
17 167
17 171
17 176
17 177
17 182
17 188
17 190
17 194
17 195
17 199
17 202
17 204
17 205
17 209
17 210
17 215
17 221
18 19
18 21
18 26
18 29
18 57
18 59
18 61
18 71
18 72
18 84
18 85
18 86
18 88
18 91
18 95
18 101
18 108
18 113
18 114
18 117
18 121
18 125
18 131
18 134
18 137
18 139
18 145
18 148
18 151
18 152
18 159
18 161
18 163
18 165
18 169
18 170
18 171
18 173
18 182
18 196
18 197
18 198
18 201
18 206
18 213
18 216
18 217
18 221
19 20
19 22
19 25
19 31
19 34
19 41
19 42
19 44
19 64
19 67
19 70
19 74
19 81
19 86
19 103
19 108
19 113
19 115
19 120
19 125
19 127
19 135
19 136
19 139
19 145
19 149
19 156
19 157
19 161
19 169
19 175
19 182
19 201
19 209
19 215
20 28
20 29
20 30
20 39
20 41
20 47
20 51
20 52
20 54
20 61
20 62
20 66
20 67
20 76
20 78
20 81
20 83
20 88
20 89
20 90
20 98
20 99
20 102
20 103
20 109
20 112
20 116
20 119
20 120
20 143
20 147
20 149
20 150
20 156
20 158
20 159
20 170
20 175
20 183
20 206
20 218
20 224
21 22
21 23
21 29
21 32
21 39
21 40
21 51
21 65
21 68
21 72
21 81
21 89
21 109
21 120
21 128
21 131
21 138
21 148
21 154
21 158
21 159
21 166
21 177
21 185
21 187
21 190
21 192
21 201
21 202
21 204
21 205
21 211
21 212
21 214
21 216
21 220
22 24
22 30
22 39
22 43
22 45
22 50
22 52
22 55
22 69
22 71
22 74
22 92
22 95
22 97
22 101
22 109
22 112
22 116
22 122
22 141
22 149
22 156
22 157
22 160
22 166
22 168
22 172
22 177
22 179
22 186
22 191
22 201
22 221
22 222
22 224
23 29
23 33
23 34
23 49
23 70
23 76
23 85
23 90
23 98
23 103
23 114
23 121
23 123
23 126
23 128
23 133
23 147
23 148
23 150
23 153
23 158
23 159
23 160
23 164
23 166
23 168
23 176
23 177
23 187
23 189
23 194
23 197
23 200
23 204
23 210
23 214
23 215
23 216
23 224
24 34
24 36
24 43
24 44
24 53
24 64
24 67
24 80
24 85
24 87
24 89
24 91
24 92
24 94
24 98
24 103
24 104
24 110
24 113
24 128
24 129
24 134
24 140
24 142
24 143
24 144
24 146
24 147
24 152
24 155
24 161
24 173
24 179
24 180
24 186
24 207
24 211
24 212
24 217
24 223
25 35
25 43
25 59
25 61
25 64
25 65
25 67
25 68
25 72
25 83
25 87
25 88
25 95
25 98
25 105
25 106
25 108
25 113
25 117
25 121
25 135
25 137
25 140
25 155
25 163
25 164
25 167
25 176
25 181
25 182
25 188
25 189
25 191
25 198
25 216
25 220
26 49
26 56
26 63
26 65
26 67
26 69
26 72
26 77
26 79
26 84
26 91
26 93
26 95
26 106
26 110
26 112
26 113
26 116
26 129
26 133
26 138
26 139
26 147
26 149
26 150
26 155
26 162
26 166
26 172
26 173
26 174
26 177
26 181
26 183
26 185
26 192
26 196
26 197
26 202
26 223
26 224
27 28
27 37
27 39
27 43
27 53
27 70
27 74
27 80
27 84
27 86
27 96
27 97
27 98
27 99
27 101
27 106
27 109
27 116
27 125
27 138
27 139
27 145
27 162
27 164
27 182
27 197
27 216
27 221
27 223
28 34
28 46
28 49
28 55
28 60
28 67
28 75
28 77
28 87
28 88
28 90
28 104
28 109
28 111
28 112
28 115
28 118
28 122
28 125
28 128
28 133
28 135
28 136
28 147
28 149
28 153
28 154
28 155
28 161
28 165
28 178
28 181
28 183
28 185
28 188
28 190
28 192
28 193
28 199
28 205
28 211
28 216
28 221
29 30
29 37
29 39
29 42
29 51
29 54
29 57
29 71
29 74
29 77
29 80
29 88
29 96
29 99
29 107
29 114
29 119
29 125
29 128
29 139
29 144
29 148
29 153
29 160
29 167
29 177
29 181
29 191
29 192
29 196
29 200
29 204
29 206
29 212
29 213
29 214
30 33
30 35
30 41
30 46
30 51
30 55
30 75
30 76
30 82
30 83
30 84
30 89
30 91
30 96
30 102
30 111
30 113
30 117
30 118
30 120
30 122
30 124
30 126
30 130
30 137
30 138
30 152
30 153
30 154
30 155
30 157
30 166
30 172
30 184
30 185
30 188
30 192
30 214
30 220
31 36
31 39
31 41
31 52
31 55
31 59
31 60
31 61
31 63
31 73
31 76
31 77
31 83
31 85
31 86
31 89
31 97
31 98
31 106
31 108
31 113
31 118
31 132
31 135
31 137
31 157
31 158
31 162
31 167
31 168
31 180
31 183
31 184
31 185
31 192
31 193
31 196
31 215
31 217
31 221
31 224
32 36
32 48
32 49
32 50
32 56
32 58
32 61
32 63
32 66
32 67
32 68
32 73
32 82
32 86
32 87
32 95
32 113
32 129
32 135
32 141
32 142
32 145
32 150
32 157
32 160
32 166
32 171
32 174
32 176
32 184
32 187
32 188
32 189
32 193
32 197
32 206
32 215
32 216
32 222
33 35
33 38
33 39
33 46
33 48
33 51
33 54
33 59
33 60
33 65
33 68
33 69
33 71
33 74
33 79
33 85
33 91
33 96
33 127
33 128
33 130
33 131
33 136
33 138
33 140
33 143
33 148
33 150
33 158
33 159
33 160
33 162
33 177
33 179
33 181
33 201
33 204
33 210
33 213
33 220
34 36
34 37
34 39
34 40
34 41
34 42
34 43
34 47
34 49
34 50
34 63
34 64
34 67
34 73
34 82
34 94
34 99
34 103
34 106
34 110
34 111
34 119
34 120
34 132
34 141
34 142
34 146
34 148
34 152
34 154
34 157
34 160
34 169
34 175
34 177
34 178
34 179
34 186
34 187
34 197
34 199
34 208
35 46
35 53
35 61
35 65
35 69
35 74
35 76
35 85
35 92
35 98
35 108
35 115
35 121
35 124
35 126
35 140
35 145
35 146
35 154
35 178
35 188
35 191
35 195
35 197
35 198
35 208
35 210
35 214
35 219
35 222
36 39
36 49
36 59
36 61
36 62
36 67
36 71
36 80
36 84
36 92
36 108
36 113
36 114
36 120
36 125
36 128
36 133
36 136
36 139
36 145
36 153
36 154
36 155
36 157
36 158
36 178
36 182
36 186
36 188
36 192
36 204
36 209
36 213
36 220
36 222
37 38
37 40
37 49
37 52
37 59
37 71
37 72
37 73
37 81
37 93
37 96
37 100
37 105
37 108
37 111
37 114
37 117
37 119
37 124
37 129
37 132
37 134
37 144
37 146
37 155
37 167
37 168
37 173
37 175
37 178
37 182
37 185
37 191
37 199
37 201
37 212
37 214
37 215
37 223
38 49
38 57
38 62
38 63
38 68
38 72
38 78
38 95
38 96
38 101
38 108
38 115
38 128
38 137
38 139
38 141
38 144
38 145
38 146
38 147
38 159
38 168
38 171
38 174
38 177
38 179
38 198
38 200
38 204
38 214
38 224
39 44
39 48
39 49
39 50
39 51
39 54
39 63
39 67
39 71
39 81
39 85
39 87
39 91
39 95
39 99
39 109
39 114
39 123
39 125
39 126
39 127
39 129
39 133
39 135
39 147
39 148
39 153
39 163
39 165
39 166
39 168
39 171
39 176
39 180
39 182
39 190
39 193
39 197
39 199
39 213
39 219
39 220
39 224
40 42
40 45
40 46
40 55
40 56
40 57
40 67
40 71
40 74
40 83
40 89
40 98
40 104
40 110
40 111
40 120
40 127
40 135
40 136
40 149
40 153
40 155
40 162
40 169
40 173
40 177
40 178
40 179
40 187
40 189
40 193
40 199
40 205
40 207
40 208
40 216
40 219
40 222
41 42
41 53
41 59
41 60
41 61
41 65
41 66
41 79
41 80
41 81
41 83
41 87
41 91
41 100
41 106
41 114
41 134
41 140
41 147
41 152
41 155
41 170
41 174
41 175
41 184
41 185
41 186
41 192
41 202
41 205
41 208
41 211
41 218
42 46
42 50
42 54
42 56
42 61
42 63
42 66
42 70
42 77
42 90
42 91
42 92
42 93
42 107
42 116
42 120
42 122
42 123
42 124
42 130
42 134
42 136
42 142
42 154
42 157
42 164
42 167
42 168
42 174
42 200
42 202
42 205
42 216
42 217
42 219
43 47
43 51
43 53
43 55
43 59
43 61
43 66
43 67
43 74
43 79
43 81
43 86
43 91
43 94
43 96
43 97
43 100
43 103
43 108
43 109
43 120
43 122
43 126
43 147
43 152
43 159
43 166
43 167
43 168
43 175
43 177
43 178
43 190
43 196
43 198
43 206
43 220
43 223
44 48
44 52
44 53
44 55
44 56
44 64
44 69
44 72
44 76
44 84
44 85
44 104
44 106
44 110
44 140
44 144
44 148
44 151
44 153
44 158
44 163
44 166
44 170
44 175
44 181
44 187
44 188
44 194
44 199
44 217
44 220
45 48
45 49
45 53
45 55
45 59
45 60
45 65
45 82
45 85
45 96
45 104
45 108
45 113
45 115
45 120
45 121
45 129
45 132
45 134
45 161
45 174
45 177
45 178
45 179
45 183
45 187
45 189
45 194
45 202
45 203
45 206
45 215
45 217
46 53
46 62
46 63
46 64
46 66
46 73
46 79
46 88
46 99
46 103
46 104
46 110
46 118
46 129
46 133
46 140
46 147
46 155
46 164
46 170
46 172
46 177
46 178
46 182
46 193
46 199
46 203
46 205
46 208
46 212
46 214
46 219
46 221
46 222
46 224
47 50
47 52
47 58
47 64
47 70
47 82
47 87
47 93
47 96
47 104
47 117
47 123
47 124
47 137
47 138
47 139
47 148
47 150
47 151
47 152
47 153
47 155
47 157
47 161
47 164
47 170
47 175
47 177
47 182
47 184
47 196
47 198
47 203
47 207
47 218
47 222
48 51
48 55
48 57
48 60
48 66
48 81
48 83
48 95
48 108
48 110
48 111
48 112
48 119
48 122
48 126
48 135
48 138
48 142
48 143
48 145
48 147
48 148
48 151
48 154
48 156
48 160
48 162
48 168
48 176
48 186
48 190
48 194
48 200
48 202
48 204
48 206
48 219
48 220
49 54
49 56
49 57
49 63
49 70
49 78
49 79
49 94
49 97
49 132
49 135
49 143
49 160
49 164
49 169
49 179
49 180
49 184
49 185
49 190
49 199
49 216
49 217
49 218
50 52
50 55
50 59
50 62
50 63
50 72
50 79
50 83
50 84
50 89
50 92
50 93
50 94
50 101
50 106
50 114
50 115
50 116
50 123
50 131
50 136
50 139
50 140
50 144
50 146
50 148
50 152
50 163
50 164
50 167
50 172
50 177
50 180
50 182
50 184
50 192
50 197
50 200
50 207
50 210
50 211
50 223
51 61
51 65
51 68
51 77
51 79
51 88
51 95
51 111
51 122
51 124
51 125
51 126
51 129
51 132
51 134
51 144
51 158
51 159
51 163
51 168
51 173
51 174
51 178
51 180
51 187
51 188
51 189
51 194
51 217
51 220
52 57
52 58
52 61
52 67
52 68
52 73
52 75
52 78
52 80
52 84
52 87
52 88
52 98
52 105
52 108
52 110
52 111
52 116
52 117
52 123
52 129
52 133
52 134
52 146
52 154
52 156
52 157
52 162
52 167
52 172
52 174
52 185
52 210
52 212
52 221
53 54
53 61
53 64
53 68
53 77
53 80
53 82
53 88
53 92
53 96
53 108
53 111
53 112
53 114
53 116
53 124
53 128
53 130
53 141
53 142
53 148
53 149
53 152
53 158
53 161
53 169
53 171
53 174
53 179
53 190
53 194
53 197
53 198
53 201
53 203
53 218
54 55
54 56
54 68
54 70
54 75
54 76
54 78
54 80
54 83
54 99
54 102
54 105
54 115
54 120
54 125
54 133
54 136
54 138
54 139
54 146
54 152
54 161
54 164
54 171
54 177
54 183
54 184
54 187
54 188
54 200
54 201
54 220
54 222
54 223
55 62
55 64
55 68
55 70
55 94
55 104
55 105
55 111
55 117
55 122
55 126
55 129
55 130
55 131
55 133
55 134
55 136
55 141
55 148
55 159
55 163
55 164
55 165
55 183
55 190
55 200
55 201
55 206
55 212
55 216
55 223
55 224
56 59
56 62
56 63
56 78
56 81
56 82
56 85
56 93
56 96
56 100
56 106
56 110
56 111
56 116
56 117
56 124
56 125
56 133
56 148
56 152
56 162
56 164
56 170
56 175
56 177
56 179
56 182
56 186
56 188
56 212
56 220
57 58
57 59
57 64
57 67
57 70
57 75
57 77
57 96
57 99
57 100
57 108
57 109
57 110
57 125
57 128
57 129
57 131
57 134
57 143
57 144
57 146
57 150
57 151
57 154
57 156
57 167
57 168
57 172
57 177
57 179
57 182
57 183
57 186
57 193
57 197
57 206
57 207
57 209
57 219
57 220
57 221
58 60
58 62
58 74
58 75
58 76
58 78
58 79
58 90
58 91
58 94
58 95
58 97
58 98
58 101
58 102
58 104
58 105
58 114
58 116
58 118
58 123
58 127
58 131
58 135
58 138
58 141
58 144
58 146
58 148
58 154
58 164
58 169
58 179
58 184
58 186
58 190
58 191
58 194
58 205
58 206
58 212
58 218
58 224
59 60
59 62
59 65
59 66
59 68
59 78
59 80
59 81
59 83
59 89
59 92
59 93
59 103
59 111
59 120
59 121
59 123
59 127
59 131
59 135
59 141
59 144
59 146
59 150
59 151
59 166
59 168
59 169
59 177
59 183
59 192
59 195
59 197
59 204
59 207
59 211
59 219
59 223
60 71
60 72
60 74
60 76
60 77
60 78
60 80
60 82
60 85
60 86
60 90
60 96
60 102
60 107
60 108
60 109
60 111
60 132
60 135
60 140
60 141
60 144
60 149
60 155
60 163
60 164
60 165
60 169
60 177
60 187
60 189
60 192
60 198
60 200
60 201
60 204
60 207
60 210
60 213
61 63
61 66
61 70
61 72
61 73
61 75
61 78
61 84
61 85
61 86
61 88
61 93
61 100
61 108
61 109
61 112
61 119
61 123
61 124
61 135
61 136
61 141
61 145
61 149
61 165
61 166
61 169
61 177
61 178
61 181
61 183
61 188
61 190
61 194
61 195
61 197
61 207
61 208
61 209
61 213
61 217
61 219
61 224
62 66
62 76
62 81
62 83
62 89
62 96
62 100
62 102
62 120
62 124
62 134
62 141
62 144
62 147
62 160
62 161
62 168
62 173
62 174
62 175
62 176
62 178
62 179
62 184
62 191
62 197
62 203
62 210
62 213
62 215
63 65
63 75
63 76
63 77
63 82
63 89
63 99
63 103
63 114
63 135
63 140
63 144
63 154
63 166
63 168
63 172
63 173
63 180
63 183
63 184
63 187
63 199
63 203
63 207
63 218
63 219
64 69
64 72
64 73
64 74
64 77
64 79
64 87
64 91
64 94
64 97
64 103
64 111
64 121
64 126
64 130
64 136
64 139
64 142
64 159
64 165
64 179
64 185
64 194
64 198
64 203
64 217
65 67
65 74
65 78
65 80
65 82
65 85
65 88
65 99
65 100
65 103
65 112
65 116
65 118
65 120
65 125
65 128
65 129
65 133
65 139
65 140
65 144
65 150
65 151
65 163
65 168
65 171
65 176
65 188
65 195
65 196
65 199
65 205
65 219
66 71
66 78
66 88
66 94
66 100
66 119
66 123
66 127
66 128
66 129
66 136
66 139
66 144
66 150
66 155
66 161
66 163
66 168
66 169
66 173
66 181
66 188
66 194
66 204
66 206
66 211
66 212
66 214
66 215
66 220
67 72
67 77
67 83
67 89
67 93
67 98
67 105
67 109
67 110
67 112
67 113
67 119
67 121
67 126
67 129
67 130
67 134
67 137
67 141
67 143
67 145
67 154
67 174
67 194
67 198
67 201
67 207
67 211
67 213
67 214
67 217
68 72
68 73
68 80
68 105
68 107
68 109
68 111
68 115
68 128
68 132
68 142
68 150
68 156
68 159
68 160
68 164
68 166
68 169
68 170
68 171
68 178
68 179
68 186
68 191
68 200
68 206
68 210
68 221
69 72
69 76
69 90
69 100
69 106
69 110
69 114
69 117
69 120
69 130
69 134
69 135
69 142
69 143
69 144
69 148
69 159
69 171
69 172
69 189
69 201
69 206
69 213
69 217
69 218
69 223
70 75
70 80
70 83
70 97
70 106
70 110
70 115
70 118
70 122
70 128
70 139
70 142
70 160
70 167
70 170
70 175
70 187
70 188
70 196
70 198
70 201
70 204
70 206
70 207
70 211
70 221
71 75
71 79
71 81
71 85
71 90
71 100
71 107
71 114
71 116
71 126
71 128
71 132
71 133
71 136
71 141
71 145
71 148
71 153
71 157
71 163
71 166
71 170
71 173
71 179
71 182
71 186
71 192
71 194
71 212
71 217
71 220
71 223
71 224
72 80
72 82
72 83
72 85
72 86
72 89
72 92
72 96
72 100
72 102
72 113
72 125
72 126
72 139
72 147
72 158
72 163
72 165
72 169
72 173
72 176
72 179
72 181
72 184
72 185
72 187
72 188
72 191
72 195
72 196
72 207
72 209
73 74
73 76
73 79
73 88
73 89
73 93
73 113
73 123
73 129
73 130
73 139
73 147
73 152
73 158
73 163
73 166
73 181
73 189
73 194
73 196
73 210
73 220
73 223
74 81
74 82
74 83
74 87
74 90
74 92
74 93
74 100
74 101
74 107
74 114
74 117
74 118
74 125
74 130
74 133
74 137
74 138
74 140
74 141
74 146
74 154
74 156
74 168
74 172
74 190
74 199
74 207
74 219
74 223
74 224
75 76
75 77
75 81
75 82
75 83
75 84
75 85
75 86
75 90
75 97
75 99
75 101
75 109
75 118
75 125
75 150
75 151
75 155
75 159
75 160
75 166
75 172
75 173
75 175
75 178
75 182
75 184
75 185
75 186
75 190
75 195
75 197
75 198
75 203
75 205
75 208
76 86
76 88
76 89
76 96
76 97
76 100
76 105
76 110
76 113
76 117
76 126
76 128
76 130
76 135
76 147
76 152
76 156
76 162
76 163
76 166
76 176
76 182
76 184
76 185
76 190
76 191
76 192
76 205
76 207
76 211
76 213
76 222
77 78
77 80
77 81
77 83
77 94
77 106
77 122
77 126
77 131
77 133
77 138
77 140
77 142
77 145
77 147
77 150
77 154
77 160
77 164
77 173
77 174
77 189
77 194
77 198
77 200
77 209
77 210
77 212
77 214
78 94
78 96
78 105
78 109
78 114
78 120
78 125
78 126
78 128
78 129
78 131
78 134
78 135
78 145
78 146
78 149
78 150
78 151
78 161
78 165
78 166
78 168
78 169
78 173
78 174
78 177
78 183
78 185
78 190
78 191
78 194
78 198
78 201
78 202
78 209
78 213
78 215
78 217
78 222
79 80
79 84
79 87
79 88
79 94
79 95
79 97
79 101
79 105
79 113
79 114
79 116
79 118
79 128
79 129
79 131
79 135
79 139
79 146
79 152
79 159
79 162
79 176
79 188
79 190
79 192
79 193
79 202
79 205
79 206
79 209
79 213
79 216
79 221
80 82
80 87
80 93
80 98
80 102
80 109
80 114
80 116
80 133
80 135
80 138
80 143
80 146
80 152
80 163
80 165
80 166
80 168
80 174
80 181
80 183
80 190
80 196
80 203
80 207
80 213
80 219
81 93
81 96
81 102
81 104
81 119
81 122
81 126
81 132
81 139
81 140
81 143
81 145
81 157
81 161
81 169
81 174
81 176
81 177
81 178
81 180
81 182
81 183
81 185
81 186
81 192
81 195
81 196
81 198
81 199
81 200
81 202
81 211
81 216
81 217
81 218
82 83
82 87
82 90
82 91
82 94
82 102
82 112
82 113
82 114
82 124
82 127
82 135
82 149
82 150
82 151
82 153
82 156
82 160
82 162
82 164
82 171
82 180
82 188
82 203
82 206
82 208
82 209
82 214
82 217
82 218
82 219
83 90
83 91
83 129
83 135
83 136
83 138
83 145
83 146
83 150
83 156
83 157
83 168
83 169
83 182
83 190
83 197
83 206
83 207
83 217
83 224
84 88
84 90
84 99
84 104
84 110
84 119
84 125
84 126
84 130
84 132
84 144
84 146
84 155
84 156
84 158
84 177
84 189
84 194
84 200
84 211
84 217
85 89
85 100
85 101
85 106
85 108
85 111
85 113
85 136
85 146
85 148
85 149
85 155
85 159
85 169
85 173
85 174
85 175
85 176
85 191
85 201
85 202
85 204
85 219
86 87
86 89
86 93
86 95
86 107
86 108
86 112
86 123
86 132
86 133
86 136
86 145
86 157
86 160
86 161
86 165
86 166
86 170
86 177
86 178
86 181
86 182
86 193
86 208
86 211
86 218
86 222
87 94
87 97
87 98
87 102
87 107
87 110
87 120
87 127
87 135
87 136
87 138
87 149
87 160
87 173
87 178
87 179
87 184
87 206
87 207
87 208
87 214
87 217
87 219
87 223
88 93
88 100
88 104
88 105
88 112
88 113
88 116
88 120
88 122
88 130
88 132
88 142
88 145
88 146
88 148
88 157
88 158
88 165
88 172
88 180
88 189
88 197
88 200
88 201
88 203
88 211
89 91
89 95
89 107
89 111
89 113
89 117
89 124
89 127
89 131
89 132
89 136
89 156
89 160
89 167
89 178
89 181
89 184
89 187
89 190
89 193
89 197
89 200
89 203
89 207
89 209
89 221
89 222
90 92
90 93
90 94
90 104
90 109
90 112
90 116
90 123
90 131
90 132
90 135
90 145
90 146
90 161
90 164
90 165
90 169
90 175
90 179
90 183
90 188
90 191
90 202
90 203
90 206
90 207
90 208
91 92
91 96
91 98
91 109
91 116
91 121
91 130
91 134
91 136
91 140
91 141
91 148
91 152
91 166
91 177
91 183
91 191
91 202
91 210
91 217
91 221
91 223
92 95
92 103
92 104
92 112
92 122
92 123
92 125
92 126
92 129
92 143
92 145
92 146
92 152
92 158
92 161
92 167
92 170
92 175
92 177
92 178
92 188
92 194
92 196
92 202
92 219
92 220
92 224
93 98
93 104
93 105
93 110
93 111
93 115
93 121
93 129
93 136
93 140
93 143
93 151
93 167
93 169
93 171
93 176
93 179
93 180
93 182
93 183
93 189
93 192
93 198
93 200
93 203
93 204
93 207
93 208
93 213
93 215
93 218
93 219
93 220
94 110
94 115
94 116
94 125
94 134
94 136
94 144
94 150
94 162
94 163
94 167
94 172
94 182
94 193
94 199
94 207
94 208
94 212
95 104
95 116
95 117
95 124
95 131
95 134
95 139
95 142
95 145
95 147
95 149
95 150
95 156
95 167
95 168
95 176
95 178
95 183
95 189
95 194
95 196
95 197
95 198
95 202
95 205
96 97
96 102
96 105
96 135
96 137
96 149
96 155
96 160
96 166
96 169
96 170
96 171
96 172
96 173
96 185
96 195
96 201
96 206
96 209
96 211
96 213
96 214
96 217
96 221
96 223
97 98
97 99
97 100
97 105
97 108
97 110
97 111
97 130
97 131
97 148
97 150
97 159
97 171
97 183
97 195
97 203
97 222
98 99
98 103
98 105
98 113
98 118
98 119
98 124
98 134
98 138
98 139
98 143
98 165
98 168
98 174
98 176
98 181
98 183
98 187
98 193
98 200
98 203
98 209
98 217
98 218
98 219
98 220
98 221
98 223
99 101
99 106
99 107
99 108
99 109
99 116
99 120
99 127
99 131
99 137
99 141
99 143
99 147
99 150
99 153
99 158
99 168
99 169
99 182
99 197
99 200
99 219
100 102
100 107
100 115
100 127
100 156
100 158
100 166
100 169
100 173
100 174
100 180
100 184
100 185
100 192
100 198
100 207
100 212
100 214
100 220
101 113
101 120
101 124
101 127
101 133
101 135
101 138
101 150
101 151
101 153
101 155
101 156
101 157
101 162
101 163
101 165
101 167
101 182
101 184
101 186
101 191
101 206
101 212
101 215
101 216
101 218
102 104
102 108
102 123
102 138
102 142
102 161
102 164
102 169
102 177
102 178
102 186
102 198
102 205
102 206
102 209
102 210
102 216
102 217
102 224
103 107
103 111
103 117
103 122
103 124
103 127
103 130
103 132
103 137
103 140
103 142
103 152
103 154
103 161
103 162
103 170
103 174
103 178
103 187
103 190
103 192
103 194
103 197
103 199
103 202
103 215
103 224
104 106
104 107
104 109
104 111
104 118
104 119
104 123
104 126
104 127
104 130
104 136
104 141
104 149
104 151
104 164
104 166
104 173
104 174
104 178
104 195
104 197
104 200
104 206
104 211
104 212
104 217
104 218
104 220
105 108
105 113
105 124
105 128
105 134
105 138
105 140
105 143
105 152
105 153
105 161
105 163
105 165
105 167
105 168
105 171
105 172
105 174
105 177
105 193
105 194
105 196
105 209
105 214
105 215
106 112
106 114
106 118
106 119
106 120
106 126
106 129
106 130
106 132
106 133
106 137
106 144
106 146
106 147
106 149
106 151
106 155
106 168
106 176
106 177
106 178
106 179
106 186
106 193
106 198
106 200
106 202
106 203
106 209
106 210
106 214
106 222
107 110
107 117
107 118
107 132
107 133
107 135
107 138
107 145
107 150
107 153
107 165
107 167
107 171
107 175
107 193
107 199
107 215
107 220
107 221
108 114
108 138
108 141
108 152
108 156
108 157
108 167
108 170
108 171
108 181
108 186
108 189
108 198
108 201
108 213
108 215
108 217
108 219
109 110
109 115
109 116
109 117
109 119
109 120
109 126
109 132
109 135
109 149
109 155
109 157
109 168
109 169
109 171
109 190
109 194
109 198
109 200
109 203
109 207
109 208
109 213
109 219
109 220
109 223
110 115
110 119
110 120
110 123
110 124
110 129
110 135
110 139
110 143
110 152
110 153
110 155
110 157
110 161
110 163
110 166
110 169
110 173
110 176
110 178
110 179
110 182
110 185
110 190
110 194
110 203
110 211
110 213
110 217
110 219
110 222
111 114
111 120
111 121
111 128
111 131
111 143
111 152
111 158
111 159
111 161
111 180
111 184
111 185
111 186
111 188
111 198
111 199
111 205
111 209
111 220
112 118
112 119
112 135
112 137
112 140
112 152
112 157
112 166
112 171
112 172
112 176
112 177
112 181
112 183
112 188
112 189
112 194
112 199
112 202
112 206
112 211
112 214
112 215
112 221
113 121
113 124
113 130
113 139
113 145
113 147
113 149
113 154
113 158
113 164
113 167
113 168
113 176
113 177
113 181
113 184
113 191
113 193
113 205
113 214
113 216
113 220
114 117
114 120
114 134
114 137
114 141
114 147
114 160
114 173
114 177
114 179
114 183
114 192
114 193
114 194
114 197
114 202
114 208
114 213
114 222
115 116
115 117
115 120
115 123
115 131
115 132
115 134
115 138
115 154
115 155
115 157
115 173
115 182
115 190
115 193
115 194
115 202
115 203
115 204
115 205
115 206
115 210
115 215
115 219
116 119
116 128
116 130
116 145
116 151
116 155
116 161
116 164
116 168
116 172
116 173
116 176
116 182
116 185
116 206
116 211
116 216
117 119
117 126
117 132
117 133
117 134
117 136
117 139
117 145
117 148
117 150
117 161
117 169
117 172
117 181
117 188
117 195
117 197
117 201
117 206
117 208
117 212
117 214
117 224
118 120
118 124
118 127
118 133
118 142
118 145
118 146
118 147
118 159
118 163
118 165
118 172
118 173
118 175
118 177
118 186
118 192
118 201
118 203
118 209
118 210
118 220
118 221
119 123
119 127
119 129
119 130
119 133
119 135
119 138
119 140
119 153
119 162
119 171
119 173
119 179
119 182
119 186
119 189
119 191
119 197
119 200
119 201
119 204
119 218
119 221
120 130
120 136
120 139
120 140
120 155
120 162
120 169
120 170
120 171
120 173
120 186
120 187
120 191
120 195
120 198
120 203
120 208
120 209
120 220
120 222
120 223
121 126
121 134
121 135
121 137
121 144
121 145
121 147
121 149
121 153
121 157
121 159
121 165
121 171
121 172
121 181
121 189
121 190
121 195
121 205
121 206
121 207
121 208
121 209
121 219
122 123
122 134
122 135
122 136
122 137
122 151
122 156
122 157
122 159
122 160
122 162
122 168
122 175
122 181
122 188
122 193
122 194
122 196
122 197
122 224
123 128
123 135
123 140
123 150
123 155
123 166
123 168
123 169
123 175
123 176
123 179
123 185
123 188
123 189
123 198
123 209
123 217
123 224
124 131
124 133
124 135
124 142
124 144
124 146
124 166
124 201
124 203
124 207
124 208
124 212
124 222
124 223
124 224
125 128
125 132
125 133
125 134
125 135
125 137
125 140
125 143
125 146
125 147
125 154
125 162
125 163
125 168
125 169
125 181
125 184
125 186
125 189
125 190
125 197
125 198
125 201
125 206
125 221
126 127
126 129
126 131
126 133
126 134
126 136
126 144
126 145
126 149
126 161
126 165
126 187
126 195
126 196
126 197
126 199
126 203
126 214
126 216
126 218
126 220
127 138
127 139
127 142
127 144
127 145
127 148
127 149
127 151
127 155
127 160
127 168
127 176
127 178
127 194
127 195
127 196
127 209
127 210
127 223
128 139
128 140
128 142
128 144
128 147
128 153
128 165
128 177
128 182
128 193
128 198
128 202
128 206
128 211
128 212
129 139
129 142
129 144
129 152
129 154
129 155
129 163
129 165
129 176
129 180
129 185
129 199
129 207
129 218
130 132
130 140
130 143
130 146
130 158
130 164
130 165
130 166
130 170
130 180
130 183
130 184
130 188
130 193
130 200
130 201
130 209
130 210
130 220
131 135
131 142
131 148
131 155
131 158
131 159
131 167
131 169
131 174
131 179
131 180
131 183
131 190
131 192
131 195
131 196
131 197
131 200
131 202
131 203
131 209
131 212
131 213
131 215
131 219
131 222
132 137
132 141
132 157
132 164
132 173
132 177
132 180
132 187
132 192
132 193
132 195
132 198
132 199
132 204
132 207
132 214
132 219
132 221
133 139
133 148
133 149
133 156
133 160
133 163
133 169
133 172
133 187
133 197
133 203
133 205
133 209
133 213
133 216
133 217
133 218
133 222
133 223
134 135
134 141
134 143
134 144
134 145
134 153
134 154
134 160
134 162
134 164
134 165
134 167
134 179
134 182
134 184
134 188
134 192
134 197
134 199
134 201
134 203
134 205
134 207
134 210
135 150
135 154
135 171
135 175
135 179
135 180
135 182
135 189
135 195
135 200
135 201
135 202
135 203
135 208
135 209
135 211
135 212
135 215
136 137
136 150
136 153
136 154
136 159
136 160
136 161
136 164
136 167
136 174
136 181
136 188
136 190
136 191
136 197
136 200
136 211
136 216
136 218
136 221
137 147
137 148
137 152
137 162
137 163
137 164
137 165
137 166
137 168
137 170
137 171
137 173
137 175
137 191
137 204
137 205
137 222
137 224
138 140
138 145
138 146
138 149
138 151
138 156
138 158
138 167
138 177
138 180
138 198
138 210
138 215
138 220
138 221
138 224
139 140
139 142
139 143
139 148
139 149
139 151
139 157
139 160
139 163
139 165
139 166
139 167
139 168
139 178
139 179
139 184
139 192
139 193
139 197
139 205
139 209
139 211
139 215
139 221
139 222
140 141
140 145
140 160
140 165
140 171
140 182
140 192
140 193
140 204
140 210
140 211
140 212
140 213
140 216
140 224
141 142
141 145
141 146
141 149
141 151
141 158
141 172
141 173
141 178
141 184
141 188
141 191
141 200
141 209
141 211
141 217
141 224
142 149
142 151
142 154
142 163
142 167
142 175
142 179
142 180
142 184
142 185
142 189
142 193
142 210
142 215
142 216
142 217
142 224
143 149
143 150
143 151
143 156
143 159
143 161
143 167
143 175
143 190
143 199
143 207
143 210
143 214
143 220
144 145
144 146
144 150
144 156
144 161
144 165
144 166
144 171
144 173
144 189
144 190
144 197
144 200
144 207
144 208
144 220
145 146
145 151
145 162
145 171
145 172
145 173
145 174
145 177
145 180
145 181
145 182
145 185
145 189
145 190
145 191
145 202
145 204
145 207
145 214
145 217
146 156
146 162
146 163
146 174
146 177
146 192
146 193
146 197
146 199
146 201
146 202
146 203
147 157
147 159
147 162
147 171
147 172
147 173
147 176
147 181
147 194
147 195
147 199
147 204
147 208
147 210
147 211
147 213
147 221
147 224
148 149
148 155
148 159
148 166
148 167
148 178
148 182
148 186
148 195
148 197
148 200
148 201
148 202
148 203
148 205
148 208
148 214
148 218
148 220
148 223
149 151
149 153
149 155
149 158
149 171
149 177
149 178
149 193
149 195
149 197
149 201
149 202
149 209
150 152
150 155
150 157
150 167
150 169
150 177
150 179
150 181
150 182
150 186
150 187
150 188
150 191
150 193
150 194
150 195
150 205
150 212
150 217
151 152
151 154
151 157
151 160
151 161
151 171
151 176
151 178
151 183
151 189
151 193
151 199
151 200
151 201
151 203
151 205
151 212
151 215
151 224
152 177
152 178
152 194
152 197
152 198
152 200
152 211
152 215
152 220
153 155
153 157
153 161
153 166
153 180
153 190
153 193
153 198
153 207
153 208
153 211
153 213
153 214
153 217
153 218
153 220
154 169
154 171
154 177
154 190
154 193
154 194
154 195
154 208
154 214
154 216
154 217
154 218
154 219
155 157
155 160
155 162
155 164
155 166
155 167
155 173
155 175
155 176
155 179
155 182
155 188
155 197
155 203
155 204
155 217
155 224
156 168
156 173
156 177
156 178
156 184
156 203
156 211
156 215
156 216
156 218
156 220
157 164
157 165
157 173
157 175
157 182
157 189
157 193
157 199
157 202
157 203
157 204
157 205
157 206
157 207
157 208
157 213
157 220
157 224
158 159
158 160
158 174
158 178
158 188
158 192
158 194
158 197
158 200
158 209
158 213
158 219
158 222
158 223
159 161
159 175
159 176
159 178
159 198
159 201
159 202
159 210
159 213
159 217
159 219
159 223
159 224
160 162
160 163
160 164
160 166
160 169
160 173
160 179
160 180
160 182
160 185
160 194
160 196
160 198
160 215
160 220
160 224
161 163
161 164
161 171
161 178
161 185
161 186
161 188
161 189
161 193
161 204
161 208
161 224
162 167
162 168
162 174
162 183
162 186
162 187
162 192
162 196
162 199
162 204
162 206
162 209
162 214
162 220
163 164
163 170
163 171
163 176
163 182
163 221
164 165
164 169
164 172
164 176
164 186
164 188
164 189
164 190
164 196
164 197
164 206
164 210
164 211
164 215
164 216
165 170
165 171
165 173
165 175
165 188
165 191
165 198
165 211
165 213
165 217
166 177
166 186
166 189
166 194
166 195
166 196
166 198
166 209
166 220
167 168
167 169
167 177
167 186
167 191
167 196
167 197
167 198
167 199
167 204
167 205
167 209
167 211
168 174
168 175
168 176
168 182
168 183
168 188
168 206
168 207
168 217
168 221
168 223
168 224
169 175
169 177
169 182
169 183
169 185
169 190
169 197
169 204
169 210
169 217
169 223
170 174
170 179
170 185
170 205
170 211
170 223
171 173
171 194
171 198
171 200
171 207
171 210
171 214
171 220
172 177
172 178
172 181
172 200
172 209
172 217
172 218
172 221
172 222
172 223
173 178
173 181
173 182
173 187
173 204
173 207
173 213
173 214
173 215
173 221
174 188
174 189
174 197
174 203
174 207
174 208
174 211
174 213
174 221
175 176
175 184
175 189
175 198
175 211
175 212
175 217
175 219
175 220
175 222
176 186
176 187
176 203
176 205
176 209
176 219
176 220
177 178
177 184
177 186
177 193
177 198
177 201
177 221
177 222
178 180
178 188
178 194
178 199
178 200
178 208
178 211
178 213
178 214
179 181
179 183
179 191
179 196
179 199
179 203
179 204
179 212
179 220
179 221
180 181
180 182
180 185
180 188
180 189
180 190
180 193
180 195
180 201
180 206
180 207
180 212
180 222
181 191
181 194
181 195
181 199
181 208
181 210
181 218
181 221
182 192
182 196
182 203
182 204
182 210
182 212
182 213
183 192
183 197
183 201
183 204
183 207
183 222
184 195
184 199
184 202
185 187
185 188
185 193
185 195
185 198
185 206
185 207
185 211
185 216
185 222
185 224
186 191
186 192
186 197
186 206
186 207
186 209
186 211
186 214
187 193
187 194
187 202
187 203
187 210
187 213
187 219
188 190
188 192
188 196
188 197
188 199
188 202
188 204
188 205
188 209
188 210
188 213
189 196
189 199
189 202
190 198
190 201
190 207
190 213
190 222
191 198
191 199
191 215
191 216
191 221
191 224
192 196
192 199
192 204
192 205
192 207
192 208
192 210
192 215
192 219
193 199
193 203
193 214
193 218
193 221
193 223
194 196
194 197
194 203
194 205
194 221
194 222
195 199
195 201
195 208
195 210
195 217
195 218
195 220
195 224
196 199
196 204
196 207
196 216
196 221
197 199
197 203
197 204
197 208
197 216
197 218
197 222
198 206
198 207
198 213
198 217
198 221
199 203
199 210
200 202
200 218
200 222
201 219
201 222
202 205
202 207
202 220
202 223
203 204
203 207
203 211
203 212
203 213
203 216
203 222
204 206
204 211
204 214
204 217
204 222
205 210
205 216
206 214
206 220
206 222
207 211
207 216
208 209
208 210
208 211
208 217
209 214
209 219
209 223
210 215
210 221
211 219
212 216
212 218
212 221
212 224
213 216
213 218
213 223
214 220
214 221
214 223
214 224
215 224
216 221
216 223
219 223
221 223
