0 3
0 4
0 6
0 7
0 8
0 9
0 10
0 13
0 14
0 18
0 20
0 21
0 22
0 24
0 25
0 27
0 28
0 29
0 31
0 32
0 33
0 34
0 36
0 37
0 38
0 42
0 44
0 45
0 52
0 53
0 54
0 55
0 59
0 60
0 62
0 65
0 69
0 70
0 72
0 75
0 76
0 78
0 80
0 81
0 82
0 83
0 84
0 87
0 90
0 94
0 96
0 97
0 99
0 100
0 101
0 103
0 106
0 108
0 109
0 111
0 112
0 115
0 120
0 122
0 129
0 130
0 133
0 135
0 136
0 138
0 139
0 140
0 141
0 142
0 144
0 146
0 149
0 150
0 151
0 152
0 155
0 156
0 157
0 161
0 162
0 163
0 165
0 170
0 173
1 2
1 5
1 6
1 9
1 11
1 16
1 17
1 18
1 20
1 21
1 25
1 26
1 28
1 29
1 32
1 34
1 35
1 38
1 40
1 42
1 43
1 46
1 47
1 49
1 51
1 52
1 53
1 54
1 57
1 58
1 62
1 63
1 64
1 66
1 68
1 70
1 75
1 76
1 77
1 84
1 86
1 87
1 88
1 89
1 90
1 91
1 92
1 93
1 97
1 98
1 99
1 100
1 101
1 104
1 105
1 109
1 110
1 112
1 114
1 115
1 119
1 120
1 124
1 125
1 126
1 127
1 129
1 132
1 133
1 134
1 136
1 137
1 138
1 140
1 141
1 145
1 146
1 148
1 151
1 152
1 153
1 156
1 160
1 161
1 163
1 165
1 167
1 169
1 171
1 172
1 173
2 3
2 4
2 6
2 10
2 11
2 13
2 15
2 16
2 17
2 23
2 24
2 25
2 28
2 29
2 32
2 35
2 36
2 45
2 48
2 49
2 51
2 52
2 53
2 54
2 60
2 61
2 62
2 63
2 64
2 68
2 70
2 71
2 72
2 75
2 79
2 80
2 82
2 85
2 86
2 87
2 90
2 93
2 95
2 96
2 99
2 101
2 102
2 103
2 104
2 106
2 107
2 113
2 114
2 122
2 123
2 125
2 128
2 132
2 133
2 136
2 138
2 139
2 141
2 142
2 145
2 148
2 151
2 154
2 155
2 156
2 158
2 162
2 164
2 171
2 173
2 174
3 4
3 5
3 8
3 12
3 13
3 15
3 17
3 18
3 19
3 20
3 23
3 24
3 25
3 26
3 28
3 29
3 34
3 39
3 40
3 42
3 46
3 47
3 49
3 50
3 53
3 56
3 61
3 64
3 71
3 72
3 74
3 75
3 76
3 78
3 79
3 80
3 81
3 83
3 84
3 86
3 88
3 89
3 91
3 94
3 95
3 97
3 99
3 102
3 104
3 106
3 108
3 111
3 112
3 113
3 114
3 116
3 119
3 120
3 123
3 125
3 126
3 129
3 130
3 132
3 134
3 135
3 136
3 138
3 139
3 140
3 141
3 146
3 156
3 158
3 159
3 162
3 168
3 170
3 173
3 174
4 9
4 11
4 12
4 17
4 18
4 19
4 20
4 22
4 24
4 30
4 31
4 37
4 38
4 39
4 41
4 42
4 45
4 46
4 47
4 50
4 56
4 61
4 62
4 63
4 64
4 65
4 66
4 72
4 73
4 76
4 82
4 83
4 86
4 88
4 90
4 92
4 93
4 94
4 95
4 97
4 101
4 103
4 105
4 106
4 107
4 108
4 109
4 111
4 113
4 114
4 118
4 119
4 120
4 124
4 125
4 127
4 134
4 136
4 138
4 140
4 143
4 146
4 149
4 154
4 155
4 160
4 161
4 162
4 163
4 164
4 168
4 170
4 173
5 6
5 10
5 11
5 13
5 14
5 16
5 19
5 21
5 22
5 23
5 25
5 26
5 29
5 32
5 33
5 34
5 37
5 38
5 40
5 42
5 44
5 45
5 46
5 47
5 50
5 52
5 55
5 56
5 57
5 60
5 61
5 62
5 63
5 64
5 66
5 69
5 70
5 71
5 72
5 73
5 74
5 76
5 77
5 78
5 80
5 82
5 87
5 89
5 90
5 91
5 93
5 95
5 97
5 98
5 100
5 103
5 107
5 110
5 114
5 115
5 117
5 118
5 120
5 121
5 122
5 124
5 125
5 127
5 131
5 132
5 135
5 137
5 138
5 140
5 141
5 142
5 144
5 145
5 149
5 151
5 152
5 153
5 154
5 155
5 159
5 160
5 162
5 163
5 166
5 167
5 170
5 172
5 173
6 7
6 8
6 9
6 10
6 12
6 13
6 14
6 15
6 17
6 18
6 19
6 20
6 21
6 24
6 29
6 36
6 37
6 40
6 42
6 48
6 51
6 55
6 57
6 60
6 62
6 63
6 69
6 71
6 72
6 74
6 77
6 79
6 80
6 83
6 84
6 87
6 90
6 91
6 92
6 94
6 95
6 96
6 100
6 101
6 102
6 103
6 105
6 108
6 109
6 111
6 112
6 115
6 116
6 117
6 120
6 123
6 124
6 125
6 126
6 130
6 131
6 134
6 135
6 138
6 140
6 141
6 142
6 143
6 144
6 145
6 146
6 147
6 150
6 153
6 154
6 155
6 156
6 157
6 158
6 159
6 161
6 164
6 165
6 166
6 168
6 171
6 172
6 174
7 9
7 12
7 13
7 14
7 15
7 18
7 19
7 21
7 23
7 24
7 25
7 26
7 28
7 29
7 30
7 32
7 33
7 34
7 36
7 38
7 40
7 42
7 43
7 46
7 47
7 48
7 50
7 51
7 53
7 56
7 59
7 66
7 67
7 69
7 70
7 72
7 74
7 75
7 76
7 77
7 80
7 82
7 83
7 85
7 87
7 89
7 90
7 91
7 92
7 93
7 94
7 95
7 100
7 103
7 107
7 108
7 111
7 113
7 114
7 115
7 117
7 118
7 121
7 123
7 125
7 127
7 128
7 129
7 130
7 131
7 134
7 135
7 137
7 140
7 143
7 145
7 147
7 150
7 151
7 153
7 155
7 156
7 157
7 159
7 160
7 163
7 165
7 168
7 174
8 9
8 12
8 13
8 16
8 17
8 20
8 22
8 24
8 25
8 26
8 28
8 29
8 30
8 31
8 32
8 33
8 36
8 40
8 41
8 43
8 44
8 46
8 50
8 53
8 54
8 56
8 57
8 59
8 61
8 62
8 64
8 65
8 68
8 72
8 73
8 74
8 78
8 79
8 81
8 86
8 87
8 88
8 89
8 91
8 92
8 93
8 94
8 96
8 99
8 104
8 107
8 110
8 111
8 112
8 114
8 115
8 116
8 118
8 121
8 122
8 124
8 125
8 127
8 128
8 129
8 130
8 132
8 134
8 135
8 136
8 138
8 139
8 144
8 148
8 149
8 150
8 152
8 158
8 167
8 168
8 170
8 172
8 173
9 10
9 11
9 12
9 13
9 15
9 16
9 18
9 20
9 21
9 24
9 25
9 26
9 27
9 29
9 31
9 32
9 35
9 36
9 37
9 38
9 39
9 40
9 43
9 48
9 54
9 55
9 57
9 60
9 62
9 64
9 70
9 71
9 76
9 77
9 79
9 81
9 82
9 91
9 98
9 100
9 101
9 103
9 104
9 107
9 110
9 111
9 113
9 117
9 118
9 119
9 122
9 125
9 128
9 129
9 130
9 132
9 133
9 134
9 136
9 140
9 142
9 143
9 145
9 146
9 156
9 164
9 165
9 166
9 167
9 168
9 173
9 174
10 13
10 15
10 18
10 22
10 26
10 28
10 29
10 30
10 31
10 32
10 33
10 36
10 41
10 42
10 45
10 53
10 54
10 55
10 59
10 60
10 64
10 67
10 71
10 72
10 74
10 75
10 77
10 78
10 82
10 83
10 84
10 85
10 87
10 88
10 89
10 94
10 96
10 97
10 98
10 101
10 103
10 104
10 106
10 107
10 109
10 110
10 111
10 112
10 113
10 114
10 115
10 116
10 121
10 125
10 126
10 128
10 129
10 131
10 132
10 133
10 134
10 138
10 142
10 143
10 144
10 148
10 151
10 156
10 157
10 158
10 159
10 160
10 161
10 162
10 164
10 168
10 169
10 170
10 171
10 173
11 15
11 16
11 18
11 19
11 21
11 22
11 24
11 32
11 34
11 36
11 37
11 38
11 39
11 40
11 43
11 48
11 49
11 50
11 51
11 52
11 56
11 58
11 64
11 66
11 68
11 71
11 73
11 78
11 79
11 80
11 81
11 83
11 86
11 87
11 91
11 95
11 96
11 97
11 98
11 103
11 107
11 109
11 110
11 111
11 112
11 116
11 124
11 125
11 129
11 130
11 133
11 134
11 138
11 140
11 144
11 145
11 146
11 149
11 152
11 154
11 156
11 157
11 158
11 160
11 162
11 163
11 164
11 167
11 169
11 170
11 174
12 13
12 14
12 15
12 19
12 20
12 22
12 24
12 25
12 26
12 27
12 29
12 36
12 37
12 38
12 40
12 45
12 50
12 52
12 57
12 58
12 61
12 63
12 64
12 65
12 67
12 69
12 71
12 72
12 74
12 75
12 77
12 79
12 80
12 82
12 84
12 85
12 86
12 87
12 90
12 91
12 92
12 95
12 96
12 97
12 101
12 102
12 103
12 105
12 107
12 111
12 113
12 115
12 117
12 119
12 120
12 123
12 124
12 127
12 128
12 129
12 131
12 132
12 133
12 135
12 137
12 139
12 140
12 141
12 142
12 144
12 147
12 148
12 152
12 154
12 155
12 156
12 157
12 158
12 159
12 160
12 161
12 162
12 165
12 166
12 167
12 170
12 171
12 172
12 173
13 16
13 18
13 19
13 22
13 23
13 26
13 28
13 30
13 33
13 38
13 40
13 41
13 45
13 47
13 53
13 56
13 57
13 59
13 65
13 66
13 67
13 69
13 70
13 71
13 73
13 75
13 76
13 79
13 81
13 82
13 84
13 86
13 89
13 90
13 92
13 93
13 95
13 96
13 97
13 98
13 100
13 104
13 105
13 106
13 107
13 108
13 109
13 110
13 113
13 114
13 115
13 118
13 121
13 124
13 126
13 130
13 134
13 137
13 138
13 139
13 141
13 143
13 147
13 150
13 151
13 152
13 153
13 157
13 160
13 161
13 163
13 164
13 166
13 167
13 168
13 170
13 171
13 172
13 173
13 174
14 17
14 18
14 20
14 21
14 22
14 23
14 29
14 32
14 34
14 35
14 37
14 47
14 48
14 49
14 52
14 54
14 55
14 56
14 57
14 58
14 62
14 63
14 64
14 65
14 66
14 71
14 73
14 74
14 75
14 76
14 78
14 80
14 81
14 85
14 86
14 88
14 89
14 91
14 95
14 96
14 98
14 99
14 100
14 104
14 108
14 109
14 111
14 113
14 114
14 116
14 121
14 124
14 126
14 127
14 128
14 129
14 131
14 134
14 136
14 143
14 144
14 145
14 149
14 150
14 152
14 155
14 156
14 158
14 160
14 162
14 164
14 166
14 168
14 171
14 172
14 173
14 174
15 21
15 22
15 23
15 25
15 27
15 28
15 31
15 32
15 33
15 39
15 41
15 42
15 43
15 44
15 45
15 47
15 49
15 51
15 53
15 55
15 57
15 59
15 60
15 61
15 63
15 65
15 67
15 68
15 70
15 71
15 72
15 73
15 74
15 75
15 76
15 77
15 78
15 79
15 80
15 82
15 83
15 84
15 85
15 86
15 87
15 90
15 91
15 96
15 102
15 106
15 107
15 111
15 112
15 113
15 115
15 116
15 118
15 121
15 122
15 124
15 125
15 130
15 132
15 139
15 140
15 142
15 143
15 148
15 149
15 150
15 152
15 158
15 162
15 163
15 164
15 166
15 167
15 168
15 171
15 172
16 19
16 20
16 21
16 25
16 26
16 28
16 29
16 33
16 35
16 40
16 43
16 45
16 46
16 54
16 55
16 58
16 60
16 64
16 66
16 67
16 72
16 73
16 75
16 76
16 77
16 80
16 81
16 84
16 86
16 87
16 90
16 92
16 96
16 98
16 100
16 101
16 102
16 103
16 104
16 105
16 107
16 108
16 109
16 110
16 111
16 112
16 113
16 116
16 117
16 119
16 120
16 121
16 123
16 124
16 126
16 133
16 136
16 137
16 140
16 144
16 145
16 146
16 148
16 149
16 152
16 154
16 158
16 161
16 162
16 165
16 167
16 168
16 169
16 172
16 173
17 18
17 19
17 20
17 26
17 29
17 32
17 33
17 34
17 35
17 38
17 39
17 43
17 44
17 51
17 52
17 53
17 55
17 57
17 58
17 60
17 62
17 64
17 65
17 66
17 67
17 68
17 69
17 70
17 73
17 74
17 75
17 77
17 78
17 81
17 82
17 84
17 86
17 87
17 88
17 90
17 91
17 92
17 97
17 100
17 102
17 103
17 105
17 107
17 108
17 109
17 110
17 111
17 112
17 114
17 120
17 121
17 122
17 123
17 124
17 125
17 126
17 130
17 131
17 132
17 134
17 135
17 137
17 138
17 139
17 141
17 142
17 145
17 147
17 148
17 152
17 153
17 154
17 157
17 160
17 163
17 164
17 165
17 168
17 169
17 171
17 174
18 21
18 23
18 24
18 25
18 28
18 30
18 31
18 34
18 35
18 37
18 38
18 40
18 41
18 43
18 46
18 47
18 52
18 53
18 55
18 56
18 57
18 58
18 63
18 66
18 67
18 68
18 70
18 72
18 73
18 77
18 79
18 82
18 83
18 84
18 86
18 87
18 88
18 90
18 91
18 92
18 100
18 101
18 104
18 106
18 107
18 110
18 113
18 114
18 117
18 119
18 120
18 121
18 122
18 124
18 125
18 126
18 127
18 129
18 130
18 133
18 134
18 136
18 139
18 144
18 147
18 148
18 150
18 151
18 152
18 154
18 155
18 156
18 158
18 159
18 160
18 165
18 167
18 168
18 171
18 172
19 21
19 23
19 25
19 26
19 28
19 30
19 31
19 32
19 33
19 34
19 35
19 37
19 42
19 43
19 44
19 45
19 48
19 54
19 55
19 58
19 59
19 62
19 64
19 65
19 67
19 68
19 69
19 70
19 78
19 79
19 82
19 86
19 87
19 88
19 90
19 91
19 92
19 93
19 94
19 96
19 98
19 99
19 100
19 103
19 105
19 108
19 111
19 113
19 114
19 115
19 116
19 124
19 125
19 126
19 127
19 129
19 130
19 133
19 134
19 135
19 137
19 139
19 147
19 150
19 151
19 155
19 156
19 160
19 162
19 163
19 164
19 167
19 168
19 170
19 172
19 173
20 22
20 23
20 26
20 27
20 30
20 31
20 33
20 37
20 38
20 41
20 44
20 45
20 46
20 50
20 52
20 53
20 56
20 57
20 58
20 59
20 60
20 62
20 65
20 70
20 71
20 74
20 76
20 77
20 78
20 80
20 83
20 84
20 85
20 89
20 97
20 101
20 104
20 105
20 106
20 110
20 113
20 114
20 116
20 117
20 118
20 119
20 120
20 122
20 123
20 124
20 125
20 127
20 128
20 134
20 135
20 138
20 143
20 144
20 145
20 149
20 150
20 151
20 152
20 158
20 159
20 161
20 163
20 164
20 167
20 169
20 173
20 174
21 28
21 29
21 32
21 33
21 36
21 39
21 42
21 47
21 50
21 51
21 52
21 53
21 55
21 56
21 61
21 62
21 63
21 64
21 65
21 67
21 68
21 69
21 71
21 72
21 74
21 75
21 77
21 78
21 80
21 83
21 84
21 86
21 88
21 91
21 92
21 96
21 97
21 98
21 99
21 101
21 102
21 104
21 105
21 106
21 108
21 109
21 111
21 115
21 120
21 122
21 123
21 125
21 128
21 131
21 136
21 138
21 140
21 141
21 142
21 144
21 146
21 147
21 149
21 154
21 161
21 163
21 164
21 167
21 168
21 169
21 171
21 174
22 23
22 24
22 27
22 30
22 31
22 32
22 34
22 37
22 39
22 43
22 45
22 48
22 50
22 54
22 55
22 60
22 64
22 65
22 68
22 69
22 70
22 71
22 73
22 74
22 75
22 76
22 77
22 78
22 79
22 83
22 84
22 85
22 86
22 89
22 91
22 93
22 94
22 97
22 98
22 101
22 107
22 108
22 109
22 115
22 118
22 121
22 124
22 125
22 127
22 128
22 129
22 131
22 135
22 138
22 139
22 143
22 145
22 149
22 150
22 151
22 152
22 153
22 155
22 157
22 159
22 160
22 163
22 167
22 169
22 170
22 172
23 24
23 25
23 26
23 27
23 28
23 29
23 31
23 32
23 34
23 35
23 37
23 38
23 39
23 40
23 42
23 44
23 48
23 49
23 50
23 52
23 53
23 60
23 63
23 64
23 65
23 66
23 67
23 68
23 69
23 73
23 74
23 77
23 81
23 82
23 83
23 85
23 86
23 87
23 89
23 91
23 93
23 94
23 95
23 97
23 101
23 102
23 105
23 107
23 108
23 109
23 111
23 113
23 115
23 119
23 122
23 126
23 127
23 128
23 132
23 134
23 138
23 142
23 144
23 145
23 146
23 147
23 148
23 149
23 150
23 151
23 158
23 159
23 160
23 161
23 162
23 164
23 165
23 166
23 169
23 173
24 25
24 27
24 29
24 30
24 31
24 32
24 33
24 36
24 38
24 39
24 41
24 44
24 46
24 48
24 51
24 52
24 53
24 54
24 56
24 58
24 59
24 61
24 68
24 70
24 72
24 74
24 75
24 76
24 77
24 79
24 80
24 81
24 83
24 85
24 86
24 87
24 88
24 89
24 92
24 93
24 94
24 98
24 101
24 103
24 106
24 107
24 108
24 109
24 110
24 111
24 112
24 114
24 116
24 118
24 120
24 121
24 122
24 124
24 127
24 130
24 132
24 133
24 134
24 137
24 138
24 140
24 141
24 142
24 144
24 145
24 148
24 149
24 150
24 151
24 152
24 156
24 161
24 162
24 163
24 166
24 168
24 169
24 170
25 28
25 30
25 31
25 32
25 35
25 36
25 38
25 39
25 41
25 44
25 46
25 49
25 50
25 51
25 53
25 61
25 63
25 67
25 68
25 70
25 71
25 77
25 80
25 86
25 88
25 89
25 90
25 97
25 98
25 102
25 106
25 107
25 112
25 113
25 114
25 116
25 117
25 118
25 122
25 123
25 124
25 125
25 126
25 130
25 132
25 133
25 135
25 137
25 138
25 141
25 143
25 148
25 149
25 152
25 153
25 155
25 156
25 157
25 160
25 163
25 164
25 167
25 169
25 172
25 174
26 28
26 34
26 35
26 36
26 38
26 39
26 42
26 44
26 47
26 48
26 50
26 53
26 56
26 57
26 58
26 59
26 62
26 65
26 66
26 67
26 68
26 70
26 72
26 78
26 79
26 82
26 83
26 84
26 85
26 87
26 88
26 89
26 91
26 92
26 93
26 94
26 98
26 106
26 107
26 108
26 109
26 110
26 111
26 113
26 115
26 116
26 117
26 119
26 122
26 123
26 124
26 125
26 128
26 130
26 131
26 133
26 138
26 140
26 142
26 145
26 147
26 149
26 150
26 151
26 153
26 155
26 156
26 157
26 158
26 159
26 160
26 162
26 163
26 164
26 167
26 168
26 170
26 173
27 31
27 32
27 33
27 34
27 36
27 38
27 42
27 43
27 47
27 48
27 50
27 51
27 52
27 54
27 56
27 58
27 60
27 62
27 63
27 64
27 67
27 68
27 70
27 71
27 73
27 77
27 80
27 81
27 82
27 83
27 92
27 97
27 98
27 104
27 105
27 106
27 108
27 111
27 112
27 114
27 115
27 117
27 118
27 120
27 124
27 126
27 127
27 132
27 133
27 134
27 135
27 136
27 137
27 142
27 143
27 149
27 151
27 152
27 153
27 155
27 156
27 157
27 158
27 162
27 164
27 165
27 166
27 167
27 168
27 171
28 29
28 31
28 35
28 36
28 37
28 41
28 43
28 44
28 48
28 49
28 51
28 54
28 57
28 59
28 60
28 64
28 65
28 68
28 70
28 71
28 72
28 73
28 78
28 80
28 81
28 82
28 84
28 86
28 89
28 90
28 97
28 100
28 105
28 107
28 108
28 109
28 110
28 111
28 113
28 114
28 115
28 122
28 123
28 124
28 127
28 129
28 132
28 133
28 134
28 138
28 140
28 141
28 144
28 149
28 150
28 153
28 155
28 157
28 158
28 160
28 163
28 164
28 165
28 168
28 174
29 30
29 31
29 32
29 34
29 35
29 36
29 37
29 38
29 39
29 42
29 43
29 44
29 47
29 48
29 50
29 54
29 56
29 59
29 60
29 62
29 67
29 68
29 70
29 72
29 73
29 74
29 76
29 77
29 78
29 82
29 83
29 84
29 86
29 87
29 88
29 90
29 94
29 99
29 105
29 108
29 109
29 115
29 116
29 126
29 127
29 128
29 129
29 130
29 135
29 136
29 137
29 139
29 142
29 145
29 146
29 147
29 148
29 149
29 152
29 154
29 155
29 157
29 158
29 160
29 162
29 163
29 166
29 168
29 174
30 32
30 35
30 38
30 39
30 40
30 42
30 43
30 45
30 46
30 48
30 49
30 50
30 53
30 54
30 58
30 60
30 62
30 64
30 67
30 68
30 69
30 71
30 75
30 77
30 78
30 79
30 80
30 81
30 82
30 84
30 86
30 87
30 89
30 90
30 91
30 93
30 94
30 95
30 97
30 98
30 100
30 102
30 103
30 104
30 105
30 106
30 107
30 109
30 110
30 111
30 113
30 114
30 115
30 116
30 120
30 123
30 124
30 125
30 126
30 127
30 128
30 131
30 132
30 133
30 136
30 138
30 139
30 141
30 142
30 143
30 144
30 145
30 147
30 150
30 151
30 153
30 154
30 155
30 158
30 159
30 160
30 162
30 163
30 165
30 168
30 172
31 34
31 35
31 38
31 39
31 40
31 41
31 45
31 46
31 52
31 58
31 59
31 60
31 61
31 62
31 64
31 65
31 66
31 71
31 74
31 75
31 79
31 84
31 85
31 86
31 87
31 90
31 92
31 93
31 94
31 96
31 97
31 102
31 109
31 113
31 118
31 119
31 120
31 122
31 124
31 129
31 131
31 133
31 137
31 138
31 141
31 146
31 148
31 149
31 150
31 151
31 152
31 155
31 156
31 160
31 161
31 162
31 163
31 165
31 166
31 169
31 172
31 173
31 174
32 33
32 37
32 43
32 44
32 45
32 46
32 47
32 48
32 50
32 51
32 52
32 56
32 59
32 62
32 63
32 64
32 65
32 66
32 68
32 73
32 75
32 77
32 79
32 81
32 82
32 85
32 90
32 91
32 94
32 95
32 100
32 101
32 104
32 107
32 109
32 110
32 112
32 113
32 116
32 118
32 120
32 121
32 125
32 126
32 128
32 130
32 132
32 135
32 136
32 140
32 141
32 142
32 143
32 145
32 148
32 150
32 151
32 153
32 158
32 162
32 163
32 164
32 166
32 167
32 168
32 169
32 172
32 174
33 34
33 39
33 40
33 41
33 45
33 46
33 47
33 50
33 55
33 56
33 57
33 59
33 63
33 64
33 67
33 68
33 69
33 70
33 71
33 73
33 75
33 78
33 83
33 84
33 87
33 89
33 90
33 94
33 95
33 98
33 99
33 102
33 104
33 106
33 107
33 108
33 110
33 112
33 113
33 116
33 118
33 120
33 121
33 122
33 124
33 125
33 126
33 128
33 129
33 130
33 132
33 133
33 135
33 136
33 138
33 141
33 142
33 145
33 147
33 148
33 149
33 151
33 152
33 153
33 156
33 157
33 159
33 160
33 161
33 162
33 163
33 164
33 166
33 168
34 35
34 38
34 40
34 41
34 42
34 45
34 47
34 49
34 51
34 53
34 55
34 57
34 59
34 61
34 65
34 68
34 69
34 70
34 72
34 74
34 75
34 76
34 77
34 78
34 79
34 80
34 82
34 83
34 85
34 86
34 87
34 88
34 90
34 91
34 92
34 95
34 97
34 98
34 100
34 103
34 107
34 108
34 109
34 110
34 111
34 114
34 116
34 117
34 123
34 128
34 130
34 131
34 134
34 136
34 137
34 138
34 140
34 141
34 145
34 146
34 147
34 148
34 149
34 153
34 157
34 158
34 160
34 161
34 163
34 164
34 165
34 166
34 168
34 172
34 173
34 174
35 38
35 39
35 41
35 42
35 45
35 46
35 48
35 49
35 51
35 55
35 56
35 58
35 59
35 63
35 64
35 66
35 70
35 73
35 74
35 75
35 76
35 77
35 79
35 80
35 82
35 83
35 84
35 85
35 88
35 90
35 91
35 92
35 94
35 95
35 96
35 99
35 100
35 101
35 106
35 108
35 111
35 112
35 114
35 118
35 119
35 123
35 124
35 125
35 126
35 128
35 134
35 136
35 137
35 138
35 139
35 143
35 144
35 145
35 147
35 149
35 150
35 151
35 152
35 153
35 155
35 156
35 157
35 159
35 160
35 161
35 163
35 164
35 165
35 166
35 167
35 169
35 170
35 171
35 173
36 38
36 39
36 41
36 43
36 44
36 45
36 47
36 48
36 50
36 51
36 52
36 53
36 55
36 57
36 60
36 61
36 63
36 65
36 67
36 68
36 69
36 71
36 73
36 74
36 78
36 80
36 81
36 82
36 85
36 88
36 89
36 93
36 94
36 98
36 100
36 101
36 105
36 109
36 110
36 113
36 114
36 117
36 120
36 122
36 123
36 127
36 129
36 130
36 131
36 132
36 133
36 137
36 140
36 142
36 145
36 146
36 148
36 152
36 154
36 155
36 159
36 160
36 161
36 163
36 165
36 170
36 172
36 174
37 38
37 41
37 42
37 45
37 49
37 52
37 53
37 54
37 57
37 58
37 66
37 67
37 69
37 71
37 74
37 75
37 77
37 79
37 80
37 82
37 83
37 84
37 88
37 90
37 91
37 97
37 98
37 99
37 100
37 103
37 104
37 105
37 106
37 108
37 114
37 117
37 119
37 120
37 123
37 124
37 125
37 127
37 129
37 130
37 132
37 135
37 137
37 138
37 139
37 140
37 146
37 148
37 149
37 150
37 152
37 153
37 159
37 160
37 161
37 163
37 165
37 169
37 170
37 172
37 174
38 40
38 41
38 46
38 48
38 49
38 52
38 54
38 58
38 59
38 60
38 61
38 63
38 65
38 67
38 68
38 69
38 72
38 73
38 77
38 80
38 83
38 84
38 86
38 89
38 90
38 91
38 94
38 95
38 96
38 98
38 102
38 107
38 109
38 114
38 116
38 117
38 121
38 123
38 124
38 125
38 130
38 133
38 135
38 137
38 138
38 141
38 142
38 143
38 146
38 149
38 152
38 155
38 156
38 157
38 158
38 159
38 160
38 161
38 169
38 170
38 171
38 172
38 174
39 45
39 48
39 49
39 51
39 52
39 57
39 58
39 61
39 63
39 68
39 73
39 74
39 75
39 78
39 79
39 81
39 82
39 83
39 89
39 92
39 93
39 95
39 97
39 99
39 100
39 101
39 104
39 106
39 108
39 109
39 110
39 111
39 113
39 115
39 116
39 118
39 119
39 120
39 121
39 122
39 125
39 128
39 129
39 130
39 131
39 134
39 135
39 136
39 137
39 139
39 141
39 146
39 149
39 154
39 155
39 159
39 162
39 164
39 165
39 166
39 167
39 168
40 43
40 44
40 45
40 46
40 49
40 50
40 52
40 53
40 54
40 60
40 61
40 62
40 67
40 68
40 69
40 74
40 75
40 76
40 77
40 81
40 83
40 84
40 85
40 90
40 91
40 93
40 94
40 95
40 96
40 98
40 101
40 103
40 104
40 108
40 109
40 112
40 114
40 115
40 120
40 129
40 133
40 135
40 137
40 139
40 140
40 141
40 142
40 144
40 149
40 150
40 151
40 152
40 153
40 154
40 155
40 156
40 157
40 158
40 159
40 160
40 164
40 167
40 171
40 172
40 174
41 42
41 45
41 47
41 48
41 51
41 52
41 54
41 56
41 58
41 59
41 62
41 63
41 64
41 66
41 68
41 69
41 70
41 71
41 75
41 77
41 79
41 81
41 83
41 84
41 87
41 89
41 92
41 93
41 94
41 95
41 96
41 98
41 99
41 103
41 105
41 106
41 107
41 110
41 111
41 112
41 113
41 114
41 115
41 116
41 117
41 119
41 121
41 123
41 126
41 127
41 128
41 132
41 135
41 136
41 140
41 142
41 144
41 146
41 147
41 148
41 149
41 151
41 153
41 154
41 157
41 158
41 162
41 165
41 169
41 171
42 45
42 48
42 52
42 53
42 54
42 57
42 58
42 59
42 61
42 64
42 66
42 68
42 70
42 71
42 73
42 74
42 77
42 79
42 81
42 82
42 83
42 86
42 88
42 89
42 92
42 95
42 102
42 103
42 106
42 107
42 111
42 114
42 117
42 118
42 122
42 123
42 124
42 132
42 135
42 136
42 138
42 140
42 142
42 144
42 145
42 146
42 148
42 151
42 152
42 154
42 156
42 158
42 163
42 166
42 169
42 174
43 45
43 47
43 50
43 51
43 53
43 56
43 58
43 60
43 61
43 63
43 64
43 65
43 69
43 70
43 73
43 75
43 76
43 77
43 78
43 79
43 81
43 82
43 83
43 85
43 87
43 88
43 93
43 97
43 99
43 101
43 103
43 104
43 105
43 108
43 109
43 116
43 117
43 118
43 119
43 122
43 123
43 126
43 127
43 129
43 136
43 137
43 140
43 141
43 142
43 146
43 148
43 149
43 151
43 152
43 154
43 155
43 156
43 158
43 159
43 160
43 161
43 162
43 163
43 164
43 165
43 166
43 167
43 169
43 171
43 174
44 45
44 46
44 47
44 49
44 53
44 58
44 59
44 60
44 63
44 64
44 65
44 68
44 69
44 70
44 72
44 75
44 82
44 87
44 90
44 93
44 94
44 96
44 99
44 100
44 102
44 104
44 106
44 107
44 108
44 115
44 117
44 118
44 119
44 120
44 121
44 126
44 129
44 132
44 134
44 136
44 138
44 140
44 144
44 145
44 147
44 148
44 151
44 152
44 158
44 166
44 168
44 171
44 173
45 47
45 49
45 50
45 54
45 58
45 64
45 66
45 70
45 72
45 74
45 75
45 76
45 77
45 78
45 80
45 82
45 83
45 84
45 85
45 86
45 87
45 89
45 91
45 93
45 95
45 98
45 100
45 108
45 111
45 112
45 113
45 114
45 116
45 119
45 121
45 122
45 123
45 124
45 125
45 126
45 128
45 129
45 130
45 132
45 133
45 139
45 141
45 142
45 143
45 145
45 146
45 147
45 151
45 152
45 153
45 154
45 155
45 156
45 158
45 159
45 160
45 162
45 164
45 167
45 169
45 172
45 173
46 54
46 55
46 57
46 60
46 61
46 65
46 66
46 70
46 72
46 73
46 74
46 78
46 79
46 80
46 82
46 83
46 84
46 85
46 87
46 88
46 90
46 91
46 94
46 97
46 102
46 106
46 107
46 110
46 111
46 112
46 113
46 115
46 119
46 122
46 123
46 124
46 125
46 126
46 127
46 128
46 130
46 132
46 136
46 141
46 143
46 144
46 146
46 147
46 148
46 150
46 156
46 157
46 163
46 167
46 169
46 171
46 172
47 50
47 51
47 54
47 57
47 58
47 59
47 60
47 65
47 66
47 67
47 70
47 74
47 75
47 79
47 82
47 83
47 87
47 91
47 92
47 93
47 94
47 96
47 97
47 104
47 106
47 107
47 109
47 110
47 111
47 113
47 114
47 116
47 117
47 119
47 120
47 121
47 122
47 123
47 125
47 126
47 130
47 132
47 135
47 136
47 141
47 144
47 146
47 148
47 150
47 154
47 157
47 160
47 161
47 162
47 164
47 166
47 167
47 168
47 169
47 170
48 49
48 51
48 52
48 58
48 61
48 62
48 63
48 67
48 71
48 73
48 74
48 76
48 79
48 81
48 82
48 83
48 85
48 86
48 87
48 92
48 93
48 94
48 96
48 97
48 99
48 100
48 102
48 104
48 105
48 106
48 108
48 111
48 115
48 117
48 119
48 122
48 123
48 124
48 125
48 126
48 127
48 133
48 134
48 135
48 136
48 137
48 138
48 139
48 140
48 141
48 143
48 144
48 146
48 147
48 148
48 150
48 152
48 153
48 154
48 155
48 157
48 158
48 163
48 166
48 167
48 168
48 170
48 171
48 172
48 173
48 174
49 51
49 53
49 54
49 56
49 58
49 62
49 64
49 65
49 66
49 69
49 70
49 73
49 76
49 77
49 78
49 82
49 83
49 84
49 85
49 90
49 92
49 94
49 95
49 97
49 99
49 101
49 102
49 106
49 108
49 111
49 114
49 116
49 117
49 121
49 122
49 123
49 124
49 127
49 131
49 132
49 134
49 139
49 141
49 143
49 149
49 150
49 152
49 153
49 154
49 156
49 159
49 160
49 161
49 162
49 163
49 164
49 169
49 170
49 171
49 172
49 174
50 54
50 55
50 56
50 57
50 60
50 61
50 62
50 63
50 64
50 65
50 67
50 71
50 73
50 74
50 75
50 76
50 78
50 80
50 81
50 85
50 86
50 88
50 90
50 92
50 93
50 94
50 96
50 97
50 98
50 101
50 102
50 103
50 113
50 114
50 115
50 117
50 118
50 120
50 121
50 124
50 125
50 126
50 128
50 129
50 130
50 131
50 132
50 134
50 135
50 137
50 140
50 141
50 142
50 149
50 150
50 151
50 152
50 153
50 156
50 164
50 166
50 167
50 169
50 170
50 171
51 52
51 55
51 58
51 60
51 61
51 62
51 65
51 68
51 69
51 75
51 77
51 78
51 79
51 81
51 82
51 83
51 87
51 88
51 89
51 92
51 93
51 94
51 101
51 105
51 108
51 109
51 111
51 112
51 114
51 115
51 116
51 117
51 121
51 122
51 125
51 126
51 127
51 128
51 129
51 130
51 132
51 133
51 135
51 136
51 137
51 139
51 140
51 141
51 144
51 146
51 148
51 149
51 150
51 152
51 153
51 154
51 155
51 156
51 158
51 161
51 163
51 167
51 168
51 170
51 172
52 53
52 55
52 58
52 59
52 63
52 65
52 69
52 70
52 71
52 73
52 76
52 77
52 78
52 79
52 80
52 81
52 85
52 87
52 91
52 95
52 96
52 97
52 101
52 103
52 104
52 106
52 107
52 109
52 110
52 112
52 113
52 114
52 115
52 117
52 118
52 120
52 122
52 123
52 126
52 129
52 130
52 132
52 133
52 136
52 137
52 140
52 141
52 145
52 147
52 148
52 150
52 153
52 156
52 157
52 160
52 161
52 162
52 165
52 166
52 167
52 168
52 170
53 54
53 55
53 57
53 58
53 59
53 61
53 62
53 69
53 72
53 73
53 74
53 75
53 76
53 79
53 86
53 87
53 90
53 91
53 92
53 93
53 95
53 97
53 99
53 101
53 103
53 104
53 106
53 107
53 109
53 110
53 120
53 124
53 128
53 132
53 134
53 135
53 138
53 141
53 142
53 143
53 144
53 149
53 151
53 154
53 157
53 158
53 159
53 160
53 161
53 162
53 163
53 166
53 168
53 169
53 172
53 173
53 174
54 55
54 59
54 61
54 63
54 64
54 65
54 67
54 71
54 72
54 73
54 74
54 75
54 77
54 83
54 84
54 88
54 91
54 92
54 93
54 100
54 101
54 105
54 106
54 107
54 110
54 116
54 117
54 118
54 119
54 120
54 121
54 122
54 123
54 124
54 128
54 129
54 130
54 131
54 135
54 138
54 140
54 141
54 142
54 143
54 146
54 148
54 151
54 152
54 153
54 157
54 159
54 160
54 162
54 163
54 168
54 169
55 56
55 57
55 58
55 60
55 65
55 69
55 70
55 74
55 75
55 76
55 77
55 78
55 79
55 80
55 85
55 89
55 90
55 91
55 94
55 97
55 101
55 102
55 103
55 106
55 108
55 109
55 110
55 111
55 113
55 114
55 115
55 116
55 118
55 119
55 120
55 121
55 123
55 124
55 127
55 129
55 133
55 134
55 135
55 136
55 137
55 143
55 144
55 155
55 156
55 157
55 159
55 161
55 162
55 166
55 167
55 168
55 172
56 61
56 63
56 64
56 65
56 66
56 70
56 74
56 75
56 77
56 78
56 79
56 80
56 81
56 82
56 83
56 84
56 85
56 86
56 87
56 89
56 90
56 91
56 93
56 96
56 100
56 101
56 102
56 103
56 104
56 105
56 107
56 109
56 110
56 112
56 115
56 116
56 117
56 121
56 123
56 125
56 129
56 130
56 132
56 136
56 138
56 140
56 141
56 142
56 144
56 146
56 147
56 149
56 151
56 152
56 156
56 158
56 162
56 163
56 165
56 170
56 172
57 58
57 60
57 65
57 67
57 69
57 72
57 73
57 74
57 76
57 79
57 80
57 81
57 82
57 85
57 86
57 87
57 88
57 89
57 90
57 91
57 92
57 93
57 94
57 96
57 103
57 106
57 107
57 108
57 111
57 114
57 116
57 120
57 121
57 130
57 139
57 142
57 147
57 148
57 153
57 155
57 156
57 158
57 159
57 162
57 165
57 167
57 168
57 169
57 170
57 173
57 174
58 59
58 64
58 66
58 67
58 72
58 74
58 77
58 78
58 79
58 82
58 85
58 89
58 92
58 93
58 94
58 97
58 99
58 100
58 105
58 112
58 113
58 114
58 116
58 120
58 121
58 122
58 126
58 127
58 128
58 129
58 130
58 131
58 132
58 133
58 138
58 139
58 140
58 141
58 143
58 144
58 145
58 147
58 149
58 150
58 152
58 154
58 156
58 157
58 158
58 160
58 164
58 166
58 167
58 169
58 170
58 173
59 66
59 73
59 74
59 77
59 79
59 81
59 82
59 89
59 91
59 92
59 93
59 94
59 95
59 99
59 101
59 102
59 105
59 106
59 107
59 108
59 109
59 113
59 114
59 120
59 123
59 124
59 125
59 128
59 130
59 131
59 133
59 134
59 135
59 137
59 138
59 139
59 140
59 142
59 144
59 148
59 152
59 156
59 157
59 158
59 161
59 163
59 164
59 165
59 167
59 168
59 170
59 171
59 173
59 174
60 63
60 64
60 65
60 67
60 68
60 69
60 70
60 72
60 73
60 74
60 76
60 81
60 83
60 85
60 86
60 87
60 89
60 90
60 91
60 93
60 95
60 97
60 98
60 103
60 104
60 105
60 107
60 108
60 110
60 111
60 112
60 115
60 118
60 119
60 120
60 121
60 124
60 125
60 127
60 128
60 129
60 130
60 138
60 141
60 142
60 143
60 144
60 145
60 146
60 147
60 148
60 149
60 152
60 153
60 154
60 155
60 157
60 158
60 159
60 160
60 161
60 162
60 164
60 167
60 168
60 173
60 174
61 62
61 63
61 67
61 68
61 70
61 72
61 74
61 78
61 80
61 81
61 82
61 87
61 92
61 93
61 94
61 95
61 98
61 102
61 103
61 105
61 106
61 108
61 111
61 112
61 114
61 115
61 116
61 117
61 118
61 122
61 125
61 128
61 129
61 134
61 135
61 137
61 140
61 144
61 145
61 147
61 151
61 153
61 158
61 159
61 160
61 162
61 164
61 168
61 169
61 172
61 173
62 63
62 65
62 66
62 68
62 69
62 70
62 71
62 75
62 76
62 77
62 79
62 80
62 81
62 82
62 89
62 90
62 96
62 97
62 100
62 103
62 104
62 107
62 109
62 110
62 111
62 112
62 113
62 115
62 116
62 117
62 118
62 119
62 120
62 121
62 123
62 125
62 128
62 130
62 131
62 133
62 134
62 140
62 144
62 145
62 147
62 148
62 149
62 150
62 151
62 152
62 156
62 157
62 158
62 161
62 165
62 166
62 169
62 171
62 172
62 174
63 64
63 68
63 69
63 70
63 73
63 74
63 76
63 78
63 79
63 82
63 83
63 86
63 87
63 88
63 90
63 91
63 92
63 93
63 95
63 97
63 99
63 101
63 102
63 103
63 108
63 110
63 114
63 115
63 118
63 121
63 124
63 126
63 127
63 129
63 130
63 134
63 136
63 137
63 139
63 140
63 143
63 145
63 146
63 148
63 152
63 154
63 155
63 157
63 160
63 162
63 166
63 167
63 170
63 171
63 174
64 65
64 66
64 67
64 69
64 75
64 77
64 78
64 80
64 81
64 84
64 88
64 89
64 93
64 94
64 95
64 98
64 101
64 102
64 103
64 107
64 108
64 112
64 113
64 115
64 117
64 119
64 120
64 121
64 123
64 126
64 128
64 130
64 131
64 134
64 137
64 139
64 143
64 144
64 145
64 146
64 149
64 153
64 155
64 156
64 157
64 158
64 161
64 163
64 164
64 166
64 168
64 170
64 172
64 174
65 67
65 68
65 72
65 74
65 79
65 81
65 83
65 84
65 85
65 87
65 91
65 92
65 94
65 96
65 97
65 99
65 103
65 105
65 106
65 110
65 113
65 115
65 117
65 118
65 119
65 121
65 123
65 124
65 126
65 130
65 133
65 134
65 135
65 140
65 141
65 143
65 145
65 146
65 147
65 153
65 156
65 158
65 160
65 161
65 162
65 163
65 164
65 165
65 168
65 170
65 174
66 69
66 70
66 73
66 74
66 79
66 81
66 91
66 103
66 105
66 108
66 110
66 116
66 118
66 122
66 124
66 128
66 129
66 130
66 131
66 132
66 133
66 134
66 135
66 138
66 142
66 143
66 144
66 146
66 147
66 148
66 149
66 152
66 154
66 158
66 159
66 162
66 163
66 164
66 165
66 168
66 170
67 68
67 69
67 71
67 72
67 73
67 74
67 80
67 83
67 87
67 92
67 93
67 94
67 95
67 96
67 98
67 99
67 100
67 101
67 102
67 103
67 106
67 107
67 109
67 112
67 113
67 115
67 117
67 118
67 120
67 124
67 127
67 128
67 129
67 132
67 134
67 135
67 136
67 137
67 138
67 140
67 143
67 145
67 146
67 148
67 150
67 151
67 152
67 153
67 155
67 157
67 158
67 159
67 161
67 165
67 167
67 170
67 172
68 69
68 70
68 71
68 73
68 75
68 76
68 80
68 82
68 83
68 84
68 87
68 88
68 89
68 90
68 92
68 93
68 97
68 98
68 100
68 101
68 103
68 111
68 112
68 113
68 114
68 115
68 116
68 117
68 122
68 123
68 125
68 128
68 129
68 130
68 132
68 133
68 138
68 139
68 140
68 144
68 145
68 146
68 148
68 150
68 151
68 154
68 155
68 158
68 159
68 161
68 165
68 171
68 172
68 173
68 174
69 70
69 73
69 74
69 75
69 77
69 78
69 80
69 83
69 84
69 85
69 90
69 92
69 93
69 94
69 96
69 100
69 106
69 109
69 110
69 111
69 122
69 126
69 128
69 134
69 137
69 139
69 140
69 143
69 145
69 146
69 149
69 151
69 152
69 155
69 156
69 157
69 158
69 159
69 160
69 162
69 163
69 165
69 166
69 168
69 169
69 170
69 171
69 172
69 174
70 71
70 72
70 77
70 78
70 80
70 85
70 88
70 89
70 93
70 94
70 96
70 97
70 99
70 100
70 101
70 102
70 103
70 104
70 105
70 109
70 111
70 113
70 114
70 118
70 120
70 122
70 123
70 124
70 126
70 132
70 134
70 135
70 136
70 137
70 139
70 140
70 142
70 143
70 144
70 146
70 147
70 152
70 162
70 164
70 165
70 167
70 168
70 169
70 171
70 173
70 174
71 74
71 76
71 77
71 78
71 79
71 81
71 82
71 83
71 87
71 88
71 89
71 90
71 92
71 94
71 96
71 97
71 98
71 99
71 101
71 103
71 104
71 112
71 117
71 118
71 125
71 126
71 128
71 131
71 135
71 139
71 142
71 143
71 144
71 147
71 153
71 154
71 155
71 156
71 157
71 161
71 162
71 165
71 168
71 169
71 170
71 171
71 172
71 174
72 73
72 76
72 80
72 81
72 86
72 92
72 95
72 99
72 100
72 104
72 106
72 108
72 109
72 110
72 111
72 114
72 116
72 118
72 119
72 120
72 122
72 124
72 126
72 127
72 129
72 131
72 132
72 134
72 137
72 138
72 145
72 146
72 150
72 153
72 154
72 156
72 157
72 158
72 161
72 162
72 163
72 166
72 167
72 168
72 169
72 170
72 171
72 173
72 174
73 74
73 75
73 76
73 77
73 78
73 80
73 84
73 86
73 88
73 89
73 90
73 91
73 92
73 95
73 97
73 98
73 99
73 100
73 101
73 102
73 104
73 106
73 107
73 111
73 113
73 114
73 116
73 121
73 122
73 123
73 125
73 127
73 131
73 132
73 133
73 134
73 143
73 144
73 146
73 149
73 153
73 158
73 159
73 162
73 163
73 166
73 167
73 168
73 169
73 171
73 174
74 76
74 78
74 80
74 82
74 83
74 89
74 90
74 91
74 93
74 94
74 98
74 99
74 103
74 104
74 106
74 111
74 112
74 115
74 117
74 120
74 121
74 123
74 124
74 128
74 129
74 135
74 139
74 141
74 142
74 144
74 146
74 147
74 148
74 150
74 151
74 152
74 153
74 154
74 158
74 160
74 165
74 170
74 171
74 173
75 76
75 78
75 79
75 91
75 93
75 94
75 96
75 97
75 101
75 102
75 105
75 107
75 108
75 109
75 110
75 112
75 113
75 115
75 117
75 118
75 120
75 121
75 122
75 123
75 124
75 127
75 128
75 129
75 130
75 131
75 134
75 135
75 136
75 141
75 143
75 146
75 150
75 155
75 158
75 159
75 161
75 166
75 167
75 168
75 171
76 77
76 79
76 81
76 82
76 84
76 85
76 86
76 88
76 91
76 92
76 93
76 94
76 96
76 97
76 99
76 106
76 108
76 109
76 110
76 111
76 115
76 121
76 124
76 125
76 129
76 133
76 134
76 137
76 139
76 142
76 143
76 144
76 146
76 148
76 149
76 151
76 153
76 154
76 155
76 156
76 157
76 158
76 160
76 161
76 163
76 164
76 167
76 168
76 169
76 170
76 173
76 174
77 78
77 80
77 81
77 83
77 84
77 85
77 87
77 88
77 89
77 93
77 96
77 99
77 103
77 107
77 108
77 110
77 112
77 113
77 121
77 123
77 125
77 126
77 128
77 129
77 130
77 131
77 133
77 136
77 138
77 139
77 140
77 144
77 147
77 153
77 154
77 155
77 159
77 160
77 161
77 162
77 163
77 167
77 169
77 170
77 173
78 80
78 82
78 83
78 84
78 86
78 87
78 93
78 96
78 97
78 98
78 100
78 102
78 104
78 106
78 108
78 109
78 110
78 113
78 114
78 115
78 116
78 117
78 119
78 124
78 127
78 128
78 135
78 140
78 141
78 143
78 144
78 148
78 150
78 151
78 154
78 158
78 159
78 162
78 163
78 164
78 167
78 169
78 170
78 174
79 80
79 83
79 86
79 87
79 88
79 90
79 93
79 96
79 97
79 98
79 102
79 104
79 105
79 106
79 108
79 109
79 111
79 114
79 118
79 119
79 124
79 126
79 127
79 129
79 130
79 133
79 139
79 140
79 143
79 146
79 148
79 149
79 153
79 154
79 156
79 157
79 159
79 160
79 161
79 162
79 163
79 164
79 165
79 166
79 168
79 169
79 170
79 171
79 173
79 174
80 83
80 84
80 85
80 86
80 90
80 91
80 93
80 94
80 95
80 96
80 97
80 100
80 101
80 103
80 107
80 108
80 110
80 111
80 112
80 114
80 115
80 118
80 119
80 121
80 123
80 125
80 126
80 136
80 137
80 141
80 142
80 143
80 144
80 145
80 146
80 149
80 150
80 151
80 152
80 154
80 155
80 157
80 158
80 160
80 161
80 162
80 165
80 169
80 170
80 171
81 83
81 85
81 86
81 87
81 91
81 92
81 94
81 95
81 97
81 99
81 101
81 102
81 103
81 105
81 107
81 111
81 112
81 115
81 117
81 119
81 120
81 121
81 122
81 123
81 124
81 129
81 131
81 132
81 133
81 134
81 135
81 136
81 138
81 143
81 144
81 145
81 146
81 148
81 150
81 157
81 158
81 160
81 162
81 164
81 165
81 169
81 170
81 172
82 84
82 85
82 87
82 89
82 95
82 99
82 100
82 101
82 104
82 105
82 107
82 108
82 109
82 110
82 114
82 115
82 117
82 120
82 121
82 123
82 124
82 127
82 131
82 132
82 135
82 139
82 142
82 143
82 149
82 150
82 151
82 152
82 155
82 157
82 159
82 160
82 162
82 166
82 168
82 169
82 171
82 174
83 85
83 86
83 88
83 89
83 91
83 96
83 97
83 98
83 99
83 100
83 102
83 103
83 106
83 110
83 112
83 114
83 116
83 117
83 119
83 120
83 122
83 123
83 124
83 129
83 131
83 134
83 135
83 136
83 137
83 143
83 144
83 147
83 148
83 149
83 157
83 159
83 163
83 164
83 165
83 167
83 169
83 170
83 172
83 174
84 85
84 86
84 88
84 92
84 95
84 103
84 106
84 107
84 108
84 112
84 113
84 119
84 124
84 126
84 127
84 135
84 136
84 140
84 142
84 143
84 144
84 145
84 149
84 150
84 159
84 160
84 161
84 163
84 165
84 166
84 168
84 170
84 171
84 172
84 173
85 87
85 89
85 90
85 98
85 99
85 101
85 103
85 104
85 105
85 107
85 110
85 114
85 115
85 116
85 117
85 120
85 122
85 124
85 125
85 126
85 127
85 128
85 129
85 132
85 133
85 136
85 142
85 143
85 152
85 154
85 155
85 156
85 157
85 159
85 161
85 162
85 164
85 166
85 167
85 168
85 171
85 172
86 87
86 88
86 90
86 91
86 92
86 94
86 96
86 99
86 100
86 101
86 104
86 105
86 106
86 108
86 111
86 112
86 113
86 114
86 117
86 118
86 122
86 124
86 125
86 128
86 130
86 131
86 132
86 135
86 136
86 140
86 142
86 143
86 144
86 145
86 146
86 147
86 150
86 154
86 156
86 158
86 162
86 165
86 166
86 167
86 169
86 173
86 174
87 90
87 95
87 104
87 106
87 107
87 108
87 113
87 115
87 116
87 120
87 123
87 124
87 125
87 127
87 131
87 132
87 133
87 136
87 137
87 138
87 139
87 140
87 142
87 146
87 147
87 148
87 149
87 150
87 151
87 152
87 153
87 154
87 156
87 157
87 158
87 159
87 166
87 172
88 92
88 93
88 94
88 95
88 96
88 99
88 100
88 108
88 110
88 111
88 116
88 117
88 118
88 119
88 120
88 121
88 122
88 125
88 126
88 130
88 131
88 135
88 137
88 140
88 141
88 142
88 143
88 144
88 145
88 151
88 152
88 153
88 155
88 162
88 167
88 168
88 170
88 171
88 172
88 174
89 90
89 91
89 93
89 94
89 96
89 97
89 99
89 101
89 102
89 104
89 106
89 107
89 109
89 112
89 113
89 114
89 117
89 120
89 124
89 126
89 127
89 128
89 131
89 132
89 133
89 135
89 137
89 140
89 144
89 146
89 148
89 149
89 150
89 151
89 154
89 159
89 160
89 161
89 164
89 165
89 169
89 171
89 173
90 92
90 93
90 94
90 95
90 98
90 99
90 101
90 104
90 105
90 106
90 107
90 110
90 111
90 112
90 113
90 114
90 115
90 116
90 117
90 118
90 120
90 121
90 122
90 123
90 125
90 126
90 127
90 128
90 130
90 131
90 137
90 139
90 140
90 142
90 145
90 146
90 147
90 148
90 150
90 153
90 154
90 156
90 158
90 163
90 164
90 166
90 168
90 169
90 173
90 174
91 92
91 95
91 96
91 97
91 98
91 100
91 102
91 103
91 105
91 109
91 111
91 113
91 116
91 120
91 122
91 124
91 125
91 126
91 127
91 129
91 130
91 131
91 132
91 133
91 135
91 147
91 148
91 149
91 151
91 152
91 155
91 157
91 160
91 161
91 163
91 166
91 168
91 170
91 172
92 100
92 104
92 106
92 107
92 111
92 114
92 116
92 118
92 120
92 122
92 124
92 125
92 128
92 129
92 130
92 131
92 132
92 133
92 134
92 135
92 136
92 137
92 138
92 139
92 140
92 142
92 143
92 144
92 145
92 146
92 147
92 148
92 150
92 151
92 153
92 155
92 158
92 159
92 160
92 162
92 167
92 171
92 172
92 173
92 174
93 94
93 95
93 96
93 97
93 98
93 101
93 102
93 107
93 108
93 109
93 110
93 114
93 115
93 117
93 119
93 120
93 122
93 123
93 125
93 128
93 131
93 134
93 135
93 140
93 143
93 148
93 150
93 152
93 156
93 157
93 160
93 161
93 164
93 165
93 166
93 167
93 168
93 171
93 172
93 173
93 174
94 95
94 96
94 97
94 98
94 102
94 103
94 105
94 107
94 110
94 111
94 113
94 115
94 116
94 119
94 122
94 123
94 126
94 127
94 129
94 135
94 136
94 137
94 140
94 141
94 142
94 143
94 144
94 145
94 146
94 147
94 148
94 149
94 150
94 151
94 155
94 156
94 161
94 164
94 166
94 170
94 171
94 172
94 173
95 96
95 99
95 100
95 102
95 106
95 109
95 110
95 112
95 114
95 116
95 117
95 118
95 119
95 120
95 121
95 122
95 128
95 130
95 136
95 138
95 141
95 142
95 143
95 144
95 149
95 151
95 152
95 153
95 154
95 156
95 159
95 161
95 165
95 166
95 168
95 171
95 173
96 104
96 106
96 107
96 109
96 111
96 113
96 115
96 117
96 120
96 121
96 124
96 127
96 129
96 130
96 132
96 133
96 134
96 135
96 136
96 137
96 139
96 140
96 144
96 145
96 147
96 149
96 151
96 153
96 157
96 158
96 161
96 165
96 166
96 167
96 168
96 171
96 173
97 99
97 101
97 102
97 104
97 105
97 106
97 107
97 109
97 111
97 112
97 113
97 115
97 116
97 119
97 121
97 122
97 123
97 124
97 129
97 131
97 132
97 134
97 135
97 136
97 137
97 138
97 140
97 142
97 144
97 145
97 146
97 148
97 150
97 151
97 152
97 153
97 155
97 160
97 163
97 164
97 166
97 169
97 173
98 99
98 101
98 102
98 105
98 110
98 112
98 113
98 114
98 115
98 116
98 117
98 118
98 123
98 125
98 127
98 128
98 129
98 130
98 132
98 133
98 134
98 135
98 137
98 143
98 144
98 145
98 146
98 147
98 148
98 149
98 150
98 151
98 152
98 154
98 155
98 157
98 159
98 160
98 165
98 166
98 167
98 169
98 172
98 174
99 100
99 104
99 106
99 108
99 110
99 112
99 114
99 116
99 120
99 124
99 125
99 126
99 130
99 131
99 132
99 133
99 134
99 135
99 138
99 140
99 141
99 142
99 145
99 146
99 148
99 149
99 150
99 153
99 156
99 159
99 160
99 161
99 168
99 169
99 171
99 172
99 174
100 102
100 106
100 107
100 108
100 109
100 110
100 111
100 112
100 115
100 116
100 117
100 118
100 119
100 120
100 123
100 124
100 125
100 126
100 128
100 129
100 130
100 133
100 136
100 138
100 143
100 146
100 147
100 150
100 153
100 155
100 156
100 157
100 158
100 159
100 160
100 161
100 162
100 164
100 165
100 168
100 171
100 172
100 174
101 102
101 103
101 104
101 108
101 109
101 111
101 112
101 115
101 116
101 119
101 120
101 123
101 125
101 127
101 130
101 131
101 133
101 136
101 138
101 140
101 142
101 144
101 145
101 146
101 149
101 153
101 154
101 155
101 157
101 159
101 162
101 164
101 168
101 170
101 173
101 174
102 104
102 109
102 112
102 113
102 114
102 116
102 118
102 120
102 124
102 126
102 127
102 129
102 134
102 136
102 137
102 138
102 139
102 140
102 141
102 142
102 144
102 145
102 146
102 147
102 148
102 151
102 153
102 155
102 157
102 160
102 164
102 165
102 171
102 173
102 174
103 104
103 108
103 109
103 111
103 114
103 115
103 116
103 117
103 118
103 123
103 124
103 125
103 130
103 133
103 134
103 137
103 139
103 140
103 144
103 148
103 150
103 155
103 157
103 158
103 159
103 161
103 163
103 164
103 165
103 166
103 167
103 168
103 169
103 170
103 171
103 173
103 174
104 105
104 109
104 111
104 112
104 114
104 115
104 120
104 124
104 125
104 131
104 132
104 133
104 135
104 136
104 137
104 138
104 139
104 140
104 144
104 145
104 146
104 150
104 151
104 152
104 154
104 158
104 161
104 162
104 163
104 167
104 168
104 169
104 172
104 173
105 106
105 107
105 109
105 110
105 111
105 113
105 114
105 115
105 117
105 118
105 119
105 120
105 121
105 124
105 125
105 128
105 130
105 131
105 132
105 133
105 134
105 137
105 140
105 141
105 142
105 143
105 145
105 146
105 147
105 148
105 151
105 153
105 157
105 160
105 161
105 162
105 164
105 165
105 166
105 169
105 171
105 172
105 173
105 174
106 109
106 111
106 114
106 116
106 117
106 118
106 120
106 121
106 124
106 129
106 131
106 134
106 140
106 141
106 142
106 144
106 145
106 146
106 149
106 150
106 151
106 152
106 154
106 155
106 156
106 158
106 160
106 167
106 168
106 172
106 173
106 174
107 108
107 109
107 111
107 112
107 115
107 118
107 119
107 123
107 124
107 125
107 126
107 127
107 128
107 130
107 136
107 138
107 139
107 140
107 141
107 144
107 145
107 146
107 150
107 152
107 155
107 156
107 157
107 158
107 159
107 161
107 163
107 168
107 170
107 172
107 174
108 111
108 112
108 113
108 114
108 118
108 124
108 125
108 127
108 130
108 133
108 137
108 141
108 143
108 145
108 148
108 150
108 153
108 154
108 155
108 156
108 157
108 158
108 159
108 160
108 162
108 164
108 166
108 167
108 174
109 113
109 114
109 116
109 118
109 120
109 121
109 122
109 124
109 126
109 127
109 128
109 129
109 131
109 132
109 133
109 134
109 135
109 138
109 140
109 141
109 142
109 144
109 145
109 147
109 152
109 155
109 156
109 157
109 159
109 160
109 164
109 165
109 167
109 168
110 111
110 113
110 116
110 117
110 119
110 120
110 123
110 124
110 125
110 126
110 127
110 129
110 131
110 134
110 136
110 137
110 139
110 140
110 141
110 142
110 143
110 146
110 152
110 154
110 155
110 156
110 157
110 158
110 159
110 160
110 161
110 163
110 164
110 167
110 168
110 170
110 172
111 114
111 116
111 119
111 120
111 122
111 124
111 127
111 132
111 133
111 134
111 136
111 137
111 138
111 139
111 140
111 141
111 147
111 150
111 157
111 158
111 159
111 160
111 161
111 162
111 165
111 167
111 170
111 171
111 174
112 114
112 115
112 118
112 120
112 123
112 124
112 128
112 132
112 134
112 135
112 136
112 137
112 140
112 142
112 145
112 148
112 149
112 150
112 151
112 153
112 155
112 156
112 157
112 159
112 162
112 163
112 166
112 171
112 172
113 114
113 115
113 117
113 118
113 119
113 122
113 123
113 124
113 125
113 126
113 127
113 129
113 130
113 132
113 133
113 134
113 136
113 138
113 139
113 143
113 144
113 146
113 147
113 148
113 149
113 152
113 153
113 156
113 158
113 160
113 164
113 165
113 166
113 168
113 173
114 115
114 116
114 119
114 120
114 124
114 125
114 126
114 129
114 131
114 132
114 134
114 137
114 138
114 139
114 140
114 141
114 143
114 144
114 145
114 147
114 149
114 150
114 152
114 153
114 154
114 157
114 164
114 166
114 169
114 171
114 173
114 174
115 116
115 118
115 119
115 122
115 126
115 129
115 131
115 134
115 135
115 137
115 139
115 141
115 142
115 143
115 147
115 149
115 150
115 151
115 152
115 153
115 155
115 156
115 157
115 161
115 163
115 167
115 168
115 169
115 173
115 174
116 118
116 120
116 121
116 122
116 126
116 128
116 129
116 131
116 132
116 134
116 139
116 141
116 142
116 143
116 144
116 147
116 149
116 150
116 156
116 158
116 162
116 163
116 165
116 167
116 168
116 172
116 174
117 120
117 127
117 131
117 133
117 134
117 135
117 137
117 138
117 140
117 143
117 144
117 146
117 148
117 149
117 151
117 153
117 156
117 158
117 166
117 168
117 171
117 172
117 174
118 122
118 125
118 127
118 129
118 130
118 131
118 132
118 135
118 137
118 140
118 141
118 145
118 147
118 149
118 152
118 154
118 156
118 162
118 163
118 165
118 166
118 168
118 169
118 170
118 172
118 173
118 174
119 121
119 122
119 124
119 125
119 127
119 129
119 130
119 131
119 132
119 133
119 135
119 136
119 137
119 138
119 142
119 143
119 144
119 147
119 149
119 150
119 151
119 152
119 154
119 155
119 157
119 158
119 159
119 160
119 164
119 170
119 171
119 172
119 173
120 125
120 129
120 131
120 133
120 134
120 135
120 136
120 138
120 139
120 140
120 144
120 145
120 146
120 147
120 148
120 150
120 151
120 152
120 155
120 156
120 159
120 161
120 162
120 165
120 166
120 167
120 169
120 171
120 174
121 122
121 123
121 124
121 125
121 127
121 130
121 132
121 133
121 134
121 138
121 139
121 140
121 141
121 142
121 143
121 144
121 148
121 149
121 150
121 151
121 158
121 159
121 160
121 161
121 162
121 163
121 165
121 166
121 168
121 169
121 170
121 171
121 174
122 124
122 125
122 126
122 128
122 129
122 131
122 132
122 133
122 134
122 138
122 139
122 142
122 143
122 147
122 148
122 150
122 152
122 153
122 154
122 156
122 157
122 160
122 164
122 165
122 174
123 126
123 127
123 128
123 130
123 132
123 135
123 136
123 144
123 147
123 149
123 152
123 154
123 155
123 156
123 157
123 160
123 161
123 162
123 164
123 166
123 167
123 170
123 171
124 125
124 129
124 130
124 131
124 132
124 134
124 136
124 137
124 140
124 144
124 148
124 151
124 152
124 154
124 155
124 157
124 161
124 162
124 163
124 164
124 167
124 168
124 171
124 173
124 174
125 130
125 131
125 132
125 133
125 136
125 141
125 142
125 144
125 146
125 147
125 148
125 152
125 153
125 154
125 157
125 158
125 159
125 160
125 162
125 164
125 165
125 168
125 170
125 171
125 173
125 174
126 127
126 129
126 130
126 133
126 134
126 135
126 136
126 138
126 139
126 140
126 141
126 142
126 145
126 147
126 149
126 150
126 151
126 152
126 153
126 158
126 160
126 166
126 167
126 169
126 171
126 174
127 132
127 133
127 135
127 136
127 140
127 141
127 145
127 146
127 149
127 156
127 157
127 160
127 161
127 162
127 163
127 166
127 168
127 170
127 171
127 172
128 131
128 133
128 135
128 136
128 137
128 141
128 142
128 145
128 150
128 153
128 154
128 156
128 157
128 159
128 160
128 162
128 163
128 167
128 168
128 169
128 170
128 173
129 131
129 134
129 135
129 136
129 137
129 143
129 145
129 147
129 148
129 150
129 151
129 152
129 153
129 154
129 155
129 157
129 159
129 162
129 163
129 166
129 168
129 169
129 170
129 171
129 173
130 134
130 135
130 136
130 140
130 142
130 144
130 150
130 152
130 161
130 162
130 164
130 172
131 135
131 138
131 139
131 140
131 141
131 147
131 149
131 150
131 152
131 154
131 158
131 159
131 160
131 162
131 163
131 167
131 168
131 169
131 171
131 172
131 173
131 174
132 133
132 134
132 139
132 145
132 147
132 150
132 151
132 154
132 157
132 158
132 160
132 165
132 167
132 170
132 171
132 172
132 173
133 134
133 135
133 137
133 139
133 141
133 143
133 144
133 149
133 151
133 152
133 156
133 160
133 161
133 164
133 166
133 167
134 138
134 139
134 140
134 142
134 143
134 145
134 146
134 147
134 148
134 152
134 153
134 154
134 155
134 156
134 157
134 162
134 163
134 165
134 167
134 168
134 171
134 172
134 173
134 174
135 138
135 140
135 147
135 149
135 150
135 152
135 158
135 159
135 160
135 162
135 163
135 164
135 165
135 166
135 169
135 170
135 172
135 173
135 174
136 139
136 142
136 148
136 150
136 151
136 152
136 153
136 154
136 156
136 158
136 164
136 167
136 168
136 169
136 170
136 171
136 172
136 174
137 138
137 139
137 142
137 143
137 144
137 145
137 147
137 151
137 152
137 156
137 157
137 160
137 161
137 164
137 165
137 166
137 167
137 169
137 172
137 173
137 174
138 139
138 140
138 146
138 149
138 155
138 156
138 158
138 161
138 163
138 164
138 165
138 166
138 167
138 168
138 169
138 170
138 172
138 173
139 140
139 142
139 146
139 151
139 152
139 153
139 154
139 155
139 156
139 157
139 158
139 159
139 161
139 165
139 170
139 173
140 141
140 142
140 143
140 149
140 150
140 151
140 152
140 156
140 157
140 159
140 161
140 162
140 163
140 164
140 166
140 169
140 172
141 142
141 143
141 144
141 146
141 147
141 148
141 150
141 152
141 154
141 156
141 157
141 159
141 160
141 161
141 162
141 163
141 164
141 165
141 167
141 169
141 172
141 173
141 174
142 143
142 145
142 146
142 148
142 149
142 150
142 151
142 152
142 154
142 158
142 161
142 164
142 166
142 167
142 171
142 172
142 174
143 147
143 149
143 151
143 152
143 153
143 155
143 156
143 158
143 159
143 160
143 163
143 166
143 170
144 145
144 146
144 149
144 150
144 157
144 158
144 159
144 161
144 162
144 163
144 164
144 165
144 173
144 174
145 146
145 148
145 150
145 157
145 160
145 163
145 165
145 166
145 167
145 168
145 170
145 173
145 174
146 148
146 152
146 153
146 154
146 158
146 161
146 165
146 167
146 168
146 170
146 173
147 150
147 154
147 156
147 157
147 159
147 162
147 163
147 167
147 168
147 172
147 173
148 150
148 155
148 157
148 159
148 161
148 162
148 163
148 164
148 174
149 150
149 151
149 153
149 155
149 159
149 160
149 162
149 168
149 171
149 172
149 173
149 174
150 151
150 155
150 156
150 157
150 158
150 160
150 161
150 164
150 166
150 168
150 172
150 173
150 174
151 152
151 155
151 156
151 157
151 159
151 161
151 162
151 163
151 164
151 165
151 166
151 167
151 168
151 169
151 172
151 173
151 174
152 160
152 161
152 162
152 163
152 166
152 169
152 171
152 172
152 173
153 154
153 159
153 160
153 162
153 163
153 164
153 165
153 168
153 169
153 170
153 171
154 156
154 157
154 158
154 161
154 162
154 163
154 164
154 166
154 168
154 170
154 171
154 172
154 173
155 156
155 159
155 161
155 166
155 167
155 168
155 171
155 173
155 174
156 160
156 162
156 165
156 167
156 170
156 173
156 174
157 160
157 161
157 163
157 164
157 165
157 167
157 169
157 171
158 161
158 162
158 163
158 164
158 166
158 168
158 170
158 171
158 173
159 160
159 161
159 162
159 169
159 171
159 172
159 174
160 161
160 162
160 167
160 170
160 171
160 172
160 174
161 163
161 164
161 165
161 166
161 167
161 168
161 169
161 170
161 172
161 174
162 164
162 166
162 167
162 169
162 170
162 172
162 173
162 174
163 164
163 165
163 168
163 170
163 172
164 165
164 167
164 169
164 171
164 172
164 174
165 166
165 168
165 169
165 171
166 167
166 168
166 170
166 171
166 173
167 168
167 172
167 173
168 170
168 172
169 170
169 171
169 174
170 171
171 172
