0 6
0 7
0 12
0 16
0 17
0 35
0 41
0 44
0 48
1 2
1 4
1 7
1 9
1 11
1 15
1 16
1 18
1 30
1 33
1 38
1 43
2 5
2 11
2 19
2 21
2 28
2 33
2 36
2 42
3 14
3 18
3 24
3 28
3 33
3 39
3 43
4 9
4 14
4 15
4 20
4 24
4 26
4 31
4 33
4 35
4 38
4 40
4 41
4 44
5 8
5 11
5 41
5 44
5 46
6 22
6 26
6 27
6 37
6 39
6 44
6 45
6 47
7 8
7 9
7 10
7 14
7 16
7 34
7 46
8 12
8 21
8 22
8 24
8 29
8 34
8 35
8 41
8 44
8 46
9 12
9 18
9 20
9 26
9 27
9 30
9 32
9 47
10 13
10 19
10 20
10 23
10 24
10 25
10 30
10 36
10 40
10 41
10 46
10 49
11 17
11 22
11 36
11 40
11 44
11 47
12 15
12 19
12 22
12 24
12 26
12 35
13 15
13 18
13 24
13 25
13 33
13 34
13 35
13 37
13 46
13 48
14 19
14 25
14 33
14 38
14 48
15 17
15 20
15 23
15 24
15 31
15 33
15 38
15 45
15 46
15 48
16 40
16 46
16 47
16 48
17 24
17 39
17 41
17 46
18 22
18 25
18 31
18 35
18 48
19 22
19 32
19 36
19 39
19 46
19 48
20 27
20 28
20 37
20 38
20 40
20 47
21 25
21 31
21 34
21 35
21 36
21 42
21 44
22 35
22 37
22 49
23 37
23 39
23 48
24 27
24 28
24 30
24 34
24 38
24 42
24 44
25 29
25 33
25 36
25 40
25 43
25 44
26 33
26 34
26 35
26 38
26 40
26 48
27 28
27 39
27 42
27 43
27 44
27 45
27 46
28 29
28 30
28 39
28 42
28 43
28 46
28 49
29 30
29 35
29 38
30 31
30 34
30 36
30 40
30 42
31 36
31 38
31 45
32 34
32 36
32 38
32 41
32 42
32 43
32 47
33 38
33 48
34 37
34 42
35 44
35 46
36 37
37 44
37 45
37 46
37 47
38 39
38 46
38 49
40 41
40 47
41 48
42 45
42 48
43 48
44 45
44 48
45 47
