0 2
0 5
0 11
0 20
0 22
0 23
0 24
0 27
0 31
0 35
0 37
0 38
0 43
0 49
0 52
0 59
0 62
0 63
0 73
0 77
0 78
0 80
0 85
0 86
0 88
0 93
0 94
0 107
0 108
0 121
0 129
0 133
0 135
0 138
0 142
0 146
0 154
0 161
0 170
0 173
0 175
0 179
0 183
0 194
0 197
1 13
1 17
1 18
1 21
1 25
1 29
1 31
1 33
1 38
1 42
1 43
1 44
1 47
1 48
1 54
1 65
1 72
1 74
1 79
1 84
1 92
1 93
1 95
1 100
1 101
1 103
1 106
1 116
1 117
1 118
1 127
1 129
1 134
1 139
1 144
1 151
1 152
1 156
1 160
1 167
1 180
1 182
1 184
1 190
1 198
2 4
2 8
2 10
2 11
2 13
2 16
2 21
2 25
2 31
2 33
2 36
2 42
2 44
2 49
2 56
2 58
2 68
2 72
2 75
2 80
2 85
2 91
2 92
2 96
2 98
2 102
2 114
2 115
2 117
2 122
2 131
2 139
2 143
2 147
2 149
2 151
2 153
2 154
2 157
2 162
2 163
2 185
2 186
2 188
2 190
2 197
3 4
3 11
3 14
3 24
3 26
3 28
3 35
3 38
3 44
3 45
3 50
3 52
3 55
3 75
3 79
3 89
3 103
3 110
3 111
3 115
3 118
3 122
3 123
3 124
3 129
3 141
3 150
3 158
3 159
3 164
3 172
3 173
3 174
3 179
3 181
3 183
3 184
3 187
3 192
3 199
4 11
4 15
4 25
4 26
4 29
4 33
4 45
4 48
4 67
4 69
4 74
4 77
4 87
4 88
4 89
4 96
4 99
4 100
4 103
4 105
4 115
4 116
4 117
4 125
4 126
4 128
4 129
4 130
4 136
4 140
4 141
4 145
4 149
4 155
4 159
4 181
4 188
4 190
4 192
5 8
5 20
5 21
5 22
5 34
5 37
5 42
5 60
5 66
5 72
5 73
5 88
5 89
5 90
5 91
5 98
5 109
5 117
5 124
5 126
5 129
5 138
5 154
5 159
5 160
5 170
5 174
5 179
5 183
5 188
5 192
5 193
6 8
6 11
6 12
6 14
6 30
6 37
6 43
6 45
6 48
6 51
6 53
6 54
6 59
6 62
6 69
6 76
6 83
6 86
6 87
6 88
6 94
6 95
6 96
6 103
6 104
6 106
6 107
6 113
6 116
6 117
6 125
6 130
6 132
6 136
6 137
6 141
6 143
6 144
6 147
6 149
6 159
6 166
6 169
6 181
6 188
6 190
6 195
6 198
7 8
7 9
7 21
7 22
7 27
7 38
7 39
7 41
7 50
7 52
7 70
7 72
7 75
7 76
7 83
7 85
7 87
7 89
7 95
7 96
7 98
7 100
7 105
7 106
7 108
7 114
7 128
7 136
7 138
7 145
7 152
7 157
7 160
7 167
7 168
7 172
7 176
7 177
7 181
7 183
7 194
7 197
8 11
8 13
8 14
8 21
8 22
8 24
8 29
8 30
8 31
8 33
8 42
8 51
8 52
8 61
8 77
8 84
8 86
8 89
8 94
8 101
8 113
8 119
8 121
8 124
8 129
8 135
8 137
8 149
8 153
8 155
8 162
8 163
8 166
8 176
8 179
8 185
8 190
9 13
9 18
9 29
9 30
9 41
9 42
9 43
9 47
9 50
9 53
9 63
9 69
9 72
9 75
9 76
9 77
9 78
9 79
9 80
9 82
9 87
9 89
9 93
9 95
9 98
9 111
9 112
9 117
9 120
9 142
9 145
9 150
9 163
9 165
9 172
9 174
9 181
9 184
9 186
9 191
9 193
9 195
10 13
10 24
10 26
10 28
10 32
10 40
10 44
10 54
10 59
10 65
10 79
10 81
10 83
10 90
10 92
10 101
10 103
10 104
10 110
10 112
10 117
10 121
10 122
10 123
10 143
10 151
10 152
10 159
10 161
10 163
10 169
10 174
10 179
10 185
10 189
10 191
10 194
11 14
11 21
11 22
11 29
11 32
11 33
11 44
11 51
11 53
11 55
11 57
11 62
11 80
11 84
11 92
11 93
11 95
11 111
11 115
11 125
11 126
11 132
11 146
11 152
11 154
11 157
11 158
11 159
11 160
11 167
11 171
11 177
11 180
11 191
11 195
12 13
12 16
12 27
12 30
12 34
12 36
12 37
12 43
12 44
12 46
12 51
12 56
12 62
12 73
12 77
12 78
12 81
12 87
12 97
12 102
12 109
12 120
12 125
12 128
12 129
12 133
12 139
12 144
12 146
12 148
12 149
12 153
12 158
12 163
12 165
12 174
12 178
12 180
13 16
13 17
13 21
13 31
13 36
13 37
13 49
13 60
13 61
13 62
13 66
13 68
13 72
13 73
13 77
13 80
13 84
13 87
13 99
13 104
13 105
13 108
13 114
13 115
13 116
13 121
13 127
13 128
13 138
13 144
13 146
13 151
13 153
13 154
13 155
13 156
13 160
13 164
13 168
13 173
13 177
13 181
13 184
13 187
13 190
14 29
14 32
14 36
14 46
14 47
14 48
14 52
14 54
14 55
14 58
14 62
14 68
14 70
14 71
14 73
14 75
14 76
14 78
14 84
14 91
14 92
14 100
14 102
14 103
14 107
14 110
14 122
14 126
14 133
14 137
14 147
14 152
14 156
14 159
14 164
14 174
14 187
14 193
14 197
14 198
15 17
15 24
15 25
15 31
15 36
15 37
15 38
15 41
15 48
15 57
15 62
15 67
15 68
15 69
15 70
15 73
15 74
15 76
15 77
15 88
15 94
15 101
15 103
15 108
15 122
15 125
15 127
15 129
15 135
15 150
15 151
15 152
15 153
15 162
15 166
15 168
15 173
15 176
15 181
15 183
15 184
15 185
15 189
15 192
15 193
16 28
16 39
16 41
16 45
16 51
16 53
16 73
16 77
16 79
16 81
16 83
16 85
16 86
16 93
16 111
16 112
16 117
16 119
16 120
16 124
16 130
16 137
16 154
16 156
16 158
16 159
16 166
16 170
16 181
16 182
16 183
16 188
16 196
16 197
17 20
17 29
17 33
17 48
17 49
17 56
17 57
17 60
17 67
17 70
17 73
17 79
17 88
17 89
17 90
17 93
17 96
17 103
17 104
17 114
17 121
17 124
17 125
17 146
17 154
17 157
17 158
17 162
17 164
17 166
17 169
17 173
17 174
17 178
17 186
17 188
17 192
17 193
18 22
18 26
18 31
18 37
18 43
18 44
18 50
18 54
18 55
18 58
18 63
18 64
18 66
18 72
18 75
18 80
18 82
18 89
18 95
18 97
18 101
18 115
18 121
18 126
18 127
18 133
18 137
18 159
18 161
18 163
18 164
18 167
18 168
18 172
18 177
18 184
18 185
19 26
19 28
19 31
19 33
19 34
19 38
19 39
19 45
19 48
19 51
19 53
19 68
19 71
19 76
19 77
19 79
19 80
19 81
19 82
19 85
19 93
19 94
19 99
19 102
19 103
19 113
19 117
19 121
19 133
19 134
19 143
19 151
19 171
19 172
19 181
19 184
19 189
19 194
19 197
19 198
20 28
20 40
20 44
20 61
20 67
20 76
20 82
20 84
20 97
20 108
20 124
20 126
20 132
20 133
20 134
20 138
20 147
20 160
20 161
20 171
20 173
20 176
20 182
20 186
20 189
20 197
21 22
21 23
21 31
21 33
21 35
21 42
21 46
21 50
21 51
21 53
21 54
21 56
21 61
21 67
21 69
21 97
21 100
21 104
21 105
21 108
21 114
21 115
21 124
21 127
21 133
21 138
21 141
21 143
21 147
21 148
21 165
21 174
21 175
21 177
21 190
21 192
21 193
21 196
22 24
22 30
22 31
22 35
22 37
22 43
22 48
22 50
22 56
22 61
22 72
22 73
22 78
22 79
22 82
22 84
22 88
22 93
22 97
22 116
22 119
22 125
22 129
22 146
22 148
22 150
22 151
22 158
22 162
22 165
22 168
22 170
22 180
22 187
22 188
22 194
22 197
22 198
23 26
23 27
23 28
23 30
23 33
23 38
23 43
23 49
23 50
23 51
23 62
23 63
23 65
23 72
23 75
23 84
23 90
23 97
23 98
23 101
23 105
23 106
23 112
23 113
23 117
23 118
23 122
23 123
23 128
23 133
23 144
23 150
23 151
23 162
23 169
23 170
23 172
23 182
23 184
23 186
23 197
24 28
24 30
24 34
24 38
24 42
24 46
24 56
24 60
24 68
24 73
24 75
24 78
24 81
24 82
24 84
24 85
24 89
24 91
24 101
24 109
24 113
24 118
24 121
24 122
24 125
24 136
24 139
24 140
24 141
24 155
24 158
24 161
24 165
24 169
24 177
24 179
24 191
24 193
24 197
25 32
25 38
25 39
25 61
25 73
25 74
25 79
25 81
25 94
25 95
25 96
25 98
25 100
25 101
25 115
25 119
25 120
25 128
25 133
25 143
25 153
25 155
25 157
25 170
25 179
25 184
25 190
25 192
25 199
26 30
26 36
26 40
26 46
26 56
26 69
26 71
26 77
26 80
26 83
26 89
26 91
26 98
26 100
26 107
26 113
26 116
26 124
26 127
26 135
26 137
26 142
26 147
26 152
26 155
26 156
26 158
26 166
26 167
26 169
26 171
26 181
26 186
26 195
26 199
27 28
27 29
27 33
27 34
27 36
27 42
27 43
27 46
27 53
27 54
27 63
27 65
27 69
27 70
27 90
27 93
27 96
27 97
27 99
27 100
27 101
27 106
27 109
27 116
27 117
27 118
27 123
27 126
27 127
27 133
27 134
27 140
27 147
27 149
27 155
27 156
27 159
27 167
27 170
27 175
27 184
27 185
27 186
27 196
28 37
28 39
28 41
28 42
28 44
28 50
28 63
28 65
28 68
28 69
28 70
28 72
28 73
28 81
28 85
28 90
28 91
28 93
28 100
28 104
28 105
28 107
28 108
28 110
28 113
28 115
28 117
28 122
28 129
28 131
28 132
28 137
28 145
28 146
28 150
28 155
28 167
28 168
28 170
28 171
28 177
28 179
28 180
28 181
28 189
28 197
29 32
29 38
29 43
29 46
29 51
29 53
29 54
29 55
29 66
29 76
29 79
29 83
29 88
29 100
29 109
29 114
29 119
29 120
29 131
29 134
29 139
29 146
29 150
29 154
29 155
29 158
29 161
29 162
29 164
29 167
29 178
29 180
29 181
29 182
29 195
29 196
29 199
30 31
30 34
30 35
30 38
30 39
30 49
30 57
30 62
30 69
30 70
30 80
30 84
30 87
30 88
30 90
30 94
30 95
30 98
30 103
30 106
30 115
30 120
30 121
30 132
30 157
30 159
30 168
30 169
30 170
30 173
30 181
30 192
30 199
31 36
31 43
31 52
31 59
31 62
31 63
31 64
31 68
31 78
31 82
31 84
31 85
31 89
31 94
31 107
31 113
31 114
31 120
31 122
31 131
31 147
31 149
31 152
31 159
31 163
31 166
31 174
31 176
31 180
31 185
31 186
31 192
31 193
32 39
32 48
32 53
32 54
32 61
32 62
32 67
32 68
32 70
32 76
32 81
32 91
32 98
32 101
32 105
32 107
32 110
32 111
32 119
32 120
32 128
32 134
32 136
32 141
32 148
32 151
32 153
32 162
32 168
32 180
32 185
32 187
32 191
32 193
32 195
32 196
33 34
33 36
33 46
33 47
33 54
33 59
33 70
33 71
33 72
33 83
33 84
33 85
33 86
33 91
33 94
33 97
33 103
33 104
33 112
33 113
33 115
33 118
33 130
33 138
33 143
33 147
33 152
33 155
33 156
33 158
33 161
33 168
33 170
33 174
33 180
33 186
34 37
34 45
34 52
34 54
34 59
34 63
34 69
34 71
34 77
34 78
34 79
34 85
34 95
34 98
34 102
34 110
34 112
34 123
34 125
34 127
34 128
34 134
34 144
34 157
34 163
34 166
34 178
34 192
34 199
35 41
35 43
35 44
35 51
35 52
35 56
35 58
35 64
35 65
35 71
35 79
35 83
35 86
35 92
35 95
35 103
35 109
35 120
35 126
35 128
35 132
35 134
35 135
35 137
35 146
35 158
35 163
35 170
35 175
35 184
35 188
35 191
35 195
36 38
36 41
36 43
36 50
36 53
36 56
36 57
36 61
36 62
36 81
36 85
36 97
36 102
36 106
36 109
36 111
36 116
36 122
36 124
36 128
36 129
36 138
36 140
36 150
36 153
36 156
36 158
36 166
36 168
36 169
36 175
36 180
36 182
36 183
36 187
36 188
36 195
36 197
36 199
37 38
37 45
37 46
37 64
37 65
37 70
37 73
37 75
37 78
37 81
37 84
37 97
37 103
37 131
37 132
37 140
37 146
37 154
37 155
37 163
37 164
37 166
37 170
37 183
37 188
37 193
37 194
38 58
38 61
38 81
38 96
38 97
38 99
38 101
38 106
38 108
38 109
38 115
38 116
38 117
38 118
38 120
38 125
38 129
38 135
38 138
38 142
38 148
38 150
38 153
38 157
38 172
38 179
38 192
38 199
39 43
39 46
39 49
39 50
39 53
39 55
39 61
39 68
39 79
39 80
39 81
39 83
39 85
39 87
39 95
39 99
39 100
39 104
39 111
39 114
39 119
39 132
39 134
39 135
39 139
39 141
39 144
39 153
39 157
39 159
39 161
39 162
39 163
39 165
39 170
39 190
39 192
39 194
39 196
39 198
40 45
40 53
40 61
40 64
40 65
40 73
40 76
40 79
40 84
40 90
40 95
40 108
40 109
40 111
40 112
40 122
40 125
40 128
40 129
40 130
40 133
40 139
40 148
40 155
40 158
40 164
40 169
40 174
40 181
40 183
40 185
40 194
40 197
40 199
41 56
41 64
41 68
41 69
41 81
41 86
41 88
41 95
41 97
41 99
41 105
41 112
41 115
41 121
41 125
41 132
41 134
41 135
41 137
41 139
41 146
41 150
41 161
41 163
41 166
41 175
41 182
41 189
41 190
41 192
41 193
42 45
42 55
42 64
42 68
42 71
42 76
42 82
42 94
42 96
42 99
42 105
42 111
42 112
42 117
42 121
42 123
42 126
42 127
42 134
42 135
42 139
42 143
42 146
42 148
42 150
42 165
42 171
42 184
42 187
42 188
42 189
42 193
42 199
43 46
43 53
43 54
43 60
43 61
43 64
43 67
43 86
43 88
43 90
43 101
43 107
43 109
43 113
43 117
43 118
43 119
43 139
43 141
43 144
43 184
43 190
43 195
44 51
44 64
44 65
44 67
44 68
44 70
44 73
44 77
44 94
44 99
44 105
44 117
44 119
44 136
44 146
44 150
44 152
44 154
44 167
44 170
44 171
44 174
44 188
44 193
44 197
45 47
45 55
45 62
45 63
45 65
45 71
45 86
45 91
45 95
45 104
45 105
45 116
45 117
45 119
45 124
45 128
45 130
45 131
45 142
45 146
45 148
45 152
45 156
45 161
45 171
45 173
45 175
45 188
45 197
45 199
46 51
46 54
46 55
46 58
46 61
46 65
46 70
46 76
46 79
46 92
46 95
46 97
46 98
46 108
46 110
46 120
46 129
46 132
46 134
46 137
46 139
46 142
46 143
46 154
46 156
46 157
46 171
46 174
46 175
46 181
46 182
46 184
46 193
47 49
47 52
47 56
47 60
47 62
47 67
47 68
47 73
47 74
47 77
47 85
47 86
47 88
47 94
47 95
47 100
47 103
47 106
47 107
47 109
47 126
47 129
47 132
47 136
47 142
47 143
47 145
47 149
47 151
47 153
47 158
47 166
47 169
47 174
47 191
47 196
47 198
48 49
48 55
48 65
48 73
48 81
48 105
48 111
48 117
48 119
48 124
48 125
48 127
48 129
48 132
48 140
48 155
48 162
48 165
48 166
48 168
48 171
48 173
48 182
48 184
48 186
48 188
48 189
48 195
49 64
49 69
49 93
49 100
49 110
49 115
49 140
49 143
49 150
49 151
49 152
49 153
49 154
49 158
49 164
49 165
49 167
49 171
49 181
49 182
49 188
49 193
49 196
50 53
50 55
50 71
50 77
50 78
50 80
50 89
50 103
50 104
50 105
50 106
50 110
50 143
50 146
50 152
50 154
50 160
50 174
50 177
50 178
50 184
50 185
50 191
50 199
51 52
51 55
51 63
51 67
51 76
51 85
51 88
51 89
51 90
51 104
51 111
51 112
51 115
51 125
51 133
51 142
51 143
51 149
51 159
51 161
51 169
51 180
51 182
51 190
51 195
51 196
51 199
52 57
52 58
52 69
52 76
52 77
52 80
52 108
52 117
52 123
52 124
52 129
52 137
52 155
52 156
52 161
52 186
52 189
52 193
52 194
52 197
52 199
53 60
53 64
53 73
53 79
53 103
53 104
53 113
53 116
53 117
53 122
53 132
53 133
53 139
53 141
53 148
53 150
53 151
53 159
53 160
53 162
53 167
53 171
53 181
53 194
54 59
54 68
54 71
54 72
54 75
54 76
54 79
54 92
54 93
54 97
54 105
54 106
54 111
54 118
54 127
54 146
54 148
54 156
54 160
54 161
54 162
54 164
54 169
54 172
54 177
54 181
54 182
54 187
55 57
55 70
55 73
55 83
55 85
55 86
55 91
55 97
55 98
55 99
55 102
55 107
55 117
55 131
55 134
55 137
55 142
55 144
55 148
55 149
55 150
55 155
55 164
55 168
55 177
55 182
55 188
55 195
56 65
56 68
56 77
56 79
56 80
56 81
56 86
56 87
56 88
56 90
56 91
56 99
56 104
56 113
56 116
56 118
56 124
56 125
56 134
56 137
56 140
56 152
56 155
56 166
56 176
56 181
56 183
56 193
57 58
57 60
57 61
57 63
57 79
57 81
57 82
57 83
57 90
57 93
57 98
57 106
57 109
57 116
57 117
57 118
57 120
57 124
57 127
57 129
57 133
57 157
57 159
57 173
57 183
57 184
57 187
57 191
57 195
57 196
57 198
58 59
58 62
58 63
58 69
58 72
58 74
58 75
58 76
58 78
58 85
58 96
58 112
58 115
58 117
58 119
58 122
58 128
58 130
58 133
58 136
58 138
58 139
58 141
58 149
58 152
58 157
58 161
58 164
58 169
58 179
58 180
58 183
58 189
58 191
58 192
58 194
58 199
59 60
59 67
59 69
59 73
59 75
59 79
59 86
59 92
59 95
59 97
59 103
59 106
59 113
59 115
59 119
59 121
59 138
59 144
59 146
59 156
59 162
59 164
59 167
59 173
59 176
59 177
59 181
59 183
59 186
59 188
59 197
59 198
60 74
60 76
60 83
60 91
60 97
60 102
60 107
60 114
60 118
60 119
60 121
60 126
60 127
60 132
60 136
60 137
60 139
60 142
60 149
60 154
60 155
60 157
60 162
60 167
60 168
60 179
60 180
60 192
60 196
61 67
61 70
61 71
61 79
61 82
61 85
61 87
61 89
61 90
61 91
61 100
61 110
61 111
61 116
61 124
61 144
61 151
61 152
61 156
61 157
61 160
61 164
61 167
61 169
61 172
61 186
61 193
61 198
62 66
62 69
62 73
62 75
62 79
62 94
62 97
62 99
62 100
62 101
62 107
62 111
62 117
62 122
62 123
62 125
62 131
62 133
62 134
62 136
62 139
62 141
62 142
62 147
62 153
62 162
62 163
62 166
62 168
62 178
62 181
62 184
62 185
62 186
62 189
62 193
62 194
62 197
62 199
63 64
63 66
63 70
63 71
63 73
63 76
63 81
63 91
63 92
63 94
63 97
63 107
63 110
63 113
63 120
63 128
63 134
63 136
63 141
63 142
63 147
63 157
63 158
63 160
63 162
63 165
63 168
63 171
63 172
63 177
63 192
64 68
64 75
64 82
64 86
64 90
64 93
64 96
64 99
64 100
64 105
64 109
64 110
64 113
64 120
64 123
64 124
64 125
64 129
64 132
64 133
64 135
64 139
64 147
64 148
64 149
64 157
64 160
64 169
64 175
64 185
64 189
64 193
64 199
65 68
65 76
65 83
65 94
65 95
65 96
65 100
65 101
65 103
65 104
65 109
65 113
65 115
65 119
65 121
65 126
65 136
65 159
65 166
65 178
65 179
65 180
65 181
65 182
65 188
65 189
65 194
66 70
66 71
66 74
66 88
66 95
66 98
66 106
66 109
66 112
66 113
66 114
66 115
66 120
66 131
66 134
66 144
66 150
66 151
66 159
66 169
66 172
66 176
66 186
66 189
66 196
66 199
67 68
67 69
67 71
67 73
67 75
67 76
67 77
67 80
67 83
67 91
67 92
67 103
67 121
67 132
67 133
67 136
67 147
67 155
67 156
67 170
67 174
67 181
67 185
67 187
68 69
68 76
68 83
68 85
68 86
68 98
68 102
68 117
68 120
68 123
68 126
68 131
68 138
68 139
68 145
68 148
68 155
68 160
68 164
68 170
68 171
68 174
68 185
68 187
68 199
69 77
69 80
69 83
69 89
69 90
69 94
69 106
69 107
69 109
69 111
69 114
69 115
69 123
69 125
69 126
69 128
69 130
69 135
69 136
69 141
69 151
69 161
69 167
69 177
69 179
69 181
69 182
69 184
69 185
69 186
69 189
69 194
70 71
70 105
70 106
70 107
70 108
70 109
70 117
70 123
70 130
70 137
70 141
70 142
70 144
70 159
70 160
70 173
70 178
70 179
70 186
70 198
71 72
71 75
71 91
71 95
71 99
71 101
71 102
71 103
71 111
71 116
71 120
71 128
71 145
71 152
71 154
71 165
71 168
71 169
71 176
71 178
71 180
71 181
71 183
71 185
71 191
71 194
72 76
72 77
72 78
72 83
72 91
72 107
72 109
72 114
72 117
72 119
72 120
72 122
72 127
72 139
72 140
72 141
72 161
72 162
72 165
72 167
72 170
72 174
72 176
72 177
72 184
72 192
72 193
72 195
73 75
73 81
73 82
73 84
73 91
73 92
73 93
73 98
73 102
73 105
73 110
73 114
73 115
73 116
73 117
73 127
73 136
73 138
73 139
73 140
73 145
73 146
73 155
73 168
73 176
73 177
73 178
73 181
73 182
73 186
73 197
73 198
74 76
74 77
74 78
74 93
74 101
74 110
74 116
74 120
74 122
74 125
74 126
74 127
74 130
74 136
74 163
74 166
74 168
74 174
74 179
74 188
75 79
75 81
75 83
75 84
75 86
75 95
75 98
75 111
75 114
75 121
75 123
75 128
75 129
75 131
75 134
75 136
75 139
75 140
75 141
75 142
75 147
75 154
75 157
75 158
75 161
75 162
75 173
75 176
75 180
75 183
75 186
75 187
75 192
76 84
76 86
76 88
76 93
76 94
76 117
76 124
76 129
76 134
76 137
76 144
76 145
76 166
76 174
76 175
76 178
76 182
76 184
76 185
76 187
76 196
76 197
76 199
77 93
77 94
77 103
77 112
77 114
77 121
77 130
77 133
77 136
77 141
77 146
77 148
77 158
77 160
77 170
77 181
77 182
77 187
77 190
78 81
78 88
78 93
78 124
78 125
78 126
78 136
78 137
78 143
78 147
78 150
78 157
78 167
78 170
78 174
78 177
78 179
78 183
78 185
78 188
78 189
78 192
78 195
78 199
79 82
79 86
79 92
79 97
79 101
79 122
79 135
79 136
79 143
79 144
79 151
79 168
79 169
79 176
79 178
80 87
80 93
80 103
80 105
80 109
80 110
80 111
80 118
80 119
80 121
80 123
80 125
80 127
80 134
80 142
80 154
80 155
80 159
80 164
80 172
80 177
80 199
81 82
81 85
81 89
81 93
81 98
81 100
81 103
81 104
81 114
81 122
81 123
81 128
81 135
81 137
81 139
81 140
81 145
81 149
81 151
81 152
81 155
81 156
81 157
81 159
81 162
81 165
81 166
81 167
81 171
81 172
81 174
81 176
81 182
82 87
82 88
82 97
82 101
82 103
82 104
82 110
82 126
82 127
82 131
82 135
82 138
82 139
82 147
82 168
82 174
82 181
82 184
82 193
82 198
83 100
83 101
83 102
83 107
83 110
83 115
83 121
83 128
83 132
83 136
83 138
83 154
83 156
83 167
83 172
83 177
83 179
83 183
83 185
83 187
83 191
83 193
83 197
84 86
84 89
84 90
84 93
84 97
84 98
84 100
84 101
84 107
84 109
84 110
84 116
84 129
84 134
84 135
84 138
84 140
84 141
84 147
84 152
84 159
84 166
84 168
84 176
84 190
84 197
85 88
85 90
85 102
85 109
85 111
85 120
85 126
85 129
85 134
85 137
85 144
85 157
85 158
85 160
85 161
85 169
85 187
85 188
85 196
86 87
86 88
86 90
86 91
86 99
86 106
86 119
86 128
86 129
86 134
86 138
86 141
86 150
86 151
86 155
86 160
86 163
86 175
86 178
86 179
86 182
87 89
87 91
87 104
87 105
87 117
87 121
87 124
87 137
87 142
87 149
87 150
87 164
87 167
87 168
87 179
87 181
87 182
87 184
87 189
87 194
88 90
88 93
88 95
88 103
88 111
88 118
88 121
88 126
88 128
88 129
88 130
88 133
88 140
88 144
88 147
88 166
88 170
88 172
88 174
88 180
88 181
88 182
88 183
89 96
89 99
89 107
89 116
89 117
89 122
89 123
89 131
89 133
89 136
89 138
89 139
89 141
89 143
89 149
89 154
89 166
89 169
89 175
89 176
89 181
89 187
89 188
89 190
89 194
90 94
90 104
90 111
90 115
90 119
90 122
90 123
90 124
90 134
90 136
90 137
90 144
90 150
90 155
90 156
90 161
90 167
90 178
90 187
90 189
90 199
91 95
91 96
91 98
91 105
91 109
91 111
91 118
91 123
91 124
91 130
91 134
91 135
91 137
91 138
91 141
91 143
91 144
91 154
91 155
91 167
91 185
91 189
91 192
91 197
92 94
92 103
92 106
92 107
92 108
92 113
92 118
92 121
92 122
92 123
92 126
92 127
92 130
92 132
92 135
92 137
92 144
92 149
92 150
92 151
92 152
92 159
92 171
92 176
92 182
92 183
92 199
93 94
93 97
93 110
93 112
93 113
93 121
93 131
93 132
93 142
93 145
93 155
93 156
93 173
93 174
93 175
93 176
93 181
93 193
94 95
94 97
94 100
94 102
94 110
94 132
94 138
94 139
94 146
94 147
94 157
94 162
94 164
94 177
94 196
95 98
95 101
95 102
95 103
95 105
95 109
95 128
95 129
95 130
95 136
95 138
95 140
95 156
95 160
95 165
95 169
95 172
95 175
95 177
95 179
95 180
95 188
95 190
95 192
95 195
95 198
96 99
96 100
96 105
96 106
96 117
96 125
96 126
96 132
96 136
96 137
96 143
96 145
96 146
96 151
96 153
96 156
96 166
96 168
96 175
96 182
96 184
96 185
96 193
97 104
97 110
97 114
97 115
97 121
97 129
97 130
97 131
97 142
97 148
97 163
97 166
97 170
97 172
97 182
97 195
98 100
98 101
98 111
98 116
98 126
98 129
98 137
98 141
98 142
98 144
98 147
98 152
98 157
98 158
98 168
98 173
98 179
98 185
98 189
98 193
98 198
99 102
99 104
99 105
99 106
99 110
99 115
99 122
99 132
99 134
99 141
99 154
99 158
99 164
99 165
99 174
99 176
99 182
99 183
99 186
99 187
99 194
100 104
100 108
100 109
100 110
100 115
100 118
100 119
100 133
100 141
100 148
100 149
100 155
100 156
100 157
100 165
100 176
100 180
100 184
100 188
100 191
101 105
101 108
101 111
101 118
101 121
101 122
101 123
101 126
101 127
101 144
101 149
101 154
101 161
101 162
101 195
101 199
102 105
102 106
102 109
102 111
102 114
102 116
102 120
102 125
102 126
102 133
102 134
102 135
102 137
102 138
102 141
102 142
102 149
102 161
102 162
102 163
102 170
102 171
102 173
102 174
102 179
102 187
103 104
103 116
103 133
103 136
103 138
103 140
103 142
103 144
103 147
103 148
103 156
103 157
103 164
103 181
103 183
103 190
103 194
103 195
104 110
104 111
104 115
104 124
104 130
104 132
104 136
104 139
104 140
104 154
104 161
104 164
104 172
104 179
104 185
104 197
105 106
105 117
105 122
105 123
105 126
105 129
105 134
105 139
105 140
105 151
105 155
105 168
105 169
105 170
105 171
105 172
105 176
105 185
105 192
105 196
106 120
106 128
106 130
106 133
106 140
106 151
106 156
106 157
106 161
106 165
106 170
106 171
106 184
106 186
106 187
106 191
107 109
107 113
107 121
107 124
107 125
107 128
107 134
107 139
107 144
107 145
107 148
107 152
107 156
107 157
107 166
107 167
107 170
107 172
107 175
107 179
107 183
107 197
107 199
108 111
108 117
108 124
108 125
108 127
108 134
108 141
108 149
108 158
108 159
108 160
108 163
108 164
108 166
108 169
108 171
108 177
108 185
109 120
109 121
109 131
109 135
109 139
109 142
109 145
109 148
109 149
109 153
109 161
109 163
109 166
109 169
109 171
109 173
109 174
109 178
109 187
109 191
109 192
109 193
110 113
110 114
110 117
110 118
110 122
110 126
110 127
110 142
110 149
110 153
110 162
110 168
110 171
110 172
111 112
111 119
111 122
111 125
111 127
111 128
111 132
111 135
111 137
111 140
111 141
111 151
111 156
111 161
111 182
111 183
111 185
111 189
111 192
111 196
112 117
112 136
112 141
112 143
112 146
112 151
112 152
112 153
112 154
112 160
112 170
112 172
112 174
112 176
112 181
112 186
112 191
112 196
112 197
112 199
113 114
113 126
113 127
113 130
113 134
113 136
113 138
113 144
113 151
113 153
113 155
113 161
113 166
113 168
113 169
113 173
113 175
113 185
113 196
113 199
114 118
114 121
114 125
114 128
114 133
114 134
114 135
114 141
114 149
114 154
114 158
114 165
114 179
114 184
114 188
114 193
114 198
115 117
115 122
115 127
115 128
115 132
115 134
115 139
115 140
115 146
115 154
115 156
115 157
115 160
115 161
115 162
115 168
115 178
115 181
115 184
115 185
115 189
115 198
116 119
116 129
116 130
116 149
116 155
116 160
116 165
116 171
116 173
116 190
116 193
116 196
116 199
117 120
117 121
117 123
117 127
117 131
117 136
117 139
117 148
117 157
117 160
117 161
117 164
117 169
117 174
117 179
117 184
117 187
117 190
118 119
118 120
118 125
118 126
118 127
118 142
118 147
118 151
118 152
118 153
118 155
118 159
118 165
118 167
118 174
118 177
118 179
118 183
118 190
118 192
119 123
119 131
119 135
119 141
119 142
119 146
119 150
119 151
119 152
119 154
119 155
119 157
119 165
119 173
119 175
119 179
119 191
119 194
119 196
120 121
120 136
120 144
120 149
120 150
120 155
120 158
120 161
120 163
120 166
120 168
120 173
120 174
120 177
120 182
120 186
120 198
120 199
121 127
121 133
121 138
121 149
121 150
121 154
121 158
121 164
121 166
121 167
121 178
121 179
121 184
121 193
121 196
122 129
122 133
122 143
122 150
122 151
122 154
122 160
122 168
122 173
122 174
122 183
122 191
122 193
122 194
123 128
123 149
123 150
123 151
123 164
123 169
123 170
123 173
123 180
123 182
123 199
124 126
124 127
124 129
124 130
124 148
124 150
124 153
124 158
124 160
124 161
124 170
124 174
124 176
124 179
124 181
124 185
124 187
124 188
124 193
124 198
125 128
125 129
125 132
125 137
125 147
125 151
125 161
125 166
125 167
125 176
125 178
125 185
125 189
125 190
125 191
125 192
125 193
125 194
125 196
125 199
126 128
126 133
126 137
126 139
126 148
126 149
126 160
126 177
126 178
126 188
127 141
127 153
127 154
127 158
127 172
127 176
127 177
127 180
127 186
127 196
127 199
128 138
128 141
128 145
128 146
128 147
128 153
128 159
128 161
128 166
128 172
128 180
128 182
128 188
128 195
129 134
129 136
129 137
129 145
129 151
129 153
129 169
129 184
129 192
129 194
130 133
130 135
130 136
130 149
130 150
130 153
130 161
130 166
130 181
130 190
130 191
130 194
130 196
130 198
131 134
131 149
131 161
131 181
131 183
131 185
131 186
131 188
131 190
132 134
132 143
132 144
132 147
132 149
132 152
132 153
132 160
132 161
132 163
132 168
132 169
132 173
132 175
132 183
132 188
133 141
133 147
133 149
133 153
133 154
133 156
133 160
133 165
133 170
133 174
133 179
133 181
133 183
133 184
133 189
133 192
134 136
134 143
134 157
134 162
134 163
134 168
134 174
134 176
134 178
134 181
134 182
134 185
134 187
134 193
135 155
135 156
135 157
135 163
135 173
135 175
135 177
135 186
135 187
135 192
136 138
136 141
136 142
136 148
136 150
136 155
136 157
136 163
136 167
136 171
136 175
136 177
136 178
136 187
136 192
136 194
136 195
136 197
136 198
137 140
137 141
137 146
137 149
137 150
137 156
137 168
137 170
137 176
137 180
137 184
137 185
137 188
138 142
138 156
138 159
138 162
138 168
138 173
138 181
138 187
138 193
138 195
139 140
139 145
139 148
139 153
139 158
139 164
139 168
139 169
139 175
139 179
139 187
139 193
140 142
140 148
140 149
140 158
140 161
140 167
140 169
140 175
140 178
140 181
140 183
140 188
140 191
141 142
141 146
141 152
141 155
141 167
141 173
141 177
141 179
141 180
141 184
141 191
142 145
142 154
142 156
142 159
142 162
142 178
142 197
143 144
143 146
143 151
143 159
143 166
143 169
143 178
143 189
143 191
143 193
143 195
144 152
144 155
144 159
144 160
144 165
144 176
144 179
144 180
144 184
144 191
144 194
144 197
145 149
145 155
145 156
145 157
145 160
145 176
145 180
145 187
145 189
145 190
146 153
146 163
146 166
146 172
146 174
146 183
146 195
146 196
147 151
147 179
147 183
148 153
148 154
148 158
148 163
148 165
148 169
148 176
148 179
148 181
148 192
148 195
148 196
148 197
149 154
149 158
149 168
149 170
149 172
149 173
149 174
149 175
149 177
149 178
149 180
149 185
149 189
149 193
149 194
150 151
150 159
150 161
150 166
150 168
150 173
150 179
150 187
150 194
150 197
151 154
151 158
151 160
151 162
151 164
151 167
151 170
151 178
151 181
151 186
151 190
151 194
152 155
152 157
152 158
152 167
152 174
152 180
152 184
152 187
152 188
152 190
152 193
153 158
153 162
153 164
153 169
153 173
153 178
153 181
153 185
153 190
153 192
153 195
153 196
154 161
154 165
154 178
154 182
154 184
154 192
155 157
155 159
155 165
155 166
155 171
155 173
155 185
155 191
156 161
156 164
156 167
156 186
156 195
156 197
157 158
157 163
157 170
157 179
157 186
157 188
157 195
157 196
158 160
158 167
158 171
158 186
158 194
158 197
159 160
159 162
159 183
159 191
159 192
160 183
161 166
161 167
161 171
161 177
161 181
161 188
161 190
161 192
161 199
162 171
162 181
162 182
162 186
162 190
162 193
162 198
162 199
163 165
163 167
163 168
163 175
163 182
163 190
163 192
163 195
164 171
164 174
164 183
164 187
164 188
164 195
164 198
165 166
165 167
165 170
165 172
165 186
165 189
165 192
166 178
166 179
166 180
166 181
166 183
166 186
166 189
166 192
166 194
167 171
167 176
167 177
167 179
167 181
167 184
167 186
167 187
167 190
168 172
168 174
168 176
168 177
168 187
168 196
169 184
169 186
169 188
169 195
170 177
170 178
170 180
170 181
170 184
170 188
170 189
170 191
170 199
171 178
171 184
171 190
171 198
171 199
172 177
172 184
172 186
172 190
173 176
173 179
173 182
173 185
173 195
174 182
174 188
174 194
174 198
175 176
175 177
175 185
175 199
176 178
176 180
176 181
176 183
176 185
176 191
176 193
177 183
177 184
177 190
177 191
177 198
178 182
178 183
178 185
178 188
178 189
178 191
178 194
178 195
178 196
178 197
179 184
179 186
179 195
179 196
179 198
180 186
180 188
180 191
180 194
180 197
180 199
181 186
181 187
181 189
181 194
181 199
182 185
182 187
182 188
182 193
183 185
183 193
185 189
185 190
185 191
185 192
185 193
185 196
186 191
187 192
187 197
188 193
188 194
189 191
189 193
189 196
189 197
190 194
191 193
191 196
191 197
191 198
192 198
193 199
195 198
196 197
196 199
197 199
198 199
