0 1
0 2
0 3
0 5
0 6
0 7
0 8
0 9
0 10
0 12
0 13
0 14
0 15
0 17
0 21
0 24
0 26
0 30
0 35
0 38
0 39
0 42
0 46
0 49
0 51
0 55
0 57
0 58
0 59
0 60
0 61
0 63
0 64
0 67
0 69
0 73
0 74
1 3
1 4
1 5
1 6
1 7
1 8
1 10
1 12
1 20
1 21
1 22
1 23
1 24
1 27
1 29
1 38
1 39
1 44
1 46
1 48
1 49
1 50
1 53
1 56
1 57
1 59
1 60
1 63
1 65
1 66
1 67
1 71
1 73
1 74
2 3
2 5
2 9
2 10
2 12
2 15
2 21
2 22
2 27
2 28
2 29
2 31
2 33
2 34
2 35
2 36
2 37
2 38
2 41
2 43
2 45
2 48
2 49
2 52
2 53
2 54
2 55
2 56
2 57
2 59
2 63
2 65
2 67
2 68
2 72
2 73
3 4
3 5
3 6
3 8
3 10
3 11
3 12
3 14
3 15
3 16
3 18
3 21
3 25
3 26
3 29
3 32
3 35
3 38
3 41
3 42
3 43
3 44
3 47
3 48
3 53
3 54
3 55
3 56
3 58
3 60
3 62
3 67
3 71
4 5
4 7
4 8
4 12
4 13
4 14
4 15
4 16
4 18
4 19
4 24
4 25
4 26
4 27
4 28
4 29
4 31
4 34
4 36
4 37
4 47
4 57
4 58
4 59
4 60
4 62
4 63
4 64
4 66
4 68
4 70
5 9
5 10
5 13
5 14
5 15
5 19
5 21
5 22
5 24
5 26
5 27
5 28
5 30
5 32
5 36
5 38
5 39
5 43
5 44
5 46
5 47
5 50
5 51
5 52
5 53
5 55
5 57
5 59
5 60
5 62
5 64
5 65
5 70
5 73
5 74
6 8
6 9
6 10
6 13
6 14
6 16
6 18
6 21
6 22
6 28
6 30
6 34
6 36
6 38
6 39
6 41
6 42
6 46
6 48
6 49
6 50
6 54
6 55
6 59
6 61
6 62
6 69
6 70
6 71
6 72
6 74
7 9
7 10
7 12
7 14
7 15
7 16
7 18
7 21
7 22
7 23
7 24
7 27
7 29
7 30
7 31
7 32
7 34
7 36
7 40
7 41
7 42
7 49
7 50
7 51
7 53
7 55
7 56
7 57
7 58
7 61
7 62
7 63
7 64
7 67
7 68
7 71
7 72
7 74
8 9
8 10
8 12
8 15
8 17
8 21
8 22
8 24
8 25
8 27
8 28
8 30
8 31
8 36
8 37
8 38
8 39
8 41
8 42
8 44
8 47
8 48
8 52
8 54
8 56
8 57
8 58
8 59
8 61
8 62
8 64
8 65
8 68
8 69
8 70
8 71
8 72
9 10
9 11
9 13
9 14
9 16
9 17
9 18
9 19
9 20
9 21
9 27
9 28
9 29
9 30
9 31
9 32
9 34
9 35
9 37
9 39
9 40
9 43
9 44
9 46
9 49
9 52
9 53
9 54
9 55
9 56
9 57
9 58
9 60
9 61
9 63
9 65
9 67
9 70
9 72
10 11
10 12
10 13
10 16
10 17
10 18
10 21
10 28
10 30
10 31
10 33
10 36
10 39
10 41
10 45
10 50
10 51
10 52
10 54
10 55
10 56
10 57
10 60
10 65
10 66
10 69
10 70
10 73
10 74
11 12
11 13
11 14
11 15
11 17
11 21
11 22
11 23
11 24
11 25
11 26
11 32
11 33
11 37
11 39
11 40
11 42
11 43
11 47
11 48
11 49
11 51
11 52
11 54
11 55
11 61
11 62
11 63
11 66
11 67
11 69
11 74
12 13
12 15
12 16
12 17
12 18
12 21
12 23
12 26
12 27
12 28
12 33
12 39
12 41
12 42
12 43
12 44
12 46
12 49
12 51
12 53
12 56
12 64
12 67
12 69
12 73
12 74
13 16
13 17
13 19
13 20
13 21
13 22
13 23
13 24
13 26
13 27
13 29
13 30
13 31
13 33
13 34
13 35
13 38
13 39
13 42
13 45
13 48
13 51
13 52
13 54
13 58
13 59
13 60
13 62
13 63
13 66
13 69
13 70
13 71
13 72
13 73
14 17
14 24
14 25
14 30
14 34
14 35
14 38
14 40
14 43
14 45
14 47
14 50
14 55
14 56
14 57
14 58
14 61
14 66
14 67
14 68
14 69
14 71
14 74
15 16
15 17
15 18
15 19
15 20
15 22
15 23
15 25
15 28
15 30
15 31
15 32
15 33
15 36
15 37
15 38
15 39
15 40
15 41
15 42
15 46
15 49
15 50
15 51
15 53
15 54
15 55
15 56
15 57
15 59
15 61
15 62
15 66
15 67
15 73
16 17
16 20
16 23
16 25
16 27
16 28
16 29
16 30
16 34
16 36
16 40
16 43
16 46
16 51
16 52
16 53
16 59
16 61
16 63
16 64
16 67
16 69
16 71
16 73
16 74
17 18
17 19
17 20
17 22
17 24
17 26
17 31
17 34
17 35
17 38
17 41
17 43
17 44
17 46
17 53
17 54
17 56
17 58
17 59
17 63
17 68
17 70
17 72
17 73
18 19
18 20
18 21
18 23
18 26
18 27
18 28
18 31
18 33
18 34
18 36
18 37
18 38
18 39
18 40
18 43
18 44
18 45
18 47
18 48
18 52
18 53
18 54
18 56
18 60
18 61
18 62
18 65
18 66
18 68
18 69
18 74
19 25
19 26
19 28
19 29
19 32
19 33
19 39
19 40
19 41
19 43
19 47
19 48
19 50
19 51
19 54
19 56
19 57
19 62
19 63
19 64
19 65
19 66
19 67
19 68
19 70
19 71
19 73
19 74
20 22
20 27
20 31
20 32
20 34
20 36
20 37
20 40
20 41
20 45
20 46
20 49
20 52
20 54
20 55
20 56
20 57
20 59
20 60
20 63
20 64
20 67
20 68
20 70
20 73
20 74
21 22
21 23
21 26
21 28
21 29
21 30
21 36
21 37
21 38
21 40
21 41
21 43
21 45
21 47
21 48
21 49
21 51
21 53
21 54
21 56
21 58
21 60
21 61
21 63
21 68
21 71
21 72
22 24
22 26
22 28
22 29
22 31
22 38
22 39
22 40
22 41
22 43
22 45
22 47
22 54
22 56
22 57
22 58
22 62
22 63
22 65
22 68
22 69
22 72
23 24
23 32
23 33
23 36
23 37
23 41
23 42
23 47
23 48
23 51
23 53
23 56
23 58
23 64
23 66
23 67
23 68
23 70
23 72
23 73
24 25
24 26
24 27
24 30
24 32
24 33
24 35
24 37
24 38
24 40
24 43
24 46
24 47
24 50
24 55
24 58
24 59
24 60
24 62
24 65
24 70
24 72
24 74
25 26
25 27
25 28
25 29
25 32
25 35
25 36
25 37
25 43
25 44
25 45
25 46
25 48
25 49
25 54
25 57
25 61
25 62
25 64
25 67
25 68
25 69
25 73
26 33
26 36
26 38
26 39
26 40
26 44
26 45
26 46
26 47
26 51
26 52
26 53
26 55
26 57
26 58
26 59
26 63
26 64
26 65
26 69
26 70
27 28
27 32
27 33
27 34
27 37
27 38
27 39
27 41
27 42
27 43
27 44
27 47
27 48
27 50
27 55
27 59
27 60
27 61
27 62
27 67
27 70
27 72
27 73
27 74
28 30
28 34
28 35
28 37
28 38
28 39
28 44
28 45
28 46
28 47
28 54
28 56
28 58
28 60
28 61
28 62
28 64
28 65
28 67
29 30
29 34
29 35
29 36
29 37
29 45
29 48
29 51
29 55
29 57
29 59
29 60
29 61
29 62
29 64
29 65
29 74
30 36
30 37
30 38
30 39
30 42
30 44
30 50
30 54
30 57
30 58
30 61
30 63
30 69
30 70
30 71
31 36
31 37
31 43
31 46
31 48
31 49
31 50
31 51
31 55
31 58
31 60
31 61
31 62
31 65
31 66
31 67
31 68
31 70
31 72
31 73
31 74
32 34
32 37
32 38
32 40
32 41
32 45
32 47
32 51
32 53
32 54
32 56
32 60
32 62
32 64
32 65
32 66
32 67
32 68
32 72
32 73
32 74
33 35
33 37
33 40
33 41
33 44
33 45
33 49
33 55
33 59
33 60
33 61
33 62
33 63
33 66
33 70
33 71
33 74
34 35
34 37
34 41
34 46
34 49
34 51
34 53
34 54
34 56
34 57
34 61
34 67
34 71
34 72
34 73
34 74
35 38
35 39
35 40
35 41
35 43
35 47
35 49
35 52
35 53
35 56
35 58
35 61
35 63
35 64
35 66
35 67
35 69
35 71
35 73
35 74
36 37
36 38
36 39
36 40
36 44
36 47
36 48
36 53
36 55
36 58
36 60
36 61
36 67
36 69
36 74
37 38
37 40
37 41
37 43
37 44
37 45
37 48
37 51
37 52
37 53
37 54
37 55
37 56
37 61
37 62
37 63
37 66
37 68
37 69
37 70
37 71
37 72
37 73
38 39
38 40
38 42
38 46
38 51
38 53
38 55
38 56
38 57
38 60
38 62
38 63
38 64
38 65
38 66
38 67
38 70
38 73
38 74
39 40
39 41
39 46
39 47
39 51
39 52
39 55
39 56
39 61
39 62
39 63
39 64
39 65
39 66
39 69
39 72
39 73
39 74
40 42
40 44
40 49
40 54
40 60
40 65
40 66
40 67
40 70
40 71
40 72
40 74
41 42
41 43
41 44
41 47
41 50
41 51
41 52
41 59
41 61
41 62
41 63
41 66
41 68
41 72
42 50
42 52
42 54
42 57
42 59
42 60
42 64
42 65
42 68
42 69
42 71
42 73
43 48
43 49
43 50
43 53
43 56
43 59
43 61
43 62
43 65
43 68
43 71
43 72
43 74
44 45
44 46
44 47
44 48
44 49
44 50
44 53
44 54
44 55
44 57
44 58
44 60
44 61
44 62
44 64
44 66
44 72
44 74
45 48
45 50
45 53
45 54
45 56
45 59
45 62
45 64
45 69
45 70
45 72
46 47
46 50
46 54
46 59
46 60
46 61
46 63
46 64
46 67
46 68
46 71
46 73
46 74
47 48
47 49
47 50
47 51
47 52
47 54
47 55
47 56
47 57
47 58
47 60
47 62
47 63
47 65
47 66
47 69
47 73
48 49
48 50
48 51
48 55
48 56
48 57
48 59
48 61
48 62
48 63
48 64
48 65
48 70
48 74
49 50
49 55
49 60
49 62
49 65
49 66
49 68
49 69
49 71
49 74
50 56
50 57
50 61
50 62
50 65
50 69
50 71
50 72
50 74
51 53
51 54
51 57
51 58
51 60
51 61
51 63
51 65
51 67
51 68
51 70
51 73
51 74
52 53
52 56
52 57
52 60
52 61
52 63
52 64
52 65
52 67
52 68
52 69
52 74
53 55
53 61
53 62
53 63
53 64
53 65
53 69
53 70
53 74
54 55
54 56
54 57
54 58
54 59
54 61
54 62
54 63
54 64
54 65
54 66
54 69
54 72
55 56
55 58
55 62
55 64
55 65
55 66
55 67
55 68
55 69
55 70
55 73
55 74
56 57
56 59
56 60
56 63
56 64
56 65
56 66
56 67
56 71
56 73
57 58
57 60
57 64
57 69
57 70
57 72
57 73
57 74
58 59
58 60
58 62
58 65
58 67
58 70
58 71
58 72
58 74
59 63
59 64
59 66
59 67
59 68
59 69
59 70
59 72
60 61
60 63
60 71
60 72
61 63
61 64
61 68
61 69
61 70
61 71
61 72
61 73
61 74
62 65
62 68
62 72
62 74
63 64
63 66
63 67
63 68
63 69
63 73
63 74
64 65
64 71
64 72
64 74
65 67
65 68
65 69
65 70
65 71
65 72
65 73
66 67
66 69
66 71
66 72
66 73
66 74
67 70
68 71
68 72
68 73
69 72
70 72
70 73
71 73
73 74
