0 1
0 7
0 9
0 11
0 17
0 39
0 47
0 49
0 57
0 58
0 72
0 78
0 79
0 80
0 82
0 89
0 90
0 97
1 10
1 12
1 20
1 21
1 22
1 44
1 49
1 54
1 55
1 65
1 66
1 69
1 81
1 93
1 97
1 99
2 4
2 11
2 19
2 28
2 43
2 47
2 55
2 56
2 62
2 67
2 72
2 78
2 84
2 88
2 91
2 94
3 4
3 5
3 9
3 10
3 23
3 26
3 42
3 48
3 49
3 62
3 63
3 67
3 73
3 75
3 77
3 90
3 94
3 97
4 6
4 9
4 13
4 17
4 23
4 25
4 27
4 29
4 31
4 34
4 36
4 38
4 52
4 56
4 60
4 68
4 72
4 84
4 89
4 94
4 98
4 99
5 6
5 10
5 17
5 21
5 29
5 30
5 34
5 51
5 52
5 59
5 63
5 68
5 74
5 77
5 78
5 81
5 87
6 21
6 22
6 34
6 36
6 40
6 45
6 54
6 55
6 58
6 61
6 63
6 64
6 68
6 73
6 85
6 86
6 94
6 95
6 96
7 25
7 26
7 27
7 30
7 32
7 43
7 44
7 58
7 60
7 64
7 65
7 67
7 73
7 77
7 79
7 81
7 82
7 89
7 97
8 10
8 11
8 12
8 13
8 16
8 25
8 38
8 42
8 43
8 44
8 47
8 48
8 61
8 65
8 68
8 84
8 85
8 87
8 88
8 90
8 99
9 11
9 18
9 19
9 21
9 26
9 29
9 30
9 33
9 37
9 52
9 53
9 60
9 62
9 63
9 64
9 66
9 67
9 69
9 73
9 76
9 86
9 92
9 99
10 18
10 25
10 43
10 46
10 48
10 53
10 58
10 60
10 61
10 65
10 78
10 84
10 86
10 93
10 98
11 14
11 15
11 24
11 26
11 29
11 31
11 35
11 37
11 41
11 42
11 45
11 47
11 49
11 56
11 72
11 81
11 84
11 95
11 97
12 17
12 25
12 34
12 36
12 41
12 46
12 52
12 64
12 66
12 70
12 83
12 84
12 90
12 92
12 97
13 20
13 28
13 52
13 58
13 61
13 63
13 66
13 84
13 98
13 99
14 21
14 24
14 30
14 38
14 45
14 48
14 50
14 52
14 57
14 63
14 78
14 79
14 86
14 93
14 95
14 99
15 18
15 20
15 22
15 25
15 26
15 27
15 28
15 53
15 57
15 71
15 72
15 76
15 77
15 83
15 86
15 88
15 91
15 94
16 32
16 45
16 52
16 55
16 56
16 59
16 68
16 70
16 71
16 77
16 81
16 89
16 90
16 91
16 97
17 20
17 28
17 30
17 33
17 37
17 40
17 41
17 46
17 60
17 62
17 85
17 89
17 90
17 96
18 19
18 28
18 29
18 38
18 39
18 43
18 47
18 49
18 62
18 64
18 65
18 71
18 77
18 80
18 85
18 88
18 91
18 94
18 96
18 99
19 20
19 26
19 27
19 29
19 31
19 35
19 37
19 39
19 40
19 44
19 48
19 61
19 64
19 76
19 85
19 86
19 87
19 95
20 23
20 29
20 30
20 39
20 43
20 56
20 57
20 65
20 69
20 72
20 88
20 91
20 93
20 94
20 98
21 23
21 28
21 32
21 34
21 35
21 40
21 42
21 46
21 53
21 59
21 63
21 68
21 70
21 73
21 80
21 82
21 86
21 87
21 89
21 90
21 91
22 29
22 33
22 40
22 47
22 49
22 53
22 58
22 65
22 71
22 72
22 79
22 91
23 26
23 30
23 31
23 32
23 33
23 36
23 37
23 46
23 47
23 51
23 54
23 64
23 70
23 81
23 82
23 93
24 34
24 48
24 52
24 53
24 54
24 58
24 64
24 68
24 72
24 73
24 81
24 82
24 84
24 95
24 98
25 32
25 33
25 37
25 38
25 45
25 58
25 60
25 62
25 65
25 67
25 68
25 74
25 82
26 28
26 29
26 37
26 38
26 46
26 54
26 55
26 59
26 60
26 67
26 69
26 80
26 84
26 86
27 38
27 45
27 50
27 54
27 61
27 63
27 65
27 73
27 84
27 85
27 98
28 29
28 37
28 40
28 44
28 48
28 51
28 53
28 65
28 66
28 68
28 74
28 86
28 91
29 40
29 46
29 47
29 49
29 56
29 62
29 63
29 67
29 68
29 84
29 85
29 94
29 95
29 96
30 32
30 35
30 38
30 39
30 42
30 47
30 49
30 58
30 60
30 63
30 65
30 67
30 70
30 73
30 77
30 81
30 85
30 87
30 89
30 91
30 92
31 34
31 41
31 47
31 49
31 53
31 69
31 71
31 72
31 73
31 75
31 83
31 86
31 94
31 96
32 38
32 47
32 48
32 50
32 57
32 60
32 62
32 69
32 77
32 78
32 84
32 90
32 91
32 92
32 94
32 96
32 99
33 38
33 40
33 43
33 44
33 49
33 54
33 60
33 67
33 73
33 80
33 86
33 94
33 96
33 99
34 35
34 41
34 45
34 50
34 51
34 53
34 55
34 56
34 57
34 60
34 68
34 71
34 85
34 92
34 93
35 42
35 47
35 48
35 49
35 51
35 57
35 63
35 70
35 71
35 77
35 86
35 93
35 94
35 95
36 47
36 53
36 58
36 60
36 78
36 79
37 38
37 40
37 44
37 54
37 58
37 63
37 68
37 70
37 75
37 80
37 82
37 97
38 44
38 45
38 47
38 53
38 61
38 67
38 71
38 85
38 88
38 90
38 91
38 94
39 49
39 53
39 55
39 58
39 62
39 66
39 67
39 72
39 73
39 86
39 92
39 94
40 51
40 61
40 79
40 83
40 87
40 88
40 92
40 93
40 95
40 98
41 42
41 53
41 56
41 58
41 61
41 63
41 64
41 66
41 74
41 81
41 82
41 84
41 87
41 98
42 45
42 51
42 59
42 73
42 75
42 76
42 79
42 83
42 87
42 95
43 45
43 55
43 60
43 67
43 81
43 82
43 83
43 84
43 85
43 93
44 45
44 48
44 51
44 57
44 60
44 65
44 71
44 74
44 75
44 77
44 80
44 81
44 85
44 87
44 88
44 95
45 55
45 56
45 61
45 62
45 68
45 78
45 89
45 93
45 94
45 96
45 99
46 62
46 65
46 83
46 86
46 89
46 94
47 57
47 60
47 63
47 72
47 75
47 97
47 99
48 50
48 58
48 60
48 61
48 62
48 65
48 79
48 90
48 92
48 95
48 98
48 99
49 59
49 67
49 70
49 71
49 73
49 79
49 89
49 93
49 98
50 70
50 77
50 87
50 88
50 89
50 94
50 98
51 56
51 61
51 65
51 69
51 73
51 78
51 79
51 82
51 84
51 98
51 99
52 54
52 55
52 67
52 75
52 79
52 80
52 90
52 99
53 57
53 60
53 63
53 66
53 68
53 69
53 72
53 79
53 80
53 89
53 90
53 91
53 92
53 99
54 59
54 61
54 62
54 69
54 74
54 76
54 88
54 94
55 61
55 68
55 81
55 83
55 88
55 91
55 95
55 99
56 58
56 69
56 74
56 86
56 90
56 94
56 99
57 65
57 69
57 70
57 73
57 90
57 95
58 65
58 84
58 86
58 87
58 90
58 92
59 93
59 96
60 61
60 67
60 71
60 77
60 79
60 93
61 66
61 74
61 76
61 81
61 87
61 92
61 99
62 70
62 90
63 64
63 71
63 83
63 86
63 87
63 88
63 90
63 95
63 99
64 66
64 70
64 73
64 88
64 92
65 74
65 77
65 79
65 80
65 81
65 93
65 97
66 73
66 74
66 87
67 70
67 72
67 78
67 80
67 82
67 83
67 85
67 86
67 99
68 71
68 72
68 78
68 83
68 96
68 99
69 81
69 86
69 87
69 88
69 97
70 74
70 83
70 84
70 85
70 89
70 92
70 94
70 98
71 87
71 90
71 93
71 97
71 98
72 75
72 76
72 83
72 87
72 89
72 97
72 98
73 88
73 93
73 95
74 75
74 79
74 80
74 95
75 77
75 79
75 83
75 94
76 80
76 82
76 83
76 93
77 79
77 80
77 87
77 88
77 93
78 79
78 80
78 95
78 96
79 83
79 84
79 87
79 92
79 93
80 88
80 90
80 98
81 82
81 89
81 95
82 88
82 94
82 95
82 96
83 90
83 98
84 86
84 90
85 86
85 90
85 91
85 93
85 95
87 88
87 89
87 92
87 95
87 97
88 93
88 94
89 92
90 91
90 99
91 94
91 96
92 93
93 95
