0 2
0 3
0 4
0 5
0 9
0 10
0 11
0 13
0 17
0 19
0 20
0 21
0 25
0 28
0 31
0 34
0 35
0 41
0 42
0 43
0 45
0 47
0 48
1 2
1 3
1 6
1 7
1 9
1 14
1 15
1 16
1 18
1 19
1 21
1 24
1 25
1 27
1 29
1 30
1 31
1 34
1 36
1 37
1 38
1 39
1 44
1 45
1 46
1 47
1 49
2 4
2 5
2 7
2 8
2 9
2 10
2 12
2 15
2 16
2 17
2 20
2 22
2 25
2 27
2 30
2 32
2 34
2 35
2 37
2 39
2 42
2 45
2 48
2 49
3 7
3 10
3 12
3 14
3 15
3 22
3 23
3 24
3 25
3 27
3 30
3 34
3 36
3 37
3 38
3 39
3 40
3 43
3 44
3 45
3 48
3 49
4 5
4 6
4 7
4 8
4 9
4 12
4 13
4 15
4 16
4 17
4 18
4 23
4 24
4 26
4 27
4 28
4 29
4 30
4 34
4 36
4 37
4 38
4 39
4 41
4 43
4 44
4 48
5 6
5 7
5 8
5 12
5 14
5 15
5 18
5 23
5 26
5 28
5 30
5 31
5 32
5 33
5 35
5 36
5 38
5 39
5 42
5 45
5 46
5 47
6 8
6 10
6 11
6 14
6 15
6 16
6 18
6 20
6 21
6 26
6 27
6 32
6 33
6 35
6 38
6 39
6 42
6 43
6 45
6 46
6 49
7 10
7 12
7 13
7 15
7 19
7 21
7 27
7 29
7 31
7 32
7 33
7 35
7 36
7 37
7 38
7 39
7 40
7 41
7 42
7 45
7 49
8 9
8 13
8 14
8 15
8 17
8 18
8 20
8 21
8 22
8 23
8 25
8 26
8 30
8 31
8 33
8 36
8 38
8 39
8 40
8 42
8 44
8 46
8 48
8 49
9 14
9 15
9 16
9 17
9 23
9 25
9 37
9 41
9 45
9 46
9 48
9 49
10 11
10 12
10 15
10 16
10 17
10 18
10 22
10 24
10 26
10 28
10 29
10 32
10 34
10 35
10 36
10 37
10 40
10 42
10 45
10 46
10 48
11 12
11 13
11 14
11 22
11 23
11 25
11 27
11 28
11 29
11 30
11 32
11 34
11 37
11 47
11 48
12 14
12 16
12 20
12 25
12 30
12 31
12 37
12 38
12 40
12 41
12 44
12 46
12 47
12 48
13 17
13 19
13 23
13 28
13 29
13 35
13 37
13 38
13 39
13 45
13 46
13 47
13 48
14 15
14 18
14 19
14 21
14 22
14 23
14 25
14 27
14 28
14 29
14 34
14 35
14 37
14 40
14 41
14 44
14 49
15 17
15 20
15 24
15 25
15 26
15 28
15 30
15 31
15 34
15 35
15 37
15 38
15 40
15 43
15 46
15 47
15 48
16 17
16 20
16 23
16 24
16 25
16 26
16 28
16 29
16 30
16 31
16 35
16 36
16 37
16 38
16 39
16 43
16 46
17 22
17 25
17 27
17 31
17 35
17 37
17 38
17 39
17 41
17 43
17 47
17 48
17 49
18 20
18 23
18 24
18 25
18 26
18 28
18 31
18 33
18 35
18 39
18 40
18 42
18 45
18 46
18 47
18 49
19 21
19 24
19 28
19 32
19 33
19 39
19 40
19 41
19 42
19 45
19 47
19 48
20 23
20 24
20 26
20 27
20 30
20 31
20 32
20 35
20 40
20 41
20 42
20 43
20 46
21 22
21 23
21 24
21 27
21 28
21 29
21 32
21 33
21 37
21 39
21 42
21 46
22 23
22 25
22 26
22 27
22 28
22 36
22 37
22 38
22 40
22 41
22 44
22 45
22 48
23 24
23 27
23 28
23 37
23 40
23 42
23 43
23 45
23 46
23 47
24 29
24 30
24 32
24 36
24 37
24 38
24 43
24 44
24 45
24 46
24 49
25 26
25 27
25 31
25 33
25 34
25 37
25 38
25 39
25 40
25 42
25 43
25 44
25 47
26 29
26 31
26 33
26 34
26 35
26 38
26 39
26 42
26 44
26 45
26 46
26 47
26 48
27 28
27 29
27 31
27 34
27 35
27 36
27 37
27 40
27 42
27 47
27 49
28 31
28 32
28 33
28 35
28 36
28 37
28 40
28 46
29 31
29 32
29 35
29 36
29 37
29 38
29 39
29 40
29 41
29 45
29 47
30 31
30 32
30 34
30 35
30 37
30 38
30 40
30 44
30 45
30 47
30 49
31 34
31 39
31 40
31 41
31 43
31 44
31 45
31 46
31 47
31 49
32 34
32 35
32 36
32 39
32 40
32 43
32 44
32 46
32 47
32 48
32 49
33 35
33 38
33 41
33 44
33 46
33 47
34 36
34 37
34 39
34 43
34 45
34 49
35 37
35 41
35 42
35 43
35 44
35 45
35 46
35 49
36 37
36 38
36 39
36 40
36 41
36 42
36 44
36 46
36 48
36 49
37 40
37 41
37 43
37 44
37 46
37 47
38 41
38 42
38 43
38 44
38 45
38 46
38 48
39 40
39 43
39 45
39 46
39 47
39 48
40 41
40 42
40 46
40 47
41 43
41 44
41 45
41 47
41 49
42 44
42 46
42 48
43 44
43 45
43 46
43 47
43 48
44 48
44 49
46 47
48 49
