0 2
0 5
0 8
0 32
0 34
0 38
0 45
0 52
0 58
0 67
0 68
0 77
0 85
0 91
0 92
0 95
0 101
0 105
0 110
0 112
0 113
0 114
0 115
0 116
0 122
0 124
0 128
0 132
0 134
0 136
0 139
0 146
0 152
0 156
0 160
0 168
0 184
0 192
0 194
0 205
0 206
0 213
0 214
0 219
0 220
0 226
0 243
0 248
1 2
1 4
1 14
1 18
1 24
1 27
1 29
1 31
1 32
1 37
1 42
1 57
1 58
1 61
1 62
1 83
1 94
1 106
1 109
1 112
1 116
1 122
1 126
1 127
1 144
1 149
1 150
1 155
1 156
1 158
1 161
1 173
1 175
1 185
1 194
1 199
1 201
1 204
1 210
1 211
1 215
1 217
1 220
1 221
1 222
1 223
1 224
1 244
1 246
2 8
2 14
2 19
2 21
2 26
2 27
2 31
2 34
2 35
2 38
2 48
2 49
2 50
2 60
2 70
2 72
2 73
2 79
2 92
2 93
2 100
2 103
2 105
2 106
2 109
2 116
2 121
2 123
2 124
2 127
2 139
2 143
2 148
2 157
2 159
2 162
2 163
2 167
2 180
2 187
2 189
2 196
2 207
2 208
2 209
2 213
2 216
2 218
2 220
2 223
2 224
2 231
2 235
2 241
2 248
3 12
3 13
3 16
3 18
3 33
3 35
3 37
3 42
3 51
3 67
3 70
3 80
3 93
3 104
3 109
3 110
3 123
3 124
3 128
3 134
3 136
3 143
3 147
3 151
3 164
3 166
3 195
3 200
3 204
3 207
3 210
3 214
3 219
3 222
3 225
3 230
3 239
3 248
4 6
4 8
4 12
4 15
4 19
4 23
4 27
4 33
4 36
4 39
4 42
4 53
4 55
4 64
4 70
4 82
4 83
4 86
4 87
4 89
4 100
4 104
4 106
4 110
4 111
4 114
4 119
4 126
4 129
4 132
4 135
4 153
4 156
4 163
4 165
4 179
4 186
4 190
4 194
4 202
4 213
4 222
4 225
4 226
4 232
4 237
4 238
4 245
4 246
5 6
5 18
5 19
5 34
5 53
5 55
5 57
5 65
5 68
5 77
5 89
5 96
5 109
5 113
5 120
5 131
5 132
5 133
5 135
5 142
5 145
5 155
5 159
5 160
5 163
5 165
5 181
5 195
5 203
5 207
5 210
5 217
6 13
6 18
6 21
6 22
6 24
6 39
6 41
6 47
6 54
6 65
6 73
6 77
6 81
6 83
6 84
6 86
6 88
6 91
6 106
6 107
6 113
6 114
6 139
6 141
6 155
6 156
6 161
6 163
6 164
6 167
6 175
6 178
6 192
6 195
6 202
6 204
6 205
6 208
6 209
6 212
6 216
6 219
6 223
6 225
6 229
6 230
6 231
6 237
6 239
6 243
7 10
7 12
7 19
7 20
7 36
7 38
7 41
7 60
7 61
7 63
7 67
7 76
7 85
7 94
7 108
7 119
7 124
7 125
7 132
7 134
7 136
7 138
7 139
7 140
7 141
7 143
7 148
7 153
7 157
7 159
7 163
7 165
7 167
7 176
7 181
7 184
7 185
7 187
7 192
7 206
7 208
7 210
7 219
7 221
7 223
7 226
7 238
8 15
8 17
8 18
8 23
8 25
8 30
8 32
8 35
8 40
8 44
8 55
8 63
8 65
8 73
8 76
8 81
8 91
8 103
8 106
8 108
8 112
8 116
8 119
8 131
8 132
8 136
8 149
8 159
8 162
8 170
8 178
8 192
8 193
8 194
8 205
8 208
8 212
8 215
8 217
8 218
8 220
8 224
8 227
8 234
8 235
9 11
9 13
9 14
9 25
9 32
9 33
9 45
9 46
9 64
9 75
9 78
9 80
9 86
9 88
9 91
9 95
9 101
9 105
9 107
9 117
9 121
9 127
9 128
9 141
9 142
9 143
9 144
9 145
9 148
9 154
9 156
9 157
9 158
9 164
9 175
9 176
9 183
9 197
9 198
9 201
9 203
9 205
9 206
9 211
9 212
9 214
9 225
9 226
9 237
9 238
9 244
10 15
10 20
10 23
10 24
10 40
10 42
10 46
10 64
10 67
10 68
10 69
10 74
10 76
10 78
10 79
10 92
10 100
10 110
10 112
10 116
10 117
10 119
10 122
10 125
10 127
10 128
10 146
10 154
10 155
10 158
10 159
10 167
10 175
10 177
10 179
10 180
10 184
10 205
10 208
10 218
10 222
10 229
10 238
10 240
10 241
10 246
10 248
11 21
11 34
11 37
11 39
11 58
11 61
11 63
11 66
11 68
11 69
11 70
11 79
11 80
11 82
11 85
11 89
11 94
11 97
11 98
11 101
11 103
11 110
11 115
11 122
11 138
11 141
11 152
11 163
11 170
11 176
11 179
11 181
11 182
11 184
11 185
11 192
11 197
11 201
11 206
11 211
11 214
11 225
11 232
11 243
11 244
12 21
12 22
12 28
12 43
12 48
12 49
12 54
12 62
12 70
12 72
12 75
12 77
12 79
12 81
12 82
12 87
12 89
12 95
12 104
12 109
12 127
12 129
12 137
12 138
12 148
12 149
12 156
12 165
12 167
12 170
12 173
12 180
12 188
12 198
12 203
12 209
12 212
12 217
12 220
12 221
12 223
12 227
12 228
12 234
12 236
12 242
12 243
12 245
13 16
13 21
13 27
13 29
13 42
13 52
13 53
13 55
13 63
13 65
13 77
13 85
13 89
13 90
13 95
13 97
13 100
13 108
13 110
13 121
13 131
13 132
13 141
13 143
13 160
13 162
13 169
13 170
13 179
13 185
13 187
13 212
13 217
13 220
13 234
13 237
13 238
13 239
13 241
14 17
14 22
14 26
14 29
14 39
14 42
14 45
14 47
14 51
14 53
14 65
14 66
14 70
14 72
14 75
14 77
14 78
14 86
14 87
14 97
14 108
14 109
14 137
14 140
14 148
14 149
14 150
14 156
14 188
14 194
14 196
14 199
14 200
14 203
14 204
14 205
14 226
14 229
14 233
14 241
14 245
14 249
15 17
15 25
15 37
15 38
15 42
15 44
15 45
15 51
15 53
15 60
15 67
15 72
15 73
15 75
15 84
15 85
15 105
15 108
15 111
15 115
15 121
15 128
15 133
15 139
15 141
15 143
15 144
15 153
15 156
15 166
15 169
15 171
15 174
15 178
15 184
15 186
15 189
15 192
15 194
15 197
15 199
15 201
15 202
15 212
15 220
15 225
15 245
15 248
16 25
16 28
16 29
16 33
16 36
16 50
16 51
16 53
16 56
16 67
16 68
16 75
16 76
16 81
16 89
16 91
16 97
16 120
16 121
16 136
16 137
16 139
16 145
16 147
16 149
16 151
16 152
16 155
16 162
16 168
16 170
16 171
16 172
16 179
16 180
16 185
16 193
16 199
16 201
16 202
16 203
16 218
16 230
16 231
16 237
16 238
16 242
16 244
17 22
17 29
17 33
17 39
17 45
17 47
17 60
17 63
17 65
17 66
17 79
17 83
17 84
17 97
17 103
17 120
17 121
17 123
17 128
17 144
17 149
17 150
17 152
17 153
17 168
17 186
17 189
17 197
17 201
17 203
17 204
17 205
17 210
17 214
17 219
17 220
17 222
17 237
17 239
17 240
18 19
18 20
18 21
18 23
18 24
18 25
18 26
18 31
18 32
18 39
18 41
18 45
18 48
18 58
18 59
18 69
18 74
18 75
18 78
18 80
18 88
18 90
18 92
18 95
18 105
18 112
18 113
18 114
18 115
18 121
18 123
18 124
18 129
18 130
18 132
18 140
18 142
18 147
18 149
18 159
18 163
18 180
18 194
18 217
18 222
18 223
18 227
18 229
18 231
18 233
18 235
18 237
18 244
18 246
18 247
19 24
19 31
19 49
19 59
19 70
19 73
19 81
19 83
19 85
19 97
19 105
19 106
19 107
19 112
19 133
19 135
19 146
19 149
19 151
19 154
19 155
19 156
19 157
19 159
19 168
19 176
19 181
19 185
19 195
19 203
19 206
19 210
19 216
19 219
19 222
19 237
19 239
20 25
20 26
20 27
20 29
20 31
20 45
20 48
20 57
20 67
20 72
20 74
20 78
20 87
20 90
20 91
20 93
20 104
20 108
20 124
20 134
20 139
20 142
20 146
20 148
20 152
20 154
20 173
20 174
20 175
20 176
20 180
20 183
20 187
20 190
20 194
20 199
20 204
20 206
20 208
20 215
20 219
20 229
20 230
20 237
20 246
21 39
21 45
21 60
21 63
21 72
21 76
21 81
21 88
21 90
21 97
21 104
21 105
21 107
21 118
21 121
21 134
21 140
21 144
21 148
21 149
21 155
21 157
21 160
21 161
21 164
21 167
21 180
21 183
21 184
21 186
21 198
21 206
21 210
21 222
21 225
21 226
21 245
21 246
22 24
22 31
22 33
22 41
22 45
22 48
22 54
22 55
22 57
22 58
22 72
22 79
22 86
22 89
22 91
22 102
22 105
22 121
22 123
22 128
22 129
22 132
22 138
22 140
22 141
22 143
22 156
22 158
22 165
22 169
22 171
22 180
22 184
22 186
22 188
22 189
22 197
22 202
22 203
22 205
22 212
22 213
22 215
22 218
22 228
22 231
22 232
22 239
23 28
23 30
23 34
23 35
23 36
23 44
23 48
23 49
23 50
23 54
23 57
23 59
23 64
23 69
23 70
23 75
23 86
23 92
23 93
23 97
23 100
23 106
23 113
23 114
23 120
23 123
23 126
23 130
23 141
23 145
23 151
23 152
23 153
23 155
23 177
23 181
23 190
23 207
23 209
23 214
23 220
23 231
23 244
24 28
24 34
24 38
24 48
24 51
24 72
24 81
24 83
24 86
24 87
24 91
24 94
24 99
24 106
24 108
24 109
24 126
24 138
24 144
24 160
24 163
24 170
24 176
24 177
24 179
24 182
24 188
24 205
24 213
24 214
24 225
24 227
24 236
24 240
24 241
24 242
25 30
25 33
25 36
25 41
25 60
25 61
25 67
25 68
25 74
25 83
25 86
25 90
25 94
25 102
25 112
25 117
25 133
25 138
25 140
25 143
25 147
25 149
25 151
25 155
25 160
25 164
25 167
25 172
25 179
25 182
25 194
25 197
25 198
25 203
25 206
25 209
25 212
25 221
25 222
25 228
25 233
25 234
25 237
26 29
26 36
26 43
26 45
26 52
26 62
26 75
26 81
26 94
26 95
26 97
26 98
26 107
26 122
26 133
26 144
26 164
26 169
26 170
26 182
26 189
26 191
26 192
26 198
26 199
26 204
26 208
26 213
26 214
26 220
26 231
26 233
26 237
26 242
27 29
27 37
27 42
27 45
27 46
27 50
27 61
27 74
27 79
27 86
27 87
27 88
27 89
27 100
27 102
27 107
27 108
27 116
27 123
27 124
27 126
27 129
27 138
27 139
27 143
27 144
27 149
27 150
27 152
27 153
27 155
27 161
27 162
27 164
27 168
27 170
27 171
27 180
27 181
27 190
27 191
27 195
27 199
27 203
27 206
27 214
27 216
27 218
27 220
27 224
27 228
27 231
27 233
27 234
27 237
27 242
27 244
27 249
28 38
28 55
28 57
28 58
28 66
28 67
28 71
28 77
28 92
28 97
28 101
28 104
28 108
28 112
28 117
28 118
28 119
28 130
28 131
28 138
28 141
28 145
28 147
28 152
28 153
28 155
28 156
28 159
28 165
28 166
28 167
28 173
28 176
28 178
28 180
28 182
28 183
28 193
28 203
28 205
28 207
28 210
28 213
28 215
28 218
28 223
28 234
28 235
28 236
28 239
28 242
28 248
29 42
29 49
29 54
29 57
29 60
29 74
29 77
29 85
29 86
29 93
29 94
29 98
29 106
29 110
29 116
29 120
29 133
29 140
29 162
29 167
29 189
29 193
29 196
29 197
29 213
29 214
29 215
29 216
29 219
29 220
29 234
29 240
29 248
30 32
30 36
30 44
30 47
30 49
30 51
30 52
30 63
30 69
30 70
30 73
30 77
30 79
30 90
30 97
30 104
30 105
30 118
30 127
30 132
30 148
30 154
30 155
30 167
30 168
30 170
30 174
30 186
30 196
30 197
30 199
30 211
30 212
30 213
30 215
30 216
30 218
30 224
30 229
30 236
30 239
30 242
30 245
30 247
30 248
31 37
31 42
31 45
31 55
31 59
31 70
31 73
31 79
31 80
31 82
31 87
31 90
31 91
31 93
31 102
31 109
31 111
31 118
31 119
31 120
31 123
31 125
31 130
31 132
31 137
31 146
31 147
31 149
31 152
31 155
31 165
31 171
31 191
31 193
31 211
31 214
31 219
31 221
31 222
31 223
31 228
31 230
31 232
31 238
31 244
32 33
32 39
32 45
32 47
32 49
32 50
32 60
32 63
32 66
32 76
32 91
32 94
32 101
32 108
32 110
32 118
32 121
32 126
32 128
32 134
32 139
32 142
32 145
32 147
32 151
32 152
32 153
32 161
32 167
32 168
32 175
32 176
32 180
32 182
32 188
32 198
32 206
32 214
32 215
32 225
32 228
32 229
32 232
32 242
32 246
33 34
33 41
33 43
33 59
33 66
33 68
33 69
33 92
33 99
33 103
33 109
33 113
33 119
33 120
33 121
33 123
33 130
33 132
33 137
33 144
33 149
33 151
33 153
33 159
33 166
33 170
33 175
33 179
33 181
33 184
33 190
33 193
33 196
33 206
33 216
33 223
33 225
33 229
33 234
33 241
33 243
33 244
33 247
34 39
34 43
34 48
34 57
34 58
34 59
34 60
34 69
34 71
34 79
34 84
34 91
34 93
34 110
34 114
34 125
34 142
34 145
34 148
34 157
34 162
34 165
34 169
34 184
34 196
34 198
34 199
34 204
34 211
34 214
34 219
34 224
34 238
34 245
35 40
35 44
35 46
35 51
35 57
35 58
35 62
35 66
35 76
35 77
35 79
35 82
35 90
35 93
35 96
35 109
35 118
35 136
35 137
35 139
35 141
35 143
35 156
35 163
35 164
35 177
35 182
35 184
35 189
35 195
35 197
35 201
35 226
35 232
35 238
35 243
35 244
35 249
36 56
36 74
36 77
36 88
36 90
36 92
36 95
36 101
36 103
36 110
36 118
36 124
36 131
36 142
36 150
36 153
36 156
36 160
36 168
36 171
36 175
36 187
36 188
36 189
36 197
36 210
36 224
36 225
36 235
36 242
36 244
36 245
36 247
36 249
37 43
37 44
37 48
37 50
37 55
37 63
37 64
37 66
37 73
37 82
37 90
37 94
37 107
37 122
37 135
37 140
37 142
37 146
37 150
37 152
37 155
37 157
37 161
37 163
37 164
37 165
37 176
37 177
37 182
37 190
37 207
37 212
37 213
37 220
37 221
37 224
37 226
37 230
37 239
37 240
37 245
37 248
38 40
38 42
38 44
38 49
38 51
38 53
38 57
38 59
38 66
38 67
38 68
38 79
38 87
38 88
38 91
38 95
38 102
38 124
38 133
38 134
38 135
38 138
38 142
38 161
38 165
38 170
38 174
38 180
38 183
38 196
38 201
38 208
38 214
38 220
38 229
38 237
38 246
38 248
39 44
39 46
39 51
39 58
39 69
39 72
39 76
39 79
39 82
39 95
39 102
39 109
39 120
39 132
39 135
39 136
39 142
39 143
39 144
39 145
39 147
39 158
39 174
39 177
39 178
39 183
39 186
39 188
39 193
39 197
39 200
39 206
39 208
39 210
39 211
39 212
39 214
39 219
39 221
39 227
39 229
39 230
39 234
39 235
39 236
39 239
39 249
40 42
40 51
40 58
40 63
40 64
40 67
40 73
40 76
40 85
40 87
40 96
40 98
40 100
40 102
40 106
40 107
40 128
40 131
40 134
40 140
40 144
40 146
40 148
40 154
40 156
40 162
40 165
40 167
40 173
40 175
40 183
40 189
40 190
40 193
40 195
40 196
40 201
40 204
40 208
40 214
40 216
40 234
40 236
40 240
40 246
40 247
40 249
41 53
41 61
41 62
41 63
41 64
41 70
41 77
41 82
41 90
41 96
41 106
41 113
41 114
41 118
41 126
41 127
41 132
41 141
41 145
41 153
41 158
41 167
41 174
41 175
41 177
41 190
41 194
41 197
41 199
41 200
41 202
41 204
41 206
41 214
41 215
41 216
41 228
41 244
42 46
42 57
42 61
42 63
42 76
42 100
42 103
42 104
42 105
42 115
42 118
42 119
42 122
42 130
42 131
42 134
42 140
42 147
42 148
42 152
42 154
42 157
42 159
42 162
42 165
42 166
42 167
42 170
42 171
42 178
42 179
42 180
42 182
42 184
42 185
42 188
42 193
42 196
42 197
42 199
42 201
42 209
42 217
42 229
42 231
42 243
42 244
42 247
42 248
43 48
43 52
43 53
43 56
43 58
43 68
43 74
43 76
43 81
43 85
43 89
43 90
43 95
43 98
43 108
43 111
43 117
43 125
43 129
43 130
43 133
43 134
43 135
43 136
43 138
43 139
43 140
43 144
43 147
43 149
43 153
43 159
43 182
43 185
43 186
43 188
43 193
43 195
43 199
43 203
43 206
43 216
43 221
43 223
43 225
43 232
43 238
43 239
44 57
44 59
44 62
44 63
44 65
44 68
44 69
44 73
44 79
44 83
44 86
44 91
44 102
44 106
44 109
44 117
44 120
44 122
44 124
44 126
44 137
44 138
44 142
44 149
44 153
44 161
44 162
44 168
44 169
44 170
44 174
44 178
44 179
44 194
44 201
44 205
44 208
44 234
44 235
44 240
44 241
44 245
44 246
44 248
45 48
45 49
45 53
45 57
45 58
45 59
45 63
45 66
45 71
45 73
45 76
45 79
45 84
45 92
45 93
45 95
45 96
45 114
45 117
45 120
45 123
45 127
45 136
45 142
45 143
45 146
45 150
45 151
45 157
45 160
45 173
45 196
45 208
45 217
45 219
45 230
46 53
46 55
46 56
46 58
46 61
46 63
46 75
46 80
46 86
46 95
46 96
46 97
46 100
46 103
46 104
46 110
46 112
46 114
46 118
46 129
46 136
46 141
46 143
46 149
46 151
46 158
46 159
46 176
46 187
46 188
46 200
46 203
46 206
46 208
46 209
46 211
46 214
46 219
46 222
46 226
47 53
47 59
47 65
47 69
47 75
47 82
47 84
47 87
47 108
47 109
47 124
47 139
47 140
47 141
47 142
47 143
47 144
47 158
47 159
47 160
47 163
47 167
47 171
47 183
47 186
47 192
47 197
47 203
47 208
47 210
47 214
47 216
47 218
47 219
47 223
47 228
47 230
47 241
48 49
48 50
48 57
48 66
48 71
48 73
48 74
48 76
48 81
48 89
48 91
48 96
48 101
48 103
48 104
48 106
48 108
48 120
48 134
48 135
48 137
48 141
48 149
48 156
48 160
48 161
48 162
48 163
48 165
48 180
48 193
48 198
48 210
48 215
48 216
48 217
48 224
48 228
48 241
48 243
48 248
49 50
49 62
49 64
49 66
49 67
49 70
49 71
49 74
49 75
49 78
49 89
49 90
49 94
49 97
49 104
49 108
49 109
49 116
49 118
49 123
49 135
49 144
49 154
49 175
49 176
49 179
49 181
49 189
49 195
49 207
49 208
49 209
49 213
49 214
49 217
49 223
49 225
49 226
49 230
49 235
49 242
49 249
50 52
50 53
50 64
50 65
50 66
50 67
50 68
50 74
50 76
50 89
50 93
50 94
50 102
50 109
50 114
50 118
50 120
50 123
50 128
50 134
50 136
50 146
50 147
50 151
50 154
50 155
50 158
50 163
50 168
50 169
50 172
50 175
50 181
50 185
50 190
50 192
50 193
50 197
50 198
50 208
50 209
50 223
50 229
50 241
50 242
51 61
51 62
51 65
51 68
51 74
51 81
51 83
51 84
51 86
51 95
51 99
51 100
51 106
51 114
51 128
51 134
51 137
51 141
51 143
51 151
51 154
51 160
51 168
51 171
51 172
51 179
51 192
51 194
51 195
51 206
51 210
51 212
51 215
51 219
51 220
51 221
51 235
51 239
51 244
51 246
51 247
52 58
52 60
52 61
52 62
52 68
52 74
52 75
52 83
52 84
52 86
52 92
52 93
52 95
52 107
52 113
52 118
52 120
52 123
52 127
52 135
52 137
52 149
52 152
52 155
52 159
52 171
52 173
52 174
52 194
52 197
52 208
52 209
52 218
52 225
52 229
52 233
52 235
52 238
52 239
52 240
52 248
53 60
53 61
53 66
53 72
53 73
53 74
53 75
53 82
53 92
53 96
53 97
53 103
53 115
53 121
53 127
53 133
53 142
53 143
53 144
53 152
53 156
53 157
53 158
53 161
53 166
53 167
53 175
53 176
53 178
53 191
53 206
53 222
53 231
53 235
53 236
53 240
53 241
53 242
53 243
53 247
54 58
54 76
54 78
54 81
54 89
54 90
54 93
54 108
54 113
54 119
54 126
54 129
54 134
54 135
54 136
54 137
54 140
54 141
54 151
54 153
54 156
54 157
54 159
54 160
54 167
54 169
54 176
54 182
54 184
54 191
54 194
54 196
54 203
54 204
54 206
54 207
54 212
54 224
54 226
54 228
54 235
54 236
55 58
55 70
55 72
55 74
55 81
55 84
55 114
55 117
55 132
55 134
55 135
55 140
55 144
55 145
55 147
55 161
55 165
55 170
55 180
55 186
55 200
55 202
55 213
55 216
55 222
55 226
55 229
55 244
55 248
56 60
56 72
56 78
56 86
56 88
56 94
56 95
56 96
56 99
56 102
56 103
56 106
56 111
56 120
56 121
56 122
56 127
56 128
56 134
56 136
56 140
56 154
56 157
56 159
56 162
56 166
56 168
56 174
56 177
56 179
56 181
56 182
56 190
56 193
56 197
56 214
56 222
56 233
56 236
56 237
56 238
56 241
57 64
57 66
57 71
57 74
57 84
57 94
57 100
57 101
57 105
57 111
57 115
57 116
57 117
57 126
57 129
57 132
57 133
57 145
57 153
57 162
57 169
57 170
57 175
57 178
57 192
57 201
57 205
57 210
57 212
57 216
57 229
57 239
57 240
57 241
57 243
58 71
58 77
58 78
58 80
58 81
58 83
58 92
58 95
58 98
58 101
58 106
58 112
58 121
58 139
58 142
58 147
58 150
58 152
58 154
58 161
58 162
58 166
58 168
58 174
58 178
58 187
58 188
58 199
58 201
58 205
58 207
58 217
58 231
58 236
58 249
59 61
59 65
59 68
59 71
59 72
59 74
59 86
59 92
59 96
59 97
59 100
59 102
59 112
59 122
59 124
59 136
59 139
59 143
59 150
59 160
59 164
59 165
59 181
59 188
59 201
59 202
59 207
59 209
59 210
59 214
59 220
59 226
59 229
59 231
59 239
59 243
59 245
59 249
60 66
60 75
60 79
60 88
60 91
60 100
60 103
60 104
60 106
60 110
60 112
60 115
60 148
60 149
60 151
60 153
60 155
60 159
60 164
60 167
60 170
60 172
60 174
60 175
60 180
60 181
60 184
60 185
60 187
60 189
60 199
60 223
60 243
60 247
60 249
61 66
61 69
61 90
61 100
61 108
61 112
61 117
61 120
61 121
61 125
61 126
61 137
61 138
61 140
61 155
61 160
61 163
61 165
61 166
61 167
61 168
61 169
61 173
61 177
61 182
61 190
61 191
61 206
61 212
61 215
61 217
61 225
61 227
61 231
61 232
61 238
61 239
62 66
62 74
62 82
62 85
62 86
62 88
62 96
62 97
62 102
62 114
62 122
62 124
62 125
62 126
62 129
62 131
62 133
62 139
62 144
62 145
62 147
62 158
62 159
62 164
62 167
62 170
62 172
62 181
62 182
62 187
62 199
62 202
62 204
62 208
62 212
62 214
62 218
62 225
62 227
62 235
62 239
62 241
62 248
63 72
63 76
63 98
63 101
63 102
63 103
63 105
63 124
63 130
63 131
63 133
63 134
63 138
63 142
63 154
63 156
63 161
63 166
63 171
63 174
63 175
63 177
63 178
63 180
63 184
63 186
63 192
63 193
63 201
63 214
63 221
63 222
63 231
63 236
63 243
63 245
63 246
63 248
64 67
64 71
64 74
64 90
64 94
64 95
64 99
64 100
64 110
64 111
64 113
64 127
64 128
64 130
64 140
64 142
64 148
64 151
64 159
64 161
64 162
64 164
64 171
64 172
64 176
64 190
64 202
64 207
64 208
64 215
64 220
64 222
64 226
64 227
64 233
64 240
64 248
65 70
65 75
65 78
65 82
65 103
65 108
65 110
65 115
65 118
65 119
65 121
65 123
65 124
65 132
65 140
65 142
65 148
65 161
65 162
65 165
65 166
65 168
65 169
65 170
65 179
65 184
65 186
65 189
65 191
65 192
65 203
65 208
65 212
65 216
65 218
65 219
65 237
65 238
65 240
66 80
66 81
66 90
66 93
66 98
66 105
66 113
66 116
66 125
66 132
66 134
66 147
66 149
66 159
66 163
66 169
66 171
66 179
66 189
66 190
66 195
66 201
66 204
66 205
66 210
66 212
66 217
66 220
66 222
66 224
66 227
66 229
66 231
66 241
66 246
66 248
67 68
67 69
67 72
67 84
67 88
67 93
67 96
67 103
67 110
67 111
67 112
67 123
67 127
67 132
67 137
67 142
67 145
67 153
67 158
67 162
67 164
67 165
67 170
67 176
67 177
67 178
67 191
67 195
67 202
67 203
67 207
67 210
67 219
67 226
67 229
67 231
67 233
67 235
67 236
67 239
67 244
67 245
68 69
68 70
68 72
68 76
68 80
68 84
68 87
68 91
68 94
68 95
68 97
68 98
68 102
68 111
68 124
68 126
68 128
68 129
68 130
68 131
68 138
68 140
68 163
68 168
68 169
68 173
68 175
68 181
68 183
68 186
68 187
68 191
68 194
68 199
68 204
68 206
68 224
68 227
68 248
69 70
69 71
69 78
69 79
69 81
69 83
69 85
69 100
69 111
69 114
69 118
69 123
69 126
69 135
69 140
69 147
69 158
69 161
69 166
69 173
69 175
69 178
69 179
69 191
69 200
69 213
69 214
69 217
69 219
69 225
69 227
69 229
69 232
69 235
69 240
69 245
70 73
70 77
70 83
70 86
70 87
70 90
70 93
70 94
70 105
70 113
70 116
70 120
70 122
70 125
70 141
70 145
70 152
70 169
70 172
70 176
70 178
70 179
70 180
70 184
70 192
70 202
70 203
70 205
70 215
70 230
70 232
70 233
70 239
70 247
71 72
71 73
71 74
71 79
71 81
71 85
71 93
71 95
71 100
71 102
71 107
71 114
71 117
71 121
71 124
71 126
71 130
71 131
71 133
71 136
71 143
71 153
71 157
71 163
71 166
71 174
71 177
71 181
71 186
71 188
71 189
71 190
71 197
71 199
71 203
71 209
71 219
71 221
71 230
71 233
71 241
72 75
72 76
72 80
72 87
72 94
72 103
72 119
72 120
72 123
72 128
72 129
72 132
72 134
72 139
72 142
72 148
72 151
72 157
72 158
72 165
72 169
72 170
72 183
72 196
72 197
72 206
72 211
72 215
72 221
72 228
72 230
72 233
72 237
72 249
73 76
73 84
73 86
73 89
73 93
73 94
73 95
73 97
73 98
73 99
73 102
73 104
73 114
73 134
73 145
73 150
73 152
73 157
73 161
73 163
73 165
73 167
73 177
73 183
73 194
73 210
73 218
73 220
73 225
73 230
73 236
73 240
74 75
74 78
74 81
74 83
74 96
74 98
74 102
74 113
74 116
74 121
74 122
74 124
74 127
74 136
74 138
74 144
74 149
74 158
74 161
74 162
74 165
74 170
74 173
74 177
74 178
74 179
74 183
74 191
74 196
74 207
74 223
74 224
74 225
74 235
74 237
74 243
74 248
75 84
75 85
75 88
75 93
75 94
75 98
75 100
75 101
75 105
75 111
75 123
75 133
75 134
75 139
75 141
75 154
75 155
75 156
75 164
75 165
75 167
75 171
75 173
75 176
75 182
75 184
75 185
75 195
75 196
75 202
75 216
75 217
75 218
75 235
75 237
75 239
75 240
75 247
76 78
76 92
76 97
76 98
76 100
76 101
76 107
76 110
76 111
76 125
76 135
76 139
76 146
76 151
76 152
76 155
76 167
76 173
76 174
76 181
76 184
76 193
76 196
76 197
76 218
76 220
76 224
76 227
76 232
76 234
76 236
76 240
76 241
76 247
76 249
77 100
77 103
77 107
77 115
77 116
77 119
77 134
77 138
77 147
77 149
77 150
77 159
77 161
77 165
77 176
77 177
77 185
77 187
77 188
77 195
77 197
77 198
77 201
77 202
77 208
77 211
77 216
77 220
77 221
77 223
77 230
77 235
77 240
77 246
77 248
77 249
78 80
78 81
78 82
78 89
78 95
78 99
78 101
78 107
78 118
78 119
78 121
78 124
78 128
78 129
78 136
78 145
78 148
78 155
78 162
78 175
78 178
78 181
78 184
78 190
78 201
78 202
78 206
78 207
78 215
78 221
78 224
78 227
78 230
78 233
78 242
78 247
79 80
79 82
79 85
79 87
79 94
79 95
79 102
79 106
79 110
79 118
79 123
79 124
79 126
79 127
79 128
79 129
79 131
79 135
79 141
79 144
79 147
79 148
79 155
79 156
79 162
79 163
79 166
79 167
79 171
79 173
79 184
79 185
79 192
79 197
79 201
79 205
79 212
79 224
79 225
79 236
79 237
79 242
79 246
79 248
79 249
80 100
80 105
80 106
80 114
80 115
80 118
80 120
80 122
80 136
80 138
80 140
80 143
80 145
80 146
80 147
80 148
80 164
80 167
80 169
80 171
80 179
80 185
80 193
80 196
80 198
80 221
80 230
80 231
80 235
80 243
80 245
81 85
81 90
81 92
81 99
81 100
81 102
81 104
81 107
81 110
81 116
81 121
81 122
81 127
81 130
81 140
81 142
81 143
81 147
81 151
81 154
81 155
81 157
81 176
81 179
81 181
81 201
81 209
81 219
81 222
81 224
81 225
81 231
81 233
81 234
81 235
81 246
81 247
81 248
82 86
82 90
82 92
82 94
82 97
82 100
82 106
82 107
82 108
82 124
82 125
82 132
82 133
82 147
82 157
82 172
82 173
82 180
82 184
82 200
82 201
82 213
82 215
82 225
82 226
82 228
82 232
82 242
82 243
82 245
83 95
83 103
83 120
83 122
83 126
83 129
83 131
83 141
83 150
83 153
83 155
83 157
83 163
83 164
83 165
83 169
83 172
83 174
83 177
83 179
83 182
83 196
83 199
83 202
83 204
83 208
83 213
83 214
83 217
83 223
83 228
83 234
83 238
83 240
83 241
83 243
83 244
83 247
84 86
84 87
84 92
84 99
84 117
84 120
84 128
84 130
84 136
84 142
84 145
84 161
84 173
84 182
84 190
84 199
84 201
84 202
84 204
84 207
84 213
84 218
84 221
84 229
84 243
84 244
84 248
85 86
85 87
85 90
85 91
85 99
85 121
85 132
85 133
85 141
85 149
85 152
85 156
85 158
85 162
85 166
85 168
85 169
85 188
85 194
85 196
85 201
85 205
85 209
85 222
85 225
85 239
85 249
86 88
86 90
86 101
86 104
86 106
86 112
86 116
86 126
86 131
86 137
86 140
86 147
86 152
86 153
86 157
86 159
86 160
86 163
86 164
86 171
86 176
86 179
86 191
86 196
86 205
86 206
86 223
86 224
86 225
86 229
86 236
86 242
86 248
87 93
87 95
87 96
87 101
87 103
87 110
87 115
87 121
87 122
87 126
87 135
87 141
87 146
87 154
87 156
87 157
87 158
87 160
87 164
87 165
87 166
87 168
87 170
87 171
87 173
87 181
87 184
87 186
87 193
87 204
87 205
87 207
87 210
87 213
87 220
87 221
87 232
87 233
87 243
88 91
88 100
88 102
88 103
88 106
88 108
88 112
88 114
88 118
88 121
88 138
88 150
88 153
88 155
88 160
88 163
88 165
88 166
88 167
88 175
88 177
88 180
88 186
88 195
88 196
88 198
88 203
88 211
88 212
88 216
88 218
88 219
88 222
88 225
88 226
88 233
88 236
88 244
89 97
89 104
89 105
89 106
89 111
89 115
89 120
89 130
89 134
89 143
89 146
89 149
89 150
89 152
89 153
89 159
89 161
89 163
89 164
89 168
89 169
89 171
89 175
89 179
89 180
89 183
89 187
89 189
89 190
89 192
89 194
89 197
89 209
89 210
89 212
89 215
89 224
89 226
89 234
89 237
89 242
89 246
89 247
89 248
89 249
90 95
90 96
90 97
90 98
90 104
90 106
90 107
90 108
90 109
90 110
90 111
90 123
90 127
90 132
90 136
90 142
90 145
90 147
90 151
90 152
90 156
90 160
90 164
90 168
90 171
90 180
90 191
90 193
90 194
90 201
90 209
90 211
90 216
90 222
90 225
90 226
90 239
90 240
90 241
90 243
90 246
90 248
91 92
91 98
91 101
91 102
91 107
91 111
91 113
91 120
91 121
91 126
91 128
91 148
91 161
91 166
91 167
91 170
91 171
91 172
91 181
91 192
91 195
91 196
91 198
91 199
91 202
91 204
91 205
91 226
91 228
91 230
91 231
91 234
91 239
91 242
91 243
91 247
91 249
92 93
92 95
92 102
92 104
92 108
92 119
92 124
92 125
92 134
92 135
92 136
92 140
92 142
92 146
92 150
92 151
92 154
92 161
92 162
92 169
92 172
92 185
92 195
92 203
92 223
92 236
92 246
92 249
93 97
93 98
93 101
93 104
93 106
93 112
93 115
93 120
93 126
93 127
93 128
93 135
93 146
93 149
93 158
93 161
93 162
93 163
93 178
93 180
93 188
93 189
93 196
93 198
93 200
93 204
93 208
93 223
93 232
93 238
93 244
94 96
94 99
94 103
94 104
94 114
94 124
94 127
94 130
94 133
94 140
94 143
94 144
94 145
94 146
94 150
94 153
94 154
94 155
94 158
94 159
94 161
94 164
94 166
94 172
94 188
94 190
94 194
94 198
94 201
94 204
94 205
94 210
94 213
94 216
94 217
94 219
94 233
94 235
94 240
95 102
95 106
95 108
95 116
95 126
95 128
95 129
95 131
95 133
95 134
95 135
95 138
95 142
95 143
95 152
95 164
95 168
95 172
95 180
95 190
95 207
95 214
95 221
95 231
95 232
95 236
95 238
95 239
95 240
96 107
96 109
96 110
96 111
96 113
96 114
96 118
96 125
96 147
96 148
96 164
96 166
96 168
96 170
96 179
96 181
96 188
96 199
96 213
96 228
96 230
96 234
96 239
97 102
97 110
97 119
97 120
97 122
97 127
97 139
97 142
97 145
97 146
97 150
97 158
97 162
97 173
97 179
97 188
97 211
97 213
97 219
97 222
97 223
97 230
97 235
97 237
97 239
97 241
97 247
98 102
98 107
98 109
98 111
98 115
98 118
98 122
98 136
98 138
98 140
98 148
98 153
98 156
98 157
98 164
98 166
98 172
98 180
98 183
98 186
98 191
98 192
98 201
98 216
98 219
98 221
98 223
98 229
99 106
99 108
99 110
99 115
99 117
99 123
99 126
99 146
99 149
99 151
99 152
99 155
99 159
99 176
99 178
99 185
99 186
99 187
99 189
99 196
99 197
99 200
99 203
99 207
99 209
99 215
99 217
99 227
99 241
100 115
100 125
100 126
100 130
100 138
100 141
100 144
100 155
100 165
100 170
100 171
100 183
100 185
100 187
100 189
100 209
100 212
100 215
100 220
100 232
100 235
100 236
100 237
100 238
100 246
101 112
101 113
101 117
101 124
101 131
101 133
101 135
101 139
101 140
101 141
101 149
101 150
101 151
101 154
101 157
101 163
101 166
101 170
101 171
101 172
101 173
101 175
101 181
101 184
101 185
101 189
101 206
101 208
101 214
101 227
101 236
101 240
101 242
101 247
101 248
102 104
102 106
102 109
102 112
102 116
102 117
102 135
102 147
102 148
102 151
102 153
102 159
102 166
102 171
102 177
102 178
102 187
102 189
102 195
102 198
102 200
102 207
102 221
102 233
102 235
102 236
102 240
102 243
102 246
102 248
103 105
103 107
103 110
103 112
103 116
103 117
103 118
103 128
103 129
103 133
103 135
103 136
103 140
103 145
103 149
103 153
103 160
103 161
103 163
103 168
103 171
103 182
103 184
103 188
103 195
103 198
103 200
103 202
103 203
103 205
103 206
103 218
103 222
103 226
103 227
103 232
103 240
103 244
103 246
104 108
104 114
104 117
104 122
104 129
104 139
104 141
104 142
104 144
104 150
104 154
104 159
104 161
104 168
104 170
104 172
104 180
104 183
104 185
104 186
104 188
104 198
104 201
104 210
104 220
104 224
104 227
104 232
104 237
104 243
104 248
104 249
105 107
105 113
105 127
105 150
105 152
105 157
105 159
105 172
105 173
105 176
105 181
105 185
105 194
105 197
105 199
105 200
105 202
105 221
105 224
105 229
105 240
105 242
105 243
105 244
106 124
106 126
106 128
106 135
106 143
106 144
106 147
106 171
106 173
106 174
106 181
106 185
106 189
106 197
106 209
106 212
106 214
106 224
106 226
107 121
107 123
107 129
107 134
107 137
107 147
107 148
107 149
107 157
107 166
107 171
107 174
107 178
107 179
107 183
107 191
107 195
107 198
107 199
107 201
107 207
107 213
107 217
107 219
107 221
107 223
107 232
107 245
107 248
108 109
108 112
108 113
108 116
108 120
108 121
108 135
108 136
108 139
108 140
108 150
108 152
108 157
108 161
108 168
108 172
108 180
108 185
108 186
108 193
108 200
108 201
108 205
108 206
108 209
108 213
108 218
108 220
108 229
108 235
108 237
108 238
108 248
109 113
109 116
109 117
109 118
109 119
109 125
109 128
109 140
109 142
109 145
109 149
109 150
109 159
109 162
109 170
109 179
109 183
109 185
109 190
109 191
109 196
109 199
109 200
109 207
109 208
109 209
109 210
109 215
109 217
109 222
109 239
110 111
110 116
110 117
110 121
110 124
110 126
110 127
110 129
110 144
110 146
110 155
110 157
110 159
110 168
110 169
110 170
110 176
110 180
110 194
110 195
110 198
110 212
110 225
110 227
110 229
110 238
110 239
110 247
111 114
111 115
111 124
111 131
111 142
111 149
111 152
111 154
111 170
111 172
111 181
111 187
111 191
111 200
111 201
111 206
111 215
111 216
111 220
111 227
111 239
111 246
112 115
112 118
112 121
112 124
112 125
112 132
112 135
112 136
112 139
112 145
112 171
112 184
112 193
112 195
112 199
112 205
112 206
112 213
112 220
112 222
112 223
112 225
112 226
112 241
112 247
113 114
113 120
113 121
113 132
113 141
113 142
113 144
113 147
113 154
113 157
113 166
113 167
113 177
113 178
113 182
113 185
113 187
113 197
113 206
113 208
113 210
113 231
113 232
113 234
113 248
114 120
114 128
114 129
114 133
114 135
114 148
114 160
114 171
114 173
114 174
114 175
114 179
114 184
114 188
114 189
114 192
114 199
114 203
114 211
114 215
114 216
114 217
114 224
114 242
115 116
115 120
115 124
115 125
115 126
115 131
115 132
115 133
115 135
115 139
115 142
115 147
115 159
115 160
115 162
115 163
115 168
115 181
115 182
115 190
115 197
115 199
115 212
115 213
115 215
115 221
115 225
115 227
115 230
115 234
115 235
115 240
115 244
116 117
116 129
116 133
116 134
116 135
116 137
116 141
116 144
116 152
116 158
116 166
116 185
116 216
116 223
116 226
116 231
116 238
116 245
116 247
116 249
117 126
117 130
117 132
117 135
117 136
117 143
117 149
117 150
117 160
117 184
117 185
117 187
117 188
117 196
117 202
117 216
117 219
117 220
117 222
117 224
117 226
117 227
117 228
117 231
117 235
117 248
118 131
118 135
118 150
118 153
118 154
118 155
118 157
118 163
118 173
118 176
118 179
118 186
118 187
118 189
118 190
118 194
118 195
118 202
118 206
118 207
118 209
118 211
118 219
118 220
118 231
118 232
118 239
119 137
119 139
119 145
119 150
119 152
119 153
119 161
119 165
119 166
119 167
119 169
119 187
119 189
119 217
119 219
119 221
119 222
119 228
119 231
119 232
119 235
119 241
120 124
120 135
120 140
120 141
120 142
120 147
120 162
120 170
120 171
120 173
120 175
120 188
120 192
120 209
120 211
120 218
120 219
120 220
120 221
120 224
120 227
120 228
120 230
120 231
120 232
120 237
120 240
121 125
121 128
121 135
121 137
121 147
121 151
121 160
121 165
121 171
121 173
121 174
121 175
121 176
121 177
121 196
121 197
121 198
121 201
121 202
121 208
121 210
121 211
121 217
121 230
121 234
121 238
121 247
122 125
122 129
122 139
122 141
122 150
122 152
122 153
122 158
122 164
122 169
122 177
122 186
122 189
122 202
122 204
122 210
122 217
122 235
122 239
122 242
123 126
123 128
123 140
123 143
123 152
123 154
123 156
123 157
123 161
123 163
123 166
123 168
123 170
123 177
123 185
123 186
123 188
123 192
123 200
123 201
123 206
123 211
123 215
123 225
123 226
123 227
123 228
123 232
123 244
123 245
124 139
124 141
124 148
124 153
124 170
124 177
124 179
124 180
124 181
124 184
124 188
124 192
124 193
124 200
124 203
124 205
124 210
124 211
124 215
124 217
124 221
124 226
124 233
124 237
124 238
125 133
125 137
125 142
125 146
125 147
125 148
125 149
125 150
125 151
125 164
125 170
125 177
125 184
125 191
125 193
125 197
125 200
125 201
125 202
125 203
125 212
125 213
125 214
125 216
125 218
125 227
125 241
125 248
126 128
126 129
126 137
126 139
126 141
126 145
126 146
126 159
126 162
126 170
126 172
126 189
126 190
126 199
126 207
126 215
126 225
126 228
126 233
126 236
126 240
126 243
126 245
127 129
127 132
127 144
127 148
127 151
127 164
127 173
127 174
127 176
127 177
127 178
127 179
127 186
127 193
127 198
127 199
127 202
127 203
127 207
127 209
127 213
127 216
127 221
127 225
127 234
127 235
127 236
127 243
127 246
127 247
128 133
128 134
128 136
128 153
128 156
128 158
128 161
128 171
128 178
128 180
128 189
128 190
128 191
128 195
128 197
128 198
128 205
128 207
128 210
128 216
128 222
128 234
128 240
128 245
129 139
129 143
129 144
129 145
129 147
129 150
129 165
129 180
129 196
129 201
129 202
129 209
129 216
129 217
129 226
129 232
129 233
129 244
130 139
130 142
130 143
130 156
130 158
130 159
130 162
130 163
130 187
130 188
130 191
130 192
130 194
130 197
130 201
130 209
130 219
130 227
130 228
130 236
130 237
130 240
130 241
130 243
130 244
130 246
130 249
131 142
131 145
131 146
131 151
131 153
131 155
131 159
131 168
131 178
131 182
131 197
131 204
131 214
131 222
131 223
131 224
131 237
131 246
131 247
132 134
132 137
132 141
132 142
132 162
132 163
132 174
132 180
132 190
132 191
132 194
132 200
132 202
132 207
132 211
132 215
132 217
132 223
132 229
132 231
132 233
132 238
132 240
132 247
133 135
133 147
133 149
133 160
133 164
133 166
133 170
133 175
133 176
133 177
133 180
133 191
133 195
133 199
133 208
133 214
133 217
133 218
133 222
133 232
133 233
133 234
133 241
133 242
133 247
134 135
134 143
134 150
134 151
134 155
134 160
134 164
134 187
134 189
134 190
134 193
134 194
134 198
134 199
134 202
134 204
134 207
134 218
134 219
134 220
134 226
134 249
135 137
135 140
135 153
135 158
135 165
135 167
135 174
135 182
135 191
135 204
135 212
135 219
135 221
135 228
135 229
135 234
135 248
136 145
136 146
136 154
136 169
136 175
136 176
136 178
136 181
136 183
136 189
136 193
136 205
136 206
136 211
136 218
136 223
136 233
136 237
136 238
136 241
136 243
137 139
137 143
137 150
137 154
137 157
137 158
137 161
137 176
137 187
137 202
137 203
137 204
137 205
137 206
137 208
137 212
137 221
137 229
137 238
137 239
137 240
137 242
137 245
137 246
138 149
138 155
138 156
138 166
138 169
138 170
138 171
138 186
138 193
138 195
138 201
138 205
138 214
138 220
138 221
138 229
138 230
138 234
138 244
138 246
139 144
139 148
139 151
139 158
139 162
139 172
139 173
139 178
139 179
139 180
139 185
139 206
139 210
139 211
139 219
139 231
139 232
139 240
139 245
139 249
140 143
140 145
140 147
140 148
140 150
140 152
140 154
140 158
140 160
140 169
140 177
140 178
140 189
140 191
140 203
140 212
140 217
140 220
140 222
140 224
140 227
140 228
140 229
140 232
140 236
140 243
140 244
140 248
141 146
141 159
141 167
141 170
141 172
141 181
141 185
141 186
141 195
141 198
141 200
141 208
141 209
141 216
141 220
141 225
141 226
141 228
141 232
141 233
141 235
141 237
141 238
141 243
141 244
142 147
142 148
142 153
142 158
142 162
142 170
142 171
142 174
142 183
142 185
142 193
142 197
142 203
142 206
142 210
142 212
142 214
142 216
142 223
142 226
142 227
142 229
142 231
142 237
142 240
142 242
142 243
143 148
143 149
143 151
143 159
143 160
143 169
143 173
143 177
143 182
143 184
143 193
143 194
143 201
143 204
143 206
143 207
143 208
143 213
143 226
143 241
144 148
144 154
144 158
144 161
144 162
144 174
144 176
144 194
144 208
144 213
144 221
144 248
145 146
145 147
145 155
145 157
145 160
145 168
145 177
145 180
145 181
145 182
145 183
145 189
145 190
145 192
145 195
145 201
145 208
145 209
145 212
145 216
145 221
145 226
145 231
145 235
145 242
145 246
145 247
145 249
146 151
146 152
146 153
146 157
146 167
146 169
146 171
146 174
146 181
146 185
146 190
146 192
146 193
146 195
146 197
146 201
146 211
146 217
146 219
146 225
146 232
146 237
146 240
147 152
147 166
147 167
147 172
147 182
147 194
147 202
147 212
147 215
147 217
147 218
147 228
147 231
147 242
147 243
147 248
148 149
148 157
148 161
148 167
148 176
148 180
148 184
148 194
148 200
148 204
148 208
148 211
148 215
148 218
148 224
148 227
148 228
148 236
148 238
148 242
148 245
149 157
149 158
149 163
149 165
149 169
149 178
149 179
149 189
149 191
149 193
149 196
149 198
149 199
149 202
149 203
149 206
149 210
149 217
149 230
149 232
149 238
149 239
149 243
149 244
150 163
150 170
150 173
150 184
150 190
150 191
150 197
150 204
150 211
150 216
150 218
150 220
150 223
150 227
150 247
151 152
151 156
151 161
151 164
151 175
151 177
151 185
151 197
151 200
151 201
151 202
151 205
151 209
151 211
151 227
151 229
152 154
152 158
152 164
152 167
152 170
152 176
152 177
152 182
152 188
152 189
152 190
152 199
152 200
152 203
152 208
152 213
152 214
152 223
152 227
152 228
152 237
152 246
152 248
153 156
153 163
153 166
153 169
153 174
153 183
153 186
153 187
153 193
153 194
153 199
153 204
153 208
153 211
153 215
153 216
153 221
153 230
153 248
154 159
154 166
154 167
154 173
154 177
154 188
154 199
154 210
154 214
154 218
154 220
154 224
154 226
154 242
154 246
155 164
155 176
155 177
155 180
155 184
155 186
155 187
155 193
155 199
155 200
155 209
155 211
155 213
155 214
155 216
155 218
155 219
155 221
155 230
155 234
155 242
155 245
156 161
156 165
156 166
156 170
156 172
156 188
156 191
156 199
156 203
156 207
156 210
156 211
156 213
156 215
156 217
156 221
156 226
156 229
156 234
156 236
157 158
157 160
157 162
157 166
157 170
157 174
157 181
157 182
157 183
157 185
157 189
157 210
157 212
157 217
157 222
157 228
157 229
157 234
157 235
157 237
157 244
157 246
158 159
158 160
158 162
158 169
158 174
158 188
158 198
158 200
158 201
158 205
158 216
158 228
158 232
158 233
158 236
158 241
159 162
159 163
159 174
159 183
159 195
159 197
159 200
159 202
159 206
159 208
159 223
159 225
159 237
159 240
159 241
159 242
159 245
159 246
159 247
159 248
160 161
160 167
160 174
160 179
160 186
160 187
160 188
160 195
160 200
160 204
160 209
160 214
160 224
160 229
160 234
160 235
160 244
160 245
161 174
161 176
161 177
161 182
161 186
161 190
161 197
161 213
161 221
161 225
161 226
161 227
161 228
161 240
161 241
162 168
162 169
162 171
162 173
162 174
162 176
162 182
162 190
162 197
162 207
162 208
162 210
162 213
162 217
162 223
162 228
162 229
162 238
162 246
163 165
163 172
163 176
163 182
163 183
163 196
163 197
163 201
163 202
163 225
163 234
163 236
163 240
163 244
163 247
164 172
164 175
164 177
164 178
164 185
164 187
164 188
164 192
164 205
164 206
164 210
164 216
164 221
164 224
164 225
164 229
164 235
164 239
165 167
165 169
165 184
165 185
165 187
165 188
165 196
165 206
165 208
165 211
165 213
165 226
165 227
165 233
165 235
165 236
165 243
165 246
165 248
166 172
166 173
166 174
166 178
166 181
166 182
166 194
166 195
166 198
166 199
166 217
166 220
166 222
166 227
166 231
166 232
166 236
167 173
167 174
167 177
167 178
167 184
167 185
167 186
167 188
167 189
167 194
167 195
167 200
167 201
167 202
167 204
167 208
167 209
167 210
167 211
167 214
167 218
167 222
167 226
167 240
167 245
167 248
168 173
168 174
168 175
168 180
168 183
168 184
168 186
168 189
168 204
168 206
168 207
168 208
168 209
168 218
168 220
168 222
168 226
168 238
168 245
168 249
169 173
169 177
169 211
169 219
169 226
169 227
169 231
169 235
169 241
169 248
170 172
170 173
170 177
170 181
170 182
170 183
170 186
170 190
170 191
170 197
170 198
170 210
170 212
170 213
170 217
170 219
170 221
170 236
170 239
170 247
171 200
171 201
171 216
171 219
171 224
171 231
171 241
171 246
171 248
172 173
172 176
172 178
172 193
172 197
172 198
172 199
172 201
172 205
172 208
172 210
172 211
172 223
172 229
172 233
172 236
173 174
173 175
173 181
173 182
173 185
173 187
173 188
173 191
173 208
173 216
173 222
173 223
173 228
173 230
173 244
173 248
174 180
174 184
174 186
174 187
174 188
174 209
174 216
174 217
174 221
174 222
174 225
174 230
174 237
174 238
174 244
174 246
174 249
175 177
175 178
175 181
175 186
175 190
175 193
175 194
175 195
175 201
175 203
175 214
175 216
175 220
175 225
175 226
175 231
175 235
175 240
175 241
175 243
176 178
176 180
176 191
176 194
176 200
176 205
176 211
176 213
176 223
176 227
176 234
177 184
177 189
177 197
177 199
177 204
177 207
177 212
177 217
177 228
177 229
177 236
177 242
177 243
177 248
178 184
178 194
178 203
178 206
178 218
178 228
178 232
178 238
178 242
179 189
179 190
179 199
179 218
179 222
179 223
179 235
179 236
179 239
179 242
179 243
180 181
180 185
180 187
180 190
180 192
180 194
180 203
180 204
180 206
180 209
180 214
180 216
180 220
180 226
180 231
180 239
180 241
180 247
180 248
181 186
181 187
181 191
181 192
181 201
181 205
181 206
181 207
181 208
181 211
181 219
181 222
181 223
181 224
181 229
181 234
181 239
182 183
182 194
182 198
182 199
182 201
182 210
182 223
182 230
183 185
183 186
183 192
183 198
183 200
183 209
183 212
183 213
183 214
183 221
183 223
183 224
183 230
183 232
183 233
183 246
184 187
184 189
184 195
184 198
184 200
184 205
184 212
184 214
184 222
184 225
184 226
184 227
184 236
184 241
184 242
184 246
184 249
185 187
185 190
185 194
185 199
185 221
185 222
185 226
185 229
185 230
185 233
185 240
185 241
185 242
185 246
186 189
186 192
186 193
186 195
186 198
186 199
186 204
186 205
186 208
186 213
186 214
186 218
186 222
186 225
186 235
186 239
186 240
186 241
186 242
186 244
186 245
186 247
187 189
187 194
187 195
187 196
187 202
187 204
187 221
187 224
187 227
187 232
187 233
187 236
187 240
187 241
187 242
187 243
187 246
187 248
188 189
188 192
188 194
188 204
188 207
188 210
188 218
188 222
188 224
188 226
188 235
188 240
188 242
188 243
188 249
189 191
189 192
189 203
189 205
189 230
189 232
189 233
189 235
190 191
190 199
190 200
190 209
190 211
190 212
190 213
190 218
190 220
190 242
190 246
190 249
191 199
191 200
191 202
191 205
191 207
191 208
191 211
191 219
191 220
191 223
191 229
191 238
191 240
191 244
191 245
191 247
192 197
192 200
192 203
192 205
192 211
192 213
192 214
192 215
192 224
192 229
192 235
192 237
192 241
192 243
192 244
192 248
193 194
193 205
193 214
193 216
193 219
193 227
193 231
193 232
193 247
194 195
194 200
194 208
194 211
194 219
194 228
194 233
194 238
194 241
195 196
195 206
195 212
195 215
195 220
195 226
195 235
195 236
195 237
195 239
195 246
195 248
196 203
196 205
196 211
196 212
196 225
196 231
196 238
196 240
196 241
197 201
197 204
197 206
197 211
197 214
197 220
197 224
197 231
197 234
197 235
197 243
197 246
197 247
198 200
198 206
198 210
198 211
198 215
198 227
198 233
198 236
198 242
199 205
199 224
199 228
199 229
199 231
199 236
199 239
200 202
200 208
200 211
200 224
200 228
200 230
200 231
200 233
200 235
200 237
200 245
201 203
201 216
201 217
201 219
201 221
201 222
201 224
201 236
201 240
201 241
201 243
201 249
202 206
202 208
202 211
202 223
202 230
202 236
202 249
203 205
203 210
203 212
203 216
203 217
203 221
203 224
203 228
203 231
203 232
203 233
203 238
203 240
204 214
204 215
204 216
204 227
204 232
204 237
204 241
204 244
205 206
205 216
205 224
205 228
205 233
205 237
205 240
205 242
205 245
206 215
206 223
206 225
206 226
206 227
206 229
206 231
206 233
206 236
206 237
206 240
206 243
207 209
207 210
207 211
207 212
207 221
207 226
207 227
207 228
207 231
207 238
207 247
207 248
207 249
208 214
208 216
208 218
208 222
208 225
208 227
208 235
209 214
209 220
209 233
209 237
209 244
210 213
210 216
210 228
210 229
210 235
210 239
210 243
210 246
210 248
210 249
211 218
211 219
211 227
211 230
211 239
211 244
211 246
211 248
212 214
212 215
212 228
212 229
212 242
212 247
213 214
213 215
213 219
213 229
213 230
213 244
213 245
214 218
214 228
214 231
214 235
214 240
214 248
214 249
215 224
215 225
215 230
215 238
215 248
216 217
216 220
216 232
216 233
216 242
216 247
217 220
217 235
217 236
217 240
217 245
217 249
218 219
218 222
218 249
219 222
219 228
219 229
219 234
219 239
219 243
219 245
220 221
220 230
220 231
220 239
220 240
220 242
220 245
220 247
221 222
221 225
221 233
221 235
221 240
221 241
221 243
222 228
222 239
222 245
223 224
223 225
223 229
223 248
224 227
224 228
224 237
224 239
224 240
224 243
224 246
225 233
225 236
225 238
225 243
225 249
226 229
226 240
226 244
227 229
227 235
227 236
227 246
227 248
228 234
228 239
228 240
228 241
228 242
228 245
229 230
229 242
229 243
229 249
230 235
230 239
230 244
230 249
231 238
232 233
232 234
232 236
232 242
232 245
232 249
233 237
233 240
233 242
233 243
233 247
234 235
234 237
234 240
234 242
234 243
234 248
235 237
235 238
235 242
235 243
235 246
235 247
236 244
237 238
237 240
239 242
239 249
240 243
241 243
241 244
242 243
242 245
242 248
247 249
