0 9
0 10
0 16
0 17
0 28
0 34
0 35
0 39
0 41
0 42
0 44
0 58
0 61
0 62
0 64
0 66
0 82
0 83
0 87
1 2
1 5
1 9
1 16
1 19
1 23
1 24
1 28
1 34
1 36
1 42
1 45
1 46
1 47
1 54
1 72
1 75
1 78
1 86
1 89
1 91
1 92
1 97
1 98
2 5
2 6
2 12
2 15
2 19
2 28
2 30
2 38
2 41
2 45
2 55
2 57
2 58
2 62
2 73
2 78
2 81
2 82
2 86
2 91
3 5
3 7
3 8
3 9
3 16
3 24
3 30
3 37
3 38
3 41
3 43
3 45
3 47
3 49
3 51
3 54
3 59
3 62
3 68
3 70
3 73
3 84
3 85
3 86
3 90
3 92
3 93
3 98
4 5
4 6
4 15
4 19
4 21
4 33
4 37
4 40
4 42
4 49
4 51
4 53
4 66
4 71
4 73
4 81
4 89
4 97
5 11
5 14
5 20
5 24
5 27
5 34
5 35
5 42
5 50
5 51
5 55
5 56
5 63
5 65
5 76
5 80
5 81
5 85
5 87
5 90
5 94
5 95
6 7
6 19
6 40
6 41
6 44
6 46
6 48
6 54
6 60
6 61
6 88
7 10
7 14
7 27
7 43
7 46
7 51
7 53
7 70
7 72
7 83
7 91
7 94
8 15
8 16
8 25
8 29
8 30
8 33
8 37
8 54
8 62
8 67
8 82
8 92
8 93
9 10
9 12
9 13
9 15
9 21
9 27
9 35
9 36
9 48
9 49
9 54
9 69
9 72
9 87
9 88
9 89
9 94
9 95
9 96
9 98
9 99
10 13
10 15
10 17
10 18
10 19
10 24
10 30
10 38
10 46
10 51
10 54
10 67
10 69
10 76
10 78
10 80
10 86
10 95
10 98
11 14
11 19
11 21
11 23
11 26
11 32
11 35
11 41
11 47
11 51
11 52
11 55
11 58
11 61
11 62
11 68
11 69
11 74
11 83
11 92
11 93
11 96
11 99
12 18
12 22
12 26
12 28
12 30
12 33
12 43
12 44
12 47
12 52
12 64
12 66
12 68
12 78
12 79
12 80
12 81
12 84
12 87
12 97
13 22
13 25
13 30
13 31
13 42
13 46
13 48
13 61
13 69
13 73
13 81
13 83
13 86
13 88
13 97
14 27
14 28
14 41
14 45
14 46
14 54
14 65
14 70
14 73
14 77
14 78
14 92
14 97
15 16
15 23
15 40
15 41
15 45
15 47
15 48
15 65
15 70
15 80
15 82
15 90
15 97
16 24
16 26
16 29
16 47
16 48
16 56
16 62
16 66
16 72
16 75
16 80
16 82
16 86
16 88
16 91
16 94
16 98
17 19
17 21
17 33
17 44
17 47
17 84
17 85
17 89
17 91
18 61
18 63
18 66
18 67
18 69
18 73
18 74
18 77
18 86
19 20
19 21
19 23
19 24
19 26
19 27
19 35
19 39
19 42
19 48
19 52
19 65
19 76
19 78
19 86
19 91
19 93
19 94
19 97
20 24
20 25
20 27
20 36
20 44
20 45
20 55
20 57
20 62
20 63
20 67
20 70
20 72
20 80
20 85
21 29
21 34
21 35
21 52
21 58
21 60
21 61
21 67
21 80
21 91
21 97
21 98
22 33
22 44
22 52
22 58
22 59
22 62
22 72
22 78
22 81
22 82
22 85
22 90
23 24
23 28
23 29
23 51
23 52
23 56
23 64
23 70
23 82
23 83
23 88
23 89
23 93
24 25
24 26
24 32
24 34
24 37
24 49
24 51
24 60
24 66
24 79
24 87
24 88
24 89
24 93
24 94
24 98
25 27
25 32
25 35
25 37
25 38
25 44
25 58
25 59
25 61
25 67
25 73
25 74
25 76
25 84
25 90
26 46
26 50
26 55
26 74
26 82
26 89
26 91
27 32
27 34
27 35
27 37
27 41
27 42
27 43
27 49
27 51
27 59
27 61
27 68
27 69
27 71
27 74
27 75
27 79
27 80
27 85
27 89
27 92
27 93
28 41
28 45
28 46
28 61
28 63
28 64
28 67
28 69
28 74
28 79
28 90
28 94
28 98
28 99
29 31
29 33
29 34
29 39
29 42
29 43
29 53
29 65
29 66
29 71
30 42
30 44
30 45
30 54
30 58
30 60
30 61
30 63
30 64
30 65
30 71
30 75
30 82
30 87
30 95
30 99
31 44
31 49
31 51
31 53
31 58
31 60
31 78
31 82
31 84
31 89
31 90
31 95
32 41
32 59
32 68
32 69
32 77
32 97
32 99
33 38
33 49
33 51
33 53
33 54
33 64
33 66
33 67
33 68
33 73
33 75
33 80
33 90
33 91
33 99
34 36
34 40
34 47
34 48
34 54
34 58
34 60
34 70
34 72
34 78
34 79
34 81
34 84
34 93
35 42
35 56
35 62
35 63
35 67
35 70
35 71
35 74
35 79
35 83
35 87
35 95
36 39
36 51
36 52
36 58
36 59
36 67
36 75
36 83
36 85
36 86
36 87
36 89
36 91
37 46
37 49
37 55
37 56
37 62
37 69
37 72
37 87
37 91
38 42
38 48
38 51
38 59
38 60
38 62
38 73
38 74
38 77
38 88
38 95
38 99
39 42
39 47
39 50
39 66
39 81
39 86
39 91
39 96
39 98
40 47
40 52
40 54
40 55
40 56
40 58
40 60
40 61
40 62
40 63
40 64
40 82
40 84
41 59
41 69
41 83
41 85
41 88
42 43
42 46
42 48
42 57
42 61
42 73
42 88
42 93
42 99
43 45
43 48
43 58
43 63
43 70
43 82
43 89
43 95
44 58
44 61
44 64
44 69
44 72
44 75
44 77
44 87
44 91
44 98
45 51
45 68
45 69
45 73
45 81
46 48
46 51
46 57
46 65
46 68
46 71
46 72
46 81
46 83
46 86
46 95
46 96
46 98
47 48
47 51
47 56
47 65
47 73
47 75
47 78
47 80
47 86
47 94
48 55
48 57
48 59
48 62
48 67
48 69
48 71
48 73
48 77
48 79
48 81
48 85
48 86
48 87
48 93
48 99
49 55
49 57
49 60
49 61
49 63
49 67
49 68
49 69
49 73
49 75
49 82
49 86
49 87
49 92
49 97
49 98
50 51
50 53
50 60
50 74
50 81
50 83
50 88
50 91
50 95
50 99
51 59
51 60
51 66
51 68
51 69
51 74
51 79
51 86
52 66
52 76
52 79
53 55
53 56
53 63
53 70
53 71
53 79
53 82
53 83
53 84
53 85
53 96
54 60
54 61
54 65
54 71
54 73
54 80
54 82
54 83
54 84
54 85
54 86
54 97
54 99
55 60
55 62
55 77
55 78
55 79
55 89
55 92
55 93
55 98
56 63
56 70
56 72
56 74
56 84
57 58
57 59
57 67
57 70
57 79
57 80
57 96
57 97
58 62
58 63
58 64
58 71
58 80
58 90
58 99
59 60
59 71
59 77
59 84
59 95
59 99
60 62
60 66
60 72
60 73
60 77
60 83
60 86
60 93
60 96
61 62
61 67
61 73
61 79
61 80
61 96
61 99
62 65
62 67
62 69
62 71
62 94
62 97
63 65
63 74
63 94
63 97
64 70
64 71
64 74
64 79
64 81
64 82
64 83
64 89
64 91
64 95
64 96
65 66
65 71
65 76
65 78
65 82
65 95
65 96
65 99
66 70
66 79
66 86
66 93
66 99
67 70
67 76
67 77
67 78
67 88
67 90
67 96
68 82
68 98
69 71
69 82
69 89
69 90
69 91
69 92
69 93
69 97
70 74
70 82
70 91
71 75
71 78
71 94
71 97
72 73
72 82
72 85
72 91
72 94
72 98
72 99
73 78
73 85
73 86
73 89
73 90
74 86
74 94
74 95
75 83
75 84
76 81
76 84
76 91
76 95
76 99
77 79
77 81
77 85
77 92
77 98
78 81
78 86
78 89
78 91
79 80
79 81
79 83
79 84
79 94
79 96
80 91
80 92
80 94
81 93
81 96
81 97
82 86
82 88
83 87
83 88
83 89
83 92
84 87
84 88
84 94
84 99
85 89
85 90
85 92
85 94
85 98
86 98
87 90
87 94
87 95
87 97
88 89
88 90
88 91
89 94
89 98
89 99
90 92
92 97
92 99
93 94
93 96
95 97
96 99
97 98
