0 3
0 10
0 15
0 17
0 18
0 20
0 28
0 32
0 45
0 55
0 60
0 61
0 64
0 69
0 71
1 8
1 11
1 13
1 15
1 17
1 19
1 24
1 25
1 32
1 33
1 35
1 40
1 41
1 47
1 48
1 50
1 53
1 54
1 55
1 60
1 62
1 67
1 69
1 70
2 5
2 9
2 10
2 12
2 13
2 14
2 22
2 23
2 28
2 42
2 48
2 52
2 73
3 5
3 12
3 13
3 21
3 25
3 29
3 30
3 36
3 40
3 48
3 50
3 52
3 68
3 70
4 6
4 8
4 12
4 14
4 17
4 19
4 20
4 22
4 24
4 26
4 30
4 31
4 32
4 33
4 39
4 42
4 45
4 47
4 48
4 51
4 63
4 64
4 65
4 69
5 8
5 11
5 19
5 20
5 27
5 46
5 48
5 54
5 55
5 61
5 71
6 8
6 17
6 42
6 44
6 57
6 60
6 72
7 15
7 30
7 32
7 42
7 44
7 50
7 52
7 59
7 63
7 68
7 71
8 13
8 15
8 19
8 27
8 33
8 37
8 38
8 40
8 51
8 52
8 63
9 14
9 26
9 28
9 34
9 39
9 42
9 48
9 49
9 55
9 56
9 60
9 69
9 72
10 26
10 27
10 28
10 30
10 37
10 40
10 41
10 44
10 45
10 48
10 56
10 61
10 68
10 70
11 16
11 20
11 21
11 29
11 35
11 36
11 37
11 40
11 43
11 53
11 59
11 60
12 21
12 27
12 33
12 53
12 56
12 58
12 60
12 61
12 65
12 74
13 15
13 20
13 21
13 24
13 28
13 33
13 54
13 55
13 67
13 68
13 69
13 70
13 71
14 16
14 17
14 22
14 23
14 24
14 25
14 27
14 32
14 41
14 42
14 43
14 49
14 58
14 64
14 66
14 68
15 25
15 27
15 38
15 41
15 49
15 50
15 52
15 60
15 68
15 71
15 73
15 74
16 20
16 30
16 36
16 56
16 58
16 59
16 63
16 73
17 18
17 24
17 34
17 42
17 47
17 53
17 56
17 61
17 71
18 20
18 23
18 24
18 25
18 26
18 30
18 33
18 37
18 42
18 50
18 54
18 60
18 62
18 65
18 67
18 71
19 21
19 23
19 29
19 32
19 49
19 50
19 52
19 58
19 61
19 62
19 64
19 66
19 68
20 31
20 39
20 41
20 42
20 43
20 44
20 48
20 50
20 62
20 64
20 66
20 71
21 23
21 25
21 29
21 30
21 31
21 38
21 73
22 23
22 25
22 37
22 39
22 41
22 48
22 51
22 54
22 63
22 66
22 72
23 24
23 27
23 35
23 46
23 47
23 48
23 49
23 64
23 66
24 30
24 38
24 46
24 48
24 51
24 61
24 66
24 67
25 30
25 31
25 53
25 55
25 61
25 64
25 74
26 40
26 46
26 49
26 51
26 57
26 59
26 61
26 62
26 65
26 69
26 71
27 31
27 44
27 50
27 57
27 58
27 59
28 30
28 37
28 52
28 53
28 63
28 67
28 68
28 72
28 74
29 32
29 34
29 35
29 40
29 41
29 44
29 51
29 55
29 60
29 64
30 32
30 36
30 38
30 41
30 56
30 58
30 61
30 63
30 68
30 69
30 72
30 74
31 33
31 40
31 42
31 44
31 48
31 56
31 71
32 34
32 37
32 38
32 39
32 43
32 44
32 49
32 51
32 57
32 58
32 73
33 35
33 36
33 38
33 47
33 50
33 58
33 72
34 41
34 43
34 45
34 48
34 58
34 61
34 73
35 37
35 38
35 41
35 46
35 52
35 58
35 61
35 65
35 66
35 71
35 73
35 74
36 43
36 50
36 71
37 39
37 42
37 43
37 51
37 53
37 60
37 61
37 68
37 73
38 41
38 42
38 45
38 46
38 49
38 57
39 41
39 49
39 52
39 57
39 62
40 41
40 45
40 54
40 55
40 59
40 67
41 47
41 48
41 49
41 54
41 63
41 66
41 72
41 73
41 74
42 43
42 52
42 54
42 56
42 61
42 67
42 73
43 44
43 45
43 52
43 55
43 57
43 58
43 65
43 67
43 70
44 46
44 47
44 55
44 63
44 67
44 73
44 74
45 46
45 50
45 58
45 62
45 63
45 73
46 58
46 61
46 68
46 70
46 72
46 73
47 51
47 55
47 58
47 69
47 74
48 61
48 65
48 67
48 68
48 73
49 61
50 51
50 53
50 55
50 59
50 73
51 56
51 57
51 64
51 67
51 71
52 53
52 54
52 55
52 65
52 71
52 74
53 62
53 72
53 73
54 59
54 62
54 74
55 69
55 73
56 68
57 58
57 66
58 63
59 64
59 74
60 61
60 62
60 66
60 70
60 71
60 73
60 74
61 74
62 63
62 67
62 71
63 65
63 73
64 72
65 66
66 68
67 71
67 72
68 71
70 73
70 74
72 73
