0 1
0 7
0 8
0 9
0 11
0 14
0 15
0 17
0 18
0 19
0 24
0 26
0 27
0 30
0 31
0 32
0 33
0 35
0 37
0 39
0 40
0 41
0 42
0 44
0 47
0 48
0 50
0 51
0 52
0 53
0 54
0 55
0 56
0 59
0 66
0 67
0 68
0 69
0 71
0 76
0 77
0 78
0 80
0 81
0 83
0 85
0 87
0 88
0 89
0 90
0 92
0 93
0 94
0 96
0 97
0 102
0 103
0 106
0 107
0 110
0 111
0 112
0 113
0 114
0 115
0 116
0 118
0 121
0 125
0 127
0 129
0 132
0 134
0 137
0 138
0 139
0 140
0 142
0 143
0 146
0 148
1 2
1 3
1 5
1 6
1 7
1 12
1 13
1 14
1 16
1 20
1 25
1 29
1 31
1 33
1 34
1 35
1 37
1 38
1 39
1 40
1 42
1 43
1 44
1 46
1 47
1 48
1 49
1 50
1 51
1 52
1 57
1 59
1 60
1 63
1 64
1 65
1 66
1 67
1 68
1 70
1 74
1 75
1 76
1 78
1 79
1 81
1 82
1 84
1 91
1 92
1 93
1 96
1 98
1 106
1 107
1 108
1 109
1 112
1 114
1 115
1 120
1 121
1 122
1 123
1 125
1 127
1 128
1 129
1 134
1 137
1 140
1 141
1 142
1 144
1 146
1 147
1 148
1 149
2 4
2 6
2 7
2 15
2 16
2 18
2 20
2 21
2 22
2 23
2 26
2 29
2 31
2 33
2 34
2 35
2 36
2 40
2 43
2 45
2 48
2 49
2 52
2 53
2 54
2 55
2 56
2 57
2 59
2 62
2 63
2 64
2 67
2 69
2 72
2 75
2 77
2 81
2 85
2 86
2 88
2 99
2 100
2 101
2 103
2 105
2 107
2 108
2 109
2 115
2 116
2 117
2 118
2 119
2 121
2 122
2 123
2 126
2 130
2 131
2 135
2 139
2 140
2 141
2 143
2 145
2 146
3 4
3 6
3 7
3 8
3 11
3 13
3 14
3 16
3 18
3 21
3 23
3 27
3 29
3 30
3 33
3 34
3 35
3 36
3 37
3 38
3 39
3 40
3 43
3 44
3 45
3 46
3 47
3 50
3 51
3 53
3 55
3 56
3 59
3 68
3 69
3 76
3 77
3 79
3 81
3 82
3 83
3 84
3 86
3 88
3 89
3 91
3 93
3 94
3 97
3 100
3 102
3 103
3 104
3 105
3 106
3 108
3 112
3 113
3 114
3 115
3 116
3 117
3 120
3 122
3 123
3 127
3 129
3 130
3 131
3 132
3 137
3 138
3 140
3 142
3 143
3 145
3 146
3 147
4 5
4 6
4 10
4 11
4 15
4 17
4 18
4 19
4 20
4 26
4 27
4 28
4 29
4 30
4 32
4 36
4 38
4 41
4 46
4 48
4 51
4 54
4 55
4 56
4 57
4 58
4 59
4 62
4 63
4 66
4 69
4 70
4 71
4 75
4 76
4 77
4 78
4 85
4 88
4 90
4 93
4 94
4 97
4 98
4 99
4 102
4 105
4 106
4 107
4 109
4 112
4 114
4 115
4 117
4 118
4 122
4 126
4 127
4 130
4 131
4 133
4 134
4 136
4 138
4 142
4 146
4 149
5 6
5 7
5 8
5 9
5 12
5 13
5 14
5 17
5 21
5 22
5 23
5 25
5 26
5 31
5 33
5 34
5 36
5 37
5 38
5 39
5 40
5 43
5 49
5 52
5 61
5 65
5 67
5 68
5 69
5 70
5 71
5 73
5 75
5 76
5 77
5 79
5 80
5 81
5 82
5 83
5 84
5 85
5 90
5 91
5 93
5 94
5 95
5 98
5 99
5 102
5 103
5 106
5 107
5 108
5 109
5 111
5 113
5 115
5 117
5 118
5 121
5 123
5 124
5 125
5 126
5 128
5 130
5 131
5 132
5 134
5 138
5 141
5 143
5 149
6 10
6 12
6 14
6 16
6 17
6 18
6 19
6 20
6 22
6 24
6 28
6 30
6 35
6 36
6 38
6 40
6 45
6 47
6 48
6 52
6 54
6 57
6 59
6 61
6 64
6 65
6 66
6 68
6 69
6 71
6 72
6 74
6 76
6 77
6 79
6 80
6 82
6 83
6 85
6 86
6 87
6 91
6 92
6 96
6 98
6 99
6 100
6 102
6 103
6 104
6 109
6 111
6 112
6 114
6 117
6 122
6 123
6 125
6 126
6 128
6 129
6 137
6 139
6 140
6 141
6 142
6 143
6 145
6 146
6 149
7 8
7 9
7 11
7 14
7 15
7 18
7 23
7 28
7 32
7 33
7 34
7 35
7 36
7 40
7 42
7 43
7 44
7 46
7 47
7 49
7 50
7 52
7 53
7 58
7 60
7 62
7 65
7 66
7 67
7 68
7 70
7 72
7 73
7 74
7 75
7 76
7 77
7 78
7 81
7 82
7 83
7 84
7 85
7 88
7 90
7 94
7 97
7 98
7 100
7 103
7 105
7 106
7 116
7 117
7 118
7 119
7 121
7 125
7 126
7 127
7 129
7 131
7 133
7 134
7 135
7 141
7 142
7 144
7 145
7 146
7 147
8 11
8 12
8 14
8 15
8 17
8 18
8 19
8 20
8 22
8 24
8 27
8 29
8 30
8 33
8 35
8 38
8 39
8 40
8 44
8 45
8 48
8 49
8 50
8 51
8 53
8 55
8 56
8 58
8 60
8 65
8 66
8 69
8 80
8 81
8 83
8 85
8 87
8 88
8 89
8 95
8 96
8 99
8 104
8 105
8 108
8 109
8 111
8 112
8 113
8 114
8 115
8 116
8 117
8 119
8 120
8 123
8 124
8 125
8 129
8 132
8 133
8 136
8 141
8 142
8 143
8 144
8 145
8 146
8 147
8 148
9 10
9 11
9 13
9 14
9 17
9 19
9 21
9 23
9 25
9 26
9 28
9 29
9 31
9 32
9 33
9 35
9 36
9 37
9 43
9 47
9 52
9 53
9 54
9 55
9 58
9 63
9 65
9 66
9 67
9 68
9 69
9 70
9 72
9 73
9 74
9 76
9 77
9 78
9 79
9 81
9 82
9 83
9 84
9 87
9 89
9 100
9 102
9 105
9 107
9 108
9 111
9 114
9 115
9 116
9 117
9 118
9 119
9 122
9 123
9 124
9 128
9 130
9 132
9 133
9 137
9 138
9 142
9 143
9 147
9 149
10 11
10 12
10 13
10 15
10 16
10 17
10 19
10 21
10 22
10 23
10 25
10 29
10 30
10 34
10 35
10 36
10 39
10 41
10 42
10 46
10 47
10 50
10 51
10 52
10 53
10 54
10 55
10 57
10 59
10 60
10 61
10 66
10 67
10 69
10 73
10 74
10 75
10 78
10 80
10 82
10 84
10 85
10 86
10 88
10 91
10 93
10 94
10 95
10 98
10 99
10 101
10 104
10 105
10 106
10 107
10 108
10 110
10 116
10 117
10 123
10 124
10 126
10 127
10 128
10 129
10 130
10 131
10 134
10 135
10 137
10 138
10 139
10 146
11 13
11 14
11 15
11 16
11 17
11 18
11 19
11 20
11 21
11 22
11 23
11 24
11 25
11 26
11 27
11 30
11 32
11 34
11 40
11 41
11 42
11 45
11 46
11 48
11 49
11 50
11 51
11 52
11 53
11 57
11 58
11 59
11 60
11 62
11 65
11 68
11 70
11 77
11 80
11 81
11 83
11 84
11 86
11 88
11 92
11 93
11 94
11 97
11 98
11 99
11 100
11 101
11 103
11 104
11 105
11 107
11 111
11 112
11 113
11 114
11 115
11 119
11 121
11 122
11 124
11 125
11 127
11 129
11 132
11 140
11 141
11 144
11 145
11 146
11 147
11 148
12 15
12 16
12 18
12 21
12 23
12 25
12 27
12 28
12 31
12 32
12 33
12 35
12 36
12 38
12 40
12 41
12 42
12 44
12 46
12 47
12 48
12 51
12 52
12 53
12 54
12 57
12 60
12 61
12 65
12 66
12 68
12 73
12 79
12 80
12 81
12 83
12 84
12 85
12 88
12 89
12 91
12 92
12 93
12 97
12 99
12 102
12 103
12 108
12 109
12 111
12 115
12 116
12 117
12 118
12 119
12 122
12 123
12 124
12 125
12 128
12 130
12 132
12 133
12 136
12 137
12 138
12 140
12 141
12 143
12 146
12 147
12 149
13 14
13 16
13 20
13 21
13 22
13 24
13 26
13 27
13 33
13 34
13 35
13 39
13 40
13 43
13 44
13 45
13 46
13 53
13 54
13 55
13 57
13 60
13 61
13 63
13 76
13 82
13 83
13 85
13 87
13 90
13 91
13 95
13 98
13 101
13 104
13 105
13 106
13 108
13 109
13 112
13 113
13 115
13 117
13 119
13 120
13 123
13 125
13 127
13 129
13 131
13 132
13 133
13 136
13 138
13 140
13 143
13 146
13 147
13 148
13 149
14 16
14 17
14 18
14 21
14 24
14 25
14 26
14 29
14 31
14 32
14 33
14 36
14 41
14 44
14 45
14 51
14 53
14 54
14 57
14 59
14 62
14 63
14 64
14 66
14 68
14 70
14 77
14 80
14 81
14 83
14 85
14 89
14 90
14 91
14 95
14 97
14 98
14 100
14 105
14 111
14 112
14 113
14 114
14 118
14 120
14 123
14 124
14 125
14 127
14 128
14 130
14 131
14 132
14 136
14 142
14 143
14 144
14 145
14 146
14 147
14 148
14 149
15 18
15 20
15 22
15 23
15 24
15 25
15 26
15 29
15 30
15 31
15 32
15 34
15 37
15 38
15 39
15 40
15 41
15 42
15 44
15 45
15 46
15 48
15 50
15 51
15 52
15 55
15 56
15 58
15 59
15 64
15 65
15 68
15 69
15 72
15 73
15 76
15 78
15 84
15 85
15 87
15 89
15 91
15 93
15 95
15 98
15 101
15 102
15 103
15 106
15 107
15 109
15 115
15 124
15 125
15 126
15 127
15 129
15 130
15 131
15 133
15 135
15 138
15 142
15 143
15 144
15 149
16 19
16 20
16 21
16 23
16 27
16 28
16 29
16 30
16 35
16 40
16 41
16 42
16 44
16 45
16 47
16 52
16 53
16 55
16 58
16 59
16 61
16 64
16 65
16 66
16 67
16 69
16 70
16 73
16 74
16 78
16 79
16 80
16 81
16 84
16 85
16 86
16 87
16 88
16 90
16 93
16 94
16 95
16 96
16 97
16 102
16 104
16 105
16 107
16 109
16 110
16 116
16 118
16 119
16 120
16 121
16 123
16 129
16 130
16 131
16 132
16 133
16 135
16 136
16 140
16 141
16 142
17 23
17 24
17 26
17 27
17 28
17 29
17 30
17 31
17 34
17 37
17 38
17 39
17 40
17 43
17 46
17 49
17 50
17 51
17 52
17 54
17 55
17 57
17 58
17 59
17 60
17 62
17 65
17 68
17 70
17 74
17 75
17 78
17 80
17 81
17 82
17 89
17 90
17 91
17 94
17 95
17 96
17 99
17 102
17 104
17 108
17 109
17 111
17 114
17 115
17 121
17 123
17 124
17 128
17 130
17 136
17 137
17 139
17 142
17 146
17 147
17 149
18 20
18 21
18 22
18 24
18 25
18 26
18 29
18 30
18 31
18 32
18 35
18 38
18 43
18 50
18 51
18 52
18 55
18 56
18 57
18 58
18 63
18 64
18 66
18 68
18 69
18 70
18 71
18 73
18 74
18 75
18 76
18 79
18 80
18 81
18 87
18 90
18 91
18 92
18 93
18 94
18 95
18 96
18 97
18 99
18 102
18 105
18 106
18 111
18 112
18 113
18 114
18 115
18 119
18 121
18 123
18 124
18 125
18 128
18 130
18 131
18 134
18 135
18 137
18 140
18 142
18 144
18 145
18 147
18 148
19 20
19 21
19 22
19 25
19 26
19 27
19 30
19 32
19 33
19 34
19 37
19 38
19 39
19 40
19 41
19 42
19 43
19 45
19 50
19 53
19 54
19 56
19 59
19 64
19 76
19 77
19 78
19 80
19 82
19 83
19 85
19 87
19 89
19 91
19 92
19 93
19 94
19 101
19 103
19 104
19 105
19 107
19 109
19 110
19 111
19 119
19 120
19 121
19 123
19 124
19 126
19 128
19 129
19 131
19 133
19 134
19 135
19 136
19 139
19 142
19 143
19 146
19 149
20 21
20 23
20 24
20 26
20 27
20 28
20 36
20 38
20 40
20 41
20 42
20 44
20 45
20 49
20 51
20 52
20 55
20 58
20 60
20 68
20 69
20 73
20 74
20 75
20 78
20 83
20 85
20 86
20 90
20 92
20 99
20 101
20 106
20 107
20 108
20 109
20 110
20 111
20 112
20 114
20 125
20 133
20 136
20 140
20 141
20 142
20 143
20 145
20 147
20 148
20 149
21 23
21 27
21 29
21 30
21 33
21 36
21 39
21 42
21 43
21 45
21 46
21 49
21 53
21 55
21 57
21 58
21 59
21 63
21 73
21 75
21 76
21 77
21 78
21 79
21 81
21 82
21 85
21 86
21 87
21 89
21 92
21 99
21 100
21 102
21 103
21 107
21 112
21 117
21 120
21 125
21 127
21 128
21 132
21 133
21 134
21 135
21 137
21 138
21 140
21 141
21 144
21 145
21 146
21 149
22 23
22 27
22 28
22 32
22 34
22 36
22 37
22 40
22 46
22 47
22 48
22 49
22 53
22 64
22 65
22 68
22 69
22 72
22 73
22 75
22 78
22 81
22 83
22 84
22 85
22 89
22 90
22 92
22 93
22 96
22 99
22 100
22 102
22 103
22 104
22 105
22 106
22 108
22 109
22 111
22 112
22 119
22 121
22 122
22 123
22 124
22 125
22 126
22 127
22 128
22 132
22 133
22 135
22 140
22 141
22 142
22 143
22 146
22 148
22 149
23 24
23 26
23 30
23 31
23 32
23 33
23 43
23 44
23 46
23 47
23 48
23 49
23 51
23 53
23 54
23 57
23 59
23 61
23 62
23 63
23 64
23 66
23 67
23 68
23 69
23 70
23 72
23 75
23 79
23 80
23 81
23 84
23 86
23 87
23 88
23 89
23 92
23 93
23 95
23 98
23 99
23 100
23 101
23 107
23 109
23 110
23 112
23 113
23 116
23 118
23 119
23 120
23 126
23 127
23 129
23 130
23 131
23 133
23 134
23 135
23 136
23 139
23 140
23 141
23 142
23 144
24 27
24 29
24 30
24 32
24 34
24 35
24 37
24 39
24 42
24 43
24 45
24 47
24 49
24 53
24 54
24 55
24 56
24 57
24 61
24 66
24 68
24 70
24 72
24 77
24 78
24 79
24 81
24 82
24 83
24 84
24 86
24 87
24 89
24 93
24 94
24 96
24 97
24 100
24 101
24 103
24 105
24 106
24 107
24 108
24 109
24 110
24 113
24 114
24 115
24 117
24 121
24 123
24 124
24 127
24 128
24 131
24 133
24 134
24 137
24 140
24 146
24 147
24 148
24 149
25 28
25 29
25 30
25 31
25 32
25 37
25 38
25 39
25 42
25 44
25 46
25 47
25 54
25 55
25 56
25 60
25 62
25 64
25 65
25 67
25 69
25 70
25 72
25 73
25 76
25 77
25 78
25 80
25 91
25 94
25 95
25 96
25 97
25 98
25 100
25 101
25 102
25 109
25 110
25 113
25 114
25 115
25 116
25 117
25 118
25 121
25 124
25 125
25 128
25 129
25 131
25 132
25 134
25 138
25 141
25 142
25 145
25 146
25 147
25 148
25 149
26 27
26 28
26 30
26 31
26 32
26 33
26 34
26 35
26 36
26 37
26 38
26 45
26 46
26 47
26 48
26 50
26 52
26 55
26 59
26 60
26 61
26 63
26 65
26 66
26 70
26 71
26 74
26 76
26 77
26 78
26 79
26 82
26 84
26 85
26 86
26 88
26 91
26 92
26 94
26 95
26 101
26 110
26 112
26 115
26 120
26 121
26 122
26 124
26 129
26 131
26 132
26 133
26 135
26 136
26 137
26 140
26 141
26 143
26 144
26 146
26 147
27 28
27 31
27 32
27 33
27 35
27 37
27 40
27 41
27 42
27 45
27 46
27 47
27 48
27 49
27 55
27 58
27 61
27 62
27 63
27 65
27 68
27 76
27 79
27 86
27 88
27 93
27 96
27 98
27 101
27 102
27 103
27 104
27 106
27 107
27 108
27 109
27 113
27 116
27 117
27 119
27 120
27 122
27 124
27 127
27 130
27 131
27 134
27 135
27 136
27 137
27 138
27 139
27 142
27 144
27 145
27 148
28 32
28 34
28 35
28 36
28 39
28 40
28 42
28 43
28 45
28 46
28 47
28 48
28 49
28 52
28 56
28 59
28 63
28 65
28 69
28 70
28 73
28 74
28 78
28 80
28 81
28 82
28 84
28 87
28 88
28 89
28 91
28 92
28 93
28 94
28 97
28 99
28 100
28 101
28 104
28 107
28 109
28 110
28 111
28 112
28 118
28 124
28 126
28 127
28 128
28 134
28 135
28 136
28 139
28 140
28 141
28 142
28 144
28 145
28 147
28 148
28 149
29 31
29 32
29 33
29 36
29 37
29 40
29 41
29 45
29 49
29 50
29 51
29 58
29 59
29 62
29 64
29 66
29 67
29 74
29 75
29 77
29 78
29 79
29 80
29 81
29 82
29 85
29 86
29 87
29 91
29 92
29 93
29 94
29 96
29 98
29 99
29 101
29 103
29 104
29 106
29 107
29 110
29 113
29 115
29 116
29 117
29 118
29 120
29 121
29 124
29 127
29 129
29 130
29 136
29 137
29 141
29 143
29 144
29 146
29 147
30 31
30 37
30 38
30 40
30 44
30 50
30 51
30 54
30 56
30 59
30 61
30 63
30 65
30 68
30 69
30 73
30 75
30 79
30 80
30 82
30 84
30 86
30 87
30 88
30 89
30 90
30 91
30 92
30 93
30 94
30 95
30 96
30 97
30 98
30 99
30 100
30 103
30 105
30 108
30 109
30 110
30 114
30 117
30 118
30 120
30 121
30 122
30 125
30 126
30 127
30 128
30 129
30 130
30 131
30 133
30 134
30 135
30 136
30 139
30 140
30 141
30 142
30 143
30 145
30 148
30 149
31 32
31 33
31 34
31 35
31 39
31 41
31 43
31 46
31 47
31 48
31 55
31 56
31 57
31 60
31 62
31 65
31 69
31 71
31 72
31 74
31 77
31 78
31 79
31 81
31 82
31 84
31 86
31 89
31 94
31 97
31 98
31 100
31 101
31 104
31 106
31 107
31 108
31 109
31 110
31 111
31 112
31 114
31 115
31 116
31 117
31 118
31 119
31 120
31 121
31 122
31 123
31 124
31 125
31 126
31 128
31 129
31 130
31 135
31 136
31 138
31 140
31 146
31 147
31 148
32 33
32 34
32 37
32 40
32 41
32 42
32 43
32 45
32 46
32 47
32 48
32 49
32 50
32 52
32 53
32 54
32 57
32 58
32 59
32 60
32 62
32 63
32 66
32 68
32 71
32 72
32 75
32 76
32 78
32 81
32 82
32 83
32 85
32 90
32 91
32 92
32 95
32 96
32 97
32 98
32 99
32 102
32 104
32 105
32 106
32 108
32 109
32 110
32 112
32 115
32 117
32 120
32 121
32 122
32 124
32 125
32 128
32 131
32 132
32 133
32 136
32 137
32 138
32 139
32 143
32 146
32 147
33 40
33 41
33 44
33 45
33 50
33 51
33 54
33 55
33 59
33 60
33 61
33 62
33 63
33 67
33 68
33 69
33 72
33 74
33 75
33 79
33 81
33 83
33 84
33 87
33 88
33 89
33 90
33 91
33 92
33 93
33 94
33 95
33 98
33 99
33 101
33 104
33 107
33 109
33 110
33 111
33 112
33 113
33 114
33 117
33 118
33 120
33 121
33 122
33 123
33 126
33 128
33 129
33 131
33 132
33 133
33 138
33 139
33 140
33 142
33 143
33 144
33 145
33 147
34 36
34 37
34 38
34 39
34 40
34 42
34 44
34 47
34 49
34 50
34 51
34 52
34 56
34 58
34 60
34 66
34 69
34 75
34 77
34 81
34 82
34 87
34 89
34 91
34 92
34 93
34 95
34 97
34 98
34 100
34 101
34 102
34 104
34 106
34 107
34 109
34 111
34 112
34 113
34 119
34 120
34 121
34 124
34 125
34 126
34 136
34 139
34 141
34 142
34 144
34 145
34 146
34 147
35 36
35 37
35 40
35 44
35 46
35 51
35 52
35 54
35 55
35 56
35 57
35 58
35 60
35 66
35 68
35 71
35 72
35 74
35 77
35 79
35 81
35 82
35 85
35 86
35 87
35 88
35 90
35 91
35 93
35 94
35 99
35 101
35 106
35 107
35 108
35 111
35 112
35 113
35 114
35 116
35 117
35 118
35 120
35 123
35 124
35 125
35 127
35 130
35 133
35 134
35 137
35 138
35 145
35 146
35 147
36 38
36 40
36 41
36 42
36 43
36 44
36 48
36 49
36 51
36 52
36 53
36 54
36 56
36 58
36 59
36 60
36 63
36 64
36 65
36 69
36 70
36 71
36 72
36 73
36 77
36 78
36 80
36 81
36 82
36 87
36 90
36 92
36 93
36 95
36 96
36 97
36 98
36 100
36 101
36 104
36 105
36 107
36 113
36 114
36 115
36 119
36 120
36 122
36 123
36 124
36 125
36 126
36 127
36 128
36 129
36 130
36 131
36 133
36 134
36 135
36 137
36 138
36 142
36 143
36 144
36 145
36 146
37 42
37 45
37 46
37 47
37 48
37 50
37 53
37 54
37 56
37 59
37 62
37 63
37 64
37 66
37 67
37 68
37 71
37 74
37 78
37 79
37 83
37 84
37 86
37 88
37 89
37 91
37 93
37 95
37 97
37 98
37 101
37 103
37 104
37 105
37 107
37 112
37 114
37 115
37 116
37 120
37 122
37 123
37 126
37 128
37 129
37 130
37 135
37 136
37 139
37 140
37 141
37 146
37 147
37 148
38 39
38 42
38 45
38 46
38 47
38 50
38 54
38 55
38 60
38 63
38 64
38 66
38 67
38 68
38 69
38 71
38 73
38 74
38 76
38 78
38 82
38 83
38 85
38 87
38 88
38 89
38 90
38 91
38 93
38 103
38 104
38 105
38 106
38 114
38 116
38 119
38 120
38 126
38 128
38 131
38 132
38 134
38 135
38 139
38 143
38 144
38 146
38 148
38 149
39 42
39 46
39 47
39 53
39 61
39 63
39 64
39 66
39 67
39 71
39 72
39 73
39 75
39 77
39 79
39 80
39 87
39 89
39 90
39 92
39 93
39 96
39 97
39 101
39 104
39 105
39 106
39 109
39 110
39 115
39 120
39 123
39 125
39 126
39 127
39 128
39 129
39 130
39 132
39 136
39 143
39 145
39 146
40 45
40 48
40 49
40 51
40 54
40 57
40 61
40 65
40 68
40 71
40 73
40 74
40 79
40 80
40 81
40 82
40 84
40 85
40 86
40 87
40 94
40 95
40 96
40 97
40 100
40 101
40 103
40 105
40 106
40 111
40 112
40 114
40 119
40 126
40 130
40 131
40 132
40 134
40 135
40 142
40 143
40 146
40 148
41 43
41 46
41 47
41 48
41 51
41 52
41 54
41 59
41 60
41 62
41 63
41 65
41 66
41 69
41 72
41 74
41 76
41 79
41 81
41 84
41 85
41 86
41 87
41 88
41 90
41 91
41 94
41 98
41 99
41 103
41 104
41 107
41 110
41 111
41 112
41 114
41 115
41 117
41 121
41 122
41 124
41 125
41 127
41 130
41 136
41 137
41 139
41 140
41 143
42 44
42 46
42 54
42 57
42 61
42 64
42 66
42 69
42 71
42 72
42 73
42 74
42 75
42 79
42 80
42 82
42 83
42 86
42 88
42 91
42 93
42 95
42 98
42 99
42 100
42 101
42 107
42 108
42 109
42 110
42 112
42 113
42 114
42 118
42 119
42 122
42 132
42 133
42 134
42 135
42 140
42 141
42 142
42 145
42 146
42 147
43 46
43 50
43 53
43 56
43 60
43 61
43 62
43 63
43 67
43 68
43 69
43 77
43 78
43 81
43 82
43 84
43 85
43 86
43 87
43 89
43 94
43 95
43 98
43 99
43 103
43 104
43 105
43 106
43 107
43 109
43 111
43 113
43 115
43 116
43 118
43 122
43 123
43 124
43 125
43 126
43 127
43 132
43 133
43 137
43 138
43 139
43 142
43 143
43 146
43 147
43 148
44 45
44 46
44 48
44 49
44 51
44 52
44 56
44 57
44 60
44 61
44 63
44 64
44 65
44 68
44 71
44 72
44 74
44 75
44 77
44 78
44 79
44 82
44 84
44 86
44 89
44 90
44 92
44 93
44 94
44 96
44 99
44 103
44 107
44 108
44 109
44 110
44 111
44 113
44 116
44 119
44 122
44 123
44 126
44 128
44 129
44 130
44 132
44 133
44 138
44 139
44 141
44 143
44 144
44 145
44 147
44 148
44 149
45 46
45 48
45 49
45 51
45 52
45 53
45 55
45 58
45 60
45 61
45 62
45 67
45 68
45 72
45 75
45 76
45 77
45 80
45 81
45 84
45 85
45 86
45 87
45 88
45 90
45 91
45 92
45 93
45 94
45 96
45 98
45 100
45 101
45 102
45 104
45 106
45 108
45 109
45 111
45 114
45 115
45 116
45 117
45 119
45 120
45 122
45 123
45 125
45 128
45 130
45 133
45 134
45 137
45 138
45 139
45 140
45 141
45 142
45 143
45 144
45 145
45 148
45 149
46 47
46 48
46 49
46 51
46 53
46 57
46 60
46 66
46 68
46 69
46 72
46 74
46 77
46 80
46 82
46 84
46 86
46 89
46 90
46 91
46 93
46 95
46 97
46 98
46 99
46 100
46 101
46 102
46 107
46 108
46 109
46 110
46 112
46 121
46 122
46 125
46 126
46 128
46 130
46 131
46 132
46 135
46 136
46 138
46 139
46 140
46 141
46 143
46 148
47 49
47 50
47 53
47 54
47 56
47 57
47 58
47 59
47 60
47 61
47 62
47 66
47 68
47 69
47 70
47 71
47 74
47 75
47 76
47 77
47 79
47 80
47 81
47 82
47 84
47 85
47 87
47 88
47 89
47 91
47 93
47 95
47 96
47 100
47 101
47 102
47 103
47 105
47 106
47 107
47 111
47 122
47 124
47 127
47 128
47 130
47 132
47 133
47 134
47 135
47 139
47 140
47 141
47 142
47 144
47 145
47 146
47 147
47 148
48 54
48 59
48 61
48 63
48 64
48 65
48 70
48 71
48 72
48 74
48 75
48 76
48 81
48 88
48 89
48 91
48 93
48 95
48 96
48 98
48 99
48 100
48 101
48 103
48 106
48 107
48 108
48 110
48 116
48 121
48 124
48 127
48 128
48 130
48 132
48 135
48 136
48 140
48 141
48 142
48 144
48 149
49 50
49 51
49 52
49 55
49 57
49 60
49 61
49 63
49 66
49 68
49 69
49 70
49 71
49 73
49 76
49 77
49 78
49 79
49 80
49 81
49 85
49 89
49 90
49 94
49 95
49 96
49 97
49 99
49 105
49 112
49 113
49 114
49 118
49 120
49 121
49 123
49 125
49 126
49 127
49 130
49 132
49 133
49 134
49 135
49 136
49 138
49 140
49 142
49 143
49 144
49 145
50 56
50 57
50 58
50 59
50 60
50 61
50 63
50 66
50 67
50 69
50 71
50 72
50 77
50 80
50 81
50 82
50 83
50 88
50 90
50 94
50 96
50 98
50 99
50 100
50 103
50 108
50 110
50 111
50 113
50 114
50 115
50 116
50 117
50 121
50 122
50 123
50 125
50 126
50 127
50 132
50 136
50 137
50 139
50 140
50 143
50 144
50 147
50 149
51 53
51 56
51 57
51 60
51 62
51 64
51 65
51 68
51 69
51 70
51 72
51 75
51 77
51 79
51 80
51 81
51 82
51 83
51 84
51 86
51 89
51 91
51 93
51 94
51 95
51 97
51 103
51 104
51 111
51 117
51 118
51 121
51 123
51 126
51 127
51 129
51 130
51 131
51 132
51 133
51 138
51 141
51 144
51 146
51 147
52 55
52 56
52 58
52 59
52 61
52 65
52 66
52 69
52 70
52 71
52 72
52 74
52 76
52 78
52 81
52 84
52 86
52 88
52 89
52 92
52 93
52 94
52 95
52 96
52 98
52 99
52 102
52 105
52 107
52 110
52 112
52 113
52 115
52 116
52 118
52 119
52 120
52 121
52 125
52 126
52 128
52 129
52 132
52 133
52 135
52 136
52 139
52 141
52 142
52 143
52 145
52 146
53 54
53 55
53 59
53 61
53 62
53 74
53 76
53 77
53 78
53 81
53 83
53 84
53 85
53 87
53 90
53 91
53 92
53 93
53 94
53 95
53 96
53 102
53 108
53 111
53 112
53 113
53 114
53 120
53 123
53 124
53 125
53 127
53 128
53 129
53 131
53 132
53 135
53 136
53 142
53 143
53 145
53 146
53 147
53 149
54 55
54 57
54 60
54 61
54 64
54 65
54 71
54 73
54 75
54 78
54 79
54 80
54 82
54 84
54 85
54 88
54 90
54 92
54 93
54 95
54 96
54 108
54 110
54 111
54 112
54 113
54 114
54 117
54 119
54 120
54 121
54 123
54 124
54 125
54 127
54 129
54 132
54 133
54 134
54 135
54 136
54 137
54 142
54 143
54 144
54 145
54 147
55 56
55 57
55 61
55 63
55 64
55 65
55 67
55 68
55 73
55 74
55 75
55 79
55 80
55 81
55 82
55 83
55 84
55 89
55 98
55 102
55 106
55 108
55 113
55 114
55 116
55 118
55 120
55 124
55 125
55 126
55 127
55 128
55 130
55 135
55 136
55 138
55 139
55 145
55 147
56 58
56 59
56 60
56 61
56 64
56 66
56 67
56 70
56 73
56 76
56 80
56 89
56 92
56 97
56 100
56 101
56 104
56 106
56 111
56 114
56 115
56 118
56 119
56 120
56 124
56 125
56 128
56 129
56 130
56 134
56 136
56 137
56 138
56 140
56 146
56 148
57 58
57 59
57 60
57 61
57 68
57 69
57 74
57 75
57 78
57 79
57 80
57 82
57 83
57 84
57 87
57 89
57 91
57 92
57 94
57 95
57 96
57 98
57 101
57 102
57 105
57 106
57 107
57 109
57 112
57 114
57 116
57 117
57 118
57 119
57 120
57 121
57 122
57 124
57 125
57 127
57 128
57 132
57 133
57 137
57 138
57 139
57 140
57 141
57 144
57 145
57 149
58 59
58 60
58 61
58 62
58 63
58 65
58 66
58 67
58 74
58 76
58 85
58 86
58 87
58 89
58 91
58 92
58 94
58 96
58 98
58 101
58 102
58 104
58 105
58 108
58 109
58 111
58 113
58 114
58 116
58 118
58 120
58 121
58 123
58 127
58 128
58 129
58 130
58 133
58 135
58 136
58 140
58 142
58 144
58 145
58 148
59 60
59 62
59 63
59 64
59 70
59 73
59 74
59 78
59 79
59 81
59 82
59 85
59 89
59 90
59 93
59 94
59 96
59 97
59 104
59 106
59 107
59 108
59 110
59 113
59 114
59 115
59 117
59 118
59 119
59 120
59 123
59 125
59 126
59 127
59 128
59 130
59 131
59 133
59 134
59 136
59 137
59 139
59 140
59 141
59 143
59 144
59 145
59 146
59 148
60 61
60 63
60 66
60 69
60 70
60 72
60 73
60 74
60 77
60 78
60 79
60 81
60 82
60 83
60 84
60 87
60 88
60 90
60 94
60 97
60 98
60 100
60 101
60 103
60 104
60 108
60 112
60 114
60 115
60 116
60 121
60 124
60 127
60 129
60 137
60 141
60 144
60 146
60 148
60 149
61 63
61 64
61 67
61 69
61 70
61 71
61 73
61 79
61 80
61 81
61 82
61 83
61 87
61 89
61 96
61 97
61 99
61 100
61 101
61 102
61 104
61 106
61 109
61 110
61 111
61 112
61 113
61 115
61 117
61 124
61 129
61 130
61 132
61 133
61 134
61 135
61 136
61 138
61 141
61 142
61 144
61 145
62 63
62 64
62 65
62 66
62 67
62 69
62 70
62 75
62 77
62 79
62 84
62 86
62 88
62 93
62 96
62 97
62 98
62 99
62 107
62 110
62 112
62 115
62 116
62 119
62 121
62 122
62 124
62 126
62 130
62 132
62 133
62 137
62 138
62 145
62 146
62 149
63 64
63 65
63 67
63 68
63 69
63 70
63 72
63 73
63 75
63 76
63 81
63 82
63 83
63 87
63 89
63 90
63 91
63 92
63 94
63 95
63 98
63 99
63 100
63 103
63 104
63 106
63 110
63 112
63 113
63 115
63 117
63 120
63 121
63 124
63 127
63 129
63 130
63 131
63 132
63 136
63 137
63 139
63 141
63 142
63 145
64 71
64 72
64 73
64 75
64 77
64 78
64 81
64 84
64 89
64 91
64 94
64 96
64 97
64 99
64 103
64 106
64 109
64 110
64 111
64 113
64 115
64 116
64 117
64 118
64 121
64 123
64 124
64 125
64 127
64 132
64 134
64 135
64 141
64 142
64 144
64 147
64 149
65 66
65 69
65 70
65 71
65 73
65 76
65 77
65 80
65 81
65 82
65 84
65 85
65 88
65 91
65 92
65 93
65 94
65 95
65 97
65 98
65 99
65 102
65 103
65 105
65 107
65 110
65 111
65 113
65 116
65 117
65 118
65 119
65 121
65 122
65 124
65 125
65 126
65 127
65 128
65 129
65 130
65 132
65 133
65 134
65 136
65 139
65 140
65 141
65 145
65 146
66 67
66 69
66 70
66 71
66 74
66 79
66 81
66 84
66 88
66 91
66 92
66 96
66 97
66 98
66 103
66 107
66 109
66 113
66 116
66 122
66 125
66 127
66 130
66 131
66 133
66 137
66 139
66 140
66 142
66 145
66 146
66 148
66 149
67 69
67 70
67 73
67 74
67 77
67 79
67 80
67 82
67 83
67 84
67 86
67 88
67 91
67 93
67 95
67 96
67 97
67 98
67 100
67 101
67 103
67 106
67 108
67 112
67 114
67 115
67 116
67 117
67 118
67 119
67 120
67 121
67 124
67 130
67 134
67 135
67 136
67 141
67 144
67 145
67 146
67 147
67 148
67 149
68 70
68 71
68 73
68 75
68 76
68 77
68 78
68 79
68 87
68 88
68 90
68 91
68 96
68 99
68 100
68 101
68 103
68 104
68 105
68 107
68 109
68 117
68 118
68 119
68 120
68 121
68 122
68 123
68 124
68 125
68 128
68 130
68 131
68 132
68 135
68 136
68 137
68 138
68 139
68 143
68 144
68 145
68 146
68 147
68 148
69 71
69 73
69 75
69 76
69 77
69 78
69 81
69 82
69 84
69 87
69 88
69 89
69 95
69 96
69 100
69 107
69 108
69 109
69 111
69 116
69 117
69 118
69 119
69 121
69 124
69 125
69 130
69 131
69 132
69 133
69 134
69 135
69 137
69 138
69 139
69 145
69 148
69 149
70 73
70 74
70 77
70 78
70 80
70 81
70 82
70 84
70 85
70 86
70 87
70 88
70 90
70 91
70 92
70 96
70 97
70 98
70 99
70 104
70 105
70 106
70 113
70 114
70 115
70 119
70 121
70 123
70 126
70 127
70 130
70 131
70 133
70 135
70 138
70 139
70 142
70 149
71 72
71 74
71 79
71 81
71 83
71 84
71 86
71 88
71 89
71 90
71 91
71 92
71 96
71 97
71 98
71 100
71 101
71 102
71 103
71 107
71 109
71 110
71 111
71 112
71 113
71 115
71 117
71 118
71 119
71 122
71 123
71 127
71 129
71 136
71 138
71 139
71 145
71 146
71 147
71 148
71 149
72 74
72 75
72 76
72 78
72 81
72 82
72 83
72 87
72 89
72 90
72 91
72 94
72 95
72 96
72 99
72 100
72 101
72 106
72 107
72 109
72 111
72 112
72 114
72 115
72 116
72 117
72 119
72 120
72 121
72 122
72 123
72 127
72 131
72 132
72 133
72 136
72 139
72 142
72 144
72 145
72 146
72 147
72 149
73 75
73 76
73 77
73 80
73 81
73 84
73 85
73 88
73 91
73 98
73 99
73 100
73 101
73 104
73 106
73 107
73 108
73 110
73 111
73 112
73 114
73 115
73 117
73 120
73 129
73 130
73 134
73 139
73 142
73 143
73 145
73 146
73 147
73 149
74 79
74 81
74 84
74 87
74 90
74 92
74 95
74 96
74 98
74 99
74 104
74 105
74 106
74 107
74 108
74 109
74 114
74 116
74 117
74 120
74 122
74 127
74 129
74 130
74 133
74 134
74 138
74 142
74 143
74 144
74 148
75 77
75 81
75 86
75 89
75 90
75 91
75 93
75 94
75 96
75 104
75 105
75 106
75 108
75 109
75 112
75 113
75 116
75 119
75 121
75 122
75 123
75 125
75 128
75 130
75 131
75 132
75 135
75 137
75 138
75 142
75 145
75 146
76 77
76 79
76 81
76 85
76 87
76 88
76 90
76 91
76 92
76 93
76 94
76 95
76 97
76 99
76 100
76 103
76 104
76 105
76 108
76 109
76 110
76 111
76 113
76 114
76 115
76 116
76 117
76 118
76 119
76 120
76 121
76 122
76 124
76 127
76 131
76 132
76 134
76 138
76 139
76 140
76 141
76 144
76 145
76 147
76 149
77 78
77 79
77 80
77 81
77 82
77 86
77 90
77 92
77 95
77 96
77 98
77 101
77 104
77 106
77 108
77 113
77 116
77 117
77 118
77 119
77 120
77 122
77 123
77 124
77 127
77 128
77 129
77 131
77 133
77 135
77 136
77 137
77 139
77 141
77 142
77 143
77 145
77 147
78 79
78 83
78 84
78 87
78 90
78 91
78 92
78 93
78 94
78 96
78 98
78 99
78 100
78 104
78 105
78 107
78 108
78 110
78 112
78 113
78 115
78 116
78 119
78 120
78 123
78 124
78 126
78 128
78 129
78 134
78 135
78 136
78 137
78 138
78 141
78 143
78 149
79 80
79 81
79 82
79 83
79 89
79 91
79 92
79 94
79 97
79 98
79 101
79 102
79 105
79 106
79 112
79 113
79 114
79 115
79 123
79 126
79 127
79 128
79 131
79 133
79 135
79 136
79 138
79 141
79 142
79 144
79 146
79 149
80 85
80 87
80 89
80 91
80 93
80 94
80 95
80 97
80 99
80 105
80 108
80 110
80 111
80 112
80 113
80 117
80 118
80 121
80 123
80 125
80 127
80 131
80 134
80 135
80 136
80 141
80 142
80 145
80 148
81 82
81 86
81 87
81 94
81 95
81 96
81 97
81 98
81 100
81 101
81 102
81 103
81 104
81 106
81 109
81 110
81 111
81 112
81 113
81 114
81 116
81 120
81 122
81 123
81 124
81 127
81 128
81 132
81 141
81 142
81 146
81 149
82 83
82 87
82 88
82 89
82 92
82 93
82 97
82 99
82 105
82 107
82 108
82 110
82 111
82 112
82 113
82 117
82 119
82 120
82 122
82 124
82 125
82 127
82 129
82 136
82 138
82 140
82 142
82 143
82 145
83 84
83 87
83 89
83 92
83 93
83 94
83 96
83 97
83 98
83 99
83 100
83 102
83 106
83 109
83 110
83 111
83 115
83 117
83 120
83 122
83 123
83 124
83 126
83 127
83 129
83 131
83 132
83 134
83 139
83 140
83 143
83 144
83 145
84 87
84 88
84 91
84 92
84 93
84 97
84 99
84 104
84 105
84 106
84 109
84 110
84 111
84 117
84 118
84 119
84 121
84 122
84 124
84 127
84 129
84 131
84 133
84 138
84 139
84 141
84 147
84 149
85 88
85 89
85 90
85 95
85 97
85 100
85 102
85 104
85 105
85 108
85 111
85 115
85 116
85 118
85 122
85 124
85 125
85 127
85 130
85 131
85 132
85 133
85 134
85 135
85 136
85 137
85 138
85 140
85 141
85 142
85 143
85 144
85 145
85 147
85 149
86 87
86 89
86 91
86 93
86 96
86 99
86 102
86 104
86 106
86 110
86 112
86 116
86 122
86 126
86 132
86 133
86 134
86 136
86 137
86 138
86 139
86 141
86 144
86 145
86 146
86 149
87 91
87 93
87 95
87 99
87 100
87 101
87 104
87 106
87 107
87 108
87 110
87 112
87 114
87 117
87 118
87 121
87 123
87 124
87 125
87 127
87 131
87 133
87 134
87 135
87 137
87 138
87 139
87 142
87 143
87 146
87 147
88 89
88 91
88 92
88 93
88 95
88 97
88 98
88 99
88 100
88 101
88 103
88 106
88 107
88 110
88 111
88 113
88 114
88 116
88 118
88 119
88 121
88 122
88 123
88 126
88 127
88 128
88 131
88 137
88 139
88 140
88 141
88 143
88 144
88 146
88 147
88 149
89 91
89 92
89 93
89 94
89 95
89 97
89 98
89 100
89 101
89 108
89 110
89 111
89 115
89 118
89 120
89 122
89 123
89 124
89 125
89 126
89 128
89 131
89 134
89 137
89 140
89 141
89 143
89 144
89 145
89 146
89 147
89 148
90 91
90 93
90 94
90 95
90 97
90 100
90 101
90 103
90 104
90 106
90 109
90 110
90 114
90 115
90 116
90 117
90 119
90 120
90 121
90 123
90 125
90 127
90 129
90 131
90 133
90 135
90 136
90 138
90 140
90 141
90 142
90 143
90 144
90 146
90 147
90 148
90 149
91 94
91 95
91 96
91 97
91 103
91 107
91 108
91 109
91 110
91 111
91 112
91 114
91 116
91 118
91 119
91 122
91 123
91 126
91 128
91 136
91 137
91 138
91 139
91 141
91 143
91 144
91 145
91 146
91 148
91 149
92 94
92 95
92 96
92 97
92 103
92 106
92 107
92 108
92 109
92 110
92 111
92 112
92 113
92 117
92 118
92 119
92 123
92 124
92 125
92 132
92 133
92 136
92 138
92 139
92 143
92 144
92 146
92 149
93 95
93 97
93 101
93 102
93 106
93 107
93 108
93 109
93 113
93 114
93 116
93 120
93 121
93 122
93 123
93 124
93 129
93 133
93 135
93 136
93 139
93 141
93 144
93 145
94 99
94 102
94 103
94 104
94 105
94 109
94 111
94 112
94 113
94 114
94 115
94 120
94 124
94 126
94 128
94 129
94 131
94 132
94 134
94 135
94 139
94 141
94 142
94 143
94 145
94 146
95 96
95 98
95 101
95 103
95 105
95 106
95 109
95 115
95 116
95 118
95 120
95 123
95 124
95 126
95 129
95 130
95 133
95 137
95 141
95 142
95 145
95 147
96 98
96 99
96 102
96 103
96 104
96 106
96 107
96 109
96 111
96 113
96 114
96 116
96 118
96 121
96 122
96 124
96 127
96 129
96 133
96 135
96 136
96 142
96 145
96 149
97 99
97 100
97 101
97 103
97 104
97 105
97 106
97 109
97 111
97 113
97 114
97 115
97 116
97 117
97 120
97 121
97 123
97 124
97 125
97 127
97 128
97 129
97 130
97 132
97 134
97 138
97 140
97 141
97 143
97 144
97 146
97 148
97 149
98 100
98 101
98 102
98 106
98 108
98 109
98 114
98 117
98 118
98 122
98 123
98 124
98 128
98 130
98 134
98 135
98 136
98 139
98 141
98 142
98 143
98 145
98 147
99 100
99 101
99 102
99 104
99 107
99 108
99 109
99 111
99 112
99 113
99 114
99 115
99 116
99 117
99 118
99 120
99 123
99 125
99 128
99 129
99 130
99 132
99 139
99 141
99 144
99 146
99 149
100 101
100 102
100 103
100 104
100 106
100 111
100 113
100 114
100 116
100 117
100 120
100 121
100 123
100 124
100 125
100 126
100 127
100 128
100 129
100 130
100 131
100 132
100 133
100 135
100 136
100 139
100 142
100 144
100 148
100 149
101 104
101 105
101 107
101 109
101 110
101 111
101 113
101 114
101 116
101 118
101 120
101 124
101 126
101 127
101 128
101 129
101 130
101 133
101 134
101 135
101 136
101 137
101 138
101 145
101 146
101 148
101 149
102 103
102 105
102 106
102 109
102 111
102 112
102 115
102 116
102 117
102 118
102 119
102 123
102 126
102 128
102 129
102 132
102 133
102 136
102 139
102 146
102 147
103 105
103 108
103 109
103 110
103 114
103 116
103 117
103 118
103 119
103 121
103 122
103 123
103 124
103 125
103 126
103 127
103 128
103 131
103 132
103 133
103 135
103 136
103 137
103 138
103 139
103 140
103 142
103 143
103 148
103 149
104 105
104 107
104 108
104 110
104 114
104 116
104 118
104 119
104 121
104 122
104 124
104 125
104 127
104 128
104 129
104 133
104 135
104 137
104 138
104 139
104 140
104 142
104 143
104 144
104 148
104 149
105 106
105 110
105 118
105 123
105 124
105 130
105 131
105 136
105 137
105 138
105 139
105 140
105 141
105 142
105 143
105 144
105 145
105 148
106 107
106 108
106 110
106 115
106 116
106 119
106 120
106 121
106 122
106 123
106 127
106 128
106 131
106 134
106 135
106 136
106 138
106 139
106 141
106 142
106 143
106 148
106 149
107 110
107 122
107 123
107 125
107 126
107 128
107 130
107 132
107 133
107 134
107 135
107 137
107 138
107 140
107 144
107 145
107 148
108 109
108 112
108 118
108 120
108 122
108 123
108 126
108 129
108 131
108 132
108 133
108 134
108 135
108 139
108 143
108 144
109 111
109 113
109 114
109 115
109 121
109 122
109 123
109 128
109 129
109 130
109 131
109 134
109 135
109 137
109 138
109 139
109 141
109 144
109 145
109 146
109 147
110 112
110 115
110 116
110 117
110 119
110 121
110 123
110 125
110 131
110 132
110 136
110 140
110 142
110 146
110 147
110 149
111 113
111 118
111 121
111 122
111 126
111 129
111 132
111 133
111 136
111 138
111 140
111 142
112 116
112 119
112 120
112 121
112 122
112 123
112 124
112 125
112 126
112 127
112 128
112 132
112 135
112 136
112 141
112 142
112 144
112 145
112 146
112 148
112 149
113 115
113 117
113 118
113 120
113 122
113 124
113 125
113 127
113 128
113 129
113 130
113 132
113 133
113 135
113 137
113 138
113 139
113 142
113 145
113 146
113 147
114 116
114 119
114 120
114 121
114 124
114 126
114 127
114 130
114 131
114 133
114 134
114 135
114 136
114 138
114 140
114 141
114 142
114 146
114 147
115 118
115 119
115 121
115 122
115 123
115 124
115 126
115 127
115 129
115 131
115 132
115 133
115 135
115 137
115 138
115 139
115 141
115 142
115 144
115 147
115 148
116 117
116 118
116 119
116 123
116 124
116 126
116 127
116 128
116 130
116 131
116 133
116 136
116 138
116 144
116 145
116 146
116 147
117 121
117 122
117 125
117 126
117 127
117 130
117 133
117 136
117 137
117 139
117 140
117 141
117 149
118 120
118 121
118 123
118 124
118 126
118 127
118 132
118 133
118 134
118 135
118 145
119 121
119 124
119 127
119 128
119 129
119 130
119 131
119 132
119 135
119 136
119 138
119 139
119 141
119 142
119 143
119 149
120 121
120 122
120 123
120 126
120 127
120 129
120 130
120 131
120 132
120 133
120 134
120 135
120 136
120 141
120 143
120 144
120 145
120 146
120 148
120 149
121 123
121 127
121 128
121 129
121 130
121 132
121 134
121 136
121 137
121 138
121 141
121 144
121 146
121 149
122 126
122 127
122 129
122 133
122 134
122 135
122 138
122 140
122 141
122 143
122 145
122 146
122 147
123 127
123 129
123 130
123 131
123 133
123 136
123 139
123 140
123 142
123 143
123 147
123 148
123 149
124 126
124 127
124 134
124 138
124 139
124 142
124 143
124 149
125 126
125 127
125 129
125 130
125 131
125 133
125 135
125 137
125 140
125 141
125 142
125 143
125 145
125 148
125 149
126 127
126 128
126 131
126 132
126 133
126 134
126 135
126 137
126 138
126 141
126 142
126 146
126 147
127 131
127 132
127 135
127 136
127 138
127 141
127 142
127 143
127 144
127 146
127 147
127 148
127 149
128 131
128 134
128 135
128 141
128 142
128 143
128 145
128 146
128 147
129 130
129 135
129 137
129 141
129 143
130 132
130 134
130 135
130 136
130 139
130 140
130 141
130 142
130 143
130 144
130 148
130 149
131 134
131 135
131 136
131 138
131 139
131 141
131 142
131 143
131 145
131 146
131 147
131 148
131 149
132 133
132 134
132 137
132 140
132 142
132 143
132 144
132 146
132 147
132 149
133 136
133 140
133 141
133 142
133 145
133 146
133 148
133 149
134 135
134 140
134 144
134 146
134 148
134 149
135 136
135 140
135 142
135 143
135 146
135 147
135 148
135 149
136 138
136 141
136 142
136 143
136 146
136 148
137 138
137 139
137 140
137 141
137 143
137 144
137 146
137 148
137 149
138 139
138 142
138 146
138 149
139 140
139 142
139 143
139 145
139 147
139 148
140 141
140 142
140 143
140 144
140 147
140 148
140 149
141 142
141 144
141 145
141 146
141 147
141 148
142 143
142 144
142 145
142 146
142 148
142 149
143 144
143 145
143 147
143 148
143 149
144 146
144 148
144 149
145 146
145 148
145 149
146 147
146 149
147 148
148 149
