0 3
0 8
0 15
0 21
0 28
0 31
0 32
0 37
0 38
0 43
0 51
0 54
0 58
0 66
0 80
0 81
0 85
0 86
0 89
0 91
0 93
0 101
0 104
0 105
0 111
0 112
0 123
0 128
0 129
0 143
1 9
1 17
1 18
1 19
1 29
1 35
1 36
1 37
1 39
1 40
1 46
1 60
1 66
1 69
1 71
1 72
1 74
1 76
1 80
1 81
1 85
1 88
1 93
1 102
1 103
1 106
1 112
1 115
1 117
1 126
1 128
1 135
1 140
1 143
1 145
2 14
2 15
2 16
2 17
2 18
2 23
2 28
2 29
2 30
2 34
2 43
2 50
2 58
2 61
2 65
2 67
2 70
2 75
2 77
2 90
2 93
2 99
2 105
2 106
2 107
2 110
2 111
2 121
2 133
2 134
2 139
2 146
3 4
3 8
3 9
3 17
3 18
3 24
3 29
3 40
3 52
3 68
3 73
3 78
3 81
3 107
3 109
3 110
3 117
3 118
3 123
3 129
3 135
3 141
3 145
3 146
3 148
4 6
4 7
4 10
4 14
4 15
4 20
4 25
4 26
4 30
4 33
4 34
4 35
4 42
4 44
4 45
4 53
4 55
4 56
4 63
4 71
4 76
4 85
4 88
4 97
4 99
4 103
4 128
4 129
4 130
4 131
4 136
4 137
4 142
4 146
5 14
5 16
5 18
5 30
5 33
5 36
5 44
5 47
5 49
5 55
5 72
5 79
5 81
5 82
5 83
5 86
5 88
5 97
5 104
5 106
5 111
5 114
5 119
5 123
5 124
5 126
5 130
5 138
5 142
5 144
5 149
6 8
6 10
6 15
6 16
6 20
6 22
6 23
6 24
6 27
6 29
6 32
6 45
6 47
6 48
6 63
6 64
6 66
6 71
6 75
6 82
6 85
6 93
6 94
6 111
6 112
6 117
6 127
6 128
6 143
6 145
6 146
6 147
6 148
7 12
7 13
7 14
7 17
7 18
7 21
7 29
7 38
7 43
7 47
7 53
7 54
7 55
7 57
7 64
7 73
7 75
7 85
7 86
7 87
7 91
7 94
7 103
7 107
7 108
7 115
7 119
7 121
7 128
7 130
7 136
7 138
7 146
8 9
8 12
8 24
8 26
8 30
8 31
8 32
8 33
8 42
8 43
8 49
8 50
8 61
8 63
8 66
8 69
8 73
8 81
8 84
8 91
8 94
8 96
8 98
8 104
8 106
8 108
8 113
8 116
8 119
8 130
8 147
9 19
9 20
9 25
9 26
9 37
9 46
9 56
9 60
9 66
9 70
9 76
9 88
9 93
9 94
9 97
9 104
9 118
9 119
9 124
9 134
9 137
9 138
9 145
9 146
9 149
10 11
10 14
10 16
10 40
10 43
10 45
10 46
10 48
10 49
10 57
10 61
10 74
10 82
10 101
10 110
10 122
10 124
10 129
10 133
10 146
11 12
11 15
11 27
11 28
11 39
11 41
11 43
11 46
11 47
11 49
11 52
11 54
11 60
11 64
11 68
11 74
11 77
11 82
11 89
11 91
11 99
11 100
11 104
11 105
11 108
11 112
11 116
11 125
11 127
11 131
11 141
11 146
12 14
12 20
12 22
12 25
12 29
12 32
12 49
12 51
12 62
12 73
12 76
12 80
12 81
12 82
12 83
12 88
12 89
12 96
12 107
12 109
12 118
12 136
12 138
12 144
12 146
13 19
13 20
13 28
13 37
13 38
13 45
13 47
13 53
13 57
13 60
13 61
13 69
13 71
13 76
13 77
13 78
13 85
13 86
13 88
13 94
13 97
13 120
13 121
13 123
13 128
13 130
13 131
13 136
13 137
14 19
14 23
14 24
14 30
14 34
14 36
14 40
14 42
14 49
14 50
14 52
14 62
14 63
14 72
14 73
14 75
14 84
14 86
14 97
14 100
14 105
14 109
14 118
14 141
14 145
15 19
15 22
15 35
15 39
15 41
15 43
15 44
15 50
15 58
15 60
15 61
15 62
15 72
15 73
15 74
15 77
15 89
15 91
15 94
15 98
15 101
15 115
15 117
15 121
15 122
15 126
15 127
15 132
15 135
15 139
15 140
15 146
16 19
16 37
16 41
16 49
16 52
16 53
16 57
16 64
16 69
16 71
16 72
16 78
16 109
16 111
16 112
16 124
16 128
16 133
16 138
16 139
17 33
17 35
17 37
17 42
17 43
17 51
17 52
17 57
17 59
17 79
17 80
17 82
17 85
17 89
17 104
17 108
17 118
17 120
17 125
17 129
17 132
17 133
17 146
17 148
17 149
18 22
18 26
18 33
18 34
18 37
18 42
18 45
18 48
18 57
18 58
18 78
18 79
18 80
18 82
18 83
18 87
18 96
18 106
18 114
18 124
18 126
18 131
18 135
18 138
18 139
18 145
18 147
18 149
19 20
19 21
19 24
19 29
19 39
19 42
19 52
19 53
19 55
19 67
19 73
19 74
19 87
19 89
19 95
19 96
19 97
19 99
19 108
19 111
19 114
19 115
19 121
19 124
19 127
19 130
19 131
19 138
19 143
19 145
19 147
20 21
20 29
20 32
20 33
20 35
20 37
20 42
20 51
20 60
20 63
20 67
20 77
20 93
20 99
20 102
20 111
20 118
20 123
20 131
20 141
21 24
21 28
21 34
21 37
21 38
21 50
21 51
21 55
21 60
21 63
21 76
21 78
21 94
21 97
21 98
21 108
21 109
21 110
21 111
21 115
21 116
21 125
21 136
21 138
21 142
21 148
22 25
22 31
22 42
22 46
22 57
22 59
22 61
22 65
22 68
22 71
22 76
22 83
22 97
22 108
22 118
22 119
22 120
22 128
22 132
22 140
23 24
23 30
23 50
23 55
23 59
23 66
23 83
23 86
23 92
23 103
23 104
23 109
23 112
23 114
23 120
23 122
23 123
23 125
23 137
23 138
23 140
23 145
23 148
24 38
24 47
24 49
24 51
24 52
24 57
24 58
24 65
24 68
24 69
24 74
24 80
24 85
24 86
24 87
24 89
24 95
24 99
24 100
24 107
24 113
24 117
24 129
24 145
25 30
25 33
25 44
25 48
25 53
25 56
25 58
25 59
25 61
25 64
25 69
25 71
25 79
25 84
25 85
25 90
25 103
25 105
25 109
25 110
25 118
25 121
25 133
25 138
25 140
25 143
26 27
26 28
26 30
26 43
26 47
26 48
26 51
26 58
26 59
26 62
26 67
26 71
26 73
26 76
26 77
26 86
26 87
26 88
26 89
26 93
26 109
26 116
26 117
26 120
26 124
26 125
26 133
26 139
26 143
26 145
26 148
27 32
27 35
27 40
27 43
27 50
27 57
27 61
27 63
27 66
27 69
27 72
27 74
27 78
27 90
27 96
27 117
27 118
27 123
27 131
27 133
27 134
27 138
28 35
28 52
28 53
28 58
28 87
28 90
28 94
28 104
28 107
28 112
28 116
28 124
28 129
28 131
28 134
28 140
28 144
28 145
28 148
29 31
29 34
29 37
29 39
29 41
29 45
29 46
29 55
29 58
29 61
29 63
29 72
29 76
29 79
29 80
29 88
29 97
29 98
29 101
29 107
29 109
29 119
29 127
29 129
29 141
29 143
29 145
29 147
29 149
30 37
30 42
30 45
30 48
30 50
30 52
30 54
30 57
30 67
30 83
30 94
30 95
30 102
30 105
30 107
30 112
30 119
30 138
30 148
31 35
31 50
31 55
31 56
31 61
31 62
31 77
31 78
31 88
31 102
31 103
31 106
31 107
31 108
31 115
31 117
31 118
31 123
31 125
31 131
31 143
32 35
32 41
32 55
32 56
32 58
32 67
32 75
32 78
32 81
32 87
32 92
32 95
32 96
32 105
32 113
32 115
32 117
32 134
32 135
32 145
32 147
33 41
33 51
33 52
33 58
33 68
33 71
33 78
33 87
33 90
33 100
33 103
33 105
33 114
33 115
33 119
33 133
33 136
33 144
33 146
34 52
34 55
34 56
34 59
34 65
34 66
34 71
34 78
34 85
34 90
34 115
34 118
34 125
34 146
35 40
35 46
35 51
35 53
35 56
35 60
35 67
35 76
35 79
35 85
35 95
35 96
35 106
35 112
35 121
35 123
35 124
35 127
35 133
35 142
36 37
36 42
36 43
36 47
36 48
36 54
36 61
36 67
36 68
36 84
36 95
36 112
36 119
36 120
36 126
36 129
36 130
36 131
36 138
36 141
36 142
36 147
37 38
37 41
37 48
37 56
37 57
37 59
37 61
37 63
37 65
37 68
37 69
37 70
37 75
37 76
37 77
37 85
37 97
37 102
37 103
37 104
37 106
37 115
37 118
37 120
37 123
37 137
37 140
37 145
37 148
38 39
38 46
38 52
38 54
38 61
38 62
38 68
38 73
38 75
38 80
38 82
38 85
38 99
38 102
38 110
38 118
38 119
38 121
38 128
39 41
39 52
39 59
39 70
39 85
39 89
39 92
39 97
39 100
39 102
39 103
39 127
39 129
39 133
39 137
39 142
39 144
39 148
40 43
40 45
40 46
40 47
40 49
40 56
40 66
40 70
40 76
40 86
40 90
40 95
40 103
40 112
40 113
40 115
40 121
40 123
40 126
40 130
40 134
40 136
40 149
41 43
41 44
41 49
41 52
41 55
41 63
41 71
41 83
41 90
41 104
41 105
41 115
41 132
41 133
41 137
41 139
41 141
42 45
42 49
42 51
42 54
42 55
42 64
42 68
42 73
42 77
42 81
42 84
42 89
42 93
42 94
42 107
42 110
42 114
42 119
42 122
42 132
42 136
42 140
42 141
43 54
43 63
43 66
43 67
43 73
43 77
43 79
43 80
43 86
43 87
43 88
43 91
43 97
43 101
43 109
43 116
43 124
43 126
43 134
43 145
43 149
44 46
44 48
44 57
44 63
44 65
44 69
44 74
44 81
44 85
44 86
44 87
44 88
44 91
44 95
44 102
44 107
44 112
44 113
44 121
44 122
44 129
44 133
44 134
44 135
44 143
44 144
44 148
44 149
45 46
45 47
45 83
45 85
45 87
45 102
45 106
45 107
45 115
45 116
45 118
45 121
45 131
45 138
45 141
45 144
46 60
46 61
46 62
46 67
46 72
46 82
46 83
46 86
46 91
46 98
46 100
46 103
46 107
46 109
46 132
46 133
46 149
47 53
47 59
47 77
47 83
47 89
47 91
47 100
47 107
47 111
47 112
47 114
47 116
47 119
47 129
47 130
47 147
48 50
48 51
48 58
48 61
48 64
48 77
48 83
48 84
48 85
48 86
48 91
48 110
48 124
48 130
48 132
48 134
49 59
49 60
49 61
49 62
49 72
49 79
49 82
49 84
49 89
49 90
49 93
49 94
49 95
49 100
49 103
49 116
49 122
49 126
49 129
49 131
49 135
49 139
49 141
50 51
50 59
50 66
50 69
50 71
50 78
50 79
50 89
50 90
50 93
50 97
50 98
50 105
50 106
50 111
50 112
50 113
50 119
50 124
50 126
50 128
50 141
50 145
51 53
51 54
51 64
51 65
51 67
51 72
51 88
51 104
51 114
51 123
51 125
51 135
51 140
51 146
52 56
52 63
52 64
52 68
52 71
52 74
52 89
52 96
52 106
52 110
52 119
52 120
52 130
52 134
52 136
52 138
52 139
52 146
52 148
53 57
53 58
53 61
53 62
53 63
53 68
53 71
53 82
53 88
53 92
53 95
53 98
53 103
53 107
53 114
53 126
53 137
53 140
53 141
53 143
54 57
54 61
54 76
54 77
54 78
54 85
54 98
54 99
54 114
54 126
54 129
54 134
54 146
55 56
55 59
55 71
55 74
55 85
55 90
55 92
55 102
55 107
55 108
55 113
55 119
55 125
55 134
55 137
55 138
55 140
55 141
55 142
55 143
55 144
55 148
56 60
56 68
56 72
56 77
56 78
56 82
56 83
56 93
56 94
56 96
56 100
56 101
56 104
56 109
56 113
56 115
56 119
56 124
56 138
57 63
57 64
57 66
57 71
57 72
57 85
57 89
57 93
57 102
57 106
57 109
57 113
57 117
57 119
57 123
57 131
57 132
57 134
57 135
57 142
57 143
57 144
57 147
57 149
58 60
58 62
58 69
58 71
58 73
58 79
58 85
58 88
58 96
58 117
58 124
58 126
58 127
58 133
58 142
58 148
58 149
59 62
59 70
59 72
59 73
59 79
59 82
59 83
59 86
59 89
59 93
59 100
59 105
59 108
59 115
59 116
59 121
59 126
59 129
59 138
59 143
59 149
60 61
60 62
60 64
60 67
60 68
60 72
60 88
60 90
60 92
60 94
60 97
60 103
60 104
60 105
60 110
60 123
60 140
60 141
60 142
60 148
61 67
61 69
61 79
61 81
61 84
61 90
61 95
61 111
61 112
61 117
61 118
61 122
61 125
61 128
61 143
62 67
62 71
62 72
62 77
62 97
62 98
62 102
62 103
62 116
62 121
62 122
62 123
62 137
62 144
63 71
63 78
63 80
63 81
63 82
63 94
63 95
63 102
63 104
63 112
63 114
63 116
63 134
63 147
64 70
64 71
64 83
64 102
64 108
64 113
64 117
64 119
64 128
64 131
64 145
65 70
65 73
65 75
65 78
65 79
65 80
65 81
65 89
65 126
65 128
65 129
65 141
66 72
66 76
66 77
66 79
66 85
66 94
66 100
66 102
66 103
66 108
66 116
66 118
66 123
66 131
66 137
66 147
67 70
67 75
67 88
67 94
67 98
67 101
67 111
67 113
67 130
67 132
67 136
67 141
67 146
68 71
68 72
68 75
68 78
68 94
68 96
68 97
68 99
68 114
68 119
68 132
68 133
68 142
68 144
68 146
69 75
69 76
69 82
69 85
69 88
69 98
69 101
69 102
69 103
69 105
69 106
69 133
69 134
69 135
69 141
69 149
70 72
70 90
70 94
70 95
70 97
70 100
70 102
70 105
70 113
70 120
70 121
70 124
70 128
70 129
70 146
71 73
71 75
71 76
71 85
71 89
71 90
71 95
71 97
71 111
71 112
71 114
71 128
71 135
71 144
72 78
72 86
72 89
72 91
72 93
72 96
72 106
72 107
72 108
72 111
72 112
72 116
72 126
72 127
72 132
72 137
72 139
73 76
73 78
73 81
73 92
73 96
73 100
73 101
73 105
73 120
73 121
73 124
73 126
73 140
73 141
74 77
74 78
74 79
74 84
74 89
74 90
74 96
74 101
74 102
74 104
74 110
74 111
74 122
74 123
74 127
74 132
74 133
74 138
74 139
74 148
75 76
75 77
75 81
75 89
75 93
75 106
75 107
75 109
75 113
75 118
75 120
75 125
75 130
75 133
75 137
75 140
76 77
76 80
76 87
76 89
76 93
76 95
76 96
76 97
76 115
76 117
76 118
76 119
76 120
76 133
76 135
76 139
76 143
76 147
77 85
77 89
77 90
77 92
77 99
77 107
77 114
77 121
77 127
77 132
77 137
77 140
77 142
77 144
77 145
78 79
78 89
78 90
78 91
78 92
78 104
78 111
78 119
78 126
78 127
78 131
78 138
78 144
79 81
79 84
79 86
79 95
79 97
79 107
79 111
79 122
79 127
79 134
79 139
79 141
79 143
79 144
80 85
80 86
80 89
80 97
80 98
80 100
80 110
80 111
80 112
80 114
80 115
80 124
80 125
80 131
80 132
80 135
80 142
80 144
80 145
80 148
81 82
81 83
81 90
81 98
81 100
81 105
81 110
81 111
81 115
81 117
81 124
81 130
81 137
81 143
81 144
82 86
82 93
82 94
82 101
82 105
82 123
82 128
82 129
82 132
82 134
82 135
82 138
82 143
82 146
82 148
83 86
83 90
83 100
83 114
83 115
83 116
83 125
83 126
83 127
83 139
83 146
84 85
84 86
84 90
84 103
84 104
84 114
84 119
84 121
84 123
84 125
84 142
85 95
85 100
85 102
85 103
85 110
85 113
85 114
85 117
85 118
85 126
85 132
85 133
85 136
85 140
85 141
85 142
85 146
86 92
86 96
86 97
86 98
86 102
86 103
86 110
86 112
86 114
86 117
86 121
86 122
86 130
86 131
86 139
86 141
86 144
87 91
87 95
87 96
87 98
87 120
87 121
87 124
87 127
87 128
87 142
88 92
88 94
88 100
88 103
88 111
88 117
88 125
88 127
88 129
88 141
88 142
88 145
88 147
88 149
89 94
89 107
89 113
89 120
89 124
89 129
89 132
89 136
89 137
89 138
89 141
89 147
89 149
90 94
90 98
90 106
90 107
90 115
90 118
90 125
90 126
90 128
90 129
90 132
90 138
90 139
90 147
91 94
91 98
91 100
91 102
91 105
91 114
91 119
91 121
91 122
91 126
91 144
91 148
92 95
92 96
92 98
92 99
92 100
92 106
92 111
92 124
92 127
92 129
92 130
92 133
92 139
93 94
93 100
93 125
93 130
94 97
94 102
94 115
94 116
94 119
94 128
94 130
94 131
94 136
94 142
94 143
94 146
95 97
95 100
95 107
95 108
95 109
95 118
95 119
95 126
95 127
95 131
96 99
96 100
96 103
96 113
96 115
96 116
96 117
96 120
96 125
96 130
96 131
96 132
96 133
96 147
96 149
97 99
97 102
97 103
97 111
97 117
97 123
97 131
97 139
97 144
97 145
98 100
98 101
98 103
98 129
98 131
98 135
98 147
99 101
99 105
99 109
99 116
99 118
99 121
99 122
99 134
99 144
99 145
99 147
99 149
100 101
100 109
100 115
100 117
100 120
100 122
100 129
100 130
100 135
100 146
100 149
101 105
101 107
101 112
101 114
101 128
101 129
101 130
101 136
101 140
101 142
101 144
101 148
102 105
102 112
102 113
102 114
102 116
102 121
102 124
102 127
102 135
102 136
102 138
102 141
102 142
103 107
103 111
103 117
103 118
103 119
103 125
103 130
103 138
103 146
103 149
104 114
104 119
104 127
104 139
104 141
104 148
105 116
105 117
105 120
105 122
105 123
105 126
105 129
105 130
105 135
105 136
105 138
106 111
106 115
106 118
106 121
106 122
106 128
106 138
106 142
107 110
107 111
107 112
107 114
107 125
107 128
107 140
108 114
108 119
108 124
108 126
108 134
108 136
108 138
108 144
108 148
109 115
109 119
109 129
109 132
109 134
109 137
109 141
109 148
109 149
110 114
110 122
110 129
110 132
110 139
110 141
110 145
110 146
111 114
111 118
111 122
111 124
111 126
111 127
111 129
111 132
111 137
111 143
111 149
112 114
112 125
112 130
112 132
112 133
112 138
112 141
112 144
113 115
113 116
113 120
113 130
113 136
113 139
113 141
113 142
113 148
113 149
114 117
114 122
114 124
114 126
114 130
114 134
114 142
114 144
115 124
115 136
115 138
115 142
116 127
116 132
116 133
116 134
116 141
116 142
116 146
116 147
117 123
117 127
117 130
117 131
117 132
117 140
117 142
117 146
118 138
118 149
119 120
119 121
119 133
119 137
119 141
119 149
120 134
120 136
120 143
121 133
121 134
121 137
121 139
121 141
122 123
122 124
122 132
122 135
123 124
123 129
123 131
123 132
123 141
123 143
123 146
124 130
124 132
124 135
124 146
124 149
125 134
125 139
125 142
125 145
125 148
126 128
126 132
126 136
126 137
126 140
126 142
126 147
127 132
127 133
127 136
127 137
127 140
128 134
128 136
128 142
128 149
129 130
129 133
129 138
129 142
129 145
129 147
130 132
130 135
130 137
130 140
130 144
130 145
131 137
131 145
131 146
132 136
132 138
132 140
132 144
133 136
133 137
133 142
133 143
133 148
134 136
134 142
135 141
135 142
135 144
135 145
135 148
136 137
136 140
136 142
136 146
137 146
138 139
138 141
138 145
139 145
140 141
140 145
141 144
141 147
142 144
142 147
144 149
145 148
147 148
147 149
