0 2
0 4
0 7
0 13
0 22
0 24
0 25
0 28
0 35
0 36
0 39
0 53
0 54
0 64
0 69
0 73
0 74
0 77
0 80
0 81
0 88
0 92
0 94
0 97
0 98
0 103
0 108
0 116
0 122
0 124
0 126
0 134
0 141
0 143
0 147
0 163
0 165
0 171
0 174
1 2
1 27
1 29
1 32
1 33
1 35
1 42
1 48
1 53
1 69
1 70
1 72
1 76
1 78
1 79
1 80
1 87
1 91
1 106
1 116
1 125
1 126
1 127
1 133
1 135
1 151
1 152
1 154
1 157
1 160
1 173
1 174
2 5
2 8
2 14
2 18
2 19
2 20
2 23
2 28
2 29
2 30
2 36
2 39
2 53
2 59
2 62
2 74
2 79
2 82
2 84
2 88
2 90
2 101
2 102
2 110
2 113
2 117
2 118
2 119
2 120
2 136
2 140
2 152
2 155
2 167
2 168
3 8
3 9
3 13
3 16
3 24
3 25
3 28
3 32
3 34
3 37
3 40
3 50
3 54
3 59
3 63
3 78
3 90
3 91
3 97
3 98
3 109
3 117
3 120
3 128
3 131
3 134
3 136
3 142
3 153
3 155
3 158
3 160
3 166
3 170
4 20
4 22
4 30
4 31
4 33
4 34
4 37
4 43
4 48
4 58
4 59
4 62
4 67
4 69
4 70
4 73
4 74
4 80
4 81
4 84
4 101
4 105
4 117
4 124
4 126
4 127
4 130
4 135
4 140
4 141
4 143
4 149
4 152
4 155
4 158
4 174
5 14
5 31
5 43
5 50
5 56
5 61
5 62
5 66
5 72
5 74
5 76
5 81
5 87
5 107
5 108
5 111
5 114
5 115
5 117
5 121
5 134
5 137
5 138
5 142
5 146
5 154
6 9
6 15
6 16
6 24
6 26
6 27
6 34
6 37
6 39
6 43
6 44
6 46
6 57
6 61
6 65
6 66
6 68
6 72
6 73
6 86
6 91
6 94
6 96
6 101
6 102
6 103
6 104
6 119
6 122
6 126
6 130
6 134
6 138
6 142
6 143
6 144
6 150
6 158
6 160
6 163
6 167
6 171
7 25
7 42
7 47
7 48
7 55
7 70
7 82
7 85
7 88
7 89
7 91
7 92
7 94
7 98
7 104
7 105
7 115
7 116
7 118
7 121
7 122
7 124
7 126
7 129
7 130
7 137
7 139
7 142
7 153
7 157
7 172
8 20
8 21
8 28
8 29
8 35
8 38
8 43
8 47
8 51
8 65
8 66
8 67
8 71
8 72
8 75
8 76
8 81
8 85
8 96
8 115
8 116
8 121
8 125
8 126
8 128
8 133
8 138
8 147
8 152
8 156
8 158
8 169
8 171
9 24
9 28
9 35
9 39
9 45
9 65
9 72
9 78
9 81
9 85
9 87
9 89
9 110
9 112
9 124
9 128
9 138
9 139
9 145
9 146
9 150
9 154
9 157
9 160
9 166
9 169
9 170
9 174
10 11
10 20
10 21
10 22
10 24
10 25
10 29
10 33
10 34
10 37
10 44
10 46
10 53
10 56
10 63
10 68
10 74
10 76
10 78
10 94
10 99
10 101
10 110
10 113
10 128
10 146
10 150
10 152
10 153
10 156
10 170
10 174
11 21
11 22
11 23
11 28
11 47
11 48
11 61
11 66
11 77
11 78
11 80
11 81
11 97
11 99
11 105
11 107
11 116
11 123
11 130
11 135
11 137
11 139
11 144
11 145
11 146
11 156
11 161
11 162
11 167
11 168
11 170
11 172
12 20
12 25
12 28
12 29
12 32
12 33
12 38
12 39
12 40
12 42
12 43
12 53
12 55
12 59
12 60
12 62
12 65
12 71
12 72
12 73
12 79
12 81
12 85
12 88
12 91
12 93
12 101
12 102
12 106
12 112
12 114
12 117
12 120
12 126
12 128
12 129
12 143
12 144
12 145
12 146
12 155
12 156
12 157
12 158
13 28
13 35
13 37
13 52
13 61
13 75
13 78
13 79
13 86
13 89
13 91
13 104
13 111
13 113
13 121
13 122
13 126
13 134
13 140
13 143
13 151
13 162
13 163
13 166
13 167
13 169
13 171
14 17
14 24
14 30
14 49
14 50
14 55
14 62
14 66
14 80
14 86
14 88
14 94
14 96
14 102
14 104
14 105
14 109
14 116
14 119
14 128
14 130
14 137
14 153
14 154
14 155
14 157
14 169
14 174
15 19
15 25
15 27
15 34
15 40
15 46
15 47
15 52
15 57
15 66
15 68
15 71
15 76
15 77
15 82
15 83
15 87
15 112
15 118
15 121
15 124
15 127
15 129
15 131
15 132
15 142
15 150
15 151
15 153
15 159
15 163
15 164
15 169
16 26
16 33
16 43
16 46
16 50
16 52
16 54
16 58
16 59
16 65
16 70
16 72
16 78
16 79
16 85
16 99
16 110
16 123
16 129
16 135
16 136
16 141
16 149
16 150
16 153
16 156
16 159
16 166
17 18
17 22
17 23
17 40
17 41
17 43
17 45
17 55
17 63
17 72
17 83
17 88
17 89
17 98
17 105
17 109
17 112
17 114
17 126
17 128
17 129
17 133
17 137
17 151
17 152
17 154
17 156
17 162
17 163
17 166
17 168
17 172
17 173
18 23
18 26
18 27
18 46
18 51
18 55
18 57
18 58
18 59
18 61
18 62
18 63
18 64
18 69
18 72
18 76
18 83
18 85
18 87
18 88
18 91
18 107
18 112
18 121
18 132
18 147
18 149
18 152
18 155
18 156
18 159
18 160
18 161
19 25
19 33
19 44
19 48
19 49
19 58
19 61
19 77
19 81
19 82
19 99
19 102
19 107
19 113
19 114
19 115
19 118
19 119
19 121
19 123
19 125
19 129
19 131
19 132
19 135
19 136
19 141
19 145
19 147
19 149
19 152
19 155
19 158
19 167
19 173
20 22
20 23
20 26
20 35
20 36
20 37
20 38
20 40
20 43
20 48
20 51
20 55
20 75
20 76
20 81
20 85
20 88
20 89
20 96
20 99
20 106
20 107
20 110
20 117
20 118
20 122
20 123
20 125
20 129
20 133
20 157
20 158
20 160
20 161
20 162
20 165
20 169
20 170
20 174
21 25
21 31
21 32
21 33
21 34
21 35
21 40
21 47
21 50
21 57
21 60
21 67
21 76
21 77
21 78
21 79
21 85
21 86
21 90
21 91
21 94
21 98
21 102
21 103
21 120
21 126
21 132
21 141
21 145
21 153
21 163
21 165
21 167
22 30
22 31
22 33
22 34
22 37
22 42
22 45
22 51
22 53
22 58
22 60
22 64
22 78
22 82
22 85
22 87
22 93
22 98
22 99
22 102
22 108
22 111
22 115
22 134
22 143
22 147
22 154
22 157
22 159
22 160
22 161
22 166
22 168
23 34
23 36
23 38
23 39
23 44
23 52
23 58
23 61
23 65
23 69
23 70
23 74
23 77
23 83
23 84
23 90
23 92
23 95
23 99
23 100
23 103
23 108
23 110
23 119
23 126
23 128
23 130
23 136
23 137
23 144
23 145
23 150
23 169
23 170
24 25
24 41
24 42
24 45
24 47
24 60
24 62
24 64
24 66
24 70
24 73
24 74
24 76
24 78
24 80
24 81
24 87
24 91
24 94
24 99
24 105
24 106
24 113
24 121
24 123
24 133
24 137
24 138
24 140
24 147
24 152
24 159
24 169
25 29
25 31
25 40
25 66
25 73
25 77
25 78
25 82
25 84
25 86
25 88
25 90
25 99
25 102
25 108
25 113
25 118
25 123
25 127
25 137
25 142
25 149
25 156
25 157
25 160
25 164
25 165
25 166
25 172
25 173
26 31
26 34
26 47
26 49
26 52
26 60
26 65
26 74
26 86
26 90
26 92
26 93
26 94
26 97
26 105
26 107
26 110
26 114
26 127
26 131
26 136
26 145
26 147
26 161
26 167
26 168
26 169
26 174
27 28
27 32
27 33
27 40
27 46
27 47
27 50
27 51
27 55
27 57
27 63
27 64
27 66
27 71
27 77
27 79
27 94
27 100
27 102
27 137
27 138
27 140
27 142
27 155
27 160
27 161
27 164
27 165
27 169
28 35
28 36
28 39
28 41
28 42
28 43
28 48
28 50
28 56
28 66
28 69
28 74
28 78
28 83
28 86
28 89
28 94
28 96
28 106
28 113
28 116
28 126
28 132
28 142
28 146
28 151
28 153
28 154
28 159
28 169
29 39
29 45
29 47
29 58
29 76
29 89
29 93
29 103
29 109
29 110
29 114
29 117
29 124
29 126
29 137
29 140
29 143
29 148
29 154
29 156
29 157
29 159
29 160
29 163
29 165
29 172
30 39
30 41
30 50
30 52
30 55
30 72
30 77
30 81
30 82
30 88
30 91
30 93
30 95
30 102
30 104
30 129
30 133
30 140
30 141
30 150
30 155
30 158
30 164
30 166
30 167
30 170
30 171
30 172
31 33
31 55
31 60
31 61
31 63
31 64
31 68
31 69
31 73
31 81
31 85
31 91
31 99
31 100
31 104
31 112
31 113
31 116
31 131
31 135
31 139
31 149
32 34
32 36
32 37
32 38
32 39
32 44
32 45
32 47
32 57
32 58
32 61
32 67
32 71
32 73
32 75
32 79
32 81
32 90
32 91
32 98
32 109
32 128
32 130
32 131
32 133
32 135
32 136
32 146
32 155
32 163
32 165
32 167
32 172
33 37
33 51
33 59
33 60
33 64
33 70
33 71
33 76
33 86
33 101
33 104
33 110
33 112
33 119
33 124
33 132
33 133
33 137
33 140
33 141
33 146
33 147
33 149
33 151
33 159
33 161
33 164
33 167
34 37
34 38
34 43
34 69
34 77
34 80
34 84
34 92
34 95
34 96
34 97
34 100
34 105
34 106
34 110
34 111
34 125
34 133
34 140
34 145
34 152
34 159
34 165
34 168
35 39
35 40
35 44
35 49
35 50
35 63
35 69
35 76
35 79
35 80
35 81
35 83
35 96
35 101
35 102
35 108
35 109
35 110
35 115
35 118
35 122
35 124
35 153
35 156
35 159
35 166
36 38
36 40
36 45
36 50
36 63
36 75
36 81
36 83
36 91
36 94
36 100
36 110
36 111
36 116
36 133
36 144
36 146
36 152
36 153
36 161
37 38
37 41
37 42
37 44
37 45
37 48
37 51
37 59
37 61
37 62
37 63
37 67
37 68
37 89
37 94
37 97
37 108
37 112
37 114
37 118
37 135
37 140
37 146
37 154
37 160
37 165
37 166
37 171
38 52
38 63
38 68
38 71
38 73
38 75
38 78
38 80
38 95
38 101
38 107
38 108
38 109
38 120
38 122
38 124
38 125
38 126
38 133
38 134
38 139
38 142
38 149
38 151
38 156
38 158
38 163
38 165
38 166
38 167
38 168
39 45
39 46
39 47
39 51
39 54
39 55
39 58
39 62
39 66
39 73
39 90
39 95
39 96
39 102
39 107
39 108
39 111
39 119
39 127
39 134
39 138
39 142
39 143
39 144
39 145
39 147
39 154
39 159
39 160
39 161
39 165
39 167
39 169
39 170
39 173
40 46
40 48
40 53
40 55
40 58
40 61
40 63
40 65
40 68
40 70
40 88
40 93
40 96
40 105
40 108
40 114
40 123
40 129
40 133
40 135
40 136
40 152
40 161
40 162
40 163
40 164
40 169
40 170
41 45
41 46
41 52
41 55
41 62
41 74
41 77
41 80
41 81
41 85
41 100
41 102
41 106
41 111
41 117
41 119
41 125
41 126
41 137
41 141
41 145
41 146
41 150
41 151
41 155
41 164
41 169
41 172
42 45
42 46
42 59
42 83
42 86
42 91
42 95
42 97
42 103
42 104
42 106
42 107
42 115
42 124
42 143
42 155
42 157
42 161
42 163
42 167
42 171
42 173
43 47
43 56
43 72
43 74
43 75
43 80
43 84
43 86
43 90
43 98
43 109
43 115
43 117
43 120
43 122
43 123
43 124
43 128
43 139
43 141
43 145
43 147
43 165
43 166
43 169
44 48
44 51
44 56
44 59
44 63
44 64
44 67
44 68
44 70
44 91
44 94
44 98
44 100
44 102
44 108
44 109
44 112
44 118
44 132
44 143
44 146
44 155
44 157
44 162
44 165
45 50
45 54
45 60
45 64
45 67
45 82
45 97
45 99
45 102
45 103
45 108
45 110
45 112
45 130
45 131
45 139
45 144
45 145
45 155
45 157
45 161
45 164
45 168
46 51
46 60
46 63
46 78
46 80
46 83
46 90
46 93
46 96
46 97
46 100
46 106
46 107
46 109
46 110
46 111
46 114
46 115
46 117
46 119
46 125
46 131
46 146
46 148
46 150
46 152
46 165
46 168
46 173
47 55
47 59
47 62
47 65
47 66
47 69
47 79
47 85
47 88
47 89
47 95
47 102
47 103
47 108
47 112
47 116
47 119
47 124
47 132
47 135
47 136
47 139
47 140
47 146
47 148
47 150
47 151
47 159
47 161
47 163
47 168
48 49
48 50
48 56
48 58
48 61
48 62
48 65
48 76
48 78
48 88
48 91
48 92
48 105
48 115
48 119
48 120
48 128
48 134
48 145
48 152
48 162
48 170
48 172
49 71
49 82
49 96
49 100
49 106
49 109
49 114
49 115
49 116
49 129
49 131
49 139
49 141
49 142
49 143
49 145
49 155
49 157
49 158
49 164
49 166
49 172
50 52
50 67
50 70
50 71
50 81
50 86
50 90
50 101
50 106
50 110
50 111
50 123
50 125
50 131
50 137
50 142
50 145
50 159
50 163
50 170
51 57
51 60
51 61
51 62
51 63
51 66
51 70
51 73
51 76
51 79
51 83
51 90
51 93
51 94
51 95
51 97
51 98
51 117
51 118
51 120
51 131
51 133
51 135
51 144
51 148
51 152
51 158
51 163
51 166
51 169
51 174
52 57
52 60
52 62
52 63
52 72
52 74
52 78
52 82
52 90
52 100
52 102
52 104
52 105
52 108
52 110
52 116
52 119
52 121
52 124
52 127
52 130
52 136
52 139
52 141
52 146
52 152
52 165
52 168
52 169
52 173
53 54
53 58
53 64
53 68
53 73
53 80
53 89
53 91
53 96
53 97
53 98
53 99
53 102
53 104
53 105
53 108
53 124
53 126
53 138
53 151
53 161
53 163
53 164
53 165
53 174
54 56
54 57
54 61
54 64
54 66
54 75
54 83
54 84
54 91
54 95
54 96
54 97
54 98
54 101
54 104
54 107
54 109
54 111
54 116
54 130
54 131
54 135
54 144
54 154
54 155
54 156
54 163
54 165
54 171
55 67
55 72
55 76
55 77
55 82
55 87
55 90
55 94
55 95
55 98
55 100
55 102
55 103
55 105
55 122
55 123
55 131
55 135
55 136
55 155
55 165
55 167
55 173
56 59
56 61
56 63
56 70
56 71
56 72
56 76
56 79
56 85
56 86
56 88
56 89
56 98
56 117
56 123
56 127
56 128
56 143
56 150
56 151
56 152
56 153
56 156
56 166
56 173
57 61
57 63
57 69
57 73
57 77
57 82
57 88
57 97
57 99
57 102
57 115
57 116
57 125
57 128
57 129
57 134
57 138
57 142
57 143
57 147
57 152
57 163
57 166
57 167
57 169
57 171
58 59
58 64
58 65
58 67
58 72
58 87
58 91
58 104
58 112
58 113
58 119
58 121
58 131
58 134
58 138
58 142
58 148
58 149
58 154
58 157
58 161
58 164
58 169
59 64
59 66
59 67
59 75
59 77
59 78
59 79
59 84
59 85
59 91
59 93
59 99
59 100
59 108
59 110
59 112
59 115
59 117
59 129
59 130
59 131
59 150
59 151
59 152
59 156
59 161
59 164
59 167
59 171
60 63
60 67
60 69
60 72
60 77
60 85
60 88
60 103
60 104
60 108
60 112
60 118
60 120
60 124
60 125
60 133
60 134
60 147
60 149
60 156
60 161
60 168
60 170
60 171
60 174
61 63
61 67
61 68
61 70
61 73
61 77
61 78
61 89
61 90
61 97
61 99
61 101
61 102
61 108
61 110
61 111
61 114
61 117
61 119
61 121
61 127
61 129
61 134
61 141
61 144
61 152
61 166
61 168
61 170
61 171
62 71
62 73
62 81
62 84
62 90
62 94
62 107
62 109
62 111
62 117
62 136
62 139
62 149
62 156
62 160
62 161
62 169
63 72
63 78
63 79
63 80
63 85
63 89
63 94
63 102
63 106
63 139
63 140
63 141
63 145
63 157
63 159
63 164
63 167
63 171
63 172
64 69
64 74
64 87
64 91
64 92
64 99
64 100
64 111
64 115
64 120
64 126
64 135
64 144
64 145
64 146
64 147
64 153
64 157
64 167
64 169
64 172
64 174
65 66
65 73
65 79
65 83
65 110
65 112
65 118
65 131
65 134
65 149
65 151
65 154
65 157
65 159
65 162
65 165
65 168
66 77
66 80
66 83
66 84
66 87
66 97
66 99
66 101
66 103
66 104
66 105
66 107
66 116
66 117
66 124
66 126
66 142
66 150
66 158
66 165
66 166
66 171
66 172
67 68
67 75
67 82
67 84
67 86
67 88
67 98
67 99
67 105
67 112
67 114
67 133
67 141
67 153
67 163
67 165
67 168
67 169
67 170
68 72
68 74
68 81
68 83
68 87
68 88
68 101
68 113
68 120
68 137
68 152
68 163
68 164
69 85
69 86
69 87
69 99
69 103
69 109
69 112
69 113
69 131
69 133
69 136
69 140
69 145
69 154
69 157
69 158
70 76
70 86
70 90
70 92
70 97
70 100
70 101
70 103
70 106
70 119
70 129
70 131
70 140
70 145
70 150
70 152
70 161
70 163
70 164
70 166
71 72
71 74
71 75
71 79
71 83
71 89
71 98
71 100
71 104
71 121
71 126
71 127
71 128
71 129
71 134
71 135
71 137
71 141
71 148
71 149
71 151
71 157
71 163
71 165
71 166
72 73
72 78
72 84
72 86
72 94
72 97
72 103
72 118
72 123
72 125
72 126
72 127
72 129
72 133
72 135
72 141
72 146
72 147
72 149
72 152
72 153
72 158
72 165
72 168
72 169
72 171
72 173
72 174
73 81
73 83
73 84
73 89
73 93
73 94
73 97
73 107
73 108
73 111
73 113
73 114
73 115
73 124
73 127
73 130
73 139
73 141
73 145
73 147
73 148
73 149
73 153
73 156
73 165
73 170
73 171
73 174
74 87
74 92
74 102
74 105
74 106
74 111
74 117
74 124
74 132
74 138
74 145
74 148
74 150
74 151
74 159
74 162
74 167
74 169
74 170
74 171
75 82
75 84
75 93
75 96
75 104
75 110
75 118
75 125
75 128
75 134
75 149
75 152
75 153
75 154
75 160
75 165
75 172
75 173
76 78
76 84
76 86
76 91
76 92
76 104
76 105
76 111
76 112
76 113
76 119
76 124
76 126
76 128
76 134
76 140
76 143
76 144
76 148
76 151
76 152
76 153
76 155
76 160
76 161
76 174
77 79
77 80
77 85
77 86
77 91
77 92
77 105
77 120
77 125
77 126
77 133
77 136
77 142
77 153
77 155
77 156
77 164
78 84
78 85
78 92
78 97
78 98
78 102
78 106
78 113
78 118
78 119
78 124
78 125
78 147
78 153
78 156
78 158
78 164
78 165
79 80
79 81
79 87
79 89
79 90
79 92
79 96
79 97
79 98
79 104
79 106
79 111
79 121
79 122
79 135
79 149
79 150
79 153
79 154
79 158
79 160
79 165
79 166
79 167
79 169
80 82
80 84
80 85
80 89
80 113
80 116
80 121
80 125
80 137
80 139
80 146
80 161
80 162
80 168
80 169
81 84
81 88
81 96
81 103
81 114
81 118
81 120
81 121
81 122
81 131
81 133
81 134
81 139
81 145
81 148
81 149
82 83
82 94
82 101
82 103
82 116
82 119
82 121
82 123
82 124
82 126
82 129
82 134
82 136
82 140
82 161
82 165
82 167
82 171
82 174
83 91
83 96
83 106
83 108
83 112
83 125
83 131
83 133
83 136
83 147
83 155
83 159
83 160
83 172
84 93
84 96
84 100
84 102
84 103
84 109
84 110
84 123
84 124
84 126
84 127
84 128
84 131
84 132
84 134
84 144
84 152
85 87
85 96
85 100
85 103
85 120
85 133
85 145
85 148
85 152
85 153
85 156
85 160
86 92
86 93
86 94
86 95
86 102
86 103
86 104
86 109
86 115
86 122
86 134
86 135
86 141
86 143
86 153
86 156
86 157
86 159
86 163
86 165
86 167
86 169
86 172
86 174
87 88
87 93
87 99
87 100
87 105
87 106
87 109
87 110
87 122
87 126
87 135
87 142
87 145
87 150
87 151
87 156
87 165
87 167
87 168
87 173
88 94
88 100
88 103
88 109
88 110
88 121
88 124
88 128
88 141
88 143
88 151
88 155
88 157
88 167
88 173
89 99
89 103
89 110
89 126
89 135
89 147
89 150
89 153
89 156
89 158
89 159
89 160
89 170
89 174
90 91
90 98
90 102
90 105
90 111
90 120
90 122
90 125
90 128
90 130
90 134
90 143
90 153
90 155
90 156
90 163
90 165
90 170
91 97
91 98
91 105
91 108
91 109
91 117
91 120
91 123
91 126
91 127
91 128
91 132
91 135
91 137
91 138
91 159
91 161
91 167
91 168
91 174
92 98
92 101
92 105
92 109
92 110
92 111
92 114
92 118
92 120
92 131
92 132
92 133
92 139
92 149
92 153
92 155
92 160
92 167
92 170
93 98
93 99
93 102
93 108
93 118
93 129
93 134
93 135
93 141
93 149
93 151
93 154
93 169
93 174
94 109
94 110
94 113
94 120
94 124
94 126
94 128
94 135
94 138
94 144
94 146
94 147
94 149
94 164
94 169
94 174
95 100
95 113
95 115
95 134
95 139
95 141
95 150
95 154
95 156
95 157
95 162
95 164
95 168
96 105
96 108
96 109
96 112
96 117
96 118
96 121
96 124
96 133
96 136
96 142
96 146
96 157
96 166
97 102
97 103
97 104
97 108
97 118
97 120
97 129
97 133
97 140
97 147
97 166
97 170
97 172
98 101
98 123
98 124
98 128
98 129
98 130
98 132
98 133
98 139
98 150
98 164
98 167
98 172
99 101
99 119
99 122
99 137
99 151
99 156
99 158
99 162
99 169
99 170
99 172
100 103
100 104
100 107
100 110
100 128
100 139
100 141
100 142
100 156
100 167
100 174
101 102
101 104
101 106
101 109
101 115
101 118
101 124
101 126
101 130
101 142
101 143
101 146
101 152
101 165
101 167
101 168
101 170
102 103
102 107
102 110
102 111
102 113
102 121
102 122
102 125
102 133
102 134
102 140
102 142
102 146
102 148
102 151
102 158
102 165
102 168
103 110
103 112
103 114
103 117
103 123
103 124
103 126
103 127
103 135
103 144
103 155
103 157
103 158
103 161
103 164
103 170
104 106
104 124
104 129
104 132
104 150
104 156
104 159
104 163
104 164
104 165
104 171
105 113
105 135
105 144
105 145
105 151
105 152
105 159
105 165
106 118
106 129
106 132
106 137
106 138
106 147
106 149
106 151
106 152
106 158
106 160
106 163
106 165
106 167
107 111
107 121
107 123
107 124
107 129
107 141
107 143
107 144
107 145
107 156
107 157
107 161
108 109
108 116
108 123
108 126
108 127
108 134
108 135
108 146
108 149
108 151
108 154
108 162
108 173
108 174
109 115
109 116
109 127
109 128
109 130
109 137
109 143
109 153
109 160
109 162
109 165
109 168
109 173
110 113
110 122
110 125
110 132
110 133
110 134
110 147
110 149
110 151
110 161
110 164
110 165
110 169
111 122
111 126
111 127
111 131
111 132
111 142
111 147
111 148
111 158
111 164
111 166
111 173
112 119
112 126
112 130
112 131
112 133
112 143
112 144
112 152
112 155
112 156
112 171
113 117
113 118
113 122
113 127
113 132
113 136
113 140
113 143
113 145
113 146
113 160
113 168
114 115
114 116
114 117
114 120
114 124
114 127
114 128
114 130
114 136
114 141
114 146
114 148
114 149
114 154
114 160
114 163
114 166
114 167
114 168
114 171
115 118
115 119
115 125
115 129
115 135
115 146
115 156
115 162
115 166
115 168
115 172
115 174
116 118
116 131
116 143
116 148
116 150
116 162
116 169
116 172
117 119
117 120
117 123
117 127
117 128
117 130
117 131
117 132
117 133
117 141
117 142
117 143
117 153
117 160
117 164
117 170
117 174
118 125
118 126
118 128
118 133
118 135
118 154
118 155
118 158
118 161
118 163
118 169
118 173
119 120
119 122
119 125
119 127
119 129
119 149
119 152
119 154
119 157
119 169
119 171
120 123
120 135
120 139
120 144
120 154
120 155
120 158
120 169
121 124
121 129
121 135
121 140
121 144
121 146
121 148
121 150
121 152
121 159
122 141
122 146
122 151
122 152
122 155
122 161
122 164
122 167
122 169
123 124
123 129
123 134
123 143
123 157
123 163
123 164
123 170
123 174
124 125
124 126
124 129
124 130
124 148
124 153
124 163
124 168
124 171
125 131
125 135
125 136
125 141
125 143
125 146
125 153
125 155
125 160
125 162
125 170
126 129
126 132
126 134
126 140
126 141
126 144
126 146
126 153
126 155
126 157
126 160
126 161
126 165
126 166
126 168
126 169
126 172
127 129
127 135
127 140
127 141
127 143
127 145
127 146
127 147
127 156
127 157
127 160
127 162
127 164
127 165
127 168
127 170
127 171
127 173
127 174
128 132
128 134
128 152
128 156
128 159
128 170
129 137
129 145
129 151
129 152
130 131
130 133
130 139
130 143
130 144
130 145
130 147
130 150
130 156
130 158
130 170
130 174
131 132
131 137
131 141
131 142
131 151
131 159
131 171
131 173
132 140
132 141
132 142
132 157
132 160
132 170
133 139
133 146
133 153
133 157
133 158
133 168
133 169
134 145
134 149
134 156
134 160
134 161
134 164
134 166
134 167
134 169
134 171
134 172
134 173
135 139
135 142
135 144
135 145
135 153
135 156
135 158
135 163
135 173
136 137
136 147
136 152
136 153
136 171
137 147
137 148
137 149
137 150
137 163
137 168
138 139
138 141
138 143
138 152
138 155
138 160
138 163
138 170
139 140
139 142
139 146
139 151
139 154
139 159
139 161
140 147
140 156
140 164
140 165
141 148
141 149
141 150
141 157
141 169
142 147
142 155
142 157
142 161
142 165
142 170
143 155
143 163
144 149
144 151
144 154
144 158
144 160
144 164
144 168
144 173
144 174
145 150
145 151
145 162
145 168
145 171
145 173
146 153
146 154
146 169
146 170
146 172
147 149
147 151
147 152
147 164
147 169
147 174
148 163
148 172
149 152
149 156
149 157
149 158
149 161
149 170
150 156
150 162
150 163
150 170
151 153
151 157
151 158
151 162
151 164
152 161
152 164
153 154
153 155
153 157
153 159
153 160
153 170
153 174
154 158
154 165
154 167
154 170
154 173
155 160
155 165
155 171
155 174
156 158
156 161
156 166
156 168
156 171
156 172
158 162
158 163
158 173
159 162
159 168
159 173
159 174
160 168
160 171
161 162
161 164
161 168
161 174
162 167
162 170
162 174
163 170
163 171
164 165
164 172
165 166
165 168
166 170
166 171
167 170
167 173
168 173
169 170
169 171
169 173
170 173
171 172
171 174
172 174
173 174
