0 1
0 3
0 4
0 6
0 7
0 8
0 10
0 11
0 12
0 13
0 15
0 17
0 22
0 25
0 28
0 29
0 32
0 34
0 36
0 37
0 39
0 43
0 44
0 46
0 47
0 48
0 49
0 50
0 52
0 54
0 60
0 61
0 62
0 64
0 67
0 70
0 73
0 74
0 75
0 76
0 80
0 82
0 83
0 86
0 89
0 92
0 94
0 95
0 96
0 98
0 99
1 4
1 5
1 6
1 7
1 8
1 12
1 13
1 14
1 17
1 21
1 26
1 27
1 28
1 29
1 30
1 33
1 34
1 35
1 37
1 39
1 40
1 41
1 42
1 44
1 45
1 46
1 47
1 48
1 50
1 51
1 52
1 54
1 56
1 57
1 59
1 60
1 62
1 64
1 66
1 68
1 69
1 72
1 74
1 76
1 78
1 79
1 81
1 84
1 85
1 88
1 89
1 90
1 91
1 92
1 93
1 94
1 96
1 99
2 3
2 6
2 7
2 8
2 9
2 12
2 13
2 15
2 16
2 21
2 24
2 28
2 29
2 33
2 35
2 36
2 38
2 40
2 41
2 42
2 43
2 45
2 47
2 51
2 52
2 53
2 54
2 55
2 59
2 61
2 64
2 66
2 67
2 68
2 72
2 73
2 76
2 78
2 79
2 80
2 85
2 86
2 91
2 94
2 96
2 97
2 98
2 99
3 6
3 10
3 11
3 12
3 13
3 18
3 19
3 21
3 24
3 25
3 26
3 28
3 29
3 32
3 33
3 34
3 35
3 42
3 43
3 44
3 50
3 51
3 53
3 54
3 55
3 56
3 58
3 60
3 62
3 63
3 64
3 65
3 66
3 67
3 68
3 69
3 72
3 73
3 74
3 75
3 77
3 80
3 82
3 83
3 84
3 88
3 89
3 90
3 91
3 93
3 94
3 95
3 97
3 99
4 6
4 8
4 9
4 10
4 12
4 13
4 15
4 19
4 20
4 21
4 26
4 30
4 32
4 33
4 38
4 39
4 42
4 43
4 45
4 47
4 48
4 52
4 53
4 54
4 56
4 59
4 61
4 62
4 63
4 64
4 73
4 74
4 80
4 81
4 82
4 83
4 84
4 85
4 92
4 93
4 95
4 96
5 6
5 8
5 9
5 10
5 12
5 14
5 16
5 17
5 19
5 20
5 24
5 25
5 29
5 31
5 34
5 35
5 36
5 38
5 39
5 40
5 41
5 42
5 45
5 49
5 54
5 56
5 59
5 60
5 61
5 62
5 65
5 67
5 70
5 72
5 75
5 76
5 79
5 83
5 84
5 86
5 87
5 88
5 89
5 94
6 7
6 8
6 9
6 10
6 15
6 16
6 17
6 20
6 22
6 23
6 26
6 27
6 29
6 30
6 31
6 33
6 41
6 42
6 45
6 46
6 49
6 51
6 53
6 54
6 55
6 57
6 58
6 59
6 61
6 64
6 65
6 66
6 72
6 75
6 78
6 79
6 80
6 81
6 82
6 83
6 85
6 86
6 89
6 91
6 92
6 93
6 96
6 97
6 98
7 8
7 11
7 12
7 13
7 16
7 17
7 19
7 20
7 23
7 25
7 26
7 27
7 28
7 29
7 31
7 32
7 34
7 35
7 36
7 37
7 40
7 43
7 45
7 46
7 47
7 48
7 50
7 51
7 54
7 56
7 59
7 60
7 61
7 63
7 64
7 66
7 67
7 73
7 74
7 77
7 79
7 80
7 81
7 85
7 86
7 88
7 90
7 92
7 95
7 96
7 98
7 99
8 9
8 12
8 16
8 17
8 21
8 22
8 26
8 28
8 30
8 32
8 36
8 37
8 38
8 40
8 44
8 45
8 46
8 47
8 49
8 50
8 51
8 52
8 61
8 63
8 66
8 74
8 75
8 78
8 79
8 84
8 85
8 86
8 88
8 89
8 90
8 94
8 95
8 98
9 11
9 12
9 13
9 17
9 18
9 22
9 24
9 25
9 29
9 30
9 31
9 32
9 34
9 35
9 37
9 41
9 43
9 45
9 47
9 49
9 50
9 51
9 57
9 61
9 63
9 64
9 67
9 68
9 69
9 72
9 73
9 74
9 75
9 77
9 79
9 82
9 83
9 85
9 86
9 89
9 90
9 91
9 94
9 96
9 97
9 99
10 13
10 14
10 15
10 18
10 19
10 20
10 23
10 24
10 28
10 32
10 34
10 35
10 36
10 37
10 38
10 39
10 45
10 46
10 48
10 51
10 52
10 53
10 55
10 56
10 57
10 62
10 64
10 66
10 68
10 69
10 70
10 71
10 72
10 73
10 74
10 76
10 77
10 78
10 79
10 81
10 84
10 85
10 86
10 89
10 90
10 94
10 95
10 96
10 98
10 99
11 23
11 31
11 34
11 36
11 37
11 42
11 45
11 50
11 51
11 56
11 57
11 58
11 59
11 61
11 62
11 64
11 65
11 69
11 70
11 71
11 72
11 73
11 74
11 75
11 77
11 79
11 80
11 81
11 83
11 87
11 88
11 90
11 96
12 13
12 14
12 15
12 22
12 25
12 27
12 28
12 29
12 31
12 32
12 34
12 37
12 39
12 41
12 43
12 45
12 46
12 47
12 49
12 50
12 51
12 52
12 57
12 59
12 61
12 64
12 67
12 68
12 69
12 70
12 71
12 72
12 77
12 80
12 82
12 85
12 87
12 89
12 90
12 94
12 95
12 96
12 97
13 15
13 22
13 26
13 32
13 33
13 35
13 37
13 38
13 42
13 46
13 48
13 50
13 51
13 54
13 55
13 56
13 57
13 59
13 61
13 63
13 64
13 65
13 66
13 69
13 70
13 72
13 74
13 76
13 77
13 78
13 82
13 84
13 87
13 90
13 94
13 97
13 98
14 15
14 26
14 28
14 29
14 30
14 31
14 32
14 36
14 38
14 40
14 44
14 47
14 48
14 49
14 50
14 51
14 52
14 53
14 57
14 58
14 61
14 62
14 63
14 66
14 67
14 70
14 72
14 73
14 75
14 76
14 77
14 79
14 80
14 81
14 82
14 84
14 86
14 87
14 88
14 91
14 93
14 94
14 96
14 99
15 18
15 21
15 22
15 26
15 30
15 34
15 35
15 36
15 40
15 41
15 42
15 44
15 48
15 49
15 51
15 53
15 54
15 56
15 61
15 64
15 66
15 67
15 69
15 75
15 78
15 83
15 85
15 86
15 87
15 89
15 90
15 91
15 95
15 96
15 97
15 98
15 99
16 18
16 20
16 21
16 22
16 23
16 25
16 26
16 28
16 29
16 31
16 33
16 35
16 37
16 39
16 40
16 45
16 48
16 50
16 52
16 54
16 55
16 56
16 57
16 62
16 64
16 67
16 72
16 73
16 76
16 77
16 78
16 81
16 83
16 84
16 87
16 88
16 89
16 92
16 93
16 95
16 96
17 18
17 19
17 20
17 22
17 24
17 25
17 26
17 28
17 29
17 30
17 32
17 34
17 35
17 36
17 37
17 39
17 40
17 46
17 51
17 53
17 55
17 56
17 59
17 61
17 63
17 65
17 70
17 71
17 76
17 77
17 78
17 79
17 81
17 82
17 85
17 86
17 89
17 90
17 91
17 96
17 98
17 99
18 19
18 20
18 22
18 24
18 25
18 26
18 31
18 32
18 34
18 35
18 36
18 41
18 42
18 43
18 44
18 48
18 51
18 52
18 55
18 61
18 62
18 63
18 65
18 66
18 67
18 68
18 69
18 70
18 73
18 75
18 76
18 77
18 78
18 80
18 81
18 82
18 83
18 88
18 89
18 90
18 91
18 92
18 93
19 20
19 22
19 23
19 25
19 27
19 30
19 37
19 38
19 39
19 40
19 43
19 44
19 51
19 52
19 53
19 54
19 55
19 56
19 57
19 59
19 62
19 64
19 66
19 67
19 71
19 72
19 73
19 74
19 77
19 79
19 80
19 82
19 83
19 85
19 91
19 92
19 93
19 94
19 97
19 99
20 21
20 22
20 24
20 26
20 27
20 28
20 32
20 33
20 34
20 35
20 36
20 38
20 39
20 40
20 41
20 43
20 46
20 48
20 49
20 54
20 58
20 60
20 61
20 62
20 65
20 66
20 67
20 69
20 70
20 71
20 73
20 74
20 77
20 78
20 80
20 81
20 82
20 83
20 84
20 85
20 86
20 87
20 89
20 90
20 91
20 94
21 24
21 26
21 27
21 29
21 30
21 31
21 33
21 35
21 38
21 39
21 42
21 43
21 46
21 47
21 48
21 50
21 51
21 53
21 55
21 56
21 62
21 63
21 64
21 65
21 69
21 72
21 74
21 76
21 77
21 84
21 85
21 87
21 88
21 94
21 96
21 99
22 23
22 24
22 28
22 32
22 34
22 35
22 41
22 43
22 45
22 46
22 47
22 48
22 49
22 52
22 54
22 56
22 57
22 58
22 59
22 63
22 65
22 66
22 69
22 70
22 71
22 73
22 75
22 76
22 77
22 80
22 82
22 83
22 84
22 87
22 90
22 92
22 94
22 96
23 24
23 26
23 27
23 38
23 43
23 46
23 47
23 50
23 51
23 56
23 61
23 65
23 70
23 71
23 72
23 74
23 78
23 86
23 87
23 90
23 91
23 92
23 94
24 29
24 30
24 32
24 33
24 34
24 35
24 37
24 38
24 40
24 43
24 44
24 52
24 58
24 62
24 63
24 67
24 70
24 71
24 72
24 75
24 77
24 81
24 85
24 92
24 93
24 94
24 97
24 99
25 26
25 30
25 33
25 36
25 37
25 38
25 43
25 45
25 50
25 51
25 52
25 53
25 56
25 60
25 62
25 64
25 67
25 69
25 73
25 74
25 78
25 81
25 82
25 83
25 88
25 90
25 92
25 93
25 94
25 95
25 97
25 98
26 29
26 31
26 32
26 38
26 40
26 43
26 45
26 47
26 48
26 50
26 51
26 52
26 55
26 57
26 58
26 59
26 60
26 61
26 62
26 64
26 66
26 68
26 69
26 70
26 72
26 73
26 75
26 76
26 77
26 80
26 81
26 83
26 84
26 88
26 89
26 91
26 92
26 93
26 94
26 95
26 96
26 97
27 28
27 31
27 35
27 38
27 39
27 41
27 42
27 43
27 45
27 49
27 50
27 51
27 55
27 59
27 61
27 63
27 64
27 65
27 67
27 68
27 69
27 70
27 73
27 74
27 78
27 80
27 81
27 83
27 85
27 88
27 89
27 91
27 93
27 94
27 96
27 98
27 99
28 31
28 32
28 33
28 34
28 36
28 42
28 43
28 45
28 48
28 50
28 53
28 55
28 57
28 58
28 61
28 63
28 64
28 65
28 67
28 69
28 71
28 82
28 83
28 85
28 86
28 87
28 88
28 89
28 90
28 91
28 93
28 94
28 98
28 99
29 30
29 31
29 34
29 36
29 40
29 43
29 47
29 48
29 50
29 55
29 56
29 60
29 61
29 66
29 67
29 71
29 73
29 75
29 78
29 81
29 82
29 83
29 84
29 87
29 88
29 89
29 91
29 92
29 93
29 96
29 97
30 32
30 33
30 34
30 35
30 37
30 40
30 42
30 44
30 45
30 46
30 47
30 48
30 49
30 50
30 54
30 57
30 58
30 62
30 66
30 67
30 68
30 69
30 70
30 71
30 72
30 74
30 75
30 76
30 80
30 86
30 87
30 89
30 90
30 91
30 93
30 94
30 97
31 33
31 34
31 35
31 37
31 39
31 40
31 41
31 42
31 43
31 44
31 45
31 47
31 48
31 50
31 51
31 53
31 58
31 61
31 63
31 65
31 66
31 68
31 69
31 71
31 73
31 75
31 76
31 83
31 84
31 85
31 87
31 90
31 91
31 92
31 93
31 98
32 33
32 34
32 35
32 36
32 38
32 42
32 43
32 44
32 46
32 47
32 48
32 49
32 51
32 52
32 54
32 55
32 56
32 59
32 61
32 62
32 63
32 64
32 66
32 69
32 71
32 72
32 75
32 76
32 78
32 79
32 80
32 83
32 85
32 87
32 89
32 93
32 97
32 98
33 36
33 37
33 39
33 42
33 43
33 45
33 47
33 48
33 49
33 53
33 55
33 58
33 61
33 62
33 68
33 70
33 72
33 75
33 77
33 78
33 79
33 80
33 82
33 85
33 86
33 92
33 95
33 97
33 99
34 35
34 37
34 38
34 41
34 42
34 45
34 47
34 48
34 49
34 51
34 52
34 56
34 58
34 61
34 62
34 66
34 67
34 68
34 69
34 70
34 77
34 78
34 79
34 82
34 84
34 87
34 91
34 92
34 98
35 40
35 41
35 43
35 44
35 46
35 47
35 49
35 50
35 52
35 53
35 59
35 61
35 62
35 64
35 67
35 68
35 75
35 77
35 78
35 82
35 84
35 85
35 86
35 87
35 89
35 90
35 92
35 93
35 94
35 96
35 97
35 98
36 37
36 38
36 41
36 44
36 45
36 48
36 51
36 55
36 59
36 60
36 61
36 64
36 66
36 71
36 72
36 73
36 79
36 84
36 85
36 86
36 91
36 94
36 95
36 96
36 97
37 41
37 42
37 43
37 44
37 45
37 48
37 49
37 51
37 52
37 53
37 55
37 60
37 61
37 62
37 64
37 65
37 69
37 70
37 71
37 72
37 73
37 75
37 79
37 80
37 83
37 84
37 85
37 88
37 91
37 93
37 98
38 39
38 40
38 41
38 42
38 43
38 45
38 47
38 52
38 53
38 55
38 56
38 61
38 62
38 63
38 64
38 65
38 66
38 67
38 68
38 69
38 71
38 73
38 74
38 75
38 77
38 82
38 83
38 84
38 87
38 89
38 92
38 98
39 40
39 41
39 42
39 44
39 46
39 48
39 50
39 52
39 53
39 56
39 58
39 60
39 61
39 65
39 67
39 71
39 75
39 76
39 77
39 78
39 80
39 81
39 83
39 84
39 86
39 87
39 92
39 94
39 99
40 41
40 43
40 44
40 46
40 48
40 49
40 54
40 55
40 57
40 62
40 68
40 70
40 73
40 74
40 75
40 76
40 81
40 83
40 89
40 92
40 94
40 95
40 96
40 99
41 44
41 45
41 48
41 49
41 50
41 51
41 52
41 53
41 54
41 55
41 56
41 57
41 58
41 62
41 69
41 70
41 71
41 72
41 73
41 75
41 77
41 78
41 82
41 83
41 85
41 88
41 89
41 90
41 92
41 94
41 97
41 98
41 99
42 46
42 48
42 49
42 53
42 55
42 56
42 59
42 60
42 61
42 64
42 65
42 66
42 69
42 72
42 76
42 77
42 82
42 84
42 85
42 87
42 89
42 90
42 92
42 93
42 95
42 97
43 46
43 47
43 48
43 49
43 50
43 52
43 54
43 55
43 57
43 60
43 64
43 65
43 66
43 70
43 71
43 72
43 73
43 74
43 75
43 76
43 77
43 81
43 82
43 84
43 87
43 89
43 92
43 93
43 94
43 96
43 97
44 45
44 46
44 47
44 48
44 49
44 51
44 52
44 54
44 55
44 56
44 57
44 58
44 60
44 61
44 63
44 64
44 65
44 68
44 69
44 70
44 71
44 72
44 73
44 77
44 78
44 79
44 82
44 83
44 86
44 87
44 89
44 90
44 94
44 97
44 98
44 99
45 46
45 49
45 51
45 54
45 55
45 56
45 57
45 64
45 65
45 68
45 69
45 73
45 74
45 75
45 76
45 80
45 81
45 82
45 83
45 86
45 87
45 88
45 89
45 90
45 91
45 92
45 93
45 94
45 97
45 98
46 47
46 48
46 49
46 54
46 55
46 57
46 59
46 61
46 62
46 63
46 64
46 66
46 67
46 68
46 69
46 72
46 73
46 74
46 75
46 76
46 78
46 81
46 84
46 86
46 89
46 90
46 92
46 99
47 49
47 50
47 51
47 53
47 55
47 56
47 57
47 59
47 61
47 63
47 65
47 71
47 72
47 74
47 76
47 78
47 79
47 80
47 81
47 82
47 83
47 85
47 89
47 90
47 91
47 94
47 95
47 96
47 97
48 50
48 52
48 57
48 58
48 59
48 61
48 62
48 63
48 66
48 67
48 68
48 70
48 76
48 78
48 79
48 80
48 81
48 89
48 90
48 92
48 95
48 96
48 98
48 99
49 51
49 52
49 53
49 55
49 56
49 57
49 64
49 65
49 67
49 68
49 69
49 70
49 71
49 72
49 73
49 74
49 81
49 85
49 86
49 87
49 89
49 91
49 92
49 95
49 96
49 98
50 52
50 53
50 54
50 55
50 59
50 60
50 64
50 65
50 69
50 70
50 72
50 74
50 77
50 79
50 80
50 82
50 83
50 84
50 85
50 90
50 91
50 94
50 95
50 97
50 99
51 52
51 53
51 55
51 59
51 60
51 61
51 64
51 65
51 66
51 67
51 68
51 70
51 72
51 76
51 77
51 79
51 82
51 83
51 85
51 87
51 88
51 92
51 93
51 94
51 98
52 53
52 54
52 55
52 56
52 58
52 59
52 62
52 64
52 66
52 68
52 69
52 70
52 72
52 73
52 74
52 75
52 81
52 82
52 83
52 85
52 87
52 88
52 92
52 94
52 97
52 98
53 55
53 56
53 59
53 64
53 65
53 66
53 67
53 68
53 69
53 70
53 72
53 79
53 80
53 82
53 85
53 86
53 89
53 90
53 96
54 55
54 59
54 60
54 61
54 65
54 66
54 67
54 68
54 70
54 73
54 75
54 76
54 77
54 78
54 79
54 80
54 82
54 85
54 86
54 87
54 88
54 93
54 94
54 95
54 96
54 98
55 57
55 59
55 60
55 61
55 63
55 65
55 68
55 70
55 71
55 75
55 76
55 77
55 78
55 79
55 80
55 84
55 85
55 86
55 87
55 88
55 89
55 91
55 92
55 98
56 59
56 62
56 63
56 65
56 66
56 73
56 75
56 77
56 78
56 79
56 80
56 81
56 85
56 86
56 87
56 89
56 93
56 94
56 96
57 58
57 59
57 60
57 61
57 63
57 65
57 66
57 68
57 70
57 71
57 73
57 74
57 78
57 81
57 84
57 85
57 88
57 90
57 91
57 94
57 95
57 97
57 98
58 64
58 66
58 67
58 72
58 73
58 74
58 76
58 78
58 80
58 83
58 86
58 87
58 88
58 89
58 90
58 91
58 92
58 93
58 94
58 95
58 98
58 99
59 63
59 66
59 67
59 68
59 69
59 70
59 71
59 73
59 74
59 75
59 76
59 80
59 81
59 82
59 83
59 84
59 87
59 88
59 91
59 93
60 61
60 62
60 64
60 67
60 69
60 70
60 72
60 74
60 75
60 76
60 79
60 81
60 82
60 83
60 85
60 88
60 90
60 94
60 95
60 96
60 97
60 99
61 62
61 63
61 65
61 66
61 67
61 68
61 71
61 73
61 74
61 75
61 81
61 87
61 95
61 97
61 98
61 99
62 63
62 66
62 67
62 68
62 69
62 70
62 71
62 74
62 75
62 76
62 80
62 82
62 83
62 85
62 86
62 93
62 94
62 95
62 96
62 98
63 65
63 66
63 69
63 70
63 71
63 75
63 76
63 78
63 79
63 80
63 81
63 85
63 86
63 89
63 91
63 92
63 93
63 94
63 95
63 99
64 65
64 67
64 69
64 71
64 72
64 73
64 74
64 76
64 77
64 83
64 84
64 85
64 86
64 88
64 89
64 90
64 93
64 96
64 97
64 98
65 66
65 67
65 70
65 73
65 77
65 78
65 79
65 83
65 89
65 90
65 91
65 92
65 94
65 96
65 98
65 99
66 67
66 70
66 74
66 76
66 78
66 79
66 80
66 82
66 83
66 88
66 89
66 90
66 91
66 92
66 94
67 69
67 72
67 73
67 74
67 75
67 76
67 77
67 79
67 81
67 82
67 87
67 88
67 89
67 90
67 92
67 94
67 96
67 97
67 99
68 69
68 70
68 75
68 78
68 81
68 82
68 84
68 86
68 90
68 91
68 92
68 94
68 99
69 70
69 72
69 75
69 78
69 79
69 80
69 82
69 87
69 88
69 94
69 95
69 96
69 97
69 98
70 71
70 77
70 80
70 82
70 85
70 86
70 88
70 92
70 93
70 94
70 95
70 99
71 77
71 78
71 84
71 87
71 94
71 95
71 97
71 99
72 73
72 74
72 75
72 78
72 79
72 80
72 82
72 85
72 86
72 87
72 88
72 90
72 91
73 75
73 76
73 81
73 82
73 84
73 89
73 90
73 92
73 93
73 94
73 96
73 99
74 76
74 77
74 78
74 80
74 81
74 82
74 83
74 86
74 87
74 88
74 89
74 90
74 92
74 93
74 94
74 96
75 76
75 79
75 80
75 83
75 85
75 93
75 94
75 95
75 96
76 79
76 80
76 81
76 84
76 85
76 86
76 93
76 94
76 95
76 96
76 97
76 98
76 99
77 79
77 84
77 85
77 86
77 88
77 89
77 90
77 91
77 95
77 97
77 98
78 80
78 81
78 82
78 86
78 89
78 90
78 96
78 97
78 98
79 83
79 90
79 92
79 93
79 95
79 96
79 97
80 82
80 84
80 88
80 90
80 91
80 93
80 98
80 99
81 84
81 85
81 86
81 87
81 88
81 92
81 95
81 96
81 97
81 98
81 99
82 86
82 87
82 90
82 91
82 95
82 96
82 97
82 99
83 86
83 87
83 91
83 92
83 96
83 97
83 98
83 99
84 86
84 88
84 92
84 96
84 97
84 99
85 86
85 87
85 90
85 91
85 98
85 99
86 89
86 94
86 96
86 97
86 99
87 88
87 89
87 90
87 92
87 93
87 96
87 97
87 99
88 93
88 95
88 97
89 92
89 93
89 96
89 97
89 98
89 99
90 92
90 94
90 95
90 96
90 99
91 92
91 97
92 96
93 94
93 95
93 96
94 96
94 97
95 98
97 98
97 99
