0 1
0 3
0 4
0 5
0 6
0 7
0 8
0 9
0 12
0 13
0 15
0 17
0 19
0 21
0 23
1 2
1 4
1 5
1 6
1 7
1 14
1 16
1 19
1 21
1 24
2 3
2 5
2 11
2 13
2 14
2 15
2 17
2 19
2 23
2 24
3 6
3 8
3 15
3 16
3 19
3 21
3 23
4 6
4 7
4 8
4 9
4 11
4 13
4 14
4 17
4 20
4 21
4 22
5 6
5 9
5 12
5 13
5 15
5 17
5 18
5 19
5 21
5 22
6 8
6 14
6 16
6 17
6 19
7 10
7 12
7 15
7 20
7 24
8 9
8 10
8 11
8 16
8 17
8 18
8 21
8 22
8 23
9 11
9 12
9 13
9 14
9 16
9 17
9 19
9 20
9 21
9 22
9 23
10 15
10 16
10 22
10 24
11 13
11 14
11 15
11 16
11 19
11 20
11 21
11 22
11 24
12 13
12 16
12 18
12 19
12 21
12 24
13 14
13 15
13 18
13 21
13 24
14 15
14 16
14 18
14 19
14 20
14 23
15 16
15 17
16 19
16 20
16 21
16 22
16 23
17 18
17 24
18 20
18 21
18 23
19 21
19 22
19 24
20 21
20 22
21 23
22 23
