0 2
0 4
0 8
0 11
0 13
0 14
0 16
0 17
0 18
0 21
0 22
0 23
0 25
0 29
0 30
0 35
0 36
0 37
0 38
0 41
0 42
0 45
0 47
0 49
0 50
0 53
0 55
0 56
0 57
0 60
0 63
0 64
0 65
0 66
0 67
0 68
0 70
0 76
0 80
0 81
0 83
0 87
0 88
0 92
0 93
0 95
0 96
0 97
0 99
0 100
0 104
0 107
0 108
0 111
0 113
0 115
0 117
0 119
0 120
0 121
0 122
0 126
0 127
0 129
0 131
0 132
0 133
0 134
0 136
0 138
0 141
0 142
0 144
0 146
0 148
0 149
0 150
0 151
0 152
0 153
0 158
0 159
0 160
0 162
0 169
0 171
0 172
0 173
0 174
0 176
0 177
0 180
0 182
0 183
0 186
0 193
0 195
0 196
0 198
0 199
1 2
1 3
1 5
1 8
1 9
1 10
1 11
1 13
1 15
1 17
1 19
1 24
1 25
1 27
1 29
1 30
1 35
1 36
1 39
1 41
1 47
1 49
1 51
1 52
1 53
1 54
1 56
1 60
1 67
1 68
1 70
1 71
1 72
1 76
1 77
1 79
1 81
1 83
1 84
1 85
1 86
1 90
1 91
1 92
1 93
1 94
1 95
1 101
1 102
1 103
1 105
1 106
1 107
1 108
1 120
1 121
1 122
1 123
1 124
1 129
1 130
1 132
1 134
1 137
1 138
1 139
1 142
1 143
1 144
1 145
1 147
1 149
1 151
1 152
1 153
1 154
1 160
1 161
1 166
1 167
1 168
1 169
1 174
1 175
1 176
1 177
1 179
1 181
1 184
1 185
1 193
1 194
1 195
1 198
2 3
2 4
2 5
2 7
2 11
2 12
2 13
2 15
2 18
2 20
2 23
2 24
2 26
2 27
2 28
2 29
2 33
2 36
2 37
2 38
2 41
2 42
2 45
2 47
2 48
2 50
2 52
2 55
2 56
2 58
2 60
2 61
2 62
2 64
2 65
2 67
2 68
2 70
2 72
2 73
2 74
2 78
2 80
2 83
2 85
2 87
2 90
2 93
2 97
2 99
2 102
2 104
2 105
2 110
2 112
2 115
2 120
2 123
2 125
2 126
2 132
2 134
2 135
2 136
2 138
2 142
2 143
2 144
2 147
2 148
2 149
2 150
2 151
2 152
2 153
2 155
2 158
2 163
2 164
2 168
2 169
2 172
2 174
2 175
2 177
2 178
2 179
2 181
2 182
2 184
2 189
2 192
2 194
2 195
2 196
2 198
3 9
3 10
3 14
3 15
3 17
3 20
3 23
3 27
3 29
3 30
3 31
3 32
3 36
3 37
3 39
3 42
3 43
3 44
3 45
3 46
3 48
3 50
3 52
3 53
3 54
3 56
3 59
3 60
3 62
3 63
3 64
3 66
3 68
3 69
3 70
3 71
3 73
3 81
3 84
3 88
3 89
3 93
3 96
3 97
3 99
3 102
3 108
3 112
3 114
3 117
3 119
3 120
3 121
3 122
3 124
3 128
3 129
3 130
3 136
3 137
3 140
3 143
3 145
3 147
3 148
3 149
3 150
3 151
3 153
3 154
3 157
3 159
3 160
3 161
3 162
3 164
3 166
3 167
3 172
3 173
3 174
3 175
3 176
3 179
3 180
3 181
3 185
3 186
3 188
3 190
3 194
3 195
3 196
3 198
4 7
4 8
4 11
4 13
4 14
4 16
4 19
4 23
4 24
4 25
4 26
4 29
4 31
4 35
4 37
4 38
4 40
4 43
4 46
4 49
4 50
4 52
4 53
4 54
4 58
4 59
4 61
4 62
4 66
4 73
4 77
4 78
4 80
4 81
4 82
4 83
4 87
4 89
4 94
4 99
4 104
4 108
4 110
4 111
4 114
4 117
4 118
4 119
4 121
4 122
4 123
4 124
4 127
4 129
4 130
4 135
4 137
4 140
4 142
4 144
4 150
4 154
4 156
4 157
4 163
4 166
4 167
4 168
4 169
4 170
4 174
4 179
4 180
4 182
4 183
4 184
4 187
4 193
4 196
4 197
5 9
5 10
5 11
5 12
5 13
5 19
5 20
5 21
5 22
5 27
5 28
5 31
5 32
5 34
5 37
5 41
5 44
5 50
5 51
5 52
5 54
5 55
5 56
5 63
5 64
5 66
5 67
5 70
5 73
5 75
5 77
5 80
5 81
5 82
5 83
5 84
5 88
5 93
5 96
5 101
5 102
5 104
5 105
5 107
5 108
5 109
5 120
5 121
5 122
5 123
5 124
5 125
5 127
5 129
5 130
5 133
5 135
5 136
5 140
5 144
5 147
5 149
5 150
5 151
5 153
5 154
5 156
5 158
5 160
5 161
5 164
5 172
5 175
5 177
5 182
5 190
5 191
5 194
5 195
5 196
5 198
5 199
6 7
6 8
6 15
6 17
6 18
6 19
6 24
6 26
6 28
6 31
6 35
6 37
6 38
6 41
6 42
6 46
6 48
6 50
6 51
6 53
6 55
6 57
6 62
6 63
6 64
6 65
6 68
6 71
6 76
6 77
6 79
6 80
6 82
6 84
6 86
6 89
6 90
6 94
6 96
6 97
6 100
6 101
6 103
6 104
6 105
6 106
6 107
6 108
6 114
6 115
6 117
6 118
6 119
6 120
6 123
6 124
6 125
6 126
6 128
6 130
6 131
6 134
6 137
6 138
6 139
6 141
6 142
6 143
6 144
6 145
6 146
6 147
6 149
6 150
6 152
6 153
6 154
6 155
6 156
6 157
6 158
6 159
6 160
6 161
6 162
6 163
6 164
6 166
6 169
6 172
6 174
6 176
6 177
6 178
6 183
6 190
6 191
6 192
6 194
6 199
7 8
7 9
7 10
7 11
7 15
7 16
7 18
7 20
7 23
7 27
7 28
7 30
7 31
7 32
7 34
7 35
7 36
7 42
7 46
7 48
7 49
7 50
7 51
7 52
7 55
7 57
7 59
7 60
7 62
7 63
7 65
7 66
7 68
7 69
7 70
7 74
7 75
7 76
7 80
7 81
7 85
7 89
7 90
7 91
7 92
7 93
7 94
7 95
7 98
7 99
7 102
7 105
7 108
7 109
7 110
7 114
7 119
7 122
7 123
7 126
7 130
7 133
7 134
7 136
7 137
7 138
7 140
7 141
7 142
7 144
7 145
7 147
7 149
7 154
7 155
7 157
7 159
7 160
7 166
7 168
7 169
7 172
7 174
7 176
7 177
7 178
7 181
7 185
7 187
7 189
7 190
7 191
7 193
7 194
7 195
7 196
7 198
7 199
8 11
8 12
8 13
8 15
8 16
8 18
8 20
8 21
8 22
8 23
8 24
8 25
8 33
8 34
8 36
8 37
8 39
8 40
8 42
8 43
8 48
8 49
8 51
8 54
8 55
8 56
8 57
8 58
8 59
8 60
8 61
8 62
8 63
8 67
8 71
8 73
8 74
8 78
8 79
8 80
8 83
8 86
8 88
8 89
8 92
8 93
8 96
8 98
8 99
8 108
8 109
8 111
8 112
8 113
8 114
8 115
8 118
8 119
8 120
8 121
8 123
8 127
8 129
8 130
8 134
8 135
8 136
8 142
8 146
8 150
8 153
8 159
8 160
8 169
8 172
8 175
8 177
8 178
8 180
8 181
8 182
8 183
8 184
8 186
8 187
8 188
8 189
8 193
8 194
8 198
9 10
9 11
9 13
9 16
9 18
9 21
9 22
9 25
9 30
9 31
9 33
9 34
9 35
9 36
9 37
9 38
9 40
9 41
9 44
9 45
9 46
9 47
9 48
9 55
9 56
9 61
9 63
9 64
9 65
9 66
9 68
9 71
9 73
9 74
9 75
9 83
9 87
9 90
9 91
9 94
9 95
9 96
9 97
9 98
9 101
9 102
9 103
9 104
9 105
9 107
9 108
9 109
9 113
9 114
9 115
9 117
9 124
9 131
9 134
9 136
9 137
9 140
9 143
9 145
9 146
9 148
9 149
9 150
9 152
9 153
9 159
9 163
9 164
9 165
9 166
9 169
9 170
9 171
9 173
9 174
9 177
9 178
9 179
9 180
9 181
9 184
9 185
9 187
9 188
9 192
9 193
9 194
9 196
9 197
9 198
10 11
10 12
10 13
10 14
10 15
10 16
10 17
10 18
10 19
10 20
10 21
10 23
10 26
10 27
10 30
10 33
10 36
10 37
10 39
10 40
10 42
10 43
10 45
10 48
10 50
10 52
10 54
10 57
10 59
10 60
10 63
10 65
10 66
10 67
10 69
10 70
10 71
10 72
10 73
10 76
10 77
10 78
10 82
10 86
10 90
10 94
10 96
10 98
10 100
10 101
10 102
10 103
10 104
10 106
10 107
10 108
10 109
10 110
10 111
10 113
10 115
10 116
10 119
10 123
10 127
10 128
10 129
10 130
10 135
10 139
10 140
10 141
10 147
10 149
10 153
10 155
10 156
10 157
10 158
10 159
10 162
10 164
10 165
10 166
10 167
10 168
10 169
10 170
10 174
10 175
10 176
10 177
10 178
10 183
10 186
10 187
10 189
10 190
10 191
10 193
10 194
10 195
10 197
10 199
11 14
11 15
11 18
11 19
11 24
11 25
11 26
11 28
11 30
11 31
11 32
11 37
11 38
11 39
11 40
11 42
11 43
11 46
11 48
11 51
11 54
11 55
11 59
11 60
11 64
11 65
11 67
11 69
11 71
11 73
11 75
11 79
11 81
11 82
11 83
11 92
11 97
11 103
11 105
11 108
11 110
11 111
11 112
11 115
11 116
11 117
11 123
11 124
11 130
11 134
11 135
11 136
11 145
11 146
11 147
11 149
11 150
11 153
11 154
11 156
11 157
11 160
11 165
11 166
11 167
11 168
11 170
11 172
11 173
11 176
11 177
11 179
11 185
11 187
11 192
11 193
11 194
11 196
11 199
12 14
12 15
12 16
12 17
12 21
12 23
12 24
12 25
12 27
12 28
12 29
12 32
12 33
12 34
12 35
12 36
12 39
12 40
12 42
12 44
12 45
12 50
12 51
12 52
12 53
12 54
12 58
12 59
12 60
12 62
12 63
12 65
12 67
12 69
12 71
12 78
12 79
12 80
12 84
12 85
12 87
12 88
12 91
12 93
12 97
12 100
12 102
12 104
12 108
12 111
12 113
12 121
12 122
12 123
12 125
12 127
12 128
12 129
12 130
12 131
12 132
12 133
12 134
12 135
12 136
12 137
12 138
12 139
12 141
12 142
12 143
12 149
12 150
12 152
12 153
12 154
12 157
12 158
12 160
12 161
12 162
12 164
12 165
12 167
12 168
12 171
12 172
12 174
12 175
12 176
12 177
12 178
12 179
12 181
12 183
12 185
12 190
12 191
12 192
12 193
12 194
12 195
12 196
12 198
13 15
13 16
13 18
13 22
13 23
13 25
13 26
13 28
13 29
13 30
13 31
13 32
13 35
13 41
13 43
13 45
13 46
13 47
13 48
13 49
13 50
13 51
13 55
13 57
13 58
13 59
13 63
13 68
13 70
13 74
13 76
13 77
13 80
13 83
13 85
13 86
13 88
13 89
13 90
13 93
13 94
13 95
13 97
13 98
13 99
13 100
13 101
13 102
13 103
13 104
13 105
13 106
13 107
13 110
13 114
13 116
13 117
13 119
13 120
13 123
13 128
13 129
13 130
13 131
13 132
13 135
13 136
13 138
13 140
13 142
13 144
13 146
13 150
13 151
13 154
13 156
13 157
13 162
13 163
13 165
13 166
13 167
13 168
13 169
13 170
13 180
13 182
13 183
13 186
13 188
13 189
13 190
13 191
13 192
13 194
13 196
13 197
13 199
14 15
14 16
14 19
14 21
14 23
14 24
14 26
14 27
14 28
14 31
14 35
14 36
14 37
14 38
14 39
14 40
14 43
14 46
14 48
14 49
14 51
14 52
14 53
14 55
14 63
14 64
14 70
14 72
14 73
14 74
14 76
14 77
14 79
14 81
14 83
14 86
14 89
14 92
14 95
14 96
14 97
14 100
14 101
14 104
14 106
14 109
14 111
14 113
14 115
14 117
14 119
14 121
14 122
14 124
14 126
14 127
14 129
14 131
14 132
14 133
14 134
14 135
14 137
14 138
14 141
14 143
14 145
14 148
14 150
14 151
14 152
14 153
14 155
14 159
14 163
14 164
14 165
14 166
14 167
14 171
14 175
14 176
14 177
14 180
14 183
14 184
14 188
14 190
14 191
14 193
14 195
14 196
14 197
14 199
15 17
15 19
15 20
15 21
15 24
15 27
15 31
15 33
15 34
15 36
15 38
15 40
15 41
15 42
15 44
15 48
15 49
15 51
15 54
15 55
15 56
15 57
15 61
15 62
15 63
15 65
15 66
15 67
15 68
15 69
15 72
15 74
15 75
15 76
15 77
15 78
15 79
15 80
15 81
15 85
15 88
15 91
15 96
15 100
15 103
15 106
15 110
15 113
15 116
15 118
15 124
15 127
15 128
15 130
15 131
15 132
15 133
15 135
15 138
15 143
15 144
15 145
15 146
15 148
15 150
15 151
15 153
15 162
15 163
15 164
15 165
15 168
15 170
15 171
15 172
15 173
15 175
15 176
15 178
15 179
15 182
15 184
15 185
15 189
15 190
15 191
15 192
15 194
15 196
16 20
16 22
16 23
16 26
16 28
16 29
16 30
16 33
16 35
16 36
16 37
16 38
16 39
16 40
16 42
16 43
16 48
16 49
16 50
16 52
16 54
16 55
16 58
16 61
16 62
16 63
16 64
16 68
16 70
16 71
16 77
16 78
16 80
16 82
16 83
16 84
16 89
16 90
16 92
16 95
16 97
16 100
16 101
16 102
16 103
16 105
16 107
16 111
16 113
16 114
16 120
16 122
16 123
16 126
16 131
16 133
16 135
16 136
16 138
16 139
16 142
16 146
16 150
16 155
16 157
16 164
16 166
16 175
16 177
16 178
16 182
16 183
16 185
16 186
16 187
16 189
16 191
16 193
16 195
17 18
17 19
17 21
17 22
17 23
17 25
17 31
17 32
17 33
17 36
17 39
17 40
17 46
17 47
17 48
17 49
17 50
17 51
17 52
17 53
17 54
17 58
17 59
17 61
17 63
17 64
17 65
17 66
17 69
17 70
17 72
17 73
17 77
17 78
17 79
17 80
17 81
17 82
17 85
17 86
17 87
17 89
17 92
17 96
17 98
17 100
17 103
17 106
17 107
17 108
17 109
17 110
17 111
17 112
17 113
17 115
17 116
17 119
17 120
17 122
17 127
17 132
17 133
17 134
17 135
17 138
17 139
17 140
17 141
17 143
17 146
17 148
17 149
17 150
17 152
17 153
17 154
17 157
17 158
17 160
17 161
17 162
17 163
17 165
17 166
17 167
17 169
17 170
17 171
17 172
17 173
17 174
17 177
17 181
17 182
17 184
17 188
17 189
17 190
17 195
17 198
18 21
18 22
18 24
18 25
18 27
18 28
18 29
18 30
18 32
18 33
18 34
18 35
18 36
18 37
18 39
18 42
18 43
18 44
18 46
18 49
18 50
18 52
18 54
18 55
18 56
18 58
18 60
18 62
18 63
18 65
18 67
18 68
18 69
18 72
18 73
18 75
18 77
18 79
18 82
18 83
18 84
18 86
18 87
18 90
18 91
18 92
18 96
18 97
18 98
18 99
18 100
18 101
18 103
18 104
18 105
18 106
18 107
18 108
18 115
18 116
18 117
18 118
18 119
18 120
18 121
18 123
18 124
18 128
18 133
18 135
18 136
18 139
18 140
18 141
18 142
18 146
18 147
18 148
18 149
18 157
18 159
18 160
18 161
18 163
18 164
18 165
18 167
18 170
18 171
18 173
18 175
18 176
18 177
18 178
18 179
18 180
18 181
18 184
18 186
18 187
18 192
18 194
18 196
18 197
19 21
19 23
19 24
19 25
19 27
19 28
19 30
19 31
19 34
19 35
19 38
19 39
19 42
19 44
19 45
19 46
19 47
19 50
19 52
19 54
19 59
19 60
19 61
19 62
19 63
19 66
19 70
19 72
19 74
19 75
19 77
19 79
19 80
19 83
19 86
19 87
19 88
19 89
19 90
19 91
19 94
19 97
19 99
19 100
19 101
19 102
19 104
19 105
19 106
19 107
19 109
19 110
19 111
19 112
19 113
19 116
19 117
19 119
19 120
19 121
19 122
19 124
19 125
19 126
19 130
19 132
19 134
19 136
19 137
19 140
19 141
19 142
19 143
19 145
19 146
19 147
19 148
19 149
19 151
19 153
19 156
19 160
19 161
19 162
19 163
19 164
19 167
19 168
19 169
19 170
19 171
19 173
19 174
19 175
19 176
19 179
19 180
19 182
19 185
19 189
19 191
20 24
20 25
20 26
20 31
20 33
20 34
20 36
20 37
20 38
20 40
20 43
20 46
20 48
20 51
20 52
20 53
20 54
20 57
20 58
20 59
20 60
20 61
20 64
20 65
20 68
20 69
20 70
20 71
20 72
20 73
20 74
20 75
20 78
20 79
20 80
20 82
20 83
20 86
20 87
20 88
20 93
20 97
20 98
20 99
20 100
20 106
20 107
20 110
20 113
20 116
20 117
20 120
20 121
20 122
20 123
20 128
20 131
20 135
20 137
20 139
20 140
20 141
20 143
20 144
20 145
20 147
20 148
20 150
20 153
20 156
20 158
20 160
20 164
20 165
20 166
20 169
20 170
20 172
20 173
20 174
20 175
20 177
20 179
20 181
20 182
20 185
20 186
20 188
20 190
20 191
20 192
20 193
20 194
20 196
20 199
21 22
21 23
21 25
21 26
21 27
21 28
21 29
21 30
21 31
21 34
21 37
21 39
21 43
21 47
21 51
21 52
21 55
21 57
21 59
21 60
21 63
21 64
21 65
21 66
21 67
21 70
21 72
21 73
21 77
21 79
21 80
21 82
21 83
21 84
21 86
21 87
21 89
21 90
21 93
21 94
21 95
21 96
21 101
21 103
21 106
21 107
21 108
21 109
21 112
21 113
21 114
21 117
21 122
21 124
21 125
21 128
21 129
21 130
21 131
21 133
21 134
21 135
21 136
21 138
21 139
21 141
21 144
21 146
21 151
21 152
21 156
21 158
21 160
21 162
21 163
21 167
21 169
21 172
21 173
21 174
21 177
21 178
21 179
21 180
21 181
21 182
21 187
21 189
21 195
21 196
21 198
22 26
22 27
22 28
22 30
22 31
22 33
22 34
22 39
22 40
22 41
22 42
22 43
22 46
22 47
22 49
22 56
22 58
22 59
22 62
22 63
22 64
22 65
22 66
22 67
22 70
22 73
22 74
22 76
22 77
22 79
22 80
22 81
22 82
22 86
22 87
22 89
22 90
22 96
22 99
22 101
22 103
22 104
22 108
22 111
22 112
22 116
22 117
22 118
22 120
22 121
22 124
22 125
22 126
22 127
22 128
22 130
22 132
22 134
22 137
22 139
22 141
22 142
22 143
22 144
22 146
22 147
22 148
22 149
22 152
22 155
22 157
22 159
22 160
22 161
22 163
22 164
22 165
22 166
22 167
22 168
22 169
22 170
22 172
22 173
22 174
22 175
22 178
22 179
22 183
22 185
22 187
22 188
22 196
22 197
23 27
23 35
23 36
23 39
23 41
23 43
23 47
23 48
23 50
23 51
23 52
23 53
23 54
23 55
23 56
23 58
23 59
23 62
23 64
23 67
23 68
23 69
23 70
23 73
23 74
23 77
23 80
23 81
23 82
23 83
23 85
23 86
23 87
23 88
23 89
23 90
23 91
23 92
23 94
23 95
23 97
23 99
23 103
23 105
23 106
23 108
23 109
23 110
23 111
23 112
23 118
23 119
23 121
23 122
23 124
23 126
23 130
23 131
23 132
23 133
23 135
23 136
23 139
23 142
23 146
23 148
23 149
23 151
23 152
23 153
23 154
23 155
23 156
23 159
23 162
23 163
23 164
23 168
23 171
23 173
23 174
23 176
23 179
23 180
23 181
23 184
23 185
23 187
23 188
23 193
23 195
24 28
24 31
24 32
24 33
24 34
24 37
24 38
24 41
24 44
24 49
24 55
24 57
24 61
24 63
24 64
24 65
24 66
24 68
24 71
24 73
24 75
24 78
24 79
24 81
24 82
24 84
24 86
24 87
24 89
24 91
24 92
24 95
24 96
24 99
24 102
24 106
24 107
24 111
24 114
24 116
24 120
24 121
24 125
24 128
24 129
24 130
24 132
24 133
24 134
24 136
24 137
24 139
24 140
24 142
24 143
24 144
24 145
24 146
24 149
24 152
24 153
24 154
24 155
24 156
24 157
24 160
24 162
24 163
24 166
24 168
24 169
24 170
24 172
24 173
24 175
24 179
24 184
24 185
24 186
24 187
24 190
24 192
24 193
24 194
24 195
24 196
24 197
24 199
25 27
25 29
25 30
25 32
25 33
25 34
25 37
25 38
25 40
25 41
25 51
25 53
25 54
25 55
25 56
25 58
25 59
25 62
25 66
25 68
25 69
25 73
25 74
25 76
25 79
25 80
25 81
25 82
25 83
25 84
25 90
25 91
25 92
25 95
25 96
25 97
25 98
25 99
25 102
25 108
25 109
25 114
25 116
25 118
25 120
25 121
25 122
25 123
25 126
25 129
25 130
25 133
25 134
25 135
25 136
25 137
25 138
25 139
25 140
25 144
25 146
25 150
25 151
25 152
25 155
25 160
25 162
25 163
25 165
25 167
25 171
25 172
25 173
25 174
25 175
25 178
25 181
25 182
25 183
25 184
25 185
25 186
25 187
25 188
25 189
25 192
25 193
25 195
25 196
25 197
25 199
26 29
26 31
26 32
26 33
26 34
26 35
26 36
26 37
26 42
26 44
26 47
26 49
26 54
26 56
26 58
26 63
26 65
26 66
26 67
26 68
26 70
26 71
26 72
26 74
26 75
26 77
26 80
26 82
26 83
26 84
26 90
26 94
26 95
26 96
26 99
26 100
26 101
26 102
26 103
26 104
26 105
26 106
26 107
26 108
26 109
26 110
26 112
26 114
26 115
26 119
26 120
26 121
26 122
26 123
26 124
26 125
26 126
26 128
26 129
26 130
26 131
26 133
26 135
26 137
26 139
26 140
26 142
26 145
26 147
26 152
26 156
26 157
26 158
26 160
26 163
26 165
26 168
26 171
26 172
26 173
26 175
26 177
26 178
26 179
26 182
26 184
26 185
26 187
26 189
26 190
26 191
26 192
26 194
26 198
26 199
27 28
27 29
27 30
27 32
27 33
27 34
27 35
27 38
27 40
27 45
27 46
27 48
27 50
27 54
27 58
27 60
27 62
27 63
27 64
27 67
27 70
27 72
27 73
27 75
27 76
27 77
27 78
27 81
27 84
27 85
27 87
27 88
27 90
27 91
27 92
27 93
27 94
27 95
27 96
27 98
27 102
27 104
27 105
27 109
27 111
27 112
27 114
27 116
27 121
27 122
27 123
27 128
27 129
27 131
27 134
27 135
27 136
27 137
27 139
27 140
27 141
27 142
27 144
27 145
27 148
27 150
27 151
27 153
27 154
27 157
27 158
27 160
27 161
27 162
27 163
27 164
27 165
27 166
27 167
27 168
27 169
27 170
27 172
27 176
27 179
27 180
27 184
27 185
27 186
27 187
27 188
27 190
27 193
27 195
27 197
28 30
28 33
28 34
28 35
28 36
28 39
28 41
28 42
28 43
28 44
28 50
28 51
28 54
28 55
28 60
28 61
28 62
28 66
28 67
28 68
28 69
28 72
28 74
28 76
28 77
28 78
28 79
28 80
28 82
28 83
28 86
28 87
28 88
28 91
28 92
28 95
28 96
28 98
28 100
28 102
28 103
28 104
28 105
28 107
28 108
28 109
28 110
28 114
28 116
28 117
28 119
28 120
28 121
28 122
28 127
28 128
28 129
28 131
28 137
28 138
28 139
28 140
28 142
28 144
28 146
28 150
28 153
28 154
28 156
28 158
28 160
28 161
28 165
28 173
28 175
28 178
28 179
28 180
28 181
28 184
28 185
28 186
28 187
28 190
28 191
28 195
28 196
29 32
29 33
29 34
29 35
29 36
29 38
29 39
29 43
29 44
29 47
29 50
29 53
29 54
29 55
29 56
29 57
29 60
29 62
29 64
29 66
29 67
29 68
29 70
29 71
29 74
29 76
29 77
29 78
29 80
29 81
29 82
29 83
29 84
29 85
29 86
29 87
29 88
29 89
29 90
29 92
29 93
29 94
29 95
29 99
29 100
29 101
29 102
29 104
29 105
29 109
29 110
29 111
29 112
29 116
29 118
29 119
29 121
29 123
29 124
29 125
29 126
29 129
29 130
29 131
29 136
29 140
29 141
29 144
29 147
29 152
29 153
29 159
29 160
29 161
29 166
29 169
29 171
29 172
29 174
29 178
29 182
29 183
29 185
29 188
29 190
29 191
29 197
29 198
29 199
30 33
30 37
30 39
30 40
30 48
30 51
30 52
30 56
30 57
30 63
30 64
30 66
30 71
30 74
30 75
30 76
30 81
30 83
30 92
30 95
30 98
30 100
30 103
30 105
30 106
30 107
30 108
30 109
30 110
30 112
30 113
30 115
30 118
30 119
30 123
30 124
30 126
30 127
30 129
30 130
30 131
30 135
30 137
30 138
30 140
30 141
30 144
30 145
30 146
30 148
30 151
30 155
30 156
30 157
30 160
30 161
30 162
30 163
30 165
30 167
30 168
30 177
30 178
30 180
30 181
30 183
30 184
30 185
30 187
30 191
30 194
30 195
30 197
31 33
31 34
31 36
31 37
31 38
31 39
31 41
31 43
31 45
31 48
31 49
31 51
31 53
31 55
31 57
31 60
31 65
31 69
31 72
31 73
31 75
31 83
31 84
31 85
31 86
31 87
31 89
31 90
31 91
31 95
31 97
31 101
31 102
31 104
31 107
31 111
31 112
31 114
31 116
31 117
31 118
31 120
31 124
31 125
31 126
31 127
31 128
31 129
31 130
31 131
31 132
31 134
31 138
31 140
31 142
31 143
31 149
31 150
31 151
31 153
31 155
31 156
31 157
31 158
31 160
31 163
31 165
31 170
31 171
31 173
31 177
31 180
31 182
31 184
31 187
31 192
31 193
31 196
31 197
31 198
32 33
32 34
32 36
32 37
32 38
32 44
32 47
32 51
32 52
32 54
32 56
32 57
32 63
32 64
32 65
32 66
32 73
32 75
32 77
32 81
32 83
32 85
32 88
32 90
32 94
32 95
32 97
32 102
32 103
32 104
32 106
32 107
32 110
32 113
32 116
32 118
32 124
32 125
32 126
32 127
32 128
32 130
32 132
32 133
32 134
32 135
32 137
32 138
32 140
32 144
32 145
32 147
32 153
32 155
32 156
32 157
32 158
32 161
32 162
32 164
32 168
32 171
32 172
32 178
32 179
32 180
32 186
32 189
32 190
32 191
32 192
32 193
32 195
32 198
33 35
33 36
33 37
33 39
33 40
33 41
33 44
33 46
33 48
33 49
33 50
33 52
33 53
33 54
33 57
33 58
33 61
33 65
33 66
33 68
33 69
33 70
33 71
33 73
33 74
33 75
33 79
33 80
33 82
33 83
33 85
33 86
33 87
33 89
33 90
33 91
33 92
33 94
33 95
33 97
33 99
33 100
33 103
33 105
33 107
33 108
33 109
33 115
33 119
33 121
33 123
33 124
33 126
33 127
33 131
33 132
33 133
33 134
33 135
33 136
33 137
33 138
33 139
33 143
33 145
33 147
33 148
33 150
33 153
33 155
33 157
33 158
33 160
33 163
33 165
33 166
33 169
33 170
33 171
33 173
33 176
33 181
33 182
33 183
33 187
33 188
33 190
33 193
33 196
34 35
34 37
34 39
34 41
34 46
34 47
34 50
34 51
34 54
34 56
34 57
34 58
34 59
34 63
34 64
34 65
34 67
34 69
34 70
34 71
34 72
34 75
34 76
34 77
34 81
34 84
34 88
34 89
34 90
34 95
34 97
34 99
34 100
34 101
34 103
34 105
34 107
34 109
34 111
34 112
34 115
34 116
34 117
34 119
34 120
34 122
34 123
34 125
34 128
34 129
34 130
34 132
34 133
34 135
34 136
34 140
34 141
34 143
34 146
34 147
34 149
34 150
34 152
34 156
34 157
34 158
34 160
34 162
34 163
34 165
34 167
34 168
34 169
34 170
34 172
34 175
34 177
34 178
34 179
34 180
34 182
34 187
34 195
34 197
34 198
35 36
35 37
35 40
35 42
35 45
35 47
35 48
35 49
35 50
35 54
35 60
35 61
35 63
35 64
35 65
35 66
35 70
35 71
35 73
35 74
35 75
35 76
35 79
35 80
35 85
35 86
35 87
35 91
35 92
35 94
35 98
35 104
35 107
35 108
35 110
35 111
35 113
35 116
35 117
35 119
35 121
35 124
35 125
35 126
35 129
35 130
35 132
35 134
35 135
35 138
35 140
35 142
35 143
35 144
35 149
35 152
35 153
35 155
35 156
35 158
35 159
35 160
35 161
35 163
35 164
35 165
35 166
35 168
35 169
35 170
35 171
35 174
35 175
35 176
35 179
35 181
35 183
35 185
35 188
35 189
35 192
35 193
35 197
35 198
35 199
36 37
36 38
36 40
36 45
36 46
36 48
36 49
36 50
36 51
36 55
36 57
36 59
36 61
36 62
36 63
36 68
36 70
36 72
36 73
36 74
36 75
36 80
36 83
36 84
36 86
36 89
36 90
36 91
36 94
36 95
36 97
36 98
36 99
36 100
36 101
36 103
36 105
36 107
36 108
36 112
36 116
36 117
36 119
36 121
36 122
36 128
36 129
36 130
36 131
36 134
36 135
36 136
36 137
36 138
36 146
36 148
36 150
36 151
36 152
36 156
36 158
36 159
36 162
36 163
36 167
36 169
36 170
36 171
36 174
36 175
36 176
36 177
36 178
36 180
36 182
36 183
36 184
36 185
36 186
36 187
36 188
36 189
36 190
36 195
36 196
37 43
37 45
37 47
37 48
37 50
37 51
37 52
37 55
37 56
37 59
37 60
37 61
37 62
37 66
37 67
37 68
37 69
37 70
37 72
37 74
37 75
37 76
37 81
37 86
37 88
37 90
37 91
37 92
37 94
37 95
37 99
37 100
37 101
37 103
37 105
37 107
37 108
37 111
37 112
37 113
37 117
37 118
37 124
37 128
37 130
37 133
37 134
37 137
37 139
37 140
37 141
37 142
37 145
37 147
37 148
37 149
37 152
37 153
37 158
37 159
37 160
37 161
37 162
37 165
37 166
37 167
37 169
37 172
37 174
37 175
37 177
37 178
37 179
37 180
37 183
37 185
37 186
37 187
37 191
37 193
37 195
37 198
38 40
38 42
38 46
38 49
38 55
38 62
38 65
38 71
38 72
38 74
38 75
38 79
38 80
38 83
38 86
38 91
38 94
38 96
38 97
38 100
38 101
38 103
38 106
38 107
38 108
38 111
38 115
38 116
38 119
38 121
38 123
38 125
38 127
38 128
38 129
38 132
38 133
38 135
38 136
38 137
38 139
38 140
38 141
38 144
38 146
38 147
38 148
38 149
38 150
38 151
38 154
38 158
38 160
38 163
38 164
38 167
38 168
38 169
38 170
38 172
38 173
38 174
38 176
38 180
38 181
38 182
38 183
38 185
38 186
38 188
38 189
38 190
38 193
38 194
38 195
38 198
39 40
39 41
39 42
39 46
39 47
39 49
39 52
39 53
39 54
39 55
39 56
39 57
39 60
39 61
39 65
39 68
39 70
39 72
39 74
39 77
39 78
39 80
39 81
39 83
39 84
39 88
39 89
39 90
39 91
39 92
39 95
39 97
39 98
39 99
39 102
39 103
39 108
39 109
39 111
39 112
39 114
39 115
39 118
39 119
39 121
39 124
39 125
39 128
39 130
39 131
39 136
39 137
39 138
39 142
39 145
39 146
39 147
39 150
39 152
39 155
39 157
39 159
39 161
39 164
39 165
39 167
39 168
39 169
39 170
39 173
39 176
39 177
39 178
39 181
39 183
39 184
39 185
39 187
39 190
39 194
39 196
39 197
39 198
40 43
40 46
40 47
40 48
40 50
40 53
40 55
40 56
40 57
40 59
40 62
40 63
40 64
40 66
40 71
40 72
40 73
40 75
40 82
40 85
40 86
40 90
40 91
40 94
40 97
40 99
40 102
40 103
40 104
40 106
40 107
40 111
40 112
40 114
40 116
40 117
40 119
40 120
40 121
40 122
40 132
40 133
40 137
40 139
40 141
40 142
40 144
40 147
40 148
40 150
40 152
40 154
40 155
40 159
40 161
40 164
40 167
40 168
40 170
40 172
40 173
40 175
40 176
40 177
40 178
40 184
40 185
40 186
40 190
40 192
40 195
40 196
40 197
40 199
41 42
41 44
41 45
41 51
41 52
41 53
41 56
41 57
41 58
41 59
41 60
41 61
41 63
41 66
41 68
41 69
41 71
41 73
41 75
41 77
41 79
41 83
41 88
41 90
41 92
41 94
41 97
41 98
41 99
41 100
41 101
41 102
41 109
41 111
41 113
41 114
41 115
41 117
41 118
41 120
41 123
41 124
41 129
41 132
41 134
41 137
41 138
41 139
41 140
41 141
41 142
41 143
41 146
41 150
41 151
41 152
41 154
41 155
41 158
41 160
41 162
41 163
41 164
41 166
41 168
41 169
41 170
41 172
41 174
41 175
41 180
41 182
41 183
41 184
41 185
41 186
41 188
41 190
41 193
41 194
41 195
41 198
42 44
42 45
42 46
42 49
42 54
42 55
42 56
42 60
42 61
42 62
42 63
42 65
42 69
42 70
42 71
42 72
42 74
42 75
42 76
42 77
42 79
42 81
42 89
42 94
42 95
42 96
42 98
42 102
42 104
42 105
42 107
42 110
42 111
42 114
42 116
42 117
42 119
42 120
42 121
42 122
42 124
42 125
42 128
42 130
42 133
42 136
42 141
42 144
42 145
42 146
42 147
42 149
42 152
42 155
42 156
42 160
42 161
42 162
42 164
42 167
42 172
42 173
42 176
42 180
42 181
42 182
42 184
42 186
42 187
42 189
42 190
42 192
42 193
42 196
42 197
42 199
43 44
43 45
43 48
43 52
43 57
43 59
43 60
43 61
43 62
43 67
43 70
43 73
43 74
43 75
43 77
43 79
43 80
43 82
43 83
43 84
43 85
43 88
43 89
43 92
43 93
43 94
43 95
43 96
43 97
43 99
43 101
43 112
43 117
43 124
43 128
43 129
43 130
43 132
43 133
43 134
43 136
43 137
43 139
43 141
43 143
43 144
43 146
43 147
43 151
43 152
43 153
43 155
43 158
43 164
43 165
43 169
43 170
43 171
43 172
43 173
43 175
43 177
43 180
43 183
43 185
43 187
43 188
43 189
43 190
43 191
43 192
43 194
43 199
44 45
44 47
44 48
44 50
44 52
44 54
44 55
44 57
44 58
44 61
44 62
44 65
44 66
44 72
44 76
44 78
44 79
44 82
44 83
44 84
44 86
44 87
44 88
44 93
44 96
44 98
44 100
44 101
44 106
44 107
44 108
44 111
44 112
44 113
44 114
44 116
44 119
44 121
44 123
44 124
44 125
44 127
44 128
44 130
44 131
44 133
44 137
44 139
44 143
44 144
44 145
44 147
44 148
44 149
44 150
44 151
44 152
44 154
44 155
44 157
44 161
44 162
44 163
44 164
44 167
44 168
44 169
44 170
44 172
44 173
44 176
44 177
44 179
44 180
44 181
44 184
44 185
44 186
44 191
44 192
44 193
44 196
44 197
44 198
45 47
45 48
45 50
45 53
45 54
45 55
45 59
45 63
45 66
45 67
45 68
45 69
45 76
45 78
45 79
45 80
45 81
45 82
45 83
45 84
45 85
45 86
45 87
45 88
45 89
45 92
45 93
45 94
45 99
45 101
45 102
45 103
45 104
45 107
45 110
45 114
45 115
45 118
45 121
45 124
45 125
45 130
45 135
45 138
45 139
45 140
45 143
45 145
45 147
45 148
45 149
45 150
45 151
45 152
45 153
45 154
45 155
45 156
45 157
45 158
45 159
45 160
45 161
45 166
45 167
45 168
45 171
45 172
45 173
45 175
45 179
45 181
45 182
45 183
45 185
45 188
45 189
45 190
45 193
45 196
46 50
46 51
46 52
46 53
46 56
46 59
46 60
46 62
46 63
46 64
46 65
46 66
46 68
46 70
46 71
46 73
46 74
46 76
46 78
46 79
46 80
46 86
46 88
46 89
46 91
46 95
46 99
46 100
46 104
46 105
46 106
46 107
46 108
46 111
46 113
46 115
46 119
46 121
46 122
46 124
46 125
46 126
46 127
46 129
46 133
46 135
46 136
46 137
46 139
46 141
46 146
46 147
46 151
46 152
46 153
46 154
46 155
46 156
46 157
46 159
46 160
46 162
46 165
46 166
46 168
46 169
46 170
46 171
46 172
46 173
46 174
46 178
46 180
46 181
46 183
46 187
46 191
47 48
47 49
47 50
47 51
47 57
47 58
47 59
47 60
47 61
47 62
47 63
47 64
47 65
47 69
47 70
47 72
47 80
47 82
47 83
47 84
47 85
47 86
47 88
47 89
47 90
47 95
47 98
47 100
47 101
47 103
47 104
47 106
47 109
47 110
47 111
47 112
47 113
47 114
47 115
47 116
47 120
47 122
47 124
47 125
47 132
47 135
47 136
47 139
47 140
47 141
47 146
47 148
47 149
47 151
47 153
47 154
47 155
47 158
47 159
47 160
47 161
47 164
47 172
47 176
47 177
47 180
47 181
47 182
47 184
47 185
47 188
47 189
47 190
47 191
47 193
47 196
47 198
47 199
48 50
48 51
48 52
48 53
48 56
48 59
48 61
48 62
48 67
48 69
48 71
48 73
48 74
48 76
48 77
48 78
48 81
48 83
48 84
48 86
48 89
48 90
48 92
48 93
48 95
48 98
48 99
48 100
48 104
48 106
48 108
48 109
48 111
48 113
48 114
48 115
48 117
48 118
48 120
48 123
48 124
48 126
48 132
48 136
48 137
48 138
48 140
48 141
48 142
48 143
48 145
48 146
48 147
48 148
48 152
48 155
48 156
48 161
48 162
48 163
48 164
48 165
48 166
48 167
48 168
48 170
48 174
48 175
48 176
48 179
48 181
48 182
48 186
48 190
48 196
48 198
49 51
49 55
49 57
49 59
49 62
49 64
49 65
49 66
49 68
49 69
49 71
49 75
49 77
49 79
49 81
49 82
49 83
49 87
49 92
49 94
49 98
49 101
49 102
49 103
49 105
49 107
49 108
49 109
49 110
49 112
49 114
49 115
49 116
49 118
49 120
49 122
49 124
49 125
49 127
49 129
49 138
49 139
49 140
49 143
49 145
49 148
49 149
49 151
49 153
49 154
49 156
49 157
49 162
49 163
49 164
49 165
49 166
49 170
49 171
49 175
49 178
49 183
49 184
49 185
49 187
49 192
49 193
49 194
49 196
49 197
49 198
50 55
50 58
50 60
50 61
50 62
50 63
50 65
50 68
50 69
50 71
50 72
50 74
50 75
50 76
50 78
50 79
50 81
50 82
50 84
50 86
50 88
50 90
50 91
50 94
50 95
50 98
50 99
50 100
50 104
50 106
50 107
50 109
50 112
50 116
50 117
50 118
50 119
50 120
50 121
50 123
50 124
50 126
50 128
50 130
50 131
50 132
50 136
50 137
50 138
50 139
50 140
50 143
50 144
50 146
50 149
50 150
50 153
50 154
50 157
50 158
50 159
50 161
50 164
50 165
50 166
50 167
50 168
50 169
50 171
50 173
50 175
50 182
50 185
50 186
50 189
50 190
50 191
50 193
50 198
51 53
51 54
51 56
51 57
51 58
51 59
51 60
51 64
51 66
51 74
51 75
51 76
51 78
51 80
51 83
51 88
51 92
51 93
51 98
51 99
51 103
51 104
51 105
51 106
51 107
51 108
51 110
51 113
51 114
51 115
51 116
51 117
51 118
51 121
51 127
51 128
51 129
51 130
51 132
51 133
51 136
51 140
51 144
51 145
51 147
51 149
51 152
51 154
51 155
51 156
51 157
51 159
51 163
51 166
51 167
51 168
51 173
51 174
51 175
51 176
51 177
51 178
51 179
51 182
51 183
51 184
51 185
51 186
51 189
51 192
51 193
51 195
51 196
51 197
52 57
52 58
52 59
52 61
52 63
52 65
52 67
52 68
52 69
52 71
52 73
52 75
52 76
52 78
52 79
52 82
52 83
52 87
52 92
52 93
52 97
52 98
52 100
52 103
52 104
52 108
52 109
52 111
52 116
52 122
52 123
52 124
52 128
52 129
52 130
52 131
52 132
52 133
52 134
52 135
52 137
52 138
52 139
52 140
52 143
52 144
52 145
52 148
52 149
52 151
52 152
52 154
52 155
52 156
52 157
52 166
52 167
52 168
52 169
52 175
52 176
52 178
52 180
52 183
52 186
52 187
52 191
52 192
52 195
52 198
52 199
53 59
53 60
53 61
53 62
53 64
53 66
53 68
53 69
53 70
53 72
53 75
53 76
53 78
53 80
53 81
53 82
53 85
53 86
53 88
53 94
53 95
53 96
53 98
53 99
53 100
53 102
53 105
53 109
53 114
53 117
53 118
53 119
53 125
53 126
53 127
53 128
53 130
53 132
53 133
53 134
53 135
53 139
53 140
53 145
53 146
53 148
53 149
53 152
53 153
53 155
53 159
53 163
53 164
53 165
53 166
53 167
53 168
53 170
53 172
53 173
53 174
53 178
53 181
53 184
53 187
53 188
53 189
53 193
53 194
53 198
54 55
54 56
54 58
54 60
54 62
54 66
54 68
54 71
54 75
54 77
54 78
54 80
54 81
54 82
54 84
54 86
54 88
54 89
54 90
54 94
54 95
54 104
54 106
54 107
54 110
54 111
54 113
54 114
54 117
54 120
54 123
54 126
54 130
54 131
54 133
54 135
54 138
54 140
54 141
54 142
54 143
54 144
54 145
54 146
54 147
54 149
54 150
54 161
54 164
54 166
54 175
54 177
54 179
54 180
54 181
54 182
54 183
54 184
54 187
54 188
54 192
54 194
54 195
54 196
54 197
54 198
54 199
55 56
55 57
55 58
55 59
55 60
55 62
55 64
55 66
55 68
55 72
55 74
55 75
55 77
55 83
55 84
55 85
55 88
55 89
55 90
55 91
55 93
55 95
55 96
55 98
55 99
55 103
55 104
55 105
55 106
55 108
55 109
55 111
55 114
55 115
55 116
55 119
55 121
55 123
55 124
55 125
55 126
55 128
55 130
55 131
55 132
55 140
55 146
55 148
55 149
55 150
55 151
55 154
55 159
55 160
55 161
55 162
55 164
55 166
55 167
55 168
55 172
55 177
55 180
55 181
55 182
55 184
55 198
55 199
56 58
56 61
56 63
56 66
56 67
56 71
56 72
56 73
56 75
56 85
56 87
56 88
56 89
56 94
56 95
56 97
56 101
56 102
56 104
56 107
56 108
56 110
56 111
56 112
56 115
56 118
56 121
56 123
56 124
56 125
56 126
56 128
56 130
56 131
56 133
56 144
56 146
56 147
56 151
56 152
56 154
56 157
56 158
56 160
56 164
56 165
56 167
56 171
56 174
56 175
56 176
56 177
56 179
56 180
56 182
56 190
56 191
56 192
56 195
56 197
56 198
57 61
57 63
57 65
57 70
57 71
57 72
57 73
57 76
57 77
57 79
57 81
57 82
57 83
57 84
57 87
57 88
57 90
57 91
57 94
57 95
57 100
57 101
57 103
57 106
57 107
57 108
57 109
57 113
57 115
57 117
57 119
57 121
57 122
57 123
57 124
57 125
57 126
57 128
57 129
57 130
57 131
57 136
57 138
57 141
57 142
57 144
57 145
57 146
57 148
57 149
57 151
57 157
57 161
57 162
57 164
57 166
57 168
57 169
57 170
57 172
57 173
57 176
57 181
57 183
57 185
57 193
57 195
57 196
57 197
57 198
58 62
58 66
58 67
58 68
58 70
58 71
58 72
58 75
58 76
58 77
58 79
58 84
58 85
58 86
58 88
58 89
58 90
58 91
58 92
58 94
58 95
58 99
58 101
58 103
58 105
58 106
58 107
58 109
58 110
58 111
58 112
58 114
58 118
58 119
58 120
58 121
58 122
58 125
58 126
58 128
58 129
58 130
58 133
58 136
58 138
58 141
58 144
58 145
58 152
58 154
58 156
58 158
58 159
58 160
58 161
58 164
58 165
58 166
58 171
58 172
58 174
58 177
58 178
58 180
58 184
58 185
58 186
58 187
58 188
58 189
58 190
58 191
58 194
58 197
58 199
59 60
59 62
59 66
59 67
59 68
59 69
59 73
59 77
59 78
59 79
59 80
59 81
59 82
59 85
59 89
59 90
59 91
59 93
59 95
59 96
59 103
59 106
59 107
59 112
59 113
59 114
59 115
59 116
59 118
59 119
59 120
59 122
59 124
59 131
59 132
59 133
59 134
59 138
59 142
59 144
59 146
59 147
59 148
59 149
59 151
59 155
59 156
59 159
59 160
59 161
59 167
59 171
59 172
59 173
59 174
59 176
59 177
59 178
59 183
59 192
59 193
59 194
59 195
59 196
59 197
60 63
60 64
60 65
60 66
60 68
60 70
60 71
60 72
60 73
60 75
60 76
60 77
60 78
60 81
60 82
60 88
60 89
60 90
60 92
60 93
60 96
60 99
60 100
60 101
60 102
60 115
60 116
60 118
60 119
60 121
60 123
60 129
60 130
60 133
60 134
60 137
60 138
60 139
60 140
60 144
60 147
60 153
60 155
60 157
60 158
60 161
60 163
60 165
60 173
60 175
60 176
60 177
60 178
60 179
60 185
60 188
60 189
60 190
60 193
60 195
60 196
60 197
60 198
60 199
61 62
61 66
61 68
61 72
61 76
61 78
61 79
61 80
61 81
61 82
61 83
61 88
61 89
61 92
61 94
61 99
61 100
61 101
61 102
61 106
61 108
61 109
61 110
61 111
61 113
61 115
61 121
61 122
61 123
61 129
61 134
61 135
61 136
61 139
61 141
61 142
61 143
61 145
61 146
61 147
61 149
61 152
61 155
61 157
61 158
61 160
61 164
61 165
61 166
61 167
61 169
61 171
61 172
61 173
61 174
61 177
61 178
61 179
61 181
61 182
61 183
61 184
61 186
61 187
61 190
61 191
61 196
61 197
62 63
62 69
62 73
62 74
62 76
62 79
62 80
62 81
62 88
62 91
62 92
62 93
62 95
62 96
62 99
62 100
62 102
62 104
62 105
62 112
62 113
62 114
62 115
62 116
62 118
62 119
62 121
62 122
62 123
62 124
62 125
62 126
62 127
62 133
62 136
62 137
62 138
62 140
62 144
62 146
62 149
62 151
62 153
62 158
62 159
62 160
62 161
62 164
62 165
62 167
62 168
62 170
62 171
62 173
62 174
62 175
62 178
62 179
62 180
62 181
62 186
62 187
62 189
62 192
62 194
62 195
62 196
62 198
63 64
63 67
63 68
63 70
63 71
63 72
63 73
63 74
63 78
63 79
63 81
63 84
63 85
63 88
63 89
63 90
63 93
63 95
63 96
63 97
63 101
63 106
63 107
63 110
63 113
63 116
63 118
63 121
63 122
63 123
63 124
63 125
63 127
63 129
63 130
63 131
63 132
63 138
63 139
63 140
63 143
63 144
63 145
63 148
63 149
63 150
63 154
63 156
63 159
63 160
63 161
63 162
63 168
63 170
63 175
63 178
63 179
63 183
63 184
63 185
63 188
63 192
63 197
64 67
64 70
64 72
64 74
64 75
64 77
64 78
64 81
64 82
64 84
64 87
64 88
64 89
64 92
64 93
64 94
64 96
64 97
64 98
64 99
64 100
64 101
64 104
64 105
64 106
64 107
64 109
64 110
64 111
64 113
64 117
64 118
64 127
64 128
64 130
64 131
64 134
64 135
64 137
64 141
64 143
64 145
64 146
64 152
64 155
64 156
64 158
64 160
64 161
64 162
64 163
64 165
64 166
64 170
64 171
64 172
64 173
64 175
64 176
64 177
64 179
64 181
64 184
64 188
64 196
64 197
64 198
64 199
65 69
65 72
65 73
65 74
65 76
65 80
65 83
65 86
65 90
65 91
65 92
65 96
65 97
65 98
65 99
65 100
65 101
65 102
65 104
65 108
65 110
65 117
65 118
65 120
65 122
65 126
65 128
65 129
65 130
65 133
65 135
65 148
65 149
65 150
65 151
65 152
65 153
65 156
65 158
65 159
65 160
65 161
65 162
65 163
65 168
65 169
65 172
65 177
65 180
65 181
65 183
65 184
65 185
65 187
65 188
65 194
65 195
65 197
65 198
66 69
66 70
66 71
66 73
66 74
66 76
66 78
66 79
66 80
66 81
66 82
66 83
66 84
66 85
66 88
66 92
66 95
66 96
66 98
66 102
66 103
66 104
66 105
66 106
66 108
66 109
66 110
66 111
66 113
66 114
66 115
66 117
66 120
66 124
66 125
66 129
66 130
66 131
66 132
66 133
66 135
66 136
66 137
66 139
66 140
66 143
66 146
66 148
66 150
66 151
66 153
66 154
66 156
66 159
66 160
66 161
66 163
66 166
66 170
66 172
66 173
66 174
66 175
66 176
66 177
66 179
66 180
66 182
66 184
66 185
66 187
66 188
66 189
66 190
66 193
66 194
66 195
66 197
66 198
66 199
67 68
67 72
67 73
67 74
67 77
67 78
67 80
67 82
67 83
67 86
67 87
67 88
67 89
67 92
67 93
67 98
67 100
67 101
67 102
67 105
67 106
67 108
67 109
67 110
67 111
67 114
67 115
67 116
67 117
67 119
67 121
67 123
67 125
67 126
67 131
67 132
67 133
67 136
67 137
67 138
67 140
67 144
67 145
67 146
67 148
67 151
67 154
67 156
67 158
67 161
67 162
67 164
67 166
67 168
67 170
67 173
67 174
67 175
67 176
67 177
67 178
67 180
67 181
67 184
67 188
67 189
67 190
67 191
67 192
67 199
68 69
68 70
68 71
68 72
68 73
68 74
68 76
68 77
68 80
68 82
68 83
68 87
68 90
68 92
68 94
68 95
68 96
68 98
68 99
68 100
68 101
68 105
68 106
68 108
68 113
68 114
68 115
68 116
68 117
68 121
68 124
68 126
68 127
68 129
68 131
68 133
68 141
68 144
68 146
68 147
68 149
68 152
68 154
68 156
68 161
68 165
68 166
68 170
68 172
68 174
68 175
68 178
68 180
68 182
68 191
68 192
68 193
68 194
68 195
68 196
68 197
69 71
69 72
69 75
69 80
69 85
69 87
69 88
69 91
69 93
69 95
69 97
69 98
69 100
69 101
69 105
69 107
69 108
69 109
69 111
69 112
69 113
69 114
69 116
69 117
69 120
69 123
69 124
69 127
69 129
69 131
69 133
69 134
69 135
69 136
69 137
69 138
69 145
69 148
69 149
69 150
69 154
69 155
69 156
69 160
69 163
69 164
69 165
69 166
69 168
69 169
69 170
69 172
69 174
69 175
69 176
69 177
69 178
69 179
69 182
69 183
69 185
69 186
69 188
69 195
70 72
70 73
70 74
70 81
70 83
70 85
70 86
70 92
70 93
70 94
70 95
70 96
70 97
70 99
70 101
70 103
70 104
70 109
70 110
70 112
70 117
70 120
70 121
70 122
70 123
70 126
70 133
70 136
70 137
70 142
70 145
70 147
70 150
70 151
70 152
70 154
70 155
70 157
70 158
70 159
70 160
70 161
70 163
70 165
70 166
70 168
70 172
70 174
70 176
70 177
70 179
70 180
70 181
70 182
70 185
70 186
70 187
70 188
70 191
70 194
70 196
70 197
70 199
71 72
71 75
71 76
71 78
71 80
71 83
71 92
71 93
71 94
71 95
71 96
71 97
71 98
71 100
71 103
71 104
71 106
71 107
71 109
71 111
71 112
71 114
71 115
71 117
71 121
71 123
71 124
71 129
71 131
71 133
71 135
71 136
71 137
71 140
71 142
71 144
71 145
71 146
71 147
71 149
71 152
71 153
71 154
71 155
71 159
71 162
71 163
71 165
71 169
71 170
71 172
71 176
71 184
71 186
71 187
71 189
71 196
71 197
72 75
72 79
72 80
72 81
72 82
72 85
72 87
72 88
72 94
72 95
72 101
72 108
72 111
72 112
72 113
72 116
72 117
72 118
72 119
72 120
72 122
72 125
72 129
72 130
72 136
72 137
72 139
72 140
72 143
72 148
72 149
72 151
72 155
72 156
72 158
72 161
72 162
72 163
72 165
72 166
72 168
72 172
72 174
72 175
72 176
72 177
72 178
72 179
72 180
72 185
72 186
72 187
72 190
72 193
72 194
72 197
73 74
73 78
73 81
73 84
73 87
73 88
73 89
73 91
73 92
73 97
73 98
73 101
73 109
73 115
73 116
73 117
73 118
73 119
73 122
73 123
73 124
73 125
73 132
73 134
73 135
73 137
73 139
73 140
73 141
73 143
73 145
73 148
73 149
73 150
73 151
73 153
73 155
73 159
73 160
73 161
73 162
73 167
73 168
73 170
73 173
73 175
73 177
73 178
73 179
73 180
73 181
73 186
73 188
73 190
73 191
73 192
73 196
73 198
73 199
74 79
74 81
74 83
74 85
74 86
74 87
74 89
74 97
74 98
74 100
74 103
74 105
74 108
74 112
74 114
74 117
74 119
74 124
74 125
74 127
74 128
74 130
74 131
74 132
74 135
74 136
74 137
74 143
74 144
74 145
74 146
74 148
74 149
74 152
74 154
74 155
74 156
74 158
74 159
74 160
74 163
74 164
74 165
74 167
74 169
74 171
74 173
74 174
74 176
74 177
74 179
74 180
74 181
74 183
74 185
74 187
74 188
74 189
74 190
74 195
74 197
74 198
75 77
75 79
75 80
75 82
75 83
75 85
75 87
75 88
75 97
75 99
75 101
75 103
75 104
75 109
75 110
75 114
75 116
75 118
75 120
75 122
75 125
75 128
75 129
75 130
75 133
75 134
75 135
75 136
75 138
75 140
75 143
75 146
75 148
75 151
75 152
75 153
75 157
75 158
75 159
75 166
75 167
75 168
75 172
75 174
75 175
75 176
75 179
75 181
75 182
75 183
75 193
75 195
75 198
76 79
76 80
76 81
76 85
76 88
76 89
76 95
76 96
76 98
76 99
76 101
76 105
76 106
76 107
76 113
76 118
76 119
76 121
76 123
76 124
76 125
76 126
76 128
76 130
76 134
76 136
76 137
76 138
76 139
76 145
76 146
76 147
76 148
76 150
76 151
76 153
76 154
76 160
76 161
76 167
76 168
76 171
76 172
76 175
76 179
76 185
76 189
76 191
76 192
76 193
76 194
76 195
76 196
76 198
76 199
77 79
77 83
77 86
77 90
77 91
77 92
77 93
77 95
77 97
77 98
77 99
77 100
77 102
77 103
77 105
77 107
77 108
77 110
77 111
77 112
77 114
77 115
77 116
77 118
77 119
77 121
77 124
77 126
77 128
77 129
77 131
77 134
77 135
77 137
77 138
77 139
77 142
77 143
77 144
77 148
77 149
77 151
77 153
77 154
77 156
77 158
77 159
77 160
77 161
77 167
77 168
77 170
77 171
77 172
77 177
77 179
77 180
77 184
77 185
77 186
77 187
77 188
77 190
77 192
77 193
77 194
77 196
77 197
77 198
77 199
78 80
78 81
78 83
78 84
78 86
78 87
78 90
78 91
78 92
78 94
78 96
78 98
78 99
78 101
78 103
78 105
78 107
78 109
78 111
78 114
78 115
78 119
78 122
78 124
78 125
78 127
78 128
78 134
78 135
78 137
78 138
78 140
78 149
78 150
78 153
78 154
78 156
78 157
78 160
78 161
78 163
78 170
78 172
78 175
78 176
78 177
78 184
78 187
78 188
78 189
78 190
78 194
78 196
78 198
79 81
79 82
79 83
79 84
79 86
79 88
79 90
79 92
79 94
79 96
79 97
79 98
79 101
79 102
79 105
79 107
79 108
79 110
79 111
79 112
79 113
79 114
79 115
79 117
79 118
79 119
79 120
79 121
79 122
79 123
79 125
79 129
79 130
79 131
79 132
79 141
79 142
79 144
79 145
79 146
79 147
79 150
79 152
79 153
79 154
79 157
79 163
79 165
79 170
79 171
79 174
79 175
79 176
79 178
79 179
79 181
79 184
79 185
79 189
79 190
79 191
79 192
79 193
79 195
79 196
79 197
79 198
79 199
80 81
80 83
80 88
80 89
80 91
80 93
80 94
80 97
80 98
80 100
80 103
80 104
80 106
80 107
80 108
80 109
80 111
80 112
80 113
80 114
80 116
80 117
80 118
80 119
80 120
80 121
80 123
80 124
80 125
80 133
80 134
80 140
80 141
80 145
80 146
80 148
80 151
80 156
80 157
80 160
80 161
80 162
80 165
80 166
80 170
80 171
80 176
80 177
80 179
80 181
80 183
80 185
80 193
80 194
80 196
80 198
81 82
81 83
81 87
81 88
81 91
81 93
81 94
81 95
81 100
81 101
81 102
81 103
81 105
81 106
81 107
81 108
81 111
81 114
81 115
81 116
81 118
81 121
81 123
81 126
81 127
81 128
81 131
81 133
81 134
81 138
81 139
81 143
81 145
81 146
81 148
81 152
81 156
81 159
81 160
81 162
81 163
81 165
81 166
81 169
81 171
81 172
81 173
81 176
81 177
81 181
81 182
81 183
81 184
81 185
81 187
81 188
81 189
81 190
81 193
81 195
81 196
81 197
81 199
82 83
82 84
82 85
82 89
82 90
82 91
82 98
82 105
82 108
82 110
82 111
82 112
82 113
82 116
82 117
82 118
82 121
82 123
82 124
82 125
82 126
82 127
82 129
82 132
82 137
82 141
82 142
82 143
82 145
82 148
82 150
82 151
82 154
82 155
82 156
82 159
82 160
82 161
82 165
82 166
82 167
82 172
82 173
82 174
82 175
82 176
82 177
82 178
82 179
82 180
82 181
82 182
82 185
82 186
82 187
82 188
82 189
82 190
82 191
82 194
82 195
82 197
82 199
83 84
83 85
83 88
83 93
83 95
83 97
83 101
83 102
83 104
83 109
83 111
83 115
83 117
83 118
83 120
83 123
83 124
83 125
83 126
83 127
83 128
83 129
83 130
83 137
83 142
83 148
83 149
83 151
83 153
83 154
83 155
83 157
83 158
83 161
83 165
83 167
83 171
83 174
83 177
83 179
83 181
83 182
83 184
83 185
83 186
83 188
83 189
83 190
83 193
84 86
84 93
84 94
84 96
84 101
84 105
84 113
84 114
84 115
84 116
84 121
84 124
84 125
84 126
84 128
84 129
84 130
84 131
84 133
84 136
84 137
84 138
84 142
84 143
84 144
84 145
84 148
84 153
84 154
84 157
84 162
84 164
84 165
84 166
84 168
84 171
84 175
84 178
84 179
84 183
84 186
84 187
84 190
84 191
84 195
84 196
84 198
85 86
85 87
85 92
85 95
85 96
85 101
85 102
85 104
85 105
85 106
85 107
85 108
85 109
85 110
85 111
85 114
85 115
85 124
85 127
85 128
85 130
85 132
85 135
85 136
85 139
85 142
85 143
85 144
85 145
85 147
85 149
85 150
85 153
85 157
85 158
85 159
85 162
85 163
85 165
85 168
85 169
85 172
85 174
85 175
85 178
85 180
85 181
85 182
85 183
85 186
85 189
85 191
85 192
85 194
85 195
86 87
86 90
86 94
86 95
86 96
86 97
86 99
86 101
86 104
86 106
86 110
86 111
86 112
86 113
86 115
86 117
86 119
86 120
86 122
86 127
86 128
86 132
86 134
86 136
86 137
86 140
86 143
86 144
86 145
86 146
86 147
86 148
86 151
86 155
86 157
86 159
86 161
86 162
86 163
86 167
86 168
86 169
86 170
86 171
86 173
86 174
86 175
86 179
86 180
86 181
86 183
86 184
86 185
86 186
86 187
86 189
86 190
86 192
86 193
86 196
86 197
87 88
87 91
87 93
87 95
87 96
87 97
87 98
87 103
87 105
87 106
87 109
87 110
87 111
87 116
87 118
87 119
87 122
87 124
87 125
87 126
87 127
87 139
87 140
87 141
87 143
87 144
87 146
87 148
87 149
87 150
87 154
87 156
87 157
87 158
87 159
87 161
87 162
87 165
87 167
87 168
87 169
87 172
87 174
87 176
87 177
87 178
87 181
87 185
87 190
87 193
87 197
87 198
87 199
88 89
88 92
88 95
88 97
88 98
88 100
88 101
88 102
88 108
88 111
88 112
88 113
88 115
88 116
88 117
88 120
88 121
88 123
88 124
88 125
88 126
88 127
88 128
88 132
88 134
88 135
88 137
88 138
88 142
88 144
88 146
88 147
88 148
88 149
88 154
88 155
88 156
88 157
88 158
88 159
88 162
88 164
88 166
88 168
88 175
88 177
88 183
88 184
88 185
88 190
88 191
88 192
89 92
89 94
89 96
89 98
89 99
89 100
89 101
89 102
89 103
89 107
89 109
89 110
89 111
89 112
89 113
89 114
89 115
89 118
89 122
89 124
89 125
89 129
89 130
89 131
89 138
89 141
89 142
89 146
89 150
89 153
89 154
89 156
89 158
89 159
89 160
89 162
89 164
89 165
89 168
89 169
89 170
89 172
89 174
89 177
89 179
89 180
89 182
89 185
89 186
89 187
89 188
89 190
89 191
89 194
89 195
89 197
89 198
90 94
90 95
90 97
90 98
90 99
90 103
90 104
90 105
90 109
90 110
90 111
90 112
90 114
90 116
90 118
90 120
90 124
90 126
90 132
90 136
90 137
90 142
90 144
90 146
90 150
90 158
90 161
90 164
90 165
90 166
90 168
90 169
90 170
90 171
90 172
90 173
90 175
90 179
90 180
90 181
90 183
90 185
90 186
90 187
90 188
90 189
90 191
90 192
90 193
90 194
90 195
90 197
91 93
91 94
91 97
91 99
91 101
91 102
91 103
91 104
91 105
91 109
91 111
91 112
91 113
91 116
91 117
91 118
91 120
91 121
91 122
91 123
91 125
91 127
91 132
91 136
91 137
91 139
91 141
91 144
91 145
91 148
91 149
91 150
91 151
91 152
91 153
91 157
91 158
91 161
91 164
91 165
91 169
91 172
91 173
91 174
91 175
91 177
91 178
91 179
91 180
91 181
91 182
91 183
91 184
91 186
91 187
91 191
91 192
91 194
91 195
91 197
91 198
91 199
92 93
92 99
92 102
92 105
92 106
92 107
92 108
92 109
92 110
92 113
92 114
92 121
92 123
92 124
92 126
92 127
92 128
92 129
92 130
92 141
92 142
92 144
92 145
92 147
92 148
92 149
92 150
92 151
92 152
92 153
92 154
92 162
92 163
92 164
92 165
92 168
92 170
92 178
92 179
92 183
92 184
92 185
92 186
92 191
92 194
92 195
92 196
92 198
92 199
93 94
93 95
93 98
93 100
93 101
93 104
93 105
93 106
93 108
93 109
93 111
93 112
93 115
93 116
93 117
93 118
93 120
93 121
93 123
93 124
93 125
93 126
93 127
93 128
93 138
93 141
93 142
93 146
93 150
93 151
93 152
93 153
93 154
93 155
93 156
93 160
93 161
93 167
93 168
93 169
93 173
93 174
93 175
93 177
93 179
93 180
93 182
93 183
93 184
93 185
93 187
93 190
93 191
93 199
94 96
94 98
94 99
94 100
94 103
94 109
94 110
94 113
94 115
94 116
94 117
94 120
94 121
94 124
94 125
94 126
94 128
94 129
94 130
94 131
94 132
94 136
94 138
94 141
94 143
94 145
94 147
94 148
94 149
94 154
94 157
94 158
94 159
94 160
94 161
94 165
94 166
94 170
94 171
94 172
94 174
94 177
94 178
94 180
94 182
94 183
94 184
94 185
94 190
94 191
94 192
94 195
94 196
94 197
94 199
95 96
95 97
95 99
95 101
95 102
95 104
95 106
95 107
95 108
95 109
95 110
95 111
95 112
95 113
95 115
95 116
95 118
95 119
95 120
95 121
95 122
95 124
95 127
95 129
95 131
95 132
95 133
95 137
95 140
95 144
95 146
95 149
95 152
95 153
95 155
95 156
95 157
95 159
95 161
95 163
95 167
95 168
95 171
95 173
95 177
95 178
95 179
95 181
95 182
95 184
95 186
95 189
95 191
95 192
95 193
95 194
95 196
95 198
96 97
96 100
96 101
96 102
96 104
96 105
96 110
96 111
96 112
96 113
96 114
96 115
96 116
96 117
96 129
96 130
96 131
96 132
96 133
96 134
96 136
96 137
96 138
96 141
96 143
96 145
96 147
96 148
96 151
96 153
96 154
96 157
96 158
96 160
96 163
96 164
96 165
96 166
96 167
96 171
96 172
96 174
96 175
96 177
96 181
96 183
96 184
96 185
96 189
96 191
96 193
96 194
96 195
96 197
96 199
97 98
97 101
97 102
97 103
97 106
97 109
97 110
97 111
97 112
97 113
97 118
97 119
97 120
97 123
97 125
97 131
97 138
97 140
97 141
97 142
97 144
97 145
97 146
97 148
97 151
97 155
97 159
97 160
97 161
97 162
97 164
97 165
97 166
97 168
97 169
97 173
97 177
97 179
97 180
97 183
97 185
97 186
97 187
97 188
97 191
97 192
97 193
97 194
97 195
98 100
98 101
98 102
98 104
98 107
98 109
98 111
98 112
98 115
98 116
98 117
98 118
98 119
98 122
98 124
98 125
98 126
98 130
98 131
98 132
98 133
98 135
98 136
98 137
98 139
98 140
98 141
98 142
98 144
98 148
98 150
98 151
98 154
98 155
98 158
98 159
98 161
98 162
98 163
98 164
98 166
98 168
98 170
98 172
98 173
98 175
98 179
98 182
98 183
98 184
98 185
98 186
98 187
98 188
98 189
98 190
98 192
98 193
98 194
98 195
98 197
98 198
98 199
99 101
99 103
99 104
99 105
99 106
99 108
99 112
99 114
99 118
99 120
99 122
99 123
99 124
99 126
99 127
99 128
99 133
99 134
99 135
99 137
99 139
99 140
99 142
99 143
99 144
99 145
99 148
99 153
99 154
99 155
99 160
99 161
99 163
99 164
99 165
99 167
99 170
99 171
99 172
99 173
99 174
99 175
99 176
99 179
99 180
99 181
99 182
99 184
99 186
99 187
99 190
99 192
99 194
99 195
99 197
99 199
100 102
100 103
100 104
100 106
100 115
100 116
100 117
100 121
100 127
100 128
100 129
100 131
100 135
100 137
100 140
100 141
100 143
100 147
100 148
100 151
100 152
100 153
100 154
100 155
100 157
100 159
100 160
100 161
100 162
100 164
100 165
100 167
100 168
100 170
100 172
100 174
100 175
100 176
100 177
100 183
100 185
100 186
100 191
100 193
100 194
100 195
100 196
101 102
101 106
101 109
101 111
101 115
101 116
101 119
101 120
101 123
101 124
101 125
101 126
101 127
101 128
101 129
101 130
101 133
101 134
101 136
101 139
101 140
101 141
101 142
101 144
101 145
101 146
101 149
101 151
101 153
101 154
101 155
101 156
101 157
101 158
101 163
101 165
101 166
101 168
101 169
101 170
101 172
101 174
101 176
101 177
101 178
101 179
101 186
101 187
101 189
101 190
101 191
101 192
101 193
101 194
101 195
101 198
101 199
102 103
102 104
102 106
102 107
102 108
102 110
102 112
102 116
102 117
102 121
102 122
102 128
102 130
102 132
102 134
102 137
102 138
102 139
102 141
102 143
102 144
102 145
102 148
102 150
102 157
102 158
102 163
102 165
102 167
102 169
102 171
102 172
102 173
102 176
102 178
102 179
102 182
102 184
102 187
102 189
102 190
102 191
102 192
102 193
102 195
102 197
103 104
103 107
103 109
103 111
103 112
103 113
103 114
103 120
103 122
103 123
103 125
103 128
103 131
103 133
103 134
103 135
103 137
103 138
103 141
103 142
103 150
103 155
103 159
103 162
103 165
103 171
103 173
103 177
103 179
103 180
103 183
103 185
103 187
103 188
103 189
103 190
103 193
103 195
103 196
103 197
103 198
104 106
104 107
104 108
104 114
104 115
104 119
104 120
104 121
104 123
104 126
104 127
104 128
104 131
104 132
104 133
104 134
104 135
104 137
104 139
104 140
104 142
104 143
104 144
104 146
104 147
104 150
104 151
104 153
104 156
104 158
104 162
104 163
104 164
104 169
104 170
104 171
104 173
104 174
104 175
104 176
104 179
104 180
104 181
104 185
104 186
104 192
104 193
104 194
104 197
104 198
105 107
105 109
105 111
105 113
105 116
105 117
105 118
105 121
105 123
105 124
105 125
105 126
105 127
105 130
105 132
105 133
105 135
105 138
105 139
105 141
105 145
105 146
105 148
105 149
105 155
105 156
105 157
105 158
105 160
105 161
105 162
105 163
105 167
105 170
105 172
105 173
105 174
105 175
105 176
105 177
105 178
105 179
105 185
105 187
105 189
105 193
105 195
105 199
106 107
106 108
106 111
106 112
106 115
106 116
106 117
106 119
106 121
106 125
106 127
106 128
106 129
106 132
106 133
106 134
106 136
106 137
106 141
106 146
106 147
106 150
106 151
106 152
106 154
106 155
106 156
106 157
106 158
106 160
106 162
106 164
106 167
106 168
106 170
106 171
106 172
106 173
106 174
106 177
106 178
106 179
106 180
106 185
106 186
106 187
106 188
106 192
106 195
106 196
106 197
106 198
107 108
107 109
107 111
107 112
107 113
107 116
107 117
107 118
107 120
107 122
107 124
107 126
107 127
107 130
107 131
107 132
107 133
107 135
107 137
107 138
107 139
107 141
107 142
107 143
107 144
107 150
107 155
107 156
107 157
107 159
107 161
107 164
107 168
107 169
107 170
107 171
107 174
107 179
107 181
107 183
107 184
107 185
107 186
107 187
107 188
108 109
108 112
108 114
108 115
108 118
108 119
108 121
108 122
108 125
108 129
108 130
108 138
108 140
108 141
108 142
108 143
108 145
108 146
108 147
108 148
108 150
108 151
108 153
108 154
108 156
108 159
108 160
108 161
108 162
108 163
108 167
108 168
108 170
108 174
108 175
108 180
108 182
108 183
108 186
108 187
108 188
108 190
108 191
108 194
108 196
108 197
108 199
109 110
109 111
109 112
109 115
109 117
109 123
109 125
109 127
109 130
109 131
109 137
109 140
109 141
109 142
109 146
109 148
109 149
109 150
109 151
109 153
109 154
109 157
109 158
109 160
109 161
109 162
109 163
109 164
109 165
109 167
109 169
109 172
109 173
109 174
109 175
109 176
109 178
109 180
109 182
109 186
109 187
109 189
109 192
109 196
109 197
110 113
110 114
110 115
110 118
110 119
110 122
110 123
110 127
110 128
110 129
110 131
110 141
110 150
110 152
110 153
110 155
110 156
110 158
110 159
110 160
110 161
110 165
110 168
110 169
110 170
110 171
110 174
110 176
110 179
110 180
110 181
110 182
110 183
110 184
110 185
110 187
110 191
110 192
110 193
110 194
110 195
110 196
110 197
110 199
111 113
111 114
111 115
111 118
111 119
111 123
111 124
111 127
111 128
111 135
111 137
111 138
111 140
111 141
111 142
111 143
111 148
111 149
111 150
111 154
111 155
111 158
111 162
111 163
111 164
111 165
111 166
111 168
111 169
111 170
111 172
111 173
111 174
111 175
111 176
111 177
111 184
111 186
111 187
111 188
111 195
111 196
111 197
111 198
112 113
112 116
112 117
112 118
112 120
112 122
112 123
112 125
112 126
112 129
112 131
112 132
112 133
112 134
112 135
112 136
112 139
112 140
112 141
112 146
112 148
112 149
112 152
112 155
112 160
112 161
112 162
112 164
112 168
112 169
112 172
112 173
112 174
112 176
112 177
112 180
112 181
112 182
112 183
112 184
112 191
112 194
112 195
112 196
112 197
112 198
112 199
113 116
113 119
113 120
113 124
113 127
113 128
113 131
113 132
113 133
113 134
113 137
113 139
113 142
113 143
113 144
113 147
113 148
113 153
113 154
113 157
113 158
113 160
113 161
113 162
113 164
113 167
113 168
113 169
113 170
113 171
113 172
113 173
113 175
113 176
113 177
113 178
113 179
113 180
113 184
113 185
113 186
113 190
113 194
113 196
114 115
114 116
114 117
114 118
114 122
114 123
114 128
114 130
114 134
114 135
114 136
114 140
114 141
114 144
114 145
114 150
114 151
114 156
114 157
114 158
114 160
114 163
114 164
114 165
114 166
114 167
114 169
114 171
114 172
114 174
114 175
114 176
114 177
114 180
114 181
114 186
114 187
114 195
115 116
115 118
115 119
115 120
115 122
115 123
115 130
115 132
115 134
115 135
115 136
115 137
115 141
115 145
115 147
115 148
115 150
115 152
115 153
115 154
115 156
115 160
115 161
115 162
115 168
115 174
115 175
115 179
115 180
115 181
115 182
115 189
115 194
115 197
115 198
116 118
116 119
116 120
116 125
116 126
116 127
116 128
116 129
116 130
116 132
116 134
116 136
116 139
116 140
116 144
116 145
116 147
116 149
116 151
116 154
116 155
116 157
116 158
116 164
116 165
116 166
116 169
116 172
116 173
116 180
116 182
116 184
116 186
116 189
116 190
116 191
116 193
116 195
116 196
117 122
117 123
117 127
117 128
117 131
117 132
117 133
117 138
117 140
117 144
117 145
117 147
117 148
117 150
117 152
117 153
117 154
117 156
117 158
117 159
117 162
117 165
117 166
117 167
117 168
117 171
117 173
117 174
117 177
117 178
117 179
117 180
117 181
117 183
117 185
117 187
117 193
117 194
117 199
118 120
118 123
118 125
118 126
118 127
118 128
118 132
118 133
118 134
118 137
118 138
118 140
118 141
118 143
118 144
118 148
118 149
118 151
118 154
118 155
118 157
118 159
118 167
118 170
118 173
118 174
118 176
118 177
118 178
118 180
118 181
118 182
118 183
118 184
118 185
118 186
118 187
118 188
118 191
118 192
118 194
118 195
118 196
118 198
119 122
119 123
119 124
119 125
119 126
119 127
119 128
119 131
119 132
119 133
119 134
119 136
119 137
119 138
119 142
119 143
119 144
119 149
119 150
119 151
119 153
119 158
119 159
119 160
119 163
119 165
119 166
119 170
119 171
119 173
119 174
119 176
119 180
119 181
119 182
119 183
119 184
119 186
119 187
119 188
119 190
119 192
119 196
119 197
120 121
120 125
120 126
120 131
120 135
120 136
120 137
120 138
120 139
120 142
120 145
120 149
120 150
120 151
120 154
120 158
120 161
120 163
120 165
120 166
120 171
120 175
120 178
120 180
120 185
120 186
120 187
120 188
120 191
120 192
120 195
120 196
120 198
121 124
121 130
121 132
121 134
121 136
121 137
121 139
121 141
121 143
121 148
121 149
121 153
121 155
121 156
121 158
121 159
121 162
121 163
121 169
121 170
121 172
121 173
121 174
121 176
121 177
121 178
121 179
121 180
121 181
121 183
121 187
121 189
121 191
121 193
121 194
121 199
122 123
122 124
122 126
122 129
122 131
122 132
122 136
122 137
122 138
122 139
122 143
122 144
122 145
122 148
122 149
122 150
122 152
122 157
122 158
122 159
122 161
122 162
122 163
122 164
122 166
122 169
122 171
122 174
122 177
122 178
122 180
122 183
122 184
122 185
122 186
122 188
122 193
122 194
122 199
123 124
123 126
123 128
123 131
123 134
123 137
123 139
123 141
123 142
123 144
123 147
123 149
123 150
123 153
123 157
123 161
123 162
123 165
123 167
123 171
123 176
123 177
123 178
123 180
123 181
123 184
123 186
123 187
123 188
123 189
123 191
123 193
123 195
123 196
123 197
123 199
124 125
124 129
124 130
124 133
124 134
124 135
124 136
124 137
124 139
124 140
124 142
124 143
124 145
124 147
124 148
124 153
124 154
124 156
124 157
124 159
124 162
124 165
124 166
124 169
124 171
124 172
124 173
124 175
124 176
124 177
124 178
124 179
124 180
124 181
124 182
124 184
124 186
124 187
124 190
124 193
124 195
124 197
124 198
124 199
125 127
125 129
125 131
125 132
125 133
125 134
125 140
125 141
125 142
125 144
125 145
125 146
125 147
125 149
125 150
125 151
125 152
125 156
125 157
125 159
125 160
125 163
125 164
125 165
125 166
125 167
125 168
125 170
125 172
125 173
125 176
125 177
125 178
125 180
125 181
125 182
125 184
125 186
125 188
125 189
125 190
125 191
125 192
125 193
125 194
125 196
125 199
126 127
126 128
126 130
126 131
126 133
126 135
126 136
126 140
126 141
126 148
126 150
126 151
126 153
126 155
126 156
126 159
126 161
126 162
126 165
126 166
126 168
126 171
126 173
126 179
126 182
126 186
126 188
126 189
126 191
126 192
126 195
126 198
127 129
127 130
127 132
127 137
127 138
127 139
127 140
127 142
127 147
127 148
127 151
127 152
127 153
127 154
127 156
127 157
127 161
127 164
127 165
127 166
127 167
127 168
127 169
127 171
127 172
127 174
127 175
127 177
127 178
127 184
127 186
127 187
127 190
127 193
127 194
127 195
127 196
127 197
128 129
128 131
128 132
128 134
128 135
128 138
128 141
128 144
128 145
128 147
128 148
128 149
128 152
128 153
128 155
128 156
128 157
128 158
128 159
128 160
128 162
128 163
128 165
128 167
128 168
128 169
128 171
128 176
128 179
128 180
128 181
128 182
128 183
128 184
128 185
128 188
128 189
128 190
128 191
128 193
128 195
128 196
128 199
129 132
129 133
129 134
129 135
129 136
129 141
129 142
129 143
129 144
129 145
129 147
129 148
129 152
129 153
129 156
129 159
129 162
129 164
129 168
129 171
129 172
129 174
129 176
129 179
129 180
129 182
129 183
129 184
129 185
129 186
129 188
129 189
129 198
129 199
130 132
130 134
130 135
130 136
130 137
130 140
130 144
130 145
130 147
130 148
130 151
130 152
130 154
130 156
130 160
130 161
130 162
130 168
130 172
130 176
130 177
130 180
130 182
130 185
130 188
130 190
130 196
130 197
130 199
131 132
131 133
131 136
131 138
131 143
131 146
131 151
131 152
131 155
131 157
131 160
131 161
131 165
131 166
131 167
131 170
131 172
131 173
131 175
131 180
131 181
131 182
131 183
131 186
131 188
131 189
131 190
131 191
131 193
131 196
131 197
132 133
132 136
132 137
132 139
132 142
132 143
132 145
132 149
132 151
132 152
132 155
132 157
132 159
132 162
132 163
132 164
132 165
132 168
132 171
132 174
132 175
132 179
132 182
132 184
132 185
132 187
132 188
132 190
132 191
132 192
132 196
132 198
133 134
133 135
133 136
133 140
133 144
133 145
133 146
133 148
133 151
133 152
133 153
133 157
133 159
133 164
133 165
133 166
133 167
133 168
133 169
133 172
133 173
133 174
133 175
133 176
133 178
133 179
133 180
133 183
133 187
133 188
133 190
133 193
133 194
133 195
133 196
134 138
134 142
134 143
134 144
134 146
134 147
134 149
134 150
134 151
134 153
134 158
134 159
134 162
134 163
134 165
134 166
134 169
134 170
134 172
134 174
134 175
134 176
134 177
134 178
134 180
134 181
134 185
134 189
134 190
134 191
134 193
134 199
135 136
135 137
135 141
135 142
135 143
135 144
135 145
135 146
135 147
135 148
135 149
135 150
135 151
135 152
135 155
135 157
135 161
135 163
135 164
135 167
135 168
135 169
135 171
135 174
135 175
135 179
135 183
135 186
135 188
135 192
135 195
135 196
135 197
135 198
135 199
136 143
136 144
136 147
136 149
136 150
136 152
136 154
136 156
136 157
136 159
136 160
136 161
136 162
136 165
136 169
136 170
136 171
136 173
136 175
136 176
136 177
136 178
136 179
136 181
136 182
136 183
136 184
136 185
136 187
136 189
136 191
136 193
136 194
136 195
136 198
137 138
137 144
137 145
137 146
137 148
137 149
137 150
137 152
137 153
137 154
137 155
137 156
137 157
137 159
137 161
137 164
137 165
137 166
137 167
137 168
137 170
137 177
137 179
137 185
137 186
137 188
137 189
137 193
137 194
137 198
137 199
138 143
138 144
138 145
138 147
138 149
138 150
138 157
138 160
138 161
138 162
138 164
138 165
138 167
138 170
138 171
138 173
138 177
138 179
138 184
138 187
138 188
138 191
138 192
138 194
138 195
138 198
139 140
139 141
139 142
139 143
139 145
139 146
139 148
139 150
139 152
139 153
139 154
139 155
139 156
139 157
139 158
139 159
139 161
139 162
139 164
139 167
139 170
139 171
139 172
139 173
139 174
139 175
139 178
139 179
139 181
139 182
139 185
139 187
139 189
139 190
139 191
139 192
139 193
139 194
139 199
140 144
140 152
140 154
140 155
140 157
140 159
140 162
140 165
140 167
140 168
140 169
140 172
140 174
140 176
140 181
140 182
140 183
140 184
140 189
140 190
140 191
140 193
140 195
140 196
140 197
140 198
141 142
141 143
141 145
141 146
141 147
141 148
141 149
141 150
141 155
141 158
141 159
141 160
141 161
141 162
141 163
141 167
141 169
141 173
141 174
141 175
141 176
141 177
141 178
141 181
141 182
141 185
141 186
141 189
141 192
141 195
141 196
141 198
142 144
142 145
142 147
142 149
142 150
142 151
142 154
142 156
142 160
142 162
142 163
142 164
142 165
142 166
142 172
142 176
142 177
142 178
142 181
142 183
142 184
142 185
142 188
142 190
142 192
142 193
142 194
142 198
143 145
143 146
143 148
143 150
143 151
143 153
143 154
143 155
143 156
143 160
143 161
143 163
143 164
143 166
143 168
143 169
143 171
143 172
143 173
143 174
143 179
143 183
143 186
143 187
143 193
143 195
143 196
143 198
143 199
144 151
144 152
144 154
144 157
144 158
144 159
144 160
144 161
144 162
144 168
144 169
144 170
144 172
144 173
144 174
144 176
144 180
144 181
144 186
144 187
144 191
144 192
144 193
144 194
144 196
144 198
145 146
145 148
145 149
145 150
145 152
145 153
145 155
145 156
145 157
145 160
145 161
145 163
145 164
145 166
145 170
145 172
145 173
145 174
145 178
145 180
145 181
145 183
145 188
145 189
145 190
145 191
145 197
145 199
146 147
146 148
146 149
146 150
146 151
146 152
146 156
146 157
146 160
146 161
146 163
146 165
146 166
146 169
146 172
146 174
146 175
146 177
146 178
146 180
146 181
146 182
146 183
146 184
146 186
146 187
146 192
146 193
146 198
147 149
147 151
147 153
147 156
147 159
147 160
147 161
147 163
147 166
147 167
147 168
147 172
147 174
147 175
147 176
147 178
147 179
147 180
147 181
147 182
147 183
147 186
147 189
147 191
147 192
147 194
147 196
147 197
148 151
148 152
148 156
148 159
148 161
148 164
148 165
148 167
148 168
148 169
148 170
148 171
148 174
148 175
148 176
148 177
148 178
148 179
148 180
148 182
148 186
148 188
148 193
148 194
148 196
148 197
149 150
149 152
149 153
149 155
149 156
149 158
149 159
149 162
149 163
149 164
149 168
149 169
149 170
149 177
149 178
149 179
149 181
149 182
149 184
149 190
149 191
149 194
149 197
149 198
150 151
150 158
150 160
150 163
150 164
150 166
150 167
150 171
150 174
150 182
150 184
150 186
150 187
150 188
150 189
150 190
150 191
150 195
150 199
151 152
151 154
151 155
151 156
151 158
151 160
151 163
151 164
151 166
151 168
151 170
151 171
151 175
151 176
151 178
151 181
151 183
151 184
151 185
151 187
151 188
151 189
151 191
151 193
151 195
151 196
151 198
151 199
152 156
152 157
152 158
152 159
152 165
152 166
152 167
152 169
152 172
152 173
152 174
152 177
152 179
152 180
152 184
152 187
152 188
152 190
152 193
152 194
152 195
152 199
153 154
153 155
153 159
153 160
153 162
153 163
153 164
153 166
153 174
153 176
153 177
153 183
153 186
153 188
153 190
153 192
153 193
153 194
153 199
154 156
154 159
154 160
154 163
154 164
154 165
154 166
154 167
154 168
154 169
154 173
154 176
154 178
154 180
154 181
154 186
154 187
154 188
154 189
154 192
154 193
154 195
154 196
154 197
155 156
155 158
155 160
155 162
155 163
155 164
155 165
155 166
155 170
155 172
155 174
155 176
155 178
155 184
155 186
155 188
155 192
155 194
155 196
155 197
156 158
156 159
156 160
156 162
156 163
156 165
156 168
156 170
156 171
156 173
156 174
156 175
156 176
156 178
156 184
156 186
156 187
156 189
156 190
156 193
156 195
156 196
156 199
157 160
157 163
157 164
157 165
157 167
157 170
157 173
157 174
157 175
157 176
157 180
157 181
157 182
157 184
157 186
157 189
157 190
157 191
157 195
157 196
158 159
158 160
158 162
158 163
158 166
158 167
158 168
158 169
158 171
158 176
158 177
158 178
158 180
158 181
158 183
158 184
158 185
158 187
158 189
158 190
158 192
158 194
158 195
158 197
158 198
159 161
159 162
159 163
159 164
159 165
159 166
159 169
159 172
159 173
159 176
159 177
159 178
159 179
159 182
159 185
159 186
159 187
159 190
159 191
159 193
159 194
159 195
159 196
159 197
160 161
160 164
160 165
160 166
160 168
160 169
160 171
160 172
160 177
160 179
160 181
160 182
160 184
160 185
160 186
160 187
160 188
160 189
160 191
160 192
160 194
160 197
161 164
161 165
161 167
161 169
161 172
161 173
161 175
161 176
161 177
161 178
161 180
161 183
161 185
161 187
161 194
161 196
161 197
161 199
162 163
162 164
162 168
162 169
162 171
162 173
162 175
162 176
162 177
162 179
162 180
162 181
162 184
162 187
162 189
162 190
162 194
162 195
162 197
163 165
163 167
163 168
163 171
163 173
163 175
163 176
163 177
163 180
163 184
163 193
163 194
163 196
163 197
163 198
164 166
164 168
164 169
164 170
164 171
164 178
164 184
164 185
164 186
164 187
164 189
164 190
164 191
164 194
164 195
164 196
164 197
164 198
165 166
165 171
165 172
165 173
165 174
165 178
165 179
165 181
165 186
165 188
165 189
165 191
165 192
165 193
165 194
165 195
165 197
165 198
166 167
166 168
166 169
166 170
166 171
166 174
166 176
166 177
166 179
166 183
166 184
166 187
166 188
166 190
166 191
166 192
166 193
166 195
166 197
166 198
167 168
167 169
167 180
167 182
167 185
167 186
167 188
167 189
167 192
167 193
167 194
167 195
167 196
167 198
167 199
168 169
168 173
168 175
168 178
168 180
168 181
168 182
168 183
168 185
168 188
168 191
168 192
168 193
168 194
168 195
168 196
168 199
169 170
169 172
169 177
169 181
169 184
169 185
169 186
169 187
169 190
169 191
169 192
169 197
169 199
170 171
170 172
170 173
170 176
170 177
170 178
170 182
170 184
170 185
170 186
170 189
170 190
170 191
170 192
170 194
170 196
170 197
171 174
171 177
171 178
171 180
171 181
171 186
171 187
171 189
171 190
171 191
171 192
171 193
171 195
171 197
171 198
171 199
172 174
172 179
172 181
172 182
172 188
172 190
172 192
172 194
172 195
172 197
173 175
173 177
173 178
173 179
173 180
173 181
173 183
173 184
173 185
173 186
173 187
173 188
173 190
173 191
173 192
173 193
173 196
173 198
173 199
174 175
174 179
174 181
174 182
174 183
174 188
174 189
174 190
174 194
174 198
174 199
175 179
175 180
175 182
175 184
175 185
175 186
175 187
175 188
175 191
175 192
175 195
176 177
176 180
176 184
176 185
176 187
176 189
176 191
176 192
176 194
176 195
177 179
177 180
177 181
177 183
177 184
177 185
177 189
177 195
177 199
178 181
178 183
178 184
178 185
178 186
178 189
178 193
178 195
178 196
178 198
179 180
179 181
179 183
179 184
179 186
179 187
179 188
179 189
179 190
179 194
179 195
179 198
180 181
180 184
180 186
180 187
180 188
180 190
180 191
180 193
180 194
180 195
180 196
180 198
181 182
181 186
181 188
181 189
181 190
181 194
182 186
182 188
182 191
182 192
182 193
182 195
182 197
182 199
183 184
183 186
183 191
183 192
183 193
183 194
183 198
184 185
184 186
184 187
184 189
184 190
184 193
184 195
184 197
185 188
185 191
185 192
185 193
185 194
185 197
185 199
186 188
186 189
186 190
186 191
186 193
186 194
186 196
186 197
186 198
187 188
187 189
187 192
187 194
187 198
187 199
188 190
188 191
188 195
188 196
188 197
189 190
189 192
189 196
189 197
189 199
190 193
190 194
190 195
190 196
190 198
191 193
191 195
191 199
192 193
192 197
192 198
192 199
193 194
193 195
193 196
193 197
194 196
194 198
194 199
195 197
196 197
196 198
196 199
197 198
197 199
