0 1
0 3
0 14
0 17
0 18
0 21
0 32
0 34
0 36
0 38
0 58
0 62
0 63
0 65
0 72
0 74
0 80
0 81
0 96
0 98
0 104
0 111
0 112
1 2
1 7
1 9
1 11
1 22
1 27
1 31
1 32
1 35
1 37
1 43
1 45
1 46
1 48
1 56
1 63
1 66
1 67
1 75
1 76
1 84
1 88
1 92
1 95
1 96
1 99
1 101
1 103
1 104
1 106
1 107
1 115
1 121
1 123
1 124
2 9
2 10
2 15
2 24
2 28
2 29
2 30
2 33
2 46
2 54
2 61
2 65
2 66
2 69
2 71
2 72
2 78
2 92
2 94
2 97
2 100
2 103
2 104
2 110
2 117
2 119
2 120
2 121
3 18
3 25
3 29
3 32
3 34
3 39
3 41
3 42
3 44
3 45
3 50
3 51
3 52
3 57
3 62
3 75
3 76
3 80
3 82
3 87
3 88
3 89
3 95
3 110
3 115
3 120
4 5
4 6
4 10
4 14
4 15
4 18
4 21
4 36
4 71
4 83
4 84
4 89
4 96
4 99
4 107
4 109
4 110
4 112
4 120
5 7
5 8
5 9
5 42
5 50
5 55
5 71
5 76
5 88
5 93
5 98
5 108
5 109
5 110
5 116
5 120
6 9
6 16
6 19
6 34
6 45
6 46
6 51
6 58
6 62
6 67
6 74
6 79
6 87
6 91
6 99
6 102
6 108
6 115
6 117
6 121
7 8
7 10
7 24
7 30
7 44
7 49
7 53
7 64
7 74
7 75
7 77
7 78
7 80
7 82
7 94
7 96
7 104
7 108
7 111
7 114
7 118
7 123
8 13
8 15
8 17
8 18
8 32
8 38
8 42
8 52
8 57
8 61
8 74
8 82
8 88
8 104
8 106
8 109
8 114
9 21
9 29
9 31
9 42
9 44
9 47
9 53
9 64
9 72
9 74
9 78
9 80
9 85
9 86
9 99
9 102
9 116
9 117
9 118
10 13
10 14
10 30
10 33
10 34
10 35
10 47
10 49
10 54
10 58
10 59
10 63
10 64
10 66
10 68
10 72
10 78
10 80
10 82
10 83
10 85
10 92
10 104
10 105
10 108
10 111
10 115
10 121
11 16
11 29
11 30
11 31
11 44
11 48
11 58
11 59
11 61
11 68
11 70
11 74
11 79
11 87
11 96
11 101
11 111
11 113
11 123
12 13
12 18
12 22
12 25
12 28
12 34
12 35
12 38
12 42
12 49
12 63
12 66
12 67
12 69
12 80
12 81
12 83
12 87
12 90
12 105
12 120
13 14
13 19
13 24
13 29
13 31
13 35
13 42
13 43
13 44
13 52
13 53
13 57
13 65
13 66
13 70
13 72
13 77
13 78
13 82
13 83
13 91
13 92
13 96
13 98
13 100
13 107
13 112
13 114
13 118
13 122
14 22
14 25
14 32
14 36
14 44
14 45
14 51
14 55
14 58
14 59
14 60
14 63
14 64
14 69
14 79
14 87
14 103
14 107
14 114
14 118
14 119
15 19
15 21
15 22
15 32
15 36
15 38
15 39
15 41
15 51
15 55
15 62
15 71
15 75
15 81
15 82
15 86
15 93
15 107
15 109
16 17
16 25
16 29
16 31
16 38
16 39
16 43
16 45
16 54
16 68
16 74
16 75
16 83
16 91
16 101
16 104
16 107
16 114
17 19
17 26
17 31
17 34
17 36
17 37
17 39
17 43
17 51
17 59
17 74
17 77
17 80
17 81
17 82
17 85
17 88
17 92
17 108
17 118
17 121
17 124
18 22
18 23
18 26
18 29
18 32
18 33
18 46
18 48
18 52
18 61
18 64
18 68
18 72
18 77
18 82
18 83
18 94
18 101
18 103
18 105
18 109
18 122
19 26
19 35
19 43
19 47
19 54
19 57
19 67
19 68
19 70
19 74
19 75
19 78
19 82
19 86
19 89
19 95
19 96
19 98
19 99
19 100
19 111
19 115
19 117
19 118
20 21
20 25
20 31
20 32
20 41
20 46
20 48
20 49
20 52
20 54
20 55
20 62
20 74
20 80
20 83
20 90
20 93
20 104
20 105
20 117
20 120
20 123
21 23
21 26
21 30
21 33
21 38
21 41
21 50
21 52
21 54
21 60
21 61
21 62
21 67
21 70
21 72
21 80
21 84
21 89
21 96
21 97
21 104
21 106
21 108
21 116
22 25
22 31
22 34
22 35
22 37
22 42
22 47
22 49
22 57
22 58
22 59
22 69
22 71
22 72
22 81
22 83
22 86
22 94
22 95
22 98
22 102
22 106
22 109
22 110
22 113
22 121
22 123
23 35
23 43
23 47
23 49
23 56
23 62
23 69
23 74
23 80
23 82
23 90
23 91
23 99
23 113
24 29
24 33
24 34
24 41
24 45
24 50
24 51
24 56
24 68
24 70
24 71
24 83
24 88
24 95
24 96
24 104
24 106
24 110
24 115
24 118
24 119
24 121
25 26
25 28
25 30
25 34
25 39
25 40
25 45
25 46
25 48
25 57
25 58
25 61
25 73
25 78
25 79
25 87
25 90
25 93
25 102
25 103
25 123
25 124
26 27
26 28
26 32
26 36
26 39
26 40
26 41
26 48
26 49
26 56
26 57
26 61
26 62
26 82
26 86
26 90
26 94
26 96
26 99
26 100
26 104
26 109
26 110
26 112
26 113
26 114
26 119
27 29
27 33
27 47
27 57
27 64
27 100
27 104
27 117
27 122
28 29
28 33
28 35
28 42
28 45
28 46
28 51
28 53
28 59
28 64
28 68
28 75
28 78
28 82
28 93
28 94
28 96
28 98
28 99
28 100
28 120
28 122
29 37
29 45
29 55
29 57
29 59
29 62
29 63
29 74
29 78
29 84
29 89
29 97
29 103
29 122
29 124
30 31
30 46
30 51
30 55
30 56
30 62
30 64
30 66
30 68
30 72
30 76
30 79
30 86
30 93
30 94
30 104
30 109
30 110
30 118
30 123
31 35
31 36
31 40
31 42
31 43
31 45
31 56
31 63
31 64
31 71
31 73
31 75
31 77
31 79
31 80
31 81
31 83
31 84
31 87
31 89
31 97
31 99
31 101
31 103
31 104
31 106
31 108
31 119
31 120
31 122
32 33
32 36
32 43
32 49
32 58
32 61
32 64
32 67
32 70
32 71
32 79
32 83
32 86
32 97
32 115
32 123
33 58
33 59
33 61
33 64
33 65
33 68
33 73
33 85
33 86
33 94
33 107
33 108
33 109
33 110
33 115
33 116
33 120
33 121
34 35
34 36
34 48
34 54
34 57
34 59
34 61
34 64
34 68
34 71
34 77
34 80
34 84
34 93
34 96
34 102
34 105
34 106
34 109
34 111
34 117
35 43
35 46
35 48
35 49
35 52
35 58
35 62
35 66
35 81
35 95
35 96
35 97
35 104
35 114
35 115
35 124
36 43
36 47
36 52
36 53
36 55
36 61
36 64
36 65
36 70
36 73
36 78
36 80
36 81
36 87
36 89
36 97
36 99
36 102
36 103
36 110
36 112
37 47
37 53
37 65
37 66
37 67
37 68
37 69
37 72
37 75
37 83
37 84
37 88
37 89
37 98
37 99
37 100
37 103
37 104
37 106
37 108
37 117
37 118
37 119
37 121
38 40
38 41
38 43
38 48
38 60
38 61
38 76
38 81
38 92
38 95
38 104
38 108
38 114
39 42
39 43
39 44
39 54
39 56
39 57
39 63
39 65
39 80
39 85
39 87
39 94
39 96
39 98
39 100
39 102
39 104
39 108
39 116
39 119
39 121
40 42
40 47
40 50
40 63
40 69
40 70
40 76
40 79
40 85
40 86
40 93
40 95
40 99
40 100
40 105
40 112
40 117
40 118
40 120
41 42
41 52
41 53
41 54
41 56
41 61
41 64
41 70
41 71
41 81
41 88
41 92
41 95
41 97
41 104
41 112
41 116
42 49
42 51
42 55
42 56
42 63
42 64
42 68
42 71
42 72
42 81
42 82
42 84
42 91
42 95
42 97
42 101
42 108
42 110
43 44
43 49
43 55
43 67
43 73
43 82
43 84
43 86
43 90
43 97
43 99
43 103
43 108
43 109
43 110
43 111
43 112
43 114
43 119
44 46
44 47
44 52
44 62
44 63
44 64
44 70
44 71
44 73
44 78
44 86
44 87
44 92
44 93
44 96
44 103
44 104
44 114
44 120
45 46
45 47
45 51
45 53
45 56
45 57
45 62
45 70
45 73
45 80
45 81
45 83
45 87
45 88
45 89
45 94
45 99
45 103
45 107
45 111
45 113
45 114
45 117
45 118
45 124
46 47
46 50
46 52
46 53
46 57
46 68
46 69
46 71
46 82
46 91
46 97
46 103
46 106
46 110
46 112
46 117
46 120
47 49
47 52
47 53
47 59
47 62
47 66
47 72
47 73
47 76
47 77
47 79
47 81
47 83
47 88
47 91
47 100
47 108
47 110
47 118
48 50
48 51
48 56
48 57
48 58
48 60
48 61
48 69
48 71
48 82
48 90
48 102
48 103
48 107
48 109
48 113
48 114
48 117
48 120
48 123
49 62
49 69
49 74
49 78
49 81
49 83
49 87
49 91
49 95
49 115
49 122
50 55
50 60
50 65
50 69
50 75
50 76
50 79
50 100
50 102
50 103
50 106
50 110
50 112
50 114
50 115
50 117
51 53
51 61
51 66
51 69
51 70
51 74
51 75
51 76
51 78
51 83
51 94
51 98
51 102
51 109
51 117
52 57
52 61
52 65
52 77
52 84
52 91
52 92
52 93
52 100
52 109
52 111
52 121
52 123
52 124
53 54
53 57
53 63
53 64
53 65
53 67
53 70
53 74
53 79
53 83
53 88
53 91
53 93
53 94
53 100
53 102
53 106
53 108
53 109
53 111
53 116
53 118
54 57
54 58
54 60
54 62
54 63
54 65
54 68
54 72
54 73
54 75
54 82
54 83
54 86
54 87
54 90
54 96
54 98
54 103
54 104
54 108
54 109
54 112
54 121
54 124
55 59
55 67
55 73
55 79
55 88
55 91
55 103
55 106
55 109
55 110
55 113
55 117
55 124
56 59
56 62
56 73
56 79
56 85
56 89
56 91
56 92
56 96
56 110
56 117
56 118
56 124
57 64
57 67
57 70
57 78
57 85
57 86
57 95
57 99
57 103
57 111
57 114
57 115
57 117
57 118
57 124
58 66
58 73
58 81
58 82
58 94
58 98
58 109
58 117
59 71
59 74
59 80
59 91
59 93
59 94
59 103
59 107
59 124
60 61
60 66
60 86
60 88
60 89
60 111
60 120
60 123
61 62
61 73
61 75
61 76
61 83
61 84
61 88
61 89
61 91
61 93
61 99
61 109
61 115
61 116
61 117
61 118
62 63
62 73
62 80
62 83
62 87
62 93
62 95
62 96
62 101
62 105
62 114
63 69
63 76
63 89
63 96
63 99
63 102
63 119
64 65
64 98
64 106
64 115
64 117
64 123
64 124
65 66
65 68
65 81
65 82
65 89
65 91
65 95
65 103
65 107
65 113
65 114
66 70
66 71
66 75
66 78
66 82
66 89
66 95
66 106
66 107
66 108
66 120
67 71
67 73
67 83
67 84
67 91
67 93
67 98
67 99
67 102
67 107
67 111
67 116
67 123
68 71
68 73
68 82
68 88
68 95
68 96
68 97
68 106
68 108
68 117
68 123
69 72
69 73
69 74
69 78
69 85
69 93
69 110
69 113
69 116
69 118
69 121
69 124
70 76
70 86
70 93
70 96
70 97
70 103
70 106
70 111
70 117
71 78
71 79
71 82
71 83
71 97
71 98
71 102
71 103
71 108
71 109
71 110
71 111
71 114
71 117
71 124
72 73
72 94
72 96
72 103
72 108
72 114
72 115
72 120
72 121
72 122
73 75
73 87
73 110
73 116
73 118
74 82
74 85
74 87
74 91
74 101
74 105
74 116
74 119
75 77
75 88
75 95
75 104
75 105
76 80
76 83
76 88
76 91
76 99
76 102
76 106
76 107
76 110
76 111
76 122
76 123
76 124
77 88
77 99
77 109
77 115
78 84
78 89
78 94
78 102
78 104
78 112
78 117
78 122
79 87
79 88
79 91
79 100
79 108
79 109
79 110
79 118
79 122
80 81
80 82
80 94
80 98
80 105
80 107
80 110
80 113
80 115
81 82
81 88
81 97
81 98
81 109
81 118
82 83
82 91
82 93
82 97
82 98
82 99
82 104
82 122
82 124
83 85
83 89
83 95
83 100
83 101
83 104
83 110
83 118
83 124
84 88
84 93
84 96
84 103
84 116
84 117
84 119
84 120
85 90
85 91
85 93
85 95
85 98
85 101
85 112
85 122
85 123
86 88
86 92
86 96
86 99
86 101
86 111
86 112
86 114
86 115
87 88
87 89
87 92
87 93
87 107
87 116
87 118
88 98
88 100
88 103
88 104
88 119
88 120
88 121
88 122
89 95
89 97
89 98
89 101
89 111
89 117
89 121
89 124
90 98
90 105
90 109
90 115
90 116
90 118
90 120
90 122
90 124
91 97
91 107
91 114
91 119
92 100
92 108
92 112
92 114
93 95
93 108
93 113
93 114
93 118
94 101
94 107
94 108
94 109
94 111
94 114
94 120
95 96
95 101
95 105
95 108
95 116
96 97
96 101
96 112
96 114
97 101
97 114
97 116
97 120
97 123
98 100
98 104
98 108
98 111
98 114
99 102
99 114
100 104
100 107
100 108
100 110
100 113
100 114
100 118
100 120
100 124
101 103
101 106
101 110
101 111
102 103
102 111
102 121
103 116
103 120
104 109
104 116
104 117
104 120
104 122
104 124
105 108
105 111
105 118
105 124
106 107
107 109
107 111
107 117
107 123
108 114
108 123
108 124
109 113
110 111
110 116
110 118
110 121
111 113
112 122
113 116
113 119
113 122
113 124
114 116
114 117
114 121
114 122
116 122
117 119
118 122
118 124
