0 1
0 4
0 17
0 18
0 24
0 29
0 31
0 36
0 43
0 47
0 52
0 54
0 55
0 56
0 59
0 61
0 73
0 74
1 9
1 13
1 30
1 31
1 35
1 38
1 39
1 42
1 43
1 48
1 61
1 64
1 65
1 66
1 70
1 72
2 9
2 24
2 27
2 28
2 35
2 38
2 39
2 41
2 42
2 52
2 53
2 60
2 67
2 72
3 15
3 23
3 32
3 36
3 45
3 47
3 49
3 50
3 52
3 54
3 59
3 62
3 67
3 68
3 70
3 71
4 5
4 11
4 15
4 16
4 20
4 22
4 27
4 29
4 35
4 38
4 40
4 42
4 46
4 48
4 64
4 66
4 67
5 7
5 8
5 13
5 20
5 21
5 22
5 24
5 26
5 32
5 35
5 44
5 50
5 58
5 66
5 68
5 69
5 70
6 11
6 12
6 16
6 21
6 23
6 25
6 30
6 31
6 32
6 38
6 43
6 46
6 49
6 50
6 51
6 59
7 9
7 11
7 12
7 16
7 22
7 25
7 26
7 27
7 35
7 40
7 42
7 46
7 60
7 66
7 70
8 16
8 17
8 30
8 38
8 45
8 65
8 72
9 10
9 16
9 33
9 37
9 39
9 42
9 43
9 45
9 57
9 62
10 12
10 16
10 17
10 22
10 29
10 34
10 50
10 69
10 70
10 72
10 74
11 15
11 29
11 34
11 35
11 40
11 41
11 44
11 59
11 62
11 65
11 66
11 71
11 72
12 14
12 15
12 18
12 20
12 25
12 26
12 34
12 49
12 50
12 51
12 54
12 59
12 60
12 70
13 18
13 29
13 32
13 35
13 42
13 46
13 48
13 51
13 55
13 56
13 60
13 64
13 65
13 66
14 17
14 20
14 28
14 32
14 33
14 48
14 56
14 60
14 62
15 19
15 30
15 36
15 38
15 53
15 55
15 56
15 61
15 68
16 17
16 19
16 24
16 25
16 32
16 35
16 45
16 49
16 50
16 59
16 67
17 21
17 27
17 31
17 33
17 38
17 44
17 45
17 51
17 52
17 53
17 54
17 60
17 67
17 70
18 35
18 44
18 59
18 62
18 69
19 24
19 31
19 32
19 33
19 43
19 54
19 55
19 61
19 63
20 31
20 34
20 42
20 44
20 50
20 58
20 60
20 64
20 68
20 69
20 70
20 74
21 25
21 30
21 40
21 42
21 45
21 57
21 58
21 67
21 68
22 37
22 49
22 51
22 58
22 62
22 65
22 71
23 28
23 32
23 34
23 39
23 43
23 54
23 57
23 63
23 65
23 66
23 71
23 73
23 74
24 25
24 36
24 37
24 43
24 49
24 68
25 30
25 31
25 37
25 67
25 68
25 72
26 31
26 36
26 40
26 41
26 46
26 57
26 60
26 61
26 66
27 28
27 32
27 45
27 46
27 51
27 65
27 74
28 32
28 37
28 41
28 42
28 49
28 50
28 53
28 60
28 61
28 64
28 66
29 32
29 35
29 36
29 44
29 45
29 47
29 48
29 53
29 54
29 60
29 63
29 67
29 69
29 74
30 31
30 35
30 39
30 41
30 52
30 53
30 63
30 67
31 32
31 53
31 57
31 58
31 59
31 67
31 68
31 69
31 74
32 35
32 48
32 49
32 50
32 58
32 61
32 70
32 73
33 42
33 43
33 46
33 58
33 63
33 69
33 71
34 37
34 45
34 50
34 54
34 61
34 64
34 67
35 37
35 48
35 50
35 52
35 63
35 68
35 69
35 74
36 39
36 44
36 48
36 52
36 64
37 54
37 57
37 61
37 65
37 68
38 44
38 46
38 47
38 53
38 57
39 40
39 42
39 47
39 50
39 53
39 54
39 56
39 65
39 68
39 69
39 71
39 72
40 41
40 47
40 55
40 60
40 64
40 65
40 66
41 43
41 45
41 50
41 51
41 52
41 53
41 56
41 57
41 61
41 68
41 74
42 46
42 61
42 65
42 68
42 69
43 45
43 46
43 49
43 55
43 56
43 62
43 67
43 74
44 50
44 51
44 53
44 55
44 63
44 74
45 49
45 57
45 58
45 59
45 60
45 64
45 65
45 69
45 71
45 73
46 48
46 51
46 55
46 72
46 74
47 48
47 49
47 51
47 55
47 59
47 65
47 68
47 69
47 70
47 72
48 53
48 55
48 59
48 64
48 69
48 74
49 50
49 62
49 65
49 67
49 71
50 54
50 71
50 73
51 57
51 58
51 61
51 69
51 71
51 72
51 73
52 57
52 66
52 67
52 73
53 54
53 71
54 68
54 70
56 63
56 71
57 64
57 67
57 74
58 59
58 60
58 61
58 66
58 67
58 68
58 71
58 74
59 62
59 73
60 63
60 74
61 69
62 64
62 70
63 67
63 74
64 66
64 70
65 71
65 74
66 69
66 70
67 73
68 73
69 70
69 72
69 73
69 74
70 73
