0 1
0 2
0 4
0 7
0 8
0 9
0 12
0 13
0 20
0 22
0 23
0 27
0 29
0 30
0 31
0 32
0 33
0 38
0 39
0 40
0 41
0 42
0 43
0 44
0 46
0 49
0 51
0 53
0 54
0 55
0 56
0 60
0 61
0 65
0 68
0 69
0 70
0 71
0 74
0 75
0 76
0 81
0 88
0 90
0 91
0 92
0 93
0 100
0 102
0 103
0 104
0 105
0 108
0 109
0 111
0 112
0 113
0 114
0 118
0 121
0 122
0 123
0 126
0 127
0 128
0 129
0 130
0 131
0 132
0 133
0 134
0 136
0 138
0 140
0 141
0 145
0 146
0 148
0 149
0 151
0 153
0 154
0 155
0 157
0 158
0 163
0 164
0 165
0 166
0 169
0 170
0 172
0 174
0 175
0 178
0 179
0 182
0 185
0 187
0 189
0 190
0 192
0 193
0 194
0 195
0 196
0 197
0 201
0 204
0 205
0 206
0 207
0 208
0 209
0 210
0 211
0 213
0 215
0 221
0 222
1 3
1 6
1 7
1 9
1 10
1 17
1 19
1 23
1 24
1 27
1 29
1 30
1 32
1 33
1 35
1 36
1 39
1 41
1 44
1 45
1 47
1 49
1 51
1 52
1 53
1 57
1 58
1 59
1 62
1 64
1 65
1 66
1 67
1 68
1 71
1 75
1 77
1 78
1 79
1 82
1 85
1 86
1 88
1 89
1 92
1 93
1 94
1 95
1 101
1 102
1 103
1 106
1 107
1 109
1 111
1 112
1 113
1 115
1 116
1 117
1 118
1 119
1 120
1 124
1 125
1 126
1 127
1 128
1 129
1 130
1 131
1 132
1 133
1 136
1 137
1 138
1 141
1 142
1 147
1 149
1 151
1 152
1 153
1 154
1 156
1 158
1 161
1 163
1 165
1 169
1 175
1 180
1 182
1 183
1 184
1 186
1 189
1 191
1 208
1 214
1 215
1 216
1 220
1 221
1 223
2 3
2 5
2 7
2 9
2 10
2 11
2 13
2 14
2 15
2 16
2 19
2 20
2 21
2 24
2 25
2 27
2 29
2 30
2 31
2 34
2 37
2 40
2 41
2 44
2 47
2 48
2 49
2 51
2 52
2 56
2 58
2 59
2 60
2 65
2 71
2 74
2 76
2 77
2 78
2 83
2 84
2 85
2 88
2 89
2 93
2 99
2 100
2 102
2 103
2 108
2 110
2 111
2 112
2 114
2 115
2 117
2 122
2 123
2 125
2 133
2 134
2 135
2 136
2 138
2 139
2 141
2 143
2 144
2 145
2 147
2 148
2 151
2 152
2 156
2 157
2 158
2 162
2 166
2 167
2 169
2 172
2 173
2 174
2 175
2 176
2 177
2 180
2 189
2 191
2 194
2 197
2 201
2 202
2 206
2 207
2 208
2 212
2 214
2 217
2 219
2 222
2 223
3 4
3 5
3 7
3 10
3 11
3 12
3 13
3 17
3 20
3 21
3 22
3 24
3 25
3 27
3 28
3 31
3 32
3 34
3 36
3 37
3 39
3 44
3 45
3 46
3 48
3 49
3 50
3 51
3 52
3 53
3 58
3 60
3 64
3 66
3 67
3 69
3 72
3 73
3 74
3 76
3 77
3 79
3 80
3 81
3 85
3 86
3 87
3 88
3 93
3 95
3 99
3 100
3 101
3 103
3 105
3 107
3 108
3 109
3 110
3 112
3 118
3 121
3 122
3 123
3 125
3 127
3 130
3 131
3 137
3 138
3 139
3 141
3 142
3 143
3 148
3 149
3 150
3 152
3 154
3 155
3 156
3 157
3 158
3 159
3 162
3 164
3 165
3 167
3 168
3 169
3 170
3 174
3 175
3 176
3 178
3 180
3 181
3 183
3 184
3 185
3 187
3 191
3 194
3 198
3 199
3 202
3 203
3 205
3 208
3 209
3 210
3 211
3 212
3 214
3 217
3 219
3 220
3 221
3 222
3 224
4 7
4 8
4 11
4 13
4 15
4 16
4 17
4 18
4 19
4 20
4 24
4 26
4 28
4 30
4 38
4 39
4 41
4 42
4 48
4 49
4 50
4 55
4 56
4 58
4 60
4 61
4 62
4 64
4 73
4 74
4 75
4 76
4 77
4 78
4 82
4 88
4 89
4 90
4 91
4 92
4 95
4 96
4 98
4 100
4 101
4 102
4 103
4 105
4 108
4 110
4 112
4 114
4 115
4 117
4 118
4 123
4 124
4 127
4 128
4 129
4 131
4 132
4 133
4 134
4 136
4 137
4 139
4 140
4 141
4 147
4 153
4 155
4 157
4 160
4 161
4 162
4 163
4 166
4 167
4 168
4 169
4 173
4 174
4 176
4 177
4 178
4 181
4 184
4 186
4 188
4 189
4 193
4 198
4 201
4 202
4 204
4 205
4 206
4 207
4 208
4 213
4 215
4 216
4 217
4 218
4 222
4 223
5 7
5 8
5 11
5 12
5 14
5 17
5 18
5 20
5 21
5 24
5 27
5 29
5 32
5 33
5 34
5 36
5 37
5 42
5 46
5 48
5 49
5 50
5 51
5 53
5 55
5 57
5 58
5 64
5 66
5 67
5 68
5 69
5 71
5 72
5 73
5 74
5 75
5 80
5 82
5 84
5 85
5 86
5 91
5 94
5 95
5 98
5 101
5 102
5 104
5 105
5 106
5 109
5 114
5 116
5 117
5 118
5 119
5 120
5 121
5 123
5 124
5 126
5 127
5 128
5 131
5 134
5 135
5 136
5 144
5 147
5 149
5 150
5 153
5 154
5 156
5 158
5 160
5 163
5 164
5 165
5 166
5 167
5 168
5 173
5 174
5 177
5 178
5 185
5 186
5 187
5 193
5 197
5 201
5 203
5 206
5 208
5 209
5 211
5 214
5 215
5 216
5 217
5 219
5 220
5 223
6 10
6 12
6 13
6 14
6 15
6 22
6 23
6 24
6 26
6 27
6 28
6 30
6 31
6 32
6 33
6 34
6 35
6 37
6 39
6 40
6 41
6 42
6 43
6 44
6 46
6 49
6 51
6 52
6 54
6 55
6 57
6 61
6 65
6 66
6 71
6 72
6 75
6 76
6 78
6 79
6 80
6 85
6 86
6 88
6 89
6 90
6 91
6 92
6 98
6 99
6 100
6 101
6 102
6 103
6 104
6 108
6 111
6 113
6 118
6 121
6 123
6 124
6 125
6 126
6 127
6 134
6 136
6 138
6 139
6 140
6 145
6 146
6 148
6 149
6 150
6 153
6 154
6 157
6 163
6 166
6 167
6 169
6 171
6 172
6 176
6 180
6 181
6 183
6 186
6 187
6 188
6 189
6 191
6 192
6 193
6 197
6 198
6 199
6 200
6 201
6 202
6 204
6 205
6 206
6 207
6 208
6 212
6 213
6 214
6 216
6 217
7 11
7 12
7 19
7 20
7 21
7 24
7 25
7 26
7 27
7 29
7 30
7 31
7 34
7 35
7 42
7 43
7 44
7 46
7 48
7 49
7 50
7 51
7 52
7 54
7 55
7 57
7 60
7 61
7 62
7 63
7 68
7 74
7 77
7 80
7 82
7 84
7 89
7 94
7 96
7 98
7 100
7 101
7 102
7 103
7 107
7 110
7 113
7 114
7 115
7 117
7 118
7 119
7 121
7 122
7 124
7 127
7 128
7 130
7 131
7 133
7 134
7 135
7 136
7 139
7 140
7 141
7 142
7 143
7 145
7 147
7 148
7 149
7 150
7 152
7 155
7 157
7 158
7 159
7 160
7 162
7 164
7 166
7 167
7 169
7 170
7 171
7 174
7 175
7 177
7 179
7 181
7 182
7 184
7 186
7 188
7 189
7 190
7 192
7 194
7 195
7 197
7 198
7 199
7 200
7 201
7 202
7 206
7 209
7 210
7 212
7 216
7 219
7 222
7 223
8 13
8 14
8 18
8 21
8 23
8 24
8 26
8 27
8 30
8 31
8 34
8 35
8 36
8 37
8 43
8 44
8 47
8 48
8 51
8 54
8 55
8 56
8 57
8 63
8 65
8 67
8 71
8 72
8 73
8 76
8 77
8 78
8 79
8 80
8 82
8 86
8 88
8 91
8 92
8 93
8 99
8 100
8 101
8 102
8 103
8 104
8 105
8 106
8 107
8 108
8 110
8 111
8 117
8 118
8 119
8 121
8 122
8 126
8 128
8 129
8 131
8 133
8 135
8 137
8 138
8 139
8 142
8 145
8 148
8 149
8 151
8 153
8 154
8 155
8 157
8 158
8 159
8 162
8 164
8 165
8 166
8 167
8 168
8 169
8 170
8 172
8 174
8 175
8 178
8 181
8 182
8 183
8 184
8 185
8 187
8 188
8 189
8 190
8 191
8 193
8 194
8 196
8 197
8 198
8 200
8 204
8 205
8 206
8 207
8 213
8 216
8 217
8 218
8 219
8 220
8 222
8 223
8 224
9 10
9 12
9 13
9 18
9 19
9 20
9 23
9 25
9 26
9 28
9 29
9 31
9 33
9 35
9 36
9 37
9 41
9 42
9 43
9 44
9 51
9 53
9 54
9 57
9 58
9 61
9 62
9 63
9 68
9 69
9 70
9 73
9 74
9 80
9 81
9 87
9 89
9 90
9 93
9 99
9 100
9 102
9 103
9 104
9 105
9 108
9 111
9 112
9 114
9 116
9 117
9 118
9 122
9 123
9 125
9 126
9 128
9 129
9 130
9 131
9 132
9 134
9 136
9 137
9 138
9 139
9 140
9 143
9 147
9 148
9 149
9 153
9 154
9 156
9 158
9 166
9 169
9 170
9 172
9 174
9 176
9 177
9 179
9 181
9 182
9 183
9 186
9 187
9 190
9 191
9 192
9 193
9 195
9 196
9 197
9 198
9 199
9 204
9 206
9 207
9 208
9 210
9 211
9 212
9 215
9 216
9 224
10 11
10 14
10 15
10 20
10 26
10 27
10 29
10 35
10 36
10 37
10 39
10 41
10 42
10 45
10 47
10 48
10 49
10 52
10 54
10 57
10 59
10 61
10 63
10 65
10 66
10 67
10 69
10 71
10 81
10 82
10 83
10 84
10 85
10 87
10 90
10 91
10 92
10 95
10 98
10 100
10 104
10 105
10 106
10 108
10 109
10 110
10 111
10 112
10 113
10 114
10 115
10 116
10 118
10 123
10 125
10 126
10 128
10 135
10 137
10 141
10 144
10 145
10 146
10 149
10 152
10 158
10 162
10 163
10 164
10 165
10 166
10 170
10 172
10 173
10 175
10 177
10 178
10 179
10 183
10 184
10 186
10 191
10 194
10 196
10 197
10 200
10 201
10 203
10 204
10 205
10 206
10 207
10 210
10 211
10 212
10 213
10 215
10 217
10 218
10 219
10 220
10 221
11 16
11 17
11 19
11 22
11 23
11 25
11 27
11 28
11 30
11 32
11 34
11 35
11 37
11 38
11 41
11 43
11 44
11 45
11 46
11 48
11 51
11 52
11 58
11 63
11 65
11 66
11 67
11 68
11 69
11 70
11 71
11 72
11 73
11 76
11 84
11 87
11 91
11 92
11 93
11 94
11 99
11 103
11 104
11 105
11 109
11 119
11 120
11 121
11 124
11 125
11 129
11 137
11 138
11 139
11 144
11 145
11 146
11 148
11 150
11 152
11 153
11 155
11 157
11 158
11 160
11 163
11 165
11 166
11 167
11 170
11 172
11 173
11 176
11 177
11 179
11 180
11 181
11 182
11 187
11 188
11 190
11 191
11 193
11 194
11 196
11 198
11 199
11 200
11 201
11 206
11 209
11 211
11 212
11 213
11 214
11 217
11 218
11 221
11 222
11 224
12 13
12 15
12 16
12 17
12 18
12 20
12 21
12 22
12 33
12 35
12 37
12 38
12 41
12 43
12 44
12 46
12 49
12 50
12 51
12 52
12 54
12 56
12 57
12 58
12 59
12 60
12 62
12 63
12 65
12 66
12 67
12 69
12 70
12 72
12 73
12 75
12 76
12 78
12 79
12 81
12 82
12 87
12 88
12 89
12 90
12 98
12 99
12 101
12 104
12 107
12 111
12 114
12 115
12 116
12 117
12 119
12 120
12 129
12 133
12 136
12 137
12 139
12 141
12 144
12 145
12 148
12 149
12 150
12 153
12 155
12 156
12 161
12 163
12 165
12 167
12 168
12 172
12 181
12 183
12 184
12 186
12 189
12 190
12 191
12 193
12 195
12 196
12 197
12 198
12 202
12 204
12 205
12 211
12 212
12 214
12 216
12 217
12 218
12 221
12 222
12 224
13 15
13 16
13 17
13 18
13 19
13 20
13 24
13 25
13 26
13 27
13 28
13 30
13 32
13 33
13 34
13 35
13 37
13 42
13 43
13 45
13 46
13 49
13 50
13 51
13 53
13 54
13 56
13 58
13 60
13 62
13 64
13 68
13 69
13 71
13 74
13 76
13 77
13 78
13 79
13 81
13 82
13 84
13 87
13 88
13 89
13 91
13 92
13 93
13 95
13 105
13 106
13 108
13 113
13 114
13 116
13 121
13 123
13 124
13 125
13 128
13 132
13 135
13 139
13 140
13 141
13 147
13 149
13 150
13 153
13 154
13 157
13 159
13 162
13 163
13 167
13 169
13 170
13 171
13 172
13 173
13 177
13 178
13 179
13 180
13 181
13 183
13 185
13 186
13 187
13 193
13 194
13 198
13 199
13 203
13 204
13 205
13 208
13 209
13 212
13 213
13 214
13 217
13 218
13 219
13 222
13 224
14 15
14 21
14 23
14 24
14 28
14 30
14 32
14 33
14 36
14 37
14 38
14 41
14 43
14 44
14 45
14 47
14 49
14 50
14 51
14 52
14 55
14 57
14 58
14 60
14 69
14 72
14 73
14 76
14 77
14 81
14 83
14 84
14 85
14 87
14 88
14 89
14 91
14 93
14 95
14 96
14 99
14 100
14 101
14 102
14 103
14 105
14 106
14 108
14 110
14 112
14 114
14 119
14 120
14 121
14 124
14 125
14 126
14 128
14 130
14 133
14 134
14 135
14 137
14 138
14 142
14 145
14 146
14 147
14 148
14 149
14 154
14 155
14 158
14 159
14 161
14 162
14 165
14 166
14 167
14 168
14 169
14 172
14 174
14 176
14 177
14 178
14 179
14 180
14 182
14 187
14 189
14 190
14 193
14 194
14 197
14 203
14 205
14 209
14 210
14 213
14 214
14 216
14 219
14 221
14 222
15 16
15 22
15 23
15 24
15 25
15 27
15 35
15 39
15 40
15 41
15 42
15 43
15 48
15 49
15 51
15 57
15 58
15 61
15 62
15 63
15 64
15 65
15 66
15 70
15 71
15 73
15 74
15 77
15 78
15 79
15 80
15 84
15 85
15 86
15 87
15 88
15 89
15 90
15 92
15 93
15 95
15 101
15 102
15 104
15 106
15 107
15 108
15 113
15 115
15 116
15 117
15 118
15 120
15 121
15 122
15 125
15 126
15 130
15 131
15 133
15 135
15 136
15 137
15 138
15 140
15 143
15 145
15 150
15 151
15 153
15 154
15 156
15 157
15 158
15 162
15 164
15 165
15 168
15 169
15 171
15 173
15 175
15 176
15 178
15 179
15 180
15 183
15 184
15 187
15 189
15 190
15 192
15 193
15 194
15 195
15 196
15 199
15 200
15 201
15 202
15 203
15 204
15 206
15 209
15 211
15 214
15 217
15 221
15 222
15 224
16 17
16 20
16 22
16 23
16 27
16 31
16 34
16 35
16 39
16 40
16 43
16 45
16 47
16 52
16 55
16 57
16 60
16 61
16 62
16 66
16 68
16 70
16 71
16 77
16 78
16 79
16 80
16 83
16 84
16 86
16 90
16 92
16 93
16 94
16 98
16 100
16 103
16 106
16 109
16 111
16 112
16 114
16 117
16 118
16 120
16 121
16 122
16 124
16 125
16 127
16 129
16 130
16 132
16 134
16 142
16 143
16 146
16 147
16 148
16 149
16 151
16 154
16 155
16 161
16 163
16 164
16 165
16 167
16 171
16 174
16 175
16 177
16 178
16 180
16 182
16 183
16 185
16 191
16 192
16 198
16 199
16 200
16 203
16 204
16 205
16 207
16 208
16 209
16 211
16 212
16 215
16 218
16 223
16 224
17 19
17 21
17 24
17 25
17 30
17 32
17 33
17 34
17 35
17 37
17 38
17 39
17 41
17 42
17 43
17 46
17 48
17 51
17 52
17 53
17 54
17 55
17 57
17 59
17 61
17 63
17 64
17 71
17 72
17 73
17 74
17 76
17 78
17 79
17 81
17 82
17 83
17 84
17 85
17 86
17 89
17 90
17 94
17 95
17 96
17 98
17 100
17 102
17 103
17 106
17 108
17 109
17 110
17 112
17 113
17 115
17 117
17 120
17 125
17 126
17 127
17 130
17 131
17 132
17 134
17 135
17 136
17 137
17 139
17 140
17 141
17 142
17 147
17 150
17 151
17 152
17 156
17 159
17 163
17 164
17 165
17 166
17 170
17 171
17 172
17 173
17 176
17 178
17 180
17 181
17 182
17 183
17 184
17 185
17 186
17 189
17 192
17 193
17 196
17 197
17 199
17 202
17 203
17 211
17 212
17 213
17 215
17 217
17 219
17 220
17 222
17 223
18 20
18 21
18 28
18 29
18 31
18 32
18 33
18 34
18 36
18 37
18 40
18 42
18 43
18 46
18 47
18 48
18 50
18 52
18 54
18 55
18 58
18 59
18 63
18 64
18 65
18 66
18 67
18 68
18 69
18 70
18 75
18 77
18 78
18 79
18 80
18 81
18 82
18 84
18 90
18 93
18 94
18 96
18 97
18 98
18 104
18 105
18 106
18 107
18 108
18 112
18 113
18 117
18 118
18 125
18 126
18 134
18 136
18 137
18 139
18 141
18 142
18 143
18 146
18 147
18 149
18 152
18 154
18 155
18 158
18 159
18 160
18 162
18 163
18 166
18 167
18 172
18 177
18 178
18 181
18 183
18 189
18 190
18 192
18 194
18 200
18 202
18 206
18 212
18 213
18 214
18 215
18 218
18 220
18 221
18 223
18 224
19 21
19 24
19 28
19 32
19 38
19 39
19 40
19 43
19 46
19 47
19 49
19 52
19 53
19 54
19 55
19 57
19 59
19 60
19 61
19 62
19 63
19 65
19 67
19 68
19 72
19 75
19 77
19 78
19 79
19 81
19 82
19 83
19 85
19 88
19 90
19 91
19 92
19 93
19 95
19 98
19 99
19 100
19 105
19 109
19 110
19 111
19 112
19 114
19 116
19 117
19 119
19 121
19 122
19 123
19 124
19 125
19 126
19 133
19 134
19 136
19 138
19 139
19 141
19 142
19 143
19 144
19 145
19 146
19 148
19 149
19 150
19 151
19 153
19 155
19 157
19 158
19 159
19 160
19 161
19 162
19 166
19 169
19 171
19 173
19 174
19 175
19 176
19 177
19 178
19 179
19 181
19 183
19 185
19 186
19 188
19 189
19 191
19 193
19 206
19 207
19 212
19 217
19 219
19 222
20 22
20 23
20 24
20 25
20 26
20 28
20 30
20 31
20 35
20 39
20 40
20 43
20 46
20 48
20 49
20 50
20 51
20 55
20 56
20 57
20 59
20 60
20 62
20 63
20 64
20 65
20 66
20 70
20 78
20 80
20 82
20 83
20 84
20 85
20 88
20 90
20 91
20 92
20 95
20 98
20 100
20 101
20 103
20 104
20 108
20 111
20 113
20 114
20 119
20 120
20 121
20 123
20 124
20 125
20 127
20 130
20 133
20 134
20 136
20 138
20 141
20 142
20 146
20 148
20 149
20 154
20 155
20 156
20 159
20 161
20 162
20 163
20 166
20 169
20 171
20 174
20 176
20 180
20 182
20 188
20 191
20 192
20 194
20 195
20 196
20 202
20 204
20 207
20 209
20 211
20 212
20 213
20 215
20 216
20 217
20 218
20 219
20 222
21 23
21 26
21 27
21 28
21 30
21 32
21 33
21 34
21 35
21 38
21 39
21 40
21 41
21 42
21 43
21 44
21 45
21 49
21 53
21 55
21 56
21 57
21 58
21 59
21 62
21 63
21 66
21 67
21 70
21 71
21 78
21 80
21 81
21 83
21 84
21 85
21 86
21 88
21 89
21 90
21 91
21 92
21 93
21 95
21 96
21 98
21 101
21 102
21 105
21 108
21 109
21 110
21 113
21 116
21 117
21 118
21 119
21 121
21 125
21 127
21 130
21 131
21 134
21 136
21 140
21 141
21 142
21 144
21 147
21 148
21 149
21 150
21 152
21 154
21 158
21 159
21 160
21 161
21 163
21 164
21 165
21 166
21 167
21 168
21 171
21 172
21 173
21 174
21 177
21 181
21 184
21 186
21 188
21 189
21 194
21 195
21 196
21 198
21 199
21 200
21 202
21 207
21 208
21 210
21 216
21 218
21 219
21 221
21 223
21 224
22 23
22 24
22 25
22 26
22 28
22 32
22 33
22 35
22 36
22 39
22 40
22 41
22 43
22 44
22 45
22 46
22 48
22 49
22 51
22 54
22 57
22 60
22 61
22 62
22 63
22 64
22 66
22 67
22 70
22 73
22 77
22 79
22 80
22 81
22 84
22 85
22 90
22 91
22 92
22 94
22 95
22 96
22 100
22 101
22 104
22 106
22 107
22 109
22 110
22 111
22 112
22 113
22 115
22 116
22 117
22 125
22 128
22 129
22 131
22 132
22 137
22 138
22 139
22 140
22 141
22 142
22 144
22 149
22 151
22 153
22 154
22 155
22 159
22 160
22 161
22 164
22 166
22 167
22 169
22 170
22 171
22 173
22 175
22 176
22 177
22 178
22 179
22 181
22 182
22 183
22 184
22 186
22 187
22 189
22 190
22 191
22 192
22 196
22 198
22 200
22 202
22 203
22 204
22 205
22 207
22 208
22 209
22 212
22 215
22 216
22 217
22 218
22 219
22 220
22 221
22 222
22 224
23 24
23 25
23 26
23 27
23 29
23 30
23 32
23 34
23 36
23 38
23 40
23 41
23 42
23 43
23 45
23 46
23 49
23 51
23 56
23 57
23 61
23 65
23 67
23 69
23 73
23 74
23 77
23 78
23 80
23 81
23 83
23 86
23 88
23 89
23 91
23 93
23 94
23 95
23 98
23 99
23 103
23 105
23 108
23 109
23 110
23 112
23 113
23 115
23 117
23 121
23 126
23 127
23 128
23 132
23 133
23 134
23 136
23 140
23 142
23 143
23 144
23 145
23 151
23 152
23 155
23 156
23 157
23 158
23 159
23 162
23 163
23 166
23 167
23 168
23 169
23 171
23 175
23 177
23 178
23 182
23 186
23 188
23 189
23 190
23 191
23 192
23 196
23 197
23 199
23 200
23 203
23 204
23 206
23 207
23 212
23 214
23 215
23 221
23 222
24 25
24 26
24 32
24 41
24 42
24 44
24 46
24 48
24 49
24 50
24 51
24 52
24 53
24 54
24 57
24 60
24 62
24 63
24 64
24 66
24 67
24 68
24 70
24 71
24 76
24 77
24 78
24 79
24 80
24 81
24 88
24 89
24 90
24 93
24 94
24 95
24 97
24 99
24 100
24 106
24 108
24 113
24 114
24 115
24 116
24 118
24 119
24 121
24 122
24 128
24 131
24 132
24 133
24 134
24 135
24 136
24 139
24 140
24 142
24 143
24 144
24 145
24 147
24 149
24 152
24 154
24 155
24 156
24 159
24 160
24 162
24 165
24 166
24 167
24 168
24 171
24 172
24 176
24 178
24 181
24 182
24 183
24 185
24 186
24 187
24 189
24 190
24 191
24 193
24 198
24 200
24 203
24 208
24 211
24 212
24 215
24 216
24 217
24 218
24 221
24 223
24 224
25 27
25 31
25 32
25 36
25 37
25 38
25 42
25 46
25 48
25 54
25 55
25 56
25 58
25 59
25 60
25 61
25 62
25 63
25 67
25 69
25 71
25 74
25 75
25 79
25 81
25 83
25 85
25 86
25 92
25 94
25 97
25 99
25 101
25 102
25 103
25 105
25 106
25 110
25 112
25 113
25 115
25 116
25 119
25 120
25 121
25 124
25 126
25 128
25 131
25 132
25 134
25 135
25 136
25 138
25 142
25 143
25 147
25 148
25 150
25 153
25 156
25 157
25 158
25 159
25 160
25 161
25 162
25 164
25 168
25 170
25 171
25 172
25 175
25 176
25 177
25 178
25 179
25 180
25 182
25 192
25 194
25 195
25 197
25 198
25 199
25 201
25 202
25 203
25 204
25 205
25 208
25 209
25 216
25 220
25 221
25 222
25 224
26 28
26 30
26 32
26 38
26 39
26 42
26 44
26 45
26 48
26 52
26 53
26 54
26 55
26 56
26 58
26 61
26 63
26 64
26 65
26 70
26 71
26 75
26 77
26 79
26 81
26 84
26 87
26 88
26 89
26 90
26 92
26 93
26 96
26 97
26 99
26 100
26 101
26 104
26 105
26 106
26 107
26 110
26 114
26 115
26 117
26 120
26 121
26 122
26 124
26 125
26 128
26 129
26 130
26 132
26 134
26 135
26 138
26 139
26 141
26 144
26 146
26 149
26 150
26 151
26 152
26 161
26 163
26 168
26 170
26 172
26 173
26 174
26 176
26 177
26 178
26 183
26 185
26 187
26 188
26 189
26 190
26 191
26 194
26 195
26 196
26 198
26 199
26 200
26 201
26 203
26 204
26 205
26 208
26 209
26 211
26 213
26 214
26 215
26 219
26 221
26 224
27 29
27 31
27 36
27 37
27 38
27 39
27 40
27 41
27 43
27 45
27 47
27 48
27 51
27 53
27 54
27 56
27 57
27 59
27 64
27 67
27 68
27 71
27 73
27 75
27 79
27 80
27 81
27 90
27 91
27 94
27 95
27 96
27 97
27 102
27 106
27 107
27 108
27 110
27 113
27 115
27 116
27 117
27 118
27 119
27 122
27 125
27 129
27 131
27 132
27 133
27 134
27 139
27 140
27 143
27 144
27 147
27 148
27 150
27 153
27 154
27 155
27 157
27 159
27 160
27 161
27 162
27 165
27 167
27 168
27 169
27 171
27 174
27 176
27 178
27 183
27 185
27 186
27 187
27 196
27 199
27 200
27 201
27 203
27 204
27 208
27 212
27 214
27 215
27 216
27 222
27 223
27 224
28 29
28 32
28 37
28 38
28 40
28 42
28 43
28 44
28 46
28 47
28 48
28 49
28 52
28 55
28 56
28 62
28 67
28 68
28 72
28 74
28 75
28 77
28 78
28 80
28 81
28 82
28 84
28 86
28 87
28 89
28 94
28 95
28 100
28 104
28 107
28 108
28 110
28 111
28 112
28 114
28 116
28 118
28 123
28 124
28 127
28 135
28 137
28 139
28 141
28 144
28 146
28 148
28 150
28 151
28 152
28 153
28 154
28 156
28 157
28 159
28 161
28 162
28 163
28 164
28 171
28 173
28 174
28 177
28 180
28 182
28 184
28 187
28 188
28 190
28 191
28 192
28 195
28 196
28 197
28 198
28 199
28 200
28 203
28 204
28 206
28 210
28 211
28 214
28 215
28 216
28 219
28 221
28 222
28 223
28 224
29 30
29 31
29 35
29 38
29 40
29 41
29 42
29 49
29 51
29 54
29 56
29 58
29 61
29 64
29 67
29 68
29 70
29 71
29 73
29 74
29 78
29 79
29 81
29 82
29 83
29 84
29 85
29 87
29 89
29 91
29 92
29 93
29 96
29 97
29 98
29 99
29 100
29 101
29 102
29 103
29 106
29 107
29 108
29 110
29 115
29 116
29 119
29 122
29 123
29 125
29 126
29 127
29 129
29 130
29 131
29 133
29 134
29 135
29 136
29 137
29 140
29 142
29 143
29 145
29 146
29 148
29 150
29 151
29 152
29 153
29 159
29 160
29 161
29 164
29 165
29 170
29 172
29 173
29 174
29 175
29 180
29 183
29 184
29 186
29 187
29 188
29 190
29 191
29 193
29 194
29 195
29 201
29 202
29 203
29 209
29 210
29 212
29 213
29 214
29 215
29 216
29 218
29 224
30 34
30 35
30 36
30 41
30 42
30 43
30 44
30 45
30 46
30 47
30 50
30 51
30 55
30 56
30 57
30 59
30 61
30 64
30 66
30 69
30 70
30 72
30 73
30 74
30 75
30 76
30 80
30 82
30 85
30 86
30 93
30 94
30 96
30 98
30 100
30 102
30 103
30 104
30 106
30 107
30 110
30 111
30 112
30 113
30 114
30 116
30 117
30 118
30 119
30 120
30 121
30 122
30 123
30 125
30 126
30 127
30 130
30 134
30 135
30 136
30 137
30 140
30 141
30 144
30 145
30 147
30 148
30 150
30 153
30 156
30 158
30 161
30 162
30 163
30 166
30 167
30 168
30 170
30 171
30 172
30 173
30 176
30 177
30 178
30 182
30 183
30 185
30 187
30 188
30 190
30 191
30 192
30 194
30 196
30 197
30 199
30 200
30 201
30 205
30 206
30 209
30 210
30 214
30 215
30 216
30 217
30 221
30 222
30 223
31 33
31 35
31 36
31 37
31 40
31 42
31 46
31 54
31 56
31 57
31 59
31 60
31 61
31 63
31 64
31 65
31 66
31 70
31 71
31 72
31 73
31 74
31 75
31 77
31 78
31 79
31 87
31 89
31 91
31 92
31 93
31 95
31 97
31 107
31 110
31 111
31 114
31 116
31 118
31 120
31 122
31 125
31 131
31 132
31 133
31 134
31 136
31 137
31 138
31 141
31 142
31 143
31 144
31 147
31 148
31 150
31 151
31 152
31 153
31 155
31 160
31 161
31 168
31 169
31 170
31 172
31 177
31 181
31 182
31 183
31 184
31 185
31 186
31 187
31 191
31 192
31 193
31 196
31 200
31 202
31 207
31 209
31 211
31 212
31 213
31 214
31 215
31 216
31 220
31 224
32 33
32 34
32 35
32 38
32 41
32 45
32 47
32 48
32 50
32 51
32 52
32 54
32 58
32 59
32 60
32 61
32 65
32 66
32 67
32 69
32 70
32 72
32 73
32 75
32 77
32 78
32 80
32 81
32 84
32 85
32 91
32 92
32 95
32 97
32 102
32 103
32 106
32 108
32 110
32 111
32 112
32 113
32 115
32 117
32 118
32 119
32 121
32 122
32 123
32 125
32 126
32 128
32 129
32 131
32 132
32 135
32 136
32 137
32 138
32 140
32 142
32 147
32 150
32 151
32 153
32 158
32 159
32 162
32 163
32 168
32 169
32 172
32 173
32 175
32 177
32 178
32 180
32 181
32 183
32 184
32 187
32 188
32 190
32 193
32 196
32 197
32 198
32 200
32 201
32 202
32 204
32 206
32 207
32 208
32 209
32 210
32 212
32 213
32 214
32 215
32 216
32 218
32 219
32 221
32 224
33 34
33 38
33 39
33 40
33 44
33 46
33 47
33 48
33 52
33 53
33 58
33 62
33 64
33 65
33 67
33 69
33 71
33 73
33 74
33 76
33 77
33 80
33 83
33 84
33 85
33 86
33 87
33 91
33 92
33 93
33 98
33 99
33 100
33 103
33 106
33 114
33 115
33 116
33 119
33 120
33 121
33 122
33 125
33 128
33 134
33 140
33 141
33 145
33 147
33 148
33 149
33 150
33 151
33 156
33 157
33 158
33 160
33 164
33 175
33 178
33 179
33 180
33 182
33 183
33 184
33 185
33 186
33 187
33 189
33 192
33 196
33 197
33 201
33 202
33 203
33 204
33 206
33 208
33 209
33 210
33 211
33 214
33 219
33 220
33 221
33 222
34 37
34 39
34 40
34 42
34 43
34 45
34 46
34 48
34 50
34 51
34 53
34 55
34 56
34 57
34 58
34 60
34 61
34 63
34 65
34 66
34 67
34 68
34 70
34 73
34 75
34 76
34 77
34 79
34 81
34 86
34 87
34 92
34 96
34 98
34 100
34 103
34 104
34 109
34 112
34 113
34 116
34 117
34 118
34 119
34 122
34 124
34 125
34 127
34 128
34 129
34 130
34 132
34 133
34 134
34 135
34 137
34 138
34 140
34 142
34 143
34 145
34 146
34 148
34 149
34 150
34 152
34 153
34 156
34 160
34 161
34 162
34 164
34 165
34 167
34 168
34 170
34 177
34 178
34 181
34 182
34 184
34 189
34 192
34 196
34 197
34 200
34 202
34 205
34 209
34 210
34 211
34 216
34 217
34 220
34 221
34 222
34 224
35 36
35 37
35 38
35 39
35 40
35 43
35 45
35 46
35 47
35 48
35 50
35 53
35 57
35 60
35 62
35 64
35 68
35 70
35 71
35 72
35 73
35 78
35 79
35 80
35 83
35 90
35 91
35 92
35 93
35 95
35 96
35 97
35 99
35 102
35 103
35 104
35 106
35 109
35 113
35 114
35 118
35 119
35 121
35 123
35 124
35 125
35 126
35 129
35 130
35 132
35 133
35 134
35 135
35 136
35 137
35 138
35 139
35 140
35 143
35 144
35 145
35 149
35 150
35 153
35 155
35 157
35 159
35 160
35 161
35 162
35 163
35 165
35 166
35 167
35 171
35 172
35 175
35 177
35 178
35 179
35 181
35 183
35 184
35 187
35 189
35 194
35 195
35 199
35 202
35 207
35 213
35 217
35 220
35 222
36 39
36 40
36 41
36 43
36 45
36 47
36 54
36 56
36 61
36 64
36 65
36 66
36 67
36 68
36 70
36 71
36 73
36 74
36 75
36 76
36 77
36 83
36 85
36 86
36 87
36 89
36 90
36 91
36 92
36 95
36 96
36 97
36 98
36 101
36 104
36 105
36 106
36 108
36 109
36 110
36 117
36 118
36 119
36 120
36 121
36 124
36 126
36 127
36 129
36 130
36 133
36 134
36 136
36 137
36 138
36 141
36 143
36 144
36 145
36 147
36 148
36 150
36 154
36 156
36 157
36 158
36 159
36 162
36 163
36 165
36 166
36 167
36 172
36 173
36 174
36 175
36 176
36 179
36 182
36 183
36 184
36 188
36 190
36 191
36 192
36 194
36 195
36 198
36 199
36 201
36 202
36 204
36 205
36 207
36 211
36 212
36 216
36 217
36 218
36 219
36 220
36 222
37 39
37 40
37 42
37 45
37 47
37 48
37 50
37 52
37 54
37 55
37 56
37 58
37 59
37 60
37 61
37 63
37 64
37 66
37 67
37 68
37 69
37 70
37 71
37 73
37 74
37 77
37 82
37 85
37 87
37 88
37 92
37 93
37 94
37 97
37 104
37 105
37 106
37 107
37 108
37 111
37 112
37 113
37 115
37 117
37 119
37 120
37 121
37 122
37 124
37 126
37 127
37 129
37 132
37 134
37 135
37 136
37 137
37 138
37 139
37 140
37 141
37 143
37 144
37 145
37 146
37 147
37 148
37 151
37 154
37 156
37 157
37 159
37 160
37 161
37 162
37 163
37 164
37 165
37 166
37 169
37 171
37 172
37 173
37 176
37 177
37 178
37 181
37 183
37 185
37 186
37 188
37 190
37 192
37 193
37 199
37 200
37 201
37 204
37 206
37 208
37 209
37 211
37 214
37 216
37 217
37 220
37 222
37 224
38 40
38 44
38 46
38 50
38 51
38 53
38 55
38 56
38 58
38 59
38 60
38 64
38 65
38 69
38 70
38 73
38 75
38 76
38 77
38 78
38 79
38 82
38 84
38 86
38 90
38 94
38 97
38 99
38 101
38 104
38 105
38 106
38 109
38 110
38 111
38 113
38 114
38 116
38 118
38 119
38 123
38 125
38 129
38 131
38 132
38 133
38 135
38 138
38 140
38 143
38 150
38 152
38 156
38 157
38 158
38 159
38 164
38 166
38 167
38 169
38 175
38 178
38 180
38 182
38 183
38 187
38 188
38 190
38 191
38 193
38 197
38 199
38 200
38 203
38 205
38 210
38 211
38 213
38 217
38 218
38 220
38 221
38 222
39 44
39 47
39 48
39 50
39 51
39 52
39 53
39 54
39 58
39 59
39 61
39 64
39 66
39 69
39 70
39 71
39 72
39 74
39 75
39 78
39 80
39 81
39 83
39 84
39 85
39 86
39 87
39 88
39 90
39 91
39 94
39 97
39 104
39 108
39 109
39 110
39 111
39 112
39 114
39 116
39 118
39 119
39 120
39 121
39 123
39 124
39 125
39 128
39 129
39 130
39 132
39 134
39 135
39 136
39 139
39 140
39 142
39 146
39 148
39 149
39 152
39 153
39 154
39 155
39 157
39 158
39 160
39 163
39 165
39 166
39 168
39 172
39 173
39 181
39 182
39 184
39 185
39 186
39 187
39 188
39 189
39 191
39 193
39 194
39 196
39 197
39 199
39 201
39 203
39 205
39 207
39 209
39 210
39 211
39 215
39 217
39 218
39 222
39 223
39 224
40 43
40 45
40 47
40 48
40 50
40 51
40 56
40 59
40 60
40 61
40 63
40 64
40 65
40 68
40 69
40 71
40 73
40 75
40 76
40 77
40 79
40 83
40 84
40 85
40 86
40 87
40 88
40 90
40 93
40 94
40 96
40 97
40 99
40 100
40 101
40 108
40 109
40 110
40 111
40 113
40 115
40 120
40 121
40 122
40 123
40 124
40 125
40 126
40 127
40 130
40 131
40 132
40 133
40 136
40 146
40 148
40 150
40 151
40 153
40 154
40 156
40 157
40 162
40 164
40 171
40 172
40 173
40 176
40 179
40 181
40 183
40 187
40 188
40 189
40 191
40 192
40 193
40 194
40 196
40 197
40 198
40 201
40 203
40 204
40 211
40 216
40 217
40 219
40 220
40 221
40 223
41 42
41 45
41 46
41 49
41 51
41 52
41 54
41 59
41 60
41 62
41 63
41 64
41 65
41 66
41 68
41 70
41 71
41 72
41 74
41 75
41 77
41 80
41 81
41 83
41 85
41 86
41 87
41 89
41 90
41 91
41 93
41 96
41 97
41 98
41 102
41 104
41 106
41 107
41 108
41 109
41 111
41 112
41 114
41 115
41 118
41 120
41 121
41 122
41 123
41 125
41 127
41 128
41 130
41 133
41 135
41 136
41 137
41 142
41 143
41 144
41 146
41 147
41 148
41 149
41 152
41 154
41 155
41 156
41 159
41 160
41 166
41 167
41 168
41 170
41 171
41 174
41 175
41 177
41 178
41 179
41 182
41 184
41 191
41 193
41 194
41 199
41 200
41 201
41 202
41 203
41 205
41 206
41 210
41 212
41 214
41 218
41 219
41 222
42 43
42 44
42 46
42 48
42 50
42 51
42 54
42 55
42 56
42 58
42 61
42 64
42 65
42 67
42 71
42 75
42 77
42 78
42 80
42 81
42 82
42 83
42 84
42 85
42 86
42 88
42 89
42 91
42 96
42 98
42 99
42 100
42 106
42 108
42 109
42 111
42 112
42 113
42 114
42 116
42 117
42 118
42 120
42 121
42 123
42 125
42 126
42 132
42 136
42 137
42 140
42 141
42 143
42 149
42 150
42 152
42 153
42 155
42 156
42 157
42 158
42 159
42 161
42 166
42 168
42 169
42 170
42 172
42 173
42 175
42 176
42 178
42 179
42 181
42 182
42 184
42 186
42 188
42 191
42 194
42 195
42 197
42 198
42 202
42 204
42 206
42 207
42 211
42 213
42 216
42 218
42 220
43 47
43 48
43 49
43 50
43 51
43 53
43 54
43 55
43 57
43 61
43 62
43 65
43 69
43 71
43 73
43 74
43 75
43 77
43 79
43 80
43 88
43 89
43 90
43 91
43 92
43 93
43 94
43 95
43 96
43 97
43 102
43 104
43 107
43 110
43 112
43 113
43 114
43 115
43 116
43 118
43 120
43 121
43 123
43 125
43 127
43 129
43 130
43 133
43 135
43 136
43 137
43 142
43 146
43 148
43 151
43 152
43 159
43 160
43 163
43 164
43 166
43 167
43 168
43 171
43 172
43 175
43 177
43 183
43 185
43 186
43 187
43 188
43 192
43 194
43 196
43 198
43 202
43 208
43 210
43 211
43 213
43 214
43 215
43 216
43 218
43 220
43 222
43 224
44 45
44 48
44 50
44 51
44 52
44 55
44 56
44 57
44 58
44 60
44 64
44 65
44 66
44 67
44 71
44 72
44 73
44 76
44 77
44 81
44 82
44 83
44 87
44 88
44 90
44 91
44 92
44 93
44 94
44 105
44 106
44 108
44 109
44 112
44 116
44 117
44 119
44 120
44 123
44 124
44 127
44 130
44 133
44 137
44 138
44 139
44 140
44 143
44 145
44 146
44 147
44 148
44 149
44 150
44 153
44 154
44 155
44 156
44 157
44 158
44 159
44 162
44 164
44 166
44 167
44 170
44 171
44 172
44 174
44 175
44 179
44 182
44 183
44 190
44 196
44 197
44 199
44 200
44 202
44 204
44 205
44 208
44 209
44 210
44 211
44 212
44 214
44 216
44 218
44 221
44 223
45 49
45 51
45 52
45 53
45 54
45 56
45 59
45 61
45 63
45 65
45 70
45 71
45 75
45 76
45 78
45 80
45 81
45 82
45 83
45 84
45 88
45 89
45 92
45 93
45 96
45 99
45 100
45 101
45 107
45 110
45 113
45 114
45 117
45 118
45 119
45 122
45 125
45 126
45 127
45 128
45 129
45 130
45 132
45 133
45 134
45 139
45 140
45 142
45 143
45 144
45 146
45 147
45 151
45 154
45 156
45 157
45 160
45 163
45 164
45 165
45 168
45 169
45 171
45 172
45 174
45 175
45 182
45 185
45 191
45 196
45 197
45 198
45 203
45 205
45 206
45 208
45 210
45 211
45 213
45 215
45 216
45 218
45 220
46 47
46 54
46 55
46 56
46 57
46 59
46 60
46 63
46 65
46 67
46 71
46 72
46 75
46 76
46 77
46 79
46 80
46 81
46 82
46 83
46 84
46 93
46 94
46 95
46 96
46 100
46 101
46 102
46 103
46 105
46 106
46 107
46 108
46 109
46 110
46 113
46 116
46 119
46 121
46 124
46 127
46 129
46 130
46 133
46 134
46 135
46 136
46 137
46 138
46 139
46 143
46 148
46 151
46 153
46 154
46 155
46 157
46 159
46 160
46 161
46 162
46 163
46 165
46 166
46 167
46 170
46 175
46 177
46 179
46 180
46 182
46 184
46 185
46 186
46 187
46 190
46 193
46 195
46 196
46 198
46 201
46 203
46 206
46 208
46 210
46 211
46 212
46 215
46 220
46 222
46 224
47 48
47 49
47 50
47 53
47 57
47 59
47 63
47 66
47 67
47 68
47 69
47 70
47 73
47 74
47 77
47 81
47 82
47 83
47 84
47 87
47 88
47 89
47 90
47 92
47 94
47 96
47 97
47 98
47 99
47 100
47 101
47 113
47 116
47 117
47 118
47 121
47 126
47 127
47 128
47 130
47 132
47 133
47 135
47 137
47 144
47 146
47 147
47 148
47 149
47 151
47 152
47 156
47 159
47 161
47 163
47 165
47 166
47 169
47 171
47 173
47 175
47 176
47 177
47 178
47 179
47 180
47 186
47 187
47 188
47 190
47 192
47 196
47 202
47 203
47 206
47 208
47 210
47 211
47 212
47 214
47 215
47 217
47 219
47 220
47 223
47 224
48 52
48 55
48 56
48 57
48 59
48 61
48 62
48 63
48 64
48 65
48 67
48 70
48 74
48 75
48 76
48 77
48 78
48 80
48 82
48 84
48 85
48 92
48 93
48 95
48 98
48 99
48 102
48 103
48 104
48 105
48 106
48 107
48 108
48 109
48 110
48 111
48 114
48 115
48 122
48 123
48 124
48 128
48 129
48 131
48 136
48 138
48 141
48 142
48 144
48 151
48 153
48 154
48 155
48 156
48 157
48 158
48 159
48 162
48 165
48 166
48 167
48 168
48 171
48 172
48 173
48 176
48 177
48 179
48 180
48 184
48 186
48 190
48 195
48 197
48 198
48 199
48 200
48 201
48 204
48 206
48 207
48 210
48 212
48 215
48 218
48 219
48 220
48 221
48 224
49 52
49 53
49 56
49 57
49 58
49 59
49 60
49 63
49 65
49 69
49 70
49 71
49 73
49 74
49 76
49 80
49 82
49 84
49 87
49 89
49 90
49 92
49 94
49 95
49 103
49 109
49 111
49 112
49 114
49 119
49 121
49 123
49 124
49 127
49 130
49 131
49 132
49 133
49 136
49 137
49 138
49 140
49 141
49 143
49 144
49 145
49 147
49 148
49 149
49 150
49 154
49 157
49 158
49 159
49 160
49 164
49 165
49 166
49 171
49 172
49 173
49 174
49 179
49 180
49 181
49 183
49 184
49 186
49 188
49 190
49 193
49 201
49 203
49 207
49 208
49 210
49 216
49 221
49 222
49 223
49 224
50 51
50 53
50 55
50 60
50 61
50 62
50 68
50 69
50 70
50 74
50 75
50 79
50 81
50 82
50 84
50 85
50 86
50 87
50 90
50 94
50 98
50 99
50 100
50 102
50 105
50 112
50 113
50 117
50 118
50 121
50 122
50 124
50 127
50 129
50 130
50 131
50 134
50 140
50 146
50 147
50 149
50 151
50 153
50 154
50 156
50 157
50 159
50 160
50 164
50 165
50 166
50 169
50 170
50 171
50 172
50 173
50 175
50 176
50 178
50 181
50 182
50 184
50 188
50 189
50 192
50 195
50 198
50 200
50 201
50 203
50 204
50 208
50 209
50 214
50 216
50 218
50 219
50 220
50 221
50 222
50 223
51 54
51 55
51 56
51 57
51 58
51 61
51 62
51 64
51 65
51 68
51 69
51 70
51 71
51 75
51 76
51 77
51 78
51 79
51 80
51 81
51 85
51 87
51 88
51 89
51 92
51 96
51 97
51 100
51 101
51 103
51 106
51 107
51 109
51 110
51 112
51 114
51 117
51 121
51 126
51 127
51 128
51 130
51 131
51 132
51 133
51 135
51 136
51 137
51 139
51 140
51 142
51 145
51 150
51 152
51 153
51 154
51 155
51 159
51 160
51 162
51 163
51 165
51 166
51 168
51 170
51 174
51 175
51 178
51 180
51 181
51 183
51 184
51 186
51 187
51 188
51 191
51 194
51 196
51 198
51 199
51 202
51 207
51 211
51 212
51 213
51 216
51 218
51 219
51 220
51 221
51 223
52 53
52 54
52 56
52 59
52 60
52 61
52 65
52 70
52 71
52 72
52 73
52 76
52 77
52 79
52 81
52 85
52 86
52 87
52 88
52 89
52 91
52 92
52 95
52 99
52 101
52 105
52 112
52 113
52 114
52 116
52 117
52 118
52 119
52 120
52 121
52 124
52 126
52 129
52 133
52 134
52 135
52 136
52 137
52 142
52 143
52 144
52 145
52 146
52 148
52 149
52 150
52 151
52 152
52 153
52 155
52 156
52 161
52 164
52 165
52 167
52 168
52 169
52 176
52 177
52 178
52 179
52 180
52 181
52 183
52 184
52 185
52 187
52 188
52 190
52 192
52 193
52 197
52 199
52 200
52 204
52 205
52 206
52 208
52 215
52 216
52 217
52 222
53 55
53 56
53 59
53 60
53 61
53 62
53 66
53 68
53 69
53 73
53 75
53 78
53 79
53 80
53 82
53 84
53 85
53 87
53 88
53 89
53 90
53 92
53 95
53 98
53 99
53 105
53 106
53 108
53 109
53 110
53 114
53 115
53 117
53 119
53 121
53 126
53 127
53 128
53 129
53 132
53 133
53 135
53 136
53 137
53 138
53 141
53 147
53 149
53 150
53 151
53 152
53 154
53 157
53 158
53 160
53 161
53 166
53 168
53 170
53 171
53 172
53 174
53 175
53 176
53 177
53 179
53 182
53 184
53 185
53 186
53 191
53 193
53 195
53 196
53 198
53 200
53 201
53 202
53 209
53 211
53 212
53 214
53 217
53 219
53 220
53 221
53 222
53 224
54 55
54 57
54 58
54 60
54 63
54 64
54 69
54 73
54 74
54 75
54 78
54 79
54 81
54 82
54 83
54 86
54 88
54 91
54 93
54 94
54 95
54 97
54 98
54 100
54 101
54 103
54 105
54 108
54 109
54 110
54 112
54 113
54 114
54 116
54 118
54 124
54 126
54 127
54 128
54 129
54 130
54 131
54 133
54 134
54 135
54 136
54 137
54 139
54 140
54 141
54 146
54 149
54 150
54 152
54 154
54 155
54 156
54 157
54 158
54 159
54 160
54 162
54 163
54 164
54 166
54 167
54 168
54 170
54 172
54 174
54 175
54 176
54 178
54 179
54 182
54 184
54 185
54 189
54 190
54 191
54 193
54 195
54 197
54 198
54 202
54 203
54 204
54 206
54 209
54 213
54 214
54 215
54 220
54 221
54 222
54 223
54 224
55 56
55 59
55 61
55 62
55 64
55 66
55 70
55 73
55 74
55 76
55 80
55 81
55 83
55 84
55 85
55 86
55 88
55 91
55 98
55 99
55 100
55 101
55 103
55 105
55 107
55 108
55 109
55 110
55 111
55 112
55 113
55 115
55 116
55 119
55 120
55 121
55 124
55 127
55 128
55 129
55 131
55 132
55 133
55 135
55 136
55 137
55 138
55 140
55 142
55 143
55 146
55 148
55 150
55 152
55 153
55 155
55 160
55 161
55 162
55 163
55 164
55 165
55 167
55 168
55 175
55 178
55 179
55 180
55 181
55 183
55 185
55 187
55 188
55 190
55 195
55 197
55 199
55 202
55 203
55 204
55 205
55 206
55 207
55 211
55 213
55 214
55 215
55 216
55 219
55 220
55 224
56 57
56 58
56 59
56 60
56 63
56 64
56 66
56 68
56 70
56 72
56 75
56 76
56 79
56 81
56 83
56 84
56 85
56 88
56 89
56 90
56 91
56 97
56 98
56 99
56 100
56 101
56 102
56 103
56 104
56 105
56 106
56 107
56 108
56 110
56 112
56 113
56 115
56 117
56 118
56 119
56 122
56 124
56 125
56 126
56 127
56 128
56 131
56 132
56 134
56 137
56 141
56 143
56 149
56 150
56 151
56 153
56 155
56 157
56 158
56 159
56 160
56 161
56 162
56 164
56 173
56 177
56 179
56 181
56 182
56 183
56 185
56 186
56 189
56 190
56 191
56 194
56 195
56 196
56 197
56 198
56 201
56 203
56 205
56 206
56 207
56 208
56 212
56 213
56 215
56 218
56 219
57 65
57 66
57 68
57 79
57 80
57 81
57 84
57 86
57 87
57 92
57 94
57 95
57 97
57 98
57 99
57 103
57 107
57 108
57 109
57 111
57 113
57 115
57 117
57 118
57 120
57 121
57 123
57 125
57 127
57 128
57 130
57 132
57 133
57 134
57 136
57 137
57 138
57 139
57 141
57 142
57 146
57 147
57 149
57 150
57 152
57 160
57 163
57 165
57 166
57 167
57 168
57 171
57 172
57 173
57 175
57 176
57 177
57 178
57 179
57 180
57 182
57 183
57 184
57 187
57 190
57 196
57 198
57 200
57 202
57 205
57 206
57 207
57 208
57 210
57 212
57 213
57 214
57 217
57 219
57 220
57 221
57 222
57 223
58 59
58 60
58 64
58 65
58 70
58 71
58 77
58 80
58 81
58 83
58 84
58 87
58 88
58 94
58 96
58 97
58 101
58 106
58 109
58 111
58 112
58 113
58 114
58 116
58 119
58 122
58 124
58 125
58 126
58 128
58 130
58 131
58 133
58 140
58 142
58 147
58 148
58 149
58 150
58 151
58 152
58 154
58 156
58 159
58 161
58 162
58 166
58 167
58 169
58 175
58 179
58 180
58 181
58 183
58 184
58 186
58 188
58 189
58 190
58 191
58 193
58 194
58 198
58 199
58 200
58 203
58 205
58 206
58 208
58 209
58 213
58 214
58 215
58 216
58 217
58 218
58 221
58 224
59 60
59 61
59 63
59 64
59 69
59 70
59 72
59 73
59 75
59 77
59 79
59 80
59 83
59 84
59 85
59 87
59 94
59 96
59 97
59 98
59 101
59 104
59 105
59 106
59 107
59 110
59 111
59 116
59 121
59 123
59 124
59 129
59 130
59 131
59 132
59 136
59 137
59 138
59 141
59 145
59 147
59 148
59 149
59 152
59 154
59 160
59 161
59 162
59 163
59 165
59 167
59 170
59 171
59 175
59 180
59 181
59 182
59 188
59 190
59 191
59 192
59 201
59 202
59 203
59 204
59 207
59 210
59 212
59 213
59 214
59 215
59 221
59 222
59 223
60 62
60 63
60 64
60 65
60 66
60 68
60 69
60 71
60 74
60 75
60 79
60 83
60 84
60 85
60 86
60 87
60 88
60 89
60 90
60 91
60 94
60 96
60 99
60 101
60 103
60 105
60 106
60 107
60 110
60 114
60 115
60 117
60 119
60 121
60 123
60 125
60 127
60 131
60 135
60 140
60 143
60 144
60 146
60 147
60 148
60 152
60 153
60 154
60 157
60 158
60 160
60 161
60 162
60 163
60 166
60 167
60 168
60 169
60 171
60 173
60 174
60 175
60 177
60 181
60 183
60 184
60 187
60 188
60 189
60 191
60 193
60 195
60 196
60 197
60 199
60 201
60 203
60 205
60 206
60 209
60 213
60 215
60 216
60 217
60 219
60 221
60 224
61 62
61 65
61 69
61 72
61 74
61 75
61 76
61 78
61 79
61 80
61 81
61 82
61 83
61 87
61 88
61 89
61 91
61 96
61 98
61 99
61 105
61 108
61 110
61 112
61 114
61 115
61 116
61 118
61 120
61 121
61 123
61 125
61 129
61 130
61 132
61 133
61 136
61 139
61 140
61 142
61 143
61 149
61 150
61 151
61 152
61 154
61 155
61 156
61 157
61 158
61 160
61 161
61 163
61 164
61 166
61 167
61 168
61 169
61 172
61 174
61 176
61 177
61 178
61 179
61 181
61 184
61 187
61 188
61 189
61 192
61 193
61 194
61 196
61 198
61 199
61 205
61 206
61 207
61 208
61 210
61 212
61 216
61 219
61 220
61 224
62 64
62 65
62 71
62 75
62 76
62 78
62 79
62 80
62 81
62 82
62 86
62 90
62 91
62 95
62 97
62 98
62 99
62 100
62 101
62 102
62 104
62 105
62 106
62 108
62 109
62 111
62 112
62 113
62 117
62 118
62 119
62 123
62 124
62 127
62 129
62 134
62 136
62 137
62 139
62 142
62 143
62 144
62 146
62 147
62 148
62 150
62 151
62 152
62 155
62 156
62 157
62 158
62 159
62 160
62 163
62 164
62 165
62 166
62 167
62 168
62 169
62 171
62 172
62 173
62 174
62 178
62 179
62 182
62 190
62 191
62 194
62 195
62 196
62 197
62 199
62 200
62 204
62 206
62 207
62 208
62 209
62 211
62 212
62 214
62 216
62 217
62 220
62 221
63 64
63 66
63 67
63 70
63 71
63 72
63 73
63 74
63 75
63 76
63 77
63 79
63 80
63 81
63 85
63 86
63 91
63 92
63 93
63 94
63 95
63 97
63 100
63 107
63 109
63 110
63 111
63 113
63 118
63 122
63 123
63 126
63 128
63 129
63 131
63 133
63 134
63 135
63 136
63 138
63 139
63 141
63 143
63 144
63 152
63 154
63 155
63 156
63 157
63 165
63 169
63 171
63 173
63 176
63 179
63 181
63 182
63 183
63 184
63 185
63 186
63 188
63 190
63 191
63 197
63 198
63 200
63 201
63 203
63 204
63 208
63 211
63 213
63 215
63 217
63 219
64 65
64 67
64 68
64 69
64 71
64 72
64 73
64 75
64 76
64 77
64 78
64 81
64 83
64 84
64 85
64 89
64 96
64 101
64 102
64 103
64 104
64 107
64 109
64 112
64 114
64 115
64 122
64 123
64 124
64 126
64 127
64 131
64 133
64 139
64 140
64 141
64 142
64 143
64 144
64 146
64 147
64 149
64 150
64 151
64 152
64 156
64 159
64 160
64 161
64 162
64 164
64 166
64 168
64 169
64 170
64 171
64 172
64 174
64 177
64 178
64 181
64 183
64 186
64 190
64 191
64 192
64 195
64 196
64 197
64 199
64 203
64 204
64 205
64 206
64 211
64 212
64 215
64 216
64 221
64 222
64 224
65 69
65 70
65 71
65 72
65 75
65 77
65 80
65 82
65 84
65 90
65 92
65 94
65 95
65 96
65 98
65 99
65 101
65 102
65 104
65 106
65 107
65 108
65 110
65 114
65 120
65 122
65 125
65 131
65 132
65 133
65 134
65 135
65 140
65 141
65 142
65 143
65 145
65 146
65 150
65 155
65 156
65 158
65 160
65 162
65 167
65 168
65 170
65 176
65 177
65 178
65 179
65 181
65 183
65 189
65 192
65 193
65 194
65 196
65 199
65 200
65 201
65 202
65 206
65 218
65 219
65 220
65 221
66 67
66 69
66 76
66 80
66 82
66 83
66 86
66 87
66 91
66 95
66 97
66 101
66 102
66 103
66 107
66 108
66 118
66 122
66 126
66 128
66 129
66 130
66 131
66 132
66 134
66 135
66 136
66 137
66 138
66 139
66 141
66 144
66 148
66 150
66 153
66 155
66 158
66 161
66 162
66 163
66 164
66 166
66 167
66 168
66 169
66 170
66 172
66 173
66 178
66 181
66 183
66 185
66 190
66 191
66 192
66 194
66 197
66 198
66 199
66 200
66 201
66 202
66 205
66 206
66 208
66 209
66 210
66 211
66 212
66 214
66 217
66 219
66 221
66 223
66 224
67 68
67 70
67 71
67 73
67 74
67 78
67 80
67 81
67 82
67 83
67 84
67 86
67 87
67 90
67 92
67 93
67 94
67 95
67 97
67 102
67 108
67 109
67 110
67 111
67 113
67 118
67 123
67 124
67 130
67 131
67 132
67 137
67 139
67 143
67 146
67 147
67 149
67 150
67 152
67 153
67 154
67 155
67 156
67 157
67 158
67 163
67 164
67 168
67 169
67 172
67 173
67 175
67 176
67 177
67 180
67 181
67 182
67 184
67 185
67 192
67 193
67 195
67 199
67 202
67 204
67 208
67 210
67 211
67 213
67 215
67 216
67 218
67 222
68 69
68 70
68 71
68 76
68 77
68 78
68 79
68 80
68 81
68 83
68 85
68 87
68 88
68 89
68 94
68 95
68 98
68 99
68 100
68 104
68 109
68 111
68 117
68 119
68 120
68 122
68 123
68 124
68 125
68 126
68 127
68 131
68 133
68 134
68 135
68 136
68 138
68 139
68 140
68 143
68 144
68 145
68 146
68 147
68 148
68 150
68 153
68 155
68 156
68 158
68 159
68 161
68 164
68 167
68 168
68 169
68 171
68 173
68 175
68 176
68 177
68 179
68 181
68 182
68 184
68 187
68 191
68 192
68 195
68 196
68 197
68 198
68 200
68 205
68 209
68 211
68 213
68 214
68 219
68 221
68 223
68 224
69 70
69 71
69 72
69 74
69 75
69 76
69 77
69 78
69 79
69 83
69 84
69 87
69 89
69 91
69 92
69 94
69 96
69 97
69 98
69 101
69 102
69 103
69 106
69 107
69 108
69 109
69 111
69 115
69 118
69 120
69 121
69 122
69 123
69 124
69 129
69 130
69 132
69 133
69 134
69 135
69 138
69 154
69 155
69 156
69 158
69 161
69 163
69 168
69 172
69 175
69 178
69 182
69 183
69 184
69 185
69 189
69 190
69 191
69 193
69 195
69 197
69 198
69 200
69 203
69 204
69 208
69 210
69 214
69 217
69 220
69 222
69 223
69 224
70 71
70 72
70 73
70 75
70 76
70 78
70 79
70 82
70 84
70 85
70 89
70 90
70 92
70 93
70 94
70 95
70 99
70 101
70 102
70 105
70 108
70 111
70 112
70 113
70 114
70 118
70 120
70 122
70 125
70 128
70 129
70 131
70 132
70 140
70 144
70 147
70 149
70 150
70 151
70 152
70 155
70 156
70 157
70 158
70 159
70 160
70 161
70 162
70 163
70 167
70 168
70 169
70 170
70 176
70 178
70 179
70 181
70 182
70 183
70 187
70 188
70 192
70 193
70 195
70 196
70 198
70 199
70 201
70 202
70 203
70 205
70 206
70 207
70 209
70 210
70 211
70 216
70 220
70 222
70 223
70 224
71 72
71 76
71 78
71 80
71 81
71 82
71 85
71 87
71 89
71 93
71 95
71 96
71 97
71 99
71 101
71 102
71 103
71 105
71 110
71 112
71 113
71 116
71 117
71 118
71 121
71 123
71 126
71 127
71 132
71 135
71 136
71 140
71 141
71 143
71 144
71 145
71 146
71 147
71 150
71 151
71 153
71 155
71 156
71 158
71 159
71 162
71 165
71 167
71 168
71 169
71 170
71 171
71 172
71 175
71 177
71 178
71 181
71 182
71 184
71 189
71 190
71 191
71 192
71 194
71 196
71 198
71 200
71 202
71 204
71 205
71 206
71 207
71 209
71 211
71 212
71 213
71 214
71 217
71 218
71 220
71 223
71 224
72 75
72 78
72 86
72 89
72 90
72 91
72 95
72 96
72 97
72 99
72 102
72 104
72 105
72 107
72 109
72 110
72 112
72 115
72 117
72 118
72 120
72 123
72 124
72 126
72 127
72 128
72 129
72 131
72 133
72 137
72 139
72 141
72 142
72 144
72 145
72 148
72 151
72 153
72 155
72 161
72 162
72 164
72 165
72 166
72 167
72 170
72 171
72 172
72 173
72 174
72 175
72 176
72 178
72 183
72 185
72 186
72 188
72 189
72 190
72 191
72 192
72 196
72 198
72 201
72 202
72 203
72 204
72 207
72 209
72 211
72 216
72 217
72 219
73 74
73 75
73 76
73 77
73 82
73 83
73 84
73 91
73 92
73 93
73 95
73 102
73 104
73 105
73 108
73 109
73 110
73 111
73 112
73 114
73 118
73 119
73 121
73 122
73 124
73 125
73 127
73 128
73 129
73 130
73 131
73 134
73 138
73 140
73 141
73 142
73 143
73 147
73 149
73 150
73 153
73 156
73 160
73 162
73 165
73 166
73 167
73 172
73 176
73 178
73 180
73 189
73 191
73 192
73 196
73 198
73 202
73 203
73 205
73 206
73 207
73 208
73 212
73 215
73 217
73 220
73 222
74 75
74 76
74 77
74 79
74 80
74 81
74 82
74 85
74 86
74 88
74 89
74 90
74 91
74 92
74 93
74 94
74 96
74 97
74 101
74 103
74 104
74 108
74 109
74 111
74 113
74 115
74 116
74 119
74 120
74 121
74 123
74 124
74 125
74 127
74 129
74 130
74 134
74 136
74 137
74 142
74 143
74 144
74 149
74 151
74 152
74 153
74 154
74 155
74 157
74 160
74 162
74 163
74 168
74 171
74 172
74 173
74 174
74 176
74 177
74 181
74 182
74 184
74 185
74 186
74 187
74 188
74 190
74 192
74 198
74 201
74 202
74 203
74 204
74 205
74 206
74 208
74 212
74 213
74 214
74 215
74 217
74 219
74 222
74 224
75 77
75 78
75 81
75 86
75 87
75 88
75 89
75 90
75 94
75 96
75 97
75 98
75 99
75 100
75 102
75 103
75 106
75 107
75 108
75 109
75 110
75 112
75 113
75 114
75 117
75 118
75 119
75 120
75 124
75 125
75 128
75 129
75 133
75 135
75 136
75 138
75 139
75 140
75 142
75 143
75 144
75 150
75 152
75 153
75 154
75 156
75 157
75 160
75 161
75 163
75 166
75 167
75 169
75 176
75 181
75 182
75 184
75 185
75 186
75 187
75 188
75 189
75 192
75 193
75 197
75 203
75 205
75 207
75 210
75 216
75 220
75 221
75 223
75 224
76 77
76 79
76 81
76 82
76 83
76 84
76 85
76 87
76 89
76 90
76 91
76 97
76 100
76 104
76 110
76 111
76 112
76 114
76 115
76 116
76 118
76 123
76 124
76 125
76 126
76 127
76 131
76 132
76 133
76 136
76 137
76 138
76 139
76 142
76 143
76 144
76 145
76 146
76 147
76 151
76 153
76 154
76 156
76 157
76 160
76 162
76 167
76 169
76 172
76 173
76 174
76 176
76 178
76 179
76 181
76 182
76 183
76 184
76 185
76 186
76 187
76 188
76 189
76 190
76 191
76 193
76 197
76 199
76 200
76 202
76 204
76 206
76 207
76 208
76 209
76 216
76 217
76 220
76 222
76 223
76 224
77 79
77 83
77 84
77 85
77 86
77 89
77 90
77 95
77 96
77 98
77 101
77 103
77 104
77 105
77 106
77 107
77 110
77 112
77 114
77 115
77 117
77 118
77 121
77 123
77 124
77 125
77 126
77 127
77 128
77 129
77 132
77 135
77 137
77 139
77 140
77 143
77 144
77 146
77 148
77 150
77 151
77 153
77 155
77 156
77 157
77 159
77 160
77 163
77 164
77 165
77 166
77 167
77 168
77 169
77 170
77 172
77 174
77 176
77 179
77 180
77 183
77 184
77 186
77 187
77 188
77 189
77 192
77 193
77 197
77 198
77 207
77 209
77 211
77 218
77 220
78 79
78 81
78 89
78 91
78 92
78 94
78 97
78 100
78 103
78 105
78 106
78 108
78 109
78 111
78 113
78 115
78 116
78 117
78 118
78 119
78 120
78 123
78 125
78 127
78 130
78 131
78 133
78 135
78 136
78 138
78 139
78 140
78 144
78 146
78 147
78 150
78 151
78 152
78 153
78 154
78 155
78 156
78 157
78 159
78 162
78 166
78 169
78 170
78 172
78 177
78 179
78 180
78 182
78 184
78 186
78 187
78 190
78 195
78 196
78 197
78 198
78 201
78 202
78 204
78 205
78 206
78 207
78 208
78 212
78 213
78 214
78 215
78 220
78 221
78 222
78 223
78 224
79 80
79 86
79 87
79 91
79 93
79 94
79 95
79 96
79 97
79 98
79 100
79 102
79 104
79 105
79 107
79 109
79 110
79 112
79 117
79 120
79 121
79 131
79 132
79 133
79 139
79 140
79 142
79 144
79 146
79 147
79 148
79 149
79 151
79 152
79 154
79 155
79 157
79 159
79 160
79 162
79 163
79 164
79 170
79 173
79 174
79 177
79 179
79 183
79 185
79 186
79 188
79 189
79 190
79 191
79 192
79 196
79 197
79 198
79 201
79 204
79 205
79 208
79 209
79 210
79 211
79 212
79 213
79 214
79 217
79 218
79 220
79 221
79 222
80 81
80 83
80 84
80 90
80 92
80 93
80 94
80 95
80 96
80 98
80 99
80 102
80 104
80 105
80 107
80 111
80 113
80 115
80 116
80 121
80 122
80 124
80 129
80 130
80 132
80 133
80 134
80 136
80 139
80 141
80 143
80 145
80 146
80 149
80 151
80 153
80 155
80 156
80 158
80 160
80 167
80 168
80 173
80 174
80 176
80 177
80 179
80 180
80 181
80 184
80 185
80 186
80 187
80 189
80 190
80 191
80 193
80 197
80 201
80 210
80 212
80 215
80 218
80 221
80 222
81 82
81 83
81 84
81 86
81 88
81 90
81 91
81 93
81 94
81 95
81 96
81 98
81 100
81 102
81 103
81 105
81 107
81 111
81 114
81 115
81 117
81 118
81 120
81 122
81 123
81 124
81 125
81 126
81 127
81 129
81 130
81 131
81 132
81 134
81 137
81 141
81 142
81 143
81 145
81 146
81 147
81 149
81 151
81 157
81 158
81 159
81 161
81 164
81 165
81 166
81 168
81 169
81 170
81 171
81 173
81 177
81 178
81 179
81 187
81 188
81 192
81 194
81 196
81 197
81 198
81 201
81 205
81 206
81 208
81 210
81 211
81 212
81 215
81 217
81 218
81 220
81 221
82 84
82 85
82 87
82 88
82 91
82 92
82 94
82 95
82 96
82 101
82 102
82 104
82 108
82 114
82 116
82 119
82 121
82 122
82 123
82 125
82 126
82 127
82 128
82 129
82 132
82 133
82 134
82 136
82 138
82 140
82 141
82 142
82 145
82 146
82 152
82 154
82 155
82 160
82 166
82 167
82 173
82 179
82 180
82 181
82 182
82 186
82 188
82 190
82 191
82 193
82 194
82 196
82 198
82 201
82 206
82 207
82 208
82 211
82 212
82 213
82 214
82 219
82 220
82 222
82 223
82 224
83 84
83 87
83 88
83 89
83 92
83 93
83 94
83 97
83 98
83 99
83 101
83 102
83 109
83 110
83 111
83 113
83 115
83 119
83 120
83 121
83 126
83 127
83 128
83 131
83 133
83 139
83 140
83 142
83 147
83 152
83 155
83 157
83 159
83 161
83 162
83 163
83 166
83 168
83 170
83 171
83 172
83 173
83 178
83 180
83 183
83 184
83 185
83 187
83 188
83 190
83 191
83 192
83 193
83 196
83 198
83 200
83 202
83 203
83 204
83 205
83 206
83 207
83 208
83 209
83 210
83 214
83 215
83 217
83 218
83 219
83 224
84 86
84 88
84 89
84 90
84 91
84 92
84 95
84 97
84 99
84 100
84 102
84 108
84 109
84 112
84 113
84 115
84 117
84 119
84 120
84 122
84 124
84 126
84 128
84 130
84 134
84 138
84 139
84 140
84 142
84 146
84 147
84 148
84 149
84 153
84 154
84 155
84 156
84 157
84 158
84 161
84 163
84 165
84 166
84 170
84 172
84 175
84 177
84 179
84 182
84 184
84 188
84 189
84 191
84 192
84 195
84 197
84 203
84 205
84 213
84 214
84 215
84 218
84 220
84 222
84 223
85 87
85 89
85 91
85 92
85 95
85 100
85 101
85 103
85 104
85 106
85 109
85 110
85 112
85 113
85 115
85 116
85 118
85 120
85 121
85 124
85 129
85 132
85 135
85 136
85 139
85 141
85 143
85 144
85 147
85 148
85 150
85 152
85 153
85 154
85 155
85 157
85 158
85 161
85 165
85 168
85 169
85 170
85 175
85 176
85 177
85 178
85 179
85 180
85 182
85 183
85 185
85 186
85 189
85 193
85 196
85 199
85 201
85 203
85 207
85 208
85 211
85 214
85 218
85 220
85 221
85 222
86 88
86 91
86 92
86 94
86 96
86 97
86 98
86 99
86 100
86 106
86 108
86 109
86 110
86 112
86 114
86 116
86 118
86 121
86 122
86 124
86 125
86 126
86 127
86 128
86 133
86 135
86 136
86 138
86 142
86 143
86 145
86 146
86 147
86 148
86 150
86 151
86 152
86 153
86 155
86 158
86 159
86 162
86 163
86 164
86 167
86 168
86 169
86 171
86 172
86 173
86 175
86 176
86 177
86 179
86 181
86 182
86 183
86 184
86 185
86 186
86 188
86 191
86 192
86 197
86 198
86 200
86 208
86 209
86 210
86 211
86 212
86 213
86 214
86 215
86 216
86 220
86 221
86 222
86 223
87 94
87 95
87 97
87 99
87 100
87 101
87 104
87 106
87 111
87 112
87 115
87 117
87 118
87 120
87 122
87 125
87 128
87 134
87 135
87 138
87 139
87 142
87 144
87 145
87 147
87 148
87 149
87 151
87 155
87 157
87 159
87 160
87 162
87 166
87 167
87 168
87 170
87 171
87 172
87 175
87 179
87 180
87 181
87 184
87 185
87 189
87 190
87 192
87 195
87 196
87 197
87 201
87 202
87 203
87 205
87 206
87 207
87 208
87 209
87 211
87 212
87 213
87 215
87 217
87 218
87 222
88 91
88 93
88 94
88 95
88 98
88 99
88 100
88 103
88 104
88 108
88 109
88 113
88 115
88 117
88 118
88 120
88 122
88 124
88 125
88 126
88 127
88 128
88 131
88 133
88 134
88 135
88 136
88 138
88 139
88 140
88 142
88 143
88 147
88 149
88 150
88 152
88 153
88 154
88 156
88 160
88 163
88 166
88 171
88 172
88 173
88 174
88 176
88 178
88 179
88 180
88 181
88 183
88 186
88 189
88 190
88 192
88 194
88 195
88 197
88 198
88 199
88 200
88 201
88 203
88 204
88 205
88 207
88 212
88 213
88 216
88 218
88 220
88 222
89 93
89 94
89 97
89 98
89 100
89 101
89 103
89 105
89 107
89 108
89 109
89 112
89 113
89 115
89 116
89 118
89 123
89 124
89 125
89 127
89 128
89 129
89 135
89 142
89 143
89 144
89 148
89 149
89 151
89 153
89 155
89 157
89 159
89 160
89 162
89 166
89 168
89 169
89 173
89 175
89 178
89 179
89 180
89 181
89 182
89 183
89 184
89 186
89 188
89 189
89 192
89 194
89 198
89 201
89 202
89 203
89 204
89 206
89 210
89 212
89 213
89 214
89 216
89 218
89 220
89 221
90 91
90 92
90 94
90 95
90 97
90 98
90 99
90 100
90 102
90 104
90 106
90 108
90 111
90 114
90 116
90 118
90 119
90 120
90 123
90 126
90 127
90 128
90 129
90 130
90 131
90 132
90 133
90 134
90 135
90 136
90 138
90 139
90 144
90 145
90 147
90 148
90 149
90 150
90 155
90 159
90 160
90 162
90 163
90 164
90 166
90 167
90 169
90 170
90 174
90 178
90 179
90 184
90 190
90 191
90 192
90 195
90 197
90 198
90 201
90 205
90 212
90 213
90 219
90 220
90 221
90 222
90 224
91 92
91 94
91 95
91 96
91 99
91 100
91 101
91 102
91 103
91 104
91 105
91 107
91 110
91 111
91 112
91 113
91 114
91 116
91 118
91 123
91 125
91 127
91 129
91 130
91 133
91 134
91 137
91 141
91 142
91 144
91 145
91 148
91 153
91 158
91 162
91 163
91 164
91 165
91 166
91 168
91 169
91 173
91 175
91 176
91 177
91 182
91 183
91 185
91 186
91 187
91 188
91 189
91 196
91 198
91 199
91 201
91 202
91 205
91 211
91 212
91 213
91 215
91 217
91 218
91 219
91 220
91 222
91 223
91 224
92 93
92 94
92 96
92 97
92 99
92 106
92 108
92 110
92 113
92 118
92 119
92 121
92 125
92 128
92 129
92 134
92 135
92 137
92 138
92 140
92 143
92 146
92 148
92 151
92 153
92 156
92 158
92 159
92 160
92 162
92 164
92 167
92 168
92 172
92 174
92 177
92 179
92 183
92 184
92 185
92 186
92 189
92 192
92 193
92 194
92 197
92 201
92 204
92 206
92 217
92 218
92 219
92 220
92 221
92 222
92 223
92 224
93 96
93 97
93 98
93 101
93 102
93 103
93 107
93 109
93 112
93 114
93 115
93 116
93 117
93 120
93 123
93 125
93 126
93 128
93 129
93 132
93 133
93 134
93 137
93 139
93 144
93 145
93 147
93 149
93 150
93 152
93 154
93 155
93 156
93 157
93 159
93 161
93 162
93 164
93 165
93 166
93 168
93 172
93 173
93 175
93 176
93 177
93 178
93 179
93 183
93 190
93 193
93 195
93 199
93 200
93 201
93 202
93 203
93 204
93 207
93 212
93 214
93 215
93 220
94 95
94 102
94 110
94 111
94 112
94 116
94 117
94 118
94 123
94 126
94 127
94 128
94 132
94 134
94 135
94 136
94 137
94 139
94 140
94 141
94 142
94 143
94 144
94 145
94 146
94 147
94 152
94 155
94 156
94 157
94 160
94 162
94 164
94 165
94 169
94 171
94 174
94 175
94 177
94 178
94 180
94 181
94 182
94 184
94 186
94 190
94 192
94 193
94 195
94 196
94 200
94 205
94 206
94 209
94 212
94 214
94 218
94 219
94 220
94 221
94 222
94 223
94 224
95 98
95 99
95 100
95 101
95 103
95 104
95 108
95 110
95 114
95 115
95 117
95 119
95 121
95 123
95 130
95 131
95 134
95 135
95 136
95 137
95 139
95 142
95 148
95 149
95 152
95 153
95 154
95 155
95 156
95 158
95 159
95 161
95 163
95 165
95 167
95 171
95 172
95 174
95 175
95 177
95 178
95 179
95 181
95 183
95 190
95 193
95 194
95 199
95 202
95 203
95 204
95 207
95 208
95 209
95 211
95 213
95 215
95 216
95 217
95 220
95 221
96 97
96 99
96 101
96 102
96 103
96 104
96 105
96 106
96 108
96 114
96 116
96 120
96 121
96 124
96 125
96 127
96 128
96 129
96 130
96 131
96 132
96 133
96 134
96 138
96 139
96 141
96 143
96 145
96 146
96 147
96 148
96 149
96 151
96 155
96 156
96 157
96 158
96 162
96 163
96 164
96 165
96 166
96 169
96 170
96 171
96 172
96 173
96 174
96 176
96 177
96 179
96 181
96 182
96 183
96 186
96 187
96 188
96 189
96 193
96 194
96 195
96 196
96 197
96 199
96 202
96 203
96 204
96 205
96 207
96 208
96 210
96 212
96 213
96 214
96 215
96 216
96 217
96 218
96 221
96 222
97 98
97 99
97 101
97 104
97 105
97 108
97 110
97 111
97 113
97 114
97 115
97 117
97 118
97 120
97 123
97 124
97 127
97 128
97 129
97 130
97 132
97 134
97 135
97 136
97 143
97 145
97 149
97 151
97 154
97 156
97 157
97 158
97 161
97 163
97 167
97 168
97 170
97 171
97 172
97 174
97 177
97 179
97 182
97 184
97 186
97 190
97 192
97 194
97 197
97 198
97 201
97 205
97 206
97 208
97 211
97 214
97 217
97 218
97 219
97 221
97 222
97 223
97 224
98 100
98 103
98 104
98 106
98 107
98 111
98 113
98 114
98 116
98 119
98 120
98 121
98 128
98 129
98 130
98 134
98 135
98 137
98 138
98 142
98 143
98 145
98 146
98 147
98 150
98 152
98 155
98 156
98 157
98 158
98 159
98 161
98 162
98 163
98 164
98 167
98 168
98 170
98 171
98 173
98 174
98 175
98 176
98 182
98 183
98 187
98 191
98 197
98 198
98 199
98 200
98 201
98 203
98 204
98 209
98 211
98 212
98 213
98 214
98 215
98 216
98 218
98 219
98 222
98 223
99 100
99 103
99 110
99 111
99 112
99 113
99 116
99 120
99 125
99 126
99 127
99 128
99 129
99 130
99 132
99 133
99 136
99 139
99 140
99 141
99 142
99 143
99 144
99 146
99 147
99 149
99 155
99 157
99 159
99 160
99 162
99 163
99 165
99 166
99 167
99 168
99 169
99 173
99 175
99 179
99 181
99 182
99 183
99 187
99 188
99 190
99 191
99 192
99 193
99 202
99 204
99 209
99 210
99 211
99 214
99 222
100 102
100 103
100 104
100 105
100 106
100 108
100 110
100 112
100 115
100 117
100 119
100 121
100 123
100 124
100 127
100 129
100 130
100 131
100 133
100 134
100 136
100 142
100 146
100 148
100 149
100 150
100 157
100 159
100 160
100 162
100 163
100 164
100 165
100 166
100 167
100 169
100 170
100 172
100 173
100 175
100 176
100 177
100 179
100 184
100 186
100 188
100 189
100 190
100 192
100 194
100 195
100 196
100 198
100 199
100 201
100 202
100 203
100 204
100 205
100 206
100 208
100 209
100 210
100 212
100 218
100 220
101 105
101 109
101 110
101 112
101 113
101 115
101 116
101 117
101 119
101 123
101 124
101 126
101 127
101 128
101 129
101 130
101 133
101 138
101 141
101 142
101 143
101 145
101 146
101 148
101 150
101 153
101 158
101 159
101 160
101 162
101 163
101 164
101 166
101 168
101 170
101 176
101 177
101 178
101 179
101 180
101 181
101 182
101 184
101 185
101 186
101 188
101 189
101 191
101 194
101 195
101 197
101 199
101 202
101 204
101 206
101 210
101 211
101 214
101 217
101 219
101 221
101 223
102 103
102 104
102 105
102 109
102 110
102 114
102 116
102 117
102 119
102 122
102 127
102 130
102 131
102 134
102 136
102 137
102 140
102 146
102 147
102 148
102 149
102 159
102 160
102 161
102 162
102 165
102 166
102 169
102 172
102 173
102 174
102 176
102 179
102 184
102 185
102 188
102 191
102 192
102 193
102 194
102 197
102 198
102 199
102 202
102 204
102 205
102 206
102 209
102 211
102 212
102 215
102 218
102 220
102 221
102 223
103 106
103 110
103 111
103 113
103 114
103 115
103 116
103 118
103 119
103 123
103 125
103 127
103 128
103 129
103 134
103 135
103 136
103 137
103 138
103 140
103 143
103 144
103 145
103 147
103 149
103 152
103 153
103 154
103 155
103 156
103 157
103 161
103 163
103 164
103 165
103 166
103 167
103 168
103 169
103 171
103 173
103 176
103 177
103 180
103 182
103 183
103 184
103 185
103 186
103 187
103 188
103 189
103 190
103 191
103 192
103 194
103 195
103 197
103 198
103 200
103 201
103 203
103 204
103 208
103 211
103 212
103 213
103 217
103 218
103 220
103 221
103 223
103 224
104 105
104 107
104 109
104 111
104 113
104 114
104 115
104 116
104 117
104 118
104 120
104 122
104 128
104 132
104 133
104 134
104 135
104 136
104 137
104 140
104 141
104 142
104 143
104 145
104 148
104 151
104 154
104 155
104 162
104 163
104 164
104 165
104 167
104 168
104 169
104 170
104 173
104 174
104 175
104 177
104 178
104 179
104 181
104 182
104 183
104 187
104 190
104 192
104 193
104 195
104 196
104 198
104 203
104 204
104 205
104 208
104 213
104 216
104 217
104 221
104 223
105 107
105 110
105 112
105 113
105 114
105 116
105 118
105 122
105 123
105 125
105 126
105 128
105 130
105 132
105 134
105 135
105 136
105 140
105 145
105 146
105 148
105 149
105 151
105 153
105 154
105 156
105 158
105 161
105 162
105 163
105 167
105 168
105 169
105 172
105 173
105 175
105 178
105 181
105 183
105 185
105 187
105 189
105 191
105 193
105 196
105 197
105 199
105 202
105 203
105 206
105 208
105 209
105 212
105 213
105 215
105 216
105 217
105 218
105 219
105 220
106 107
106 111
106 113
106 114
106 115
106 117
106 120
106 121
106 124
106 131
106 134
106 135
106 136
106 137
106 138
106 140
106 142
106 146
106 148
106 149
106 150
106 151
106 159
106 164
106 165
106 166
106 167
106 168
106 169
106 170
106 172
106 174
106 175
106 176
106 178
106 180
106 181
106 184
106 189
106 190
106 191
106 192
106 194
106 196
106 197
106 198
106 199
106 202
106 203
106 206
106 209
106 210
106 211
106 220
106 221
106 222
106 223
106 224
107 110
107 111
107 118
107 119
107 120
107 122
107 123
107 124
107 125
107 127
107 128
107 138
107 139
107 141
107 146
107 150
107 151
107 153
107 155
107 159
107 160
107 161
107 163
107 164
107 165
107 166
107 168
107 169
107 170
107 173
107 176
107 177
107 180
107 181
107 182
107 183
107 184
107 186
107 188
107 189
107 191
107 194
107 196
107 197
107 198
107 200
107 201
107 203
107 204
107 206
107 207
107 208
107 213
107 214
107 215
107 217
107 218
107 219
107 220
107 221
107 222
108 111
108 114
108 115
108 116
108 117
108 121
108 124
108 127
108 129
108 133
108 136
108 138
108 139
108 142
108 144
108 146
108 148
108 150
108 152
108 153
108 154
108 155
108 160
108 161
108 162
108 163
108 164
108 166
108 168
108 169
108 171
108 172
108 173
108 175
108 176
108 177
108 179
108 180
108 181
108 187
108 192
108 194
108 196
108 200
108 201
108 202
108 208
108 212
108 214
108 216
108 221
108 222
108 223
109 110
109 112
109 114
109 115
109 121
109 122
109 125
109 129
109 130
109 131
109 134
109 138
109 140
109 141
109 142
109 143
109 145
109 146
109 147
109 149
109 150
109 151
109 154
109 156
109 157
109 158
109 159
109 161
109 162
109 164
109 165
109 169
109 170
109 174
109 176
109 179
109 183
109 184
109 186
109 187
109 188
109 191
109 194
109 195
109 196
109 197
109 200
109 202
109 203
109 204
109 205
109 207
109 210
109 212
109 216
109 219
109 220
109 223
110 114
110 115
110 117
110 122
110 127
110 128
110 129
110 130
110 132
110 134
110 135
110 136
110 137
110 139
110 140
110 142
110 143
110 147
110 149
110 151
110 153
110 154
110 155
110 160
110 161
110 164
110 165
110 166
110 168
110 169
110 170
110 172
110 173
110 177
110 180
110 184
110 188
110 192
110 194
110 196
110 198
110 199
110 200
110 206
110 211
110 213
110 215
110 222
110 224
111 114
111 116
111 121
111 124
111 126
111 128
111 134
111 135
111 137
111 138
111 139
111 140
111 141
111 143
111 145
111 147
111 149
111 151
111 152
111 157
111 159
111 160
111 161
111 162
111 163
111 166
111 167
111 169
111 171
111 172
111 175
111 180
111 181
111 183
111 185
111 187
111 190
111 193
111 199
111 201
111 203
111 204
111 206
111 207
111 208
111 210
111 211
111 212
111 213
111 215
111 216
111 218
111 222
112 114
112 116
112 117
112 118
112 119
112 120
112 125
112 127
112 128
112 130
112 132
112 133
112 135
112 137
112 138
112 140
112 141
112 143
112 144
112 145
112 146
112 147
112 148
112 149
112 151
112 152
112 154
112 155
112 156
112 158
112 160
112 161
112 163
112 165
112 167
112 169
112 172
112 176
112 177
112 180
112 183
112 184
112 185
112 186
112 188
112 190
112 191
112 192
112 194
112 197
112 198
112 200
112 208
112 209
112 211
112 212
112 214
112 215
112 216
112 219
112 221
112 222
112 223
113 114
113 115
113 121
113 122
113 123
113 125
113 126
113 127
113 128
113 129
113 130
113 135
113 136
113 138
113 141
113 142
113 145
113 146
113 147
113 148
113 149
113 150
113 152
113 154
113 158
113 159
113 160
113 161
113 162
113 163
113 165
113 166
113 167
113 173
113 174
113 176
113 178
113 182
113 183
113 184
113 185
113 187
113 189
113 192
113 193
113 194
113 197
113 205
113 207
113 210
113 213
113 215
113 217
113 219
113 223
114 115
114 118
114 120
114 121
114 122
114 127
114 128
114 132
114 134
114 135
114 138
114 147
114 150
114 152
114 154
114 155
114 156
114 157
114 160
114 161
114 167
114 168
114 171
114 172
114 173
114 177
114 182
114 185
114 186
114 187
114 189
114 190
114 191
114 192
114 193
114 194
114 201
114 204
114 205
114 211
114 214
114 215
114 216
114 217
114 218
114 220
114 221
114 223
115 121
115 122
115 123
115 126
115 128
115 130
115 131
115 133
115 135
115 136
115 139
115 140
115 141
115 145
115 149
115 150
115 153
115 155
115 159
115 162
115 166
115 167
115 168
115 169
115 171
115 176
115 178
115 181
115 182
115 184
115 185
115 187
115 188
115 190
115 195
115 196
115 198
115 199
115 200
115 201
115 202
115 203
115 205
115 207
115 209
115 210
115 211
115 214
115 215
115 218
115 219
115 220
115 222
115 224
116 123
116 124
116 125
116 126
116 128
116 129
116 132
116 133
116 137
116 138
116 139
116 140
116 142
116 143
116 144
116 147
116 148
116 151
116 152
116 153
116 155
116 156
116 157
116 159
116 161
116 164
116 165
116 166
116 171
116 175
116 176
116 178
116 179
116 180
116 181
116 184
116 185
116 188
116 190
116 192
116 195
116 196
116 197
116 198
116 199
116 200
116 201
116 203
116 204
116 205
116 206
116 210
116 214
116 216
116 218
117 118
117 119
117 122
117 123
117 127
117 128
117 130
117 131
117 134
117 136
117 137
117 138
117 139
117 141
117 142
117 143
117 144
117 146
117 147
117 150
117 153
117 155
117 156
117 157
117 160
117 161
117 164
117 165
117 166
117 167
117 169
117 170
117 172
117 174
117 177
117 181
117 182
117 189
117 191
117 193
117 194
117 195
117 196
117 198
117 199
117 200
117 203
117 204
117 205
117 208
117 210
117 212
117 214
117 217
117 219
117 220
117 222
117 224
118 119
118 120
118 122
118 125
118 126
118 127
118 129
118 130
118 133
118 136
118 137
118 138
118 139
118 140
118 142
118 148
118 150
118 151
118 154
118 156
118 157
118 160
118 161
118 165
118 167
118 168
118 169
118 170
118 171
118 172
118 173
118 174
118 175
118 177
118 180
118 182
118 185
118 187
118 188
118 189
118 195
118 198
118 204
118 207
118 211
118 213
118 216
118 217
118 219
118 221
118 223
119 120
119 122
119 124
119 127
119 128
119 130
119 132
119 135
119 139
119 140
119 142
119 143
119 144
119 146
119 150
119 151
119 152
119 153
119 154
119 155
119 158
119 159
119 166
119 170
119 172
119 174
119 176
119 178
119 182
119 185
119 186
119 187
119 189
119 196
119 198
119 199
119 200
119 201
119 202
119 203
119 205
119 212
119 213
119 215
119 217
119 223
120 121
120 122
120 123
120 124
120 126
120 128
120 129
120 133
120 137
120 138
120 141
120 142
120 143
120 147
120 150
120 151
120 152
120 153
120 156
120 157
120 158
120 161
120 166
120 169
120 171
120 173
120 174
120 176
120 179
120 180
120 182
120 184
120 185
120 186
120 187
120 188
120 189
120 192
120 194
120 195
120 199
120 203
120 209
120 210
120 211
120 214
120 215
120 218
120 219
120 220
120 222
121 122
121 125
121 126
121 127
121 128
121 130
121 131
121 132
121 134
121 140
121 141
121 143
121 144
121 146
121 147
121 148
121 149
121 150
121 152
121 153
121 154
121 155
121 158
121 159
121 165
121 168
121 170
121 174
121 177
121 184
121 187
121 188
121 189
121 190
121 191
121 192
121 194
121 199
121 201
121 204
121 207
121 209
121 210
121 211
121 213
121 215
121 218
121 220
121 223
122 127
122 128
122 129
122 131
122 133
122 134
122 137
122 139
122 140
122 141
122 144
122 145
122 148
122 150
122 153
122 155
122 156
122 157
122 159
122 164
122 165
122 169
122 171
122 172
122 173
122 175
122 176
122 177
122 178
122 181
122 184
122 186
122 189
122 191
122 192
122 193
122 195
122 199
122 200
122 202
122 205
122 210
122 213
122 214
122 215
122 216
122 224
123 124
123 125
123 126
123 128
123 132
123 134
123 136
123 139
123 140
123 144
123 149
123 150
123 151
123 153
123 156
123 157
123 159
123 161
123 165
123 166
123 169
123 171
123 172
123 173
123 180
123 182
123 183
123 185
123 188
123 189
123 192
123 195
123 198
123 199
123 202
123 203
123 204
123 205
123 209
123 210
123 212
123 216
123 218
123 220
123 221
123 222
124 125
124 126
124 127
124 128
124 129
124 132
124 135
124 139
124 141
124 144
124 145
124 147
124 149
124 151
124 155
124 156
124 157
124 158
124 159
124 160
124 162
124 163
124 165
124 166
124 167
124 168
124 173
124 175
124 177
124 179
124 182
124 185
124 190
124 193
124 199
124 200
124 201
124 203
124 204
124 208
124 209
124 213
124 218
124 219
124 220
124 221
124 222
125 126
125 128
125 129
125 131
125 132
125 134
125 136
125 137
125 138
125 140
125 141
125 142
125 143
125 144
125 145
125 146
125 147
125 149
125 151
125 158
125 161
125 166
125 169
125 171
125 173
125 174
125 177
125 179
125 180
125 182
125 183
125 184
125 187
125 189
125 191
125 192
125 193
125 194
125 196
125 199
125 206
125 208
125 210
125 212
125 214
125 215
125 216
125 219
125 221
125 222
125 223
126 127
126 132
126 134
126 138
126 139
126 141
126 143
126 146
126 148
126 150
126 151
126 152
126 153
126 154
126 158
126 161
126 162
126 163
126 168
126 169
126 172
126 173
126 177
126 179
126 181
126 182
126 183
126 184
126 186
126 187
126 188
126 191
126 193
126 194
126 196
126 197
126 201
126 202
126 205
126 207
126 208
126 212
126 214
126 215
126 216
126 218
126 222
127 128
127 129
127 131
127 134
127 135
127 137
127 141
127 143
127 147
127 150
127 152
127 155
127 156
127 158
127 159
127 160
127 163
127 167
127 170
127 173
127 176
127 177
127 180
127 185
127 187
127 189
127 192
127 196
127 198
127 202
127 203
127 204
127 205
127 206
127 207
127 210
127 214
127 215
127 217
127 218
127 219
127 220
127 222
127 223
127 224
128 129
128 132
128 136
128 138
128 139
128 141
128 144
128 145
128 147
128 150
128 151
128 152
128 153
128 154
128 156
128 157
128 161
128 163
128 164
128 165
128 168
128 171
128 174
128 176
128 177
128 178
128 179
128 180
128 181
128 182
128 183
128 184
128 185
128 186
128 187
128 190
128 192
128 195
128 197
128 203
128 204
128 208
128 213
128 214
128 215
128 216
128 219
128 220
128 221
128 223
129 130
129 134
129 136
129 137
129 138
129 141
129 146
129 149
129 150
129 155
129 157
129 163
129 164
129 165
129 166
129 168
129 170
129 176
129 178
129 180
129 182
129 183
129 184
129 185
129 186
129 187
129 190
129 191
129 192
129 194
129 195
129 197
129 198
129 200
129 202
129 203
129 207
129 210
129 211
129 213
129 215
129 217
129 222
130 131
130 135
130 139
130 140
130 141
130 142
130 144
130 149
130 154
130 155
130 158
130 159
130 160
130 161
130 163
130 164
130 166
130 167
130 170
130 171
130 174
130 175
130 177
130 178
130 186
130 187
130 188
130 190
130 192
130 196
130 197
130 198
130 199
130 202
130 207
130 208
130 209
130 212
130 214
130 215
130 221
130 222
130 224
131 133
131 136
131 138
131 140
131 141
131 142
131 143
131 145
131 146
131 149
131 154
131 156
131 157
131 159
131 160
131 164
131 165
131 169
131 170
131 173
131 176
131 178
131 179
131 180
131 181
131 185
131 187
131 188
131 189
131 191
131 192
131 194
131 195
131 201
131 204
131 208
131 213
131 219
131 221
132 135
132 136
132 137
132 139
132 140
132 141
132 142
132 144
132 146
132 150
132 153
132 154
132 157
132 160
132 161
132 164
132 165
132 166
132 167
132 170
132 173
132 175
132 176
132 177
132 180
132 181
132 184
132 187
132 188
132 190
132 192
132 195
132 196
132 199
132 201
132 202
132 203
132 204
132 205
132 208
132 209
132 211
132 213
132 215
132 219
133 135
133 136
133 137
133 140
133 141
133 143
133 144
133 145
133 146
133 148
133 151
133 152
133 153
133 155
133 156
133 159
133 160
133 162
133 163
133 167
133 169
133 170
133 171
133 173
133 178
133 179
133 180
133 182
133 185
133 187
133 191
133 194
133 198
133 200
133 202
133 204
133 209
133 210
133 211
133 212
133 213
133 214
133 216
133 221
133 222
133 224
134 135
134 137
134 138
134 140
134 141
134 145
134 146
134 147
134 151
134 152
134 153
134 155
134 157
134 158
134 160
134 161
134 164
134 165
134 167
134 170
134 172
134 174
134 175
134 177
134 179
134 180
134 184
134 186
134 187
134 188
134 193
134 194
134 200
134 205
134 208
134 210
134 211
134 215
134 218
134 219
135 137
135 138
135 139
135 140
135 141
135 142
135 143
135 144
135 145
135 149
135 150
135 151
135 152
135 154
135 155
135 156
135 157
135 158
135 159
135 161
135 162
135 164
135 168
135 172
135 177
135 178
135 180
135 182
135 184
135 185
135 186
135 187
135 188
135 189
135 190
135 192
135 193
135 194
135 196
135 197
135 203
135 205
135 206
135 208
135 209
135 211
135 212
135 215
135 216
135 218
135 219
135 223
136 138
136 141
136 146
136 149
136 150
136 151
136 155
136 156
136 157
136 158
136 160
136 161
136 164
136 165
136 166
136 167
136 168
136 169
136 170
136 171
136 173
136 174
136 176
136 178
136 179
136 188
136 191
136 192
136 193
136 195
136 197
136 200
136 202
136 204
136 206
136 210
136 211
136 212
136 213
136 214
136 216
136 217
136 218
136 219
136 220
136 222
136 223
137 139
137 142
137 143
137 144
137 145
137 146
137 147
137 149
137 150
137 151
137 154
137 155
137 156
137 157
137 159
137 160
137 161
137 162
137 163
137 165
137 166
137 169
137 170
137 171
137 172
137 173
137 175
137 176
137 177
137 178
137 186
137 188
137 189
137 190
137 191
137 198
137 200
137 202
137 203
137 205
137 206
137 207
137 208
137 211
137 214
137 216
137 218
137 219
137 223
138 139
138 143
138 144
138 147
138 149
138 151
138 153
138 154
138 157
138 158
138 159
138 160
138 164
138 166
138 171
138 174
138 176
138 177
138 178
138 179
138 180
138 181
138 184
138 188
138 189
138 191
138 192
138 194
138 197
138 198
138 201
138 203
138 205
138 207
138 208
138 209
138 210
138 214
138 215
138 216
138 219
138 221
138 222
139 140
139 141
139 144
139 145
139 147
139 148
139 150
139 153
139 160
139 161
139 163
139 164
139 167
139 168
139 172
139 173
139 174
139 175
139 177
139 178
139 180
139 182
139 190
139 192
139 199
139 204
139 207
139 209
139 210
139 211
139 213
139 215
139 217
139 221
139 223
140 141
140 143
140 144
140 148
140 149
140 154
140 156
140 157
140 160
140 163
140 167
140 168
140 169
140 171
140 175
140 176
140 177
140 187
140 188
140 189
140 192
140 193
140 200
140 202
140 203
140 207
140 210
140 211
140 212
140 213
140 216
140 220
141 142
141 145
141 150
141 151
141 152
141 153
141 154
141 155
141 157
141 158
141 159
141 161
141 162
141 167
141 168
141 169
141 172
141 174
141 177
141 180
141 181
141 182
141 183
141 186
141 187
141 188
141 189
141 190
141 191
141 193
141 196
141 199
141 201
141 203
141 205
141 206
141 207
141 208
141 210
141 211
141 212
141 213
141 217
141 220
141 221
141 222
141 223
141 224
142 143
142 147
142 148
142 149
142 151
142 152
142 157
142 160
142 164
142 167
142 168
142 171
142 172
142 176
142 178
142 179
142 180
142 181
142 182
142 183
142 184
142 187
142 188
142 192
142 195
142 196
142 198
142 199
142 202
142 206
142 207
142 209
142 211
142 213
142 214
142 218
142 220
142 221
143 144
143 145
143 151
143 153
143 154
143 155
143 156
143 163
143 166
143 170
143 172
143 174
143 175
143 177
143 180
143 183
143 184
143 185
143 187
143 190
143 194
143 195
143 197
143 198
143 199
143 200
143 203
143 205
143 206
143 208
143 210
143 211
143 213
143 215
143 217
143 219
143 222
143 224
144 145
144 146
144 147
144 149
144 151
144 155
144 156
144 157
144 166
144 167
144 170
144 172
144 173
144 174
144 177
144 178
144 179
144 181
144 183
144 184
144 187
144 191
144 194
144 197
144 198
144 199
144 200
144 201
144 206
144 208
144 209
144 211
144 212
144 217
144 218
144 219
144 220
144 222
144 223
144 224
145 146
145 148
145 149
145 152
145 155
145 156
145 159
145 162
145 164
145 165
145 166
145 167
145 170
145 171
145 173
145 174
145 175
145 178
145 179
145 181
145 185
145 188
145 189
145 191
145 192
145 194
145 195
145 196
145 197
145 198
145 199
145 201
145 203
145 206
145 208
145 209
145 212
145 213
145 214
145 219
145 220
145 221
145 222
145 223
145 224
146 148
146 150
146 151
146 152
146 153
146 154
146 155
146 156
146 157
146 159
146 160
146 163
146 170
146 172
146 173
146 174
146 177
146 179
146 181
146 184
146 193
146 194
146 199
146 201
146 204
146 206
146 211
146 213
146 215
146 216
146 218
146 219
146 221
146 222
146 224
147 148
147 149
147 152
147 154
147 156
147 157
147 158
147 161
147 164
147 168
147 170
147 172
147 173
147 174
147 175
147 176
147 177
147 179
147 180
147 183
147 187
147 188
147 189
147 191
147 193
147 194
147 197
147 198
147 203
147 206
147 208
147 209
147 210
147 212
147 215
147 216
147 220
147 221
147 222
147 223
148 150
148 151
148 155
148 156
148 157
148 158
148 159
148 160
148 163
148 164
148 165
148 168
148 170
148 175
148 176
148 177
148 179
148 182
148 183
148 184
148 185
148 186
148 188
148 190
148 193
148 194
148 197
148 200
148 202
148 204
148 205
148 206
148 207
148 208
148 209
148 210
148 212
148 213
148 214
148 217
148 218
148 220
148 221
148 222
148 223
149 150
149 151
149 156
149 157
149 158
149 163
149 164
149 166
149 167
149 169
149 170
149 171
149 172
149 173
149 174
149 175
149 176
149 177
149 178
149 179
149 180
149 181
149 184
149 187
149 193
149 196
149 197
149 201
149 212
149 213
149 217
149 218
149 220
149 221
149 222
149 224
150 151
150 152
150 154
150 155
150 156
150 157
150 158
150 160
150 161
150 166
150 173
150 174
150 177
150 178
150 179
150 181
150 184
150 185
150 186
150 187
150 192
150 194
150 196
150 198
150 199
150 200
150 201
150 202
150 205
150 207
150 208
150 209
150 210
150 213
150 215
150 217
150 220
150 221
150 224
151 153
151 154
151 155
151 156
151 160
151 165
151 167
151 168
151 169
151 172
151 173
151 179
151 181
151 182
151 183
151 184
151 187
151 188
151 192
151 193
151 194
151 197
151 198
151 199
151 201
151 202
151 204
151 205
151 208
151 209
151 210
151 211
151 212
151 216
151 218
151 220
151 221
151 222
151 223
151 224
152 154
152 156
152 158
152 161
152 162
152 164
152 165
152 168
152 173
152 176
152 177
152 178
152 179
152 180
152 181
152 184
152 187
152 188
152 192
152 193
152 195
152 196
152 197
152 199
152 202
152 203
152 204
152 205
152 207
152 210
152 212
152 214
152 215
152 218
152 221
152 222
152 224
153 155
153 159
153 161
153 163
153 164
153 166
153 167
153 168
153 170
153 171
153 172
153 174
153 177
153 178
153 182
153 183
153 186
153 188
153 189
153 190
153 192
153 193
153 194
153 199
153 203
153 206
153 207
153 209
153 210
153 213
153 214
153 215
153 216
153 217
153 218
153 219
153 220
153 221
154 155
154 156
154 158
154 160
154 166
154 168
154 171
154 172
154 175
154 176
154 180
154 186
154 188
154 189
154 191
154 193
154 195
154 196
154 200
154 201
154 202
154 203
154 204
154 205
154 206
154 208
154 210
154 213
154 214
154 216
154 218
154 219
154 221
154 222
155 156
155 159
155 163
155 164
155 166
155 167
155 171
155 173
155 174
155 179
155 182
155 186
155 187
155 190
155 192
155 193
155 199
155 202
155 203
155 205
155 210
155 213
155 214
155 216
155 217
155 218
155 219
155 222
156 157
156 158
156 159
156 164
156 167
156 168
156 169
156 171
156 173
156 175
156 176
156 179
156 181
156 182
156 189
156 191
156 192
156 194
156 195
156 196
156 199
156 201
156 204
156 208
156 209
156 215
157 160
157 164
157 165
157 167
157 168
157 171
157 172
157 176
157 177
157 179
157 182
157 183
157 184
157 186
157 187
157 190
157 191
157 194
157 196
157 197
157 198
157 202
157 204
157 206
157 208
157 214
157 216
157 219
157 221
157 223
158 160
158 163
158 164
158 167
158 168
158 171
158 173
158 175
158 177
158 178
158 182
158 183
158 184
158 185
158 190
158 196
158 199
158 203
158 204
158 205
158 207
158 208
158 212
158 213
158 214
158 217
158 219
158 220
158 221
158 222
158 224
159 161
159 162
159 164
159 165
159 167
159 168
159 171
159 174
159 179
159 180
159 184
159 186
159 187
159 188
159 189
159 190
159 191
159 193
159 195
159 197
159 200
159 202
159 203
159 205
159 206
159 209
159 210
159 211
159 215
159 216
159 218
159 219
160 163
160 164
160 166
160 167
160 168
160 170
160 171
160 172
160 173
160 178
160 182
160 183
160 184
160 187
160 189
160 190
160 191
160 193
160 194
160 196
160 197
160 202
160 204
160 206
160 208
160 210
160 211
160 213
160 217
160 218
160 219
160 220
160 221
160 222
160 223
160 224
161 164
161 167
161 168
161 170
161 176
161 178
161 179
161 181
161 184
161 186
161 187
161 189
161 192
161 194
161 196
161 197
161 198
161 202
161 206
161 207
161 208
161 212
161 213
161 214
161 215
161 218
161 220
161 222
161 224
162 163
162 165
162 169
162 170
162 171
162 176
162 181
162 183
162 186
162 190
162 192
162 195
162 197
162 198
162 199
162 201
162 202
162 206
162 207
162 209
162 210
162 212
162 215
162 219
162 224
163 164
163 165
163 166
163 167
163 168
163 169
163 171
163 174
163 176
163 177
163 178
163 180
163 182
163 183
163 184
163 186
163 187
163 190
163 191
163 192
163 193
163 195
163 196
163 197
163 199
163 200
163 202
163 203
163 205
163 208
163 212
163 216
163 218
163 219
163 220
163 221
163 224
164 165
164 166
164 170
164 171
164 172
164 175
164 178
164 181
164 184
164 185
164 187
164 188
164 190
164 193
164 195
164 196
164 198
164 201
164 202
164 204
164 206
164 207
164 212
164 213
164 214
164 215
164 216
164 217
164 220
165 168
165 170
165 171
165 174
165 175
165 177
165 179
165 181
165 182
165 183
165 188
165 191
165 193
165 195
165 196
165 198
165 199
165 200
165 207
165 209
165 210
165 212
165 215
165 216
165 221
165 223
166 169
166 170
166 172
166 173
166 177
166 180
166 182
166 187
166 189
166 192
166 193
166 194
166 196
166 197
166 198
166 199
166 201
166 203
166 205
166 206
166 208
166 211
166 212
166 214
166 215
166 216
166 217
166 218
166 219
166 224
167 169
167 170
167 175
167 176
167 177
167 178
167 181
167 183
167 184
167 188
167 190
167 191
167 192
167 194
167 195
167 196
167 198
167 199
167 201
167 202
167 203
167 204
167 205
167 206
167 209
167 211
167 213
167 217
167 219
168 171
168 174
168 175
168 176
168 178
168 180
168 181
168 184
168 187
168 188
168 189
168 190
168 192
168 193
168 198
168 199
168 201
168 204
168 209
168 212
168 213
168 218
168 219
168 221
168 222
168 223
168 224
169 170
169 171
169 173
169 177
169 178
169 179
169 180
169 187
169 188
169 192
169 199
169 200
169 202
169 206
169 207
169 208
169 209
169 213
169 214
169 215
169 217
169 218
169 219
169 222
170 171
170 174
170 175
170 176
170 182
170 183
170 192
170 194
170 195
170 199
170 200
170 205
170 207
170 208
170 211
170 215
170 220
170 222
171 172
171 174
171 179
171 180
171 182
171 185
171 186
171 188
171 191
171 193
171 194
171 195
171 198
171 199
171 200
171 204
171 206
171 210
171 212
171 214
171 215
171 216
171 220
171 222
171 223
171 224
172 173
172 174
172 175
172 176
172 177
172 179
172 184
172 185
172 186
172 189
172 190
172 192
172 196
172 198
172 200
172 201
172 206
172 208
172 209
172 214
172 216
172 219
172 222
173 175
173 178
173 181
173 183
173 184
173 185
173 186
173 187
173 188
173 189
173 190
173 193
173 196
173 197
173 198
173 200
173 201
173 204
173 207
173 211
173 212
173 216
173 218
173 221
173 224
174 175
174 176
174 177
174 178
174 179
174 181
174 184
174 186
174 187
174 188
174 190
174 192
174 193
174 195
174 197
174 199
174 200
174 203
174 205
174 206
174 207
174 210
174 213
174 215
174 217
174 219
174 220
174 221
174 223
174 224
175 176
175 177
175 179
175 180
175 182
175 184
175 186
175 189
175 190
175 194
175 195
175 197
175 199
175 200
175 201
175 203
175 206
175 207
175 209
175 210
175 211
175 212
175 217
175 218
175 220
175 223
175 224
176 177
176 180
176 183
176 185
176 186
176 188
176 194
176 197
176 199
176 201
176 202
176 203
176 204
176 206
176 207
176 208
176 210
176 211
176 213
176 215
176 218
176 219
176 223
177 178
177 180
177 185
177 187
177 188
177 193
177 196
177 200
177 202
177 203
177 204
177 205
177 207
177 208
177 211
177 212
177 216
177 217
177 218
177 219
177 221
177 224
178 180
178 183
178 184
178 187
178 188
178 190
178 191
178 192
178 193
178 195
178 197
178 198
178 203
178 205
178 207
178 210
178 211
178 212
178 213
178 214
178 217
178 218
178 219
178 220
178 222
178 224
179 180
179 181
179 183
179 184
179 185
179 186
179 191
179 193
179 194
179 196
179 197
179 199
179 200
179 204
179 209
179 210
179 211
179 213
179 215
179 217
179 218
179 220
179 222
179 223
179 224
180 181
180 184
180 186
180 187
180 188
180 189
180 190
180 193
180 194
180 196
180 197
180 199
180 200
180 202
180 203
180 206
180 207
180 208
180 212
180 213
180 215
180 217
180 222
181 182
181 184
181 185
181 186
181 187
181 189
181 192
181 193
181 194
181 195
181 199
181 200
181 201
181 202
181 203
181 204
181 207
181 209
181 210
181 213
181 219
181 222
181 224
182 183
182 185
182 193
182 194
182 195
182 196
182 197
182 198
182 200
182 201
182 206
182 209
182 212
182 213
182 214
182 215
182 217
182 221
182 223
183 186
183 188
183 191
183 194
183 198
183 199
183 201
183 207
183 210
183 212
183 214
183 218
183 221
183 222
184 188
184 190
184 192
184 193
184 197
184 198
184 199
184 202
184 205
184 206
184 209
184 210
184 212
184 213
184 214
184 217
184 218
184 219
184 221
184 222
184 224
185 187
185 188
185 189
185 191
185 192
185 193
185 194
185 196
185 198
185 202
185 203
185 207
185 208
185 211
185 212
185 214
185 215
185 216
185 218
185 220
186 188
186 193
186 194
186 198
186 199
186 202
186 205
186 208
186 209
186 210
186 211
186 212
186 213
186 217
186 218
186 220
186 221
186 222
186 223
187 188
187 189
187 191
187 194
187 195
187 197
187 200
187 202
187 205
187 206
187 208
187 210
187 212
187 214
187 216
187 217
187 218
187 220
187 221
188 190
188 191
188 192
188 193
188 196
188 197
188 198
188 199
188 200
188 202
188 203
188 207
188 208
188 210
188 215
188 217
188 219
188 220
188 221
189 190
189 194
189 196
189 198
189 202
189 203
189 208
189 209
189 210
189 211
189 212
189 217
189 218
189 221
189 222
189 224
190 191
190 193
190 195
190 198
190 201
190 202
190 203
190 204
190 206
190 207
190 209
190 210
190 211
190 213
190 216
190 217
190 220
190 222
190 223
190 224
191 194
191 195
191 202
191 203
191 204
191 206
191 207
191 208
191 211
191 214
191 215
191 218
191 219
191 220
191 222
191 223
191 224
192 194
192 195
192 205
192 206
192 209
192 211
192 212
192 213
192 216
192 218
192 220
192 222
193 194
193 196
193 200
193 201
193 202
193 204
193 207
193 208
193 209
193 210
193 211
193 212
193 213
193 215
193 216
193 220
193 222
194 195
194 198
194 200
194 201
194 203
194 205
194 206
194 208
194 209
194 212
194 213
194 214
194 218
194 221
194 223
194 224
195 197
195 198
195 199
195 202
195 203
195 204
195 206
195 207
195 208
195 210
195 211
195 213
195 215
195 216
195 218
196 197
196 198
196 200
196 201
196 203
196 205
196 206
196 208
196 209
196 210
196 214
196 216
196 217
196 218
196 219
196 220
196 221
196 224
197 198
197 199
197 202
197 204
197 205
197 206
197 207
197 208
197 210
197 214
197 217
197 219
197 221
197 223
198 199
198 201
198 202
198 203
198 204
198 205
198 209
198 211
198 212
198 214
198 219
198 220
198 224
199 201
199 202
199 203
199 205
199 206
199 207
199 208
199 209
199 210
199 212
199 214
199 215
199 217
199 224
200 201
200 203
200 204
200 205
200 206
200 210
200 212
200 213
200 220
200 221
200 222
201 202
201 204
201 208
201 209
201 211
201 215
201 219
201 220
201 221
201 222
201 223
201 224
202 203
202 205
202 207
202 208
202 211
202 213
202 214
202 217
202 218
202 219
202 220
202 222
202 223
202 224
203 206
203 207
203 209
203 210
203 220
203 224
204 205
204 207
204 208
204 215
204 217
204 223
205 209
205 212
205 214
205 217
205 218
205 221
205 223
205 224
206 208
206 209
206 211
206 212
206 213
206 214
206 220
206 223
206 224
207 208
207 211
207 213
207 216
207 217
207 219
207 220
207 222
207 223
207 224
208 210
208 213
208 214
208 215
208 218
208 219
208 221
209 211
209 212
209 214
209 215
209 217
209 219
209 220
209 222
209 223
209 224
210 211
210 212
210 214
210 217
210 220
210 222
210 223
210 224
211 212
211 213
211 214
211 215
211 217
211 219
211 220
211 224
212 216
212 217
212 218
212 219
212 220
212 221
212 222
212 224
213 217
213 218
213 221
213 222
213 223
214 215
214 216
214 218
214 219
214 220
214 221
214 222
214 224
215 217
215 219
215 222
215 223
216 217
216 218
216 219
216 220
216 221
216 223
217 219
217 221
217 223
217 224
218 219
218 221
218 223
218 224
219 221
219 224
220 221
220 223
221 222
221 223
221 224
222 223
223 224
